,transcript_id,gene_id,gene_name,region.start,region.end,ORFs_pM,length,eff_length,est_counts,tpm,five_utr,TE,log2TE
0,ENST00000622503.4,ENSG00000187634.11,SAMD11,923928,944581,1.427470855656058,2557,3855.34,224.518,1.31205,GCAGATCCCTGCGGCGTTCGCGAGGGTGGGACGGGAAGCGGGCTGGGAAGTCGGGCCGAGGGAAAAGTCTGAAGACGCTT,1.0879698606425503,0.12163859105167256
1,ENST00000379370.6,ENSG00000188157.13,AGRN,1020123,1056118,25.34996383598697,7323,12009.3,930.088,1.74489,CCCGTCCCCGGCGCGGCCCGCGCGCTCCTCCGCCGCCTCTCGCCTGCGCC,14.52811571846189,3.860775693941206
2,ENST00000379198.3,ENSG00000176022.4,B3GALT6,1232265,1235041,55.8014960336054,2777,3906.28,921.0,5.312,CCGGCGCGGGCGCC,10.5047997051215,3.3929767493130996
3,ENST00000379031.9,ENSG00000169972.11,PUSL1,1308567,1311677,76.21246085665751,1287,1750.79,508.332,6.54145,GTGACCAGGCCGCGTCCGCGCGCGCGCAGGATTCCTGCGCTGGAGGCCGCCTCTGACGCCACCGGCTGGGCTCCGCC,11.650698370645271,3.542344530940221
4,ENST00000343938.8,ENSG00000224051.6,CPTP,1324756,1328897,18.187734810200716,2190,3462.91,298.611,1.94279,GAGGGCGGGGCGAGGGCGGGGCGGTGGGCGGGGACGGGGCCCGCACGGCGGCTACGGCCTAGGTGAGCGGCTCGGACTCGGCGGCCGCACCTGCCCAACCCAACCCGCACGGTCCGGAAGTCGCCGAGGGGCCGGGAGCGGGAGGGGACGTCGTCCTAGAGGGCCGGAGCGGGCGGGCGGCCGAGGACCCGGCTCCCGCGCAGGACGGAGCCGTGGCTCAGGTCGGCCCCTCCCCAACACCACCCCGGGCCTCCGCCCCTTCCTGGGCCTCTCGGTGGAGCAGGGACCCGAACCGGTGCCCATCCAGTCCGGTGCCATCTGAAGCCCCCTTCCCAGAAAATGAGCCACAGAGCAAGCTGACCCCAGCGACACAGCCCCCCAGCCCTACTGTATTTCCGTTCCTATCAAAAA,9.361657621359342,3.226764003140092
5,ENST00000308647.7,ENSG00000160072.19,ATAD3B,1471769,1497848,13.744491398740063,2448,3504.33,468.139,3.00976,CGCCTGCGCAGTGGTCCTGGCCACCGGCTCGCGGCGCGTGGAGGCTGCTCCCAGCCGCGCCCGAGTCAGACTCGGGTGGGGGTCCCGGCGGCGGTAGCGGCGGCGGCGGTGCGAGC,4.566640329707373,2.1911331669921252
6,ENST00000378756.7,ENSG00000197785.13,ATAD3A,1512151,1534687,56.84734770438695,2492,3626.52,1321.82,8.21191,GGCGCCTGCGCAGTGGCGGTGACCACCGGCTCGCGGCGCGTGGAGGCTGCTCCCAGCCGCGCGCGAGTCAGACTCGGGTGGGGGTCCCGGCGGCGGTAGCGGCGGCGGCGGTGCGAGC,6.922548798560499,2.791303318500923
7,ENST00000378567.7,ENSG00000067606.16,PRKCZ,2050470,2185395,11.079166343677796,2326,2888.95,445.044,3.47076,GCCCCGCGCGCCGCCGGAGTTCCGCGGAGTTGACCGGGTCGGCGCCGTCGGTCCTGAGCGCTGCCTTCCGCGTTCCGCCGCGGCCCCACCTGGAGCCCCCGCCCCGCGCCATGGCCGGAGCTCCCGGGGCGCAGCGCTGACGGCGGCGGGGGGAGCGCGCC,3.1921441827374397,1.6745258166675518
8,ENST00000378536.4,ENSG00000157933.9,SKI,2228695,2310119,20.514131794038686,5613,7741.67,1875.3,5.45754,CGGGGCGGCGGCGGGGGCCGGGGGGGCCCGGGCGCGCGGGAGCGGGAGCGGCCGGGGGAGCCGGAGCGCACC,3.7588605477996837,1.9102953929734359
9,ENST00000605895.5,ENSG00000157916.19,RER1,2391775,2405444,248.5909751229832,3044,3528.94,831.661,5.30963,CGGAGCGGAAGTGCTCGCTGCAGCTTCCCGGAGCCGGAGCGCAGCGCCTGCGGCCGCCCGTGCCCCGCCGTCCTCCTTCCCGCGGCCGTGAGGGAGACCGCGGCTCGGCCGTAGCGGAGCTGCGAGTTACAGA,46.818888533284465,5.549018780585646
10,ENST00000378344.6,ENSG00000158109.14,TPRG1L,3625002,3630127,19.572863639556488,2414,2843.9,458.333,3.63102,GGGTGGTGGCGGTGGCTGCGGCGACGGCGGTCGCGTCGGCGTCAGGGTCGGGGTCGGTAAGGGGTGCGGCA,5.390458780055326,2.4304080654719744
11,ENST00000377674.8,ENSG00000204859.12,ZBTB48,6580001,6589280,11.152378548389612,2293,3220.15,196.381,1.374,GGGTACGCATAGCCGGGCACTAGGTTCGTGGGCTGTGGAGGCGACGGAGCAGGGGGCCAGTGGGGCCAGCTCAGGGAGGACCTGCCTGGGAGCTTTCTCTTGCATACCCTCGCTTAGGCTGGCCGGGGTGTCACTTCTGCCTCCCTGCCCTCCAGACC,8.116723834344695,3.020897527693759
12,ENST00000377648.4,ENSG00000116273.5,PHF13,6613685,6624033,37.10567326207858,3681,4587.54,578.0,2.83864,AGTCGCCACCCAGACTACATTTCCCGACAGGCCTCCCGGCTCTCCCGCCCTCCCTCCCGAGACACGAGCCGAACTGGGCGTCAGGTCGGGGAGCCGGTCGGGTTCCCGCTCACCGCCGCCGCCGCCGCCCCCTGCAGCCACTCTCCCGCCTCTACCGCCGCGGGAGCTGCATCGTCCACTCCGGTCGGCGGTGGAACCGCCAGTCCGGGGTCACAGAGCTTGAGAAGCGACGCGCTGAGCCCCCCATCACCTCCAGCCCGGGCGACCCCTCCCGGGTCCGCCCTCGCCCTGCGCAGCCGCCCGAGCCCCCAGCCCCGGGCGGCCCCGCTCCAGCATCCCAGCTCCTGCACTCTCGCAGCCGCCGCCGCCCCCCGCCCGGAAC,13.071637566608864,3.70836798286358
13,ENST00000054650.8,ENSG00000041988.15,THAP3,6624866,6635586,31.275386263027887,1366,1630.51,192.844,2.66467,TTCCAGTTGTCCAAGCCTGTGAGTGGCTATGCGTCCTGGTTGGGTGCTCAAAGCAAGGAGGTGAAAGGCGACCAGCATTGGCGAATGGGGTCCCTCCCCTCTCCGCAGGCCCCGCCGCCGCCGCCATCTTTGTTGGGGGCAGCCAGGCCTGGCTCGAG,11.737057970791087,3.552998920467717
14,ENST00000473578.5,ENSG00000171735.18,CAMTA1,6785324,7769706,102.8982575523697,567,404.036,180.756,10.0794,GGCGGCGGTACGAGGCGCGCGCTCGGGGTCCCGGTCGCGAGGAGGAGGAGG,10.208768136235262,3.3517368855922784
15,ENST00000054666.10,ENSG00000049245.12,VAMP3,7771269,7781432,601.568548030637,2205,1843.59,1855.18,22.6717,AGTGACGTCTTTGCCCCGCGCCGCGCCGTCCCACCCATCTCCCTGGCCTCCGGTCCCAACTTCGCTTCTCTGCTGACCCTCTCTCGTCGCCGCTGCCGCCGCCGCAGCTGCCAAA,26.533896797798,4.729764661822976
16,ENST00000338639.9,ENSG00000116288.12,PARK7,7954291,7985505,1080.1964441683317,949,845.208,607.97,16.2062,GCAGTGTGGGGCTGAGGGAGGCCGGACGGCGCGCGTGCGTGCTGGCGTGCGTTCATTTTCAGCCTGGTGTGGGGTGAGTGGTACCCAACGGGCCGGGGCGCCGCGTCCGCAGGAAGAGGCGCGGGGTGCAGGCTTGTAAACATATAACATAAAA,66.6532835685313,6.0586040440403135
17,ENST00000302692.6,ENSG00000171612.6,SLC25A33,9539482,9585179,4.059402499332792,3854,3885.69,459.454,2.66401,GCGCCGCAGAGGCCGGTGAGGCGCCGGCGGCCACGCCGCGGAAGGCGCGGGCCGAGCAGAGCCGGGCGTTGGAGCCCGCGCGCGCATGGAGGCGTTGCCGGCAGCCCCCTGAGGGCAGCGGGGAGACAAGACCCGGCGACCTCGCGCATCCCTCGAGCCGCCACGCGCTCTCGCCACCGGGCGGCGACGGGCCGCGGAGCCGGCGCGGCC,1.5237940170392723,0.6076678958230576
19,ENST00000340381.10,ENSG00000188807.12,TMEM201,9588922,9614873,37.85232896554184,3776,5827.47,417.14,1.61274,CGGAGAGCC,23.470819205539538,4.552796292229645
20,ENST00000294435.7,ENSG00000162444.11,RBP7,9997206,10016020,12.523837036780488,636,414.215,67.2067,3.65552,GAGCCTCCGGCCGCCCGCCGGGTTTGTCCCGCGATCCCCGACC,3.4260069803421915,1.7765280908541374
21,ENST00000343090.10,ENSG00000130939.18,UBE4B,10032832,10181239,22.423994057254973,5267,5954.86,574.307,2.17287,CTCTCCTTCCTCCCGCCGTGGTCTCGAGAACAGAAGGATCTCTCCTTAACGCCTTTCACCATTAAGAGGAAAGCG,10.31998879696207,3.3673694995074404
22,ENST00000377093.8,ENSG00000054523.17,KIF1B,10210805,10381603,18.22672784951734,7565,7042.84,1050.69,3.36117,CCCGGCCCCCCGCGCCCCCGCGCGCCGCGGCTCCTGTTGACCCGGTCCGCCCGTCGGTCTGCAGCGCGGCTGAGGAAACTTGGCTGTAACTTCAAAAGAAGATTTGATTCTTTATTTCTGGACTGCATATATATATATAACAAGGCCATTAAA,5.422733110648179,2.4390201673253893
23,ENST00000270776.12,ENSG00000142657.20,PGD,10398592,10420144,319.39766366923084,1885,2090.03,4493.96,48.4439,GCGCGTCGCCGCTCTTCGGTTCTGCTCTGTCCGCCGCC,6.5931451363170765,2.720966840064482
24,ENST00000602787.6,ENSG00000251503.8,APITD1-CORT,10430102,10452153,7.697586372708647,571,388.382,22.9816,1.33316,GCCGCGGCGGGAAAATCCGACCTGGCCGCGCACCACCGCCCCTTCTCGGCCCTCCTGCGTTTGCCCAGGGTCGGCCCGCAGTG,5.773940391782418,2.5295562137526617
25,ENST00000477755.1,ENSG00000175279.21,APITD1,10430102,10452153,25.24872482812828,914,750.601,84.3826,2.53283,GAAGCGGTTCTAGGGGAGCGTGCGGGCGCCGGGGTCCGGCGGCGAGAGGCCACCTTCTGGCCTTGCGATGAATCCTCGGTTTCCCCTTCTCAGATGGGGTTTTCGTGAGGGTACAACGTCGGCATTAGACATTCCAGGTGACGCCCGTACGCGGTGGGCGGTTCGGGCCGGAGCTCTGGAACGCTGGCCCTGGAGGCGTCGACCCCTCGTTACTGATGCAGGGACGCGGTGCGGACCAGTCAGGCCCAGAGCTCGTCCTTAGATGTGGGTTCGAATCTCTGCCCCGCCAACTTGTGATCGTATCGACTCGGCCCAGACGCAATTTTCTTCTCTGCAAAATCGTCATAAGAATAATCACTTGTCAGGGTAGCTGCGGGCATCCCATTCGTTCCTTTCATCAGCGCCGGGCATATGGGGCGTCAGAGGCTGAGAACGTTGCCGTGAAGAGGCTTAAAAGCAAGACCCGGAGTGGCGACCTTAAAGAGGACGGACTGAAGAAACGCGGGA,9.968582505785339,3.3173883735037606
26,ENST00000356607.8,ENSG00000142655.12,PEX14,10472288,10630758,33.68473777104968,1985,2938.91,582.068,4.46221,AGTCTGGGCGGGAGGGCGAGAGCGAGGGCGCCTGGGAGAAACCTCGCCCAGCGGCGGTTGATTAGTCAGGCCTCAGAAAG,7.548891193164303,2.9162647520403775
29,ENST00000439080.6,ENSG00000120948.15,TARDBP,11012344,11030528,153.56605078121095,1388,1345.28,357.882,5.99363,CATTTTGTGGGAGCGAAGCGGTGGCTGGGCTGCGCTTGGGTCCGTCGCTGCTTCGGTGTCCCTGTCGGGCTTCCCAGCAGCGGCCTAGCGGGAAAAGTAAAAG,25.621543335376217,4.679285475142758
30,ENST00000376810.5,ENSG00000120942.13,UBIAD1,11273206,11296049,127.5099037823887,3646,4428.43,717.875,3.65226,GCGGGCCTCCAGAGGCCGGCGCACAAGATGGCGGCTCTGGCGGCCTAAAGAAGGCGGCCGCGGCTCAGCCGTGGGCTCTAACGCGGGGCTGGGGGCCGGAGACAGACTTCGCCCAGGTGACGGGTAGTAGGGGCGGCGCCGCTTGGCCTCGTGGGGTGTAAGACCCACTTGCTGTTGCCCCCGGACCTTGCCGCCACACCAGCCCTGTCCTGGGGCGGAACCGAAGGAAGGTCGGGCCCTGCTGCCCCGCCCCGTCCTTCCTCCTTCCCGGGCGGTCACTGTGCGTGGCTCACTTTTAGAGTTTACTTCAACCACGTGGAGCTTCC,34.91260309572394,5.125676023628035
32,ENST00000376762.8,ENSG00000132879.13,FBXO44,11654375,11663327,9.961237189688838,1734,2470.89,145.302,1.32489,GCTTGGGCGGCCCAACGGATCGTGCCGCGGCGGCCGAGCGCAGCTACAGGAGGGTGTCCAGAAGCCACAAGCC,7.518539040742128,2.910452352934443
34,ENST00000314340.9,ENSG00000177674.15,AGTRAP,11736084,11754802,34.92895820942336,1107,1380.92,171.072,2.79108,GGAGCCTAGGAGCCCCCCGCGGCTGCGGCGCAGGTGCCCTCGGCCTGAGTCGGG,12.514495539154506,3.645528231872182
35,ENST00000196061.4,ENSG00000083444.16,PLOD1,11934205,11975538,47.99205676073243,2940,4135.86,1193.6,6.50209,CGGCCGATCGTCCCCCATACCTCGGCC,7.381020065968394,2.883820212277242
36,ENST00000235332.5,ENSG00000116691.10,MIIP,12019466,12032045,18.48877077516043,1573,2143.23,281.875,2.96312,GACCAATCAAGACGGCCGGCCGAGGCCCCTGGAACGGCTCAGGCGGCTGCGGCTGCTACGGCGGCGCATGCTAGGGGATTCTGCCGGGTAGAAGAGCTGGGCCTGGAACCCAGCCCTGAGGACATCCTGCGGCCCAGGGGCAAGTGACACCTGCTGAGAGAGGCCCAGG,6.239629436256523,2.6414603517878996
37,ENST00000613099.4,ENSG00000048707.13,VPS13D,12230067,12512047,2.8866309837077777,16245,17817.9,920.626,1.1641,GGAGGAAACGCCGCGCAGCGCCGGGCTGGGGCGGGCGGCCCGGGACACCGACAGATTTTTCTGTGACCATGAAAGAGAGAAATAAAGAATGATCCATGATTTCTAAACACCTTTTCCTGAGGATATAGTC,2.4797104919747253,1.3101716947358775
38,ENST00000376057.8,ENSG00000162493.16,PDPN,13583465,13617957,5.012634091798264,2801,3037.99,263.175,1.95173,ACCTTGCGGCCGACCCCGCTCCCCCGCCTCCTCGGGAGAGATAA,2.5683030397638325,1.360815439286819
39,ENST00000375980.8,ENSG00000142634.12,EFHD2,15409895,15430343,55.84937575461911,2419,3519.86,565.849,3.6219,AGGAAGAGGAAGAGCGCGGCCGGCGGCGCTGCGCTGAGAGCAGGGGCCCGGCCAAGGCGAGTGCCGCGCGGGCCACC,15.419911028636657,3.9467225359564586
40,ENST00000480945.5,ENSG00000197312.11,DDI2,15617500,15669044,31.100843561703044,10625,9920.64,1822.44,4.1388,GAGGGCGGGAGGGAGTGACTCACTGAGCGTGTGTGAGGGAGGGAGCGAGCGAGCGAACGAGCAGCCGGCGCCGTCCTCCCGCAGCACCAGCCAGGCCACGCCGCCGCCTCTTCCCCTGCGCCCCGCGCCCAGGCCGGGCCGAGCCGAGCCGAGCCGGGTCGGGCCCGGGCC,7.5144591576551285,2.909669271986271
42,ENST00000375793.2,ENSG00000116786.11,PLEKHM2,15684332,15734769,5.436672370221368,4004,5975.24,733.367,2.76521,AGGCGAGGCGAGGGCCGGGCGGCGGGCGCCGGGCCCCGCGGCCGGCACGACGGAGCCCCCGTACGGCCGGCGGCAGCGGTTGGCGGCGGCCCCCGGCCCCCGGCGCGGGAAGCGGCGGCGGGGCGGCGGCGGCGGTGGCGGTGGCGGTGGCGGCGACGGTGGCAGCGCC,1.9660974646487492,0.9753348416582018
43,ENST00000375759.7,ENSG00000065526.10,SPEN,15847864,15940460,21.13273002307452,12232,14953.7,9725.43,14.6529,TGAGCTGCGAGGCCCGAGAGTCAGAACCTGGGGGAGAGGGATGGTCTCTGCACGGGGGGGAGCCGGAGGAGCCGCCGCCGCTGCCGACGCCACCGCCGCAGCCGCCGCCGCCGCCGCCCCGGCACCCGCCTCCCGGCGCTGACGGTCTCGTACGAAGCCGGCGAGGGGGAGCCAGCAGCGGCGGTCGCCGGCACGCCGCCCAGC,1.442221677829953,0.5282929322112557
46,ENST00000401089.3,ENSG00000055070.16,SZRD1,16352575,16398145,16.094815652408453,3447,5003.16,1523.0,6.85834,GGGGGTGGGGGAGGAGGGAAAGCGGCGAGTAAGATGGAAG,2.3467509123794463,1.2306647201969962
47,ENST00000337132.9,ENSG00000157191.19,NECAP2,16440672,16460078,44.50011283593293,2070,2448.39,842.873,7.7561,GAAACCTGGTCAGAGAGTCGCACCGCTTCCGTCCGTCGGACAGAGGAACGGTGGAAGTCGCCGGAAGTTCGGTGGGCTCCAGGCGTCGCG,5.737434127452319,2.5204056847716014
48,ENST00000330263.4,ENSG00000053372.4,MRTO4,19251539,19260128,211.77674474919027,2315,2893.89,2055.74,16.0047,TCCCGGCATGCACCGCGCCGCGGGCTCCGCCTCCGCGGGACCACAGAGCTGGGATAGCGCGCGAGGCCCTCGGTCGGACGGGACGCTCGGGATTCAGGGACTGCCTCGGCACACGGGAAGTTGCCCTACAGGCGCGGGAGAAAGCGCAGGCGGCGGCTTGGCAGGGAGAGGCAGGCTGCAGTGCACATTGGGTCAGGCACACGCGAGGGGCAGCCCCCGAGGGCCGTCCCAGAGTCCCCCGCGCCGCCGGGGTCCTAACGGGGTGCACCGTCTTCCGCCGCACGTGGATTCAGCGCG,13.232159599941909,3.725976635707503
49,ENST00000375155.7,ENSG00000040487.12,PQLC2,19312326,19329300,20.544931113753783,1805,2639.75,189.259,1.61532,AGAAGCTGGGCCCTGGCGGCGGATCTGGACGTGGCGGCCCGCGCCGGGCTGAGTCACCAGGAGGGAGCTGTGGCCGAGGACGCCGAGGCCTGGAGTGGGTGGTAGCCCCGAGCTGGGACGCTCCTCCCTCCACAATCTCCCCAGGTCTGCAGGGACCGAGGGCCTACACTGCCTCCTCCCACGCCGTGCTTAGGAACCCTTGCTGGCCTCAGAACACCAGCGCCCTCCCTCCGGTGCAGCCCTGCCTGGCCGGGGGCCCCTCCTCCACAGCC,12.718799441444284,3.6688905924264708
50,ENST00000375120.3,ENSG00000169914.5,OTUD3,19882513,19912945,9.382404607143975,6397,6185.73,637.457,2.32179,C,4.041022059335243,2.0147202269993967
51,ENST00000321556.4,ENSG00000158828.6,PINK1,20633455,20651511,38.99162824919828,2660,3476.72,847.676,5.49317,CGCAGAGGCACCGCCCCAAGTTTGTTGTGACCGGCGGGGGACGCCGGTGGTGGCGGCAGCGGCGGCTGCGGGGGCACCGGGCCGCGGCGCCACC,7.098201630242333,2.8274535559174785
52,ENST00000344548.7,ENSG00000070831.15,CDC42,22052627,22092946,133.72086245521652,2256,2055.47,4727.88,51.8223,GTCAGGTGCGTGCCCCTGTCCGGCAGCCGAGGAGACCCCGCGCAGTGCTGCCAACGCCCCGGTGGAGAAGCTGAGACGGAGTCTCACTGTGTTGCCCAGGCTGGAGTGCAGTGGCGCCATCTTGGCTCACTGCAGTGCGCCTCTGCCCCCCGAGTTCAAGCGATTCTCCTGCCTCAGGCTCCTGAGTAGCTGGGACTACAGGTCATCATCAGATTTGAAATATTTAAAGTGGATACAAAACTATTTCAGCA,2.5803729756343605,1.3675796126281923
53,ENST00000356634.7,ENSG00000004487.15,KDM1A,23019448,23083689,140.8671712653718,3033,3322.6,3049.66,20.6793,GGCGCGGCGGGAGCGCGCTTGGCGCGTGCGTACGCGACGGCGGTTGGCGGCGCGCGGGCAGCGTGAAGCGAGGCGAGGCAAGGCTTTTCGGACCCACGGAGCGACAGAGCGAGCGGCCCCTACGGCCGTCGGCGGCCCGGCGGCCCGAG,6.811989345160223,2.7680761784550154
55,ENST00000374550.7,ENSG00000142676.12,RPL11,23691779,23696425,1457.080572504258,634,480.061,19326.0,907.003,AAGGCCCTCGGCCGGAAGCTCCGCTTTCTCTTCCTGCTCTCCATC,1.6064782283016241,0.683901428905112
56,ENST00000246151.8,ENSG00000057757.9,PITHD1,23778405,23788232,100.0609275915766,1603,1674.46,941.686,12.6705,GCGCGGCGCGCTTAGTTGCCGGAGCTGAACGGCGCGGAGCTGGTCTGAGGCGAGCCGAGCCGAGCGAGCGCGGCGGTGGGGCCGAGAGGACGCGCAGGTGGCGGCGTTGCC,7.897156986036588,2.9813333697004087
57,ENST00000374514.7,ENSG00000011009.10,LYPLA2,23790970,23795539,10.538805825249003,1810,2489.98,556.242,5.03304,GTCTCGAATCTACAAGGTGGGAGCGGGTGAGAACCCAGCGACTGCGCGGCTGAATGACAGGGAGTAGCCCCGCCGCCTCCAACATGGCAGCTTCTATCCAGCGAAGCCGGGTCCCCGCTTCCGGGTTCCGTACTGTCGGCCAGGCTACTTCCGGCAGCGCGATGGCTGGGTTCCCGGGACTCGAACGGAAGTTCCGGCGGGGGCGGCCGAGGGGGAAGAGTGTGTCTGCGGGAGAAAGAGGAGAATCGCCCAAGCGGCCTCGGAAGTCCCAGGGAGTGGAGGCCCCCGCCGTGGAGCCGTGTGGTGT,2.0939245118753287,1.066209432571406
58,ENST00000334351.7,ENSG00000189266.11,PNRC2,23959109,23963462,9.361221253306615,2416,1765.72,2287.47,29.1874,CTGCCGACTCCATTTTGTCGGTAGAGGCAGAAGGAGAAGGTCGGGTTGTAGAAGCTGGGGTGGCCGGCAGCTCGCTCATCGGTGTTCGTGGGCTTTGTCGGTCCGTGCCTCGTCTCTCCCTGGAAAGGGAGGGAGGCTTCGACGTCGAGAGGGAGCCGCTGCCGCGTTAGTTCCGAGCTTGAAGTCACTAGGACTTCTCTCAAACTTGTGTGCTGAGGAGACTCAGATGTTGGCCTCAGCTCCTAGGCTGAACTCAGCAGATCGGCCCATGAAAACTTCTGTATTGAGACAAAGGAAGGGATCTGTCAGAAAGCAACACTTGTTATCTTGGGCTTGGCAGCAAGGAAGAGGACAGGTAGTGGAGATCCTGCAATCTGAAAAGCAGACTGAAAGGTGACAAAGAAGCTGAAG,0.320728165348973,-1.640577042557569
59,ENST00000323848.13,ENSG00000133226.16,SRRM1,24631716,24673267,40.68805065697092,4011,4198.49,3250.01,17.4402,AAAGGACTTGCAGGGCGGGGCGACTCGACGGCCTTCCCTTTTGCTCCCATTGGCTGCGGTCGTCAGGTTCGCCTCCTCCACTACCTACCGGGGAGTTTAGGGCCTGACAGAAGCCCGCCCCCGCTGGCGCTCGTGCGCACGCGTGGCGGGCTCTCGGCGCACTGAGCAGGCGCGGCCTCGTGTCGGCCGGAGGGGGCGGGCGCAACGACGCGCGCTGCGTCCCGGCGCTCGGCTTTCCCTCCGCCGGTCCCGCCCTCCGTCGCGGCGGCGCGGTGTACCCTGGGATAGGGAGCGATCTCCGAGCGAGGCGGCAAG,2.333003672949331,1.2221885786215612
61,ENST00000374379.8,ENSG00000169504.14,CLIC4,24745357,24844324,98.4802212263272,4346,3274.98,3815.0,26.2451,AAGCGGCTCGGGCTGCGGCTGGCTCAGAGTGGCGCGGGGGGCGTGGGGCGGTGCTGAGGAGCTGAAGCCGTGGCCAGCTCGACGCCGGACAGTCCAGCGAGCAGCACGGCGGGAACCGGCAGCCGGAGCAGTCCCGGAGCAGAAGCAGCAGCAGCAGCAGCAGCCCTCGCCGTTCGCGGAGCGCAGCCGAGCCGGCC,3.752327909831824,1.9077859081350192
62,ENST00000374358.4,ENSG00000183726.10,TMEM50A,25337917,25362361,190.1949531174565,2683,2662.89,1429.39,12.0937,AGAAAATAAACAAGACTAAAAAGTCCTGAGTAGCGCTGTGTGGCCGCAAACCTGAACCCACCTTTTGCACCACGCGGGACCCGGCACTCTTCCTGCCACCCACCCCTGAGAGGGCTGCGCGGCCGACCCCAGTACTAGAAAACACTCGTCACCTCACTCAAGACGGGTACGAAGGCCAACGGACGCCTTCCTTTAGAACGCTCAGCACACAGAGCAACTTCTCACGCCTACTCTCAAATGGCGTACTCCAAACTAGCACTCCCGACGTCCAGCTGTGAACCCAGAGCGGCGGAAAGCCCCTGAACCCAGCGCCCGGGCATGCGCAGACGCGTTGTTGTGGTGGGCGTGGCTCCCTCCGGACCCGGCGCCCCGCCCTCCGCCCCGTGTCCGCATGCGCGACTGAGCCGGGTGGATGGTACTGCTGCATCCGGGTGTCTGGAGGCTGTGGCCGTTTTGTTTTCTTGGCTAAAATCGGGGGAGTGAGGCGGGCCGGCGCGGCGCGACACCGGGCTCCGGAACCACTGCACGACGGGGCTGGACTGACCTGAAAAAA,15.726779489937446,3.975151362615735
63,ENST00000374343.4,ENSG00000204178.9,TMEM57,25430858,25500209,30.121791115492307,3917,3639.69,838.738,5.19187,GGAGGAGGCTCCGAGCCCCCCCTCCCCGTGCTACCCCCTCCCCCCGGGTGCTGGCTCCATGTCTGTGTGACCGGCCTCAGGGGTAGAGTCCAGGCCCGACGCGGGGCGGGCCAGCGGCGGCGGCAGCTGAGGTGAGAGACGGCGGCGGCGGCGCGGGCACCCGGCCCCCCAGCGGGAGG,5.801722908218485,2.5364813936942685
64,ENST00000374338.4,ENSG00000157978.11,LDLRAP1,25543580,25568886,12.46412144757448,2940,4018.18,634.179,3.55586,GCGGCGGAGCTGGCGCTGGGAGGGGAGGAGCGCGCAGCCCGCGCGCCGCAGGGCCGGGCGGAAAGTTTTTCCTGACGGAGTTTTGGCTGCGGCAGCGGCGGCGGCGGCCGGAGCGGGCC,3.505234021467234,1.8095107667293648
65,ENST00000374315.1,ENSG00000162430.16,SEPN1,25800176,25832942,32.60175071272302,4212,6216.72,1819.57,6.59431,GCTTCCCGGGCCGCCGGCAGCCGCCGCCAGCCGCAGCC,4.943921458457824,2.305655824068854
67,ENST00000374303.6,ENSG00000117640.17,MTFR1L,25800176,25832942,28.959881220914724,2004,2259.76,408.015,4.06795,GTGCGCAGCTGCGGAGGATCGCTTCCGGGGGGCGGGTCAGCGGAAGTGAGGGCGGTTGAGGCTGGGCGGCCCAAGGTGGAAGGAGGGGCCGTGAGGTGAGAGAGTCCGGGAGCCCGAGCTTGAGATGGCCTGATATGAAGGAGTCACGCCTCCCGCCTCCCGGAGCTGCCCAGTGGCTGCCTTGTCCTTCAAGTGCAGGAGCTGGTTCAA,7.1190356865041915,2.831681833253801
68,ENST00000619836.4,ENSG00000175087.9,PDIK1L,26111165,26125543,20.175700934284126,4252,3274.41,266.325,1.83248,AGATGATCGCACCCAGCCCCGCGCCGCCGCCGCCGCCGCCGTCTCCGCAACTGCACCGCCCGCAAACATGGCTCAGTGACTCGGAGAAAAGCTGCAGTCTCCCTCCCGGCGGGGCGGACGCCAGGCCTCCTTGGTCGGGCCGCACCTCCCCGCAGGCCCGCCAAAGAGCACCGCGCCCCGCAGGCACCCGAGACCCGCGCGGAAGATGCACCGGGCGTTCCACCCCAGCGAGCCCCGCACCCCAGCCCGCAGCTCGAAACCTCGACCTTGAAG,11.010052461300601,3.4607494380383184
69,ENST00000374266.6,ENSG00000142684.8,ZNF593,26169871,26170873,113.13341744502716,675,630.022,412.115,14.7375,GAGCCTGCCTAGCCCCCCGGCGTGGCCTGACGTAGCTGATCGGCCCGGAAGTGCTCACACGTGTGCTCCCTGCCCTGCTCCTGGCCCCTTGGCCGGCCGGGCTGTTTCTGGCC,7.67656776556588,2.9404614184476237
70,ENST00000476272.6,ENSG00000130695.13,CEP85,26234153,26279038,13.660137590033251,3507,4319.44,580.659,3.02869,GTGCAACGGCCGTTAGAGGAGCTGAGGGAGGGAACCACCGCTCACCGCAGACGTGGTGGCTGCAGTCAGTCTTCCCGAGTGAGGGATTTCGCCGCCCGCTTTCAGGCCCGTTTGGCTTAAATAACTGTGATTG,4.5102462087679,2.1732061905700615
72,ENST00000270792.9,ENSG00000142669.14,SH3BGRL3,26279176,26281522,112.69050150959052,1661,2244.49,695.61,6.98249,CCTGGACCAGGGGGACATCTGAGAAGCATGATGTTGAGTGCCAGACAGCTAGGTCTCCAAAGTTGGGCTCGTTGCTGGAGTCTGCCCCCTCAACCGCTGAATTCTTGCTGGGAGTAGTAGCAGTTTGGGAATGCCATCTGCAGCATGGAGCTGGGGTTGAGCTTGGACCACCCCAAGACCTGGGGTGGATCTTAAGGGTCAGCTTGAGCCTAGGCTCTCGAGTCCTGACATCATCCTCTACCGCCACGCTTTCCAGCTGTCAGCCTTGGTCTCCATCTGGTTCCTTGAGGGTGTGGCCTCTGCGTCCTGCTATCACCCTTCCTTGTCTAAACCTTCCCACCTGAGTGGAGAGGAACTTGGGGGAAAATCTCTAAGCATGGGCTCTTCCTGCTGTCCTATGCTTCCTATCCCCTAGGGTTAGTGGTGCGTGTTGGGTGGTGGAGCGAGGGATCCCTTGGAGCAAGGTTCTTAGAGAACTTTGGGTCTGAAAGCAGCTCAAACCTTCCAAAGCCCCAAGCTTCCCTGTGCTATTAGAGCACCTCCTCCTGGAGAGAGCGGCTCTCGTGGCTGGGGAGTTGGATGCACCAAACCTGTGTGCGGCTGGAGAGGGAGGCTTCTGCCAGACCCTCTCCCGGGCCTGTCCTGCCACCCAGGCCCCTCCCCAGTCTCACACTGAGCTCCAGATCAGGGAAGGGCCGAAAAGGACGATCAGGGCAGCCGCAGAAGGGGCGCCCTGCGTGGGACGGGTCCGTTGCGCGCCTGGTAACCGAGGGGGAAGGGAAGGGGCCTCTGGCGTGCGGGGCGGTGTCGCGCAGGTCCCACCCCGCCTGCCCGCGCCGCCCATTGGTCCCGAGCGCGATGACTTGGCGGGCGGAGCAGGAAGGAAACCGCTCCCGAGCACGGCGGCGGCGTCGTCTCCCGGCAGTGCAGCTGCCGCTACCGCCGCCCTCTGCCCGCCGGCCCGTCTGTCTACCCCCAGC,16.139013662689173,4.0124805057565265
73,ENST00000374185.7,ENSG00000117682.16,DHDDS,26432282,26471294,3.6549376801951103,1148,1018.16,45.4559,1.00586,GAAGCCGTGGGGACGCGCCCAGCGGAGCTAATCAGATTACCTGGCTGGTGTTTGCTTGTTCTGGAGTGATCTTCTGACTGGAAAAGAACT,3.633644523288639,1.861417288704277
74,ENST00000374168.6,ENSG00000117676.13,RPS6KA1,26529761,26575030,19.52109967456603,3186,4235.59,302.137,1.60714,CTAGTGCCGCGGCGGCGGCGGCGGACGGCCCAGCCGGAGCGCGAGGGGCTCGGGGGGGCGCGGCGGTTCGGGTCGCAGAGCCAGGGACCCCAGGACCCGGGAGGCGGCGCAGCCGGGGCCGCCGGAGGAGCGCGGGTGACCTGGCGGCGGCGAG,12.14648361347862,3.6024668113810945
75,ENST00000324856.11,ENSG00000117713.18,ARID1A,26693236,26782104,11.345035109164709,8577,12213.7,847.136,1.56267,GAAAGCGGAGAGTCACAGCGGGGCCAGGCCCTGGGGAGCGGAGCCTCCACCGCCCCCCTCATTCCCAGGCAAGGGCTTGGGGGGAATGAGCCGGGAGAGCCGGGTCCCGAGCCTACAGAGCCGGGAGCAGCTGAGCCGCCGGCGCCTCGGCCGCCGCCGCCGCCTCCTCCTCCTCCGCCGCCGCCAGCCCGGAGCCTGAGCCGGCGGGGCGGGGGGGAGAGGAGCGAGCGCAGCGCAGCAGCGGAGCCCCGCGAGGCCCGCCCGGGCGGGTGGGGAGGGCAGCCCGGGGGACTGGGCCCCGGGGCGGGGTGGGAGGGGGGGAGAAGACGAAGACAGGGCCGGGTCTCTCCGCGGACGAGACAGCGGGGATC,7.260032578320892,2.859976022115866
76,ENST00000078527.8,ENSG00000060642.10,PIGV,26787472,26798398,3.176855227450242,2367,2766.84,124.551,1.01421,GTCCCCGCCGGGGAGGTCGGGACGGGCAGGGGCTGAGGACCCCGCGCCAGCTTGGGAGCCCTGGAGTTCTGGCGGGAGGGAAGCTGTCAAATGGAAGCCGGTAGAAATGAGACAGACGCCCGGAGAAGCGGGGAGCCCCGCCCCTCCGCCATAGCAGCCTCGGGCGCCGCCTCTTCCTTTCCAGCCTCCCGCCCTCGTCTGCTTCCGGCCCTGTGGCCTGGTGGGGCTCTGCAGGCTCCCTCGGGAGTGGTCCTTGGGCCGTGGCCCCTCTGGGAGGCCTGAGGGAGCTCAATCCTGGTAGCAACACCCCTGAATTCCTGGTGGTGAAAGG,3.132344610534546,1.6472429420541812
77,ENST00000374142.8,ENSG00000204160.11,ZDHHC18,26826710,26857602,15.51563116710437,5020,7712.91,528.693,1.54435,GCGCGCGCCGCCGCTGCCACCTCCGCTGCTCGGCCCGGTCCCGGAGTGGCCCGGCCGGCCCGCGGGGCGCGGAGCCGAGGCCCGCGGCTGGCTGC,10.046706489529168,3.328650729628723
78,ENST00000321265.9,ENSG00000090273.13,NUDC,26900238,26946862,287.52437928234764,1800,2114.75,2878.72,30.6691,GTGTTTCCGGCTCCGCTGCGGAAGGCGGACGACTAGAGTCGTTGGGCCCGGCGCGACCCGCAGGAGCGTAGAGAGCGCGGGACTAGAGTGCAGAGCTCCGGGACGTGGATCGGAGCCGGCGCG,9.37505108667511,3.228826552073697
79,ENST00000522111.2,ENSG00000253368.3,TRNP1,26993707,27000898,17.155365821037677,1958,2434.99,263.203,2.43532,GCCGTGTCTAGCTGTTCGGGTGTGCTGTGGTCATCCTCCCTGCGCACCTACAGCCGCAGACCGCCGGTGGGGGGCGGGGG,7.044399019856806,2.8164766308704974
80,ENST00000447062.2,ENSG00000142784.15,WDTC1,27234516,27308633,1.8630281648547693,3115,4353.84,264.928,1.37093,AGAAAAG,1.3589520725746531,0.44249457613609844
81,ENST00000464720.5,ENSG00000186501.14,TMEM222,27322145,27336400,8.822384332770277,1665,2393.4,118.507,1.11555,CCCCGCCCAGGATGGCGGAAGTGGAGGCGCCGACGGCGGCCGAGACGGAC,7.908551237300235,2.9834134324736867
82,ENST00000373954.10,ENSG00000009780.15,FAM76A,27725979,27763122,7.543508659102867,3567,3145.22,313.595,2.24636,GCCGCAGCCAGCAGCCTGCAGCCGCCGCCGGGTTGTGCCTCAGACTGTCAGATAAATCGGCGGGCCGGGCCGGCGGGTCGGTGAGCGCGGCCCGGGCCGGAC,3.3581031798566863,1.7476465586789554
83,ENST00000373943.8,ENSG00000117758.13,STX12,27773183,27824452,63.32579144026103,3079,2626.6,1037.42,8.89865,GCACGCAGCCTTAGCTCCTTCCCCGCCCTTGCTCTTCCCAGTTTCTCCGTCAGCCTGCGGGTCCCGGCTGGCGGCTGCTTCCGGTAGGAGAGCGGTGTAGAGCGAGCAGGTCTCAGCTCCTCGTC,7.116336909560554,2.8311348138999453
84,ENST00000311772.9,ENSG00000117751.17,PPP1R8,27830778,27851676,64.88529076918705,2344,2522.75,1004.94,8.97486,CGGTCTTCCAGTTTCCCGGCGTGCTTAGGGCGCGCCAAATGGGAGGGGGAGACGCAAG,7.229671634898712,2.8539301227695777
85,ENST00000373884.5,ENSG00000158156.7,XKR8,27959462,27968096,6.473813835948731,2692,3991.37,198.0,1.11765,ATTCCCTTCCGTATGGAAATGAGGTTAACTCATTTGCAGGAACCTAACGCCCGCCCTCCCCCGACTCGGATCGCTGGCGTGAACCCAGCGGCCCCGTGCTCTCCGGGTATCCCTGGATCGAGGCGCACGCGTTGTTGCAAAGTCTCGCACTTAGGGATTAGAATGTGCCTTTGCGTTTCGTTTTGTTTTGCAACAATACAGGTGTGAGGGATCGCAGCCCTGGTCCAGGCTCTAGTCTCCCCGCCCTCTCGCTTTCTTGGGCCTCCGGGCGCCTCAAAGGTAAAACTAGGCCATTTGAAGCCTGCGAAGCGAAGGGCAGTCGGTCTTCAGGCCTAGCGGGCTTGGCTGGGCTGGGTCGGTGGACCCCTGGGCTGGCGGCGGGAGCAGAGCATCGAGCGGCTTTTAGCTGGGGTTCGGGCGGAGGACCTGGGACAACCGCGGGCCTCGCTCCTCCCCGGACGGGGCGGGACGGGGAAGTCCCGCCCACCAGGCCCAGGCCCCGGGCCGCCCCGAGGGCTGCGCCCACCTCCTTCCTGCCTCGGCAACCCCGGGCCCTGAGGGCAGGCCCCAACCGCGGAGGAGCAGGAGAGGGCGGAGGCCGGCGGGCC,5.792344504942273,2.5341474105687807
86,ENST00000335514.9,ENSG00000130770.17,ATPIF1,28236109,28246906,764.4897666819746,494,284.763,1314.92,104.035,CGAGAGACTGCTTGCTGCGGCAGAGACGCCAGAGGTGCAGCTCCAGCAGCA,7.348390125265292,2.8774282210117224
88,ENST00000253063.3,ENSG00000130766.4,SESN2,28259527,28282491,26.11638964434248,3453,4903.2,991.0,4.55361,TCCGCGGCGGGGATGCTGAGGAGCGCTGGGTCCGGGAGCAGCCCTGGCCCCTGCGGACTTCCGAGGCCGTGAAAACCCCTGCGCTGCGGCCCTTCCCAGGCCCCCGAGGCCGTTCGCCGTTCCCGAAGCCCGACTGGGGGAAGAGTCCAGCACCAAAGCGGCCGTTCTCGGATTCCGGAGCGTTCTGGAGCCCCGAGAGACGCCCCGGGGTTCTAGAAGCTCCCCGGCGGCGCCCAGTCCCGGCTTCATTCGGGCGTCCCTCCGAAACCCACTCGGGTGCACGGGTCGTCGGCGAGCCGCGACCGGGTCCTGGCGCGCACC,5.735315418830879,2.5198728307345357
89,ENST00000373842.8,ENSG00000130772.13,MED18,28329002,28335967,67.22208293875586,1833,1953.99,267.023,3.07885,GAAGTTGGCTGGTTGCACCGATCTGGGGGCTTCCCGGGCTCGGGTAACCGGAGTGCTGGTATCTAATCGTCGCTCAAAAGCTCCTAGGTGCGCGGGTGGATATAATTCCCGGCTTCTCGAGAAGACACTACAGCCTCAAGGAGGTATATCCCGTGCCTTACCTGACTGGGGGCTCTGAGTCCAGTTGTGTTGTCTTCAACTTAGACACC,21.833503723388883,4.448471759744338
90,ENST00000373839.7,ENSG00000204138.12,PHACTR4,28369582,28500369,22.143047137104286,6190,6826.81,1189.71,3.9263,CCCGCCATTTTGTTCAGCTTGCCGGGCAACCGGCCCCTGCTGGGGACTACAAGTCCCGTAAGCCTCCGCGGCGGCACGTCCTACCCTACACTGTCCAGCCGGCTCCCTTTTTCCCCCTCCCCGGGGGCCAAGGGCTCCGGCTGCTGCCTGGCGGCCAACGGGCCAGGTAGGATTTCCGGGAGAGGCTGCTGTGGAGGCTGAGGAGGCGGCGGCGGAGATCTGGAAACAGTATCTCACCTCCCTAAACTGGTTAATAGTGGC,5.639672754782947,2.495611451852987
91,ENST00000373830.4,ENSG00000180098.9,TRNAU1AP,28553085,28578545,33.79415109495377,1799,1853.89,207.615,2.52312,GCAAAGCCCCACCCCGGTGCGCGGGT,13.393794625286855,3.743492846551503
92,ENST00000373816.5,ENSG00000162419.12,GMEB1,28668732,28719353,6.946176102020834,6410,6830.74,319.194,1.05281,AAGCCCGGCCTGGCGGCGGCGGTGGCGGTAGCTGCCGTGGCGGCCTCTGCGCATGCTCCGTCGCCTGCCCGCCCTGGCCGCTCGCCGCCCGCCCGCCCGACGGAGACGCAGTCCCAGCTATCTGACTTCATGTGAAAG,6.5977489784679415,2.72197388938987
93,ENST00000542507.5,ENSG00000198492.15,YTHDF2,28736621,28769775,93.07499126759828,2825,2893.15,766.031,5.96537,AGTCTTTCCAGGTGTTAGTCGAAACCTCGTGGTGCGACCCTGGTCGTCCCAAACCCCCTAGGCCTTAATCCTGGGGCGGTGGGGGCGGGGAGGCCGTGAGCACGGCTTCCGCTCCTCCAATCCGCCAGAGGGCGCAGCGGCCGGCCTCTCCCTTCCCGGGGTTCTTCGCGCCGGGCCCCTTCCGCGTGGACGGGGCTCATCTGCCGCCGCCGCCGCGCTGAGGAGAGTTCGCCGCCGTCGCCGCCCGTGAGGATCTGAGAGCC,15.602551269677871,3.9637100472549167
94,ENST00000373797.1,ENSG00000159023.19,EPB41,28887091,29120046,10.27022668813785,2402,2185.23,202.724,2.09011,CGGGAGGGCGCGCGCCAGGGTCGCTCGCTCGCTCCCTCCCTCCGCTGGTGCGTTTAGTCAGTCAGCCAGCAGCAGCCGGCGGGCCCGCGAGCCGCAGAGGGCCCGAGCCTCGGACGCCGGCGCCTCCTCCTGCCATTGTTCGTCGGGCTGCAGCAGTGGCGGGCGCAGGAGCCCGGCCCCGGAGCCACCGCAACATC,4.913725444181335,2.2968172489528373
95,ENST00000373779.7,ENSG00000060656.19,PTPRU,29236516,29326813,6.406016335091045,5579,8164.69,475.268,1.31148,GGCGCCAGTCCCGCTCCGCGCCGCGCCGCTCCGCTCCGGCTCGGGCTCCGGCTCGCCTCGGGCTGGGCTCGGGCTCCGGGGGCGGCGTCCCCCGCGCCGGGCCCCGGGACGGGCGGCGACGCTCCAACC,4.884570359510663,2.288231670184919
97,ENST00000344147.9,ENSG00000121766.15,ZCCHC17,31296982,31364953,14.542233510309734,1605,1658.16,560.068,7.60987,CTTGTGGGTGGAAACGCGCTGGCTGACTGGGGTCGGCGTTTAGTTCAGCGCAGCGACTCGGGGACCTGGAGCTGACGCCTAGACACTTGTATTAGCTTTAATAGAAGAGAAATGGAGGAGCCATAGAATATTAAGG,1.9109700310661988,0.9343051533173579
98,ENST00000373709.7,ENSG00000168528.11,SERINC2,31409565,31434680,5.59103833361831,1997,2981.49,142.187,1.07445,CGAGCGCCGCCGGAAAGCGTCGAGCGGCTTCGGTAGGTGGGGCGGGGCCGGGGCGGGGCCGGGGCCGGGGAGGGGCCAGGCCCGGCACCCGGATCCCGAGGTCCGCGCCCCGCGCCCGGCGCCGGGCGCCCGAAGCCGGGAGCCGCCGCC,5.203628213149342,2.379517888610932
99,ENST00000327300.11,ENSG00000121774.17,KHDRBS1,32013829,32060850,454.0986545048159,2757,2720.19,3638.99,30.14,GCTGGCTGCGCACGCGCGCCGCCTCATTTCCGGTGCTCTCTCTCGCTGGGTCGCTCGGGTCGGCTTCGGTCGCTACCGCTCCCGCTCTGCCACCCCCGCCAACCGCCGCTCGGGCCTCCGTCGCTGCCGCGTCGCTTTCTCGCTCCTTGGATCGCACATCCTCCCAG,15.066312359151157,3.9132544400120324
100,ENST00000336294.9,ENSG00000121775.17,TMEM39B,32072031,32102866,13.856787262280855,1813,2207.66,111.809,1.14106,GTATGCAAATGTAGCGGCGCGGCGGGAGCGCGCGGCTGATACCCGGGACTGGGCTGCGGCGGTTAGTCCTCTCCCGGCCGCCGTCGCCTCCGACATATTGCCCGCAGGAGCTGCGGCGGCGAAGCGGAGAGCACCGGGGGGAGGAG,12.143784956339593,3.602146243555641
101,ENST00000373625.7,ENSG00000025800.13,KPNA6,32108038,32176568,84.4858256508624,7378,8586.94,3289.52,8.6309,CCGTCCTACAGATCCGCCATATTGTCTACTGAAAGCTGCCGCTGAAGCTGCCGCCGTTGCCTCCGCCGCCAAGAGTGAGCGAGCGGACCCGCG,9.78876196582771,3.291126406437248
102,ENST00000373610.7,ENSG00000084652.15,TXLNA,32179686,32198285,89.95163441936036,4854,6269.0,2198.85,7.90239,GAGGCGGGAGCAGGCGGCTGGCCGGCAGCAGTTACTCGGGGTTTCCGGTGCGAGGCCAGAGGTGGGGAAGCCATCGGACGTCGGCGGTGAGGATCTTCTCCTGACCCAGCATCGCTCATCACA,11.382839168828717,3.508788542155493
103,ENST00000373602.9,ENSG00000160050.14,CCDC28B,32200386,32205387,39.57045335719439,1089,1317.6,104.885,1.79347,AAAGCCACCACCATTTTGTAAGGAACTGTAGCTTCTCTCTGAAACTGCCGGGAAAGGGAAAATCTTTTTAAAATAGACATCACACAACCAACAGGGTCCCCTAGGTTCAGGCGGGGAGGTGAGGTCGAGTGAGAGGAACTGCTTAGCATACGCGGGGATGCTCCTCCCATCTCACCCCACCGCGCTAAGGAGAAGGTCACTTTCTCTTTAAATGCAAATGAACTCCCTCCAGCTTAGCTTTCACCCGGTGGTGTTCCCGGGAGGAGAGGGCGGAGGGCGGAGGGAACTTGCACCGAAGCATCACTCGAGACCCCAAACCTCCAGGCCTGAGGCCCAGCCAGCGCCCA,22.063627134657615,4.463598076162728
104,ENST00000291358.10,ENSG00000160051.11,IQCC,32205661,32208687,3.040824547565807,2027,2457.89,225.924,2.07091,CGGGCCTGGCAGTTGGCGCCC,1.4683518586349997,0.5541977201445663
105,ENST00000373586.1,ENSG00000084623.11,EIF3I,32221928,32231604,687.0344345971625,1458,1385.73,4662.28,75.802,ATAATCCGGAAGTGACCTCGAAACCTTTTCCGGTCTTACTCACGTTGCGGCCTTCCTCGCGTCACAGCCGGG,9.063539677015942,3.1800745907976093
106,ENST00000373548.7,ENSG00000116478.11,HDAC1,32292086,32333635,184.7957867178577,2124,2201.54,2860.56,29.2743,CTCCCCCCTGGGTCGGACGCTGAGCGGAGCCGCGGGCGGGAGGGCGGACGGACCGACTGACGGTAGGGACGGGAGGCGAGCAAG,6.312560393172773,2.658225285288678
107,ENST00000316459.4,ENSG00000160062.14,ZBTB8A,32465057,32605939,5.533707646880172,1943,1437.37,94.3937,1.47958,CAAATACCTTTTGTTTCTCTCACGTTGGGGCTACTTGTTTTAGGGCGCAAAGGAACGGCCTCGAAAGGGGGTCCTTCCCCAGCCGAGAACCAGGAATCTTCCCTCGGCCCGCGCGCGCGACCGGCCGGTGCGCCGCGGCCCGCGGACAATCCTCCAAACACAGACTGTTTGACTTAGAATCTTCCCTTTTTTACTCCATTCAAGAGCAGCATTCATAAATTTCCAGA,3.740053019694895,1.9030587221740656
109,ENST00000373493.9,ENSG00000162521.18,RBBP4,32651142,32686211,185.14457226464805,7943,7504.04,2562.72,7.69427,GCTCCCATTGGCTGATGTTGGCGCGAAGGTGCGCGAGTCAGCCCTCGCGCTGGGGGCGCAGGAAACAATAGAGGCCGCGCGCACAGAGCGAGCTCTTGCAGCCTCCCCGCCCCTCCCGCAACGCTCGACCCCAGGATTCCCCCGGCTCGCCTGCCCGCC,24.062656010855875,4.588723989363394
110,ENST00000401073.6,ENSG00000162522.10,KIAA1522,32741885,32774970,8.838537674199024,5438,8404.95,398.089,1.0671,GCGGCCGCCCCCGGCATGGGCACCGCGCCGCAGGGGGCCTGACCCGCCGCCCGCTCCGCCCCCGCCTGCC,8.282764196606713,3.0501123169063957
112,ENST00000373475.9,ENSG00000116497.17,S100PBP,32816767,32858879,14.352511481006855,4322,4085.78,451.371,2.48897,ACTGCTGGTTTGCCCTCCCCCTGGTGTTGGCCCGGCTGACTCGGGGTAGGGGAGGTCGGGGAGGGGGCGATAAAATGGCGCAGGGGGCGGAGTGAGGCGCAGTCGTTCGCCCAGGCTTTGGCCCGGCTTCCGGAGGAAGGTGGGAGTCAATCATTTTGACAAGTCTCCTGAAAGGAACAGCTAGCAGGAACTGAAACCTTTTTCCATTTGGTCTCGTGGCAAAGGCAGAGATTGCTCCAGCAGCTCCACACAAA,5.766446152829023,2.5276824631895702
113,ENST00000314607.10,ENSG00000146463.11,ZMYM4,35268967,35422058,20.82833772711464,6994,6450.24,3237.12,11.3069,AGTGTGGGCGGGGGCCGGGGGGCCGAGAGGTACCGCCGCCACCGCGCGGGGAGCCGCAGCGGTTCCGAGCGGGGCCCAAC,1.8420909114889703,0.8813442635561639
114,ENST00000356090.8,ENSG00000020129.15,NCDN,35557473,35567274,26.43278582388016,3433,5292.67,467.779,1.99126,AGCCAGGAGTGGGCAACGCGGCGTGAGCAGCGGCCCGAGGCTCCCGGAGCATCGCGCTGGGAGAAGACTTCGCCGCTCGGGGCCGCAGCCTGTGTGATCTCATCGCCGCCCTGTCGTGACTTCATCA,13.274402048893744,3.730574970566519
115,ENST00000373210.3,ENSG00000134698.10,AGO4,35808172,35857890,2.823922502572066,7116,7205.9,566.631,1.77163,GCGGCGGCGGCGGCGGCGGCGGCGGGGATTGTTTTTGTTGTCGCTGAGGCCGGAAGAGCCGGAGCCGGGTCCCTGTCCCCGGGCCGGGCGCCGCCGCCGCCCCCTGCCCAGCGCCCGCGTCTCCGCGGCGCCACCCCAGCGCCAATATTCCGGAGATCAAGCGTTACGCGGCGGCGGCGGCGGCGGCGGCGGGGCCCGGAGCGGGAGGCGCCGGGGACCGGGGCGAGGCGGCCCCCGCCGCCGCC,1.5939685501894107,0.6726231645019216
116,ENST00000373204.5,ENSG00000092847.11,AGO1,35869808,35930528,12.236019410916157,13708,15197.5,1418.98,2.10361,ACTGGCAGCTGGCCGGGCGCTCGCAGTGGGAGCTGCTGCAGGCTCCGCGGCGGCGGCAACGGAGGCTGCGGGGGCGGCGGCGCGAGCGGCCGGGCTTGGTAGGGGAGCCGAGCCCGGCCCGGGATCCCGAGCAGCGAGAGTGTGGGGTACCTAGGCCCCTCACGCTGGACTTCACAGTCTCCGGGCCGCCTGACCTCCGCACGGGTATATGGG,5.816676765615373,2.5401951354189967
117,ENST00000373191.8,ENSG00000126070.19,AGO3,35930718,36072500,6.867669845884482,19687,17379.9,835.383,1.08293,CGGCGAGCTTCCGGGGCGGCCCCGGGCAGGTCGGCGGCGGCGGCCCGCAGTCGTGGAGGAGCGGTGGGAGCGTCGGCGGCCGCGGGCGATGCAACTTCCGGACGGGACTCCCCTCTGTCCGCGCCTCACATCTCCCCTTCCTCTCGCCTAGTCCTGTGCCGTTTTCCGTCCGCGACTCTTCCGGCCCAGAGCTTTCGGAGTGCGGTTGCTCAGGGGAAGCCGTCGCCGCCCCCGCCTCGGGGCCGAGTGAGAGTGCCCGTCGCGTCGCGCCGCGTCGCCCCCCGGGCCGCCTCCTTGCCGCCAGTGGCGGGCTCCGTTCTCCCTCGAAGCACTCCCCCCAGCTCCATGA,6.341748631845532,2.664880694411646
118,ENST00000373178.4,ENSG00000116863.10,ADPRHL2,36088875,36093932,39.07928530207808,1668,2128.8,440.0,4.65672,CACCGGAAGTGGCGAGCAGTCTGCGCGCGG,8.392019554982493,3.069018039669637
119,ENST00000373151.6,ENSG00000116871.15,MAP7D1,36155579,36180849,19.791417345092498,3324,5214.84,334.303,1.44431,GGGTTCGCGACCGCAGCCGAGAGACCCCGGGCGACCGGCACCTCCGAGACTCGCGGGCCACCTGCCTCGACCTTCCCCGGAGCGCCCCCGCCTCCGAGTCGCTACTTGCCGGGCCGGGCCGGGCCGGGCGTGATGCGCCGCGGGACCCCTGTCCTGGCCACTGGCCGCCGCCGCCGCCGCCGCTGAGACCCCGAGACCCCCAGTGACGCCGCAGCC,13.703025905167518,3.776422599485804
120,ENST00000354618.9,ENSG00000054118.13,THRAP3,36224416,36305357,60.00792635614096,4432,4958.55,2249.28,10.22,GGAGACGCTGGGCGCGCTGTGGGGCGGGGGCGAGGTTCGGGCTGGTTGTTCCGTTGCGAGCTGCAGCTGCGATCTCTGTGGTAGGCCCAGAAGTGTATGCTGACTTGTAAAGTGAAGAAGCCAGTGGTGCTGCGGGTGTTCTTTTGGGGTAGTGTCTGGGATCCAGTACGAGTTGAATCATTGTTCAAATAAGGTGTAATTGAAAAGTGATCCTCTCTTCAGAG,5.8716170602877655,2.5537578804360708
121,ENST00000373055.5,ENSG00000134690.10,CDCA8,37692418,37709719,94.77706042029796,2469,2912.34,1142.76,8.84047,GGGCCGGCAGGAACTTGCTTGTGATTGGATGTTGTGGGACGGCGGCTTCTCATTCGTCAGCCTGTGACTGTGGAGTTTGAATTGGGTGGCGGTTGACTGTAGAGCCGCTCTCTCTCACTGGCACAGCGAGGTTTTGCTCAGCCCTTGTCTCGGGACCGCAGGTACGTGCCTGGCGACTTCTTCGGGTGGTCCCCGTCCGCCCTCCTCGTCCCTACCCAGTTTCTTGCTTCCCTGCCCCATCTCCGCCGCTCCCCGCAGCCTCCGCCGAGCGCC,10.720816927188029,3.422342938360097
122,ENST00000373045.10,ENSG00000185090.14,MANEAL,37793802,37801137,53.88149748003997,2685,3702.1,390.153,2.37437,CCTCTCTCCCGCGCTCCGGAAGGCCTGCGTCCCCGCTCCCCAGCCAGGCGCCACCACCTGCCGCCCAGGCAGCCAGGCGACTCTTCTTTCGCGGGTCACGCGGCCTGACTCAGGCCCCTGCTCCTGTGGCCCCGAAACTCGCCGTTCGCTGGGCCTTGCGTTGCACTCGGCGTGCAGTTCCCCCTCGGCTCGCGGCCACTTGGTCCGCGCCGCCTGCGTCCTGTGTGCCGAGCCCGCCCGCACTGCGGGGACAGGCCGGGCGCCGCCCACGCCGCGCTCTGCCGGGCGCACAGTCTGCCTGGGAAGCGCGCGGCCGGGCGGGCGGCCATGGCGCGGCACGCTGGGAGGTAGCGCGGCGGCTGCAGGAGCGCACAGTCGGCC,22.692965915185912,4.504173272936688
124,ENST00000373042.4,ENSG00000197982.13,C1orf122,37806979,37809454,67.30666986305609,973,1295.72,252.962,4.39851,GCCCTCATCCCCCTGCACCGACGCGCCGGAGACATCCGCCCAGGCCCGCTTCCGGGAGGAAGTGACGCTCCCAGCCAGCTTCCGGTCCAGGAGACTCGGCCCCGCCTCTGCGCCGGGCAGCTTAAAGGGACCACGACCCCCAGGAGGATTGAAGGAGACCGGTGGGGACGGGGCGGGGCGCAGCCTTGCGAAGCCCTAACGCAGCGCTGGGGAGGGGGGCGGCCGAAAGGGGGGCGGTGGTCGGGCCGCGCAAGCGGAG,15.302152288628669,3.9356626809916206
125,ENST00000373014.4,ENSG00000183520.11,UTP11,38009258,38024824,235.630458064677,2019,1659.36,1227.15,16.6617,TGGCGGCAGAGGCAGTGCGGATCCGGCGTTCTCCACTGATCTTTTCCAAGGCTGTACAGAC,14.142041812340697,3.821918524785647
126,ENST00000432648.7,ENSG00000174574.15,AKIRIN1,38991223,39006059,247.2148742279888,2741,2406.56,1586.32,14.851,GATGGTGTGCGCCCGTGACGTCACAGAAGGCGGGGCCAGCGCCGCTGCCGGGTGCTGGAGGCGCCATTGGAGCCGGCTTGGCTGGCGAGCCCGGCTGAGGAGCCTCTTGGGCCGCACTTACCGCCGCGTCCGCTCCCGGTCCCTGGCCCCTCAGCGGC,16.64634531196477,4.057133564732905
128,ENST00000372967.3,ENSG00000168653.10,NDUFS5,39026318,39034636,893.2015231610503,544,309.403,973.204,70.8666,ATCCTTTACGGCAGGCGTCCGCGTCGCTAGCTAGTCGTTCTGAAGCGGCGGCCAGAGAAGAGTCAAGGGCACGAGCATCGGCC,12.60398443217327,3.6558079724100154
129,ENST00000530275.2,ENSG00000127603.23,MACF1,39081316,39487177,3.718968111130615,7410,8908.35,762.43,1.92825,GAGCACTTCCAGCGAGCTAGCGAGCTAGCGGGTCGCGCTGCGCGGGGGAGGAGGACTCGCCCCCCGCCCGACCCTAGCGGAGCCTTTTGTTCCCAGCCAGAAGTTTGCATGCCGGGACCGTGACAGCTGCGGGCGGGGAGGACGGCGGGGCCGCGGGGCCAGCGGCGTGGTGGAGAATAGAGGCGGCTGCTTGTCATGCAGCCCACGGCGTGGCGGCTGCGGGCCGGGGACTGGCGGCGGCGGGCGAGGCGGCGCCCACAGCACTCGGGACTCAGCTGCCGGAGGGACAAACTAACTTCCTGAGCGCGGGACCTGAGGCTGGCGCGGCCGGGAGCCACCTGCAGCCTGCGGTGAGGCGACCCTGGCCCTCGGGGCGCGCGGCATGGCGCGGGGAAGCGGGCCGTGCTGAGCGAGCCCCTCCGACAGACCCGCGGCCGCTGCTGCTGCCCGCCCGCCCGCCTGCCTTTCCGAAGGCCTGGCGCGGGGCTCCGCTCGCCTTGTTTTGCAGCTACAGCGCAGGGTTGGCCTGGGAGCCACAACAATGCCATGATGTTTTGGAGACAGGAAGCCCCAAGCTGGCCCCGAATGAAGGACTTCCTGTGTTTAAAGTTGCAGGAATATCCGCCGACCAGCCCAGTTCAAATGCAAACACCCCAGCTAGGGAGGACGAATGGCTAATTCAGACCAGCTGGACTCTCCAGGGCTGGAACTGAGGATAAAATGAAAGGAATTCTTAGGAGCTTGGGCCATACTTGAAGACTAGAGAGGCTGTGCCATTGTTATTAAAGGATACAATCGGCATAAATTTGCTGCTCCCAACTCTGCTTCGGTGAGAAGTGAGTGGAACTAGATATCGAAAAAGACTCGTCAATATCAGATGATTTTTGTTGACTGTATTTGAAAGAGCAGTGCTCTTAAAAAAAATTAAACCATAAGCCATACAAGGAATTATTTTAAATTATATCGTCTGTCAACCATGAGGCTGCTAGCCTGTGAGGAAAAAGCTGTTTGTCTTAGAGCTTCTCCCAGAATGGTTTCAAAACGGAACTTCCAGGCCTTTCTGGAGGGCAGATGCAATTGGTGGTTTGGGGTATGAACAGCTAAAAGGATTTATAACTTATGTAGAATGCATTTGGGGGGAACCTGTGAAAAATACTTTTGAAAGATTGATGGTTCATCTTGATTGAAAAAGG,1.9286752812812733,0.9476102664976264
130,ENST00000324379.9,ENSG00000084072.16,PPIE,39692182,39763914,86.96471534452402,1277,1367.5,493.753,8.13474,GGAAAAGCGCGCGAGCAAG,10.69053409752789,3.4182620265806105
131,ENST00000372811.9,ENSG00000168389.17,MFSD2A,39955112,39969968,19.292570314575087,2154,2538.04,209.235,1.85737,GAGGGGGCGTGCAGCAGAGTGCGTTCCTCGTCTGCCAGCCGGCTTGGCTAGCGCGCGGCGGCCGTGGCTAAGGCTGCTACGAAGCGAGCTTGGGAGGAGCAGCGGCCTGCGGGGCAGAGGAGCATCCCGTCTACCAGGTCCCAAGCGGCGTGGCCCGCGGGTC,10.38703667797751,3.3767122207598113
132,ENST00000372797.7,ENSG00000131236.16,CAP1,40040233,40072649,115.89790715938877,3105,3311.15,208.771,1.42054,GCGGAGCGTGGCCTCGATCACCACCGAGAGCTGACGGCCGCCCGGATTCCCGCCCTCAGAGAATCCTGGCCCCCAGTCGTTCCAAGACCCTTTACGGACTGCAGCTTAAAGGAACCGGCCTCTGCCATTGAGACCAAACTGACAGAGGAACTGGTCACTCTTCTGTTCTTTCCAGAGAGGAGCTTAGCCAGGGACTTCTGCCCTTCCTGGGCCCGGGCCTCGGGGGCGATTCCGGGTAGGTAAAGCGGAACGAGGGCGTGGCCTCTCTTGTGAGCCCGCCCTCCCCGTGTCGCTCCCGCCTTGAGGGCGGGGCTCTTTCCCAAGTGCCCTCTGTGAGAGCCGGGCCGCTCTCTCCGGGGCGTGGCGAAGAGGGGCGGAGTCACGAGCGGGGCGGTGAGACTTCCTGCCCAGTCGCGGGCCAGCCTAGCGCTTCAGCCGGCGGCTCATTTCCGGTGGGGGCGCCGCGCCCAGTGAGGGCCCGGAAGTGGGTCGCGCGGAGATTGCTGGGCGGTTCTTGCCGGAAGCGGAGAGCGGCTGATCGCAGTCCGGAGGTGGTCCATT,81.58721835315357,6.350271248764614
133,ENST00000372771.4,ENSG00000117000.8,RLF,40161373,40240921,10.379811434782534,6246,5346.08,1076.0,4.5346,GCCTACGCGCTGGTGGGCCGTGGGAAG,2.2890247066516416,1.1947330347465643
134,ENST00000372759.3,ENSG00000084073.8,ZMPSTE24,40258107,40294184,182.620815371252,3108,2286.28,1582.9,15.5987,CTGTGACACTGCCAGCAGCGCGCAGAGGGAGGGATGGGGGCGGGTATCGGCGTAGGGGCCCTCGGAAAGAACGGATATTGCTGTGACACCGCGGGGACGCTCTGAAGGGACGAGTGTCGGTGTGGCACCGGTGCACGCTGAAGGAGCCGGCGGAACCGGGTGGCC,11.70743814364351,3.5493535104520357
135,ENST00000372718.7,ENSG00000084070.11,SMAP2,40344850,40423326,34.63488407435879,2939,3729.22,499.906,3.02018,GGGGAGGAAGAGCTGCCGGAAGTAGGCGGTGGAGGTGGTAGCGGAGCTGACGGCAGCTGCCAGGGAAACCGAGGCGCGGGACGCAAGGCCAGCAGACAGGCCGGCCAGAGGGTCATCTGCGTCCGGCACCCAGGAGGCTCGTGGTCCGCCTTTGCCTGGGCTGAGGGTCTCTGGCCCCGCAGCCTCTCTTGGAGGCGGGCCTGTCCCTAAGCCCGCCAAGGGGCGCCGCGCCGAGGGGCTGCGGAGTGGGGGACGGACGCCCCCGACCCGGGAAGGGGCGTCCGGCGGGGCCGGAGGAGAGGGCTCTCCCCGCTCAGGAGGTGCCCCTGGGCGGGGGACCGGGAGTCCTCAACCCCGGACTGAGGCAGGGGTCTCTGGGGGCGAGGAGGGCGCGTCGCCCTCTGCCCCCGCCGGCACCCTGGCC,11.467821147864958,3.5195194044824847
136,ENST00000372699.7,ENSG00000117010.15,ZNF684,40531561,40548169,6.222582616007469,2097,1434.55,83.7278,1.31497,ATGGGAAATGTGGTCTCCGACGGATGGCCTACACCCGGGAGGAGTCCAGGAACTCTAGGTGGACAGTTACTTCCGCACACGCGTAGTAGGACGGTAGCCGGTATTCAATCTTCAAATCAGCGCCGCGGGAAGTGCGGGCGGGTGTTGCTCCCCTGTCTCTGGACGACGCTGTGACTGATCCCAGGCTTGGAGCCGGAGCTGCGAGCGAGGCAGTGAAAGGGTGGCAGATTTCTGTGTAAGAGCTGCAGAAA,4.732109946240195,2.2424835937649368
137,ENST00000372652.5,ENSG00000066136.20,NFYC,40691648,40771603,53.08626664793832,2363,2759.06,175.192,1.43059,CAGGGCTTCATTGGAGCCTCGGAGTTTTTCACTGAGGCAGGGGTCAGCTGAAAGACAAAGAAAAATGGCGAATAGTTTGTTGGGGGGTGGGAGGACAGCTGTTCGGGTTTTCAGTGGAGTGGACATTCCAGACTCATGTTTCTGCATCTCCTGCTGCCTTTTGTTTCCTCCGTCCTTTGGGGGGTAGGGATAGGAGTGACTTAAATTCTCCCAGTCGGTGGAGGTATAAATAACTACATGTAAAATTAATGCAGTTCCCGTTGTCGAG,37.107953115804186,5.213656518689656
138,ENST00000372621.8,ENSG00000171793.13,CTPS1,40979335,41012565,143.81882632401323,3201,3680.27,1928.71,11.8072,TCCCTCGCCCGGAGGCAGAGATGCGCTGGCGCATCACCGCCAGGAGCCCACAGTGAAAGACCATCGGATGGAAGGCGACGCCCAGAACTCCAGGAGACCGCTGTGGGAGGACGCGAGGCCAGGTGACGAATAGGCCAGGCGTGAGTTCCCAAACAGCCTCCTCCCCTTCAAGAGAGTAAGCTTGGGCCACAGGCTGGGACGGAAGCAGAGGGGCAGACACGCCACCACCCGCCCGGCCTCGAACCTACGGCGGCACAGTTCAGCGGAGGCGGCCCAGCGGTCCTGTCCCGCGCCTGCGCACTCCAGGCCCCGCCCCGCCCCGCGCCCTCCAGGCCCGGCCCGCCCTCCAACCTCTGCGTGCGCACAGCCTAGAGCCCGCCTCCGTGAAAGACTGCCGGGCGCATGCGGTCGGGGTTGTTCACTGGCTGTCCGGGGCTCCGCGCGCGTCGCCGGCCCAGCTCTGTCGCTGACGGGAGGATCTGAAGCCGGCCGCAGGTCAAAGAGTAAA,12.180603896267804,3.6065137565842407
139,ENST00000372561.3,ENSG00000127125.8,PPCS,42456117,42654664,15.962471106162976,1431,1387.36,135.728,2.20415,GCTGCAG,7.242007624781879,2.856389695763167
140,ENST00000304979.7,ENSG00000171960.10,PPIH,42658425,42676758,150.6366095294002,752,607.149,818.369,30.368,CTTCTGCTTCCGGGTCGGAGCC,4.960373074598269,2.3104486312233967
141,ENST00000321358.11,ENSG00000065978.18,YBX1,42682427,42702349,33.89375607295194,1514,1641.06,29184.9,400.678,AGTTCGATCGGTAGCGGGAGCGGAGAGCGGACCCCAGAGAGCCCTGAGCAGCCCCACCGCCGCCGCCGGCCTAGTTACCATCACACCCCGGGAGGAGCCGCAGCTGCCGCAGCCGGCCCCAGTCACCATCACCGCAACC,0.08459100842310269,-3.5633518691340873
142,ENST00000372525.5,ENSG00000164008.14,C1orf50,42767269,42816619,14.835330371745126,996,931.923,78.5479,1.89896,CCTACTCGCACAGCCCAGGGAGTGGGGAGGATAAGGCGCTGTC,7.812344847571896,2.965755633159842
143,ENST00000310955.10,ENSG00000117399.13,CDC20,43358955,43363203,135.41691062583516,1675,2079.88,2558.74,27.7172,GAGGCGTAAGCCAGGCGTGTTAAAGCCGGTCGGAACTGCTCCGGAGGGCACGGGCTCCGTAGGCACCAACTGCAAGGACCCCTCCCCCTGCGGGCGCTCCC,4.885663437354248,2.2885544829289355
144,ENST00000438120.5,ENSG00000142949.16,PTPRF,43525187,43623666,29.6351145304963,6377,9614.05,1275.87,2.98995,GCGGTGGCGGCGGCAGAGGCGGCGGCTCCAGCTTCGGCTCCGGCTCGGGCTCGGGCTCCGGCTCCGGCTCCGGCTCCGGCTCCAGCTCGGGTGGCGGTGGCGGGAGCGGGACCAGGTGGAGGCGGCGGCGGCAGAGGAGTGGGAGCAGCGGCCCTAGCGGCTTGCGGGGGGACATGCGGACCGACGGCCCCTGGATAGGCGGAAGGAGTGGAGGCCCTGGTGCCCGGCCCTTGGTGCTGAGTATCCAGCAAGAGTGACCGGGGTGAAGAAGCAAAGACTCGGTTGATTGTCCTGGGCTGTGGCTGGCTGTGGAGCTAGAGCCCTGG,9.91157528737815,3.309114369084551
145,ENST00000372396.3,ENSG00000066135.12,KDM4A,43650158,43705515,33.26121926690804,4474,5208.72,1286.78,5.5659,GGAGTTTCGGCCTTCGCCTGCTGGAAAAGCAGTAGGATCGGCCAGTGGCGACAGCAGGAGCTGAGCCTAAGCCCTGGCGGGGCTTTGGGCTGTAGATTCCTGTCTGACTAAAGGGACCTCAAAAAGGAGGGAAA,5.97589235647569,2.5791541611496775
146,ENST00000372343.7,ENSG00000117408.10,IPO13,43946939,43968022,9.145696159548503,3894,5603.89,857.556,3.44775,CGGCCGGCCTGGCTTGTCTTGTCAGTCACTGGGGCGGAGGCAGCGGCTGTAGCGGGGCTGTAGCCGGGCGTTGAGCACAGCGCGGGCCAGGCCGAACGGAAGGGACCTGCCACAGCCCCTCAACTCCACGGACTCTTCGCCCTAGACTAGCGGAGCTGCATCTCCGCGCTTCGTTGGACGCCTCCGTAACCACGAAGGGCTCTCTCTCTCCCGTGACCCTCCAGCCCCATGACCTGTTCATAGCAGCCGAGAGCTCACCCAGGCGGGGGTGTTGTGGGTACAGGCCATCGACCCTGTGACCCCTCAAGAGCCAGGGACTCGGTTTCCCCCGCAGGCCTCCCTCCCCTGTGACTCCCTCCACACAGATTCTGGGGACAGAGCTGTTACCTGCCACTAGGATCCCCGCCTGAGAGCTCCTCACTGACGGCTCCCTCCTCGGAGTCCCCTTCATTGGGTCTCCTAAGAGCACCAATTTTGGTCTCTGGCAAGCCTCCCACCCCCAAACGAGGTGGGGAGGCCTCGGCAGCCATGCCCGCCCTGGGCCCCCCCTCACCCCACCACTCCCTGGGCACCCAAGCCGGGGTCTAGCAGGGGGCCAGCAGCCAAGGGGCTGGGGCAGGAGACAGATCAGGGCCCACCTCCCTGCCAGGGAGGGAGCAAAG,2.6526564163725626,1.4074378235139209
147,ENST00000255108.7,ENSG00000132768.13,DPH2,43970000,43973369,20.236828402688666,2472,3405.31,993.573,6.57363,AGAAACAGTAGTTAGGATGGCTGAAGGGGATACTCACCGGCTGAAGGCCGACTGTGATTCCCCCTACCCCCACAAGGCGATTTTGACCCCCTGAGGGCTGCTCTAGAGGACTCAGGCCCCGAAGCTGTCCCAGGGAGGTCCCCGCTGCATCCCACCACCCAAGCTGTGCCTC,3.078486072792151,1.6222210417512635
148,ENST00000472174.6,ENSG00000117410.13,ATP6V0B,43974487,43978295,257.01711903398,1298,1538.54,445.433,6.52283,ACAGGCTAGGACGCACGGCTGCCAGAGAGGACGCCTTAGGGGCCCGCGAGCAGGCTCGGGAATAAAACAGGGCTGGCAGGGCGAGGTGGAGAGACTCGAGAAGGACCGGCCAGATGTCGAAGTTCCTAGAGAGGAGGGCGCCCAAGCCTCCGCCGAGACGCGTGACTACAACTACCACAATCCCCAGCGCCTGCGGTTCCAGCGTCGCCTTGCTCTAGACGGGCGGCGGCGCTGCGCGGGGAACCGGCGTGGGGTCACGTGGTACCGGCGCATCACGTGGGCGAGTTAGGTGACGCTGCGGGGCGGGCGGACAGACTGCGGGACGGACGGTGGACGCTGGGACGCGTTTGTAGCTCCGGCCCCGCCGTTCCGACCCCCGCCGCCGTCGCCGCC,39.402700826785306,5.300222616342268
149,ENST00000372324.5,ENSG00000117411.16,B4GALT2,43978943,43991170,9.70066789725532,2203,3218.31,292.76,2.04949,CCGGGCCTGCCCCTCCGAGGCGCCGTAGCGCGGGAGGGAGGCGGCGGCGCTGTGGTCCGTGGGTCCGCCGGTCCGTGGGTCTGCCCGGCCGCCCGGCCCCGCCCTGCCCCCCGGGGCGGCTCGGCTCCATGGCCCGCGGCGGCGGCGGCGGCGGCGGCGGCGGGAGGCGACCCGGGGGCCGCGGTGGCCGCTGACCGGGCGGCGGGAGGCGGCGGGGCCGGGCCATGGGGGACGGAACCGTCCGCAGCCGCCGGAGCCGGGAGCCCTGCCCAAGTCGGAGCGGCGTCCCCTGCTGAGCCCCGAGCGCCGGGCCAGCAGCCGGATGCCCGGGCCCACTGGGCGGGCCAGTGGCCGCCTGCGGG,4.733210651067007,2.2428191305036993
150,ENST00000355387.6,ENSG00000187147.17,RNF220,44405194,44651724,16.503393854943177,3099,4111.18,232.938,1.27655,TGCGTGCGTGTGTGTGTGCGCGCGTGTGTGTGTCTCCGAGTCCCTGGGAGAGTGGAGGCTCATTCACTGATTAGATCCAGCGCTGAGAGGCAGCACTGCTCCTTCTCTCACGCCAACTGAGTCTCTTGATCTGTACATGCAATCCCAGGCAGCTCGCGAACACAAACCCGGGGCCAGCCGCCTACTGCTGCTGCTGCTGCTGCCGCTGCCGCCGCCGCCGCCGCCGCTGCCTCCGCCGGCTCTGCGAACCCGGGACTTTTCATGCACCACACTCTCCGCCTGCTTCCCTCCGTGTCCTGAAAAGTGCGACCGTTCTCCCAAGGAATTTCCACGGTCTTAGGAGGGAATGATTCCCCAGTAATATTCCCTGCCCTGACCCAAAGTGCTGGTTGGCCTCCCTCCCAGGGAAGACTGCTTCTTGCGTAACGCCGGCCACAGAAAGAGACTCCG,12.928121777402511,3.692440787726716
151,ENST00000372224.8,ENSG00000142945.12,KIF2C,44739818,44767767,55.79690279344276,2879,3055.13,1491.92,11.0022,GCTTGCGCGCGGGATTTAAACTGCGGCGGTTTACGCGGCGTTAAGACTTCGTAGGGTTAGCGAAATTGAGGTTTCTTGGTATTGCGCGTTTCTCTTCCTTGCTGACTCTCCGA,5.071431422210354,2.3423930084232216
152,ENST00000372209.3,ENSG00000142937.11,RPS8,44775251,44778779,491.6384565506231,685,543.735,216.752,8.98127,TCTCTTTCCAGCCAGCGCCGAGCG,54.74041606038156,5.774534494989721
153,ENST00000246337.8,ENSG00000126088.13,UROD,45012147,45015575,133.41581633104371,1300,1473.62,842.614,12.8827,TGATCTTCAACATGGCGACGCTCTTGGTTCCCTACAGAAAGGGGCGGAGCCTGGACTGGGGGGCAGGCTCAGATTCAGGTTAAATTGTGGATTGAGCTCGCAGTTACAGACAGCTGACC,10.356199890631911,3.3724228117463535
154,ENST00000372090.5,ENSG00000132773.11,TOE1,45339670,45343975,22.457587938541582,2389,3017.26,185.387,1.38429,CGCTCTTACACCCTGGGCAGCCTCCTCCGATGGCCCACTCCCCGCCTCTTTCACTTTCTGGAGATCACTGAGCTCTCCATCCTCTCTGGGAATTTACCGATGCCCAGAACGCCCTTCTTTCCCCCACACGACCCTCTCCTAGTCTAACTCCTGGGCGTGCTTTAAGCTCAGCTCAGGCAGCGTCACCTTCTCTGGAAAGCCCAAACCCAGCCACCCCACTACCCGCTACCCGCGGCCCACGCTGATGAAGACAGCAGAACACGGAGGCCCCGCGTTCCCGCCGCGAGAGCAGGAGAGAAAGATTACCTCCCGCGAGCTCTAGCGCGCCCGGCTTTCCGGCGCACTCCAGGGGGCGTGGCTCGGGTCCACCCGGGCTGCGAGCCGGCAGCACAGGCCAATAGGCAATTAGCGCGCGCCAGGCTGCCTTCCCCGCGCCGGACCCGGGACGTCTGAACGGAAGTTCGACCCATCGGCGACCCGACGGCGAGACCCCGCCCCATCCCCGACTGCCTGAACCGCGCCAGGAGACGGACCGCAAGTCCAGCGTACCCACAGACGACTCAGGCGGGAGACGAGCGGTGTC,16.223181514380354,4.019984867890361
155,ENST00000401061.8,ENSG00000132763.14,MMACHC,45500053,45513382,31.0478261623038,5296,6198.65,733.342,2.66546,GGCGATGGAGGCGGTGGAACTACCTTTCTCTAGAAGAGACACGTACATGCACACCCCCACCGTGTAGCTTGCCGGGAAACTGAGTCTTCCTGATTTCGTGTGGCTGTCTCCAAGGAGGAAACGAACTACGCATCCCAAGATGCATCGCGCATAGGCAATATGGTCCCGCTACTGGACCCATTTCCTACCTGGGAAATGGAGTCGAAGCTGACTCAAAACGTAACGGCCCAATTGTCCTTGAGACTTCATTCCCCAGCAAGCTCAGCGTGTAACGTGCGCT,11.648205623908744,3.54203582342595
156,ENST00000372070.7,ENSG00000117448.13,AKR1A1,45550543,45570049,54.14282419269592,1818,2234.39,151.276,1.52537,TCTTGGTGTTGCAGCTGCTCTCTGGGCCTCAGTTTGCTTGAACTAAATGTAACGGGGCCAACTTAGGTGAACTTTGGGAATCCAGCCAACCTGACTTTAGGGAGAGTATGGAGCCACGGATGGCATTGTGAATCCGGAGGGCCGACACCAGAAGAACCTGCAACGTGGCATCTGCTACCTTACTTCCCCCGGAAAAGCGCCTGCGGCGGCGCCTAGGCGCGCGGTGCAATGTGGGCCAGCAAAAGGCGAGGCTGGCCCCGCCCCTTGCACCGCCCACGTGGCCAGCGCCACCTGCCTCATTGTGCCCAGGAGTTCTCCAAACCCGCGCTGCGGAGTGAGTGACCAAGTTCCGGCCAGTTCGACCTCGAGGATCCAGAGGTGGAGACGGTACTACCTCCCAGCTCTGTTTTCCATCCCCTTCAGGTCCTTCCTCGGGAGGCGGCGAAGGCGGTCCACCCTGCGCGTGATCCTTTATGCCCGGCCCCTGCCCCTCCCTCCGGGTGGAACTTCCCCCTCACCGCCAGACTTAAGCTGAGGATCGTTGGATCTCTGGCGGGGTGCAGAACTGAGCCCAGGCCACAGTACCCTATTCACGCTCTGTGCTTGTGCCAAGGTTTCAAGTGATCCTCCCGCCTCAGCCTGCCCAGGTGCTGAGATTACATGTATGAGCCACTGCACCTGGAAAGGAGCCAGAAATGTGAAGTGCTAGCTGAAGGATGAGCAGCAGCTAGCCAGGCAAAGGGGGCA,35.49487940151958,5.149539006972929
158,ENST00000351223.7,ENSG00000132780.16,NASP,45583846,45618904,114.0250723538606,1538,1330.41,1728.66,29.2744,TGAGTGAGTCTCTGGCGTCCCAAATTGCCTGTTTTTCTCGCAGGCTCTATTCCGTTCGCTGGTTCGCCACCTCAGGGGAACG,3.895043872935418,1.9616395785847323
159,ENST00000372025.4,ENSG00000159596.6,TMEM69,45687214,45694443,50.075488069336814,2439,2372.52,850.548,8.07703,GGGATTCCGGCGAGAGCCTGCGCTTGCGACAGTGCCGTTTCTCCTACCTGAAGTCTCATTGGGTATCGCACTACTGGAAGGGGCGGCGCTGCCATGACAGAGAAGGCAATAAAACTGAAGGCCTAGCTCGACTAAAAGCGCTTACTATTAAGGAAGACTTCGCTGTGGCTCCATCCGGCACGGAAAGCTAAACCGTGTAATGGCTGGCAACCAGGAAGCTAGACTACCTAGAATCCGGAGGATTGGAGGGACTGGCCGGCGTGGGCCCCTGAGATCTCCTACTACATGTCTTCAGTTTTATCCATAGACACGGAAGGGCACTAAAATTGCCTGGTGCCATTTCCTGTGAAACAAGTCTAGATAAGAGAAGGGACTTGCCCAAGGTCACATAGCCGAGAAATAAAGCCGAGGGCAGTAGGAGAAATGATCTGACTTTCCGAACCACCCCCAAGCCTAGGGCCCTTATCACCACACCTTTCATGGAAGTGAAAATCCTGCTCTTGTGCTCTTTAACCCTTAATGAAGTTTATAGGTCCCAGCAAAGAAAATGGATGTAAGAACTGGGCTTTTTTCCCCCTCTAAATGATAGTAAAGGGCCCTAATGCAGTGAGATGTGTCCCCATAGGCCTTATAAACCCTGTTTTGCAAAGTAAAACATAAGTCCCACAGATGGCAAGCAATTCAGGTCACACTGGGCCTAAAATCCCGTCTCTTACCTTCCTTCACCACCATCATTCTGAGATTGTTTCAGTACTTGCACTCTACTTACCCGAACTCTGTGGGCAGATTCTGCTGCCTGGGAGCCCTGGAATAGAACTTCAAGGACCGTTCAACATCTGGATTCAACTAGAAATTAAGAATGGCCCCCAAACAGAAAGCCGGGCCTAGGAACCAATTAGCGCAGGTCAAGTCCCTACCCGGACTCATTTTTTTTCAGCCCTCAGGAAGTAGGGGCCTCTCTGAATCCACTTGCCGGAAGTGCCTTTCCAGTGGACCTGGGCTGTTGTTGCGGTTGTTTTCCTTCTCTCCGTGCAACGCTGGCAAGTCTCAAAGTCGCCACAGAAACATGCCCCTGATTCAGTGCCTCTGCTTAGCTGTAACATGTTAATCAGAACTACCTGGCATCTTCCTGAACAAGACTTTCAATAGGGGCCAGT,6.1997402596420725,2.6322077745356687
160,ENST00000361297.6,ENSG00000086015.20,MAST2,45786987,46036124,5.162106443120107,5738,8069.37,1124.07,3.13847,TAGGCAGGCGGCTGAGCCGGCGGCGGGTGGCCTGCCCAACGTGTGCTGGGTGGGAGAAGGCGAGGCGTCAGCGATGCTGTCTCTTCCGTGAGGAGCGCAGAGGAGGTCGCGGCGCCGGAGGCCCCAGAAGGCTCGAAGGCGCCGCGGGCTGGGGTCGGTGGCTTAGGGAGCCCGTCCGGCCATGGTGGCCGCGGGTGGTGGTTGGCGCGGCTGCGCTGCGGCCCGGGGCAGTGCGGAGCCGGGACAGTCGCGGCGCTGACGCCCGCGGGCCCCAGCTGCAGAT,1.6447843831931188,0.717898471689175
161,ENST00000371975.8,ENSG00000085999.11,RAD54L,46247688,46278473,15.121975691519388,3108,3703.78,788.361,4.79559,GGTCTTGGCGGGTCGGTGAGTCTTGGCGGCTGTTAACGCGCGCTTTGGGAACAGGAAGGTTGAGAGAGAGGTGCTGGGGTCTGCGTCTATCTCTGTCGCTCTTTTCAGCCCCTCCTGGTATTCCCCTCCTAACCTGGGTTTTTTACACGCCCGCGTGGCTTCCTGCTCGACCTCCCTGAGTCTGATCCTGGTTTCCACCTCCAGCCCTGGGAAATTTCCTTTCTCCAGACTCGCCCTCCCCACCCGGGCCTCGGACTTTCACCCCAGCTTCTCTCTCCTGGCCAGTGATTACCCACCCCCAATCCCACCCCGCCCCGCCGCGCAACTACCTCCTCCCTTCACCCGGACTGGGACCATCATCCCCACTCCACTCCGCCCAGTCTGGGACTCCACCTGCCTCCTCCCCAATCCCACACTAATCTCTGCTTGGTCTCTTCCTCTTTGGCCTAATCTCTCGTCTCGGCTTATTGGGGACGGCCACTCTCACAGTTTGGTTCCAAACACCAGTTCCTGGATGGATTCCCGCCATCCATGCCCCCTCTTTAATTAGCCGGTCCTCTCAATAATGTAGCAGCCCCCTCTACAGATTAGACCCTGGTCCTACACTCTTAGCCGCTGCCTGCTTTTGACCTTTGGCTCATGGGTACTTGACGTTTTAAACTCCTAGGCCCAGG,3.1533087047723822,1.6568664148810919
163,ENST00000496387.5,ENSG00000173660.11,UQCRH,46303631,46316776,167.1113559171393,674,511.855,104.864,4.61576,TGAACTGGGTTAGGTGCCGCTGTTGCTGCTCGTGTTGAATCTAGAACCGTAGCCAGAC,36.20451581476058,5.178097751788026
164,ENST00000474844.5,ENSG00000117481.10,NSUN4,46340177,46365152,23.23290261551947,2150,2331.28,113.094,1.09297,CTCAGCTTCCCGAGTAGCTGGGACTGCAGGCGCCAGCAACCTCGCCCGGCTAATTTTTTGTATTTTTGGTAGAGACGGGGTTTCACCGTGTTAGCCAGGAGGGTCTCGATCTCCTGACCTCGTGATCTGCTCGCCTCGGCCTCCCAAAGTGCTGGGATTACAGGCGTGAGCCACCACGCCCGGCCAGGTCCCGAAACTTAAGCTTCATTTGTTTCACTGCAAATCTGCTTCTGCCTACAAGCCTGGTCTCATTTTCCTCTACCTAAGGATCTTCCTCCATGCAATTTCGGCCTAGGAGGCCCTTCCCGCCCCTTTTCGCCTAGCTAACTCTTTCGGTACTCAACCACCAACTCCTAATCCTCCCTGGTCCCCCAAGTGGGCTAGGGGCTTCTTGGGAGTCCCTCGCACTGCTCTAAGCATCCAGGCAGAGTCATTATTCCGGGTGCCAGGTTGCTCTTTTTCCAGCAGCCTTCAGGGGACTCCTGGCTGGGCGGAGTCTGTAGAGGCGCGCGGAGTCCTGGGAGAGCGTCAGATGTATTTCCTTTCCCTTTTTTCGCTCGTGTCCCGCCGGGTGGCGCTCACCACCTCCCCGGAACACGCGAGTCTCCTGTCGCGGTTCCGGTCGGAATTACCCCGTGGAGCACGCCGAT,21.25667000514147,4.409843701946838
165,ENST00000371901.3,ENSG00000186377.7,CYP4X1,47023568,47050751,20.33509928203786,2357,2432.23,464.602,4.30367,CAAAAGCAGTTGGGCCGAACGAAGCGTGCGCGCTTTGGTAACCGGCTAGAAATCCCGCACGCGCGCCTGCCTCCTCTCCCCAGGCCTGAGCTGCCCCTCCCACTGCCTTTCCTTCTTCCCGCGAGTCAGAAGCTTCGCGAGGGCCCAGAGAGGCGGTGGGGTGGGCGACCCTACGCCAGCTCCGGGCGGGAGAAAGCCCACCCTCTCCCGCGCCCCAGGAAACCGCCGGCGTTCGGCGCTGCGCAGAGCC,4.725060072458589,2.240332671278087
166,ENST00000371873.9,ENSG00000162368.13,CMPK1,47333797,47378839,121.66043349546597,2930,2067.63,1362.61,14.8477,GACAGGGCCGCGGACGCCCGGGCAGCCACGGCGGCGGGGCCGCGGCGGGCGCCGGCTCAGCCCGCCCCTTTCTCCCGCCGCCTCCCCGCCCCGCCCCGCGCCGCGCCGGCCGCTGTCAGCTCCCTCAGCGTCCGGCCGAGGCGCGGTGT,8.193890871681537,3.0345486787674125
167,ENST00000242719.3,ENSG00000123091.4,RNF11,51236271,51273455,12.579689415629836,3084,2485.85,1067.46,9.67475,GCAGTGCCCGAGCCGGCCTCGTTCTGGCTGCCGCCGTCTCGCTGAGGCGGAGTAGGATGAGGCCCGCGGCCGTGGCTCCGGCGTCGGCGGGGGCAGCAGCAGCTGAGGCAGCAGCTGAGGCAGCCGCGACGGCCGCGCCCCCCCCCGCTGACCTGGATTAGGCCCAGCAGCTCCGTGGCCGCCGCCGCCCCGCGGGGGGGCGGGGTGGGGAAGTGCTTCGTCTCCCCGCCCCCCCCCCCCCATCGCTGCCTCGCAGGAGGCGAACGCCGCGACCCCAGCGGAGCCCGCGGCCCAGCCTTGATCCCCCAACCCCGGGGGCTGGCATGAGCGGCCCCTCGGCGGCACCGTGGGGCGGTGGAGTCGCCTCCGCCTGATCCCCGGCCTGTCGCCCGACCCCACCTCGCCAACCGAGGCGGACCGCGGAGTGTGCGAACGACCCCACCGCTGCTTTCTCCTCCCCCAGATCACGCACCCCAGCTCCGGAAG,1.3002598946360202,0.378800016505929
168,ENST00000428468.5,ENSG00000117859.18,OSBPL9,51577179,51799154,34.10438113835248,2893,2553.32,473.602,4.17899,AG,8.160914751734865,3.028730872028409
169,ENST00000257181.9,ENSG00000134748.12,PRPF38A,52404564,52420839,80.62352037749098,5274,4652.09,2364.2,11.4498,ATTGATTCGATAGGCGACGCGGGGAGCGGAAGCCCTTTACACTACGGTGTTTCCGGCTTCAAGATGGTCGCCTAAGCTGTTTAGTGAAACTTCTTCCACCTTTCTCCATTCCTCTAGGTGCTTTTTCTGAACCTGGATGTGAGGCATTAAAGGATCCGACGGAAATAGAATTGAAGGCATTCTAAA,7.0414784867413385,2.815878380786207
170,ENST00000294353.6,ENSG00000162378.12,ZYG11B,52726467,52827342,35.046958015001536,8093,7072.43,1495.7,4.76471,TACGCTCCTAGCTTGAGGGAAAGAGGCCGAGGCCTGGGCCAAGCCCGGAGCCGCCGCTCGCCGGAGCCTCCTGGAGCCTCCGCGCCGGCTCAGCCTGGGGGCGGGCTCCGGTCCGGCCCGCCGCCGCACCCAGGACGGAGGCTGC,7.355528041581027,2.8788289139648597
171,ENST00000371528.1,ENSG00000203995.9,ZYG11A,52842511,52894998,12.537332395611235,4469,4279.59,522.346,2.74991,AAAAGCTCGCCGGCAGGGCGCGGCGCTAGCTCCGTGTGCCTCGCAGGCGTGGTGGGCGCGTCCTGGCAGCCGCCCGCTTGGTTCTCGCGGGATCCGGGCTCCGGCTCGACGCCGGCTCTCTTTTTGACGCCCCGCCGCCGGGGTTGCC,4.559179171540609,2.1887741069025752
172,ENST00000371514.7,ENSG00000116171.16,SCP2,52927229,53051703,121.29890744912528,2811,2290.67,148.328,1.45889,GCGCCCCACCCCGCCCCCTCCTCCTGCCCCTACGCACGCGCACTCTCACGCGCCTGTGTTGCCGCCCGCGGCCCTGGCTTCGGGCTTCAGGGAGCTCTGGTGCAGTCTCCGCCTGTCAGTGCCGGCAGTCGTCCGCGGCGCCCGCCCCGGTCCCGCACTGGTGCAGCC,83.14465617635688,6.377551637346215
174,ENST00000637252.1,ENSG00000157184.6,CPT2,53196429,53214197,5.770983241089271,2739,3050.93,148.696,1.09806,AGGGGCCGGAAGTGGCCTGCGGGCGGAGAAGTGCCTCAGGAGTCCTGACGCAGTGTCTTGGGCGCTAACGGCGGCGGCGGCCTTGTGTTTAGACTCCAGAACTCCCCACTTGCCGCGTTCTCGCCGCCGCAGGCTCCCGGGACG,5.255617398948392,2.3938602534511784
175,ENST00000360840.9,ENSG00000116221.15,MRPL37,54184041,54225464,164.85671933364156,1483,1600.2,4019.58,56.5938,CTCATTCGTTCCCAGCAGGCCCTGCGCGCGGCAACATGGCGGGGTCCAGGTGGAGGTCTTGAGGCTATCAGATCGGT,2.9129819756517774,1.5424967746954787
177,ENST00000371281.3,ENSG00000243725.6,TTC4,54641754,54742657,48.85310987609324,2395,2592.22,501.679,4.3603,AGGATTGAGGGAAGGGAACCCGCGCCGCCGGAAGGAGCCGCTCGCTTCACGGCGCTGGGACCCGGGCTGGAAGGCAGGGCATCAGCT,11.204070792398056,3.485951099042458
178,ENST00000371244.8,ENSG00000162409.10,PRKAA2,56645322,56715335,29.063974323679787,9347,6971.18,1499.79,4.84714,GGTAGGCGGCGGCGGCGGCGGCTACGCGGAGCGGCAGGCGGTGGAGCGAGGCCGCGCGCGCCGAAG,5.996107874680696,2.5840263387338904
179,ENST00000371208.3,ENSG00000134709.10,HOOK1,59814786,59876378,30.162596366532615,5857,4140.31,920.002,5.00632,GCGGGGCTCAGGTGCCTGGCAGCGCGGCCGGGGCCCAGGAAGGGGAGGGGGCGAACGCTGGAGCGAGGCGGGGGCGGGTGAGGAGGGGGTGACGCCGGACGCGTCGACAGCGCGAGGGTTCGCGCGTGAGCTGCGCGGGTCGGGCCTGGTACCGAGCTTTCCTGGGGGCTAGCAGGTCGTGGACGCCGGCTCCTGGAGGAGAGCCGGTAGGAGGGAGTGTGAAGGTGTCCGCGGCGTCGTCGACGGCGGCGCCGGCC,6.024903794909758,2.59093820470945
180,ENST00000403491.7,ENSG00000162599.15,NFIA,60865259,61462793,10.425230783815564,9487,9006.68,733.335,1.83442,GGCCGCGGAGGCTCGGGACCCGGCTGGCCGCGCGGCGCCGCAGCCGCCCCCTCCCCCACACCCCCTCCCCCCCGCGGCGGCGGCGCGAGCGGGCGGCGGCTGTGCGGTGCGGTGCAGAGCGGAGGCGGAGGCGGGCGCGCGGGCAGCTCGCGGGCACCCGGCCGGGCCGGCGCGGGAGCGGGAAAGGGTGCGCTATGCCTTTAACACCCGCGTACAGTAGGCATGTATAGTGGAGTGTAGGGAAACTCTAGGCGGGGTTAAAGTTCAGCTCATGGAGCGGCAATAGCGCTGGCTGGCTGGCTGCAGTTGAGCCGACTTGGAAATGTGAACGCAAGAAGCAGGCTTGATTTTTTTTTCTCCCCCCTTCTCTCTCTCTCTCTCTCTCTCTCTTCCTCTCTCCCTCTTTCTCCTCTCTCACCCACACTCACGCACACCTCCAAACCGCACACCCAGACGCACACGCATACCCCAGCGCCCGGCAGTT,5.683120977647193,2.506683426632245
182,ENST00000371146.5,ENSG00000162607.12,USP1,62436297,62451804,99.57799749010292,3507,2686.49,1829.29,15.3412,GGGGCTTACCGCGAGGGCCTCGCTCCGGAAGCCGCACCCTCCGCGGCGTCCCACCGTCGAGGATTAACAAAACGCCAAACAAGATTTTAACAGTCGGCAGCGAAAGCGCGCACTCGAGCGCCAATGAGAGCGGAAGGAGGGGCACCGCGCCTGAGGAACACTCCGTATGTCGAACAATGATTGGCTGGAGCCCACCTTTCTTCTTTTTTGCTATTAGATGGGCTTGCTGCTCCCGCCCATCTAATTGGCTTTGGTCTAGATATAATTGGTGATTACAACTTTCCTCTATAAATTAACTCTTGACACTCCTTGGGATTTGAAGAAAAAA,6.490887120310204,2.698415667224262
184,ENST00000317868.8,ENSG00000125703.14,ATG4C,62784135,62865513,24.014711646582757,2938,1942.08,257.57,2.98806,GTACCTGTAGCTGCGGCGCTGAGGTCGGAACGTCTGCGTGTGTGCGGGCTGGTTTTGTGGCGGCTGCTGCTAGAGCTGGAGCATTTGCCGGGTTGGTGGCTCCTGCACATTTTTACAGTTCTCCAGTCCTTCTCTTTCGTCAGTATAAAAGATTAAACTCTACAGAAGAATGCAATCAAGTGATGGCTTTTCCTTTAGAATTTGAAT,8.036890707208943,3.0066374629839707
185,ENST00000371108.8,ENSG00000088035.15,ALG6,63367590,63438562,56.19781287220152,3371,2352.07,323.667,3.10035,CGGAAGGCCGGAGGGGCAGTCCGCCGCGGGGGCGAGCGCGCATGCGCCTTCCTGGGACCCACGGCAGGCGCGAATCCCAGCGGCCGGCGGGCGGCGGGGATACTTCTACATAGACATAATCAAGTTTTGACTATTTGGAAACCAAGCATCATTAAAATTCTCTCAAACTCCTAATTGCGAAGAATCGATAACATTTCAAGAAGTGATAACATTTCTCTGAACAAGAAAAGAAGTGATTGACCACGTTTTAAAAGTACTCTGGCACTGGTGCTGTGTTTTCTTCCCCTCCCTAAATTTGAAGAACT,18.126280217459808,4.180010987844209
186,ENST00000371088.4,ENSG00000203965.12,EFCAB7,63523372,63572693,11.87394166660764,2313,1600.58,238.731,3.36043,ACTCTGGCCATACCACCCCCGCGATAGAGGAGCAACACAGCTGTCTCTGTGCGCTCCGGATCAGCGCTTCCTAGATTTCTAGCCGGATCGTTTGGAGAAGGGCTCTGCATCTTATTTCCGGTGGCGGTGAGGTGCAGTTGCCATGGTGATTAGAGAAAGGCCGAGATCTGTCCAGCTGCGGTGAGAGGAACGCTGAATCGCCGAAGAGAATTGGCTGCGCTTCCTTGTTTGTGAGCTAGAATTAGA,3.5334590116763747,1.8210811737559143
187,ENST00000371084.7,ENSG00000079739.15,PGM1,63593276,63660245,54.02388528912167,2472,2664.73,746.494,6.31155,CCTTTCCCCTCCCGCCGGACCTGCCAGGAGGTGGGCTGGCGCGGAGGGAGGGCCCTGTCCCCTGTCCCTTTAAGGAGGAGGGCCAAACGCCGGCCTAGAGTGCGGCGTAGCCCCCACCCGCCGTGCCCTCACCCCAGAGCAGCTGCAGCCTCAGCCGGCCGCCCCTCCGCCAGCCAAGTCCGCCGCTCTGACCCCCGGCAGCAAGTCGCCACC,8.55952742022509,3.0975311462387536
188,ENST00000290039.5,ENSG00000158966.13,CACHD1,64470792,64693058,12.017338194566928,5275,5399.71,912.018,3.80535,GCGGCCGCCCCTCTGGCTGCTCTGCCTGGTCGCGTGCTGGCTCCTGGGCGCCGGGGCCGAAGCCGACTTCTCCATCCTGGACGAGGCGCAAGTGCTGGCGAGCCAG,3.158011272173894,1.6590163207486102
190,ENST00000371072.8,ENSG00000162437.14,RAVER2,64745095,64833232,18.590192491871893,4362,3820.81,1094.67,6.45493,CCCGGGCCTCCTCCCGCTTTCTCTCTCCGCTTCCCCTGGAGCCTCCGAGGAGTCCGCAGCCGCTGGGCGCCCGGGAAG,2.8799990847107395,1.526068353166377
191,ENST00000371065.8,ENSG00000213625.8,LEPROT,65420587,65641559,51.32304700433169,4622,3903.96,694.741,4.0094,GTTCTGCACCGGCGGGGGCGGGGCTCTGCGTGGCCGGGGCGGGCTCGGGATCCGCGGGGCGACTCCCGGTCTGGCTTGGGCAGGCTGCCCGGGCCGTGGCAGGAAGCCGGAAGCAGCCGCGGCCCCAGTTCGGGAGAC,12.80068015272402,3.6781485634636164
192,ENST00000371059.7,ENSG00000116678.18,LEPR,65420587,65641559,19.834648190388812,3079,2315.31,110.258,1.07291,CCGGTCTGGCTTGGGCAGGCTGCCCGGGCCGTGGCAGGAAGCCGGAAGCAGCCGCGGCCCCAGTTCGGGAGACATGGCGGGCGTTAAAGCTCTCGTGGCATTATCCTTCAGTGGGGCTATTGGACTGACTTTTCTTATGCTGGGATGTGCCTTAGAGGATTATGGGTGTACTTCTCTGAAGTAAG,18.486777260337597,4.2084218412213845
196,ENST00000355356.3,ENSG00000198160.14,MIER1,66924895,66988619,11.045955212764763,4818,3202.56,569.236,4.00458,GCGGCTCCTGCGCGTTCCCGCCGAGGCAGTGGCGGCGGGAGCGGCAGAGACGGCAGCGGCCGGAGTCCCGTTGCTGAGTCTCACATCCGGGTTCTGGCCGTGACCCAGCTGCGGCCGCCGCGGAGATGTGACCCGGCAGTACGGCAAAT,2.7583305147518002,1.4637953369912027
197,ENST00000370986.8,ENSG00000116717.11,GADD45A,67685061,67688338,47.54341274619935,1496,1515.52,392.368,5.83301,CTGACTCCAGGAGCTGGGGTCAAATTGCTGGAGCAGGCTGATTTGCATAGCCCAATGGCCAAGCTGCATGCAAATGAGGCGGAAGGTGGTTGGCTGAGGGTTGGCAGGATAACCCCGGAGAGCGGGGCCCTTTGTCCTCCAGTGGCTGGTAGGCAGTGGCTGGGAGGCAGCGGCCCAATTAGTGTCGTGCGGCCCGTGGCGAGGCGAGGTCCGGGGAGCGAGCGAGCAAGCAAGGCGGGAGGGGTGGCCGGAGCTGCGGCGGCTGGCACAGGAGGAGGAGCCCGGGCGGGCGAGGGGCGGCCGGAGAGCGCCAGGGCCTGAGCTGCCGGAGCGGCGCCTGTGAGTGAGTGCAGAAAGCAGGCGCCCGCGCGCTAGCCGTGGCAGGAGCAGCCCGCACGCCGCGCTCTCTCCCTGGGCGACCTGCAGTTTGCAAT,8.15075111241012,3.026933013480923
199,ENST00000370950.7,ENSG00000116754.13,SRSF11,70205682,70253052,69.79103593340527,3784,2766.44,1936.59,15.7717,AGAGAAGCCTTTTCCGTTGCCGGTGCCGGCCTAGCGTCCTGGAATTACTTCAATCAACAGGAGCGAGAACCCGAGCAGCGCC,4.425080107623482,2.145703572670219
200,ENST00000370940.5,ENSG00000197568.13,HHLA3,70354805,70385339,27.76727777499623,775,658.056,78.1993,2.67733,GAGGCAGTGTGTTTCCGCCCAGAGCTGGAGTCTCCCAGCTGCCAGCCGACCCCGAACCCGCACTCCCGCCAACCGCGCTTTTTGTGGGCGGTCGGAAACCACAGCCTCCGTTGGAT,10.371257101289803,3.3745188688724532
201,ENST00000370938.7,ENSG00000116761.11,CTH,70411218,70439851,24.718672988536653,1805,1582.27,159.733,2.27446,CTTTAGTGCGCTCGCCGTCGGCTCTACCTGCGTGCTTTAGCTCCTTCTCGCCTGATCCTTCTGTCTCTCCCAACCCCGGACACCCGGCTTCGACTGGTTATATCTTCGGTGTTCTTTTCCTCTCTTCTTCTTTCGCGGTTCAGC,10.867930404815496,3.44200532697422
202,ENST00000370898.7,ENSG00000254685.6,FPGT,74198212,74544428,10.5025564458161,3254,2113.73,148.677,1.58473,AACCGGGCGGAGGCGCACCCCAGGGCGC,6.627347526591975,2.728431573819803
203,ENST00000370867.7,ENSG00000162623.15,TYW3,74733152,74766678,38.487581243348565,3430,2772.16,860.738,6.99544,TCGGCCACCGCTCGCTTCAATATGGCTGCCCCCAGGGAGAGACGAGGCTACCATGAAGGAGCCGAGCGCAGACCCTGAGTCCGTCACCC,5.501809928088664,2.45990629949772
204,ENST00000370841.8,ENSG00000117054.13,ACADM,75724347,75795079,111.07299721431625,2619,2168.87,151.612,1.57493,ACCGCGCCGCAAGTCCCCCCACCGTTCAGCGCAACCGGGCCCTCCCAGCCCCGCCGCCGTCCCCCTCCCCCGCCCTGGCTCTCTTTCCGCGCTGCGGTCAGCCTCGGCGTCCCACAGAGAGGGCCAGAGGTGGAAACGCAGAAAACCAAACCAGGACTATCAGAGATTGCCCGGAGAGGGGATGCGACCCCTCCCCAGGTCGCAGCGACGGCGCACGCAAGGGTCACGGAGCATGCGTTGGCTACCCGGCGCCGGGGACCGCTGCCACCCCGCCTAGCGCAGCGCCCCGTCCTTCCGCAGCCCAACCGCCTCTTCCCGCCCCGCCCCATCCCGCCCACGGGCTCCAGTGGGCGGGACCAGAGGAGTCCCGCGTTCGGGGAGTATGTCAAGGCCGTGACCCGTGTATTATTGTCCGAGTGGCCGGAACGGGAGCCAAC,70.52567238817996,6.1400766103450515
205,ENST00000319942.7,ENSG00000137955.15,RABGGTB,75724347,75795079,94.70394723358297,1496,1043.2,481.646,10.4021,GCATCTGCGCAGGCGCCCGGCTCCTAAGTCTACCCAGGAACTGACCCTGCTCTCTCCTTTCCCTGTTAGAC,9.104310402090247,3.186549745685168
207,ENST00000328299.3,ENSG00000184005.10,ST6GALNAC3,76074719,76634601,11.532020910968908,6861,5119.25,274.932,1.20999,GCAGCTTACACCGCGGTCCCCTTATTTGGATCTGCGGGAATGTGGGCTGGAGAGGTCCTGCCGTGGTACCAGCCTCCAGCCTGCCCCCAGGACTGCCCCTGACCCAGGCGCGCCCGCTGCTCGGTGGCAGGAGGGCCGGCGGAGCGCC,9.530674560094637,3.252578328517439
208,ENST00000370791.7,ENSG00000180488.14,FAM73A,77779624,77879539,15.48891881829765,5288,4217.45,331.805,1.77253,ACTCCTGACCCCGGAAGGACTCCGCCTTCTCC,8.738311237777443,3.1273544920491743
209,ENST00000330010.12,ENSG00000162614.18,NEXN,77888513,77943895,4.004414345868344,3195,2438.42,196.45,1.81512,AACAGCTGCAGCCGGCGCTGGGCCCGCCTGGAATGCGGGAACAGGCTGCACACCAGGACTTTTATGGAAACTTGCTGCTGGAGACGGCGGCGGCGGCGGCGGCAGCGGCAGCCAGAGGACTCCCAGCGGCTGGAGCAGAAGTGTTAGCGGCCAGAGCTCCCAGACCCCTACCCACAGCCAGGCGGGACGCGCACAGTCCCTCCACGCGGAAAGAAGTACCTTCGCCGGTCACCGGCTCCTGCAGGGTGCAAATATATACAGAGCTTCATAATCAGCCCAAGACCACATAGAGCAAAC,2.2061430350986955,1.1415263309736647
210,ENST00000319517.10,ENSG00000117114.19,ADGRL2,81306160,81992436,15.219923481564464,5479,4788.93,504.579,2.37385,CGGCGAACAGACGTTCTTTCTCCTCCATGCAGTTACACAAAAGGAGGGCTACGGAAACTAAAAGTTTCGGGGCCTCTGGCTCGGTGCGTGGAGAAAAGAGAAAACCTGGAGACGGGATATGAAGATCAATGATGCAGACTGATGGTTTTGATGAAGCTGGGCATTTATAACTAGATTCATTAAGGAATACAAAGAAAATACTTAAAGGGATCAATA,6.41149334691091,2.6806604244352314
211,ENST00000370689.6,ENSG00000142875.19,PRKACB,84078062,84238498,25.8854384575356,4513,3520.52,430.526,2.75521,GTCTGCCCGCCGCCGCCACTGCTGCTGCCACCGCCGTCGCCGCCGCCGCCGCCGCCGCCGCTGCTGCTGCCGGTGCTAAGGAGTTCGCTGGAGCCCTTTCCTCAGACCCGGCCCGGTCTTCGCGCCCGGACTCCTGGCGCCAGCGCTAGGCGCACTCACCGCTCTGACGGGTGCAGACGCGGGAGTTGTCCCAGACTGTGGAGTGGCGGGCACGGCCCCAGCCCCCCTTCCCTTCCCTGACCCCTTCTTGCCATCGCCCCAGAC,9.395087291907187,3.2319065661175563
212,ENST00000370654.5,ENSG00000117133.10,RPF1,84479259,84497790,126.2752762938699,1385,1020.45,1487.84,32.8496,AAAGGAGCCAAGACC,3.8440430414333777,1.942624489939667
213,ENST00000451137.6,ENSG00000142871.16,CYR61,85580761,85583962,18.94005438869484,2290,2550.44,349.818,3.09021,AGACCGCGAGCGAGAGCGCCCCCGAGCAGCGCCCGCGCCCTCCGCGCCTTCTCCGCCGGGACCTCGAGCGAAAGACGCCCGCCCGCCGCCCAGCCCTCGCCTCCCTGCCCACCGGGCCCACCGCGCCGCCACCCCGACCCCGCTGCGCACGGCCTGTCCGCTGCACACCAGCTTGTTGGCGTCTTCGTCGCCGCGCTCGCCCCGGGCTACTCCTGCGCGCCACA,6.1290509022671085,2.6156636865419096
214,ENST00000370558.8,ENSG00000097033.14,SH3GLB1,86704570,86748184,84.33235171088897,6371,5368.86,1670.05,7.00826,GTTTTTCCCTTGGGACCCGGGTCCACACGGCGGGGTCGCCCGTCCATCTCCGGCTCGCCCGCGGGGCCCATCGTCGACGTTAGCGGCCGTTCTCCGAGCCGACTGACCCATCCTTGGCGCTGCCGCCGCGCGCTTGTTCTCCTCCCTCGCCCCGCCTTCATCCTCCCCGTTCACGGAAACGACAGCTGCGGCTGCGGGGCTGGCGCCGCCTCCCTCCACCTACCACGTCTGCCCTCGCCGCTCTAGCCCTGCGCCCCAGCCCGGCCGCGGCACCTCCGCCTCGCCGCCGCTAGGTCGGCCGGCTCCGCCCGGCTGCCGCCTAGG,12.03327954597703,3.5889579826144726
215,ENST00000370550.9,ENSG00000153936.16,HS2ST1,86914648,87169204,52.20708595728506,6736,5308.19,1117.41,4.74272,AAAGGAGGGAGGGAAGGAAGGAAGAGAGGGAGGCGGGCAAGCAGGCGGGCGCGGGGGTCGGGGACTGAGGCAGTAGAGGGAGGCGAGAGCCCGGCAGCCGCTTCGCGCTGTTTGCTGCGCGGGCTTTTGGAGGGGGCGGCCGTTTAGTCGGCTGAGGAGAAGCGGACACCAGCGGCGTTGGTGATAGCGCCTGGGGGAGGGGGACTGGAGAGGCGAGAAGGGGGGTCGCTGCGGTGGTTCTCTCGCTGTCGCTCTCTCTTTGCCTCGCTCCCGGCTCGGCGGGCTCCTCCCGGCGTCTCTCTCGCCTCCGGGGTCCCGCTCCCCGCCCCCCGCGGTATGTCTTGATCCCGAGCAGCGGGTTTC,11.007836422408461,3.460459031601281
216,ENST00000370544.9,ENSG00000143013.12,LMO4,87328468,87348923,111.52887440475833,5405,5061.95,737.565,3.2828,GCTCTGTCAGTAACACATGTGTAAGAGCCGCGGAGGGAGCGAGCGAGCCGGCTAGAGGCCAGCGCCGCCGCCGCCGCCGCCTCCGAGCCGGGCAGCAACAGCCCCGGCAGCGGCGCAGGCTCCAGCGCGCCGGGCCCGGCCGGCCGCAGCCCCCGACGCCTGGGTGCGCCTGCCTGCCGGCCTCCGCACCGTCCGCCGCCGCTCCCGGGGCTGTTGTGTCTGCGACTGCTCCCGGCCGGAGGTGCAGGGAGCTCAGCCGAGCCGCCGCTGCCATCCCGGAGCGAGCAAGCGAGCGAGCGCGCGGGAGGGAGGAAGGCGGCGGCGGAGGAGGAGGAGGAGCGGGAGGAGCGCGGGCGGGGGCGGGGGCCCCCGGGCGGGGGAATATACAAAGTGAAGCCACATTGCCAAACTTGCAGCAGCGATTGCAGCAGTTGCTGCCGCTGCGCCGCGCCTGAAGCCGCGCCGCGCGGGCCGAGGGCTCCTGCAGCTGCTCGCGCGCAGTCGGAGGCGGAGAAGGACGAAGACTGAGACTGACACTTCTGCTCCCGGCCGCCCGGCACTTACGCGGGGGCCCCCCAACCCGCCCCAGAGCAACGCGATTTAAAAAAAAAAAAAAAGCCGCCCTTAGCCCCCTCCTCCCCTTTCCTGCTTCTGCGAGAACTCCCTCCCTCCCTCCAGCTCCGCCAGCCCAGGCGCCCCTTCCCTGGAAGCCGAGCGGCTTCGCTCGCATTTCACCGCCGCCGCCTCTCGCAATATTGCAATATAGGGGAAAAGCAGACC,33.9737036690503,5.086346598171045
217,ENST00000370521.7,ENSG00000065243.19,PKN2,88684222,88836255,44.7988150879853,6121,4670.53,2169.63,10.466,GCTTTTGCGACGCGGTGACAGCCAAATGGTGCGACAGGAGGAGCTGCAGCCGCGGCCGCAGCGCCCGCACGGAGAGGCTTGAGGCGGCTCCTGGCGTCGCCCAGAGGGAGCGACTAGACGAACAGTCCGGTGAGGGCGGCGAGAGGAAGCCCGCTACGAGTGCCCTAGCTCCCCGCCGCTCTCGATGAACCGGACGGAATAAGCCGCGCCTCCAGCAGGGGCTGCGCCTCCATGAATCCCTAGTTGTTTTTTTTTTTTTCTTTCTCTCCCCTCTCCTCACCCCCACCCCGAGCCCCGTCCCGCCTTCTCCCTTCGCCAGAGGCGGCCGCGTCCAGGTGCGGAGTCCATACCGGAGCGCA,4.280414206763358,2.097750409974429
218,ENST00000370454.8,ENSG00000171488.14,LRRC8C,89629725,89936611,21.394031856184505,7218,5813.6,790.147,3.06214,GTCCGCGGCCGGGGAGGCGGAGGGGAGGAGGGCTTGCGGGGCTGGGGCGTTAGCTGCGTCCCGGCTGGAAGCCCGCGAAGAGAAGTAGGAGGAAGGCGCCGCCGTGGCCGCGGCCGCAGTGCTCGGGCGCGACAAGCCATGAGCAGCGACCCCGCGGGCGACGCCGCCGTCCCTGGCAGCCGCTGAGCCCGACCCCCAGGCAGCTCGCCGCTCCCTAGCACCTTCTCCAGTCGACACTCTCGCGCCCGGAGAAAC,6.986627605591027,2.804596245195532
219,ENST00000340281.8,ENSG00000162664.16,ZNF326,89995112,90035531,58.18047162859413,2729,2272.89,629.221,6.23715,CGCTGTGGCCTGCGGCTCCCGGGCTGGTAGCGCGCCGCTCTCGGTCGCGCGGAGTGATCGTGTGGAATCGCGGGTCGCGGACGCTCGCCGCCGGCCATAGCTCAGCCTAGCGCCGCCAAGGCCGACGGCCCTCAGCCTCTGCC,9.328053939474621,3.2215761309470237
220,ENST00000234626.10,ENSG00000097046.12,CDC7,91500893,91525764,66.10998563778894,3173,2586.6,2314.46,20.1597,TTGGAGACGGCGACCCAGGCATCTGGGGAGCCACAGAAGTCGTACTCCCTTAAACCCTGCTTTGCTCCCCCTGTGGATGTAACCCCTTAGCTGGCATTTTGCATCTCAATTGGCTTGTG,3.27931395991949,1.7133940312630456
221,ENST00000370383.4,ENSG00000172031.6,EPHX4,92029982,92063536,8.739068137857185,1437,1199.0,138.0,2.59313,GGCGCGCGTCGAGAGGCGACGGCGGGCTGGCCTGGCGCGCTGCGGCGCTCGCTCACCCGCTCCCGAGGAAGGGCAGTGGGCCCCGCCGCCGCCTCCCA,3.37008485415586,1.7527849169646048
222,ENST00000610020.1,ENSG00000122484.8,RPAP2,92298965,92402056,21.36835126955544,16993,16187.9,1680.33,2.33865,CCGGCGTCTTAGCCCGCTCTTCTGGCCCCGCCCCGCGCTACGCGTAGGGAGGCGGGGCCTCGGGGCGAGACGCCGGAGCGTGTCCCCGTCCGGCAGACTACTCTCCCCC,9.13704541917578,3.191727726748847
223,ENST00000370321.7,ENSG00000122406.12,RPL5,92832025,92841924,456.1516659516393,1043,852.725,23360.6,617.215,CGCAAGGGCTGTGGCCCTTTTCCCACCCCCTAGCGCCGCTGGGCCTGCAGGTCTCTGTCGAGCAGCGGACGCCGGTCTCTGTTCCGCAGG,0.73904825053124,-0.4362595376475505
224,ENST00000370298.8,ENSG00000143033.17,MTF2,93079235,93139081,33.28490171576968,4125,3229.64,935.269,6.52446,GCCATTCGGCACCGGAGTCGCTCCGCGCTCCCAGAATGCACCGGCAGTCCGCGGGAAACCAAAATGGCGAGGGGCTGTATTGAAGTGGGCTGTGTTTGAGGCCGGTGTAAGAACGCTCATTCTACCCCCAACCCTTGTCTCCAAGGACCTCGGTTTGTGCGTGCATATGTGCCGGGTACCCGGTGGGGCGGGTGCCCAGTAAGTGCTCGGACTCGCAGGGGAAGCGCCCACGGGGACGGATTGGTTGTTTTTTCCTGTATGAAGCGGTTGGCACCACTGAAGTGACCGA,5.10155656035437,2.3509375018449115
227,ENST00000401026.7,ENSG00000122483.17,CCDC18,93179919,93278730,5.877717382772497,4552,3334.3,506.437,3.42202,GCGGCCGCGGCGGCGGCGAACACTCCCTCCGAAAGAGAAGCGCAGTTCTCCAAAGGGTAGGGACTCTGGGCGGGGCTAGCAGTCCTATTCCGCAACCGCCTCAGTCTCGGCCCCCTCAGGCCAGGCGTGAGCGCCGCCCGCCTCTCCCCCTGACGGCCTCCGGTTCCCATGGCTTCCCCCACCAATGGGCATCATGGCGGTAATTGTGGGAAATGTAGTCCCGGGCGGGCTCCGCTAGTGGGCTCGGGCGCGCTCGCCGACCACGATCCCCGGCAAGCCCCGCGCCTTCGGCGGCGCCTCACGCAGTCTGCGCCGGGGCGGGGCAGTGACCGGGTAGGCGCGTCCCAACGGCTCCCGCGGCGGTTCGAATTCTGTGCTGCCGGGGTTCGCTGGTTCTCCGAGTTGTGTCCGAGGCTTCCACGCGCAGGGGCCCGGGAAAGGGTCAGAGGCTTCCTAACGCAGACTCGAGTGCGAAGCGCGCAGTCGCCGGGTGGGTCTCTCCCCAGCGACGATTTGGGTGAA,1.7176163151508457,0.7804078001259439
229,ENST00000370272.8,ENSG00000117505.12,DR1,93345888,93369498,168.08896737121785,10148,8548.9,1840.75,4.85117,GAACGAGGCTTCCGGTGGCGCAAAGGGTGTCGGGAGCGGCTTCCTGCAAACCTTCCCTGGCATCTGGAGGGACCACCGTTGCCGCGTCTTCGGCTTCCACGATCTGCGTTCGGGCTACGCGGCCACGGCGGCAGCCACTGCGACTCCCACTGTGCCTGGCTCTGTCCATATTAGTTCCCAGGCGGCCGTCGCCGTTCCAGCAGCGGCAGCGGCAGCGGCAGCGGCGGACATGTTGTGAGGCGGCGGCGCGGGTGTCTGAAGGATGGTTTGGCCGAGGCGGCGGCAACGGCTGCTGGCGGCGGCGGCAGCGGCAGCGGGGCCTCGGGCTCTATAGAGCCGAGCCCGCTGGGTACCCGCCCGGTACCGCGGCGAGGCCAGTGCCCCTGGATCTTGCCTCTGCTCCGACGCCGTTGGGGACCAGTTAGGCGACAGCGCCCGCCCCTCTGAGGAGACACGAAGGTGGTTCCCCAGCCGCTCAAATTTCCGGACCACCGCGCTTTCCCCTCCTCAGCCTGGGCTGTGCTCTCTCTAGAATCCTCGGGCCCCCACTTTCTTCCCAAACTCATCCTAAATCTCTCACACACGCGAGTGTTCCCAGCCCTCAAGCCAGCTGCTCCTCCGTTCATTTTCTGCACCCTCTTCGCAAAGCACCCCCCGGGATCACTCTCCGAGGGCGACTTTTTGAGAAATCTCGGTGGAGTAGTGGACCAGAGCTGGGGAGTTTTTAAAAGCCGGGGCGCGAGAAACAGGAAGGTACT,34.649160382179524,5.114748488313575
230,ENST00000260506.12,ENSG00000137942.16,FNBP1L,93448131,93554661,4.950351526534987,5341,4307.53,379.876,1.9869,TCACTCACTGGGGAGCCCGGCGGTGGCGGCACCTTTCGAGGTAGACCCGCTGAGCTGCTAGCCCGCCGGCCAGCGAGTGAGAGGTCGGACAGACTGTGGAGCCGACAGACTGAAGGACAGCGGCACCGCCAGACGGCCAGAAAGTTCCGCC,2.4914950558835303,1.3170117111439057
231,ENST00000370214.8,ENSG00000117528.11,ABCD3,94418455,94518666,82.85936150479709,3538,2589.98,1479.64,12.8713,CGGCTCGCTGGTACCGGCAGTGCC,6.4375285716902795,2.686506930312446
232,ENST00000370203.8,ENSG00000152078.9,TMEM56,95117338,95247225,18.922774314954825,6822,4833.33,513.811,2.39507,GCGGCCGCGGCCCCTTTAAGGAGCAGCTCTGCGGTAACCCGAGCCCGCAGTCCGGGCGGGCGCGACGGCCGCCGCGGTAGCTGGAGCCTCCGCGACTGCACCTCCAAGCGGCCCGGAACCCGCGGCTTCCCTGGCTCCCGTGAGCATCTCACCGGGCGGCACTGGCCAGCGCCAGCCCTCGGGCCGGCCCGGATGAGCAGACTCCTGTAGACACCCGCCGCCCTCTCCCGGCTCGGCGCAGCCGCCGCCCGCGCGCGACTCGCCCCGGGACCCGGCACAGGTTGAAGAAAT,7.90071869087535,2.9819838943785544
233,ENST00000370202.4,ENSG00000122481.16,RWDD3,95117338,95247225,16.265470044415537,1235,855.917,63.5042,1.6716,AGTGCTGCTCCTGGCCGGTGGAGGCGGCGGCTGCGGCAGCGGAAGGGGAAGCGCTGAGGCGGTGGGGCCCACAGCC,9.730479806422313,3.2825109455284176
234,ENST00000370197.5,ENSG00000117569.18,PTBP2,96721665,96823738,9.933924970885148,3057,2358.54,377.709,3.60808,GGCTCGCTGGCTGCGTGGCTCGGTTCTTGTGAGCGAAGCTTTGTCCGGTTCGGCA,2.753244099600105,1.4611325233628154
236,ENST00000306121.7,ENSG00000162627.16,SNX7,98661701,98760500,16.780109410003703,1734,1329.18,307.159,5.20647,ACTCTCGGG,3.2229340436041505,1.6883746643705082
238,ENST00000361915.7,ENSG00000162688.16,AGL,99850084,99924023,21.13087399024486,7368,5874.25,568.265,2.17952,CCCGGAAGTGGGCCAGAGGTACGGTCCGCTCCCACCTGGGGCGAGTGCGCGCACGGCCAGGTTGGGTACCGGGTGCGCCCAGGAACCCGCGCGAGGCGAAGTCGCTGAGACTCTGCCTGCTTCTCACCCAGCTGCCTCGGCGCTGCCCCGGTCGCTCGCCGCCCCTCCCTTTGCCCTTCACGGCGCCCGGCCCTCCTTGGGCTGCGGCTTCTGTGCGAGGCTGGGCAGCCAGCCCTTCCCCTTCTGTTTCTCCCCGTCCCCTCCCCCCGACCGTAGCACCAGAGTCGCGGGTCCTGCAGTGCCCCAGAAGCCGCACGTATAACTCCCTCGGCGGGTAACTCATTCGACTGTGGAGTTCTTTTAATTCTTATGAAAGATTTCAAATCCTCTAGAAGCCAAA,9.695196185510966,3.2772700920401734
239,ENST00000370153.6,ENSG00000117620.13,SLC35A3,99969789,100035637,19.618652614926912,5708,4117.07,362.287,1.98256,AAGCGAATGAAGACGGCAGTGTGTGCCTCAGCGCCTGGTGCGTGCGGAGCTAGTGACGGGTGGGCCCGGCTGGGGCCCGTCATTCCTTCAGTGAACATCCC,9.89561607967825,3.306789529145266
240,ENST00000370152.7,ENSG00000156875.13,MFSD14A,100038097,100083377,22.24746762640054,2777,2408.13,1213.0,11.3486,AGGCAGGCCGGGCCCTCAAGATGGCGGCGGGCGCCCAGAGCGGCTCGGCCCGGCAGTAGTGGTGGGACGGCACTAGCTGCTGGGGCCTGCCGCCCCGGGAGTGGCTGCAGCAGCGCCAGGAATCGAGGATGGTAAA,1.9603711141815325,0.9711267940894033
242,ENST00000482437.5,ENSG00000122435.9,TRMT13,100133150,100150497,20.68943192890213,1582,928.531,49.7313,1.20669,AATT,17.14560651774866,4.0997670347206245
244,ENST00000370128.8,ENSG00000137996.12,RTCA,100266207,100292769,65.81175266518095,2535,2226.76,465.927,4.71418,GCTGACTCCAGTGTCCCGAGAGGCGCCGCTTCTTCCGCTTTCTCGTCAGGCTCCTGCGCCCCAGGCATGAACCAAGGTTTCTGAACTACTGGGCGGGAGCCAACGTCTCTTCTTTCTCCCGCTCTGGCGGAGGCTTTGTCGCTGCGGGCTGGGCCCCAGGGTGTCCCCC,13.960381798145372,3.803266492793008
245,ENST00000336454.3,ENSG00000079335.18,CDC14A,100344477,100520277,5.464474876442732,4137,3615.55,249.938,1.55747,ATCACTTTGGAAGCCGGGGGAAGACTTTGCCCTGCCCTGAGAGCTGGTCTGCGTTTCCCAGGCGCGGCGGCGGCGGAGCAGCAGCTGCAGCAGCCGAGTCCAAATAGGAGCGGCCACAGCCAGGGGCGTGAGCGCCCCGCGCGGAGCGAGCTCGGGTTCCCCTCGGAATGTCCCCGGGGCGCCCGGCGCGCTGACCCCGAAGCCGCCTCCGCCTTCGGCGCCTGCTGCCTCCCTCGGCCAGGCTTGTTGTTCGGGACTGTGAGCTTCCTGGCTCCTGGGCAGTGGGGAAGCCCCCGGGGGCGAGTGACTTCAGCTGGCCACGACCCAGCCCTCCCCCGTGCGTATCTCGCTTAAG,3.5085586730034812,1.810878488546136
246,ENST00000370112.8,ENSG00000162695.11,SLC30A7,100896076,100981753,64.64348360453562,7898,5853.77,769.041,2.95989,GCGCGGCCCGGGCCGGAAGTAAGCGAATTCCCGGGTGTGTGTCTGTGTCTGTCTGTGTCTCGCAGCGGCGCGCGGCCCCGGACAAGCGCTGGGGATTCCCGTTTGAGGCGTCACTACTGTCACTGCCATCACCCCACGGAGCCACTTCTAGAGGGGAGTAGACCCGGCCCTTCGCCGGGCAGAGAAG,21.83982634643031,4.44888947998488
247,ENST00000524631.5,ENSG00000185946.15,RNPC3,103525691,103579534,2.2483448010000884,2013,1653.84,77.4941,1.05569,GCACATGCGCAGTCGTGAGTCCTCTTGTCCTTGAGCGTCAACCTTCTTTCCCTGAAGTGGCTGGGGTTCCTGTTTCCTTCTTTGATTGACAACTTGTGTTAACCCTCGCACATCTCTGGGCCAATTTTTGCTTGTAAGTCTTTCCGGAGACCCCTGGAATTTAAATCATTAGCACCGCGCCCTTCCCCGAAGAGTCTTCGAAGGGTTGCCGCTTTTCGGTGGCGCAGTTCTCGCGAGAAGGTGACTTTCTTTCTCGGTATTTCCTGGTTTCCAGAATCCTTAGCGCGAGGCGGAAAAAATATTTCTCCCAGCTTGTGTTGATGCCGCGATTTTGACTGAGACTTCTTCCCACGATTTCTGTTTTTGCTTCTCCAAGGAAA,2.1297396025349187,1.0906770468375344
248,ENST00000370078.1,ENSG00000198890.7,PRMT6,107056679,107059294,33.0085576840404,2616,2953.73,764.0,5.82753,GCGCTACGCCCGCCGGGAGCCGGGCAGAGCGGCCAAG,5.6642450032930585,2.5018836696213578
249,ENST00000370035.7,ENSG00000162636.15,FAM102B,108560089,108644900,16.284108822395314,5600,4754.97,501.291,2.37522,TCCCGACTCCCAGACGGGCGGCAGCGGCGGCGGAGGCGGCGGCGGCGGCGGCGGCGAGCTGAGCACCAAAAGGGCGCTCACCTCCCCGGGCGAGCTGCAGCACGACCGCTCCCCGCGGGCGGTCGGGGTCCGCGCCGCAGCTGCCGCCGCGTTCCGGCCCAGGCTGCCGCGAGAGGCGGCGGCAGCGGCCCCGGCCGCGGCCGGCCTGCGGCGCCCCCCGGCCGCGCCCCCGCGCACAGCTCGCGGCCCCGGCCATGGGGCTGGGCTGATCCGGGGCTCGGCCAAGCTGAGGCGGCGGCGCCCGGCCGTGCGCCCAGCTTGCAGGCGCCTGGCTCTCACG,6.855831806062307,2.7773317162858433
250,ENST00000370025.8,ENSG00000134186.11,PRPF38B,108692323,108701803,67.24587962470541,3693,3230.63,1848.71,12.8927,GGGCAGTTGGCGGAAGAGATCGAGCTCCCTGGCTGCCGGCTCGCCTTCTGCGTGGAGTTCTCGCGGTCTGGGTTTCGCTGTCTGCTCTTGGCCCGGGGTCATTTTGTCGGCGTCGGGTGCCCTCTCTTGCCCAGCTGGGGCACAGCGAGGCGGCCCCTTCTCCCGACGACGTTCGATGGAGTAGGGTCCCAGACCGTTGTCCCGAAGAGCGAGATCGAGCTTGGCCCCCTCCCCCCCCTCCTTCCCTCCCTCCTTCCTTCCGCCGCAAC,5.215810468304189,2.382891445986622
251,ENST00000370008.3,ENSG00000116266.10,STXBP3,108746674,108809526,42.57993749592936,2478,1631.86,790.724,10.917,AGTAGGTTGGGAGTGGAAGGTGGTGGCTGCTGCTCCGCAGTGTCGGGAAG,3.900333195560077,1.96359737501312
252,ENST00000406462.6,ENSG00000121957.12,GPSM2,108875350,108934545,12.45786041794361,7433,6908.45,409.821,1.33652,AAAGAAGATAACTCATTCAAGGTCAATCAGCAATGTCTGAAGAAGAAAGAAGAGGACAGGAAAGAAACTTCAGTCTGAGGGTTGAGGACACGTCCCGGAGCAGAGGAGGACCAAGCTCCCAAGCCCCCTGTCACCTTGACACGCAGACGGTTCCCCAGGACTGCGAAGAGGGGGGCAACCAGCGCCCCGCCCCGCCCCGCTGCGCCGCCCGCCATTGGCCGGTCCGAAAGACGCGGGGCGTTGTCGGTTTGAATGAGAGCGCCTGGAGCCGGGGCGCAGGCGCAGAGGAGGGCGGTGTTGAGACCGGCGGAGCGGCGGGACCCCTAGGTGGCGGAGGGACGCTCCGGGAAAGCGAGGGGCGCTACGAGCTCTGGCCCACGTGACCTGCCGGGGGCGGGAGCAGGGGGCGCGCCGGCCTCCTGCGGTGCCCCTGCCTTGGGGAGGGGCCGTGACCACCCGTCTGTCGCCCGAGGCGGCCGCCGCTGCACCTTCACCGCGTACCCGGGACCCGCCCGCCCGCGGGAGAAATGTTGCTGAAGTGCTGCTGAAAGGGCCAGAGATGCAAGGATTTGGGATACATTTTGAACCTTTAAGCTGTCTGACATTGACCTCCTTTCATTATTAATAAAGAAGAATCAGGAGCTTAGGATGTATTAACACCAACTCATTAATATACTAACCGGACAATGTTCTACAAACAATTCTACATTGTAAAGGACTGGATTGGCACAAAATAAAATAATTTTATTTTATTCAGCTTATAATATGACTCG,9.321117841815768,3.2205029815037878
253,ENST00000338272.8,ENSG00000215717.5,TMEM167B,109089803,109096934,30.008063692137465,3730,3386.41,239.843,1.5957,CGACGACGTGGTGCTTTAGGATCTGAAAGATGCGACTTGGTTTTTGTTGTTGTTGTTGTTGTTGTTGTTGTTTTTGAGACGGAGTTTCCGCTCTTGTTGCCCAGGCTGGAGTGCAATGGCGCGATCTCGGCTCACCGCAACCTCCGCCTCCCAGGTTCAAGCGATTCTCCTGCCTCGGCCTCCCGAGTAGCTGGGATTACATTACAGGCATGAGCCACCATGCCCGGCTAATTTTGTATTTGTAGTAGAGACGGGGTTTCTCCATGTTGGTCAGGCTGGTCTCGAACTACGATCTCAGGTGATCCGCCTGCCTCGGCCTCCTAAAGTGCTTAGATTACAGGCATGAGCCACCGCGCCCGGCTAATTTTGTATGTTTAGTAGAGACGGGGTTTCTCCTTGTTGGTCAGGCTGGTCTCGAACTCCGACCTCAGGTGATCCGCCTGGCTCGGCCTCCCAAAGTGCTGGGATTACAGGCGTGAACCACCGCGCCCGGCCGCGACTTGTTTTTGTTACAAGGTTCCTCATTTCATTTGCAACGTTCAGACGCAGTCTGACTAGATTTCCATCCGGAGTAAGGAAGAGCAGCTCAAGGGCAGTCACGGAGGCCGCAGGTGCGGCTTCTTCACCCGCGGTGCTGGAGTTCTCTCAAGTGGAAGCCCAGGACGATGAAAACCTCATAGGTAGGCTGCTGCTTACACACAGCAGCCGCCACGGCGCAAAATAAACTACAAAACTACAAGCCTTTACCTTTTCAAACACACTGACGCGGGCCAGCCCCAGCCCTACGCCCGCAGGGGCACGCAGAAAAGACTTAGTTACCACGGCCAAGTACGAAGCCTTCGAGATAGCGTTCTTCTTACCCTACGTAAACACGCAGTTTCCCGAGCTCGACAATCGGCTAGCCACTCCTGATAGCGTTCGGCGCTCGCCTCTCGGCCCTTGCTCCTGCGTACTACGGCTTCTTCCAGTCACCTCGGCCCGGATCGGGAAGTGTCAAGCGGGCGCTCCCCCATCTCCGCCGCTATTACCACTGAACCCGGACCCCCTACCCAGGTCCAGGGCCAGCCGCC,18.805579803307307,4.2330888823323765
254,ENST00000234677.6,ENSG00000031698.12,SARS,109213918,109238169,112.75169680069526,1852,1938.76,2443.25,28.3927,GCAGTGCGGCGGTCACAGGCTGAGTGCTGCGGCGCGATCCTTGCTTCCCTGAGCGTTGGCCCGGGAGGAAAGAAG,3.971150922620788,1.9895571911769185
255,ENST00000271332.3,ENSG00000143126.7,CELSR2,109250019,109275750,6.008728489265015,10534,16086.7,976.683,1.36788,AGGAGCCGGAGGAGGAGCCGCCGCCGCCGTTGACCCGGCCGCCGGCCGGGAGCTGGGAGAG,4.392730714145258,2.13511806117096
256,ENST00000369851.5,ENSG00000065135.9,GNAI3,109548611,109632051,168.48197195215414,27174,26470.5,1848.91,1.57368,AGCTGACGGAGAGGGCCACCGCCCAGCAATAGACGGTGCCTCAGCCTGCCGAGCCGCAGTTTCCGTGGTGTGAGTGAGTCCGGGCCCGTGTCCCCTCTCCCGCCGCCGCC,107.06240909978786,6.742308211179472
257,ENST00000342115.8,ENSG00000116337.15,AMPD2,109548611,109632051,19.044722298238295,3728,5566.86,449.356,1.81862,AAGGGCCGCAGAGCCTGGCGCGGAGCCGGCGAGATTTTGGTGGGGTCTCACCTGTTGCGTGACTCCCCCACAGTCCGGCCGCGGGAGTCCGACCCTGAATGCCCAGGGAGTGTTGAGAGAAATCTGGACGAGTTTCGGGTCCCGCTCCCTTGGGAGCACGTGGCCTACCAGCCTCTCGATTGCAGGGTTGGGTGGTCGCGACACCGGGGTCGCCTTGAGGCCAGTCCGGCTGCCGAGGTCTGCGGGAGTCCACCTCCGGCCAGCTGGCAATTTTGAAAGACTGCCTTACTTTCCCCATCTCAGTGCCAGGGCAGGGGCCCTTGGAGTGACTTGGCTGGGGTCTGTGGCCCGATCCCCCTGCCGTCCCTCAGGACCCGGGCTTTCTGCTGTACAGACTTCTCGTGGGCAGCCTCCCCTCGGAACTCGGGCATC,10.472073494318932,3.388475222332561
258,ENST00000369799.9,ENSG00000168710.17,AHCYL1,109984686,110023741,91.37657825683938,4015,4249.77,1770.59,9.38673,CAGAGTGCCCTTTCTCCCCGCCTCTTCCCCCTCCCGGGAGCTGCCAGTACTTGACGTGGCGTCACCGCCCTCTACCCTCGCTTTGCGTGCGTGTTTGCGTACAGCGGAGGTGGCGGCGCGGGCAGGTCGGAGCTCGGAGCTGCTGTTCTGGTTCTCTTGTGGCCGCCGTCGCTGTCCGGCTGCCTTGGGCTGCCGAACAGACAAGGCGTGGGCCACAGCACCTCAGAAGCCGACGCAGCTCGACGCAGGGGCCGGCAGGAGGGTGGGCGATCGCGTGTCGGAGGGCGCCGCGCGGGCAGGCGGGCGGGCGCCAGAGGGGGAAAGAGGCGGGGGCGGCGGGTCAGCCGCTGGCCGGGCCGGCCGGGGA,9.734655013709714,3.2831298522039947
259,ENST00000369795.7,ENSG00000143093.14,STRIP1,110031577,110074641,25.93449993072386,3265,4012.79,570.419,3.20265,CTGGGGGTGTGGAGCAGCCAAG,8.097825216843507,3.0175345042746353
260,ENST00000602849.1,ENSG00000162775.14,RBM15,110338506,110346681,148.142666096757,3368,3803.49,562.566,3.33237,GGCGCCTTCCTGGAGCGCGGGGAGATGTAAAGATAGACAAATAATTTTCCCAATGAGACTGTAGAAGAGAGAGCAATTGGCCA,44.45564751115783,5.474294801204349
261,ENST00000369722.7,ENSG00000116459.10,ATP5F1,111448864,111462773,238.370117676476,3156,2670.44,575.433,4.85482,TGACGCGACCCAGGGTCAGGATAACATGCAGGGCGGGGATGGGCTGGGAGGGTCAGTCTCCGGGGAGGGGCGCCCTGGGCCGGGGTAAGGGAGCTCCCAGGCCCGGGATCTCGGCTCACCGGACCGGTACCGCGCAGCCTCCAACTGCCGTTCCATGCAGGCGGGCGCATTTGGGGGAAGATTCCACTCCCGGGCCGCCGGGGGCACTAGGGGGGGTGGGGTTTCCTTCCGCATCTCCACGGTTCCAACTCCAACCTAGACTCAAACTGGACGCCGGCCGGAGACTCCGCTCCGGCAGCAAACCCCACGTGGTGCACCTCTGAGCCTCCGCCCCTCTCCCGAGGGAACCGCAACTCTACTTCTCGCGAGAATTGCTTCTATGGCTCCATCCTGCTTTCCGGCTGTCGCCCTCATGCGATAGGCTCTCAGCGTTACTTGACTCTTCTCGCGATAATTTTTTTTAAAAATCTCCCAAGGAAAGTTGAAGGAAGAGTACAAAATTTTCATCTCGCGAGACTTGTGAGCGGCCATCTTGGTCCTGCCCTGACAGATTCTCCTATCGGGGTCACAGGGACGCTAAGATTGCTACCTGGACTTTCGTTGACC,49.09968189891201,5.61764177269925
262,ENST00000369709.3,ENSG00000116473.14,RAP1A,111542218,111716691,72.93139775426377,5024,4028.8,302.019,1.68896,GGCGCCGCCGCCGCTCCCGAGGCCCCTGCCGCCGCCGCTCCCGCTGCTGTCGCCGCGCAGAGCCGGAGCAGGAGCCACGGCCGAGAGGAGGGAGGAGGAGGAGGAGGAGGTGGAGGAGGTGGAGGAGGTGGAGGAGGCGCCGGACCGGGGGGATCGTCAGTATTTAAACAGATCACATC,43.18124630202241,5.432332978076391
263,ENST00000369702.4,ENSG00000064703.11,DDX20,111755245,111768016,51.274469513376886,4212,4038.44,1045.95,5.83525,GTGCGCCAGGGACTTGCTAGGAGATAAATGGGGTTTATCTCACCGGAGATAAATGTGGTTGCACAGCAGATGGACACACCAGCCAATGTGGTAAATAAACCCTTGGGTCCAGCTACGTTCTGCGCGCTCTCTGCCAGCACAGAGGAGCAGCGAGTCAGGGTACGGAGCGGGTAGCGTTGGGGAAGAGGTGGCCGCGAAGCGAGACAGGCCAGCGGAACGGAAAACGGAAGCACGAGACGGGGGCGTGACGCACCGGGCGCATCACAAAGAACGGCGAGAGGGCGGTGGCGCCGGGGGCACGGCTGGGCGGCTCCGCCCAGAAGAGGGCCGAGAGGCGGGGCGGTGCCCCCACCGCAGGCCCGCGGCGCCCTCTGCAGGCCACAGGCAGCGACTCACCAGTTGCCTCATCTTTCCTCTCCTCCCTCTTGGGGCTTTCCTCAGGCCACATTTTTTGTGTGTCTGGGCAGTCTCTCAGCCTCCGACTCCCGTCCCTTTCTTCCACTTCCAGGCCGGGCGTGTTAGTGTCTTCGCGGGAAAACTGCCAATAAAGTTTTTCTTCTTCTCGCTCCCAAGATCCCCGCCTCCCCTTAAGCACCGCGAGATCTGACGGCGCGGCTACC,8.787021895099077,3.135374288784402
264,ENST00000271277.10,ENSG00000143079.14,CTTNBP2NL,112396181,112463456,15.837127923917228,5897,5418.03,608.898,2.53201,GCCCCCGCCGGGCGGCTGAGGGGGCGGAGCCTCAGCCGCTGTGGATGGGGAGTGGAGGCGGAGGGGAGCGGAGCCCGGAGCGTCGTGGAAAGCATTGGACACATTTCCACCATGCTAATGGCATTTTAAATATATTTGGCAATTTTCCCAATTTTTTACTGAAGAAAACTGTAAGTTTATACTTGAGGACTGAAGTGTGACTCTGCCGATTATCAGGCTTTCAAG,6.2547651565030264,2.644955717499188
265,ENST00000263168.3,ENSG00000116489.12,CAPZA1,112619173,112671619,112.04741475172564,3020,2598.89,4711.52,40.8446,GGGAATCCTGGGATAGTGGCGGACCTGAAGTTGGCCTCTGTGAAGGCTGAGTCCTGGGGAACCGGGACCGAGAAGATTTCGAAGGTGGAGGAGCGTGTCTCAAGATTGGGGCTACCTGTTCTTTCGTGGGGCAGGGAAGGGGCGGACAGCAGCGCCTATTCTGGAGGAACTGGACTGAGATGTGACCCCGAAGTGTTACCGCTTCCAAACGAAATGAGGGTCACCTTTCACACCGCCCCCCCCCCGGGGTTGGAAAAGCCACCGATCGTTCCAGCTGCCGAGCAGCTCTTAAAGCTTTGGATTCGGCTGTCGTGGAGATAACGGGCACCAGAAAAACTTGTAGGAGTAGCAACAGCTATTTGGTCGGATGGAGGCCAGAAGCCAAGAATAATCGAAACACGCTGCCAGCGCCCATTAGATGGATGGGAAATGAGTGTAACTCATTGGGAAAGATATTAGACTTCAAATCACCTAAGGCAAACCCTACTTCCTGGGGCGCGGGCGCGGGCGCTGGCGTTAGGAGACGTCACTCCCGCGCATAACTGACATGGGGCCCTCTTGGTCGGCGTTTCCGGGCGGGTCCTTCCGACGGCCGCCGCGGTGATTCCATCACTCGGCTTTCTTCCCGGCCTGCCTCGCGCCCGTAGCCGGGCTGGGCCAGAACAGCCCAAG,2.7432614042425594,1.4558921025491935
266,ENST00000361127.5,ENSG00000198799.11,LRIG2,113073209,113132260,15.083421703383175,11555,11158.9,645.21,1.30269,GTCCGTCAGGCCGTGTGTCCCAGGCCGTCGACCCCGCTGTCGCGCTGCGTCTGCTCCTTGCATGCCTTTAGATGGTACAGCCTTCAGCCGGGGCTTCGGGAGACAGTGCAGCCACCGAGCATCTCTGCTGAGCTTCTCCGCCGATCCTCCTTTTCTAGCAGGCAGCTCTTCTAGGCCACGTCCAGGTCGAGGGGGAAA,11.57867313281224,3.533398030909603
267,ENST00000369615.5,ENSG00000081026.18,MAGI3,113390749,113685923,3.5361314092424068,6508,6339.12,641.62,2.2804,GGGCCGGAGCGGCGCCCCGGCCGCCCGCGCGGGGTCTCCCCCATGGTGCAGCGGGGTTCGGG,1.5506627825128954,0.6328849823820633
268,ENST00000369563.3,ENSG00000118655.4,DCLRE1B,113905141,113914086,59.53364615692664,3940,4451.17,577.78,2.92449,ACCAAACAGAAGACCGCTGCCGGTCTCCCCGCGAGCGAGCGCTAAGCGTAGTCCCGACTCCGACCTTAGGATGCCCTTCCCCCAACCTCTCACTCTCCAGGCGCAGCTGCGCGGCTCCCTCTGGTGGAGCTGCGGCGGGCAATCGGAAATCGGCTACTTTGGCCTGTCTCCTCCCTGCAGCGCGCGCTTTGAGTGCCCGGCTCGGCCTCCGCTCCCGCGCGGTTGGGAGTGTCCAGCGCCCTCCGCGATTTGGGCTCCAGCGGGCAGGGTGACTTCCTTTTTCTGCCCACTCTGGTAACTTATTGCTCTGCTGGGCTCTTTCCCTTAGGGTCTCTGGCCCTGTTCTTGCCCCAGCATGACTTTTATCGGGACGCCGTTGTGGAAGCCTCACGCAGGAGCCCTGCCCCCGTGGAGAAGATCCCACTGGTGACTCCAACCCTACCACC,20.356932715422737,4.347448294335721
270,ENST00000369558.5,ENSG00000163349.21,HIPK1,113929192,113977869,17.805527512685728,8157,8362.2,1232.7,3.32122,GAGGCGGCGGCGGCGGCGGCGGGAAGGGGCTGGGTGGTGGAGCGGGAGGGAGGCTGAGGAGGCTCCCCCTGCGGGACGGGCGCGGGGACGGCTCCGGGGGGCGGGGGCCGGGGCCCGGGCCGGCTCGCGCGGGGGGTATGATGACCCGGCTGCGGGGCCCCAGATCTCGTCTCCTCCGCCGCCTCCTCACGGCAGCCCCAGCTCGCGGCTGAGAACCAGACACACCGGCGGT,5.361140638887436,2.4225399818388755
271,ENST00000355485.6,ENSG00000173218.14,VANGL1,115641953,115698224,22.801647126262687,8691,9352.96,422.588,1.01796,AGGAAGCGGAAAGCAGCAGTGCAGCGGCGGCGGCGGCGGGGCTCTGCCTCTCCAGGAGCCCAGCGCAGGCCGCAGAGCCGGGGCCGCTGTGAGCCGAGACCGCGGGCCGCGGAGCTCGGGCGGCCGGCGCGGAGAATTTGTTCCTGTTGAAGAGTGGCTCCTCTTCTAATTTCCAGACTCCTTGAGGTTTTAGGAGTCTGGTAGGTGAAATTTTCTACCTCTAAGGAGAAACAGTACCTGCTCCTTCCTCAAGCGCAAGCCCTCCATTGCT,22.399354715571032,4.485385266364217
272,ENST00000295598.9,ENSG00000163399.15,ATP1A1,116372668,116410261,428.460707152865,3654,4350.43,6565.85,34.0033,CTGGGGCGCAGAGCAGCGGCGGGAGGAGGCGGACACGTGGCAACAGCGGTAGCAGCCCGGGCGGCGGCAGCAACAGCGGCGGCGGCATCGGCCCGAGCCGCCGGCCGCCCTCCCACCCTCCCGCCCCGCGGCAGCCCTAGCTCCCTCCACTTGGCTCCCCTGGTCCCGCTCGCTCGGCCGGGAGCTGCTCTGTGCTTTTCTCTCTGATTCTCCAGCGACAGGACCCGGCGCCGGGCACTGAGCACCGCCACC,12.600562508723122,3.655416234202323
273,ENST00000393203.2,ENSG00000134247.9,PTGFRN,116910057,116990358,31.902901678081648,6178,7718.86,1711.03,4.99422,GATTTATCGGCTCGCGAGGAGAGCGGAGCAGGCGCGCGGCCCAGGCGGAGGAGCGCCGACTCTGGAGCAGCCGGAGCTGGAAGAGGAGGAGGAGGAGAGGCGGCGGGGAAGGAGGAGGAGGGGGAGAGTCGCTCCCGCCGGGCGAGC,6.387964822951662,2.6753563681823134
274,ENST00000369466.8,ENSG00000116830.11,TTF2,117060303,117107453,31.440306930647544,9462,9569.38,1566.37,3.68785,AGAATTGGGGGCGGGGCTTTGTGGAACTTGGGGGACCCAGCGAA,8.525375742139063,3.0917634199872297
275,ENST00000356554.7,ENSG00000198162.12,MAN1A2,117367449,117528872,18.760244712230588,8576,7133.15,2066.35,6.52657,AGACCCGTGCGGTAGCAACAGCGGCGGCGGCCGCGGCGGCTGGCCGGACTCAGGTGTTTCGGACGCTATTGCCCTTCGCGCCAGCCGTCGAGTGGGCAGCAGCGGGACTCAGCCGGGCGCCAGGTTCCTGCCAGGCAGCGCCGGGAAGCGCGGGCGGCCGAGAACTCCTTCCTGCTACTTCGCCCAGCGCCGCTGCTTCGGCTTCCCAGCGAAGTGGGAGACCTTCCTCCCTGTTTGCAGACGTCCGTGGGAGACCCTTATTTTTTCCACCGCTAAGGTTAAGAGATTCTGGAATAGAAGCGTCGAAGGAGATCAAGTGAACCTTCTACAACTCCTCGGATGTCGCCAGTCTCCCTTTCGGGGCGGAAGACTACGTTTGAGCATCTCACTGAGGTGCAGGAATGGAAGAACCCACCTTGCAGCTTTTCTGCAGTGTGGCTTGCCTGATCTACCCCTAGGAATGAAGAGGAGGCTTGTAATAATCCGATGAAGTACAGATGTTGAAGAGGATATCGCAGGACCTAAACTTGTGATCGTTTGGGGGAGGTCACACACGTTTCTGAGTGGGAATGGATGGGCGTGAATGACGTGCCCTCTTAAAAAGCACAACAGTCCTTTAAGAGGAGCAAAATTGAGTTTTCCCATTTTGGCCAAGATTTTGAAGACAGTTCAATGTATTCTACATTTGACATAAGATGAGAACTTTCTAAAGTATTCTCTCCAAGAGCGTAAACG,2.8744416611222414,1.5232817505066003
276,ENST00000369448.3,ENSG00000183508.4,FAM46C,117605934,117628372,25.255117915387675,5751,5835.32,312.0,1.20462,CCGAGGGGACTGGCTCCGCCACGCCCCGCCCCTGGCTCCCCCGGGAGGGCGGCTCAGGGGCGGGGACGGGGGCGTGGTCCCGCCGTATAAGAACGGAGGGGGCGGCGGCGGGACGGCTCACTCGGTGCCGCTGCCTAGGGGCTGTAGAGGTCGCGCCGCTCCTGCTGGGGCCTGCCCACGCCAAGGACCTGCCTCTGTCGCCTCCTCTTCTATTGCCCAGTTTCCCCAGCCAGAACATCCCCTGAAG,20.965215516418187,4.389925755640214
277,ENST00000349139.5,ENSG00000065183.15,WDR3,117929720,117966542,62.203977341081895,9974,8968.77,1640.77,4.12171,CTCGTGGAGGCTGAGATTGCTTCACCTGTGGTATCAGACATCACAAC,15.091788927673681,3.9156919228933256
278,ENST00000369409.8,ENSG00000092621.11,PHGDH,119659798,119744215,262.4752188206388,1913,2509.98,3290.94,29.5401,GAGGAGGAGGAGGAGATGACTGGGGAGCGGGAGCTGGAGAATACTGCCCAGTTACTCTAGCGCGCCAGGCCGAACCGCAGCTTCTTGGCTTAGGTACTTCTACTCACAGCGGCCGATTCCGAGGCCAACTCCAGCA,8.885386942516742,3.1514346043794084
279,ENST00000334163.3,ENSG00000186141.8,POLR3C,145824088,145842505,50.14721340117779,1851,1808.56,983.6,12.2531,GTCTTCTTCGGTGGCGATCCGCGTCCTAGAAAGGGCGGTGGGCTCCACCTCGGCCTAGAAGGCCAGCGGGAGCCGTAGGAAGCCGTCGCGGGAAGCTCAGCCGAATTGGAGTTGGAGCCCCCGGATTGCGCTGACCCTGAGCTCTCAGACTCCCCAGTACA,4.092614391556242,2.0330227416412745
280,ENST00000334513.5,ENSG00000186364.11,NUDT17,145845629,145848953,1.1911272383102829,1473,1764.28,85.4128,1.09073,CAGAGTCGCGTT,1.0920459126550868,0.1270335124549943
281,ENST00000369314.1,ENSG00000121851.12,POLR3GL,145926590,145978848,8.95317100379283,1165,1104.5,160.781,3.27968,CTTGAGGAAGCCCAGTACATTTCAAGTTGGTCGCGGCTTGGGCTCCGCTTTGGGGAGGGGCAGCAGGTTTATTCACTGGATCTCTGAATACCCAGGCCCCCTCCACC,2.729891636925807,1.4488436844885089
282,ENST00000369258.8,ENSG00000131778.17,CHD1L,147172771,147295766,20.63884648146602,2967,3000.87,708.443,5.31887,GCGGGGCCTCTACCGGCCCG,3.8803066217948587,1.9561706586661918
284,ENST00000234739.7,ENSG00000116128.10,BCL9,147541412,147626216,2.3360336593399853,6278,8503.17,591.548,1.56737,CTTCCATGTGTGAAAGCTACTTGGCATGAATGCCTGGGCCGTACCAAGTGTCACCGCAGCAAGAGGGGGAGTCAGAAGAAAAACAGATCAGACCAGAGCAGACAATAGGCCCCTAAAGTGTTCCCCCTAAGTTGCTTTGATGTTGTCCTGGTGTCTTGATACCAGGAGGCCAGGGATTGCGGGAAAAGGGTCTTTTTTGTCTTCATTCACTTTCCCCCCTCAGTTTCTGAAATGATTCTCCAGAATTTCTCCTCATAAAAAAGGACTGAATGTGGGCCCAGTTGGCGTCATTCTGCTTTGACCTAAACATTCCCATCTGATTGGGTGGCAGAGATCATTTTTGGAAAGTTCTTCCGTGTCCCGATGTAGAAGAAATAGCAAATTGGACATATTGAAAGACAAGGGTCATCTTTGAGAAGGGGGTTCCTGGACTCCTCACCTCCAGGATGAGCACTGCAGTGTCGTGACCCTTGGGGTTTTGTATGCCCTGGAGATGCGAGATTTTCCTCTGGCAGCAGGAGGCACGCACCCAGAGAATGCTGGAGCTGCAAGGGGAAAGGACCCACTTCCACAGCAGAGAAAAACAAAGAGGAAAAAGGCATACAGGCAGCGAGCGCTAAGGGACGCACCCAGCAAGCAGTGGGCCAGTGCCACTGCCCCCAGCAGCTGTTTCTGCTGCAACCCGAGAGGAACTCGGTGAGCCTGTCCCGTTTGTGACTGCAAGCTCAGGATTTCAATCA,1.490416212725767,0.5757152730931039
285,ENST00000529945.2,ENSG00000178104.19,PDE4DIP,148808181,149048286,9.008046645543455,8824,7871.34,949.132,2.71669,AGACGCGAAGCCGCTGGCGCCATCTTGAAATCTGATCCTCCATCCCCGAGGCTTTGCGTCTGCGCGGCCGGCCGCTGCTGCTCCGGGAGCCCAGTCTGCTAAAAGGGGAGGACGTTGAGGACGCGGCGGCTGGCGGGAGAGACAGCTGGGGAGAGACATGGCAGGGTCGGAGCGCGGCCTGCGCCTCTGTCACTCAGCATCCTCTTAGGCGTTTCCACGCCCGCCCCCTGCCCGAGGGGCGGGGCTGACGGCTCTGGTACCCGGAGTCGGCGCGCGGGGCAGGGGCGCGCCCCTGCAGAGTGGGGACCCCACTGGGCTGTGCCATGCTGACCGGAGACCACCGAGGCGGGAGACAGAGCGCGGCGAAGAGCCATTGAGTGGTCACCCAGTAGCCGCCGCCGCCGCCGCCTCGGGAAGCTTGCCACCCGCTAGGAGGGAAG,3.3158169115885348,1.7293643481980727
286,ENST00000369130.7,ENSG00000136631.12,VPS45,150067293,150145327,37.49768122286626,2790,2707.49,439.361,3.65609,ACTGTTTCGCAAATACCGCGTGTGATTTATTAAATGCCGTCTCTCCGAGTCCCAAGCGGCCGGGAGCATTATGCCACCTCCCTTGCCCTCATCTCTCACTGCCATGCAAGAAAGCGTTAATGGCAAATAGGGCACGTAGCCACACTCCGTCGTTCCTGCTTCCAAGCAAACCTTGTGCCAGGTTCCTCATTTCGCGAGGCTCCACTCTCTTGGGCTTCAGGCTGCCGCTGGGCCTCCAGCACCAAAGGGCAATAGGGGTCTGAGAGTCCGGGCCTCAGGCATCTTCAGGCCGCAGGTGGGTGGAGAATAACGCCCGCGCGTGGCAGCGGCCCAGGCCGTCTCAGCCGGATTTTTCCATCCCCGGGGTAGGCTTGGTCCCCTGTACACTCCAGCGGAACTACAACTCCCAGCACCGTGGCTGCCCGGACTCCCGGAAGCCGAATCCCGGCTGGGAGGAAGCAGCTGAGACCCGGCCAACAGACTGGGGGTTAATTTAGCCAGAAAAGGGGGCGGGAAGGGCTGTAGGGTACTTGTCAATTCGCCGCC,10.256224880368444,3.3584278951699456
287,ENST00000369124.4,ENSG00000023902.13,PLEKHO1,150149183,150164720,6.851648958876583,2050,2636.83,159.912,1.36635,GGGGACCCGGGCCGCGTGGGCGCCGGGATGGAGGGCGCCAAGGGGCGGGGAGCGGGCGTGCGTGTGTGTGCGAGTGCGAATGCGAGGGAGGCCGGCCTTGAGTGAAACCGGAGCTACAAAGAAGGGGAGAGTCCGGGAGCGGGAGGGCGCGAGGGAGGAGCGGCGGCGCCGGGGCAGCTCCGACGCCCTCCCGCGGGGAAGGAGCCCCCGCGGTGCCGCCGAGGCCCCGACGCGGGGCCGCCCCTCGGCTCGCCGCCCCGCGCCCGCGCCCGCTGGGA,5.0145635883021065,2.3261241502116103
288,ENST00000369098.3,ENSG00000118292.8,C1orf54,150268200,150280916,5.917710361163766,418,201.924,10.613,1.18416,TCCTTTTTTACTTTCACAGCAATAGTGCAGAATCCAGA,4.997390860326109,2.321175059819201
289,ENST00000614145.4,ENSG00000266472.5,MRPS21,150293720,150308979,380.4990396764806,1226,1042.58,669.889,14.4763,AGGTGTAGAGTCCAGGCCCGGGGAAGAGAGGCAGTCAACAGAGGCCAGAAAGGACGTTGCTATGGTTTCCACGCACGTTGTCTCCCTCGGCCTGTTTCTTTGCGCGGCGCTGGCGATTCCGTAATTTCCGCTTCCGGTAGTGAGAACCCTTCCGGTGGGCTAGGTACTGAGCGCGCGAGGCTCTACAGAGTGAAGGTTTAAATCCAAGGTC,26.28427427426073,4.716127996607913
291,ENST00000324862.6,ENSG00000117360.12,PRPF3,150321476,150353195,21.216098795273258,2433,2600.66,1217.51,10.5475,GGAGACAGCGGCGTGGCGGCGGCGGTGGCGGTAGCGACGGCACGCCGTAGGGCGGTCAGAAGGTTTCCGGTTCCGGTGTAACGTTCGGGCTCCGTCTCAGGGGCTGAAGTTTGTGAGGTGTAGTATTGAGTCCTGTTTGAGCTATTGTTCTCTTTTTCCTGAAAA,2.011481279476014,1.008258311101601
293,ENST00000369068.4,ENSG00000163125.15,RPRD2,150363091,150476566,10.569517282000705,4612,5618.37,958.453,3.84346,GAAG,2.750000593736036,1.4594319301209127
294,ENST00000369064.7,ENSG00000143374.15,TARS2,150487364,150507609,42.64162595940787,2729,3319.11,730.903,4.96135,CTGTTTGAGGATGTAGGCACTGGTGTGAAGGAAC,8.594762707611409,3.103457808955454
295,ENST00000271640.9,ENSG00000143379.12,SETDB1,150926263,150964744,20.67209203539079,4437,5529.01,892.635,3.63738,GGCACTAAAGGTTTGCTTCCGGGCGTTTCTTTTGCTTCCCCTTCCCTCTTTCACGCTTCCTCCCCTCCCCCTCCTCCCTTATCCCTTCGCTTTCGCTCTTTTCCGTCGAGGCCGACCCCTGAGTTGTGAGTCTGGGGTCTGGTTGGTGAAAAAGAGCCCTTGAAGCTGGAAGACGGGAGAGGACAAAAGC,5.683236845034281,2.5067128399777276
297,ENST00000271620.7,ENSG00000143363.15,PRUNE1,151008420,151035713,23.553786748285752,2997,3287.8,571.893,3.91897,GGAGGCCGATTCGCCGTGTGGCGGGTTCGAGTCCCGCCTCCTGACTCTGGCCTCTAGTCCCTGAGTCCCGGGCGGGCTGCATTCGTCGGGGAAACCTCTCCTCGACCAGGGGCACCTCTACTCGACCAGGGGCGACGGCGTACTTTGGGCTTCATC,6.010198278702249,2.5874125867737074
298,ENST00000368926.5,ENSG00000143443.9,C1orf56,151047740,151051986,13.32726840835971,2096,2475.45,158.808,1.44538,GGCCTCGGTTCAAACGACCCGGTGGGTCTACAGCGGAAGGGAGGGAGCGAAGGTAGGAGGCAGGGCTTGCCTCACTGGCCACCCTCCCAACCCCAAGAGCCCAGCCCC,9.220598325948684,3.2048603703803993
299,ENST00000368921.4,ENSG00000213190.3,MLLT11,151057758,151068497,420.95183113916687,4075,5164.97,1563.24,6.81899,AACAGCCTTGAGATGAGATCACACAAACACTCAAATGTAGCTTCTAGGGGAGGGGAGAACCCAGGAGGCTGGGCTTTCTCTTCTCTTCTCACCACTGGAAGGGAGGAGTAACCAGAAGGAGCGGAAGCTAAAACACGCTGTCCAGAGAGGGGAGCTGTGGTCAGTGGGACGTCAGTGAGTCAGTCATAGGGTTTGTCCTGATGGTGGTGGTGGCAGGTGGTAAGGGTTGGGGAAAAATGAAGAATTAGAGGAAACCCCCAACACCAGCAGGCAGGCTGTACTGTGACTGGACTCTCCCTCAACATCCCCCACTCTGCTCAAAGCTGAGGGACAGAGGTGGATAGTGCTGGGAGGGAAGAGAAGAGAGGGGGAGGAGAAGGAGAGAGGGAAAGGGGCAGTGGAGAGAACAAGGCCATTTCTGTTTCTTTTCCAGGGACCTGACCAGAGCTGGGTGGAGGGAAAGCGTGTGTGTGGGACTTGGCATGAAATGACCAATGATGACGAGAAGTGACCAGGAAATTCCATTCCCTAGGACATTAGGGTCTCTGAAACTTGAGGGTGGGGTCAGAGTGTGAAGAAGACAGGTCAGGGTGAATGTGATGGTAGCGCAGGGCAGTGGGGGATGGGAACAAAGCCAGAAAAGGAAGTAAGAGCCACTGGCGGCCACTCTTCTTTAAAGCAGCCAGAAGAGAGTGGGTTGAGGAAAAATGAAGTCCTGAGCTGGTCAGCCCAGGCGGAAGAGCCACCCGAATCCAACCCCACAGTGAATAGGGAAGGGGCTGAGAAAACAACAGGAGGGATGAGGATTAGACCTCATAAGGCCACGTCCTGAGAGCCAAGTGGTGCTCAGAACTCGACCTCTCTGAGTTCCAAATGGCAAGAGTGAAATATGGAACCGGGAAAGCCACCCCCCGCCCCCACCAAGATCATACTAGGACTTGAGGGTCTCAGAGCTGTTGGGAGGTGAGCAGAAGGGATGGGAAAGAGGTGCCAGGGAGGAAGGATGTACAGGCTAGTTCTCTGGTCCTGTTCGGGCCCCAAACCGGTTCTCCCGGTCCCACCGCCTCTGGCCCTAAGGCCTCCAACCCGCGGCCTGACAAGCCCTCACATGAAGCAGCTGGAGAGAAAGAAAGAATCGAGAGAATGGCATGGGCAATTCTGGCTAGAAGCCCGGGGCAGCAGCTGGTCCCTGTGTGGAGACCCCGAGACATGGAGGGCTGCTGAGGGACTCTGGAGAAGCGGTGTGGACTCCATATTTCAGCCAAGTGACAGGCCCAACACCAACCTTCCCTTCCCCAGGAAAGGTCTTCTGGGGGCTTAAGAGGAAAGAGGGCTAGGCCCTAAGCCTCCCCTCCCCAAATATATTCAATCACACAGATTCCGTATCTGTCTCCCCCCACTACACAACTCTACCTAGAAGTTCTCTGCTGTTCTCAACCCTTAACCGGACTGGGACCTCTCTGGGAATCTTTCGGACCCTCTCCCTCCCACCTCCCCCAACATTCCAGTTCCTTCTTTTCCTTCTACTCTTCAGCGGCCTCAGCCTGCGCACCCCAGGAGCGTGGATGACTACGGCCACCCCGGGCGCGCACCCCTTTCCCACCACCCCAGCATCTCTGCAGCCCAGGACACCCGCCTCCCCCACACCCCGCATCCGGTGTGTCTCCGCCTGGCCCGGCCGGCGCGGCAGGCGGGCCAGGGGACCAACTGCACGGCCTCACCTGCTCTTCTCCACCATCCAGACGTTCAGCTACAGCTGGTGGGGGTGAGGGACTCTGCTCCGTGGCCGCCAGTGTGGGCTTCCCGGGCTAGCTCTGCGGCGAGGTGGGGGAGCCGAGTACGAGCCGGCAGAGGTGGGGCCGGCTGAGGGCGGAAGCGGCGGCGACGCGATTACGAAACCCGTCCGGCTCGGAGCCCGGCGCACTGCTCCCCTCTGGACTGCGGAGGCACTGCACTGCGCGGGACGTGGGAGGGTGCCTCTGCAGCCCCTCAAGGCCGCCGCCCCTGCGGGGAGAACTGGAGAATGCGGACACCTAGATGAGGCCCTGGCACCCAAGCTGGGGCCCCCGGAATCTCACGTTCCCTTTACTCGCCAGGCATTTCGGGGCAAAACGAAGCGGAGCCCCCCAAACCCCCAGACCTAACCAAGTTCAGAGATTCGCAGAAGCACGCCCCCCACCCCAAATTTATTGTGCTCTACCCAAAATGGAATAGGACTAGGTTTATTTACCCATTGTGAGGGTAGAGAGGCGAGTCTGGAGGAGCAGGGATTGGGAGAAGGGGTGGAAAAATACTCTGATTCTTAAAAATACTTTGTAACCTAAAGTCCTTAAATTGTGGAAGAAAGGAATACTCCTCCTTTCCATTGTAGTCTAGAGTTAAGATTTCAAATCCATAAATTAGAGGACCTAAAATTAGAGGGCAATTAACTGCTCATTCATTGGGCCCCCAGTCAGCACGGGGGTGCTGGAAGAGATCGGGAATAATAGCGCAGACCAATGAGCCTAGGGAGATGCTTTCATCGTCTCTCCTTCCCTCAAGTGTTCTGGAACCTATCATTTGAATTAGCCGAGTCAGGCAGGAGGGGGCGGGGAATCCTTCCGCCCTTCTTAGGAGGGGCTGCATTGCAGGGGGAGAGTGAACTGACAGACTCAGTCACTGAAGAGGGAAAAGGAGTGAGAAGACAAAGCCGTCAAAGCCCCAACAGCTTTGTATTTCTCCAGCCCGGCGCAGACCCCGGAGCTCCCGAGGCACTCCCTCCATCTTTGGAACACGCCAGTAATTGATTGATAACAGGAAGCT,61.732284566947136,5.9479532779932365
300,ENST00000368916.1,ENSG00000143458.11,GABPB2,151070578,151125542,4.737491376211503,1680,1478.77,146.237,2.22801,CTACCTGAAAACTTTTGTTCCTATGCATAAAG,2.1263330847758777,1.0883676091525132
301,ENST00000368902.1,ENSG00000163156.11,SCNM1,151156629,151170297,15.768091918602522,869,787.469,140.472,4.01901,CTCTTGCTACGGTGGCCTGGAGGAGTGGCGAAACCGGAACAGAGAATTTATCACTTCTGGGACTCACAGTCGTGATGTCTTTCAAGAGGGAAGGAGACGATTGGAGTCAACTCAATGTGCTCAAAGTAAGCGTGAGCGGAGAGGATCTGGAGCCGCTTCAGTCGCTCCCTGAAGAAAAGAAGAGTCGGGGACCTCCTAGCCAGTTACATTCCAGAGGATGAGGCGCTG,3.9233771298410614,1.972096019381605
302,ENST00000349792.9,ENSG00000143398.19,PIP5K1A,151197949,151249536,83.84846790125802,3767,4125.61,1188.0,6.48768,GGATTTTTTGCTTGGCTACCCGGAGTGAAGCGGCCGGGTTGGGCGATTAACAGGCCGTGGTTAGGAAGGACGGAGAAGGGGCGTTCGCTCCTTTGGGACTTTTCATGCCTCGTTTTTTTTTCAGATGTGGCTTGGTCTGGGCGCAAGGTCCCAGCAGCCAGCTTAAGCTTACTCTTCTGTGAAAGGGGAAAGTATCCCCTGTGGAAAGCGGTTAAACTTGTGGAGGGGGTGCGGGACGTGAGTTCTTCCCCATGCCAGGCGAATGGTGTGGCCTTGAGCTGGTCCAGGAGCCGGCTCGACGTGTCTGAGGGAGGCCCCGGAGGGGGCGGGGAGGTGGCCCACAGAACGCGGGTTCTGTAAAGAGACGTTGGGAAGATTCGATTCCGAGAAGAGGAAGAACCGGATTGAAAGAGAGCCAGGCCGCTGAGGGGGAGGGGGCTGCTAAG,12.92426073746825,3.6920098562097428
306,ENST00000368881.8,ENSG00000159352.15,PSMD4,151254703,151267479,153.38575259723515,1333,1398.15,200.047,3.22359,GAGCGACGGGCCAATTGGAGGAGTTGTTGTTAGGCCGTCCCGGAGACCCGGTCGGGAGGGAGGAAGGTGGCAAG,47.58227708772987,5.572352409621568
307,ENST00000290541.6,ENSG00000159377.10,PSMB4,151399534,151401944,980.5740782241254,964,830.164,2995.61,81.2988,ACTTCCGCTTCCGTTGGCGCAAGCGCTTTCATTTTTTCTGCTACCGTGACTAAG,12.061359801425425,3.5923206611786873
308,ENST00000368848.6,ENSG00000143367.15,TUFT1,151540305,151583583,15.250538325193016,3033,3523.25,328.602,2.10131,CAGTTGGAGCCAGACAGCGGGGTGGACAAGTGGCGTGTGTGCTGCGACCCCGAGGGAAG,7.257633726196048,2.85949924960667
309,ENST00000458013.6,ENSG00000143376.12,SNX27,151612065,151699091,36.40868795346341,6403,7038.46,979.917,3.1367,TCCCGCGGCCGGCGGATCGGGCGCGCGCGTCGGGGGTCGTCCGGCTGCCAGGCAGGGCGAGCACGCGCCGGGAGGCCTTGGAGGCGTAGGGGGCGGGGGTACGGCTCGCCTGCTCGCAAG,11.607322330303633,3.5369632930737303
310,ENST00000368690.7,ENSG00000160679.12,CHTOP,153633982,153646306,200.0740220528384,2165,2418.44,769.22,7.16602,TTTCCCGCCCTCTAGTCGTGCGCGGATCTGACGCCTGACGTAATTGCGTAGACGCCATTTTAGCCGGTCAGACAAGCACTGGACGTGGCGGCCATTTTGTTTTGGACACCGAGCAGGAGCTGGCGGCCGCTGCAGACGAAAGGCAGGAAAGGGCAGGCCGGGTGAGCAGACGGATCGGCCGACTAGACAGCCAACCAGCAACAACGAACTGAGCTCGCATACTACCGCTTACGCATCTAACCAACCGCCCATCTAGCTAACCCGAGCCCCTCCACCGTCAACTCAGGTTCGGCCGGTCCCCGGCCCGCCTGCCGGAGCCGTGGTGGCAGCCCCGGGAGGAGCACTGGCGTCTGTTTCCTTCGATTCTCGGGATTCGAAG,27.919824679925313,4.803217977187203
314,ENST00000368685.5,ENSG00000143553.10,SNAPIN,153658654,153661830,117.40286744694964,1030,957.096,512.444,12.0629,CGGGCGCCCCCTCACGGGGCGGGGCAGTGCGGCGCGGCTCCGGTTCCCGGCGGCCCTCGCGGCAGGTTTCGGGCTTCAGGACAATTCGTG,9.73255746519905,3.2828189578888125
315,ENST00000318967.6,ENSG00000143624.13,INTS3,153728067,153780157,39.69667404834669,5235,6829.75,841.203,2.77497,CCTTCCACTATGGCCGCTTCTGTGTGGTGTGGGGAGACGCTGGTCCTCCCCGTCCTCCCATAGCGCTTATTGCCTCACCCTCACCCCCTAGGGGCCGGATCCAAAGGCGCTGCACTCCCCAAGCCTTGGGGCATCAGCCAGGAAGGTTTCCTACCTCCTAATTCAGGGGCAGGACTCCTCTTTTCCCCCCACGGGGAAAAGAGGCAGAAACTTAGGGGTTTCCCTCCTTTCTTAGGGTCAGACGCTCTTAGGGTCCACTTCTTCAGGGGCGGAAGCCTCTCCTACCCTTCCCATAGGGACACAGGCCTTTACCCCACTGTACTTCGGAGCCAACGCCTTTCCCTCAGCACTGCCACCCCAGAGTCAGGACCCAGAGGACTGTGCCTTCGCCCCCAACGCAGGCGCGGCCTTTTGGAGAGGAGGGAGGAGTGGAGAGGACAGGGGCCCTTGCTCTCCCCTCCCCAACTTGTTCCTCTTGCCCCCCAGTCCCTGGCAATCCAGAGATCCCGATATCTAGGACTGTCCATCCATCCACTCCCTGACCTTTTCCCGGCTCCTGGCTGCAGCC,14.305262416655562,3.8384740576819913
316,ENST00000343815.10,ENSG00000143569.18,UBAP2L,154220179,154271510,78.20209231734395,3411,4255.36,3389.25,17.9444,CCCGACTAAGTGACTTAAACTCCCACCTACTCCTGGAATAAGGAGTCAAAGCCCGGATAGGCGCAGTATTCTACCTTGTAAATACTGTTATTTGTATATACTGTAA,4.358022130433112,2.123673522609175
318,ENST00000328703.11,ENSG00000143575.14,HAX1,154272511,154275875,311.96033915130795,1227,1259.16,1589.65,28.4435,AAAGATAAAGCCTTTCAAATTTGAGGAAGACCTTCGGTCCCGCCTCCATTTCACGTCCGGCTTACCGTCGTTTACGACAGTGTCAGGATCGCGGGCTTGCTTTCCGGTAGCGTGGGCTGACGCCTCGCTCAATTTCTCACAGGGCTGCGCAGGTTTCCCCCGTCTGCGAATGGACCACTGGAGGGGTTCAAAGGTTCGCGTCCCAGTACGGGA,10.967719835860844,3.4551917187669776
321,ENST00000315144.14,ENSG00000160688.18,FLAD1,154983338,154993111,39.6984138284154,1730,2226.95,475.205,4.80765,GAACAAGGGAAAGAGCCGGTGAAGGGGCAGAACAGGCAGGTTCCCTCGACCCAGGACCCCCTGTTCCCAGGCTATGGCCCCCAGTGCCCTGTAGACCTGGCAGGCCCCCCGTGCTTGCGACCCCTATTTGGGGGTCTGGGTGGCTACTGGAGGGCCTTGCAGAGGGGCAGAGAAGGCAGGACC,8.257342740926523,3.045677588998135
322,ENST00000271836.10,ENSG00000143537.13,ADAM15,155033824,155062775,17.44455740512204,2799,4160.29,454.476,2.46121,CCGAGGCGACCTGGCCGCCGGCCGCTCCTCCGCGCGCTGTTCCGCACTTGCTGCCCTCGCCCGGCCCGGAGCGCCGCTGCC,7.087797223772877,2.825337330128545
324,ENST00000368408.3,ENSG00000143590.13,EFNA3,155063731,155087538,5.159659039690792,1782,2539.0,125.144,1.11048,GGAGCTGGGAAGCGGAGAAGCCGGGAGCGCGGGGCTCAGTCGGGGGGCGGCGGCGGCGGCGGCTCCGGGG,4.6463322524411,2.216092322853194
325,ENST00000368404.8,ENSG00000169241.17,SLC50A1,155135344,155138857,23.74497277591805,1300,1327.14,90.3968,1.53461,GTAGGTCCCGGCAACCGCAGGCTCGCGGCGGGCGCTGGGCGCGGGATCCGACTCTAGTCGTA,15.472968881942675,3.9516781359089523
326,ENST00000368356.8,ENSG00000160752.14,FDPS,155308748,155320666,147.4465211497469,1431,1540.75,110.198,1.6114,AGTGTGGGGAGAGCGGGAACTACTCGACCCACAGAGCCGATCGCGGAGCGGATTCTGCTTTTAGGAGTACCCGCCAACAAGCGGGACCGAGCAGGAATCCGTATCTGGGAACAGG,91.50212309156441,6.515733313017774
327,ENST00000368336.9,ENSG00000132676.15,DAP3,155687960,155739010,102.22365617578754,2089,1974.46,483.946,5.52218,GTCGTTTCCTGCCGGATGACCCGACCCTTTTTTGCAGTCTCAGGACGGGCGCTTTGGAGCCGGCCCCAGGCAGCGTGTGTCGGTCGCCTAGTCTGGAGAACTAGTCCTCGACTCACGTGCAAGG,18.511467604422084,4.210347372683026
328,ENST00000368324.4,ENSG00000132718.8,SYT11,155859509,155885199,18.93704333363933,5240,5742.74,807.049,3.16623,AGAAGGCGGAGCCTACCTCTCATCAGGACCAGTCTGACTGCACCTGCATCCTTAGCTCAGCGCATCCCCGGAGCATCTTAAGAGCTGAGCGCAGCTGACAACTAGGGGCCGGACCGTCGCAGGAGGCGTCCGCTGGATACCTTCCCCCTTCCCTGACCTAGAGCTCTACAGCTGCTGCCTCGGTACTGACCGAGGGTTCCCAGAGCTGTCTCACCATTGCAAAAACGTTATAGCAACAGCCTCTGATTACGAC,5.980943688120992,2.580373134383221
329,ENST00000368305.8,ENSG00000116586.11,LAMTOR2,156054752,156058510,211.33457638136585,655,557.345,243.556,9.84547,CAATAGCCAGGCGAAGAAACTACAACTCCCAGGGCGTCCCGGAGCAGGCCAACGGGACTACGGGAAGCAGCGGGCAGCGGCCCGCGGGAGGCACCTCGGAGATCTGGGTGCAAAAGCCCAGGGTTAGGAACCGTAGGC,21.46515873608531,4.423924936525479
330,ENST00000368301.6,ENSG00000160789.19,LMNA,156082573,156140089,39.970374353189925,2461,3400.38,154.76,1.0254,ATTCCTTGACCCGAGGAGGATAGGGATGTGGCCTTCGGTCTTTCCTCGCAGCTCCGGGGCAAGCTAGGAGTGGGATGGAAGTCGAGAGTCGATCCCGGAGCCCGGCCGCGGGGAGAGGTTCTCGGCAGAGAAGACAAAGCCCGCAGCAGCGATGGGGGGAGAGCTGGGCTCTGCGTGTTGTGGGGGCCAGGAAAGGGTGCCAGGCTGGGGCTGGAACCCCCTGGCAAAGGATGGGGTCCCCTCATCCCTAAACAGCAAGCCATCTCCCCTCGCCCGCCCCCCGCCCCCCCAGTCTCGGAGATCTCAGAGGCACCGACTGGGAGACTTGATGTAATTGTCTTCACAATTCTGTGAAGATGGACTTGGTGTCTCTGCTTCACATGAAGGGACCTGAGGTTCAGAGAGGCTAAGTAACTTTCCTAGGTCACAGAGCTGTGTTCGCGGGAGCGCCGCACCTACACCAGCCAACCCAGATCCCGAGGTCCGACAGCGCCCGGCCCAGATCCCCACGCCTGCCAGGAGCAAGCCGAGAGCCAGCCGGCCGGCGCACTCCGACTCCGAGCAGTCTCTGTCCTTCGACCCGAGCCCCGCGCCCTTTCCGGGACCCCTGCCCCGCGGGCAGCGCTGCCAACCTGCCGGCC,38.98027535906955,5.284672376805919
332,ENST00000368277.3,ENSG00000160783.19,PMF1,156212982,156243332,167.37652683778788,1068,1200.66,1000.41,18.7724,AACTTCAAC,8.916096334927227,3.1564122044364886
333,ENST00000368235.7,ENSG00000163382.11,NAXE,156591762,156594299,142.27319961825083,1125,1371.48,1601.22,26.3042,GCCGGGGCCGGGCCGGGCCGGGGGCGCGCGCTCTGCGAGCTGG,5.408763604985166,2.435298844548474
334,ENST00000368216.8,ENSG00000143303.11,RRNAD1,156728442,156736960,16.608666139446466,2254,3093.49,210.447,1.5327,CGCCGACGAAGCCCGGGAAGGCAGGCGCGCGGGTTAGAACGCGCCAGAGGTCGGCGCGCGCACACCCGCACCGCCCCGACCCCAGGTAGTGAGGCCAGTGATTCCGAGTGTGTGAGGAGCGGCAGTGGCGGCGGAGGAGGGGGCGGCGTGGGTGGGGGCGGGGGCGGGATGCGCTCCCCGGCCCCTCTAGCCCCGTGGTGGTACAACGCGAAGGTGTGGGAAGGCCGCGATAAACCGGAACTGCAGCCCGCCGGACACCTCCGGCTTCACTTCCGTAAGAGGAGAGGAGTGTACGGCAAGGGGCGGGAACTGGAACTTGGCCCGCCTCGTTGTGAGCTGAGCTCAGCGGCACGCTTTTGTGGCGTCACTGCACTGTTACCCCGCCCTACGTGTCTCTGACGCTGACACCTTCTCACTGTGAAACGTCGCGACCTGTGACGTCTGGGGGGCGCCTCAAATCTTCCACTCCAGCATCGGATCCCGGAAAGGCAGCGTCGGAGACTGGACCCAAAACTCTTCCTGTTCTGCCTGCAGAGTTGAGCCCCGTCCGGGTCCTGGACCCGCGTAGTACTGACCCTGGATCCCTGTTCACTGCGTTCTCGCTCCCCGCGCTCCCTGCTGGACCCCGGG,10.836214614371023,3.4377889668162904
337,ENST00000271526.8,ENSG00000143294.14,PRCC,156750610,156800817,64.55616839342044,2105,2749.14,1626.78,13.3319,ATTGGTGAGGCAAGGAGGAGGCGGAGTGACTCGGCGGCCATTAGCTGTGTGTAGTTGCCCGGGACTAGGAGCTTAAGTGAAGAGGTACGCCTTGTTCGGTGGAAATCAGCCGTAGCCATGAGTTTCTGCCGGGGCTAGCCCTAGAGTACGGAGCAGGCGGACTTTTCGGTTCCCCGCCCCGCCAGGTGGCGGGGCCTACTAGGCCTCCGGGCATCCCCGGTCTCAAGTAGGCCTCATCTGCCGGCAAGGGCGCCCGAAACGCGGGAGGCGCC,4.842233169572262,2.275672551556232
338,ENST00000368172.1,ENSG00000183853.17,KIRREL,157993273,158100262,1.985966217599313,6870,9262.9,524.807,1.27648,ACTTGCCGAAGC,1.5558145976429814,0.6376701483717933
339,ENST00000368076.1,ENSG00000162734.12,PEA15,160205337,160215376,56.02462221035542,2694,3488.58,315.145,2.03528,GCGGCGGCGGCGGCGGCGGGAGCCGAGGAGGAGGTTCCGGACGCTGCTTAGGAACCGGGGACTCAGGAGTGCCCGCGCCCTGAGCGCTCAGCTCCAGAGGCGGGATGCTCACCCCTTCCTAATTGCAGCTCCGAATATTCAGATGGGGACAGTGAAGCACAGATCTCAGGAGTCCTAAGTATTCATGGCTACCACTAAGTTGGATAGAATGGCCTCCGCCCAGACTGCCTGGTGATCCCTGAGCAGCTCTCTGCACTGCTCCAGAAATCAGGAGGATTTTTCAGAGCCCAGAGAGCAGATTTCTCCACGAGCCCTAAGGAAATCTGAATCTCTGGTGAGGAAAGTGAC,27.52673942177755,4.782761825829931
340,ENST00000294785.9,ENSG00000162736.15,NCSTN,160343272,160358952,71.00501023818724,2936,3426.02,1724.27,11.3391,GCGCCTGGAAACACGAACTTCCGGTCTCTTAGGCTCCGGGCCACAGAGACGGTGTCAGTGGTAGCCTAGAGAGGCCGCTAACAGACAGGAGCCGAACGGGGGCTTCCGCTCAGCAGAGAGGCAAG,6.26196172872514,2.6466146911742556
341,ENST00000368061.2,ENSG00000162738.5,VANGL2,160400586,160428678,7.800202986865683,5340,7308.53,436.0,1.34406,GATTCCTGATCCTTGATTCCTTGATCCTTGGTCCCGCCATGGGAGCCTGAGCGCCCCCTATTCCCCCCTGGCCCCCAGCCCCCGGGGCCTTGAGGGGGAAGAGGCAGCGGTCTGGGACGGAGCAGGGGGTGACCAGACTCAAGAACCCCCCCCTCAACATCCCCCATCGCGCGCGCTGCCTGTCCAGGAGCGCCGAGTTCGGAGCGACCCGGAGCGCTGCGGATACAAAGGCGACGGGCCGAGCGGGGCGCCCGCGGAGCCCACCCGGCAGTTCGCAGCGGCGGGAGCGTCGCTGGATTTTCTCTGAGACAAGCCCACCCGTCCAGCAAAATAGAGTCCCTCAGGGTGACAGTTGACTTCCTGAAGGTGCCTCTTGGCCTAAAGAAGCCGGTGCTGAAGGAGGTGGCTGTGGGGCCCCCCAAGAGGCCCCAGCCTGCGGCCCTGGAGCGCTACAAGGCGCGGCGTTCAGACGCC,5.803463377279052,2.53691412541258
342,ENST00000368009.6,ENSG00000158793.13,NIT1,161118086,161125445,66.34568489002179,1362,1527.51,215.84,3.18353,GCCCACTCGCTGCGGCGCTTCTGGCTCCAGACCGCCCTCCGGATCGGACCCTGCGAATGGTTTTGGCTATATCTTC,20.84028889001259,4.381303371414522
343,ENST00000368003.5,ENSG00000143222.11,UFC1,161152776,161158856,223.81686877573688,1114,967.641,1575.07,36.673,ACCCTTTGTGCCTTATGCGGTGATTTTAATGATAGGTGTCATATATAGGACGGAGTAATCTGTTTACATTCTGTTCTTCTCGATGCACTCACAAGCGGGTAACTAGGTGACAAGAAAACAAAGATCTTATTCAAAAGAGGTCTTACAGCAACCCAACGTCTCATCTTCCCATAGTAAAGATGACGGCGCCTTGAGGTAAGCTACAGGCAACACCACTTCCGCGTTTCTCTTGCGCCCTGGTCCAAG,6.10304225931167,2.60952858010298
344,ENST00000368002.7,ENSG00000143258.15,USP21,161159450,161165723,4.716157573463069,2342,3015.74,139.909,1.04524,GCGCAGGCGCTTTGAGAGACGGTGAAGCCGGTGGCCGGTGGCCGGGCGGGACCAACAAAGATGGCGGCGGCCCCTGCGGCGGGAGCGATCTGGGCAACGGCTGCGGCTAAAGCTGCAGCCGGGCCCACGGGGGGGCTGCACGGGGGTAGTAGGGGGTGGCCCTGAACTGGGGCCTGGCCCTGGCTGGCCTCTCCCGCCGCCTCACTGGGGGACAGGTACTGGGGATACGATGGCTGATTCGATAGATCTGGTTCCTGCCCTCAGTGCGTATACTGCTCCCCACTTTCGTTGATGTGGTAGTGGTGATGACTGAGCCAACCACCTAATGTGGAAATGAGAGGACAGCAAGATTGTGGGTCCAGCCTGTGGTGTCCACA,4.512033191863179,2.1737776806711646
345,ENST00000367993.7,ENSG00000158864.12,NDUFS2,161197104,161214395,161.66786341672076,2042,2503.88,981.381,8.83053,GCCCCAGGAGAGGCAGAGAGTGAGGGAAAGGGCCTGGCCGGCATGCACAGATAGGATCACGGTCCTGGGAGAATTCCTGCTCTTATAGTCTAACCTACCATGGCTTCTCTTTTCTCAAGGCTCCCTCATGCTGCCCTTTGGCCCTAGTGGCTGGTTTCCAGGGCTGAGGGGACTGAGTGAGCTGCCTGAGAAAAGAGGGTAGGGAACAGAAAAGCCAGCCAGGAGCTGTGGGAGGAAACGCCCTCAGTAAAGATGACCGCGGTCACTGTTATCTAAACGCAAGTGAAGCCGAGTCACAGGACCCGGATGTTGTCAGTTCGACGGTAAACGACCCTGCCAGCTTCCAAGAGGGCGGCTTCACTGTGCGAATAGGTGAGAAGCCAAGAAGGAGGCGCGCTGGAGTTACTTCCGCCCGGTTCTCCTTCCCGCAGTCTGCAGCCGGAGTAAG,18.307832419653266,4.194389086321266
346,ENST00000367975.6,ENSG00000143252.14,SDHC,161314257,161375340,125.9903179233026,13566,14005.0,1114.56,1.79301,AGCTAGGCAGAGCTGAGCGGAGAAGCTCCAGAGCCTTTTAAAGAGACTCTCGTCACATGACACCCCCAACCCCGACCCCCAGCCGGCGCGCCTCCGCCCTCGGGTGGCGGGGCCGCCTGGCGTCACTTCCGTCCAGACCGGAACCCAAG,70.2674931669665,6.134785525395935
347,ENST00000367943.4,ENSG00000081721.11,DUSP12,161749758,161757238,20.136875338475058,1270,1089.48,256.056,5.29514,GGCAGGAAGCCGCCTTGTCTCTGGGCGCGGCC,3.8028976265925087,1.9270991023670756
348,ENST00000367942.3,ENSG00000118217.5,ATF6,161766294,161964070,43.17714969093623,7496,7044.66,2210.62,7.06995,TTTTGTCCGCCTGCCGCCGCCGTCCCAGATATTAATCACGGAGTTCCAGGGAGAAGGAACTTGTGAA,6.107136498976121,2.610496090832908
349,ENST00000489294.1,ENSG00000152332.15,UHMK1,162497251,162529629,19.2373867863825,8478,6721.0,375.983,1.26036,GGTGTCATGGCTGCTTGAAGTCCCGGGAGTCGGTGAGGCGGCTGCAGGTCCCTCCCTGCGGAGCCGCTGGTCCGGCTGGCGGAGATGTGACCGCGGGCCCGGCCGGCCTGCCTCAGGCGTCGCGTCAGCTCCCGTGTCCGTGCCCTTAACCCACACCG,15.26340631754618,3.9320050576518
351,ENST00000367926.8,ENSG00000117143.13,UAP1,162561506,162599842,32.84864302797502,2294,1832.9,277.128,3.40647,CTGTGCTCCCGGCGCTGACGTGTCTGGGCGGTCGGCTTCCACTCCTTCAGGCGTCGGCAGCCACTAGTCGTGGCGAGAGGGGCGGGGTGGCCGGGGCTGGCGCTCCACTTGGCCCCCGCTCCCGGCCCGCCCCGCCGCCGCGGCCCCCCGGATGAGGGTATATATTCGGAGCGAGCGCGGGACGCCGATGAGTGGCCGCGCGGAAGGAGCTGGAGACGGTCGTAGCTGCGGTCGCGCCGAGAAAGGTTTACAGGTACATACATTACACCCCTATTTCTACAAAGCTTGGCTATTAGAGCATT,9.643015505193066,3.269484367834186
353,ENST00000254521.7,ENSG00000132196.13,HSD17B7,162790702,162812817,5.014877771757813,1190,880.01,71.0143,1.81811,TTCCGAAAGCAGCGGCGGTGTTTGCTTCACTGCTTGGAAGTGTGAGTGCGCGAAG,2.7582917269900133,1.4637750496091324
354,ENST00000271452.7,ENSG00000143228.12,NUF2,163266576,163355764,64.86157286769362,1969,1214.89,355.207,6.58726,AGTAGGAGGCGGCAAGTTTGAAAAGTGATGACGGTTGACGTTTGCTGATTTTTGACTTTGCTTGTAGCTGCTCCCCGAACTCGCCGTCTTCCTGTCGGCGGCCGGCACTGTAGGTGAGCGCGAGAGGACGGAGGAAGGAAGCCTGCAGACAGACGCCTTCTCCATCCCAAGGCGCGGGCAGGTGCCGGGACGCTGGGCCTGGCGGTGTTTTCGTCGTGCTCAGCGGTGGGAGGAGGCGGAAGAAACCAGAGCCTGGGAGATTAACAGGAAACTTCCAAG,9.846517803714082,3.2996136092871655
355,ENST00000420696.6,ENSG00000185630.18,PBX1,164555584,164899296,20.257816845676643,6636,6532.04,426.069,1.46958,ATCCTCCCACCATCCTCTAAAGAGGCAAAGGGATTTTTTTTTTCTTTTGGTCTTCTTTTTTCCCCCTTCCCTGTTTATCCTGAAAAGGATTTGAAGACAAGCTTGAAGGATAAAAAGCCTTGGTGCTTCCCAGGAGCCGAGCCGAGGAGCAGAAGAGGAAGAGCCGGGGGCTGCCGTAGCCTTTGGAG,13.78476629082911,3.7850029027563172
356,ENST00000367889.7,ENSG00000143198.12,MGST3,165630861,165661796,210.55325729806688,1015,1185.03,146.983,2.79447,ATGCCCGTGCTTCGCCCTTACAGCAGAGCGCCTAAAACCGCTACGGTGGCTCTGCTGGGGACAAATTATTCACGTCCCACTGTTCTGCAAACCCAATCCGGGAGGTATGACCTGGCTGGGACAGTTTAGGAAGATGGCCACGAAGGCACCTGGGGGAGTAGATATATGTTTTTGAGAATGAGAGGAGTAAATCGCTGGACGACCATGAGCAGGAAGAAAATTAGGCCTCCACCTCCCAACCAGTGGCCCTGAGTTGGCAACTTAGACAGCGCGCGCCAGCGCCAGGAGCCCCGCCTTGGGGGCGTGGCCGCGCGCTGGTCGGCTGGGGCGGGGCCTGCTTCTGGCCTCATCTAGCCCCGCCCCAGGCGAGGGCGCCGCACCCACACCGCGCTGCGCAGTTTTGTTCTGCTCCAGCTGTTCGAAGGTGATCCAGACGCAAG,75.34640103420931,6.235466697166983
357,ENST00000367879.8,ENSG00000143179.13,UCK2,165827531,165911618,140.2508680487349,1375,1488.87,785.028,11.8793,CTCGCCGCCTCCGCCTCGGCGAATAGCAGCGCGCTGCCCGCCCGGATTGGAGCAGCAGCATCACGCTGACCTCTGCCTGGGATGTAAACCGGACCAGCCGCTGCGGGCAAAGGAAGGCTCTTGGCTCCTTCGGGAAACCCAGCCCCGTCACCGGGCTCCGAGCGGCTCGCAGGCGAGCGACAGCGGCCTCAGCCCCGGCAGCGCCCAGCGGCGGCTGCGGAAAGCGGAGGGAGTCCGACGCGGGCGCGGGCGGGGAGCGTGCGTCCGTTCGCACAGGCAGCGGGAGGAGGGGCGGCGCGAACC,11.806324282469076,3.561487968609541
358,ENST00000367876.8,ENSG00000143157.11,POGK,166839447,166856344,15.748155252459329,5754,6044.03,513.642,1.91468,ACCCTCCCTCCTCCCACCACGTGTCCTCCCCGCTCCCTCCCGAGGGGCCGCGCGCACGGGAGGACGGAGAGGCGGAAAGGATGGCGCTGTGACAGCCGGGCCGGAGCCCTCGCGTCCCCACCCCGCGCCCTGGCCGCTGGGCCCGGCGAG,8.224954171171856,3.040007640281643
359,ENST00000367866.6,ENSG00000143190.21,POU2F1,167220829,167427345,20.08091341884541,13905,14161.1,1152.6,1.83377,GGGAGGGGGGAGGGGAGCCAGAGCGAGGGAGGGTTTATCGACCGGGCGATTTTGGTTAAAATATTCAAA,10.95061726325843,3.4529402886903355
360,ENST00000359523.6,ENSG00000197965.11,MPZL1,167721192,167791919,80.04708724929439,5010,5415.77,298.389,1.24132,AGCGAGGGCCGGAGTGGGGCTGAGGCTTCGGTGCAGAGCTGGAGAGCCGCGGCTGGGACCGGAGTGGGGAGCGCGGCGTGGAGGTGCCACCCGGCGCGGGTGGCGGAGAGATCAGAAGCCTCTTCCCCAAGCCGAGCCAACCTCAGCGGGGACCCGGGCTCAGGGACGCGGCGGCGGCGGCGGCGACTGCAGTGGCTGGACG,64.48545681153482,6.010901925940614
362,ENST00000312263.10,ENSG00000143164.15,DCAF6,167935783,168075843,11.689557905357937,3186,2868.37,774.764,6.08549,AGAGTATGAGGCGAGCTCCGGCCCGGGTGCGGCCGGGCTTCAGGGGCCCAGGCGCCGCTGCTGCCACCGCCATCTAACGCTGCGCCCTGGAGGCCCGGCGCGCGGATGGTGCCGGTGCGGCTCGGGTGTTGAAACGGGTGTCCCCTCCCCCTCCTCCCCTCCCCCACGCGGTGGTCTCCCCTCCCACCCGGCTCAGGCAGAGCC,1.9208901674898713,0.9417750310556715
363,ENST00000367833.6,ENSG00000143155.12,TIPRL,168178933,168202114,119.0095546084919,3032,2459.69,1982.15,18.1559,GGGTCGGCCGGCAGGGGGCGGGGCCGGGCATGGTAACGGCTCGGAAGCCTAGGAGGCTGGGCCGGAGGGAGGCGGAGGAACCGGTGTTCGCCGCCGCCGCTGCTTCAGCTTATTCCTTGTGGCCTCTGCGGGTCCTGCCTCAGCC,6.554869469896392,2.712567051689112
364,ENST00000271375.6,ENSG00000213064.9,SFT2D2,168225938,168253025,114.06094399418213,11040,10729.2,1803.44,3.78701,GGAAGAGCCGTCAACTTAGCGAGCGCAACAGGCTGCCGCTGAGGAGCTGGAGCTGGTGGGGACTGGGCCGCA,30.118997307686573,4.912601836898967
365,ENST00000367816.5,ENSG00000143153.12,ATP1B1,169105697,169132722,65.12910332164216,2608,2524.89,398.548,3.55632,GCCCACAAGGGGCACAGCCGGGCAGTCAGGAACCGGGGCTGCCGGCTGGGCTGGCCTGCAAAGAAGAGGGAAGGGCCGGAACTGCAACCGCAGTGGCGGGGAGTGCGAGGGGGCGGCAGAGGTCAGGGGAGGCGGGGGCCCAGCACACGTCCCCAGTGGCAGCGGGAGCGGCAGCTACGGGTTCGCGGAGCCCCCGACCCCCCAAGGGCTAGAGGAGCGCTCGGCGGACCAAAGAAAGCCCGCGAGCGGCTGCGCGCCCACCAATAGGTGCGGGGCTCGGAGCCGCGCAGCCTGCGCCGTCCCTCCCTCCGCCCCCGCCCCGCCGCCGCCGCCGCCGCCGCCTCCCCCTCCTCCTGCTCCTGCCTTGGCTCCTCCGCCGCGCGTCTCGCACTCCGAGAGCCGCAGCGGCAGCGGCGCGTCCTGCCTGCAGAGAGCCAGGCCGGAGAAGCCGAGCGGCGCAGAGGACGCCAGGGCGCGCGCCGCAGCCACCCACCCTCCGGACCGCGGCAGCTGCTGACCCGCCATCGCC,18.313622880292595,4.194845314444917
366,ENST00000367808.7,ENSG00000117475.13,BLZF1,169367970,169396540,28.210486953497146,2749,2041.14,465.271,5.13566,TTGTTTAACAGCTGGCCCGGAAGTTTAAGTGAATATGCGGCTTGGGCTCCAAAAGTTGCTGTACGGTATTTTATTTTAAAGTAGAAATCTGTCCGCTTTTCACTTACGGAGGCCTTACAGTGTGTGTTCTGTGTTACTTGAGTTTATACGCACTGCAGAATTTGTTTACCCTGCTCTTTTGGAAACGTATTCCGGAAGCGAAACCCTGAGTAATCGGAAGTGGTTAGGAGTGAGAGAGCTGCTGGATATGCGGAGGGACTGGGCGGGTCGGCTTCCGAATGGAAGAGGTCTGTGAGAAGTTAACCTGGTGATACCGATCCGAAGAGCCTATCAAGTGAAGCCCCCTGAAATACGGAGAATAAGAATCTTAGAGGTTGTTCAGCAGAAGTCTTGGAGTGCATTTTCAGTGGTTAAGGTGAAAAA,5.493059695053245,2.4576099702269367
368,ENST00000359326.8,ENSG00000000460.16,C1orf112,169662007,169854080,25.895217175860555,4002,3286.55,637.549,4.37054,TTCCGGTCTGGGCTTTGGCGGGTCTGGTTTGAAGCTCTCCTGTTTGACGAAAGTATGTCTCAGGAAGGCTGGAGTCTTTCTGAAAGAGTTCTTCCGCTTGTTGTTGGCTTTCAACTGTTGGATTTGAGGCGCTTAGCGCCTTCTTCGTCCGGGTGCAGCACATTCTTGATTGGTCTCATGCCTTTGTGGTTGTAAATGTGCCTGGAATCCTAGCCTTTCATGGTTTGTTCTGAGTAATGAATACCCTATTACTATGATACTAGTATCTTCCTTAATTATCCTACTCATTGTCTCAACATTCTGACAGTTGGATTGAGCATATTCAAATTTTGAAAATTATTGTAGAA,5.924946843149944,2.5668022106407733
369,ENST00000367763.7,ENSG00000120370.12,GORAB,170532129,170553446,5.57505684701884,2189,1618.01,114.586,1.59556,GCGGCCGGGGAAAAACCCGG,3.4941066754110404,1.8049236545446485
370,ENST00000367742.7,ENSG00000117523.15,PRRC2C,171485551,171593511,48.431782343880094,10366,10930.5,11419.0,23.5369,GCTCGCTCGCTCCCCCTCGGAAAGCTGCGAAAGTGCTTTGGCGGTTTGTCCATCCGCAGCTTCGGCTTTTCCAGTCTGGTGGCCCTTCCGGCCACCCCTTTAACCCCAGCTTTCCCTCCCCCTTCTTTCGATCAGAGATCGGCGGAGACCCTCGAAGTGCGCAAACTTGACACTCACCCTGACCGGACTGGGGTTTTAAGGGGTGTGGCAGGAGGTTTTGGACTCGATGAGTTTCCACCGAA,2.0576958878985803,1.041029778422202
372,ENST00000361735.3,ENSG00000010165.19,METTL13,171781664,171814023,35.59618853363342,3327,3832.81,461.458,2.71255,GTGTGAGGGGCTCTTCACGTGGGGAAGGAACAGCAGGCGCGGAGGAGGGGGCAAGCGTGTGTGAGATTCAGTGGTCCATGCGTGCGTTTGTCGTGTAAGGGTCATTCCTGGGGTTTGGAGTGGGGGAACAAATCAATGTGGCTGTTTTTCCGTGGAAAGAATTCCCACTGCAGTGTCCCGGAGCCTGCGTGTGGTGGGCAAGCTCCTCAAATGGTATCTCACAGGGAATAGGGGAGTCTTGAAAACGCAGCTTCGGCAGTAGGAAC,13.122776919737305,3.714001136826712
373,ENST00000263688.3,ENSG00000094975.13,SUCO,172532349,172611833,8.368037034842219,5556,4188.62,825.869,4.44224,CCGGAGTCCTGTGAAGCGCCCCTGTCCGCGCCTCTGTGGGGCCCTCAGAGAGGGCTGCCAGGACGCGAGCCACTGAGGAGCCGCTCAGCCAGCGCCATAGCCCTTAGGACTATCGGTCACATTCTCGCGCTCCTGCTCCGGCTCCTCCATCTTGGCCTCGGCAGTGGCGGCTGCCGGGAGGATGTGCCGCCTTCTGGCAGGGGGAAGAAGGAGGAGAAG,1.8837426692034243,0.913601897423925
374,ENST00000340385.5,ENSG00000117592.8,PRDX6,173477266,173488807,729.4503297564054,1751,1604.81,3766.41,52.8768,CCCCGCCCCCGCCGCCCCAGTCCCCGCCCCTCGCGCCTTCGTTTATTCCTCCGCGCGCTGGGACAGGCTGCTTCTTCGCCAGAACCAACCGGTTGCTTGCTGTCCCAGCGGCGCCCCCTCATCACCGTCGCC,13.795281290781691,3.7861029689528425
375,ENST00000209884.4,ENSG00000076321.10,KLHL20,173714941,173786702,8.547481428943195,3421,3177.99,378.945,2.68649,CTGCCTGCGTTAGCGGCGGTGGAGGAGGAGGCAGAGAGGAGTGGAGGGCGGAGTAGACGGAGGAGGCTGCTGCAGAGAAGAAAGTGTCAGAGCCGGTTCGGCTTTAGAGTGTGGTGAAGGGTACTTTTCATGGTGC,3.1816539160552226,1.6697769152587876
376,ENST00000361951.4,ENSG00000117593.9,DARS2,173824503,173858546,189.283699889726,3506,3376.89,3489.56,23.2817,CACTTAACCACTATCGTCAACCTTTCCAATCGTGCTCGGTTGCTCCTCAGTTTTCCTACCGGTGCGAAGCTTTCTCTCAAATTTCCGCCCGTAGTAGGCATGGCGGCGGCACCTCACCACTGATTCGTTGAATTCCTTCCCGGTAATCTTGGGCACTAGCGGGCGGAGTTGAAGGGCGCTTGGACCCCAGCGGCGATCTGTGTTTGGGTTCGCGCTCTGGGAGAATTTTGGCTTTGCTCGCCTTCCTCTTTCAGAAGACTCGAAATCGGCCAGCAGGTCTGCGAGATTTGAAACGCGACTGTTACTCCTTGTTTTCCGGTTCTGGCCGCGGGAGCCTCTCGAGAAGCGTGGAAAGAGGAGAAGGGCGTATACCTTGTGACCGCCTCTGGTTGTCTTGGGCTCGCGCCTGGCGCCGCTACGTGGAGTCGCTCTCTCGTCGTCACTTTTGGCTGCCGACTTGTTGAGTAGAAGTGCAGACTGATGCTTTAAGACTCAGGGAGAGGTCTTTCCCTTATCTCCACCCCAGCAAGCACCCCAGAGACCTTGGAGATTTGTCTTGTTTCTAGACACGTGTACTCCAATGTTGTGCGGAGGAGGCCTTAAATATTCGAGAAGAGAGTGGGAACTCCTGGAATTTTAAGGGATTTCTGTGTATTTCCAAAACTGACTTTTAACTACCGGCAGCGTGGGATTTCGTGATTGTTTTTCGCCATCGTGTGGCTCCAAC,8.130149425932212,3.0232818681761096
377,ENST00000251507.8,ENSG00000152061.23,RABGAP1L,174159410,174995308,8.899005451424612,2899,2532.74,188.351,1.67548,CTCAGTTCCCTCCGCCCTCCTCGGGCTCCAGCGGTGGCGGAGCGAACGGGACCGGCCCGGCTTCAGAGCGCGAGGTGGAGGGTGGAACGCGGGCGCCTGAAGGAGTTGTTGTCTCGGCAGCGCCCGCGGAGACGTGAAGAGGTGGTTGTGGGAAGAGAAGTTTGCAGAACTGAA,5.311317026419063,2.4090696448124596
379,ENST00000367679.6,ENSG00000116161.17,CACYBP,174999163,175011715,99.6791571696304,2766,2188.3,1168.83,12.0339,GCGACTGCGCAGCGTGGCCCAGCGCGGTCAAATTATAATACATAAAAGTTGTCAGGGCGGAGAGCAAGACATTACTCTTCTCGGATTGCCGGTTCGCTCGCGAGACTTGAGCGTTGCTAGGAGATTCGGCAGGCGGGCGGAGCCAGACTCGGCGGGGCGGGGAGGGGTGGGGCTAGGCTCGGCGAGGCGAGGAAGGGTGGGTGGAGCCAGGCTTGGCGGGCTGTGCGTGCTCGCGGTGGGCGGTGGCGGCGGCTGCCTCGCGAAGGTTCGAGATCCGTCGCGTGCGGGAGGCGGGCCGCGATCTTGCGCAGGGTCGGTGTGGGCGCAGGCTGCAGCGCCGCGACTCGTGCGGGTAGGCGTCTGCGCTCGGTTTGAGGGCTCGGCGCGGGGTTTCCTGTTCCTCCTTCTGCGCGGCTGCAGCTCGGGACTTCGGCCTGACCCAGCCCCC,8.283196400969794,3.050187596463864
381,ENST00000462775.5,ENSG00000075391.16,RASAL2,178094141,178484147,5.440614905884305,14453,13800.4,748.664,1.22224,CGAAATGAGAGCAAAAAGGGAGAGAGCAGGAAAGCGAGCACAGGCGAGTACAGTATACAAAGTGTTTTGAGTTTCTGACTGGCGTGCCGGAAAGATCATGTTAGCACACCCAGAAACTTCACACG,4.451347448851539,2.1542421143987194
382,ENST00000367634.6,ENSG00000116191.17,RALGPS2,178725147,178921841,18.159893651896265,7512,5782.27,876.543,3.41536,GCGCGCGCGCGCGGCTCCGCCCCGCCCGCTTGGCGCGCGCCCCCGCCAGGTCCGCTCTCGTCCCCCACCCCTGGCGCGGACGGGGTGGTTCCAGCTCACTCTCCTCCCCCGAGCGGCAGCGGCGGCGGCGGCGGCGGCTGCTGCGGGCGCTGAATGAGAGACGGTGACTGTTCGGGTCGACGAGTGCTACTCTAGGCGGCGGCGGCCGTGGCGGTGAAGCGTGAGGCCGGCATCGTCTTTCCGTCCTCTGAGGCGACGGCCGCGGCTGCACAGGAATAATGTATTTGTGGCCTTGGACATGAGGCAGTCAGTCCTCTGTTGCTGTTAACATAAGGTCAGGGACTGATGAGGAAAGC,5.317124300775398,2.4106461933374574
383,ENST00000263733.4,ENSG00000116199.11,FAM20B,179025804,179076562,14.852634995512028,5984,5710.76,1681.78,6.63496,GTGTGGGACTGCCGCTCTGCGCGGCGAGAGGTGGCCTGGGAATGGCCGGGCCGGGGGTGGGCCGGAGCCGCTGTGGCGGCGGCGGCGGCTGGGGGCGGTGAGCGCGGCGTGGGGCTGCCCCTCCCCGGAGGCGGCGGGGGCGGCCGGGGCCGCGCCGCACCGCACCGCGCGGGCGGCCATGGAGCGAGCCTAGGGCCCGACAGGAACTGTGGAAGGTGCATCAGTGAAGAAATGGACCAATGTGTATAATCATGGAATCTCCTTGCTAACCATCACCACCAGCTCTCCTTAATACATGAGCAAGAGTGGGTCAGGGGAGAAGGAAAAGAGGTCAAC,2.2385417539083923,1.1625592280447998
384,ENST00000367627.7,ENSG00000186283.13,TOR3A,179081377,179098023,37.15359851955172,2724,3471.81,747.524,4.851,CGGATTTTTATGAGATATAATTACATTGACATGACGCCTCATGATTTACCCATGACTCGGGGGGTTTCCAAACTCCAAACACCTCCAGACTGGAGCCCGTCAATCAGCTTCCTCTTGCTTTTCGTGGACTCCCACTGTGGAAACCTGCTGGTGTTTTGCTGCGGTTTCATTTCCCTCTGCGGAGGAGCCAGGGCAACCTTGGCCAGACAGGCACCTAGCTGTGCCCTTCTTTCCAGGGCCTCTTCTCCACTCAGCTGACTCCCCTGGCCTGCCTAACGCTCCTGACTGAGACGGTTTTCCGGCTTCCTCTAACAGGTTGGCGGGAAGTTGATCTGCAAACGCGAGGCAAAGCAGGAGTGTCCTTATTCGGTAGGCCTCTGATGGGCCACCAGAGCCGTCCGAAAGTCCTAGCGGAGTGATTGACAGTGGCCATTTCAAAGCCTGAGTTCACCTTCTTTGCAACCACAATCACGACCCAGAATAAACTGCTTCCTGGAAGCCGGCTAGTTGCACCTGGCCTGAAGTCAGTCTCGGGACTGCCTCTCAGGACCCCAGACAGGGTTTCGGGTTCCCGCCTGGGTCACGTGTACGGAGGCTGCCAGTGCGCACTCAGCCCGGCCCGCCGGTCGCCACAGCAACACCAATCCCGGGTTCAAGCCCGCCTAGGAAGTGCGGTCCCCGCCTGACCGCCCCGGGCTTAAGGGAGCCTGGCTAGGCCGGCAGCCGGATGGTCCCGCAGCTCGGGGCCGGCC,7.65895661091563,2.937147865415638
385,ENST00000367619.7,ENSG00000057252.12,SOAT1,179293714,179358680,63.79251389288141,6835,5803.32,658.955,2.55824,AGCTTAGCAGGCGACGTTGCGGGCCCTGGGCGCCAGGAGAGCTTCCCGGAGTCGACCTTCCTGCTGGCTGCTCTGTGACCGCTTCCCGGCTCTGCCCTCTTGGCCGAAGTGCCCGCTGCCGGGCGCGGGCCTCAGACAATACA,24.936094304240964,4.6401636110109035
386,ENST00000528443.6,ENSG00000143337.18,TOR1AIP1,179882042,179925000,58.61495251085868,3685,3701.6,532.16,3.23903,GTCGCACTCCTTTTCCCCGAGACTTGGTACTGGGAGATAGGACGGGAGTCTCCTACACGCAGTCAACACTTGCCACGAGCGGCTAGACTTAGGACAGGCAAGTTGCCCTGCCATCCTTCTATCGCCCCCACCCCTCCTTTACTTAAGGGCGATGGCAGAGACGTCCTCCTCCCCCTTCTCCTCCTCTTTGGTGCCTCCAGCCAGGAGGCGGGAGCGATCCACAGCAGCTGACCCAGCTCAGGCACTGCCTCTCTCACAGCCCTCAAGACACACCATGGGCCCAGAGGCAGGTTTGCTACACAGCAGCGACGACGCAGGCGGCGGCCCCAGCGACTCGCAACTGCCTCCCTGACCACAGCGGCCACCGCCCAACACCCCCGAGAAGCCATCGCCACCACCGGCAGGAGAACCTAGGGTCCATAAAGCCATCTTCGCGATCGACTAAAGCTACGTCAACAACT,18.096452490671183,4.177635003481457
387,ENST00000367607.7,ENSG00000135837.15,CEP350,179954738,180114880,6.963002159020826,13491,11967.6,2990.5,5.62989,GCCCGACTGCTCCCGCCCTGCCTCGCGCCGCCGCCACAGCCGCTGCCGCTGGCGCCGCTCCTCCTCCGTGTCAGTTGTTGGGCTGTAATGGCGACTGGGCCGCCCCTGACGAAGTGACTCCCGGGCCGGGGAGCGGGGCCAGACCTGCGCCAGAGAGAACTGCAGGGAGCCGCAGCTCGGGGGGTGGCTTGCCCTGAGGGAGGGGAGGCAGCCTTTCCGCCTTGTCTTCCTTCCCAGCGGACCGGCGGATCCCCGGAGCCGGTGCGAGGAGGGCACCCGGTGCGTCCCCGGAGCGGGGAGGCCAGGCCGGGCAGCCCTGGGGCCGGTCGGGGCGGCGTCACTGCACCCTCCGCCAGGCTCCGCGGGATGCACCGTGGTAGCCGAGGGCGGAGGCGACACTCTCAGGTAAATTGGCAGG,1.2367918660969976,0.3066027363578431
388,ENST00000367600.5,ENSG00000116260.16,QSOX1,180154834,180204030,35.27629175706736,2519,3359.33,527.389,3.53704,CAGCGCCGAGG,9.973393503343859,3.318084473273501
390,ENST00000263726.3,ENSG00000121454.5,LHX4,180230286,180278982,3.2719274947676573,5820,6928.19,334.422,1.08752,AACCTGGGATGTGCACCAACCCCGGAGAGCGAGATCAAAGGGACTGGAAACAGACTGGGGACTGGCGGGGGGAGGGGGCCGGCCAGCCTGTGGAGTCCTCCCTGAGAAGCGGAGGGCCCGGCTTCCACCGTGACTCCAGCGGCCTGCTTGGGGTTTTAATTATTATTTTGAAATTTCTGAATCGAGCTAGAGCGAGAGAGCGAGAGATCTCCGTAGACTGCGACTCGCTGGCTTTCGCTCCGAG,3.0086136298805144,1.5890988457720363
391,ENST00000367590.8,ENSG00000143324.13,XPR1,180632004,180890251,18.25806645208101,8474,7211.46,401.436,1.25417,GCGGGGAGGGGCGGGGCTATGGAGAGGAGGAGGAAGATGGCGGGCGGGCTGCTCTGAAGAGACCTCGGCGGCGGCGGAGGAGGAGAGAAGCGCAGCGCCGCGCCGCGCCGGGGCCCATGTGGGGAGGAGTCGGAGTCGCTGTTGCCGCCGCCGCCTGTAGCTGCTGGACCCGAGTGGGAGTGAGGGGGAAACGGCAGG,14.557888047139551,3.863729169866345
393,ENST00000367577.6,ENSG00000162783.10,IER5,181088712,181092899,67.28628267208524,4188,4683.37,520.606,2.50445,GACCCGAAACGGGGAAGTTGTCTTGTTTGGAGAGGTTAGTAGAGCAGCGCGCGCGTCACCAGAGTCGTTTCTCTTCGGAGTCTTAGGTGATCGAGGGTGTGCCCAGGGGGCGGACTTGTTTGCGCCTCCCGTTCCCTCCCAATTTCCAAACGTGTCACCCCGGCGCCGACGGCCCTGTGCAGGGGAAGCAG,26.866690359993306,4.747746705210879
394,ENST00000367549.3,ENSG00000135829.16,DHX9,182839369,182887751,170.371460961199,4240,4108.59,9076.37,49.7716,GCGAGTTGCTGTGCGTTTCTCTGTTGTCTCGGTAGAAGGCCAGAGTCACACACGGTCCTAAGAGCTGGGCACCAGGAAGCGAAGGCTGATCTGAAGAAGACACTTGAATC,3.4230657837240317,1.775289018009593
395,ENST00000258341.4,ENSG00000135862.5,LAMC1,183023460,183145592,95.2393456423212,7889,8689.47,4859.34,12.5993,GTGCAGGCTGCTCCCGGGGTAGGTGAGGGAAGCGCGGAGGCGGCGCGCGGGGGCAGTGGTCGGCGAGCAGCGCGGTCCTCGCTAGGGGCGCCCACCCGTCAGTCTCTCCGGCGCGAGCCGCCGCCACCGCCCGCGCCGGAGTCAGGCCCCTGGGCCCCCAGGCTCAAGCAGCGAAGCGGCCTCCGGGGGACGCCGCTAGGCGAGAGGAACGCGCCGGTGCCCTTGCCTTCGCCGTGACCCAGCGTGCGGGCGGCGGG,7.5590981754796855,2.9182141265931345
397,ENST00000515829.6,ENSG00000116698.20,SMG7,183472216,183598246,7.344743391484185,5629,6656.09,850.239,2.87795,CGGCCGCCAGCACCCGCGGTGCCGCGGGGCCGCTCCGAGGAGCCTGAGAGACCCACGGAGGCTTCGCGGGAAGACGCGGCGGCGGCGGCGGAGG,2.5520747029949047,1.3516705595349636
399,ENST00000423085.6,ENSG00000198860.11,TSEN15,184051677,184074212,38.25845055607413,1743,1403.76,87.9913,1.41224,ACCGGCCGGC,27.090615303400366,4.759721256425934
400,ENST00000235307.6,ENSG00000116667.12,C1orf21,184387058,184629020,25.611980344542594,10265,11350.6,856.228,1.69954,CCCACTCCCGGGGGGACGTTCCGTGCCGCGGCCGCCGCGGCCGCTGCTTCTTTCACACTTTAGTTGGGAGCTGCGCGCCGCGCTCAGTTACTGGAGAGCTGGCCGCGCGCCGCCGCCTCCCGCACGCTTGCACGCGGGCCCGGCTTCGGGGTTTTGGGTTCTTACTCCAAGCGGCGGGGAGGAGGGGGAGCCCCGGACACACTGTGGGGAGGAGGAGGAAGAAGAGGAGGAGGGAGGAAGAAAAAAGACGAGGAGGACAGGGGCGGGGGGCGGGAGGCTTGCCACCTTCAGCCCCCCCGCGAACGCCCAAGGTGCACACATCTTGACCAACTCAGCAGCAAGGTGGATTTTCTTTGTGTTTAAAGAAAAAAAATGTCCCTGTGTCTGTAGAGATGATTTGCAGTTCAGCCCGGCTGAAGCTGACCGAATGAGACT,15.069948541689277,3.913602585560562
402,ENST00000367510.7,ENSG00000121481.10,RNF2,185045364,185102608,45.73091062648348,3606,2854.75,622.555,4.91328,CGGCGCACCCTCCCTCGCGCCGCGGGCCTCCCCGCGCCGTGCACGTCCTCGTCCCGCGCCTCCGCCCCTCGCTCGCTCGCTCCTTCCCGCCCTCCCCGCAGCGCCGGCCGAGCCGGCTTCCCCTCAGTCTCTCATGAATATTGAGCGGCCCCTGTTGTATTTCCCGAGCTCCATTGCGGAAGCTGAGGCTCGCCATATTGTGCGGCGGCGCCGGCGTCCGCGGCAGCTGATACCAGAGTCTTGCTCCGGCCGCGGCCAGCGGAGCCCTGGGCTGGGGCAGGAGCCGCA,9.307613371613968,3.2184112839662986
403,ENST00000287859.10,ENSG00000157181.15,C1orf27,186375838,186421378,25.003424323616727,3792,2808.12,550.331,4.41541,AGGGAATCTGGCCCCTAGAGGCTGGTACTTGGGCCCGAAACCCCCATCTCCGGCGGAGAGACCGTCCGAGGTAATTGTCTGCCACGAGTGCACATTCTGAAAACAGGAGATTTTAGTTCCTAAAA,5.662763893639941,2.5015063785671727
404,ENST00000367466.3,ENSG00000116711.9,PLA2G4A,186828953,186988981,6.858216803999176,2875,2346.65,123.0,1.18091,AGGATAAGACTTTCTCTAAGTCCGGAGCTGAAAAAGGATCCTGACTGAAAGCTAGAGGCATTGAGGAGCCTGAAGATTCTCAGGTTTTAAAGACGCTAGAGTGCCAAAGAAGACTTTGAAGTGTGAAAACATTTCCTGTAATTGAAACCAAA,5.807569420192205,2.5379344942460413
405,ENST00000235382.6,ENSG00000116741.7,RGS2,192809039,192812283,21.597297522973587,1354,1262.1,150.73,2.69071,AAACAGCCGGGGCTCCAGCGGGAGAACGATA,8.026616589291892,3.0047919854408622
406,ENST00000367443.5,ENSG00000116747.12,TROVE2,193059422,193091777,3.954704692759525,1909,1335.84,78.7597,1.32834,CACAGGCCGACGTCGAGAGGGCCTGCTTTACTCCTCCTCTTTCTCCTCCTTCTCCCGCGGCTTCTGCGCGGAGAGGCGTCGCCCGGGATCTGGGTTTTGGAAGAAGGATCTTTGTGGGAAGACAGGGTGAATTTATCACAGAGGAATAACGAGGGAGAGGAGAAAGGTTTCCTAAAGACAAAAAAAA,2.977178051372032,1.5739455051332474
407,ENST00000367435.3,ENSG00000134371.10,CDC73,193122017,193253901,54.98832262282513,4969,3626.47,1482.61,9.21093,CGGCGGCCTGGGTGGCTACTGCCCCTGCTGCTGTCGTAGGCGAGGACGGCTGTTAGTGCTGCTGCTGTTGGTTCGTCGCGGCGGCGAAGGAGGAGGAGGAAGAGGGCGAGGCGACAAGAGAAGAAGGAGGCAGGCGCGGCGGCAGCGGCGGCGCCCCGAGCCGGCGGAGGCGAGGGGGGGGAAG,5.969899089758052,2.5777065455711474
408,ENST00000367393.7,ENSG00000203724.10,C1orf53,197902647,197907367,10.666463200535189,588,421.398,36.988,1.97756,GGC,5.393749469313289,2.4312885123459846
409,ENST00000367385.8,ENSG00000151414.14,NEK7,198156963,198322420,60.53511768757021,4149,3024.53,624.615,4.65282,GCCCCGCCCCTCTCCTCGGGGATGCCGGGATGTTTACACTCCTGACAGCGGCGGCAGCAGGAGGAGGATCGGGAGTCGCGGGAGGATGGGCCGCCGCTAGGCTCGCACTCCGGACGCGCCTCGCAGTGCGCAGGGTGGGTGCCCCGCGCCTGCAGCGTCCGCCGGGGCGGCGCGGCGGGAGGTGGCCGACAGGCTCCGGGCCTCGCAGCCTCAGCCCCCGGCCCAGCGCGCTTTCCGACGGCGGCGCCGCGCCGAGCCACCCGCCCGCCCAAGGTCTCTCGCGGGCGGGAGAACGGAAAACTCCCAACTTCCTGAGTTCTAAAGTTCCTGTTGCTTCAGACA,13.010414692072809,3.7015950419286345
410,ENST00000358823.6,ENSG00000118200.14,CAMSAP2,200739558,200860704,7.271487210490432,7352,6165.24,1031.27,3.76864,ACGGGGCGGACCTCGCGCGGACGGACGGACGGAGACGGCGCCGCCACATTCCTATGCCCGGGAGCGGCGGCGGCGGCGGCGGCGGCTCCCGCGGGAGGCGGCAGGCGCGCGGCGCGGACAGCTGAGCTTCTCCTCCGTCGGCGCCCGGGCGGACATCGCCCGGGCCCCGATGGTTTGAGCTTGCTTCTCCCTCCCTCCCGACCCCCGTGGTGGCGAGGCCACGCCATGTGAAGGTTAGGGCCGGGACATCCCGAGGAGCCGCGGTGAAAG,1.9294724915328691,0.9482064755391754
411,ENST00000361565.8,ENSG00000198700.9,IPO9,201829141,201884294,53.15998664469252,11435,12705.7,4498.4,7.97668,GCCGCGCGCGGGGGCCGTCATTCGGTGGCGGGTCCCGGCCGCGGGGCTGGCGGGCTGAGGGGAGAAAAG,6.664425129840049,2.736480434489329
412,ENST00000367287.4,ENSG00000134375.10,TIMM17A,201955491,201970661,166.2648623119073,1659,1289.02,838.762,14.6602,AGCTTGCCCGGCATCACTCGCGGCATTGGAGTCAAG,11.341241068464775,3.503506617473496
413,ENST00000295640.8,ENSG00000176393.10,RNPEP,201982372,202006147,133.21488076548468,2427,2919.12,1159.76,8.95112,CCTCGGGTTCGCGGCCCGGCCGGTGAGCAACGGCTCTGCGGCC,14.88248183081946,3.8955432279496645
414,ENST00000367242.3,ENSG00000163444.11,TMEM183A,203007386,203024848,31.78994319490247,3019,2796.37,1495.88,12.0521,AGCGGCCTCCGGTGTGGGATGGCCGCGGAGCCGGGCGGAGCTGGCTTGCGGCTCCCGGGGCCGGCTCTCCGGCCGGAGAC,2.6377098758641626,1.3992858899609109
415,ENST00000290551.4,ENSG00000159388.5,BTG2,203305491,203309602,57.91826719151649,2712,3224.66,1138.64,7.95546,CAGGGTAACGCTGTCTTGTGGACCCGCACTTCCCACCCGAGACCTCTCACTGAGCCCGAGCCGCGCGCGAC,7.280316561395129,2.8640011827901306
416,ENST00000357681.9,ENSG00000058668.14,ATP2B4,203626561,203744081,16.61760251893275,8968,10261.7,877.0,1.9255,CACCCTCACCCCTCCTCCACCCCTACTCAGCTTTCTATTCAACAAGTGAGAGCAAGGGCGGGGAAGAAAGCCGACAGGGGAGAGGATTGCTTCCCTTTCTTTTCCCATTCCCCCTTAAGACGAACCAGGAAGTAACCGCAAGAATCGGGCCACCTTAACAGTAGAGTAATGGTTTGGCCTCGCGCCAAGTCCCACCTCTGTTCCAGCTCCTGCTCCTCCCCTCTCTCTTCCCGCACTGCTTGGGGAGAGCTGGTGAGCAAGAGTCTGGCCCGAGTTAGCTAGAGCTGTTGCCATGACAAGCATTTTCTTAAGAAAGCTCTGCTGTTGAGATCGTCCAAAGCTGGGGGCTGGGAGGGGGGGCACGAACTTCGTGGGGCACCATCCCTCCGAAGAGAGCAAGATCAGAGACACCCGCCCAGCTCTCCTGCACCCTTTTTCTTTCAGGAACCTGAGAGGTCCTTCCCATTGGAGGGGCAGGGGGAGGAGACCCAGCCCACTCCCCGGCCTTAGCCAGAAAGGCAAGAGAGCAAAGCCAGCGTCTCTAGCTTGGTTGCCACACTGGGGAGACTGGTGGGTGGTCACCCCACCCTACCCTCATCCATGGAAACCCGGAGGGAGAGTCCCGCCTGAAGAAACCTGGATCTTTGCTAGAAAGAGAGAGATCCAGTTGTCATCGGTATCCAGGAAGCTCTCCTCTTCCTCCTCCTGACGTCTACTACTACAGTTGCTGGTTGTTGCTAAGGTTGCTGCCATGGTAACATGCACATCCTGTTTACACCTTCATCTGGGCAAGTTGGTCTAAGCTAGGAACCTACCTACCCTGGACAACTACTATCATCACCACCTGGGGACACCAATCATCGTGACACGGAGTCCACCTTCCACTCAGTTCCCCCATCCTCTTCCTCCTCTCGCTGCCAGACTTCATACGGAAGAAAGGATCTAGACTTCGGACGGCTACTCGGGAGCTTATTGCACAAGATATATTCAATCTATTCCCTCACTGGGCCCCCAGAGAAGCAAGAAGTAGGAAGAAGTTGAGACAGGGAGGCAGGAGACACTGGTCAGTTGAAGGGAAACGCTACATCTTCTCTGGTTGAGGGGCTTGGTAACAGCAGGCAAA,8.630279158105816,3.109407226090352
417,ENST00000550078.1,ENSG00000257315.1,ZBED6,203795654,203854124,2.491948576531664,4250,3801.25,337.723,2.00168,AGCTTGTCTCAAACTCCACATACAGAAAGCCACCGACCTTATTCCGGTATCCTACACCCATTCCCCACTCTCATTACACTCCCACCCCTGGCCCTCAGCGTCGGAGTCAAGAGCAACAGGGACACTTCCGTTCTCCTTGTAGGACTGGTGAAACCGTAATGAAGAACACCCCTAAACTCCCATAATCGGTGCGGATTCCTATGGGGAAGGCCTATATTGTTGACATCTTCCAGGCCTTGGTTCTGGACCTTGAGAAAGAGGCTGTGGAACTAGAGATAGCGATGCTTTTTAGGGTAAATGTATGTAGGTATTGGGGGAAGGGGAGGGATCAATCGAAAAATGGAAGTGGTTTAAAGTTCATATTTCACTTTTTGCTATCTCTATAGCGTACAACTTGTGAGTTACTTACAGGCTGTAAAAGCTTCTCAAGTCTAAAAATATCTGAAAACTAAACTTGAATTAACTCTTAATACAAACAGTACTTTGAAAATGCAGCATTTAACCTTGTTTTAAAATTTTTTTCTCAAAGCATTTTTTTCCAGCCACTCACATTTTAAAAGGTTGTATTACTTTTAGTTAGAACTGAAAGGGCTCAACTAGCATTTGCTGTGACCAGTATGCGGAGTCTGTGTTGGCTTTCCAGAATTGACTTTTTGGGTTGTATTGGCAAATCACAGTCCTAAATGATGAATGTTGAATGATGCACTATGTTTTTGTTTAAATGAGATTTCCTGAAAATAGTTAATTTCAGAATTAAGGGAAATTGATGTCGCTATCATGAGGCATCATAAAAATATGTATTTTACAAGGTGAAGGCATTTCAAGTAGATATAGTTCTTGATGAAGCAGGAAGAACATGGATCTGGGATTTGGAAGACCTGGCTTCTAGCTGCTACTAACCAACTCTGTGACTCTGGGAAAGGGGGACTCAGTTCTTACTTCTGTAACATGAGGACACTGGACTATTTGAATTCAGAACTTAGAAAATTGGAAGGGACCTTAAAGCCCTCTAAGAAAGAGTTCGGGAATGTTCTCCATTGCTGTCAGTTTTCCTCCAAAAATAACCTGGCTTGGAAGTTATTGGTCCAGTGGGAATTTGATTCCCCATAGAAACTGGAGAAAAGGTAATGCAAGTAGAGAGGAACAGCTGTATTTCTGCTTGAGTAATAAACCCACTAACAGATTCTGGTACGAATTGTGGAGACATAAAGAGA,1.2449285482852723,0.3160629422992761
418,ENST00000391947.6,ENSG00000198625.12,MDM4,204516379,204558120,7.1292459239638495,10008,9605.96,796.828,1.8689,GTGTGGGAGGCCGGAAGTTGCGGCTTCATTACTCGCCATTTCAAAATGCTGCCGAGGCCCTAGGATCTGTGACTGCCACCCCTCCCCCCACCCGGGCTCGGCGGGGGAGCGACTCATGGAGCTGCCGTAAGTTTTACCAACAGACTGCAGTTTCTTCACTACCAAA,3.814674901794558,1.9315601114362728
419,ENST00000360066.6,ENSG00000117266.15,CDK18,205504595,205532793,3.665108230911847,3141,4718.77,280.435,1.33895,CTTCCTCCTCCTCCTCCTCCTCCTCCTCCCTCCTCTTCCCCACCTTCCTCCACTCCCTCCCTTCCCCTCCCCTTCTACCTCCTCCTCGGCCAGCTCAGGTTGCAGCTTCTCTGGGGAACTGCTCACCTTTCCGGAGCAGGGGAAGCTGCCCCGTGCCCGGGAGGGAGCGGGCGCACCGCGGCCCCCAGGACACGCGCTGTGAGTCCCGCGGGCGGTGCGCCTGGGAGGAAGGGGGAGGTCGGAGGAGCGGGCACCGCGGCGCCGGGTATAAGGAGCAAAGGACCCGGCTGCCCAGTCCCTC,2.737300295688298,1.4527537143285172
420,ENST00000624873.3,ENSG00000266028.7,SRGAP2,206203345,206464443,10.23743755194106,4705,5673.19,285.776,1.13491,GGTTGGATTTTTTCCGTGGATCTATCAATTCACAATTCGAATTTGGAAGAAAGAAGGAAAAC,9.020484048903489,3.1732048521298326
421,ENST00000577571.5,ENSG00000266094.7,RASSF5,206507530,206589448,8.121643812308186,3496,4061.53,271.707,1.50721,GAACTGCTTTACGCGAGGGGCAGGAAAGGCGCGGGAGGCGGGGGAGGTGCGGAGATGGCGCTCTGCACGGCGGCGGAGGGAGGGCGCTGGCGCCGGGGACACGAAACCGCAGAGCCCGGACGAGTCAGGGAGTGAGGCGCGAGCCGGGCGCCCGGGGCTCTGCAGGCGCAGGCGGCGCGGGGACAGGAGCAGGTTACCGGGCCGCCCGAGCGCTCGCACCCCGCTGAAAGAAACGCAGGCGGCCCGCCGGCTCTGCCTGGTCCGCTACCCGACCAGCTCCCGGCTCGGGGCTCAGAGCTAGGGGCTTACGCCAAGCGGAGCCCGGGGAGGGGTGCCCACCTCCCTCCGCCGCATCCCAAGCCCGGCCCCCTTGATGCGCTGGCGGCCTCGGCCGGGAACTCCGGGGTAG,5.388528348609806,2.429891314896107
422,ENST00000367109.6,ENSG00000143479.15,DYRK3,206635536,206684419,14.398532236395496,2163,2134.76,219.641,2.31807,ACTTCCCAGCCGGGGCCAGTCGGGAGCGAAAGTGCGCTGAGCTGCAGTGTCTGGTCGAGAGTACCCGTGGGAGCGTCGCGCCGCGGAGGCAGCCGTCCCGGCGTAGGTGGCGTGGCCGACCGGACCCCCAACTGGCGCCTCTCCCCGCGCGGGGTCCCGAGCTAGGAG,6.211431163163967,2.634925715163268
424,ENST00000367103.3,ENSG00000162889.10,MAPKAPK2,206684944,206734283,15.117489451391378,2961,4078.73,664.692,3.67162,GAGCCAGCGGCGCGCGGTGGGACCCACGGAGCCCCGCGACCCGCCGAGCCTGGAGCCGGGCCGGGTCGGGGAAGCCGGCTCCAGCCCGGAGCGAACTTCGCAGCCCGTCGGGGGGCGGCGGGGAGGGGGCCCGGAGCCGGAGGAGGGGGCGGCCGCGGGCACCCCCGCCTGTGCCCCGGCGTCCCCGGGCACC,4.117389449722841,2.0417299146807784
427,ENST00000367041.5,ENSG00000117335.19,CD46,207752057,207795513,28.92441045330101,3281,2590.81,214.023,1.86118,GCTCGGGCCACGCCCACCTGTCCTGCAGCACTGGATGCTTTGTGAGTTGGGGATTGTTGCGTCCCATATCTGGACCCAGAAGGGACTTCCCTGCTCGGCTGGCTCTCGGTTTCTCTGCTTTCCTCCGGAGAAATAACAGCGTCTTCCGCGCCGCGC,15.540899028197709,3.9579980597659237
429,ENST00000491415.6,ENSG00000117597.17,DIEXF,209828007,209857565,30.34280665950186,8446,8684.94,1679.72,4.35744,CAACTTCCTGGTGGAAAACCGCGACTCTTGCAAGTGGGCAAACTTGACGTTTTCGCT,6.96344795556608,2.7998018343307898
430,ENST00000367012.3,ENSG00000082497.11,SERTAD4,210232799,210246631,21.775603741074494,5219,4440.95,843.162,4.27757,ACCATAACCGTCTGCAGCGACGGCGGCGCAGCGCCCCAGTCGCGGCGGCGGGACCTGCCGGGACCCTTGCCCGCCGCGCACCCGCAGTCACCGCCGAGCGGGCGGCCGGGCCGGGACCCGCGAGTGTGCACCGGCGGCCGGGCTGGCGCCGAGCCCAGAGCGGACCAGCAGCAGCTCAAGCGCTGCGGCCGCCGCCTCCCCGCTGACCCCGCGATCTGAGGCTGTCAGAG,5.090648134589147,2.347849350019974
431,ENST00000452621.6,ENSG00000117625.13,RCOR3,211258377,211316385,16.84005803398426,1827,1558.1,111.732,1.61563,ACTGCCGGAGCGGGGCGGTTATGGCGGCTCCATATTAACAGCCTCCTCCTCCTCCGCCGCCGCCGCCGTCTCCTCCTCCTCCTCCTTTCCCTCCCGCCCGCGCTCTAAGCCATCTCCGCCTTCACCCTGACGCCTGCCTCTTCCCCTCACCTTTCCCCCTCCCCTGTTCTACC,10.423214494645594,3.3817283648558147
432,ENST00000366991.4,ENSG00000143476.17,DTL,212035553,212107400,72.88394787788008,4573,4340.57,2427.51,12.6002,CGCGGTTTGTCCGCGCCTCTGCTACCCCCTGCGCAGGCGCTCAAGGAGCTCTTGGACTCCAGGTTCCCGCGGCTGGGAGAAAAGGAGGCGGGGATCCGAAGGGGGAAATGACTCTGAGGCGCCCGGACGTCGCTCGGAAGCCAATCAGAGAGCGTGACGTCAGTTTGGCGCGGAGTTTGGCGGCCGGGGCTTACAGTGGCGGGAGTTGGAGGCGATAACGATTTGTGTTGTGAGAGGCGCAAGCTGCGATTTCTGCTGAACTTGGAGGCATTTCTACGACTTTTCTCTCAGCTGAGGCTTTTCCTCCGACCCTG,5.78434849271282,2.5321544737210813
433,ENST00000261461.6,ENSG00000066027.11,PPP2R5A,212285537,212361863,28.020727083694144,3128,2821.86,556.177,4.44057,CGCAGAGGGCCGGGGCTACGGGGCAGCGCCCCGGGCGATGAGGGGCCGGCGTTGACCGGGAAGAGCGGGCACCGCGGCAGTGGCTCCGAGGGGACCCGCGATGGCAGCGCCCTGAGAGGAGGCTCCAGGCAGGGCGGGCTGCGCTGGCAGCGGCCGCTGAGGTGCTGGCCGGCCGGCTGGCTGGCGACGGGGGCAGAAGCGACGAGAGGCGCGCTCGGCACCCGCACCCCCGTGCCCCCGCCTCAGTTGTCTAAACTTCGGGCTCTCTTCCACCCGCTCTGCGCGCCCAGAGTCAACAACTTCTTCACCCCCCTCCGCCCCCGCCCTTCCCTCCGTCAGCCCCGGGAGCTCGCCGCGCGCCGGGGACCAGGAACCTCCAGCGCTGAGATGTGGCCGTGAGGCGTTGGCGGGCGGCGAGGAGAAGCTCGGCGGCGTCCCGGGGCCGGAGGGCCGTGGGGCCGGGGCGCAGGGGCGCGAGCACCCCGCGCCTCTCCCCCGCCTCCTCCTGCCGTCTCCGCCGCTGCCCGTGCCTTGCAAGCAGCAGCCGGAGCTGCCAAGCGTCAGGGCCGCGGAG,6.310164479716375,2.6576776107511653
434,ENST00000366988.4,ENSG00000117691.9,NENF,212432887,212446379,96.533124194357,949,1188.75,546.119,10.3504,GGGCGTGCTAGGGCCCCGCCGCCCTGGCCCGGCCTTGCCTTGCGCTGCGCGCTCACC,9.326511457949161,3.2213375480151667
435,ENST00000366974.8,ENSG00000203705.10,TATDN3,212791828,212816626,14.270675580332878,2389,1951.15,154.089,1.77927,AGCATGCATCCGGCTGGAAACTCAGGACGCTGCAGCTGAAACGTTCCGGCTCCGGCTCTGCTGGCCGGTCTAAAGCGGCAGCCGCCGGGGCGCA,8.020522787622383,3.003696276397043
437,ENST00000366971.8,ENSG00000162769.12,FLVCR1,212858255,212899363,44.112636337005874,5939,5751.56,724.903,2.8396,GCCGCGCGGCGCGGGGGAGGAGACCTTCATCTGTTCACGCGGTAGCGCGGATTGCGGTTCGCGGCGCGCGCCACCGGGGAAGGAGCGGTGGGCCGAGGGGTTGGAGGTGGGGCCCCAGGAGGACCTCGGGCTGTGGGCCGGGAGAGCGGAGTCGGGGAGTGGGGCGGGGGAGCGAGGTGGCGCCGGGGAGCCTGGGAT,15.534806429428748,3.9574323598396766
438,ENST00000366957.9,ENSG00000143499.13,SMYD2,214281102,214337131,18.94849388318075,1671,1375.93,521.821,8.54449,GCGGCCGCGCCCCGCCGCCACC,2.217627252554658,1.149016892062814
439,ENST00000366955.7,ENSG00000117724.12,CENPF,214603195,214664588,62.6037240604224,10307,8384.14,8267.19,22.2158,AGAAGCGGGCGAATTGGGCACCGGTGGCGGCTGCGGGCAGTTTGAATTAGACTCTGGGCTCCAGCCCGCCGAAGCCGCGCCAGAACTGTACTCTCCGAGAGGTCGTTTTCCCGTCCCCGAGAGCAAGTTTATTTACAAATGTTGGAGTAATAAAGAAGGCAGAACAAA,2.8179819795110865,1.4946623859012345
440,ENST00000259154.8,ENSG00000136636.12,KCTD3,215567392,215621807,38.527942502672936,3931,3484.77,1618.8,10.466,GTCGGTGGCAGCGGAGCACGGAGAAGAGGCCCGGGCGGCCCGGCGGCCTGGAGGCCGCGAAAGGTGGAGGCCGGGCCGCCCTTGTGCACCGCAGGATTGACCCGGGAAGGGGCAGAAGCTAGCGAGCCCCGCCCGGCCGCCGGGAAGGTGGGGGAAGCCCCGTGCACCCCCCGCCCTCCGGCCGCCGCCGCCCCGCTGGCCCTGCAGCCGTCGCCGCTGCCTCGGGCTACAGCCCCGGGCTCGGCGGTCCCGGCTGGGGAAGGAGGGCGGCGAGCGCGTCCGGAGCCGCCGGAG,3.6812480893056505,1.880194980134955
441,ENST00000366932.3,ENSG00000067533.5,RRP15,218285287,218337983,136.4647225724005,7771,5889.01,1542.65,5.90182,ACTGTCAGGTGACGCTTCCGGCGCAGAAAA,23.12248129770147,4.53122431815019
442,ENST00000366928.9,ENSG00000143353.11,LYPLAL1,219173844,219212865,58.06181202475942,1898,1109.09,102.263,2.07737,CGCGGCAACGCAGGGGCGGAACCGCATGACTGGCAGTGGCATCAGCG,27.949672915638242,4.804759494744816
443,ENST00000366922.2,ENSG00000067704.9,IARS2,220094102,220148041,106.2946922690964,3560,3328.8,2741.33,18.5539,CTTCCGCTCCCGGAGCGCGTGCGCCCTCTTACTCGGCTCCCCTTGGTTTCCTGGGGTCCTGCCCCTTCAAGCTGGGGCGGGAGCGGAGGACCCCGCTCTCAGGGGTTGCCGGACC,5.728967617002162,2.518275182957329
444,ENST00000294889.5,ENSG00000162817.6,C1orf115,220689845,220699157,15.913174689562172,3413,4381.25,459.0,2.36035,ACTTTTTCACTGAGTCAGACCGTTGAACACCGTGGACACACTGTCTTGCGTTTCCGAATATTTCCTAGAATACGGACGTTTCCTAAGACTCACGATAAAGATTTTCTGATCGTCTCTCCAAAACCTTGCCACCAATTTGCACTCCCACGAATCCTGTTACCGTGACTATCTCGCCATGCCCTCCCTAGCACTGAGCGTGATCTCTAGTATCATTTTCCATCGTTGCTAATTTGAACATGAGCAGATGGAGTCCTATTATTTGGGGTCATTAATTTCGTAGCAAGTGCAGTTGAAGGTGTTTTGCATGTTCATTGTGCAGTGCGCGCCGTAGTCTGCACAGTTTGGCCGGCAGGTGGGATGAAGGGCGGGGCTGGCGGAGCGCGCCCGCCGCCTGGTAGGCCAGTTCGGAGCGGAGCCAACGCTATCCCGGGCCCCACGGCCAGGGGGCGCTGCGGCCCCCCCAATCCCCCGCCCCGTCCGGGCTGGGGCGGAGGAGCGGGCGGGGACCAAAGGTTGGTGTCTTTGCGCTCGGACCTTCGCCAGAGGGGCCGGGACATC,6.741870777453417,2.7531489752138807
445,ENST00000366913.7,ENSG00000117791.15,MARC2,220748225,220784815,18.35255706938711,2134,1954.79,230.506,2.65671,GGCTTGGTCACCGCATTAAGGCATTCCCGCTCTCCGCGGAACTGCTCTGCCGTCTCGGCGGTGAAAGTGTGAGAGGGTCCGTAGTTGGGTCAACTTTGACTCCTCTCGCCTGCCCGGATCCTTAAGGGCCTCCTCGTCCTCCCGGTCTCCGGTCGCTGCCGGGTCTGTGCGCCGGTCCGCGCCCGCCCTCGCTCTGCC,6.908001652189028,2.788268427916726
446,ENST00000344922.9,ENSG00000154305.16,MIA3,222618086,222668012,39.42814429540597,8142,7033.51,1551.68,4.9704,ACCGGCTCCCCGAGGTGACCACAAC,7.932589790641794,2.9877919464020346
448,ENST00000340934.9,ENSG00000162819.11,BROX,222712553,222735196,30.3194484282448,4124,3251.54,644.416,4.46518,GAGGCCGCCCCACTGCGCCGAGGGCCGCCATCGCTATTGCGGCATTCTCCCTCGGCTCCGGAGGTAGGGGCAACTCTTCTCTTCCTGTCTGGGAAAAAGACCATAGCTCAAAAGGAAGGCCGAGGGAGAAGTTAGAAAGGGATGATGAACGAAGCGTTTTGAGGGGACTGCAACGCCGCGGCAATACCCGCCCCTGAGCTGCGCGCACTACCGCCTCGGTAGCTATCATGGCCGCCGGGTCACGTGACTCCGGCTTGGCGCCGTCCTGGTTTTCCGTCACCCTGGTTCTGTAGTCTCGGTTCTCCGACTCCCTCTTTTTCTCGCTTGTGGACTCCGATATATTGCCCTTCTTCCCTTAGAAGAACTGCTGAACCGACTCTGAGAAATTTGAAAACATCTGGAGAAA,6.790196235816876,2.7634532687776527
449,ENST00000295006.5,ENSG00000162909.17,CAPN2,223701593,223776018,81.24745919623827,3573,3866.92,2329.4,13.5719,CCTCCCCGGCGCCGGGCCGCGCCATCCCGGGAGCTGTCCGCAGATGGCAGCACCGGCCCCGGGTCGCGGCGTTCCCGGCGCTCGGCAGGCCGCAGGATGGCCTGGTCCCGGGCCGGGAGCCCAGCAGGCCGGGAGCGGCTGAGGCCACACCCCGCGGGCCGGGCCGCTTCCCTCCGGTGAATCATCGCTCGCAGCGGCGGCGCCCGCAGTGGCCGCAGCAGCGCGCCGGGCCCTGGCCGCGCCCCAGCCGAGCGCAGCGCGGAGTCGCCCCGACCTTTCTCTGCGCAGTACGGCCGCCGGGACCGCAGC,5.98644693788182,2.581699991999302
450,ENST00000366862.9,ENSG00000143756.11,FBXO28,224114087,224162047,80.02313921219606,5451,4378.13,1779.77,9.15879,CCCTGTTCCCCTTGCTGTGGGGGTAAGGAATCAAGCCCCCAAG,8.737304732633465,3.1271883084955974
451,ENST00000323699.8,ENSG00000143753.12,DEGS1,224175756,224193441,536.9092355969162,2101,1787.15,3077.51,38.7971,GGGGGGGGCGGGGCCTCGGGACTCCGCCCACGCCTCCGTCTCCTCCGCGCTCCGCCACAGCCGGCCGACACCACACCAGCCGGGGAGCCGCCGCCGCCGCCGCCACCTCTGAGCAGCCGGCTGGGAGCGAGAGCCGACAGCTAGTCTGCAAGCCACCGCTGTCGCC,13.838901247694189,3.790657498307889
452,ENST00000465271.5,ENSG00000143771.11,CNIH4,224356850,224379459,367.5556032990873,4125,3974.12,705.788,4.00125,GCAAGGGCCTATCAGGGGTGGGTCGGGGCATCCGAGCGGGTTTGACGGAAGGAGCGGCGGCGACGGAGGAGGAGG,91.86019451398622,6.521367933356585
454,ENST00000272133.3,ENSG00000143786.7,CNIH3,224434660,224740549,8.95543640356616,2558,2968.46,161.085,1.2226,CCGGGTCGCACCGCTACAGTTCTCGCAGTGGCAAAGGCGGCGGCGGCGGCGGCGGCAGCGGCAGCAGCAGGTGGAGCGAGCTACAGCGTTTGGCCTGAAACCCACTGCTGCAGCCACCCGGGCTGGAGTTGGCCCGTTGGGTGGAGCCAGTGCTCGCCCCGGTCCGACCCCCGGTTTCCGGGACACTTGGGTTGCGGAGGCCGGCTGGCCGGAGTCACGGTTGGGGACGGGCGCGCCTCGGAGCGCACGGCTGCGCTGGAAGCCGCGTCTGGGGCGCAGGACCAACGGGACCTACCTCCTCCCGGCTACCTAAAGACTCCTTCTCTCGGGAAAGAGCGCTGCCCGGCTCTGGGATTTGGGAGGAGCTCGGAGGCCGCTCGGGCACCTCGCTGGACACTATCCGTTTGCGCCCCGGTGGCGCGGGAGGGTCCGGAGCGGAGCGCTCGTCTCTCCTCAGCGGTTTAGTGGAGAAAAGCAGAGAGCTCTTCCTGGGGCGAATGGGACCTCCTCCCTCGGTCCTCCGTGGAGTCGTCGCATCGCTTGTCGTGTTGGTCTCGAGGGGCTCACAGCTTGGCACTAATTTGCAGGTGTTCGCTGCTGATTTGGTTTCTTCTTCGATTTGCGGACGGTTCCCTCCAGCGACTCTCGACACACGTTTTCCTGTCTTCGCCGGAGGGCCGGGTCTGGGGTCGCCGGAGCCTGCGGGAATCCAGCGCTTATTCGCTGACCCTCGAGTCGCTTCGCTAGCTGTGCGCCCTCCTGGGCACTAGCCTGGAGAGGAGCGTGCAGACGCGGCTCCTTGGAGGGAGTGCGGTCCTCTAGGGAGGCATCGGGCTCCTAGGGGCTTCTTGGCGTGTGTGGTGGGATTGGGGTCCGCCGGCC,7.324911175827058,2.8728112650678845
455,ENST00000366850.7,ENSG00000185842.14,DNAH14,224896262,225399292,49.22632866794284,1103,653.723,206.933,7.13179,AGGCGTGGCTCTTGGTCAGGCGGTTACGGCCAGGAGGCGTCGGAGCCTGGCGTGGTAGGGCTGTGCTGCGCGGTCCTTCCCATTCACCCTAGTCTGGCGCTCGCCGGCGTGGGCGGGCCGGACCTTCGCCGCTTCCAGGAAGGGCCACAACGGCCGTCGGACCACGGCGCGGCGGCCAGTTCCTTTATAGTTTTGTTCAGAAAAACAT,6.90238056195469,2.7870940187906723
456,ENST00000272167.9,ENSG00000143819.12,EPHX1,225810092,225845563,86.79684344846854,1660,2034.26,664.785,7.3627,GAAAACTAGCCGAGGAGAGCCAGGGAGCCGGAGAGATCGCGCGCCTGCCGCCGCCGGAGCCTGCGAGCCGAGACCGAGCC,11.788724713551895,3.5593357530738357
457,ENST00000366783.7,ENSG00000143801.16,PSEN2,226870184,226896105,20.409441460609468,2306,3097.84,200.064,1.45503,GCGTGGGGCGGGGCCTGGGCCGGCGCCGGGTCCGGCCGGGCGCTCAGCCAGCTGCGTAAACTCCGCTGGAGCGCGGCGGCAGAGCAGGCATTTCCAGCAGTGAGGAGACAGCCAGAAGCAAGCTTTTGGAGCTGAAGGAACCTGAGACAGAAGCTAGTCCCCCCTCTGAATTTTACTGATGAAGAAACTGAGGCCACAGAGCTAAAGTGACTTTTCCCAAGGTCGCCCAGCGAGGACGTGGGACTTCTCAGACGTCAGGAGAGTGATGTGAGGGAGCTGTGTGACCATAGAAAGTGACGTGTTAAAAACCAGCGCTGCCCTCTTTGAAAGCCAGGGAGCATCATTCATTTAGCCTGCTGAGAAGAAGAAACCAAGTGTCCGGGATTCAGACCTCTCTGCGGCCCCAAGTGTTCGTGGTGCTTCCAGAGGCAGGGCT,14.026818320316053,3.8101158968561997
459,ENST00000343776.9,ENSG00000181450.17,ZNF678,227563543,227677443,15.96880216371076,8556,6283.24,362.461,1.29969,GATCTGGCGGGGCCTTTGTCTTGTGCTCCAGCTGGAGCTTTGGTCCCGTATTCTCGGCTATTTATCCCCAGCTGCGGGAGGCCCTGGTGACTCTGCTGCTGCAGTGTCTGGTTTCCCTGTGACCTGCAGGTACTGGGAGTTACATAGCTAAGATGCCAGGACACCCCGAAAGCCGGAAAACGGGACTACTGGCATTCAGTGATGTGGTCATAGAATTCTCTCCAGAGGAGTGGGCATGCCTGGACCCTGCCCAGCGAAATTTGTATAGGGATGTGATGTTCGAGAACTACAGAAACCTGGTCTCCCTGGGACTTCCAGGACTATGTTAAAATAGAAGCATTGATA,12.28662385931319,3.619016638705302
461,ENST00000620438.1,ENSG00000196890.4,HIST3H2BB,228458107,228460470,564.2714917095188,2364,2804.29,576.388,4.63077,CTGTTTGGAGAGACTCAGCCATC,121.85262747005764,6.9289935495528745
462,ENST00000305943.7,ENSG00000168159.10,RNF187,228487061,228495766,180.0232061703416,3017,4329.73,1123.16,5.84443,CCGCAGGCAGTAGAGTGAAGCGCGCAGCTGCCAGGACTTGCGCGGTGACGTGCGCCGCTGCCAGGACCTTGCAGGTGGAGAGCATAGTTGCCAAAATCAAGGCGGAGGAGCGCACCGCCGCTAGGATCCAGGCGGAGAAGCCCACCGCGGCCAGGACCTAAGGATGCAGTACACTGCTGCCAGGATCTTGTCTGTGGAGCGCAGCGCGGCCAGGACCTCCGGCTGCAGCACACCGCTGCCAGGATCTTATCGGCAGAGCGCTCCGCGGTCCGGACCCCGCCCCGTGCGCGTCCCCGACCCCGCCCCGTGCGCGTCCCCGGCGTTGGCGTCTTCGTCCTGTTGCTGGTCTCCGTCCGGTCGCCGGCCGTCTAGGTCTCCGGCCCTCCCCAGCCGCTCCTGCGCCCTTGCCGGCCCCGCCGCCCGCAGCC,30.802525852879,4.9449767537948865
463,ENST00000366691.3,ENSG00000116574.5,RHOU,228735077,228746669,22.93621510876204,4372,4578.65,1035.0,5.0929,GGGCTCCACGGAGTGAATAGGAGGCGGCTCAGGCTTCCTGGCTCGCGTGGGCGCCAGAAAGCGGAACCTCCCGGGCCAGTCGCGCGGTGGTCACCCTCTTGGGAGCTGGGGAGGAGGCTGCGGAGGCTGGCCCGGCTCCTTCGGGCGTCGCTTCCCGGACCGGGTGCGCGGGGTCCCCCGGAACGTGTGTTCCAGGTCCTCCCGCGCCAGTGTTCGCAGTCCCCGCCTGGTCGCGGCGGCGCCTCGGGCGCGGGTGCAGGCGCGCGGCGCGCAGGCGGGGGGCGCTGTGGTCTTGGCGCGGGGACCGAGCCGCTCGGCCAGACCCGCCTCTTTTCCCTCCCCGCCAGCCCGCCCGCCTGCCCGCCCCCCACGCGTCGTGTCGCCGGGAAGCCGGGCGGAGACAGAGCGCTTGGGATCCACGGCGCTCGGACCGCTGTCCTCCAACAGCGCAGGGCAGAGCGGCTGGCGCCGCCGGAGCGCGGAGCCACGACCCTCCCTGGCCGCCTTTGTCTACTGGCCGTGCGGCCCGGAACCGCCACTCTCCAGGGCCGGGGACGCGCCCGCAGCTGTCGGTGACAGCTCCTCCCTACCGCAACCCTCCGGGGCGGAGGGGCGGTCGGGCCGGGCCCTGCTAGCCCGCGACCGCAAGCCCGCGCTCGCGGATCG,4.503566751509363,2.171068045110636
464,ENST00000366690.4,ENSG00000168118.11,RAB4A,229271062,229305894,60.56396862238592,2966,2271.68,958.877,9.50995,GCCGGACGGAGGGTGGAGGGCCCTGCGCCTGCGCGGAGCTGGAGTCCGGCTGGGCCGCAGCCGCTGGGAGACCGGCGGTTGCCGTGGGGACCGGTCGGGCCCCTCCCTCCTCCGGTCCCCCGCCCCAGGTCCTTCCCCACCGAGACGCGCCGGCGGACCGCGGGCGAGTGCAGCCGGTGACCCGGCGAGAGGCGGCGCCGCTCCCAAG,6.36848444233523,2.6709500839926883
465,ENST00000258243.6,ENSG00000135763.9,URB2,229626234,229660199,36.49593302215101,5613,6251.89,1481.8,5.33997,GGACGCGGGACCCGTACAGCGGCCTCCGCCGCACCGGGACAGCAGCCGCCGCCGCTGCCGCCGTCCTCCCCTGTCTACCCGGAGCTGTCTCGAGCTGAGCCCCCTACCGGGCCGGATCCCGAGATAAAGCCTAGCC,6.834482782141286,2.7728321621365306
466,ENST00000366672.4,ENSG00000143641.9,GALNT2,230057990,230282124,69.50912513756523,4454,5786.7,1985.15,7.72901,CCACCGCGCCCGCGGCCGGCCCAGGCAGCACTCGCGAGCAGCGGCGGCCCCGCCGGCGGCCGAGTTGGGAGA,8.993276647017566,3.1688468489026036
467,ENST00000366669.8,ENSG00000135775.13,COG2,230642489,230693982,53.98049065604811,2921,2639.0,1096.1,9.35781,AGCGGACCCCCCTGTGCCGTGGAAACTGGCGGTGGCCGCGGCCGCCGAGTCGGTCTGCGCAGCCTCCTGCGTTTTCTCGCTTGGATCTTGGCACTGAGAGGCGGTGGCCGGCGGG,5.768496117793384,2.528195248472726
468,ENST00000310256.6,ENSG00000173409.13,ARV1,230978981,231000595,143.6703211723873,1335,917.903,1053.94,25.8691,GCGTCTGACGTCTTACCCTCCACAGAATCGGAAGTTCTGGACTGCAGTTGAGTGGAA,5.553742541193444,2.4734602986632863
470,ENST00000366647.8,ENSG00000116906.11,GNPAT,231241207,231277973,47.34214677805209,2643,2221.68,1121.78,11.376,TTCCGTCCTGGCTGAGATGGCGGCGCCCGGGATCCTGTGTAGCGGCTGCAGAGGGTGCCGCCGCCCTAGGCGAAGTAGGGCCGTCCTGAGCGAAAGAACCGCCCCCAGCAGGAGCACCACCACGGCTTAGCAAAGAATCCCAGACCCCGCCCGGGAAGGCAGCCGCACC,4.161581116214143,2.0571317579676434
472,ENST00000295050.11,ENSG00000010072.15,SPRTN,231337104,231355023,48.13098132613235,3468,3185.58,851.348,6.02117,TGAGGTTTGAAATAACCGGCAAAGAGTAAAGGCTGAAACTAGCTTCCTGAAAGCTTCGTAGGGCCCGAGCCCTGTGAGCCCAGGTTCTGCGCCCACTAGGAGGTGTCATGCTGACTGCTTTTTTTAAAGCCCTAGAATCTTGGCTTCGGCGTTTGGGGTAAGCTCCGTTCTCGTTCTCAAGCGCGTTTCCGCGAACTCTCGCGGGATTGACGGGCCGTCTCGAGAGCCGGCATCTCCTAGGAGCTAGTCCTGGTCCTCGGCTAGGCGGCTTGGGGTCGCGGCGTAACTGGGGAGCCAGCCTGACGCCGGCGGACCCCGCCTGTGATCCTGGCAACG,7.993626043797526,2.998850082468377
473,ENST00000366639.8,ENSG00000116918.13,TSNAX,231528653,232041272,269.28524156346845,2650,1850.83,1629.43,19.835,ACGTGAGAGGAGACTTCCGGCCACTGCGTTGTAGTCGGCCCGGCTGCAAAGCGTTTTTCTGCAGGCTGTTTTCCCAGGTTCCCTCGGCCTGTACCTCGCGCACTCCTCTTGCTCCAGGTCCTTCAGTCTCCGCTCGTCTCACCGTAGGCTGTGACGAC,13.576266274941691,3.7630148611217824
474,ENST00000366623.7,ENSG00000143674.10,RP5-862P8.2,233327768,233385148,23.02690165852537,3910,4435.7,282.894,1.43689,CAGGGCCTGGGCACGACCATGGTGGGACGTCGCCCGCGGCTTCGGGGACCGCTGCGGCAGCAGAGGCGGCTGGCCAGGAACGCGGGCCGAGGCTGGACCCTTTGGGCAGCTAGCCCGTGATCTCTGCCGTCACCGATCGCGATTCCTACCCCCTCGCCTTCCCCCGGCGCCGACGGCCACACCGCCGGACGATGCGCGCCCGCGGCCGCCCGGGAGGCTGAGCCCAGCTTCCCGCTCCGCCTTCCCCGCGCAGCTGCCCCC,16.025514589513026,4.002298778334749
476,ENST00000366621.7,ENSG00000135750.14,KCNK1,233614004,233672512,28.486564510735874,2161,2050.64,297.827,3.27218,GCAGGAAGACGGCGCTGCCCGGAGGAGCGGGGCGGGCGGGCGCGCGGGGGAGCGGGCGGCGGGCGGGAGCCAGGCCCGGGCGGGGGCGGGGGCGGCGGGGCCAGAAGAGGCGGCGGGCCGCGCTCCGGCCGGTCTGCGGCGTTGGCCTTGGCGGCGGCGGTGGAGAAG,8.70568382874288,3.1219576255717594
477,ENST00000366615.8,ENSG00000168275.14,COA6,234373456,234384049,232.3217543224108,710,433.247,813.49,42.3037,ATGGAAAGTAA,5.491759688216653,2.4572684965331795
478,ENST00000282841.9,ENSG00000152904.11,GGPS1,235327350,235344532,80.5485224779171,2895,2368.71,691.94,6.5814,AGTGTGACCGGGATGGCGCATTTTCTTGCACCAACTAATGCGGTGTCGCTGGCGGCTGAGGAGGGCGGAGAGTTCTGTGGTGAAATAGTGGGAAGGATTCATGTAGGCATCGGGAAGAGCCTAAGTCCACATTATAAAATAGGAAGTTGATGCGGGGTACAGTTACTCCCGGACCGGCGGCGTGAAAGTCGTGATATCATCGTTGAACTATTAGCTTTGAAGTTTAAATCCA,12.238812787236318,3.613391712637091
480,ENST00000366592.7,ENSG00000077585.13,GPR137B,236142505,236221865,9.81464306561962,2042,1961.61,326.279,3.74747,GCGGCTTGTTTTCTTTCCTCCAGTCTCGGGGCTGCAGGCTGAGCGCGATGCGCGGAGACCCCCGCGGGGGCGGCGGCGGCCGTGAGCCCCG,2.6190051062769335,1.3890188725152477
481,ENST00000359362.5,ENSG00000186197.13,EDARADD,236348257,236484914,13.582300818191383,3097,3462.84,258.054,1.67896,AATTGCCAAAGCAGGAAGTGAGCTCGTGGAAGAAGCGAAGGAGGAGAAGAAGAAGGGAGGGGAAGGCGGAGGAGGGCAGGGGCGCGCAGAGCCACGGTTTGCTCCAGGCGCGTCGGAACCGCAGGACTTTTCATCCCCGTGGTCCCACGGTCCTCCCGCGCCCCGGAGGCCTGCCAGCCCCGCTCGGACGCTCGTTTGCCCCTAACCCGCCGCC,8.089710784170785,3.016088125683555
482,ENST00000366577.9,ENSG00000116984.12,MTR,236795281,236903981,43.493162199251145,10529,11174.2,2261.04,4.55882,AAAGGTTCTAAATGTCTGCGGGGCTCAGAGCCGGATGTCACGTCGTCCTCCTCTGCCGGTTTTCTCTTGGGTCCTTTTCCGTGCCGTCCCGCGACTCCGCCTCTGGCCGCGCGTGTCTGGCTGCTAGGCCGACACCAAGGACTGGCCGGGTACCCGGGAAGAAAGCACGTGCTCCAGCAGTTGCCGCGCCCAGCCCCGAGAGAGGCCCTAGGGCGCTGCGGGCTTTCGGGGTCCGCAGTCCCCCCGCGACGCGAGCCAACGGGAGGCGTCAAAAGACCCGGGCCTTGTGTGGCAGGCTCGCCTGGCGCTGGCTGGCGTGGCCCTTGGCCGTCGTCACCTGTGGAGAGCACGTCTTCTCTGCCGCGCCCTCTGCGCAAGGAGGAGACTCGACAAC,9.540442965339967,3.254056252505742
483,ENST00000319653.13,ENSG00000155816.19,FMN2,240014348,240475189,5.9231530426366525,6434,8867.09,667.637,1.69637,GCCGCAGCCGCAGCCGCAGCGACGGCAGCCACGGGAGCCGCCGCGCATTATGCAAAGCGGCGGCAGATGCGAGCGGGGCCAGCCGGGCGCGCGTCGGCCTCCCCTCCCAGCGGCTCCCCCCGCCGCCGCCTGACTCTCCCGGGAGACTCCCTAGGCCCGGACCTGGGGCCGAGGAGGGCCGGGATGGCCTGAGTGCCCGCGGCGCGGCGGCGCAGCAGCGGGATTGCACC,3.4916634004590112,1.8039144885508451
484,ENST00000366548.7,ENSG00000174371.16,EXO1,241847967,241895148,41.17934379276556,3473,3081.39,901.341,6.59029,GGAACCCGCGCAAATTGAAAGGTCAGCCTTTCGCGCGCTGTGTAGGCAAGTTACCCGTGTTCTGCGTTGCCGGCCGTGGGTGCTCTGGCCACAGTGAGTTAGGGGCGTCGGAGCGGGTTTCTCCAACCGCAATCGGCTCCGCTCAAGGGGAGGAGGAGAGTCCCTTCTCGGAAGGCCTAAGGAAACGTGTCGTCTGGAATGGGCTTGGGGGCCACGCCTGCACATCTCCGCGAGACAGAGGGATAAAGTGAAGATGGTGCTGTTATTGTTACCTCGAGTGCCACATGCGACCTCTGAGATATGTACACAGTCATTCTTACTATCGCACTCAGCCATTCTTACTACGCTAAAGAAGAAATAATTATTCGAGGATATTTGCCTGGCCCAGAAGAAACTTATGTAAATTTCATGAACTATTATATCCGTTTTCCTCGGAGTGAGAGAAAACTCTTTTTAGATATCATCTGAGAGAACTAGTGAATCCCAGTCACTGAGTGGAGTTGAGAGTCTAAGAACCTCTGAAATTTGAGAACTGCTGGACCAGAGCCTTTAGAGCTCTGATAAGGTGTCAACAGGGTAGTTAATTTGGCACC,6.248487364405141,2.643506984015915
485,ENST00000366541.7,ENSG00000054282.15,SDCCAG8,243256034,243500092,16.34666059374815,2567,2397.7,379.419,3.56523,GTGACAGCCGCGGCAGGAAGCAGGCGGGCGCTCCCCGGCCACAGGCCTGTTGTTCTCGGAAGGGAGAAAGCTGGACATTTCCCCACGTAACTCCCAGCTCTGGGCCTAGAGTGCGTGC,4.585022731702625,2.1969288864557392
486,ENST00000622512.1,ENSG00000179456.10,ZBTB18,244048939,244057476,19.401215332183128,3740,3563.46,569.057,3.59787,GAGGAGGCGGAGGACGCGGCGGCGGCGGGGACGCGGTGACTTAGGGCCGCTCCGTGTTATGAAGACAGT,5.392416994550422,2.4309320641586294
487,ENST00000302550.15,ENSG00000121644.18,DESI2,244652935,244709033,32.8721683541431,4208,3775.13,2115.14,12.6232,ATTTTAGGTCCCGAGGTGCGCCGGCCGAGAACCAGAGCGCAGGCGGGCTCAGTCCTGGCGCCGGGCCGGCCCCGCCCCCGGGGCGCCTGGCGCCCGCCCCTTGCTCAAGCCCCGCCTTTCCCCACGTGTCTGCCGCCTAGGGGAGGTGCCTCATCCGGAGCGGGCCGCCAACGGTCCGGCCCCGTCCGCACAGACGCTCCTGTCGGCGGCGCCCGGGAGCGGCTCGGCTGCCCGATGCTTCCGCCCCGGCTGCCGCGGGCCGGGCTGTACGCTTAGTGCCCGGCTCAGGCCCCCTGAAGCGCCCGCGGGGGTGAGAGCGGCCTCCGGCCCCGCGGAGACGGAGCGGCTTGAGGACGAGGCGGCGGCCGCGGGGAGGAGG,2.604107385935666,1.380788942344742
488,ENST00000366513.8,ENSG00000162852.13,CNST,246566444,246668584,3.3649392817354733,5126,4626.2,238.112,1.15963,TCTATGCTCCGCGGTCGCGGGCCGCCAGCCTCCAGCCGGCCAGCCGCGAGGGGTGCGCAGAGGGAGGCGGGGCGGAAAGGCGAGAGGTGTCTCCTCCACCGGAGCCAGGGGAGACCCGAGCAAGCTCCGTGACAGCACGTCGGCCGCCATGTCGCCGAGTGGGGCTGGAAACAGACCCGGCGCCCAGCGGTAGCCCTCCTTGCGCCTCCGATTCCCAGACATGGAAGGTCTTTAATGTAACTTTAAATGGTTCACCAAAGGATGCTCTA,2.9017352791282334,1.5369159105455987
489,ENST00000366510.3,ENSG00000143653.9,SCCPDH,246724047,246768137,33.97703297522028,2503,2270.78,336.0,3.33369,CGCCTCCAGCTTCCAGCAGGGCTAGAAGATGCGCTGCCCGGGGCGGCCAGAGCCCTGCAGAACAAACCGCCGCACGGAATTAGGGGCCGCCGTCCGCGCCTGCCAGGCTTGGAAGCGGACTCGCCCCCAGGGCCACCGCCCTAGGAAACCTCCCGTCGGAAGCCTCCCAAGCAAGCCGCTCACCCGCGGCTCCCGCGCGAGGCGGCGTGGGCGTGGGCGCGGCCCTGGCGCGGCGGCGCGCGCGGGGTGAAGGGAGCCCGGCGCGCTGGCTGCGGCGACGGCGGCCGTTGCTGCGCCGGGTACTGGGGTCGCTGCCTGAGGCGCAGGCGCCGTGGACTCCACCCGCCCCGGGGCCTGGGCTCGCTGTGGACTCGTC,10.19201934649601,3.3493680161212307
490,ENST00000306562.7,ENSG00000171161.12,ZNF672,248838210,248849517,36.43112403020369,2989,4046.23,185.512,1.03296,CTGCTCGCTGGCCTCCCAGTCTTCCCAGCAACCGGTGACACTGCCCGCGCCAGACTGACCACTAGCCGACGCGGGCGAGAGGGACAGGAGCGTGACCTCCCCATCCCGAGGGGCCGGACGCTCGGGCGCCTCCCCGCTCCCCCCACTCGGAGGCCGCGCGCGCCGTTAGCCCCTTCCTCGCTCCCCCGCCCCAGTCCCGCAGTCCGGGAGGCGGGGGTCGGCAGCCGGCTGAGTGGGAACCGCGCGGTGTCTGAGGAGGCAGTCGGCGACCGGTTTCCACTTCAAGCGTGACCCTTTTGCCTGTGGGATGAGCTCCAGCATGGGGTGAGGTACAGAAGAGAGACTTGAAGAGCGTGCCTTGGGACTCAAGCGCCAAACCTGTACCCTAGCGAGTGTCCTACTCCGCATCCGTAATGGAAGGAAATGCACATCTTACTCCAGAGGCACAAGAGGAGGACATCCCATGCGGCTACTCCTGCCCAGCGTGGTGGGGCAGCAGAAGCTCCAGAGCCCAGACTTGCAGGCTCACGGTGCAGGGTGAACCTGGCCACAGCTCACCCTGGAACAGCCACAATGTCTGCCCCTTAGAGAAGAACCCTGAAATCAGACCAGTTTTTGCGGCCTCCCCCTTTCCTCTCTGTTACAGTGCCCTTTCCAGGCCTTAAGAGAAGTAAAACTTAGCTGCAGCGTCAGGAGGTGGACCCCAGAGTGTGAGTGGCACGCTTCCCTGTGAACCCGTCCTCACC,35.26866870953734,5.14031521410496
492,ENST00000327044.6,ENSG00000188976.10,NOC2L,944204,959309,77.72729495922708,2790,3823.97,3420.86,20.155,CGCGCGGCATTCTGGGGCCGGAAGTGGGGTGCACGCTTCGGGTTGGTGTC,3.856477050817518,1.9472835257066055
493,ENST00000428771.6,ENSG00000188290.10,HES4,998962,1000172,104.66720573984246,1040,1498.04,103.471,1.55617,GGGAAAGAATGCGGAGCCGGGTTCACACACCCCGCGGCGGCGAGGCCTTAAATAGGGAAACGGCCTGAGGCGCGCGCGGGCCTGGAGCCGGGATCCGCCCTAGGGGCTCGGATCGCCGCGCGCTCGCCGCTCGCCCGCCAGCCCGCCCGTGGTCCGTGGCGGCGCGCTCCACCCGGCACGGGGAGGCGCGGGGCGCACC,67.25949333288938,6.071666005942149
495,ENST00000360001.10,ENSG00000078808.16,SDF4,1216908,1232031,190.3708508098548,1956,2646.87,1071.58,9.12126,GCACCGCCCCCGCCCGCAAGAAAGATGGCAGTGGCCTGATCCGGGCCCGTTGGCGGCGTCACTGACGCTTCGCTCCGGTCCTCGGATCCCGAGCGCGGGGAGGCAGACCGACTGTGAGCTGCTTGTCCCCATCCTGCGGCCGTCCTGGGGACACAGAGCCCTCCGTGGTGCCCGGGGATTGGATTGGAGCCAGGACCTCACTTCCTCCTCTGCCCCTGCCCCTGCCCCTCCCAGCACCTGGCCCACACCCTGCAGCCCGCCCC,20.87111329025319,4.383435652524062
496,ENST00000349431.10,ENSG00000160087.20,UBE2J2,1253909,1273885,132.27082277185403,1733,2079.73,405.644,4.39442,CGGACCGCGCACCGGAAGCAGAAGCTAGGCTGGTTCCGCCCCGCGAGCGGCCATCTTGGAGGCTGAGGCGGCGGCGGCGGCGCTGCGGCGGGTTCGGTGGGCCCAATCCCGGGGCGGTGCGGCTGTTTCGGGCGCGGGCCCCGCTTTTCCGCACCCTGCTCCGGCCTCGACTACGGCGAGCCTGAGCGCGGCGGCGGCCCACGCGCAGCGACAGGGAGAG,30.099722550838113,4.9116782836539095
498,ENST00000354700.9,ENSG00000131584.18,ACAP3,1292376,1309609,2.9545577659247386,3896,5795.43,332.917,1.29423,AGTGACAGCGGGCGGTGCGCGCGGGCGGCTGACTTTGGCGACGCTCCCCGGCGGTGACAGGCGGGGCGGGGCGCGGCGCGGCGGCCTCATTCCGGGGCGGGCGGGCGCCGAGGCGGCGCGGGCGGGACGAGCGGTCCGGGCCGGCGCGGCTGCCGCTCGGCGCCGCGGTCCTCGTGCCAGTGAGCGCCGCGGCCGCCGCAGCC,2.2828691700275368,1.1908481818749739
499,ENST00000435064.5,ENSG00000127054.19,CPSF3L,1311585,1324691,68.6623590257014,2148,2906.19,439.947,3.41066,CCGGAAGTTGCAGCGAGGTGGTTGCGCCTGCGCAGTGCATCACCGCAGGCGGGCCTCGCGGGTCCGGGAGCGCGGCGGAGACG,20.131692700445488,4.33139657603236
501,ENST00000378891.9,ENSG00000107404.18,DVL1,1335276,1349350,4.743069753568124,2926,4520.82,455.221,2.26864,CCCCGGGCCGGGCCCTGAGCGCGCGGGCTCCGCGCCGCCGCCGCGCC,2.09071062555898,1.0639933928881595
503,ENST00000338370.7,ENSG00000175756.13,AURKAIP1,1373730,1375495,345.4389547199802,1072,1287.17,100.142,1.75283,CGAGGTCGGGCTTGGGAAGGGTCAGCGGGAGGCCTGAGGGCGCCGGGCGCTGCGGCAGGCGGGCCCGGGGTCCAGCCGAGAGGGTCCGGGCGCCAGGCAACGCGATTCGCGCGGGGGTGAACCCGGGGAGGGGGCCGGCCTCCCCGTTCTGGGACCTTTCGGTGCGTCCGAGCGCGACACCGCCCGCGTCGGGGGCTTGGGAGCCTCGGGGCGCGAGCTGTGTTGGAAGCAAAGTCCTCCTTGTGGGTTGGGGTGGCGGAGGGAGAAGGGAAGCGAGGGTCGCGGCGGGACCAGACGCCCCAGTCCCGGCCCGCCCGCGACTACTGAAGGCGCTGCCGCCTGACCTGAACGGGCACTTGTGTTCCAGCTCCCCTGGGACCTGTGGCCGCCGCCCACAGACC,197.0749899990188,7.622600891098841
504,ENST00000344843.11,ENSG00000242485.5,MRPL20,1401908,1407313,354.37811185578613,721,477.937,1293.6,60.9807,CGGAAGCGCTCGTGACCACCATTTCCGACCCGGGCAAGATGGCAGCGGCGCTGCGCGTGCGTTGTTGAGTGTTCGGGACGCCGGCCTGCAGGCGCC,5.811315905783077,2.538864882354435
505,ENST00000291386.3,ENSG00000160075.11,SSU72,1541673,1574869,105.52386246676018,1290,1300.02,1704.87,29.5462,GGCGCCGTGACGCTCAGCCGGGCCTTGTGGAGTGCGGGTCTCTGCTGCGGACGCCGGGGGCCGGCGCGGCGTTGGCCGCCCCCGGCCTCGCCGAGTGCAGCGCGCCCGAAGGCCAGTGCCTGCGCTCCGTCCGCGGCCCGGCGCCCAGGGTGGGCGGGGAGGCCGCCGCGCAGTCGCCGCACGCTACACCGCCGGCGCCGTCGTTTCGCGTCGCCCGCTTCCGGCCACCGCGGCCGCCATTTTGTTCGCGCGGAAGCGCCGCGGTAGGGTGGGAACCCAAGCGGGAGAGCCGCGGGATTTGCGGCCGCCGCC,3.5714867721317862,1.8365247779680105
507,ENST00000422725.3,ENSG00000228594.3,FNDC10,1598012,1600096,5.169382355808256,2085,3101.11,230.0,1.67099,GGATCGCGGGGAGCGGGCAGCGGGGACGGCGGCGGCGCGGCCCGCGTGACCCAGCGCCGCGCCCCGTGGCCCCGCCGCAGG,3.093604603144397,1.6292888162002357
508,ENST00000615951.4,ENSG00000248333.8,CDK11B,1635227,1659012,8.970096580251878,2227,2660.73,349.498,2.95942,ATACAGGAAGTGACGATACTTTTGGCGCGCGCCGGTTGCTGTTTCTTCTCTGGCTCCGGGACCGGCGGCGGCGGCGGCGGCAGCGGCGGCGGCGTAGGGTGTTTTAACTCAA,3.0310319522919618,1.599809060690432
510,ENST00000617444.4,ENSG00000189339.11,SLC35E2B,1659529,1692728,7.607810672005018,6283,8475.33,704.008,1.87147,GCGGGCGCCCCGTGAAGCCCACCTGGATCCGCCAGCGCTGTGCCACTCCCCAGTGCCGAGCTCCGAGCTGTCTCCGCGGCCTCGCGCCCGGCCCCTCCACCGCGCGCCTCTCAGGCCCCGCCCGCCAGCGTCCCTTTGTTGTGAAGGCGCCGGGGCCTAGCGCTATGCCTGCGGCGGAGACTGCATCAGGCTCTCGTCCTCGGGCTCCACCCGGGGAGCTGTGCCCAGACAGCAGAAGGGAAGGATGTCACTTCTGAGATGAGGTTCAGAAAGGTCTGGGCTCCTGTCCTGGCTGCTCTCTCCCACTCCCTGATGAGCTTGCTGGATGAAAGCTCCTGTCAGGCTGTGGGGCGTCCTGTGGAGAAGCTGGCAAGAAACTGGTGGGGGCCCTTTCCACCTATAGCCAGCAAGGAACTGAACCCAGCCAGCGTCCACCTGAGTGAGCTCAGAGGTGGGCCTCAGCCCCAGTTGAGCCTTCGGATGAGGTCACAGCCCTGGTCCATGGTGTGACTGCAGCTTCAGGAGGGACCTTAAGCCAGAGGTGCCTGGCTAAGCTTCCCGCAGATTGCTGCCCCACAGGAGCCAACATCAAAAGCATTTGTTGTTTTGAGGTGCGTCTGCTTCTGCGCTTTGCCTGGGAGAGGCCCTGGTGGCCTCGTTCCTGGCGCCCGGAGTCCCTGCTGCGGCCCCACCCCCGGGCGGTCACGGTGACCCATGCTGCCCAGCCTGGAGGTAAAATCGTTCGTGGCTGTGGCTTCAGC,4.065152351897181,2.023309421970106
511,ENST00000341426.9,ENSG00000008130.15,NADK,1751232,1780457,24.04770362522178,3235,4041.54,1038.4,5.78866,AGTGGGCGGGCGCGGCGCATTGCTGCTCGGCGGCGCCGGCGCCGGGGTCCGGGCGGCCATGGGGCAACAGGCGGCCAGGGCGCCAAGGGCCAGGTAGCGACGGCTGGCGGCGGCGCGGCGGCGGGGCCTGCGGGCTCGGTCCGGCATGTAGACGCCCCCGCAGGCGCCCGCGGCAGCGAACGGCATCAGTGTTTTTCTGACCGAAGTTCTCATTTCCTGACA,4.154278127446037,2.0545978073368594
512,ENST00000610897.4,ENSG00000078369.17,GNB1,1785285,1891117,233.2355486975339,3145,3410.02,628.908,4.15521,GAGCGCGTGGGGTTTTCCGAGGCTGCGGGCAGGGGCCCGCCGCGCCCATCCCGATGGCTGGAGGCGTCTGAGGGGCGGACGGAGGCGGCGGCGGCGGCGGCGGGAGCGGGAGCGGGCGGCGAGTGGGGAGCGGGGCCGGGAGTGGAGCAGCCGCCGCGGCGGGACTGGACCGAGCCTCGCCGGCGCGCACCTGCCCGCAGCGCCCGCGGAGCGCGCAGCGCGGCCCGAGCGCGACGACCTGCCGAGCGGCGGCCGAGGCGGCGGTGTGGGCGCGTCAGGCCGCGACGAGGGCGCTGAGATCTCACATTCTTGAAGGTGGCATTGAAGAGCACTAAGATCGGAAG,56.13086912515465,5.810722492915934
513,ENST00000378546.8,ENSG00000162585.16,FAAP20,2184461,2212720,43.02998499758122,729,732.802,192.577,5.9208,TCACTTCCGCCCGGCGCGGGCTTGG,7.2675964392617916,2.8614783107057304
514,ENST00000378529.7,ENSG00000116151.13,MORN1,2321253,2391707,5.726183861301,1500,1850.04,84.726,1.03181,GACAGCGGCGGAAACGCGCACAGGCGCAGCTGCGTCCTCTGGCTCCGGGCCCGGCTAGCTTCGCTCCAGAGATTGCGCGGGCTCAGGGACTAGGCCCGTGGCCACACCCCCCCTTGCGACAAAGACCAATGGAAGCGGGCGTTGCTGGTCGCTAAGAGAACCCTCGGCGGCAAG,5.549649510375942,2.472396660542132
515,ENST00000447513.6,ENSG00000157911.9,PEX10,2403964,2413797,14.220041128982526,1997,2801.94,360.755,2.90078,ATCAGTTCTCGCCCGTCTGGGCGTGGGCGTGGCCGGCGTGGCTGCTCGGGACCACCCGAACCCGCGGCC,4.902143950586575,2.293412849310456
516,ENST00000378466.7,ENSG00000157881.13,PANK4,2508533,2526628,18.40137470226408,2677,3270.25,381.493,2.62825,ATATATCTCCATGGCTG,7.001379131461649,2.8076391320783753
518,ENST00000270708.11,ENSG00000116213.15,WRAP73,3630767,3652761,34.52976114893049,1665,1997.77,307.456,3.46737,GTTGCAGCCTGCTGCGCGCCCAGGGGTCCCGCGGGTTTTCGGGCGCAGGGTGGCGCCCGCGGCAGGCGGCGGCC,9.958487599803451,3.3159266561547467
519,ENST00000378251.2,ENSG00000130764.9,LRRC47,3778558,3796504,79.0060808825732,4310,5604.75,1019.99,4.10018,GTGGGTGCCTGCCAGCAGCTGAGGCGCC,19.268929871999084,4.268204546581726
520,ENST00000378230.7,ENSG00000116198.12,CEP104,3812081,3857214,20.347333279585907,6424,7096.17,662.803,2.10437,GGTTGTCATGAGAGTGGAGGCTGCGGCCGGGGCTATGGGCAGAGGTGGCCGGGTCTGCTTCTTCCCTGTCACTGCCGCAGCAGCTTGGGGTGCAAGGCGGCCTGGGGCGGCGGAAGGGGCGCCCCCCGAGTTCCGTCTGAGGAAGCGGCGGCTGCCGAGGAAGTCCACGAGAGCCGGGTCCCGCACGCCCCTGGGGTCCGGGTGCTGAGGCGCCGCCTGGCCGCCTCCCCGGGCCGCGGCACCGCTCCGACCCAGCCGCCCTCTCCACCGGGGCCGCGGCAGCGCCAGTCGGGGCCCTTCCCTCTAAGCAGCCCAAACGTGCAGA,9.669085417291592,3.273379434031084
522,ENST00000361605.3,ENSG00000198912.10,C1orf174,3889125,3900293,54.59907546256635,1666,1593.12,445.611,6.30188,GTCGGACGCCGCCGCGGCGCGCTCTGCAGACTCCGGGTCGCCGCTCCGCCGGGACGCGTTGGCCGGGGCGCGCGGTGCTTGGCTGCGGTGCTCACACTC,8.663934486624047,3.115022333876533
523,ENST00000343813.9,ENSG00000116237.15,ICMT,6221193,6235972,111.3855077804575,4771,5173.73,2118.37,9.22485,CGCCGCCCGCTAGTCCGCCGCCCGGCGCC,12.074506119932302,3.593892275012905
525,ENST00000377705.5,ENSG00000162408.10,NOL9,6521347,6554535,57.54085973976135,6649,7287.35,1515.18,4.68442,AGATTCTCGCGCGGTAGGCCCTGAGGACCCAGC,12.283454459626027,3.618644439872456
526,ENST00000377658.8,ENSG00000162413.16,KLHL21,6590724,6614607,41.58102963327592,4487,6639.79,640.395,2.17298,GTCTCTCCGCAGGCCCCGGCCGCGGCGTCCTCGACAACCTATCGAAGGCGCC,19.13548658214798,4.258178681586304
527,ENST00000377577.9,ENSG00000007923.15,DNAJC11,6634168,6701924,58.89424819941145,3311,4256.89,1712.41,9.06309,GACGGCTCCGGGCCGCCAGGGGCCGCTGTGGCGCAGCCGGGCTGGCCCGCGCTGTCCCTGACGCGGATCACTGGCCCCTCTTGAGCACGGCCTTGCCGGTTTGGCGGGGTGAAAGGTTGCGAAG,6.498252604730996,2.7000518262327082
528,ENST00000615230.4,ENSG00000049249.8,TNFRSF9,7915894,7943165,11.98929148027278,5970,6238.05,334.023,1.2064,CAAGGAGGGATCCCACAGATGTCACAGGGCTGTCACAGAGCTGTGGTGGGAATTTCCCATGAGACCCCGCCCCTGGCTGAGTCACCGCACTCCTGTGTTTGACCTGAAGTCCTCTCGAGCTGCAGAAGCCTGAAGACCAAGGAGTGGAAAGTTCTCCGGCAGCCCTGAGATCTCAAGAGTGACATTTGTGAGACCAGCTAATTTGATTAAAATTCTCTTGGAATCAGCTTTGCTAGTATCATACCTGTGCCAGATTTCATC,9.938073176618683,3.3129661648661077
529,ENST00000377482.9,ENSG00000116285.12,ERRFI1,8004404,8026308,8.662590274415143,3104,2958.99,650.073,4.94972,ACGGCGGTCCGGTGCGAGGCAGAGTGCTAGCGGGAGCGCGAGCCAGCAAGAGGCGCCTGCGCGATGTCCGGGCCCCTGAGCCCGCGGCGCTGAGCCAGCCGGGACGGACATGCGCGGGAGGGCGCCGCGGGGCAGCCGCCGCTCCTCCGGGGGAATGAAAGCTACTGGTTGATTTTAAAGTGCCTGGGCCTCACAGGTTTGGAGATGTCCCAGAATAAGGCACA,1.7501172337859803,0.8074515660214628
530,ENST00000337907.7,ENSG00000142599.17,RERE,8352397,8817643,8.747591716511877,8026,11326.1,1182.0,2.35125,AAAATCACCATCATCCTCAGGGAGCCCCCTCGCCCTCGGAAAACAAAACCAGACATGATCCTGGGCTCCTGCTTCTGAAAGATCTGCCCGACCGAGGAGGAGGGAGCCTAGGTTCAAGTCGCAGGAAAGGTCACGGCAGGGAAGCCCCCTCAGCCCCTCCGCGTCGCCTCCCCGCGGGCCGCCCCTCTCGGCCCTGCGCCCCGCGGCCCCGCAGCCTCCGCGCGGCCTCCCGCCCCATCCCCGCCACTTTCCCCGGAGCTGGGCCGCGAACACCTCACTATTGATGGTGTAGCGCTTTAGGGGAAGGAGGTGATTGTCTAGGAGTAACTGTATGTGCGCTCAGCACCGGGTCACAACCACCGTGGGATCCACTTACAGAGAAGATTTGTGGAGAGCTTCAGCCTGTTTATGGTGTTACTGAGAAAGGAATTGTGGCCATTTGATATAATTCTGGATGGAAGACCTCTTATTTGTATTACATTGAATTAGAGCATTTTTGAAACGTTGGGGTTGTTGGAGTGGTTGGATTTTCCCTGGAATTGAGTGAGAAATTCAGAAGACTGAAGCCCAGGCTTACTGTCTACCTTTCACGGAGGCCTAGCCGTGAGAGGACAGAAGAAGGCACGTGGCGAATC,3.7204005173894217,1.8954579421257065
532,ENST00000234590.8,ENSG00000074800.13,ENO1,8861002,8879249,2421.455685054036,1783,2050.94,33635.9,369.497,GGACAGTATCTGTGGGTACCCGGAGCACGGAGATCTCGCCGGCTTTACGTTCACCTCGGTGTCTGCAGCACCCTCCGCTTCCTCTCCTAGGCGACGAGACCCAGTGGCTAGAAGTTCACC,6.55338388418319,2.7122400444071295
533,ENST00000361311.4,ENSG00000171603.16,CLSTN1,9729026,9824526,38.549259966088094,4647,6515.7,1446.24,5.00083,GAGAGAGAGCGCCGCCGCCATCTTAGTTGCTGCCGCTGCCTTCAGCAAGACGCTGCTCTGAGGCGGGGAGGGCGCCGCGTCCTGAGCGCGCGGCCCAGCGTCACGGCGGCGGCGGCGGCGGCTCCTCCTTGGACCCCCGGAGCTCCCCGCGCCGCGGAGCAGCTAGCCCCAGGCCCCTAGAGCCCCGAGAGCTCCGAGAGCTCCGCTCGGCGTCCCGCGCGCCTCCCTGCCGCTCCCGCCCCGGGCTGGCG,7.708572370204165,2.94646369734688
534,ENST00000377223.5,ENSG00000162441.11,LZIC,9922113,9943407,66.22612443391213,2281,1782.17,320.275,4.04889,CTAAACTCTGGGACTGGCGGGCGGTCAGGCGGCACAGGGGGAATCCCGGGGGCCTAAGGAGGTTGTCCCAGTTTTTGTCAGCATCTCCACCCCGAGGTGGTTTGAACTTTGAGCCTTTTGTAGTCCTGATGAATAATTTCATTTTCCTCAAGTTTATGACACTCGGAACGTCAAGAACTGGAGGTTTGTGCAATTTGAGACCGGTCGGCACTGTGCAGAGATCAGAGTACTAAGAGACAGAGATTAAA,16.356612413257,4.0318020802908165
536,ENST00000377038.7,ENSG00000160049.11,DFFA,10456522,10472526,43.929490043399774,6032,6768.7,2055.09,6.84049,GAGTAGAAGGACCGCCGCTCCGGCCTCCCGCGACTTCTCGAAGGTGGGCAGGTCCCACCTTGTGGAGG,6.421980010700954,2.683018174483258
538,ENST00000376957.6,ENSG00000116649.9,SRM,11054584,11060024,240.9063335477042,1266,1526.13,2864.6,42.2897,GGCGGAGCTGGTCCCGTTGTGCTGCGGCGCCGCGCGGCCTGCAGTCCCGGGCCCGCGCCCCGCGCCGCCCGCCCGCCCGCC,5.696572298874293,2.5100940921035355
539,ENST00000376936.8,ENSG00000171824.13,EXOSC10,11066618,11099881,83.14188204921149,2808,2883.5,3392.3,26.5056,GTCTCCTCGGCCGACAAGCTCTCGCGAGACGAGCCGTGCAGGCTGAAAAA,3.1367666473957008,1.6492782071645913
540,ENST00000361445.8,ENSG00000198793.12,MTOR,11106535,11262507,21.398006232021025,8677,10680.8,3253.4,6.86273,GGGGCCTGAAGCGGCGGTACCGGTGCTGGCGGCGGCAGCTGAGGCCTTGGCCGAAGCCGCGCGAACCTCAGGGCAAG,3.1180020534132953,1.6406218781473725
541,ENST00000456915.1,ENSG00000116670.14,MAD2L2,11674480,11691650,13.217567761086205,1032,1166.41,82.6402,1.59626,CCCCGGGTTGAGCGGGAGGCGCGATCGGTCCGGTCGGTGGCTCCCCGCGGCGGGGCCGGGCCCGATCTCGGGCGGGAACCGAGCGCAGAGCCGGTACTGGGGGAGGGGAGAGGGGGCGGGATTCCCGCCGGGAGGGATCCGGCGTAGCAGGGGGCGGAGTCTTATTCCAACCCCGCTTCGCTTTCCGCATGTCCCGCTTTGCGCTCCCGGCCCTGGGCATCCCGCTGTTTCCCTCTGCGTCCGCGGCCCTGCCCTTTTCGGGGGCACAGCTGTGGTCTTTCCACCCCGCGAGACAGCGGGGCGAGGGGGCGCGGGCGGCCAGTGGATAGAGGCTGATGCCCCCAAGCACGGACGCCAGCGTGGGGGTGGAGGTTCTTCCAGCTGCCCTGAGCCTGTGCGAAGCGGGAGGTCCTTCCCCAGTTCCCACAGACTGTGGGGAGGGAAGAGACGGTGGAAGCGAGCGGGTTCTGGGCTCCTGGGTCTCTGGAACTACCCTCTGCCCTTGCCCCAACACTCAGGTAGCGGGAAGG,8.28033513405473,3.04968915980845
542,ENST00000376572.7,ENSG00000116685.15,KIAA2013,11919591,11926428,14.69044426646074,2815,3991.25,525.535,2.96657,TTTGACGGCTGGAGGCCACCGAGAAGAAGGAGGAAGCAGGGGTGGCGGCTGCTGCGGCGGTTGCGGCGGGGGCCGGGGTGGGCGCCGCGGTCCGGGCCGGGCAGTGAGGCGCGGGCGGCCGGGCCGGTGGGCTGGGCGGCGGGCCCGGCGGCCGCCCTCGCACCCTTGCCCGCGCCTGGCGGCCCG,4.9519965031874325,2.3080102958050186
543,ENST00000616661.4,ENSG00000162496.8,DHRS3,12567910,12617731,27.48115887658568,1722,2057.23,309.57,3.3903,TTTTTTTTTTTTTCTTCCCCTCCCTAAACTCCTCTGTCAGTCTGTAAACATTACCTGAGAATTCCCCAGCCGAAACGGCTGCTGGGGCAAGAAACTTCTTGTTAGAACTTTCCACCTCCGGCTTCCCCCTCCACCTCTTTTACCGTCCCAACCTTAGGAGACGCTTTTTCTCCCCCAGAGGAGAATTTATCTTTTTTTTTTTTTTTTTTTTCTTTTTCTCACCCGGTGCTTTGCATTTGGGAAGAGGTGATTTCAAGAGTGGCCAGGTGGGACGCCTCTCTCCTCCTTATTCGGTTTACTATTTATTGTTCGGGGTGTTTTTTAATTCCTGTATTGCTCGGCCCGGGGAGTTTCGCCCCCTGCCCGGCTCCGCGGCGCGGAGG,8.105819212631827,3.018957998731892
544,ENST00000358432.7,ENSG00000142627.12,EPHA2,16124337,16156087,18.955187259037476,3964,5731.04,756.645,2.97455,GGTTCTCACCCAACTTCCATTAAGGACTCGGGGCAGGAGGGGCAGAAGTTGCGCGCAGGCCGGCGGGCGGGAGCGGACACCGAGGCCGGCGTGCAGGCGTGCGGGTGTGCGGGAGCCGGGCTCGGGGGGATCGGACCGAGAGCGAGAAGCGCGGC,6.372455416462146,2.671849374771766
545,ENST00000375592.7,ENSG00000037637.10,FBXO42,16246839,16352454,13.975270196793522,6202,7083.77,610.427,1.94147,AGCAGCAGCTGCGGCGGCGGCGGCGTTTGAGTGGAGGAAGATGGCGGCTCCGGGCGGCTCGGGGTCCCGCCAGCTGTGAGGAGCCCCGAGCACGGCTGTCGCGGCCTGAGGCAGAGCGCCTCTGCTCTGGCCCTGTCCCTGGCTCCCTCATTACCGTCGCCAGCGGAGCGAACCCGAGAGCGTGGAGCGGGCTGGGCCAGCTGTTGAGTGGAATGTC,7.198293147354078,2.8476548565863693
546,ENST00000430580.6,ENSG00000219481.10,NBPF1,16562319,16613562,117.46307729886486,5932,6495.76,958.966,3.3261,AGGCTGCCCGAGCTTCTGAGCGAGCGCGGTGCTTTTGGGAACGCGGGACGGGCGATCTGCGGCGCCAGGAGCTGGGCCGAGGCGCGGCGGCGCGGCTGCCGGCTGCCCTGTGAATGGGAAGTTACGCGAAGTCCACCCAGCGTTTCTGAGGCAATCTGAAGGCAAATCCTGTTTAGACCCAGGCGAAGGTTCCCGGTGACCCGGGCTCTCACCAGCCAATTGTCCCTTGCCGTCCTCCTGAGGGTGCCTGGAGCTTAAGCACTGTGTGCTCTTGGCCTCCACACTGGGGATGCCGCTGACTCCCACTGTCCAGGGCTTCCAGTGGATTCTCCGAGGCCCTGATGTAGAAACTTCCCCATTGGGTGCACCAAGAGCAGCCTCACATGGTGTGGGCTGACATCAAGAGCTGCCAGATCCAACAGATGGCCAATCTTTCCTAAGCTGCTCACCTTACAAGAAAACGAATCGTACTGCTAAGAATTCAAACTTCAGCAGTCATGGGGAGCCTTGGAAGGAGCCCGAATCACTGATGGAATTGGACAGTGCATGGAGATGGTTCAGCAGGACAAGGTGTCATTGGAGGACAGTGTGGAGTGCAGAGAGACATGCTTTGAAATGGGATTGATCCAGTCCTCCTTCCTTCACTACCACATGAATGCTGGGCAGCCCAGGGTCAACCCACCGCACCCTCAACTCAGACGGTTACCTGGCACGCTGGCCACAGTCTACCTCACTCTTATCAGAGTCTGAGCTACTGGCAGTGCTTTCAGCTCTGAGTTCAGGCACCTCGAACCTTGTTTTTGTGGTGAAGGATCCTAAAGTGCTGTGGGGAGTGATCACATTTTTCACAACATCCCTGGCTCCACCTCTTCTGCCACAAACGTCAGC,35.31555795041185,5.14223198470464
547,ENST00000375535.3,ENSG00000117122.13,MFAP2,16974502,16980835,24.61043811697154,1260,1698.97,232.57,3.08411,GAGGAAGCTTTGCACAGACGTGAGGACGGCCCCGGGCGCCTCTACCCCGGGGACACCCCCCCCCCCAGGAGATGGAACCCCGAGGGCACGGCGTGGCGGCCCATGCGGGCAGCTCGCGTTAGGACCCAGCGGCTCCGGGGCTGGAGGGCGGGCGCCAGCCCCGTCGGGGGCCCGGAGGGGGACTCGGAGCGGGCCAAGGGGCGGCTCCGGCGGGCGGACTCGGAGCGGGCGGCGGAGTGACCCGGACAGCTGTCCTCTCTGACACCACCCCGGCCTGCCTCTTTGTTGCC,7.979753678361518,2.9963442135540075
548,ENST00000326735.12,ENSG00000159363.17,ATP13A2,16985958,17011928,12.854508401057068,3840,5856.55,1042.83,4.01176,GCGCCGGGGCCGGCGATGAGCGCGAGGAGCCGGC,3.204206732470803,1.6799672321064052
549,ENST00000375499.7,ENSG00000117118.9,SDHB,17018722,17054170,155.5381103762667,1153,1002.04,1866.69,41.9711,ACCCGGGAAACCGGAAGCCGCCTCCCACTTGGTTGCTCGTACGCGGCTAGTGGGTCCTCAGTGGATGTAGGCTGGGCGCCGCGATGTTCGACGGGACACCGGCGGAGAGCGACCTCGGGGTTAAGGGGTGGGGCTGACGTCAGGAGCCAAG,3.705838311987694,1.8897999370634433
550,ENST00000375436.8,ENSG00000179051.13,RCC2,17406760,17439724,146.7524437444092,4087,5065.03,6053.3,26.926,CGCACATGTGTTTCTGTTTTGTGTTGTAGCATTTGTTCTGGAAGCTCGTATTTACATTTTAAGTGTATCTGGTGAGTGGGCTGGAGCCCTCGTCTGGGCCGGAAAAAAAAAAGCCCTCCGATCCGTCTTTTAGTTGCTTCTCTTCCTTTTTTCTCTCCGGTTTCTCATCACTCCAACCAGCCGCGACC,5.450213315918042,2.4463126966408506
551,ENST00000375254.7,ENSG00000127481.14,UBR4,19072110,19210276,23.18439308236726,15906,19678.4,6949.58,7.95667,GGAGGGAGCCGCAGTAGTACGACGGAAG,2.9138311733887745,1.5429172904529733
552,ENST00000477853.5,ENSG00000127463.13,EMC1,19215664,19251552,57.01821319446565,6664,7127.29,997.687,3.15379,GGTGCATGCCGGGACGGCGGTGGGTGGTGCATGCGCTCGCATC,18.079267546179565,4.176264325245575
553,ENST00000235835.7,ENSG00000053371.12,AKR7A2,19303965,19312146,58.63265061968961,1362,1666.93,898.413,12.1428,CCAACGCGCAGGCGCCGCTGCT,4.828593950298911,2.2716031484307515
554,ENST00000375078.3,ENSG00000162545.5,CAMK2N1,20482391,20486220,7.32861265759523,2336,2489.97,268.0,2.42495,CGCGGCCGGCATTTCTCCTCGCAGCTCGCTGCCTCCTCTATCCCTGCCTCCCTCTCCCCCCTCTGTTTTTCTCCCTTCCTTCCCTCTCCGACCCTCTTCCTCTCCCTCCCGATCCTTTCCCTCCTCCTCTCATCTTTCCCCTGTCTCTCCGTTCTAGCTCGTCCCCCACCCCACCTTTTCTTCTTTCTCCTCCTCTCCTTCCTCTCCCCCTCTCCTCTGTCTCCTTCCACCGTCTCCCCTGCCTCCCTGTCTTTCAGTCCCTGTTTTTCAGCCCCGTCTCCCTCTCGGTTTCTCTCCCCCACCCTCCCTCCGGGTTTCCTCCCCGGTGCCCTCCCTCCTCTCTCCCTCCCCTCCCCCTCCGCCCCTCGCAGCCCCGCCGCTCGCAGCTCCCAGTCTGCCTCCCCGAACCGGCGCCGCCGCCCGCACTCGCCGCAGGACCGGCCCGCCCGGCTCCCGGGGTGCGCCCTCCTCGGTCCCGCGCCCTCCGGGCTCGCAGGGACGTCTCCTCCCTCCCGGCTCGCGGCCCCGCCCGGCCCGGCCCCCGCCCAGAGCCCCAGCGCGCCGAGGATGTGAGTCCTGCTCGCCTCTGGCGGAGCAGCAGCCACTCGCGCGCGGAGCCGGAGCGCAGCGCAGCGCAGCCGCGGGCGCTCTCCGGGCCGCTCGCGCGAGTGCCGCGCTCTTGCCCTAGCGGCGTCCCCCGGCCTCTCGCCGGCGCCACCGCCGCAGCAGCCCGCGGGCCGTCCCCGGCCGGCCGCCCCCGGCCCCAGCGCCGCTGACCCTGTCCGCCGCGGGCGGGGACGCGGGCGGAGGAGGCGCCGCGGCGGAGCCCCCGGACGCGACC,3.0221706252068006,1.5955851142389224
555,ENST00000264198.4,ENSG00000090432.6,MUL1,20499448,20508161,49.74182784338309,2438,3306.6,499.0,3.40001,ATCGCTGGGCGACTGATTTCGAGTTTCCGGTCAGGTTAGGCCGGGGGGGTGCGGTCCTGGTCGGAAGGAGGTGGAGAGTCGGGGGTCACCAGGCCTATCCTTGGCGCCACAGTCGGCCACCGGGGCTCGCCGCCGTC,14.629906336564625,3.870848627986026
556,ENST00000312239.9,ENSG00000127483.17,HP1BP3,20742661,20787323,65.05440260817333,3938,3771.54,1949.29,11.6445,GTTCTCCGCCCCCGCCGCCGCCATTACGGAGCTCCCAGTGGTTGATTCTTCACCACACTGAAACCATTAGGAAAAATCCTTGTGGTTAACAGCAGAGGCTTCAGAGTGTAACCTGTACTCGGGCCTAGAAATTATTTAAA,5.586706394278271,2.4819980023844606
557,ENST00000264211.12,ENSG00000075151.20,EIF4G3,20806292,21176888,27.20025810314191,5802,6094.9,2474.68,9.14774,GTAACACAAGTGGCAAGACAGCCGGGAACCCCTACCCCATCCCCTTATTCAGCACATGAAATAAACAAGGGGCATCCAAATCTTGCGGCAACGCCCCCGGGACATGCATCGTCCCCTGGACTCTCTCAAACCCCTTATCCCTCTGGACAGAATGCAGGTCCAACCACGCTGGTATACCCTCAAACCCCTCAGACA,2.9734402271098554,1.5721330745643152
559,ENST00000415912.6,ENSG00000117298.14,ECE1,21217247,21345504,41.9968475591714,5099,7632.26,1252.06,3.696,GAGCGCGCCGCCTGGGCCAGGCAGCCGAGCCGTCCGAGCAGCTGGGCTGGGAGCAGGGAACCCGGAGCTGGGAATCGGGAGCCGGGCGCGGGGAGCTGCGCGAAGCCGGGGCGGAGCACGCGAGCT,11.362783430511742,3.506244375990475
562,ENST00000421625.6,ENSG00000090686.15,USP48,21678298,21783606,38.30064965800907,2818,2545.83,239.703,2.12132,GCTCGGGAAAGGGGTTCGGAACCGGTCTAGGCTCAAGTTAAATCTCCCTCTAAAGAGCCAACACTGGTTTCTTTGGCGACTCGGTTTCTACTCTAAACAGGTCCCGCTCCACAGTCTGGGCGGGCCTGTGTGTGCGTTGAGTAGCCTCTAGCGTGAAAACTTCATGGTTAAAAGGGAAGTACCGGAGGCAAGAAATAGCTTTCGAGGCACTGGTTTGTTAGAGTAGTGGTACGTAGTGCGCCGCCCTGAACGGGGGCTGAGACGCTGCTTTTCCAGAAGTGCCAGTGAGGACGTGGCAAGACCGCCTCGGACGTACGCTTCCTCTACCTCAGCCCGTCGGGTTAGGGGCGCGGGAGGCGCAGAGGCTGCTGGGAACGCGCATGCGCTCAGCGCGGCGGGGAGTCCACCTTTAACGTCCGCGGGCGCGGGGTGTGTCGGGTGTCGACGGCGGCGCTTTGCGGCCGGTCGTGCGGGTCGGGCGCGGGCGGGCGCGGCGGCAGTGGCGCGCACAGGTGATTGACTGGCCAGCTGCCTGAAGGAGCGCCAGGTCCTCCTTGCTGGCAGGTGGCGAAGCCCATTGGGGCGGCGGTGCAGACCGCGGCGGCGGCTGCGGCGGTCTGGCTCGGGAGGCGTTCCTGGGGCCAAGGCC,18.055102322143323,4.174334691259789
563,ENST00000418342.5,ENSG00000169641.13,LUZP1,23020147,23177808,17.212822449489465,8421,9598.86,1239.26,2.90873,TTGTCAGTCCCGCGGAGCCAGAGGAGGCGCCGGTCGCTGGCAGCTGAGCGGCGGAACCCTTCGCTGGCGGGAGCGCGGTTCGGGGCCGCAGAGGTCAAGAGACAACTGCCTTTGAAAGAGAGTGAGTGACTGTTTCCAAAACAGCAAGCATAGGGAGAGCCGCCGGAAGTATTGACGGAAAGCTTGAATTACCTACATGATTGATGATGGTCTCCAGCTGTCAAAGAAGATTGTGGTTGCCAAGAGAAAGGTAACCATTTCTCATCCCCTTGAGTGGAATTGGATGCCTCTAGGAGCCCACATTGGCTGGCAGTAGAC,5.917641874457054,2.5650223897426527
564,ENST00000374612.5,ENSG00000125944.18,HNRNPR,23303771,23344336,235.3613643971428,2694,2693.94,1365.21,11.4175,GTCTCAGTCCATCAGGGGGGGGAGGGGGTGGCGCGCGCGCCATTTCTAGTCGTTTTCAAAGCGCCTCGCGCTGATTCTCACGGGCCCGGCTGCCGGCCCCCGCTCTGCCCTGCAGCATAATAAA,20.61408928374362,4.365558820248698
565,ENST00000314011.8,ENSG00000125945.14,ZNF436,23359448,23369442,5.859240688126072,4071,4062.03,249.272,1.38259,GCTGCGGCTCTGGAACCCGTTCGCGGTCTCTCAGGTTTTGGAGACGACGATCTAGTGGATCTTTTGCGGGACAGGAGCGCTGTCTGCTAGCTGCTTTTCCTGCTCTCTCTCCCTGGAGGCGAACCCTTGTGCTCGAG,4.237872896611485,2.083340318673243
566,ENST00000361729.2,ENSG00000007968.6,E2F2,23506430,23531220,14.02200923809992,5191,7608.85,782.084,2.31577,AGGACTAGAGAGCGAGCCGCAAGGAAGTCGGTGCAGTCGAGACCCCCCTCCCCATCCCAGCGCATCGCGTCTCCGCCGAGCTTGAGGGCACGCCGGGGACCCCTCCCCAGAGCCGGCCGGACCCCAGGTGCCGAGGCCTTGGGGAGCGCGGGGCGTCCCGGGTCGCGGTGCCCTCGGGACGAGACAGCCCCTGGCAGTGCCACCACCGCAGCCGCCGGGCGATCTCCAAGCGGCGATCTCTAAGCGCTGCTCTCTGCTCGGCCGCGGGCCAGGAGGGGAGGGTCCGGCCTTGCCCCGCAGGCGTCCATTGGCGGCTTCCCCCGGCCTCCGCGCCATGCCGCGGGCCGTGTGAAAGGCGGCAGCACCGGAACCCGCAGGTGTCCGCGGGCGCGCCAAGCCCTTTTGGGTAGGGGGCGCCTTACTCGCT,6.055009451758992,2.59812921194193
567,ENST00000374561.5,ENSG00000117318.8,ID3,23557918,23559794,131.30541801157932,1251,1379.55,294.632,4.81177,GATCTGGGGTGCTGCCAGGAAAAAGCAAATTCTGGAAGTTAATGGTTTTGAGTGATTTTTAAATCCTTGCTGGCGGAGAGGCCCGCCTCTCCCCGGTATCAGCGCTTCCTCATTCTTTGAATCCGCGGCTCCGCGGTCTTCGGCGTCAGACCAGCCGGAGGAAGCCTGTTTGCAATTTAAGCGGGCTGTGAACGCCCAGGGCCGGCGGGGGCAGGGCCGAGGCGGGCCATTTTGAATAAAGAGGCGTGCCTTCCAGGCAGGCTCTATAAGTGACCGCCGCGGCGAGCGTGCGCGCGTTGCAGGTCACTGTAGCGGGACTTCTTTTGGTTTTCTTTCTCTTTGGGGCACCTCTGGACTCACTCCCCAGC,27.28838203230398,4.770214952556578
568,ENST00000617979.4,ENSG00000117308.14,GALE,23795599,23800804,30.61350660346778,1566,2098.59,135.967,1.45972,GCCGGAGTGGGCCGTCAGCACTTAAAGGGCCCGCGGCTCGGGCGTAGGAGGCGGTGCCTCTGCAGCAAGCGTGGGGCGCGGGAACCCGAGCAGGACTCTCCAGTCCTCAGTCACCTTGGACAAAGAAGTGTGGATCCTCAGATTCCATCTTTTCCAACTCCAAGGTGCC,20.972177269248746,4.390404740417743
569,ENST00000374490.7,ENSG00000117305.14,HMGCL,23801885,23838620,23.359750480155004,1600,1878.74,109.75,1.31613,CACGCGGGGCCCAGCTGGACTGCCGCGGGGGATTCTGGGCCAAG,17.748816971085684,4.149650961373557
571,ENST00000374479.3,ENSG00000179163.11,FUCA1,23845077,23868294,26.815223997127084,2047,1882.04,327.0,3.91453,GGGTAGCG,6.850177159742571,2.7761412996318526
579,ENST00000495785.1,ENSG00000188529.14,SRSF10,23964804,23980927,121.80039498041356,1390,905.754,242.996,6.04437,GAGACACGCCGCCGCC,20.151048824015334,4.332783025145674
580,ENST00000327535.5,ENSG00000185436.11,IFNLR1,24154157,24187959,1.7079891328915864,4549,6296.74,283.623,1.01482,CGGCAGGAAGGCC,1.6830463854590827,0.7510749384917521
581,ENST00000308873.10,ENSG00000020633.18,RUNX3,24899511,24965121,5.2032251906118905,3861,5347.69,544.703,2.29486,GCCGCTGTT,2.2673388313935887,1.1810000037138877
582,ENST00000236273.8,ENSG00000117614.9,SYF2,25222679,25232502,118.12226904711966,1345,924.245,820.504,20.0012,GGAAGTGGGAAGAGAGAAAGGTTGTG,5.905759106809574,2.562122510806608
583,ENST00000374298.3,ENSG00000127423.10,AUNIP,25831913,25859458,27.64701041799527,2116,2200.26,356.779,3.65332,CTGAGGCGCCGGGAGCCTGCGCCGGCGTCCTGCCGGCTTCGTCTCCTCAGCGGCC,7.567639959816077,2.9198434522418033
584,ENST00000455785.6,ENSG00000117632.21,STMN1,25884181,25906991,1474.632693139151,1504,1250.08,2977.3,53.6597,GTGCCTCTGTTTGGCGCTTTTGTGCGCGCCCGGGTCTGTTGGTGCTCAGAGTGTGGTCAGGCGGCTCGGACTGAGCAGGACTTTCCTTATCCCAGTTGATTGTGCAGAATACACTGCCTGTCGCTTGTCTTCTATTCACC,27.481195257132462,4.780372848462481
585,ENST00000374282.7,ENSG00000158006.13,PAFAH2,25959767,25998157,7.932007740571553,3581,4035.14,185.759,1.03718,CGAGAAGTGCTTCCAAGCGTCCATTTTGAGCCTTGGAAACTACGACGACCAAAGGGCCACGGGTTCATGGGTCGTTTCTCATTTCCGTCGAGTTAAACGTCTGGGGCTGCTTCTGAGGAATCAGCTTGACTGGCCAGCAAGTTCAGCTCCGGCAAGTCATTTGATTCACCCGGTGATGAA,7.647667464250712,2.9350197934407256
586,ENST00000374135.8,ENSG00000142751.14,GPN2,26876133,26890297,38.21868754300786,4678,5574.58,631.067,2.5505,CCGGAAGTCGAGTTAGTCTAGTTAGTATCGGCCTGTTATCTCCTTTTGCGCGACACGGTCTCAGCTGTTCCGCCTGAGGCGAGTGACGCTGGCCGCCAACGAGGTATACGTACTGGGACCCTCGCCCTCAGTCTCGTCTCCGGCGCGGCTACCTGCCCCGTTTTCCCTGTGAGTTGACCTGCTCCGGGCCGCGGGCCGCCA,14.984782412471226,3.9054262301417326
587,ENST00000361720.9,ENSG00000198746.12,GPATCH3,26890488,26900466,4.662916234336906,2123,2953.02,200.116,1.52679,TAGCTGATCATGTGACAATCCAAG,3.054065218096075,1.6107308705234857
588,ENST00000263980.7,ENSG00000090020.10,SLC9A1,27098815,27166981,12.555538053664096,4516,6891.27,652.489,2.13322,CGGCGCGCCTGGACCCCTGCCCCTCTCTGGGTGGAGAAGCTCCCGGCCGCTTCCCGGTTTCACTCCTTCTCAGCCTGGGCTCCCAGCCCCCTCTCTCCTTTTCCTGGACTGGCTCTCACCCCCTTCGGTCCCCTTCCTTTAGCTCAGGCTCCCTACCCCTTCCTTTAGCCCACAGCCCAGAGTCCCAGCTCCTCAGTCACTTTCCTCAGCCAAAGGTCCCAGCCTTCCTTCTTCCTTTCCTTTGCACTATCCCTATCCTGCCCCTTCCTCTATCCCTAGGGCTCAGTTTCCCACATCCGTCCTCCCCCTTCCCAGGCCCGGAGTTCCAGACCTTTTGGTCTCCTTTCGTGGTCGTTCCTGGGTCCTTGCCCCCTTTCCCCACTTTGGAGTTCCAGATTGCAAACCCAGCCTCCCTCCACCCCCAGAAAATTGCTTCCATGGAAATGCCTCTCTAAAACATGAACTTTTCCTAGAGACTACGCCAGTCTCTCTTCCCACTTGCTGACCCTTTGCTACCTATGTGCCCGGTTTTACTCTCATTTGGGTAAGGTCGAGGCTGGCTCTGGAAGCAGCACC,5.885721141590691,2.5572191907365993
589,ENST00000618852.4,ENSG00000158195.10,WASF2,27404226,27490158,23.139935063665664,5676,7681.1,3404.85,9.98704,GGGGAATCGCGTAATGGCGGACACAGGCAGGGCGAGCGCGGCTGGGGGCGTAGCGCGCTGAGGGGGTCCGGCCGTTTGGCAGCCCGCGAGGCGGTCCGCGGGAGCACACTCTGTGCGGAGACTGGGCGGCCGGCCGACCCTTCCTGTCGCTGACGGCGACTGCGGGAGGCCAGGTTGTTTTTCACCATTCAGAACATTGCCTGAAGCAGGTCCACC,2.3169963336149313,1.2122557613025442
590,ENST00000361157.10,ENSG00000126709.14,IFI6,27666061,27672218,42.399672998921005,841,742.718,104.139,3.15901,AAAAGCCAGCCTTCAGCCGGAGAACCGTTTACTCGCTGCTGTGCCCATCTATCAGCAGGCTCCGGGCTGAAGATTGCTTCTCTTCTCTCCTCCAAGGTCTAGTGACGGAGCCCGCGCGCGGCGCCACC,13.421822975844016,3.7465087291375467
591,ENST00000373912.7,ENSG00000117748.9,RPA2,27891524,27914746,192.99419100927372,1752,1743.83,1713.36,22.1363,AGTGCGGAGGGTTTTGCCCTTCGTAAAGATGGCCGCGGAGGCTTTTGGAGCCAACTGGGAGCGCAGTACGCGTTTTCTGGAGCATGGGCAGAGGAGACAGGAACAAGCGTAGCATCCGTGAGCACCGATTGGCTGAAGCGAGCACCCCGGGAGCTGACTGGCTCCGCCATTCGCGGGAAGGCGTTTGTGGTGCCAGAGAAAAGTAGCCAGAGCGGCGCAGTGGCGGCCGCGTTCTGTGGTTTTCCGCTATTCCCCCAGACCCGCACCTTCTCGGCCTCTTTGCGGAGAATCGTGACCAAG,8.718448476451519,3.124071417744569
593,ENST00000540618.5,ENSG00000158161.15,EYA3,27970344,28088696,10.02953986471316,5885,6543.02,549.827,1.89326,CCTAGCGATGCGCATCCGGGTCACGCTAACGCCGCGGTTTCCTCCGCTCGATTGGTTCTACTGTGGGTCTGGACTGATCTCCATGTCCTGTTGTGGGGCTTTTACAGCCTTTGGATTGTGAAAACTGCTGAGAGAGACTTGCAATCCAGTCACATAAGTATAATAAAGAAATATTGGTCCTC,5.2974973668239755,2.4053109654910863
594,ENST00000373824.8,ENSG00000120656.11,TAF12,28589323,28643085,35.21633042757961,1334,1128.33,304.62,6.08254,GTCGGACCGGCTGCTGAGACGAACGCTTCACTGGGGCAGTCTCTGCATATCATGGGGAGATAGACGCTGCTGCCTTTAATTGGCCTTGGTCCTCACAGCTCCAAAAAGAAACAGGATCTCGATAAGCTCTATGAGCTGAAGTCCAAAGCTCGGCAGATT,5.789740869370297,2.53349877915745
595,ENST00000373795.6,ENSG00000116350.16,SRSF4,29147743,29181987,144.09391352453795,2387,2515.27,2130.0,19.0791,GCCGAGCGGGAAGCGAACGCGCGCTCTCTCCGGTTACCTTCCGCCTCGGGGAAGGGCGGGGGAAGTGGAAGCGCGCGCTCGCGAGCTGCGTGCTCGCGTACGTCGCCGGGGTTCGGCTGCGTCCGTCCCGCCGCCCGCCCGTTGCCGCCGCCGCCGCTGCCGCCGTGCTCTCGCTTTGCCCGCCGCCGCCTAAGGGGGGCTGGGGCCGGGGCCAGCCATCACTGCCGTTGCCGGG,7.552448151356089,2.9169443746780477
597,ENST00000373747.7,ENSG00000134644.15,PUM1,30931506,31065991,14.75774927093816,5375,5580.11,1289.39,5.20598,GTTGTCGGAGTGAAAGGTAAGGGGGAGCGAGAGCGCCAGAGAGAGAAGATCGGGGGGCTGAAATCCATCTTCATCCTACCGCTCCGCCCGTGTTGGTGGA,2.8347687219194384,1.503231035925633
599,ENST00000263694.8,ENSG00000060688.12,SNRNP40,31259568,31296782,131.02225518691796,1597,1453.46,1651.3,25.5967,GAAGAGACCGGTTGCCGCC,5.118716677810732,2.355782155024477
600,ENST00000373703.4,ENSG00000162517.12,PEF1,31629862,31644896,170.59897354807748,1629,1991.43,1382.24,15.638,CTGAGTGTGACGTCAGAATCACC,10.909257804583545,3.4474810482381844
601,ENST00000602725.5,ENSG00000184007.18,PTP4A2,31842019,31944856,4.662260566634169,3353,2860.68,3417.5,26.9154,TTTTTTTTTTTTTAATTGCAAGCATATTTCTTTTAATGACTCCAGTAAAATTAAGCATCAAGTAAACAAGTGGAAAGTGACCTACACTTTTAACTTGTCTCACTAGTGCCTAAATGTAGTAAAGGCTGCTTAAGTTTTGTATGTAGTTGGATTTTTTGGAGTCCGAAGGTATCCATCTGCAGAAATTGAGGCCCAAATTGAATTTGGATTCAAGTGGATTCTAAATACTTTGCTTATCTTGAAGAGAGAAGCTTCATAAGGAATAAACAAGTTGAATAGAGAAAACACTGATTGATAATAGGCATTTTAGTGGTCTTTTTAATGTTTTCTGCTGTGAAACATTTCAAGATTTATTGATTTTTTTTTTTCACTTTCCCCATCACACTCACACGCACGCTCACACTTTTTATTTGCCATA,0.17321907036990603,-2.5293303240978777
603,ENST00000309777.10,ENSG00000160055.19,TMEM234,32214472,32222359,9.155164742043354,1082,1085.77,76.2884,1.58301,GCC,5.783390339949434,2.5319154776193695
604,ENST00000329421.7,ENSG00000175130.6,MARCKSL1,32333832,32336379,909.2032038145206,1699,2214.57,4417.0,44.9365,GTACCCGACCGCCAGCGTCGCCTGCTGCGCAAGTGGGGCCTGCGAGCCAACCCCGCCTCCGCCCCTCGATTGGGCGCGCATTTAAATGTCCGGCCCCGCCCCGAGCTCCGGGCGCTTATATATAGGCAGCTCGGCGGGCGGCGGGCGGCATTCTGGCGCGGAGCGGAGCGGCGGCGGGCGCAGCTAGCGGGTCGGCCGCGGAGCGGAGGTGCAGCTCGGCTTCCCCCGGCACCCCTCCCCCTCGGGCGCCAGCCCCACCCCTCCGCCGGCCGGGCCGACCCCGCCGTACTATCCCCTGCGGCGCGAGCCCGGGGCGGCTCCAAGCGCCCCCCAGCAGACCCCCATC,20.233066745619276,4.338643102048806
605,ENST00000455895.6,ENSG00000160058.18,BSDC1,32365103,32394731,23.169990851032832,2846,3718.82,1218.58,7.38266,GGTCAGTAAATAGTGGTGATGTCATGCAGGCAAG,3.1384339589027306,1.6500448510538714
606,ENST00000468695.5,ENSG00000176261.15,ZBTB8OS,32600172,32650903,28.51126896453477,1601,1488.39,79.5341,1.20392,CCGGGCCGAAGTCCGGTGG,23.682029507388172,4.565720817525691
607,ENST00000373477.8,ENSG00000134684.10,YARS,32775237,32818153,179.23664998709611,3238,4185.63,2207.7,11.8834,CTGTGCTGTGCGCTCCTCTCCCGGGGACCACCGTCCTCAGATCTCCCCAGGGAATGGGTCGTCCTCTTCCTGCCCCCACCCGCGAGACGCGGCAGAAAAGCCCGCGGCTATCTTCCCGCCAGCAACAGCCTCCCGCCGAGCCGGCCGGGACAGAGGCGGCCCCCACCCCCACTGGGCAGGGGACTGCAGACGGCGCTCCCCGACTCTCAAGACGACCAGGGAGCTTCCCTTTTCCTCAGCGGGGTGAGGGGCATCTGTCGCCCGCCGACTTGGAGGTGGAGGGGCAGGGACATTCCCTCGCCATCACCTCAGGAGCTAGAACGCGCCCTTCTCGCAGCAGGGCGTGGGCCTCCCAATCCCTCCAAGGGGCGGACGGCGTGCGCAACCCCCTGGAGAAGCAACAGGCGCCCCCATCCCCCTCCAAGCCGGGTAACGCCGACCCCCTCGTCCCTCCCGCTCTTCACCTCCGGAAGCCGGGCCAAAGCCTGGGCGAACGACTGCGCCTCACTCCGCCCCCTGCGCCATTTTATCGCCCCCTCCCCGACCTCCCCTACCCCGAGTCAGCCGGGCCAACACCAGGGGGAGGGCAAACCAGCAGTGATTGGCAGGAAACCGTCCCGCCTCTAGGAGGGTTGTGCCCCGCTCAGGCGCCTCAGCCCCGCCCTCCGCACCGCCCACCGTGCCCACTGGCTCCACCTTTTCCCGTCTCATCGACCTGCTCGACTCTCTGCTGCTCCTCACTTTTTCCGGCCGCTGCCGGAGGGGTCCAGGCCGAGTAAGCGGAGCGCCGAGCCCAGCTGATGCAACCTGGCTGGACTCGCGTGACAGTTCCCGGCACGCGGCGGCGACGGTGACCCAGGAAGGGGCTCTGGTGCCGGGCTGAGCGGGGGAAGCAGGGGTAGCGGAGCC,15.082943432611552,3.914846092542719
608,ENST00000373463.7,ENSG00000121900.18,TMEM54,32894594,32901438,2.825596193729469,999,1175.74,164.26,3.14762,CGAGCGCGACGGTGCGGGGCGCGCGGGCGACGGGCCAGCGGGATGGGAGCAGGGTCCCCCGGCGGCCCGCAGCCTCGGGAGCCGCGCTGAAGCCGGGGGCGGGACCAGCGCGGAGCCGAC,0.897692921550082,-0.15570607566858605
609,ENST00000354858.10,ENSG00000004455.16,AK2,33007940,33080996,106.19173678574256,1021,940.519,392.6,9.40469,GTGAAGAGTCCGTCGTGCTCAGGGGCGGGCGGAACGGGCTGACGGACGCGGCTATGGGCCAGTGTGAGCGGCGAGTGGGACGTGCGTGGCGTGCGTGCGTTGACCTGGGAAGCACTGGACCTGTGAGGCGTGCGAACTGGTGGCAGTGAGAGACTTCGGCGGAC,11.291359607360004,3.497147308252287
610,ENST00000521580.2,ENSG00000163866.8,SMIM12,34712737,34859816,102.19430108578705,3454,3767.26,425.451,2.54441,CTGCGCTCCGAGAGAGCCGGCGGCCAGTGGGCAGGGTCACAGGGCAAGGTCCCGCGGGCCGCTGGGTGCGGCGACTTCCGTGCTCCCGGCGAGCGGGCGGAGAGCGGGGGCCGCACTGGGGAGTGTGGGCTGGGCCGCAGATGTC,40.164242824775506,5.327839774010324
611,ENST00000373337.3,ENSG00000243749.1,TMEM35B,34974356,35031968,50.66016469364899,922,771.04,191.55,5.59714,AGGGGCGGGTTTTCGGCGGGGCCAACCCACGGTGGGGGGAGCGCGGCC,9.051080497119777,3.1780900280840263
612,ENST00000357182.8,ENSG00000163867.16,ZMYM6,34974356,35031968,4.019015061634526,4330,3387.66,249.912,1.66207,GAGGGCGGAGACCAAGGCTGCGCAGGCGTGGTTGGCCGGTCGTTGCGTTGGGATGGATCAGGCGGAATTCCAGAAGAGAAAATAATCCCTGTCTAGATGCAGAGGACTTGGTTCCTATTCCAGTGCTCCTCCGGTAGCAGGGAGGCGACAGAAGGTGTCCAACTATCCATTACCAAGAAGAAATCTATTCGTTTGAGCCTGAGACACTCTTTGAGGTAAAAAATTAGA,2.4180780963705057,1.2738608398835576
613,ENST00000357214.5,ENSG00000116560.10,SFPQ,35176378,35193148,483.8571409179958,3747,3856.83,7245.81,42.3272,GCCGCCTGTGTCATCCGCCATTTTGTGAGAAGCAAGGTGGCCTCCACGTTTCCTGAGCGTCTTCTTCGCTTTTGCCTCGACCGCCCCTTGACCACAGAC,11.43135243810117,3.5149241931306494
614,ENST00000325722.7,ENSG00000142687.17,KIAA0319L,35433490,35557950,15.61760117032836,4789,5965.77,629.146,2.376,AGGAGGCGGTGTTTCCGGCCGCCGTCGCTGTCCAGGGAGGCTGAGGCGAGAGGTAGCTGTCCGGGTGGGGAGCCCGCACTACCTTCTTCCTCTTCCTCCTCCTCCTCCGGGTGAGGGGAGCGAAGGTTGGGGGTCCCCGAGCCCATGGACCAGGAGGAGGCGGAGGCCGCCGAGAGCCGGGGCCCCGCTATGTGGCCCTGAGCCCCGTGTACTGGTTCTGCCTGTCTGGAGGGCC,6.573064465626414,2.716566134415405
615,ENST00000373237.3,ENSG00000126067.11,PSMB2,35599544,35641844,772.454746461562,2701,2832.28,2759.94,21.9546,GGGGAGATTTTACCGAGCAACGTAGGGAAACGGCTGCCTGGCTACCTACCCCTTTTTGACACCCACACGTGCTCGGCACCTTACATACACTGCGTGATTTTATCCTAAAGCCACTTTTAAAATCTTAGTGTGTAAACAGAGAAACTGGGCGTCACATAAGGCAAGTGACCTGCACAGCCTGCTCCGGAGGAGACCCGTACGATCCCAGAGACAAGCACTGAACATAAGGCACCCGGCGCCGCGCCCGCTTTGCAACCTCTCGCGACAGTTGTACGTCATCCGAGAGCGCCGTGGAAGTCGTGCTGCAGGCGTCGCGCCAATCTTCGCTCTGAGGTGCTGTCTCACCGGTGAGACCTGGAAGCGGGCGAGTCTCGTGCTGTGTCGGACCTGCAGCCCCTGGCCTTCCGCCACC,35.18418675182249,5.136855261798985
616,ENST00000270815.4,ENSG00000142686.7,C1orf216,35713875,35719472,6.559278672310663,3218,4291.99,202.0,1.06036,ACTTTAGTCAAGTAAGCACAAAAAGGAATATATAATTCCAAATTGTGATAAATGCTATGAAGAAAAGGAATGTGCTCTGACATAAAGGGGGGAACGAACGTGATCTAGGGAGTCAGAGATCTCTCCGAGAAGAGATCTGAAATAGGAGTAAGTCGAGAGGGGGAAGAGAATGCTAGACCGAGGGAACAGTGCGTGCCAAAGCCGCGTGGCGGAAAGGGGCGTGTGGGAGGGTAACTGCGGAGAGGGAGGGTAGAGGACGAAGCCGGAGAGGCAGACGAAGGGCAGGACGCACAGAGCCCCGCGGCTACCGCCTTAGGGGTTGTCCCGGCGGTGGGGAAGCCATTGAGGAGTTTAACGCCGGAAGGTGGTGACTAATCAGATTTCACTTGAAAATGGCACGGTGTCTGCAGCGAGGCTAACTGATGGGAAGGGCCCAGCGAATGCCAATAGGAGAGAGCACCGGACCTGGAAGGCCTGGGTCAACGCGGCCCCGCGCGGGGGCGAAGCGGTTCCGGCGCAGGGGCCTGGCGCGGGGCTCCGCGGAAAACCGAACCGGCCCACGTGGGACCGGTCGCTCCGCCCTGCTGCGCAGACGCCGCCTGACTCCGCAGTCCGGGACTGGGGCTGGGCGCGCTGCCCGGGAGCCCCGCACCCACGCCTGGACCGCGGAGACGCCCAGGCCGAGGAACCCCCAGCCCAGGGACTAGACACCACCAGGGCCGGGCGGAGCCAGAGCCAGACGCGCCGGAGCGGGCGCCTCTACGCCGCTAG,6.18589787648597,2.628983016048676
618,ENST00000318121.7,ENSG00000092853.13,CLSPN,35720218,35769967,26.536495564644223,4169,3828.55,1574.21,9.26381,CGGCTGAGGGAATCAGAGACAGCTCCGTCCCTAGTGGAGCGCAGGGGAGGCAGAAGTC,2.86453365997837,1.5183002903965932
620,ENST00000373166.7,ENSG00000054116.11,TRAPPC3,36136570,36156053,176.11278047392187,1265,1322.18,1033.75,17.6151,TGGGCTGAGGGGCAGCGGCTTAGGCTCCGGCGTCTGCAGGGGTCGCCGAGCTAACCCGTGGCTAGGCGAGTGGGGCGGGGCGGCCGGCACC,9.997830297524388,3.321615039024053
621,ENST00000373129.7,ENSG00000196182.10,STK40,36339624,36385896,8.441412632359397,3846,5602.01,336.91,1.35497,GGCGGCGGCGGCGGCGGCGGCGGCTCGGGTGGCTGCGCTGGGAGGCGGCGGTGAGAGGCTCGCACGCCTCCAGCCCGGCCCCGGCCCCCCGGGAGGGAGAGCCGAGCAGCCCCGGCTCTGGGCTACGGACTATGGGCGAATAGCTCTGACCACCCGGCGAAGTGCACACACCCAGAAGCTATGTCCTTCGGCAGTAAAAGTTTTACAGCACAATATATGTGCTCTGCTCTCCTCCCGCAATCCTGCTCCAAGAGATCTTAAGCTGGAGGCACCAGGTCTGAATTCCAGACTCCTCCCCACCACCCACACTTCACCTCCAACTGGAGCATGACCACAGACCCATTCAGGGAGGCTGGCGGACTCTTCATCCTGGACAGTCCCTTACTGTATGTCAAGTAGAGCTGAGA,6.229962753684138,2.6392235380107834
622,ENST00000315732.2,ENSG00000181817.5,LSM10,36391238,36397892,35.08749717936459,850,817.901,383.305,10.5586,GGACAGAGCGGCCCGGTCGCCGGCATGGTTTCTCCGTCCTGCTGCAGCCGGCGGGAGGCAGCCAGTCCAGGCGCCCGCTAGCTTCGGCGGCGACCCAGACGGGGAAAGCGGAAGGAATGTCGCGTGCAAGCAGGCAGCTGGTGTGGAAGA,3.323120222317787,1.7325384871329377
623,ENST00000235532.9,ENSG00000116885.18,OSCP1,36415827,36450451,3.3094536156835277,1455,1384.07,74.0673,1.20568,ATTGGGACGCTGCGGCCTGGCCTTCAGGCCACTGGCTACCGAACCCCGGGGCTCTTCACCAGTCCAGCTCGTTTCCAGCACC,2.744885554776995,1.4567459987759483
624,ENST00000373116.5,ENSG00000116898.11,MRPS15,36455718,36464437,129.7023721985,1006,875.128,1571.15,40.4489,GTCACGCCACCTAATCCATTCTCTCGGTCTTCGTCTGCTCCGGTATTGCAACTGCCTCGATTGGTCGATCCTGGGCCAGCATGGCGGCGCCCATGTAACCCGGTCCGTGCCGCAAAGCGAACGGCGGCCGCGGCGCGGGCCCCGCGGGGGTTAGAGGTCACC,3.2065735334829872,1.6810324915901285
625,ENST00000296214.9,ENSG00000163875.15,MEAF6,37492575,37514774,49.83015440806434,1525,1273.23,911.196,16.1238,GCGCCGCCGCCGCCCGCCTCAGCCCAAC,3.090472122456514,1.6278272513002086
626,ENST00000296215.6,ENSG00000163877.9,SNIP1,37534449,37554302,19.28228994548997,4563,4823.8,427.9,1.99855,GTTAAACTCGTCATTTCCTCCAGCTAGAGGAGCTCAACTGATCTGTTTTCTTTCGCCCAGCCAAAATCACAGA,9.648139874153747,3.270250822897739
627,ENST00000373062.7,ENSG00000134697.12,GNL2,37566816,37595935,88.07605372026389,2334,2127.85,2198.11,23.274,GTGGTTCAGGCGGGTGTCTTCGGCCGGGCTTGGGAACATAAAAGTTTGTTTCACCACGTAAGCCGGACCTCGCACTCCGGTCCCGGTCTCGTCGCCAAG,3.7843109787859364,1.9200306481693274
628,ENST00000486637.1,ENSG00000116922.14,C1orf109,37681570,37692249,6.248366360829789,852,801.975,54.6685,1.53581,CGCGTGGTGCAGTCCCTGGAGGGTTCTCACGCTTTGGCTGTCTGGACTTTTAAGTTTTTCCGCTTTTTCAGGAAGGCGACCGGCAGCCTCGGGCAGGGGAGACAGGACTGTATGTCAGAGAAGAGACGGCGCTTGGACGCCAGGAATCCTCTGAAGCAGGAGACTGCCCTATCCAGGTTACCCTTCCCGAGGGGAAACCAGGGTCTCCTTCAGAAAGCTGAGGCAGGCCGGGCGCGGTGGCTCACGCCTGTAATCCCAGCACTTTGGAAGACCGAGGCGGGCGGATCACCTGAGGTCAGGAACCCCGTCTACTAAAAATACAAAAATTAGCCAGGCGTGTTGGCGGGCACCTGTATTCCCAGCTACTCGGGAGGCTGAGGCAGGAGAATTGCTTGAACCCGGGATGCGGAGGTTGCAGTGAGCCGAGATAGCGCCACTGCACTCCAGCCTGGGCGACAGTGAGACTCCGTCTCGAAAAAAAAACAAAAAAAAAACCCTGCTTCTGGAGAAG,4.06845010830102,2.0244792989327096
629,ENST00000373044.2,ENSG00000196449.3,YRDC,37802944,37808185,144.55970771709843,1826,1962.15,576.419,6.61863,GGCGG,21.841333888901243,4.448989061774186
630,ENST00000373036.4,ENSG00000188786.9,MTF1,37809567,37859620,4.27131777907313,7972,9095.3,678.247,1.68009,GGAAGTGACGTTAGGGGAAGGTGGGGGCAATCATGGTGCCGCTGGGGAGGGGAGAAGCTGCTGCTGCCGCCGTTGCCGGGAGCCGCGGAGACAAGTCATTACGTTTTCATTTCTCACAACTGGGCTGAGCACAACTGAACC,2.5423148635329835,1.3461427179617016
631,ENST00000373019.4,ENSG00000183431.11,SF3A3,37956975,37990921,130.44756187280714,3673,3887.75,3786.45,21.943,GCAGTTTTAGTAGAGACGGGGTTTCACCGTGTTAGACAGGATGGTCTCAATCTCCTGATCTCGTTGGATGCACAGTATTTTATTTAACATATTCGCTGCCGATAGACAAGTCGTTTCTACACGTGAATTTCTTTTTTTTTTTTTTTTTTGAGACTGAGTCTCATTCTGTCGCCCAGGCTGGAGTGCAGTGGCACGATCTCAGCTGACGGCAACCTCTGCTTCCCGGGTTCAAGCGATTCTCCTGCCTCAGCCTCCGGAGTAGCTGGGACTACAGGCGCCTGCCATCACGCCCGGCTAATTTTTGTTTGTTTGTTTTTAGTAGAGACGGGGTTTCACCATGTTAGCCAGCCTGGTCGTCTCGAACCTCTGACCTCAAGTGATCCGCCCGCCTCGGCCTCCCAAAGTGTTGGGATTACAGGCGTGAGCTACCGCGCCCGGCCTCACATGTGAATTTTTTTAAAAACACCACCAGCAAAACCCCACTATTCCCATTTTCCTGAGAAAGACGCTGAGGTCCAGAGAAAGAGAAAACGTTCTCATAATTTATGCTGAAAGCTGCGTCCTCAAGTTCCGGTTTCCCAACTCCCATCCGCACTCCAACTGCTCGCGCAGTCCACACAGGATACCTGCCCGCCAAGCCGGCCCCAGCAAGCCGCAGGAAGCCGTCCGCTGAACCTCAGGTTCTTGGGTTTTCCTATGCCCCCTGGAGGCATCTGCGAACCTCTCGGCATCGCTCCACCACACCTCCCACCAGCAGGTGGCACTGTTGCCATCTCCATAACATGGACTGGCCTTCCTTGTGGTGCTCCTGTTTTCTTAAGTCCCGGGGCACTTCCGGCACTCGCGGAACTTTGGTGCAGCCTGATGCGCAACGTGGGGACTCAGGCGCGCTGGGCGGCAGGAGTTGCTTCCGGCCGTGTTGGTGGTCTGAATTGAGAAGCCGCGACTAAGGGAAG,5.944837163232335,2.5716372932317237
632,ENST00000373016.3,ENSG00000183386.9,FHL3,37996770,38005606,33.78599773696267,1647,2259.23,291.199,2.90396,CACGGTCCGTCTGCAGTCGGCAGCCTCGCCGGCAGCTCGCTCGGCCCCCGCTTGGCCCGGCCCGCAGGTAGGAGCCGCCGAGGGACGCGGCGCCCGGTTCCCGGCCCCGCCTGCGCCGCGCGCTCCCCGCTCCCGCCGCCCGCTTCGAGGGTTCTCTCCCCTTGCCACC,11.63445699560692,3.5403319736129175
633,ENST00000373001.3,ENSG00000116954.7,RRAGC,38838198,38881617,8.475988542714845,2732,2484.9,484.37,4.39167,GGCTGGGCTTCGGCTCGGGGCCTATGAGAGCCGGGCTCCGGGGGGCGGGCCGGACTGTGGCGGCTGCCGGGGGCGGTGGCGGTGGTGGCGGCGGCGGCGGAGGCGGACTGGGGAGGCGGCGGCCTGGCTCGGCCTGGCCTGGCCTGTCAGGGCGCGGGCGGCGGCGGCTCCAGCACC,1.930014901555637,0.9486119865179281
634,ENST00000397572.4,ENSG00000214114.8,MYCBP,38838198,38881617,196.2474917629468,2818,2835.9,686.353,5.45279,CACATGTTGCTACCTAGTAAATAAAATCTTAAGAAGATCCGTGGCTTTCCTTCACCAGTTCATAGCATCGTGATTCATTGCCCGGATTGGACTCGACTCTACTCACTGGACATCTAACCACTCCACTTAATTAACAATACCCACCCTACAGGGGTGTTGTAAGGATTAAAATTTAAAATACCCGTGTTTTCTACAGTGCCTGGCTCAAAAGCTACTGCAAGCTCGTTACTGCTCATCCTCCAGAGGCCCACATCAAGTCAGCCACGACTCAAGGAGACTCCAAAGATAAAAGCTGAAGCCAAAATATATGATTCTAAACACCCTCCTCGGCTACTGCAAAGCACTGTGAGCACTTTCTCAGGACGAGAGCCAAGAAGCCCAGCACCTATGGGTCACCACAGTTTCCGAGGTCCCAGATGAAAAAGATGCGCTCGCTACCACCGTGCGGCGGTCCTTTCTCTCGCAATAGTCTCAATGCTCCCGGGCCCTGCCTCCGGACGCCAGGACAGAGGTACCAAAATCTCACCTCCTGCAAAGAAACCTAATTGCTACGGGGGCCGGAAGAGGAAGAGGTGCGGCTCCGACAGCCAGAGGGGCGGGCATACGCAGCCTCCCTCGGCTCAGCCTGCTACTGGGGATGCAGAGCGTCCTGGTCGCCATGAAAACAGGCCACACCTCGGCGATCCCGGCCGGTGGTTTGCAAGTGCGCAGGCGCGCGCCCCCTTCCGCGCATGAGCAGTGCTGCTCCCAACCCGCCAGTCGCGGTCTCCGGCGCCAGCTACGCCGCTGCCGCTGTCACT,35.990289698108086,5.169535809940828
636,ENST00000372858.7,ENSG00000090621.13,PABPC4,39560816,39576790,66.92478137718844,2753,3156.91,1107.22,7.90194,CTCTGCCCCGGCGGTTGTAATCTTAAACCGCCGGAGCCCGAGGCCTATATTTATAGAGAAACGCGTGTCCCCGAGGCCGCCGTGGGCAGCGTCCGGTCGCCTCTTAAAGGATTTTTACCCTTCGGAAGGGGATTCCCCGTTTAATTTTTTTCCTACTTTGATTTTTTGAAATTTGGAGCTTCGCACCAGGACCGCGGAGAAGTGCAAAGTCGCGGGGAGGGCCGTATTGTGCGGAGAGCCTTTTGTCTGCGGTGCTGCGGCCGTGGGAGCCGGCCCCCGCCTCCCGTTTCCGTCCCGTCTCCAAGCCCGCCGACTCCAGCTCGTCCTCGCCGCGCCGGTGCCACCTGTGAGCCGCGGCGCGGGCCCGGGCTCCGAAGGCGCCCCTTTGTCCTGCGGCGGGCCCGATAAGAAGTCCTCCTGGCGGGGCTCGGGGTGGTGGGGGGCGGGGAG,8.46941148340641,3.082261724047501
638,ENST00000316891.9,ENSG00000043514.15,TRIT1,39841022,39883511,23.21507830820348,2112,1872.65,295.374,3.55369,GCAGACTGCCATAAG,6.532668383624762,2.707672406394067
639,ENST00000433473.7,ENSG00000131238.16,PPT1,40072705,40097703,200.86939470768223,2742,2762.1,2139.85,17.4544,ATGTTTCTTGCAAAGGCAGTACAGGGCAGTGGTGAAGAGCAACGACTTTGGAACCACCAATTTGCTATCTCTGTGACCTTGGGCACCTTACTCAGTGCCAATTCGCAGTGCCTCAGTGTCCTCACCTGTCAGGGGGAGAAGTGCATACAGCATTGTTATGAAGAGTGAATTAGTTAAAGGTTGTAAGAATAGTGCCTGATAGCATCTGATCAGCACTGAATATATGTTAGCAATTATTTTGATTCACCGCAGAGGGCGGTCTACGAGAGCGCAGAGCCCCACTCGGCCAGCGGGGTCTGGCGGGGGACCTGTCGCGCTGAAAGCTCCAGGGTAGGGCCGACGCCCATCAGGCTGGGCATCCGTTCGGGATGCGCAGGTTGCGATCTGCAACCGGCGGCGCCACGCCCAGGCGGGCGGAGCGCGGTTCCCGGAGTCTCGCGCCCGCGGTCATGTGACACAGCGAAG,11.50823830711352,3.5245950960277725
640,ENST00000372572.5,ENSG00000198815.8,FOXJ3,42176539,42338376,20.617198215769303,5352,5154.18,292.406,1.27817,GCGAGACGCCCTCTCTCTTCCAGCCGCAGCCGCGTTGCGGGTTCTTCCCTGTGGAACAGTAGAGACCTAGTCTGCCTTCTTTCACAAGATAATCCTTCAATTATTTGAAGGTGATTATTCAGCATATATCTCTTGAGTACCTGTGCATGCAAGACACTGTCCTGGATATTGTGAGAGATCCAAAGTTTAGTATGAGATCATTTTCCCTTGCCTGAGTTTTGAGCTGATTGAGAAATAAGAACCTACAGATGAAGAAGCAAGACAGTACCTTTAAAAAAATTAGCTTTTTATTCAGATTCTCTTTGTGGCCAG,16.1302473190337,4.011696653852588
641,ENST00000296388.9,ENSG00000117385.15,P3H1,42746335,42767084,27.58972427149082,2585,3126.63,489.115,3.52449,ACTCCGGCCTTGGTGGCGGGTGGCTGGCGGTTCCGTTAGGTCTGAGGGAGCG,7.828004696137829,2.968644621459444
642,ENST00000372521.8,ENSG00000177868.11,SVBP,42807052,42817252,68.3910893012117,658,471.955,94.1118,4.49268,CTCCCGGAGGCGTTGTCTGCGACTCGGCGGAGGCTCCAACTTCCAGTGGCCCGGTCGGGAAAGATCAGAGCCTCCTAAGAAATATCCAGAAGTCAAGCC,15.222782237152812,3.9281601562854953
643,ENST00000426263.7,ENSG00000117394.19,SLC2A1,42925375,42959173,142.95461172665648,3667,4916.23,387.76,1.77702,ACCATTTTGCTAGAGAAGGCCGCGGAGGCTCAGAGAGGTGCGCACACTTGCCCTGAGTCACACAGCGAATGCCCTCCGCGGTCCCAACGCAGAGAGAACGAGCCGATCGGCAGCCTGAGCGAGGCAGTGGTTAGGGGGGGCCCCGGCCCCGGCCACTCCCCTCACCCCCTCCCCGCAGAGCGCCGCCCAGGACAGGCTGGGCCCCAGGCCCCGCCCCGAGGTCCTGCCCACACACCCCTGACACACCGGCGTCGCCAGCCAATGGCCGGGGTCCTATAAACGCTACGGTCCGCGCGCTCTCTGGCAAGAGGCAAGAGGTAGCAACAGCGAGCGTGCCGGTCGCTAGTCGCGGGTCCCCGAGTGAGCACGCCAGGGAGCAGGAGACCAAACGACGGGGGTCGGAGTCAGAGTCGCAGTGGGAGTCCCCGGACCGGAGCACGAGCCTGAGCGGGAGAGCGCCGCTCGCACGCCCGTCGCCACCCGCGTACCCGGCGCAGCCAGAGCCACCAGCGCAGCGCTGCC,80.44625931427697,6.32995343324801
645,ENST00000372458.7,ENSG00000066322.13,ELOVL1,43363397,43368074,74.01222163862181,1477,1710.17,551.46,7.26503,GCCCAGCAGATGAGGAAGTGGCAGGCAGGCAGGCTGGCCCCGGGGACTTCTCTCTGGCCCTGCTCCCTCCGAGCGCTCCGCCGTTGCCCGCCTGGCCCCTACGGAGTCCTTAGCCAGG,10.18746263107266,3.3487228622492338
646,ENST00000372457.8,ENSG00000159479.16,MED8,43383917,43389808,43.28839504707447,1924,2017.11,509.582,5.69175,GGAAAACCGGAAGTGAAATCGTGGCAGCCGCCTCGGCCGCCGCA,7.6054631786488285,2.9270361118802875
647,ENST00000372257.6,ENSG00000117419.14,ERI3,44221070,44355260,194.449634442236,1684,2240.54,1428.18,14.3613,CCGGGAACGGGCGGTGGGGAGCGGGCGGAGCTGGCCCTGCCTCTGCCTGGCCGGCGCCGCAGTCGGCGCGGGCCGCGCCCGCCGCCGCCAACTGCCCTGAGCGCTTGCTGAGGCCGAGGGAGACGTCGGGGCCTGCACCTGGAGGGAGCCTGCCGCGCTGGCCCCGAGGAGGGGGCGTTGCC,13.539835143213777,3.759138268104862
648,ENST00000372235.7,ENSG00000126106.13,TMEM53,44635238,44674555,1.507296102812086,890,1024.01,47.3137,1.04099,CGCAAGCGGGAGTTCCGGCTGGAGACCCGTGCTCTGGGCCGGCGCCTTCACC,1.4479448436700504,0.5340066471177565
649,ENST00000360403.6,ENSG00000070785.16,EIF2B3,44850522,44986722,61.78492040144287,1659,1576.31,530.296,7.57946,ATTGGGCTGTCAGTCAGAGGCGGCGTGGAGATCGCTGGGAGCGGTTGCGGCGTGCCGGGAGCTGAGTTATAGCTGTGACTTCTGCCCTGCCAGGCCGCACACAAGCTGGCTGACCCGGTTTGTAAAA,8.151625630512315,3.0270877961792144
651,ENST00000372172.4,ENSG00000126107.14,HECTD3,45002540,45011329,15.960696004727367,3610,5079.36,579.233,2.56925,GCTCTGTCCGCGGTCGCGCCAGCTGTTCCCCGGGCAGGGTCGCCTCTAGGTGCTCACCTCCGCCACTTCGCC,6.21220044944142,2.6351043820029703
652,ENST00000359600.5,ENSG00000162415.6,ZSWIM5,45016399,45306209,2.492871210785894,5819,7059.02,321.0,1.02453,CTGCAGGCCGCCCGCGTCTGCCCTCGCGGCGCGCTCCCGGGCCCGGCCGCGGTTCCCCACTCGGGCCGGCTGGCTCGCGGGTTCTCTCGCCCCGCCCCCCTCGGCGCCACCGCTGGGCGCTTGCGCGGGGCGCGTGGCCGTGGCCAGGGTCTCCGCCGCAGCCCGAGCAGCCGCCGCCGCCTCAGTCAGTCAGTCAGTCCCCAGCA,2.433185178360706,1.2828461212366458
653,ENST00000372086.3,ENSG00000070759.16,TESK2,45343883,45491166,2.4424425228365423,3074,3708.35,169.63,1.03058,AGTCTTTCGCGGCCCGGGAGCTCAGCAGAGCTACCAGCTGCCCTGTTGGCTTCGCTGGTCGGATCGTCCTCCTGGCCCCGCCAAACAGGCGGGGGGAGCGGCCCCGACTGTGGGGCCATGGCAGTAGTCTCCTCGTTCGCCGCCGCCGCTAGCCTAGCTGAGTCGCCGGCTTCTGCGCTAGGGGCTCCCACCGCCTCCGCAGGCTAAGGAGCCGCTGCCACCAACGAGCTGTGAGGGTTACTATGCTCCCTCTTTGCCGCCGTCTCCTCCTCTTGCCCGCGCAGGCACCCCTCTGGCTGCTCAGTCCTGCCTCAGTGTCAAACCAGAAGAGAAGTAAAATTCAACAAAAATTTATGTGTGGAGTTCCTTCTTAAAAGAAGAAAAAAGTGATTATTTAGACT,2.3699688746497527,1.2448681119997722
655,ENST00000355105.7,ENSG00000159592.10,GPBP1L1,45627304,45688113,70.95143943756538,3736,3636.03,734.515,4.5513,GTGTGTAAGGCGGGGTCGGACGGGGGATGGGAGGGCCGTGCTGCTGGTCGCTCCTCCTCCTCCACCCGCTCTGCCCCTCCTGGACCTTGTGGGCCGGGCAGCCATTTTGGGAAGAGCTTTGTTATGGTTGTGGACTAGCCGCCTCTGCCGGGTCGACAAGCTGGGGACGCGTCCTCAGACGCAGCGTCTAGTCCCTGGCCATAGCTCCGCCGCTGCCCGTTGGTGTCTCACCTTTAACTCTCCTTATGCTGGGTGAAAACAAAGAGTGATAGATTCGTGTGGCCTTTCAAATGATTGTGAAGTGGTGGAAATGGATCCAAAATAATAAGTGACTTCTCTACCAAAGCATAGAAGATTCTTCATATCTCCTTCCAGTGGCTCAATTTAGATTTTGGGAAGGAGCAGAACAAGTGAAACACAGAAAACTGAAGAGAAGAAATCCTCATTTTGGACCTATATTTCTCCTTGACTATTTCTTAATATCCATCCTACCCATCGTTCTAATGTTTTAACTTTGCTCTGAATTTATAAATAGTAAAGGCCAAAGACATAGAATATACATTTAGTAGCTTTATACCAAGAAATTTGCCTTGAAAGCTGCTGTTCGTGGAGGGAAAAGTGTAGCAAATTCCTGTCTATTTTTATTTTTTATTTTTTTTTAACAAAGACAAGATTTATGTCCCTAGATTTTGAAGGTTAAGGCAAATATAAATACATATCTGCACACTATTTTTTAGCAGTTGCATGAGTAAGAGTAATGAGATTTGTATTTTAAGGACTTTGTCATGTGGATGTTTTGGAGTTGACTGCTCAGATCTTTTATAGGGCTTTAATATTTTTGATCTATTACCTTGATGACATTATTTGTCCACACTTGAGCCCATCTGTCTTTCTAGCTATGACCTTGTTATGAACAGTATTTGCACTCGGTGCAAATATCCATGTCTTACCTAATTAAGCAACATCATAGTGCCATAACTCAAGGAAGTTGAATGAGGTGAACATAGATACAGCTCTTTCCCCTTCCCCCCCTTTTTAAATGTAACAAATACTTTTTATGTTCCCCTTCCCCCCTTCCCCTTTTCCCCTTTCCCCTTTTGGAAACGTGTCAGGAACCAAATAGTTTAAGATGAGCAGTTGAGGGGACTGAGAGAGTGATCGACACAGAACCTGGCTTCTTCGTGCTTCATCATAAGTCGTGCTGCCGGCCAGGTTACTTAAGCACCCTTTTAACAAGGAAACCTTGTGGGAGATCCAGCTGGCCGACTCGAGTTCAGAAACAGGACCACAGAGGTTACACTCTGGGATCCTGGCCATGAGGTTGGATGCCTCACCTTACTGAAAGGAGACACTGGACCTAA,15.589268876489218,3.962481363333757
656,ENST00000396478.3,ENSG00000197429.10,IPP,45694324,45750650,14.00101372128418,3113,2688.43,201.396,1.68778,GCGACTGCGCGCGCAGGGCCTGAGCGGGCGCCGGAGGGAAGGGGAAGCGGCGGGGTAGTAACAGATTATGGGCAACAGTCCTTTTAATTAATCTACCGTCATC,8.295520578087297,3.052332519078566
657,ENST00000371984.7,ENSG00000085998.13,POMGNT1,46188682,46220305,15.7799178196524,2728,3683.23,1493.93,9.13827,GGCCGGGGCGGGGCCGCAAGCGGCATGGAGGAGGCGGAGGCCGCGGCGAGCCGGGCCGAGCAGTGAGGGCCCTAGCGGGGCCCGAGCGGGGCCCGGGGCCCCTAAGCCATTCCTGAAGTCATGGGCTGGCCAGGACATTGGTGACCCGCCAATCCGGT,1.7267948768916217,0.7880967176861445
658,ENST00000498402.2,ENSG00000132128.16,LRRC41,46261196,46303608,7.792071550604158,2068,2574.24,294.276,2.57554,GTAGCGGCGGCAACGACC,3.0254127486290865,1.5971319786779052
659,ENST00000576409.5,ENSG00000123472.12,ATPAF1,46632737,46673867,141.75934967529358,4158,3877.79,1661.73,9.6547,CCCGGAACCTTGGGCGCGCGGAACCTCGGTGCCGGAGCGCGGGCGCGGCGCACTCGGAGCGGG,14.68293677434758,3.8760686493113528
660,ENST00000371933.7,ENSG00000159658.10,EFCAB14,46675159,46719064,11.016878518862782,5767,5866.96,1927.99,7.40379,CGCCGCCGCAGCCGCCGCCACCAACGCCAACAACAACGTGTCGGGAGCAGCCGCGGCCGAAGCCGGAGCAGGGGCCGGAGTCGCGGCTGGAGTGGGGCCTGCGCGTGTGAGTGGCCGAGAGTTGCCCGTGCCGGAGACCTCAAACTCCGGGCGGGAGCGCTTTCGGTCGGCCGAGCCGCCGTCGCCCGCGGCACCGTGTCCCCAAGGCCCAGACAGCGGGGCGGGGGTCTATCAGGCGCGGGACTGGCTTCTCTCAGGCCGACCCTTCTAGCCGGGCTCCGGATCTTCCTCGGCCTCGGGCCCCCTTCACGTTCAGGACGGAGGCCGGAGAACGGTGATCATCACACACCCCAGCCGGCTTCCTGGCCAGGGCATTTTCTCTGCGGCCAAGCAGTGTTGGGATTGTAGCTGCTGGGAGCCCCCTCCTGCCGCCACCTCTCCTGCAAGGAAGGGACTGACGCGTTCCCACTTTCTTACTCTGCACCTCCCCACTCTCTTCCCATTCAAGAACGAGTTTCTCTTCCCTCTCCATTGGAAATCTTGCTCCGGAGGTCCGAAACACGTATTTTAAGCGTGCCCTTCCTCACCTCCTGGAGCACCCTTAGAAGTATTGCCTACTTATCCGGGCTGAGAATCCTTCATTTTTGACCTGGCTTTTTTTTCGCCCTTTGGGAGATAAAGGTCCCTCTCCACCCTCTACTAACACTCTGCACCCAAGGCCTTATCCTTTGGGGTCACCAGCTCCTTGGCCATTTCTATGTGATTTCCCCCACCCATCTGAGTTCCAGTTTCCTCTGGGCTCCAATCTCCAGTCCCTGGCGGATCTGGTCAGTCCCACCCCTAGGTGGGAGTGACCAGGGGGCTCTGGCCCAGGATTCCCAACCCTGGAAGGCAGCTCCAAGGCAGGAAGAGAATTGGGCATCGGGTACGAACCTGGCAGCTCAGGAGTCGGGGCTCCACTCACCCCACACAAAAAG,1.4880052674188196,0.57337963347925
661,ENST00000360380.7,ENSG00000123473.15,STIL,47250139,47314147,4.43644980893413,5225,4521.69,458.487,2.28449,AGTTCCCGCGACCCCAACGTCCCAGAGGCGGGGCCGGAGTCGGCGGTGGCGCTCCTTGGAGCCGGCTCCCGCTCCTACCCTGCAAACAGACCTCAGCTCCGCGGAAGTTGCGAGACGGGGTTTCACCATGTTGGTCGGGCTGGTCTGGAAATCCTGACTTCAGGTGATCCACCCGCCTCGGCCTCCCAAAATGCTGGGATTACAAGCGTGAGCCACCGCCCCTGACATGAGCCATTGACTTTTAAAGCAGGAGAATAATTTGATCAGATTTATATGGAAACACTCTTCTAGCAGCATTATGGGGACTTTTCCATAAGTCTGGATACTGAGGATTTGGAATTAAAGAAATCATTCACCAGACATC,1.9419869681785125,0.9575335194969012
662,ENST00000396153.6,ENSG00000185104.19,FAF1,50437028,50960263,59.5135253170462,6817,7082.23,659.14,2.09686,AGGGGCGGAGGCGGCGGCCAGGGAGGAAGCGGAGGAGGCGGAGGCGGCCGCGGCGTTCGCCCGCCCGCTCGCTCGCTCGGTTTCCCCGCCCCCGCCGGGCTTAACGCCGCTGAAGGTATCCGGGTGCGCGCTGTCGCAACCTGCCCTCATCCTGGCCCGCGACTGTAAGACCGGACCCACATCCAGACCAATCTTCCTGTCCGGGCTGCTGCGACGCGGGCTCCGCAGGTTGCAGGCGGGCGGCCGGGGCGCCTGAAGGTTACCGAGTGCATGAGCGCCTAGCGCTTCCCGCGCTGCCCCGCCCGCTGGCCCGCCGACCCGCCCGCCGGCTCGCCCGCCAGCCCCTCGGCGCCCGGCGGCGGCGGCGGCGGTGGCGGCGACGGTCGCAGGAGGTGCCGTCTGCCTCCCAGGTGCGCGCTTCGCTCCCGGAGCCGCGGAACTCGGCGGCCGCC,28.382212125295062,4.826915133116664
663,ENST00000371733.7,ENSG00000085832.16,EPS15,51354263,51519328,35.886209850511804,5225,4124.17,2056.31,11.2335,GCCCCGGCCTCGCCTGCGGCCGCTCCCTCCGCCTCCTCCCCGCCCCGAGCCCCAGTCAGCCCGTCTTCCTTCCCCTCCCTTGCATGATGGAAACACC,3.194570690391401,1.6756220643620332
664,ENST00000352171.11,ENSG00000078618.20,NRDC,51789191,51878937,63.55127975182042,3691,3420.17,2544.92,16.7644,AGTAGCGTCATCGGCGGCCGGGAGGGCGGAGGGACGAGGGAAGTCGGCGAGAGGGAGACTGGGTTGGGGGAGGGGTTCAGGCCTGTTCCCCGCGGCTGCGGCAGCACCAGGGCCGGCCGCCACCGCCTCTAGAACGCGGAGGAGGTGGGTCCTGGGAAGCGGGATGTCCATCGCTCCAGCTTGGTGGTGA,3.7908472567953773,1.922520327702633
665,ENST00000371655.3,ENSG00000169213.6,RAB3B,51907956,51990764,15.301383816310643,12844,13767.0,864.865,1.41538,AGACTCCGCCCTTGGGCGGGGCCTGGATGCGGCCGGAGCGGAGCAGTGCTGGAGCGGGAGCCTCAGCCCTCAGGCGCCACTGTGAGGACCTGACCGGACCAGACCATCCCGCAGCGCCCCGCCCCGGCCCCCTCCGCGCCCTCCCGACGCCAGGTCCTGCCGTCCCGCCGACCGTCCGGGAGCGAACCCGTCGTCCCGCACTCGGAGTCCGCG,10.810795557596293,3.434400788613672
666,ENST00000371626.8,ENSG00000117862.11,TXNDC12,52020131,52056171,240.75518239356524,2396,2452.8,2380.72,21.868,AGTGCTAGTGGCGGCAGGTGCAGGTGGCCGCGCGGCATCCTGGGGCTTGCAGTCTCCCGAGCGTTCTGTTGTGTCCCTGCCTACAATTTTAGGGAACCTAATAAAAGGGTGGTCGGTATGTTTTTATTTGGGTGTGTACTTTTGTTAGGTCGCTTTTTCGCTATGCATTAAGTACGGACTTTAGGACTCAACTAGTACCAGGAAGAAAAAGACCGGACATTTTCACCTGTTTGTTATACAGCGAAGGGGAAAAATTGGGAAGAAATCCTCAAGCTACAAGAAAAATAACCAGAAGCTTTACACTTTAGCCTGCAGTGACTTATATCCTGGTGTCCTAAGTCCACCTAAGTCAGTTTTGCAATAAGAGGTCCCAAGTTTGGTTTTCTTGGAGCTTGCATCAGTTGGTTGCATCATCCCTGAGTAGAAGATTTGCGGTTGCAAGGAAAAATAAGGTACAGAGCTTCTCCAGCGGGAAAGTGCATGTCTGCACGGCACGAGCCCACGCACCGCAGAACAGGCTTGCCAGGTCTCCTCAGAGACCCTCGCAGGAACCTAACAATGAAATCCAGTTGTCCAGTCTTGATTTGTGGAGGGGTAAGGAGAATCCGAGGCCAGTGGGCAATCCGCCCACTGTTGGGAGCGACTGACCTCACGAATCAATAATTTGCTTTTGACTAGGAAGTGCAGCGGTTCTTGGGGGGAGGGGCTGGACTGGGTGGCGGACGCGAGGAGCAACGGTTCTCCCGAACCTCTCCCCCGCCCCTACTATCTTGGCCTACATTTTCCCGCTCCGTCCCGGGACCTGGACACCCAGAATCCACGAAAAGCAACTCGCGCTCGAGAACAGCTCTCGTACCCTTCTACGTGATCTGCACCTTTAAGCTCACTCCATCCCAAACCGGACCCCGGAGGCACCACCCACATCCGTCTAACATCACTTCCTTCAGAGTTTGAAAAAAAAAAATCTGGGAAGTAGAGGTGTTGTGCTGAGCGGCGCTCGGCGAACTGTGTGGACCGTCTGCTGGGACTCCGGCCCTGCGTCCGCTCAGCCCCGTGGCCCCGCGCACCTACTGCC,11.009474226887015,3.4606736674794902
667,ENST00000371614.1,ENSG00000198841.3,KTI12,52020131,52056171,23.8083308653824,1714,1794.08,303.5,3.81136,GCGTACAACCCGGAAGTTGGCGCAGCGCGGTTGCCAATGGTCGCTCCCTGAGAGG,6.246675954352881,2.643088692193543
668,ENST00000284376.7,ENSG00000154222.14,CC2D1B,52345723,52366193,8.738236349603213,3377,4784.98,356.608,1.67908,CACCTCCCCTGCTGGCGCTTCCTGTCGCTACCGCTGCGGCCCAGGGCCCGCGGGAGCCCAGGGCGGTGCCGGGTGAGACAAGGCCGGGGTTTGGCTCGGATTCACCGCGAGGTATCTAGGCTGCC,5.204181069158833,2.379671158641605
669,ENST00000371568.7,ENSG00000085840.12,ORC1,52372829,52404459,20.319506016749493,3157,3563.38,774.317,4.89575,CGGGGCCACGCCGATTGGCGCGAAGTTTTCTTTTCTCCTTCCACCTTCTTTTCATTTCTAGTGAGACACACGCTTTGGTCCTGGCTTTCGGCCCGTAGTTGTAGAAGGAGCCCTGCTGGTGCAGGTTAGAGGTGCCGCATCCCCCGGAGCTCTCGAAGTGGAGGCGGTAGGAAACGGAGGGCTTGCGGCTAGCCGGAGGAAGCTTTGGAGCCGGAAGCC,4.1504378321502315,2.053263535243588
670,ENST00000257177.8,ENSG00000134744.13,ZCCHC11,52408282,52553487,13.369736099579988,5743,4905.02,971.986,4.46459,GCCACTGAGATGAGGAGGCGTCGCGCGCGCCTGTAGCTCGCGGGCCTCGCAGTTTGCTTGCCTAAACTGGACTTGAAGCAATTTAAACTACTGGAGATCTGCCATTTTATAATATCACAATTGGAAAGAAACAGATTTTCAAATA,2.994616773226654,1.5823713904129115
672,ENST00000371538.4,ENSG00000162377.5,COA7,52684451,52698366,65.75690252725359,4005,4188.99,1145.78,6.16247,TCCGCCGGCTCACGTGACCGTCTTTGGGCCGGCGCGAACC,10.670543228162343,3.4155617192808605
673,ENST00000294360.4,ENSG00000162384.13,C1orf123,53214099,53220617,53.44875732663447,1085,963.956,516.306,12.0674,AACGGCAAGGGCCGCAGCCAGCACCGGGCGGAGAGGGCTACC,4.429185850028546,2.147041534430082
674,ENST00000371470.7,ENSG00000162385.10,MAGOH,53226892,53238610,283.38442146995527,756,486.824,653.087,30.2246,GCCACTTCCGGGCGAAGAGGTTAGCGAGAAGGAACCCCTCCACGCAGCGACGACGGGACCTGACGTCACTTCCGCGCGCCGCCGCAAACGTCAGTGTCGGGCGCAGACGGCGGCAGTGCGGCTTGCTCTTGGAAGTTCAGGCTCGGTTGTCTTTTGGGAGCC,9.375952749414559,3.2289652992442623
676,ENST00000306052.10,ENSG00000157193.15,LRP8,53242364,53328070,1.8107773235580789,7648,8390.09,734.379,1.97204,GCAGCGGCAACCCCGGCGCCGCGGCAAGGACTCGGAGGGCTGAGACGCGGCGGCGGCGGCGCGGGGAGCGCGGGGCGCGGCGGCCGGAGCCCCGGGCCCGCC,0.9182254536206562,-0.12307967013035695
677,ENST00000371429.3,ENSG00000058804.11,NDC1,53765460,53838860,87.64318648413435,5134,4668.58,2912.48,14.0553,GCGTACCTATTGTGGAGAAGACCACCACATCCTTTGGTTTCACTTTTAGGTGACTTATAAAGTAATAGGGAGAAATGAGGGCAGATCATTTTGCTAGCTCTAACTGAAGAATTCCAGTCAATCAATACTGTGGCTGTTATCGGCTTTATAAAAGACTACTATTCCCAGCATGCCTCAAGGCACCTCCAGGAAGACCTTGACTCCCAGCATTCTGTACTTTGGAACTCCGAGTCCCAGAATGCAACATTCCTCCTACTTCCTCTCAGGGGGCCGTCGAGACTACAGTTCCCAGCATGCAGCGCCGCCACCTGCTTCTGGCGCCCCGCTGGACCCTGCTTCGAAGGGACCGTTTGGTCGCCAGAGGGCGGTTCCTGGAGTTACAGCCGCGTTTGCGGGACGTGTCTGCGCGGCAGTCCTGGCCTGTTGAGCTTGTCCAGACGAAGCCTCGCAGGGATGGGTTGGAGCCTGGGCCGGGCTTCGCTCAGGCAGCGTTTGAGGCAGACCCAGCAGGGTCCTCCTGGGGCCTTCCTGCCTTTGAACTGCGGTGGCGGGCGGGCGCACGGTCTCCTGTACGCCCTAGACTAGGGGCCGCCATCTCC,6.235596997868017,2.640527690709703
678,ENST00000464950.6,ENSG00000058799.13,YIPF1,53851719,53889834,25.73785386975061,1602,1517.78,144.771,2.149,GGGGACGCCTAACCCCGCGAGAACCCTGCAAATTTTCTTCCTCATAATTGGGAGAAGACTCACTGGCCGA,11.97666536517013,3.5821543727295477
680,ENST00000194214.9,ENSG00000081870.11,HSPB11,53916574,53945929,155.56382106195272,915,744.711,293.346,8.87471,GGGTAGGAGCGAGCGCGCCCGGGAACTCGGTGGAGCGAGCGCGCCCGGGAACTCGGTGGAGGCCGCGGTGGCGGGGTGGGGCGGGGCTGAGGGCAGGGCGGGGCCTGTGGGAGTCGTGGCGCAAAGAGCTCGGGGTAGGAGCGCGCGCCCGGAAACTCAGCGGTGGCCGCGGCGAAGGGGCGGGGCTGAGGGTGGGACGGGGCTTGTGGGAGGCGTGGCGCGAAGATTTCAGAGTTGGAGCGCGCGCGACCCCGGACTCCACGGAGGCCGCGGCGAGCAGGCGGAGCTGCGGGTCGGGACGCTCTGCGTGGGGCGGGGCGCAAGGGAGGTTTCGAGCCCGGAAGGTCCGGCGCCCAGAGCTAACGGGAGTCCCAGGTTAAACACTTTAAG,17.52889064115365,4.131662789379003
681,ENST00000234831.9,ENSG00000116209.11,TMEM59,54026681,54053504,219.74945119543185,6691,6086.27,350.011,1.29567,AGGCCCCGCTTCGCGCTAACGCTTGCGATGGTTGAATTCCCCTCCTCACGCCAGCCTAGGAGAAGAAGTTCGTAGTCCCAGAGGTGAGGCAGGAGGCGGCAGTTTCTGGCGGGTGAGGGCGGAGCTGAAGTGACAGCGGAGGCGGAAGCAACGGTCGGTGGGGCGGAGAAGGGGGCTGGCCCCAGGAGGAGGAGGAAACCCTTCCGAGAAAACAGCAACAAGCTGAGCTGCTGTGACAGAGGGGAACAAG,169.60294766061716,7.406017433605082
682,ENST00000610401.4,ENSG00000157216.15,SSBP3,54225432,54413479,12.823704947111429,3168,4021.37,334.888,1.87623,TAGACCAGCGGCGGCGGCGGCGGCGGCGGCGGCAGCGGTGCTGGAGGCGCAGAGGGCGGCGCAGGCGGAGCCGGGCGGGCGCGCGAGCGAGCGGAGAGCGGGCGGCCGTGCGGGCGGCGGCGGCGGCACCCCCAGGCCGAGCCGGCGCGGAAGGAGTTCCAGGGCGATGGGGCCGCGGCCGGGGCTGACGCTTTGACAGCTGGAAAGAGCGCGGAGCCAGCGCCTGGGGGGGAGGGAGGGGAGCGCGGCGAGGAGAGCGCCAGCGAGCGAGAGAGCGAGCGAGCGCCGGGGAGGGGGCCGGGAGCGAGGGGCAGCTCGGGAGAGCCGGAGCGGTAGCGGCGGCGGCGGCGGCGGCGGCGAGGCTCGGCGCCCTCTTCCCTGCAAACCATGTTTGCCAAAGGCAAAGGCTCG,6.834825659493467,2.772904538505509
683,ENST00000371279.3,ENSG00000162396.5,PARS2,54756898,54764514,16.572599333974157,2347,3088.88,176.0,1.28373,GCGCGCTGGCCCGGCACGGCGGTGGTCTTGCGGGAGGCGTGGGCTGGGATTGCGGTGCCTGTGCTTCCCGGTGCCAGGGTGTC,12.909723488563916,3.6903861949941406
684,ENST00000371269.7,ENSG00000116133.11,DHCR24,54849633,54887218,182.45130963125456,4250,5758.91,5816.61,22.7558,CCCGGGCTGTGGGCTACAGGCGCAGAGCGGGCCAGGCGCGGAGCTGGCGGCAGTGACAGGAGGCGCGAACCCGCAGCGCTTACCGCGCGGCGCCGCACC,8.017793689136596,3.003205295077994
685,ENST00000371250.3,ENSG00000162407.8,PLPP3,56494747,56645301,30.69985833635935,3292,3644.45,326.414,2.0179,AGTGCAGAAAACAAACCCAGGCGATCACAGCAGCAGCCGCCGCGGCAGCAGCACCAACAGCAGGAGGAGCAGGAGGAGCCGGAGGAGGAGGAGGAGGAGGAGGCAAAGTTAGAGTTGGGGCTGGCGCTCCGGAGTTGCTGGGCTCAGCGCAGCTCCCATTCATTAAGGAACCAGCTGCGGAGGAAGGTGGCCGAGCGCCCGCGCTGCCCACTCGCTCGCTCGCGCACTCAGACGCGCGCCACAACAGCGCGCCCCAAGCTGCGCAGCTCTGCAAAAGTTTCTGCTCGGGATCTGGCTCTCTTCCCCTTGGACTTTAGAACGATTTAGGGTTGACAGAGGAAAGCAGAGGCGCGCAGGAGGAGCAGAAAACACCACCTTCTGCAGTTGGAGGCAGGCAGCCCCGGCTGCACTCTAGCCGCCGCGCCCGGAGCCGGGGCCGACCCGCCACTATCCGCAGCAGCCTCGGCCAGGAGGCGACCCGGGCGCCTGGGTGTGTGGCTGCTGTTGCGGGACGTCTTCGCGGGGCGGGAGGCTCGCGCCGCAGCCAGCGCC,15.213765962812502,3.9273054118793236
686,ENST00000371226.7,ENSG00000162600.11,OMA1,56994778,58546802,21.23515473856401,1935,1394.77,401.372,6.48345,AGCGAAGGGCGCCCCGGCCGGTATGGCGGGCAGGAAGTGCGGGTGCGCGCCTGCGCATAGGTCGGGTCTGCGGTGTCACCGCTTTCGCTTCTGCTTGAGTAGTCAAGTGAAAAA,3.2752862655783583,1.711621006155909
687,ENST00000472487.5,ENSG00000162601.9,MYSM1,58654739,58700092,8.61480287666588,7785,6400.43,719.222,2.53172,GCGGGATCTCTCGGGAGGACGGACGGGGTCAGGTCCCATC,3.4027470955184147,1.7666999289696643
688,ENST00000371222.3,ENSG00000177606.6,JUN,58780788,58784327,504.2211533934682,3540,4527.12,4163.0,20.7179,CGGGGAGGGGACCGGGGAAGAGAGGGCCGAGAGGCGTGCGGCAGGGGGGAGGGTAGGAGAAAGAAGGGCCCGACTGTAGGAGGGCAGCGGAGCATTACCTCATCCCGTGAGCCTCCGCGGGCCCAGAGAAGAATCTTCTAGGGTGGAGTCTCCATGGTGACGGGCGGGCCCGCCCCCCTGAGAGCGACGCGAGCCAATGGGAAGGCCTTGGGGTGACATCATGGGCTATTTTTAGGGGTTGACTGGTAGCAGATAAGTGTTGAGCTCGGGCTGGATAAGGGCTCAGAGTTGCACTGAGTGTGGCTGAAGCAGCGAGGCGGGAGTGGAGGTGCGCGGAGTCAGGCAGACAGACAGACACAGCCAGCCAGCCAGGTCGGCAGTATAGTCCGAACTGCAAATCTTATTTTCTTTTCACCTTCTCTCTAACTGCCCAGAGCTAGCGCCTGTGGCTCCCGGGCTGGTGTTTCGGGAGTGTCCAGAGAGCCTGGTCTCCAGCCGCCCCCGGGAGGAGAGCCCTGCTGCCCAGGCGCTGTTGACAGCGGCGGAAAGCAGCGGTACCCACGCGCCCGCCGGGGGAAGTCGGCGAGCGGCTGCAGCAGCAAAGAACTTTCCCGGCTGGGAGGACCGGAGACAAGTGGCAGAGTCCCGGAGCCAACTTTTGCAAGCCTTTCCTGCGTCTTAGGCTTCTCCACGGCGGTAAAGACCAGAAGGCGGCGGAGAGCCACGCAAGAGAAGAAGGACGTGCGCTCAGCTTCGCTCGCACCGGTTGTTGAACTTGGGCGAGCGCGAGCCGCGGCTGCCGGGCGCCCCCTCCCCCTAGCAGCGGAGGAGGGGACAAGTCGTCGGAGTCCGGGCGGCCAAGACCCGCCGCCGGCCGGCCACTGCAGGGTCCGCACTGATCCGCTCCGCGGGGAGAGCCGCTGCTCTGGGAAGTGAGTTCGCCTGCGGACTCCGAGGAACCGCTGCGCACGAAGAGCGCTCAGTGAGTGACCGCGACTTTTCAAAGCCGGGTAGCGCGCGCGAGTCGACAAGTAAGAGTGCGGGAGGCATCTTAATTAACCCTGCGCTCCCTGGAGCGAGCTGGTGAGGAGGGCGCAGCGGGGACGACAGCCAGCGGGTGCGTGCGCTCTTAGAGAAACTTTCCCTGTCAAAGGCTCCGGGGGGCGCGGGTGTCCCCCGCTTGCCACAGCCCTGTTGCGGCCCCGAAACTTGTGCGCGCAGCCCAAACTAACCTCACGTGAAGTGACGGACTGTTCT,24.33746438555395,4.605106962653793
689,ENST00000496465.1,ENSG00000162604.12,TM2D1,61681046,61725423,11.453687759848387,577,426.373,25.4884,1.34684,GGCGAGAAAGTGTCGGTCTCCAAG,8.504119093469445,3.0881618008147718
690,ENST00000454575.6,ENSG00000116641.17,DOCK7,62454298,62688368,3.616404705681342,6985,6090.03,336.308,1.24417,CCGCAGCAGCC,2.906680522502023,1.5393725114704875
691,ENST00000271002.14,ENSG00000142856.16,ITGB3BP,63440770,63593721,185.58765759640204,948,445.689,607.103,30.6897,GTTTCCTTTGGCGGATTTTCTGTTTTCGGAAGTTGCTGGGTTCGTTTTATTCAGCGGCAGTGGTGCTTTCCCGAATCTCAGA,6.0472294481993,2.596274319769889
693,ENST00000342505.4,ENSG00000162434.11,JAK1,64833229,64966504,26.753386079034733,5047,5085.39,2247.35,9.95654,TGCAGACAGTGCGGGCCTGCGCCCAGTCCCGGCTGTCCTCGCCGCGACCCCTCCTCAGCCCTGGGCGCGCGCACGCTGGGGCCCCGCGGGGCTGGCCGCCTAGCGAGCCTGCCGGTCGACCCCAGCCAGCGCAGCGACGGGGCGCTGCCTGGCCCAGGCGCACACGGAAGTGCGCTTCTCTGAAGTAGCTTTGGAAAGTAGAGAAGAAAATCCAGTTTGCTTCTTGGAGAACACTGGACAGCTGAATAA,2.6870163810957153,1.4260051166073182
694,ENST00000235345.5,ENSG00000116704.7,SLC35D1,66999332,67054099,7.706710427709246,6162,5630.51,450.0,1.80064,CCAACTCCTGGAGTCCCCTGGGAGCTGCCGCTGCAGGCCCCCGAGCCGCTAGGCCCCGCCGCCAGGCCACCGCTGCTGCGGCAGCC,4.279984021075421,2.0976054104679456
695,ENST00000370995.6,ENSG00000142864.14,SERBP1,67407810,67430415,201.95620497875277,3482,2770.26,7730.68,62.8721,ATCTTGTGGGAAGAGCTGAAGCAGGCGCTCTTGGCTCGGCGCGGCCCGCTGCAATCCGTGGAGGAACGCGCCGCCGAGCCACCATC,3.2121752729549793,1.6835506159324378
696,ENST00000370982.3,ENSG00000172380.5,GNG12,67701466,67833467,246.5130694568538,4404,3773.29,2723.99,16.2648,AGCGAGGCGGAGCCGGCGCCCGGAGGAGCAAGAGGAGGAGGAGGAGGAGAGGTCGGAGCCGTCTCCAGGAGCCCTTAGAGACCGAGTCCCGGCGGCGACGGCGGGGCAGCGCACCGGCAGGCGGATTCATTCCACTTAAAACCTGAAAACATTGGACCACACAAAGTCTTACTGATTTCAGGTAAAAACAATAATTGAAG,15.156231214454145,3.9218391489124684
698,ENST00000262348.8,ENSG00000116729.13,WLS,68098473,68233120,148.6798836096858,2748,2907.04,1335.84,10.353,CTTTAAGCGTCCACAGGCGGCGGAGCGGCCACAATCACAGCTCCGGGCATTGGGGGAACCCGAGCCGGCTGCGCCGGGGGAATCCGTGCGGGCGCCTTCCGTCCCGGTCCCATCCTCGCCGCGCTCCAGCACCTCTGAAGTTTTGCAGCGCCCAGAAAGGAGGCGAGGAAGGAGGGAGTGTGTGAGAGGAGGGAGCAAAAAGCTCACCCTAAAACATTTATTTCAAGGAGAAAAGAAAAAGGGGGGGCGCAAAA,14.361043524551897,3.844088679215297
699,ENST00000456315.6,ENSG00000024526.16,DEPDC1,68474152,68497221,53.68886808688268,5331,3572.44,1367.75,8.62592,TGCTATTCAAATCGGCGGCGGGGCCAACGGTTGTGCCGAGACTCGCCACTGCCGCGGCCGCTGGGCCTGAGTGTCGCCTTCGCCGCCATGGACGCCACCGGGCGCTGACAGACCT,6.224132392473229,2.637872747974037
702,ENST00000370952.3,ENSG00000066557.5,LRRC40,70144805,70205620,63.34609570863131,2884,1878.71,1360.0,16.3095,GAAAGGAGCGGGGCATCCCAACGGCGCCACCTTTAAGCGTCACGGGTGGGGCTGCAGCTTCTGGACCTAGGACTTTGAAC,3.8839998595071163,1.9575431485716288
703,ENST00000370944.8,ENSG00000118454.12,ANKRD13C,70260588,70354734,14.485822017042008,4069,3233.8,685.447,4.77555,GAGCAAGAGGAAGATGGCCGTGCCCTGTTTTTCGGTGTAAGGCAGCGACGGCGGCTGCGACGGCGAGACTGAGATCCTGGTGTCGTGGGCACCTGAGTTCTAGCTTCCCCCAGCGAGCGCGCGTCCCTTCGTGCCTAGGCGAGAGCCGGCTCTTCCCCGGGAGATGCGTTTGTCCCAGGCTCGGGGGCTCAGTGGGAGTTCATGCTGCGCTGGAGGCTCTTGGCCACCGCTCTAATCGCCTTGTGCCGCCGCAGCGCCAGCTCCGTCGCCAGCGGTGAGCCTCCCGATTCCCCCCCTTGCCCCTGGCGGCGGCG,3.033330614702392,1.600902751571342
705,ENST00000254821.10,ENSG00000132485.13,ZRANB2,71063291,71081297,107.27536456014556,2821,1971.94,1414.98,16.1665,GCTGGTGGCGTTCAAG,6.635657969266419,2.7302395254197362
706,ENST00000340866.9,ENSG00000116791.13,CRYZ,74705482,74733408,56.02828613211869,1888,1382.97,240.959,3.92547,AGAAGGTGTGGCAGTCCTCATTTCTGTGGAATCTGAAGAAGCCCACGCAGATTTTAATTCCCACTCTAGATTCTGTATCTAGATCACC,14.273013456253313,3.835218057550891
707,ENST00000370859.7,ENSG00000137968.16,SLC44A5,75202131,75611116,4.466276191343415,3896,3007.33,392.236,2.93852,ACAGTAGTGAATCGTAGCATGTTAGAGTTAGAAGGTTCAGTGTTGATGGAGTTATTGAAGAAATGATGGAGTAAGAGACTCTTTTCTAAGCAACTCAAGTTTGCAGTGATTCAGGCCTACTTCTGAAGAGACAGCCTTTTATCTCA,1.5199066847744491,0.6039827515992915
709,ENST00000370812.7,ENSG00000142892.14,PIGK,77088990,77219430,88.53402221569971,4596,3325.78,791.169,5.35967,GCGGGAAGTCTGAAGCCGGTAAAC,16.518558458953574,4.046015886071957
710,ENST00000370801.7,ENSG00000036549.12,ZZZ3,77562416,77683419,24.2093997545612,4328,3685.43,860.43,5.26005,GTTGGCAGAGCAGTTGTCCTGGATGGCGGAGCCTTGGGTTCCGGGGGCCTGGGACCTGCAACTCTTTCTACAAGATATCAAGTTATTCTAGTACAACCATATAAATAAATAATACCTGAAGTCTCAGTGTAACATGGACAATTAACAGTGATGACAGATAAATACAGACGCATGGGGATCAAATACTAGGCAAAACGCTTTTTAAAAGTGTATCAGGCTTTTAAGAAACACTGCAGGATCCTGTCTATCTTAATGCTGATAGAGCTCAGCTAAAAATTTAGGAGGTTCTAGTATTCTTCATGGCTGAAGCTGAGAGAGTCTGAAACCCTGATGCTTAAGCTCCATTCTAGATCATAGCTCCAACTCCTTCAGGATATAAGGAAAAGAGATTATATTTCCACAATGATAGATCTTTGGTTGTACAGGTTTCCCAATGAGTGGATCATGATGACCGTATTGTAGGGACTTGCCATAGT,4.602503731820268,2.2024188913473517
713,ENST00000370793.5,ENSG00000077254.14,USP33,77695987,77759852,41.32011972954543,4502,3423.14,162.324,1.06837,GGAGACACCGGAAGGAGCCGCGGCTGCTGCGGGAAGTGGCCAGTTCAGGAGGCGGACCCCCCGAGGGCAGCGCTGCGGGGCCGTTTTCCGGCCCTCCTGACGCGACACTGCCCCTCTCCGAGAGCTGAGAAGGAAAAGAGGAGCTTGCGGAGGTGCGGCTGCAGGCCGTTGTTGGTCGAGCTGGCGGGTCCCGCGGGCCAGGCCGTGGAGAGCTCCTGAAGGAAGCACTAAACATGGAAAGGAACAACCGGTACCAGCCACTGCAAAAACATGCCAAATTGTAAAGACCATCGATGTTAGGAAGAAACTGCCTCAACTAATGAGCAAAATAACCAGCTAACATCGTA,38.67585174569244,5.273361158914761
716,ENST00000370768.6,ENSG00000162613.16,FUBP1,77944055,77979110,117.53643799907287,2378,2355.22,2184.04,20.8925,ACGGCCGCCATTTTCTTTCTTTCTTAGCTGTTAGCTGAGAGGAAGTCTCTGAACAGGCGGCAGCGGCTCTTATAGTGCAACC,5.625771831952752,2.492051041528282
717,ENST00000260505.12,ENSG00000137941.16,TTLL7,83865028,83999150,5.696476324046377,7976,5918.33,350.329,1.33364,GTTCCAGGCACTCCGCGTCGAGCACCGGAGTCCCGAGCCGTGGCTGCCACGGGCGGTGGGCGGGCGGAGGAGAGCACCGGACCACCAGTGCAGGCTGCCGAGTCGGGGCGGCCGCCCACGGGGAAGCTGCGAGGCGCGGGAGCACCTGGGGGACCGCTTGCAGCGGGGACGCGAGGACCCGGGCTGGGCTTTCCTCACCCGGGTACCTTGTTATCCCATAACTTTGGTATCCTGAAATCTGAGGATTCCACCAAGATAATATGATAAGAACTTTCAGTGATTTGGGGCCATATCCTACTTAGACTAATGTGGAATTTCCAGATTTCCTGAGAGCTTGGTACAGCAGCACACACTGCTTGCTAATCAGCACAGGCAATA,4.271374826824613,2.094700504646789
718,ENST00000370645.8,ENSG00000174021.10,GNG5,84498325,84506565,196.022559356288,790,642.583,1489.48,52.2236,CTTCCCACAAACTGGGAGGAAAACTGAGACCTCCTGGTCACCCGCCGCCGGGCCTTTTAGAAACTCCCACAAGCTCTGCCTTCCCTCCCTGGTCCTCTTCAGACCCCCTCTTAGTTCTTCGCGGCTAACGGCTCGCGCTCGGGGCCGGGTGTGGAGCTGGAACAGAGGGCTGGCAAGGCGCGCATGCGCACCGAGGGTGGAGCCGCTGAGCACAGAACCGGAAACTTAGAGACAAAGTTCGGAGCCCCGCCCCCGCCGCGCGCCGCTGAGTTGTCTGGCCCCGCCGACCCACGGCCCACGACCCACCGACCCACGAATCGGCCCGGCCGTCGCGTGCACC,3.7535244478796566,1.908245879751885
719,ENST00000342203.7,ENSG00000117155.16,SSX2IP,84643707,84690803,36.18583755666727,5835,4025.75,1114.09,6.23499,CCTCGGAAACCTGCGGAGGCCGGGAGGCGGCTGCAAGGGGCGGGGAAGGCGGGAGCCCGCAGCGGAGGAGGGGCCGCGGGCGGGAGGCGCTGCGAGGCGCTGCTGGCCCTCGGGCTGCGGGAGCCGGGCTAGGACGCCGAGCGGTGACTCCCCGCCGCTCCCGGGGGCCGTGACGGAGATGCCTACATAGAAGAGTGACAGCAGCTAGACTAAATGTTTAACTGCTGAACTAGTTCCTCAGGTATCCTGGCTCTAGAGATTGCT,5.80367210800134,2.5369660132841987
720,ENST00000370608.7,ENSG00000153898.12,MCOLN2,84925583,84997113,14.4721559660592,2871,2576.98,179.467,1.56905,GAGTCGGCCGTGAACGGTGTTTCCTGTTCCGAATCCCGAGAGCCCTGGAAAGTTTTGAAGGAGGAGGC,9.223514844051623,3.205316629372096
721,ENST00000370589.6,ENSG00000055732.12,MCOLN3,85018082,85048499,9.619029840018138,2756,2118.1,220.072,2.34089,GCGCCCTCGCCGCGGACACCGGAGCTGCGGCCGCTCCCCGCTGTCCCCCAGAG,4.10913363721411,2.0388342505861137
722,ENST00000471115.5,ENSG00000162642.13,C1orf52,85249953,85259672,52.191019457811,1219,893.35,244.888,6.176,GCAGCCGTC,8.450618435526392,3.0790569249710487
723,ENST00000370580.5,ENSG00000142867.12,BCL10,85266248,85277090,46.74665298694439,2819,2525.66,390.198,3.48074,TTTTTCTTTCAAAAATTTGTTTAGTATTGTAGTTAGGCTGTTTGTGTGTATGCATGTGTATGTGTGTATGAGTGCGTTTGTGTGTGACCAAAACAGTAACTGGCAAACGTAACAACAGGAAATTGTAGGGCAGGGTCTGGGAAAAGGGGAGGAACCCAAGGTACTGACAAGCCCAGACCGGACTCCCCCGAAGTGAGCAGGCAGCAAAGGCTGAGAGTGCCAGCTGCCTGGGCACTGACGGACCCCACCCACGGAAACGATGCCTTATGAGGAAGCTAACCCGGGCCACTTACCGACGACCTGCGCAGGCGTGGCTTGAGGAAACGCCCGCTGTGGGCGGAGCCACCCGAAAGGCTCCGGTCGGGGGCGGGAACAGGATCGGCCCGCGGGCTGGCGTCGATAGGCTGCCGCAGAGACAGGGCGGGCTCTGCTAAGCGACGCGCCTCGCCGTGGGGCGGTGCCTGCGCCTGAGCCTCTACGAGAGGGAAGGAACGCTGCTCCGAGCTCCGCGTCGCGTCGCGTAGATTCGCGTCGCCGTCGACCTCAGAGGCGGGGCCGGAAGCGCTACGGTTTGACCCCCGAGTCCCTCTGTTCCCGAAGGGGCGGCCGTCTTTCTCCCGACCCGCTCCGCCTCCTCTCCTTCTTCCCCATTACCCGGAGGCCGAAGCCCCCAGCCAGGGCGGGGCGGCGCAGCCCGAGCTCCCGGACCCGGAAGAAGCGCCATCTCCCGCCTCCACC,13.430090436787692,3.7473971146390035
724,ENST00000284031.12,ENSG00000153904.18,DDAH1,85318481,85578363,110.16706676297156,3920,3702.29,1174.24,7.14576,AGGAGCCGACGGGCGCTCGCAGGCTCAGCGCGCGCTGCCCGCGGCAGGACCCGGCCGCCTCCGCCGCCGCCGCCGCCCCTAAGCCTCCCGAAGCC,15.417123827692444,3.9464617403897084
725,ENST00000370574.3,ENSG00000117174.10,ZNHIT6,85649423,85708433,56.02660541855164,2797,2373.13,738.623,7.01233,GCTATTCCGGGTTTGTGGCTGCTTGGCTCCACACGTGGGCCGCCGTAGGTATTCCGACCGGTAATTCCTCCTATTGGTGTGCAGCAGCCACATTGAAGGATAGAGTGGCAGCAGAGGCCAAGGATCGTGAGTTG,7.989727439888259,2.9981462881559287
727,ENST00000478286.2,ENSG00000122417.15,ODF2L,86346824,86396342,7.0614920708831255,1650,1225.02,55.4835,1.02043,AGAGAAGCCACTAGCCGGTTACTAGCTGCGCTTTTGTTCCACTTGAGCGGGCACTCTTCTGCGGCAAGCAGGTCTAGGAATTCGCCTGGTTCCCACCTCGCGTCCCTTGCCTTCCTTCCTAGTCTACCCACTGTAGTGCCCCCTGCGTCCCGCTCCCTCCTAGCCGACTCAGAGCACAAGAAGGATTGCCACGGTTTCCATTGCAGCAGCCGTGGCGCCTCTGACCCTTTTTTTATATCGCGGCGACGGCGGGCTGTCGTCACGACGACGTGCGGACGCAGCGGCGGGGGCCTTTCAGCTTATGTGGAGAAGTCGCTGTGAAGCCACCTATAAATCCATTTACTGAATTT,6.920114139022888,2.790795833590943
728,ENST00000401030.4,ENSG00000183291.15,SEP15,86862445,86914424,87.58435143618834,727,354.399,190.108,12.0856,AGAAACCTGCGGAAA,7.24700068148775,2.857384029989682
729,ENST00000370500.9,ENSG00000137947.11,GTF2B,88852932,88891944,94.69489001862762,1351,990.608,794.838,18.0775,ACGACTGCGTGGGTGAGTCGTCTATAAAAACTCATCTCTGCGCGTCTCTTCGCCACATTCGCTTCCTGCTTTCGGTGTGTCTGTTGTGTCTTGTTGCGGGCACCGCAGTCGCCGTGAAG,5.2382735454917775,2.389091399974885
730,ENST00000321792.5,ENSG00000213516.9,RBMXL1,88935773,88992960,12.01859360316528,4799,4299.56,524.527,2.74857,CACCCCTCATCCAGTCTCTTCCAGCCTAGAGATCCTGGCCTACCCCTCCGCCAAAGCGCGCACTGAGTGCAAACCCCAGAGTCAATCCCTGTCCCGGCTCCGCCCCCCGCGTCCGAATCCCGCCCAGCCGGGCCCTCAAGCCCAGTCGGGACTCGAGCCTAGGGAGGCGAGGTTCCCGCACCGGATAGGAACATTCTGTTGTTTTCCTCTGCCATCTAGTGGCAAAAGAAAGTAATTTTCCTGGTTTTTTGAATGGATAGCCATACCTTAAAAAGCATCCAGATTGCGCAGTAGTGCTAGCGGCTTCGCGGTTCAGTCCTCCTAACTGACAGCCGCCACTGGTGCTGAGCTGCTAGGAAGCCCCTGTCGGCGAGCTTGTTGGAGCTTGAACCCACTGTCACCCCTCCGACTCACCGGCAAAAAAAAAA,4.372671463039064,2.128514956823
731,ENST00000370445.4,ENSG00000143032.7,BARHL2,90711539,90717237,5.703455901842125,1979,2474.86,182.0,1.65685,GGCGGCTGCTGAACGGCGGAGTGGCGTGGACCTCATGTAGCA,3.442348976577316,1.78339336154329
732,ENST00000370440.5,ENSG00000122482.20,ZNF644,90915298,91022272,20.240543404884697,5702,4276.15,843.796,4.44576,GCAATGCACTGAGTAACGGGGCGGGCCGAGAGCAGTCACCAACCCCTCTCGTTGAGGCTGCTCGGTTGTGGCCAGAAACGCTGGCTCTGGCATTAACTGTCTACACCCCTCCCCTTACTTGGGACAGGACCGCATAGCCCTCCCCTCCCCCCGTCCTGCAAGATCTTATGCGGCTAGGTGCCTGGGAAGTAACAGCAAGAGGTTTGATTTAATTTTGG,4.552774644804195,2.186746049985329
733,ENST00000212355.8,ENSG00000069702.10,TGFBR3,91680343,91906335,11.61769187470665,6465,6612.03,344.21,1.17287,GAGAGCCCCCGGTGGGGCCGGCGGAGGAGCGCCCTTCCCCCCGCGCGCTGATTGCTGTGGCGTCCTGCCCGTCCCCGCCCGCGTGTGTGCGAGGGAGGGCGAGTGCGCCGGGTCGGCCTGATGGGGGTAATCGAGGGTTTCGGGGACGCCGAGCGGCACTTTCCTCTTCCCAGCGAGTGAAGGAGGGCAGTCGGCGGCTCTCGCGCCCCGGCCACTTTCCCTGCGCGATTCCCGGAGCTCCCTGCAGGAGGTGAGAGTCCCCAGCGGGTCCGGATGGCGTAGTTTTGCCGCGGCGCAGCAGCTGCCGGAGCTCGCCGCCGCCGAGCGCTGGGCGGGGAAACTTGCCGCCGCTTTCCTCCAACTTGCTGCGGGTGGATCTCCGCTGGACACACCGCCTCCGAGGCAGTTTGAAAATTGCAAGGAGGGACTTTAAGACTACTTCTGATTTGCAAAGATTGTCTGTGCTCTGAGCAGGCTGAAGTGACTGGACGAGACGCACTGTTGGAGAAATAAAA,9.905353427666025,3.3082084520702844
734,ENST00000370360.7,ENSG00000174842.16,GLMN,92246402,92298987,37.8396937865069,1995,1327.92,402.741,6.83305,CTAAGACGCCGGAGGAGGTGGCGGCGGCTGGGAGAGGCGAGGGTTCTGGCCGATTTTAGCATCGAAACTAGGAGAAATAAGA,5.537745777728379,2.4692988251694516
735,ENST00000540033.2,ENSG00000067208.14,EVI5,92508696,92792404,4.939560747442831,7436,5907.42,317.299,1.21013,TCTGCTTATC,4.081843064334271,2.029220715771157
736,ENST00000370310.4,ENSG00000154511.11,FAM69A,92832737,92961522,18.529494746225936,2574,1894.67,272.851,3.24455,GGCGGGGAGCCCGGCCGCCAGCGCTCGGGTCCGCCTCTGACTGCAGCGCGGCGGGGCGATGTGTGATTACC,5.710959839184459,2.5137332392583924
738,ENST00000370282.7,ENSG00000117500.12,TMED5,93149742,93180728,202.2301084456329,6104,4883.82,1010.97,4.6638,GAACCGCCGCGGGAGCCGTTGGGACGCGCCTACCCGGTCACTGCCCCGCCCCGGCGCAGACTGCGTGAGGCGCCGCCGAAGGCGCGGGGCTTGCCGGGGATCGTGGTCGGCGAGCGCGCCCGAGCCCACTAGCGGAGCCCGCCCGGGACTACATTTCCCACAATTACCGCCATGATGCCCATTGGTGGGGGAAGCCATGGGAACCGGAGGCCGTCAGGGGGAGAGGCGGGCGGCGCTCACGCCTGGCCTGAGGGGGCCGAGACTGAGGCGGTTGCGGAATAGGACTGCTAGCCCCGCCCAGAGTCCCTACCCTTTGGAGAACTGCGCTTCTCTTTCGGAGGGAGTGTTCGCCGCCGCCGCGGCCGCCACCTGGAGTTTCTTCAGACTCCAGATTTCCCTGTCAACCACGAGGAGTCCAGAGAGGAAACGCGGAGCGGAGACAACAGTACCTGACGCCTCTTTCAGCCCGGGATCGCCCCAGCAGGG,43.361659686443005,5.438348072418086
739,ENST00000436063.6,ENSG00000067334.13,DNTTIP2,93866283,93879918,52.566486442757416,5897,5307.25,862.889,3.66309,GCATTTCCGGAGCGCCAGGGAAGAGGGAAGTCGTGGTGGTCGCGAGGGAGCCGGAAAG,14.350312562005689,3.8430102552548555
740,ENST00000370238.7,ENSG00000023909.9,GCLM,93885205,93909456,128.49490971702193,4857,3671.51,644.921,3.95753,GCTGCGGCCGCAGTAGCCGGAGCCGGAGCCGCAGCCACCGGTGCCTTCCTTTCCCGCCGCCGCCCAGCCGCCGTCCGGCCTCCCTCGGGCCCGAGCGCAGACCAGGCTCCAGCCGCGCGGCGCCGGCAGCCTCGCGCTCCCTCTCGGGTCTCTCTCGGGCCTCGGGCACCGCGTCCTGTGGGGCGGCCGCCTGCCTGCCCGCCCGCCCGCAGCCCCTTCGCTGCGCGGCCCCTGGGCGGCCGCTGCC,32.468461317291826,5.020967111709972
741,ENST00000260526.10,ENSG00000137962.12,ARHGAP29,94148988,94275068,9.914090610011936,6087,4773.8,652.07,3.07746,GCTGTGGCTGCGGCTGCGGCTGCGGCTGAGATTTGGCCGGGCGTCCGCAGGCCGTGGGGGATGGGGGCAGCGAGCTCCAGCCCTCGGCGGTGGCGGCGGCCGTAGGTGTGGGGCGGGCGTCCGCGTCCGGCACGCGAGATGGAGCGCCGTGGATTTCAGTTTTTCTGACTGTTACATGAAAGG,3.221517293486166,1.6877403393378838
742,ENST00000370206.8,ENSG00000117519.15,CNN3,94896949,94927278,298.78167977479615,2165,1930.1,2545.7,29.716,CGGGAGGGAAAGCGGCCCCCGCGGCCCTTCAATTGGCCGCACCGCCCCTCGGCGCAGAGGCGGGAGGAGGCGGCCCTCCATTGGTCGGGCCCGGCGGCCAATCCTCGAAGGCCCAGGCGGAGGCGGGGGCGGCCTGTGGGGAACCGAGGTGCGGGCGGCGAGCGAGGCAGCCGGGTGCTTCGCAGCGGAGCTCGAGGCTCTGTAGCACCCAGTTGGACCCAGTCGCCCAGGCACCGCCCGCGCCCCGCGGCCGTCTCCTGCGCCTCCCAGAGGAGGGAGTTCGAGCATCCCCCGCGGCGGCCACTCCTCGGGGCCAGGAGCGGGGAAGCGAAGTGCGAGAGACCCCGGACCCCAGCGCTGTCTCTTCCCGCCGCCCGAACCACC,10.054572613231798,3.329779853619099
743,ENST00000287482.5,ENSG00000156876.9,SASS6,100057990,100132955,34.835071918666,3880,2499.31,1291.17,11.6393,CCCCTCGTTTCTCCCTCCCCGCCTCCTCCGCAGAAGCCGAGCGCCAAACTCAAACTTTATCAGGACCCGGACCTCTCAGGCTAATCCCGAGGGCCGGGCCTGTTGGGCTTTTCTGCACACCAGCCGAGGCAGCGAGCCAAC,2.992883757499678,1.5815362461813316
744,ENST00000370132.8,ENSG00000137992.14,DBT,100186919,100249834,24.572044290443426,10799,9628.46,755.788,1.7685,ATTTCCGGGGTAAG,13.89428571695981,3.79641976468403
745,ENST00000370113.7,ENSG00000162694.13,EXTL2,100872372,100895998,40.88749207894031,2835,2116.52,219.518,2.33674,CACTTTGCGGGCGGCACTTTTTCCAGGTTGTTAATCCAGCTAATGGAGAAGGATAGATGCACGCTACTTGGTTTAGAAAAAAAAACAAAAATGAGCAAACGAGACGCCCCTTCCGTTTTATGATAACTAAGCTGCAGGGAAATAAATCGGCTGGCCCTACTGCAATCTACTGCACTCGAGAAACATCACAGAAAATTCTTTGATTTATCTTAATAGTGACAAGTGAGCCTGCTTCTGTCAATTACTGAAGCTATAAGGAGATTTTTTAAAAATTAAACTTCAACACA,17.497664301094822,4.129090449737994
746,ENST00000370109.7,ENSG00000117543.20,DPH5,100989623,101026088,43.83956374706533,1316,1032.78,337.952,7.37239,CGGAGCCGGCGCTTTTGCAGTTGCTTCTGCGGAAAGGTGGTAGTTAAGAATTTGTAAAGGCCAGAGAACTACCTACGATTCTCTCAGCGGTCTCTCTTCTCCTCAAGTTTGAA,5.946452066028157,2.5720291451536568
747,ENST00000565488.5,ENSG00000085491.15,SLC25A24,108134036,108200849,36.13234506020857,4271,3391.48,173.033,1.14948,AGCGGCGGGACGGCCACACCCTGCGCTCCGCGCGGGCTCGGGTGGGGTCTCCGCTCCTGCGCCCTGCGCCCTGCGCGCCGCAGCCGCAACCCCGACGGCGCCCCAAACGCTGTTGCGCCGCGCGCCCCGCCCAGCCCGGCCTCGCGCTGGTCCCGGTCTCGCCCCGCAGCCCTCGATCTCCCGTGACTTCCTCGGCCAGGCCGCCTGCGCCTCTGGGACC,31.433643960928915,4.974237621864376
748,ENST00000356970.6,ENSG00000121940.15,CLCC1,108815898,108963484,52.05002495074316,4803,4491.43,595.18,2.98556,GCACGCTGAAACCCTGGGCGGCGGCAAGCTGTGCGACCTCTTCTGCGGCCGGCCTGGGCAGGTGTCTTCCTCGAGAGGCAGGCAGGGGATCCCGGACCCTTATACAGG,17.433923602521187,4.1238253875225785
751,ENST00000369962.7,ENSG00000085433.15,WDR47,108970214,109042113,8.366347378529827,4199,3652.11,288.436,1.77937,GTCGCTGGGCCGGGAGGGGCGGACGTGAGAAGGACGGATTGACGAACTGATGGATTGACGCGCGGGCGGTAGGAGGGAGGACCGACGCCAAACCCAGACCGCCGCCGTCGTGCTCCTGCCGCAGCCCGGAGCCGGCCGCTTCGGGGCCCTGGCCGCCGGCCTCCCAGCCGCGTTCTCCTCCGCCGCTCCTCCGGGCTTGCCCTGGAGCCCTCAGGCTATCAAT,4.701859297689535,2.233231367242158
752,ENST00000338366.5,ENSG00000197780.9,TAF13,109062486,109076002,62.9424463412054,813,456.126,168.834,8.33943,GTGTAACCAGCTGGGAGCCAGCCGGCAGGACGCTGTGAGTTGGCGTGCTAGTGGG,7.5475717574468995,2.9160125680185516
754,ENST00000256637.7,ENSG00000134243.11,SORT1,109309568,109397951,44.45431903769798,7028,7578.79,1517.02,4.50975,GGCGGGGGTGGGCGGGCGCGCCGGGCGGCAGGTGTCGGCGTCGGCGGCATTCGGCGGCG,9.857379907466706,3.3012042290756614
755,ENST00000271308.8,ENSG00000143106.12,PSMA5,109399031,109426427,514.1512689621081,3729,2974.2,237.215,1.79694,CTGCCTCCTCCTACCCTCGCC,286.1260080815765,8.160506830480035
756,ENST00000256644.8,ENSG00000134248.13,LAMTOR5,110401249,110407942,223.354838404352,868,685.855,32.5903,1.07058,GCCACGAACTGAAGCACTGAGGCCCGGCTGCAGACCTCTCCCGAGAGGGGAATAATCCGTGCCGGCCGGTTCCGCC,208.62975060654222,7.704801090643453
757,ENST00000369763.4,ENSG00000121931.15,LRIF1,110947185,110964079,35.20467448945592,3475,2823.73,639.557,5.10292,AGACTGACGCAGTCTTCAGCACTGACCAGGCTCTGTTGGGGGTGGTGCCACCAAGGCCACGCCCCCTGCGCCTGCTCCGGCGGAGTCTGGAGAGTTGTCGTAGGCTCTGAGGGCGGAGACTCACGCCGATTCTCTCTCAGCGTAGGGCTGTGAGGGCGCAGTCCACCGCCAGGAGCCTTCCGGTTTCTGCGCGGTGCGCGACCTCGTCCCGAAGCCTGGGGATACACCCTCTCGAGAGCCCGCTGTCGCCCTCCGTTAAGGTCGAACCCCTCACAGTTGCTGTGGGCAACTCCAGCCCAACATTCCCTCGCTCTGGTTCTCGCCCCATTGGGAAACTCGGCCCCACGCTTCCCACTTTTCTGGATGAGGTGTCCCCTTTCTCCCCACTAAA,6.898927376767795,2.78637207370105
758,ENST00000286692.8,ENSG00000156171.14,DRAM2,111117333,111140216,32.30927127547872,2246,2010.06,116.984,1.31123,AAGGTAAGTCGAAGTAGGGGAGAAGGGACAGGCCCCAGCGCTTGCAGCCCGCTCCCTCTAGAAGGGTGCGTCAGAGGGTGGGATCTGGCAGCTCGGGGAAGTGGGCGCAGCCTGGAGCCCCCTTACCCGCGTCGCAGGCGCGCGAGACTCCTGCTGGCCCTCATTGCCTCCGGGGGCTACCTTATGCCAGGCGCCAGAGGGGGGCTGGTTGGGGCGGGAGCTGCGGGGGTTTCCGGGGGCGGGGATGAGTGCAGCTGGGCTCAGCTCCCCGTGCCCTACCTTTCTGTTCTCTTCCTTGGTTTCCCCTACTCTCCTCCTGCCCCAAGCAGTGCCTGATGCCGAGTTCCGTCTCTCGCGTCTTTTCCTGGTCCCAGGCAAAGCGGAGCGGAGATCCTCAAACGGCCTAGTGCTTCGCGCTTCCGGAGAAAATCAGCGGTCTAATTAATTCCTCTGGTTTGTTGAAGCAGTTACCAAGAATCTTCAACCCTTTCCCACAAAAGCTAATTGAGTACACGTTCCTGTTGAGTACACGTTCCTGTTGATTTACAAAAGGTGCAGGTATGAGCAGGTCTGAAGACTAACATTTTGTGAAGTTGTAAAACAGAAAACCTGTTAGAA,24.640430188051464,4.622955538612985
759,ENST00000235090.9,ENSG00000116455.13,WDR77,111438638,111449376,211.6475144535275,2576,2876.35,1572.35,12.3159,AGTCAAGTAACGCTGAGAGCCTATCGCATGAGGGCGACAGCCGGAAAGCAGGATGGAGCCATAGAAGCAATTCTCGCGAGAAGTAGAGTTGCGGTTCCCTCGGGAGAGGGGCGGAGGCTCAGAGGTGCACCACGTGGGGTTTGCTGCCGGAGCGGAGTCTCCGGCCGGCGTCCAGTTTGAGTCTAGGTTGGAGTTGGAACCGTGGAG,17.18490036891559,4.103069582460938
760,ENST00000339083.11,ENSG00000155366.16,RHOC,112701106,112715477,66.46157735409955,1418,1880.74,104.319,1.24968,ATTGAAGGCTGGGCAGAGTCTGAGTCCACCCGGGTCGTGCTCCCCCCGCTCGCCCGGCTCCTCCGCAGTCCAGGAATCTCCCCGTGGCTCTCCCCGACCTGGAGGGGTGGACGCCCCTGGCCCCCAGTCCCCGGCCTGCGGAGGGGGCCGGTGGCTGCGGCCCTGCGCGGGGCCGGGGCGGGCCGAGCCAAGGGCCGCCCCCGGCCGACCCTCCCCCTGCCGGGCCCGCCCTCCCCGCCGCGGCGCTGGAGGAGGGCGGGGCGGGGCCCTGGGGTCAGTCTGAGCCTCCGGCACCGGCCGCGCAGCTGGAGGCGGCGGAGCGGAAGCCTTGACTTCATCTCAGCTCCAGAGCCCGCCCTCTCTTCCTGCAGCCTGGGAACTTCAGCCGGCTGGAGCCCCACC,53.18287669971477,5.732889910596801
761,ENST00000369626.7,ENSG00000155380.11,SLC16A1,112911847,112957013,429.60987306127697,3910,3460.59,4657.34,30.3214,AGAGGGCGCGCGCGGCTGAAAGCGTGTGGAGGCGCGGGCTGCAGTTCGGATGTCTGTGTGGCGGGGAGGGGGCGGCGGCCGGGAGAGACGACTCCGCCCCCTGCGCGCATGCTCCGGCCCCGGCGGGTTATAAGGCAGCCTCGCTGGCCCGGCCAGACAAAGTGGTGAGCTGCGACGTGACTGGCTAGCTGCGTGGGTACTGGAACAAGCAAACGAGGCAGCGAGCGAAGGACGGGAGCCGGACCCTGGGCCCCGTGGAACTCCAGCCTGCGCCACCACGTCACGCACACGCTCGGCGCTGCGATCCGCGCATATAACGATATTTGGATTTGACCTGCATTTTGGAATTTATCTACACTTAAA,14.168536843987315,3.8246188766497617
762,ENST00000358465.6,ENSG00000197323.11,TRIM33,114392777,114511160,18.51497991631792,8339,6933.58,1425.31,4.63142,CTGCGGCTGGGGCTGGGGGCGGCGGCGGCGGCGACGCGGGCGGCGGGCGGCGCGGGGCGGTCCGGCGGGTTCAAAGAGGAAAAC,3.99768967537341,1.9991664857953662
764,ENST00000369541.3,ENSG00000116752.5,BCAS2,114567557,114581639,129.6975507954137,1299,824.415,1346.52,36.7984,TGAGTTTACGCAGACGCAGAAAACGCAGGCAAACCTGAGGTCCTCAGA,3.5245432082757318,1.8174362918778368
766,ENST00000369535.4,ENSG00000213281.4,NRAS,114704469,114716894,113.71862361200908,4449,3406.18,2665.44,17.6305,GAAACGTCCCGTGTGGGAGGGGCGGGTCTGGGTGCGGCCTGCCGCATGACTCGTGGTTCGGAGGCCCACGTGGCCGGGGCGGGGACTCAGGCGCCTGGGGCGCCGACTGATTACGTAGCGGGCGGGGCCGGAAGTGCCGCTCCTTGGTGGGGGCTGTTCATGGCGGTTCCGGGGTCTCCAACATTTTTCCCGGCTGTGGTCCTAAATCTGTCCAAAGCAGAGGCAGTGGAGCTTGAGGTTCTTGCTGGTGTGAA,6.450107689062084,2.6893232475403686
767,ENST00000339438.10,ENSG00000009307.15,CSDE1,114716913,114758676,477.79938825976495,4006,3572.96,7860.24,49.5644,CTACGTACCGGGCCGTGCTGCTTATGGCGGCGCTGGAGAGGGGGCGCTGAGCTGTTGGGTATGAAGTGTAACAGAACAGACTTTACCACCTGAAACTGCTGCTTCAAGTTCAGATCAGGCAAGGAACAAACCTCGTAACAACTAACAAGACCAAAGAAGAGTACACTTAAGTTGAAGACACAACACTTGATCTGAAACAAGAAGTTTGTGCCTACTCAACAGCTTTGAAAGAGCACTTCCCAACGCTGCTAGTAGTCTTTGTTTTCTTCAGTGCTGTACTGTGAGATTGCCCGGTACAGCAGCAGTTGTATTCTTTATTAGCTTGGTAGATCATTTTCTCTCGCTCTTTTTTTTAATACTAGCAACTTTCATCCTTTGAAACGTGTGCTGAAAAAGAAGAATCAGCAAATACTACTGAAAGTGCAATATTTGAGTATCACTGCGAG,9.639971194239514,3.2690288354604347
771,ENST00000060969.5,ENSG00000052723.11,SIKE1,114769479,114780685,24.776318604919567,2190,1474.03,134.605,2.05739,GACAGACTCCCAGAAGATCTGAGCGAGTCGCGTAGCTGAGCCCGGCAGGGGCTGGGGTGGTGCTGCTGCT,12.042596982059585,3.590074637244723
772,ENST00000369489.9,ENSG00000116815.15,CD58,116514535,116571039,26.31682479625075,1098,708.623,161.348,5.12992,GTAGGCGGTGCTTGAACTTAGGGCTGCTTGTGGCTGGGCACTCGCGCAGAGGCCGGCCCGACGAGCC,5.130065341418725,2.358977201493229
775,ENST00000369486.7,ENSG00000143061.17,IGSF3,116574399,116667755,2.5581062249951656,7254,9283.08,458.655,1.11316,GGGGACTCGGGAGGGGCCGCAGCGCGGCTGCTGGTGCCGTTGCGGGAGAAGAGGAAGCGGCGCGTCCCCTGAGGCGTGCGCCTGGATGGACTGAAGGACGGTCCGACGCGCGCGGAGGGAGAGGGCCAGGGGCGAGAAATCTGCTCGCGCTGGGGTACCGCTTCAGGGCTGCCGAACGCCAACTTGCTTCGTGTGCCCTAGGCAGGCGTGGGGCAGGTGGCGCCTCCGTGACCTACCACCATGGATGGAAACGGACTTTTTGGTGAAGAAACCCAAACGGTTGATGCCAGGCAGGGTGATTTGGCCGTCAAAGGTTTTGACGAAACCTGCCCTGTTCTCTCTGGGGAATCCGAATGAGGGAGATCACAGACACCTTCACTGAGAAGCCAAGGACATTTCTGTATAATCAGTGGATGAAAGGATTTTCTCAGACCCTTTTTTCCGTGCTTCTGGAGGATTAATCCACTACAGTCTGCAATTTCAGTGGAAACTGCAAGGCACACGATGTGGCAGGAGCCGGGAGCGACTTCCGAATTGTTGTGGACCCTTCCTGTAGCATAGGGGAGTTTTCACACTTGCCTCCACTCCTCCCCTTCCCCCCAACTCCCTCCTTCTGATCTCTTCTTTTTAATCTGTTCCCATTTTCCGAGTTAAGTTCTATTTCCAAAACTGTTCTCTGGAGCTATAAGTGGATTGCCAGAAATGAGAGATTAGGAGCTGGGAGAAGAGGAAGCGCCTTGTGTTGTGTCTCCTGGAGGCTGCCGAC,2.2980579835739388,1.20041519988099
777,ENST00000369443.9,ENSG00000196505.10,GDAP2,117863485,117929630,29.772987788553287,8828,7616.45,605.692,1.79168,AGGAGCGGAAGCCGGTGTTTCGCAGCCCAGAGCATTTGCAGCTGGTCACTCCAGTCTCCTGGGACTTTGACTCGCCGTACTCGGCGCGCTCCTGCTGAGGGTCGCCGGAGATGTCGCTCGGCCGCCTTCTACCAGGAGCCTGATCCGTGCCGCCCGCCGCCCGGATGGGACCACCAGAGTGCTCTAAAGTCTCCAGTGAATATTGAATTGCTGAGGATTTTGGGAAAAGACAAATCAAAGTTCCCATTCC,16.6173578923431,4.054619111253945
781,ENST00000235521.4,ENSG00000116874.11,WARS2,119031216,119140671,25.562114118176503,2800,2534.44,367.199,3.26423,AAACAAGACGGCTCCGCCCTTCTCAAG,7.8309782454595736,2.9691925401752233
782,ENST00000421812.2,ENSG00000143067.4,ZNF697,119619422,119647773,8.994926115525868,5041,5812.32,445.0,1.72493,ACCGTCCCGCCGACCACCGAAGGGGGCATCAGAGACCCTCGGAGAAACCAAGCCCAGGGAGGAGCTTGGAAGGCAAGGAGAAGGGATTCCTGGTCACCTCCCTTGCTCTTTTCTTCCTGG,5.214661531497433,2.382573614647803
783,ENST00000256646.6,ENSG00000134250.18,NOTCH2,119911553,120069626,31.57075146094713,11389,13815.6,3689.28,6.01634,AAACTTCGGGCGGCGGCTGAGGCGGCGGCCGAGGAGCGGCGGACTCGGGGCGCGGGGAGTCGAGGCATTTGCGCCTGGGCTTCGGAGCGTAGCGCCAGGGCCTGAGCCTTTGAAGCAGGAGGAGGGGAGGAGAGAGTGGGGCTCCTCTATCGGGACCCCCTCCCCATGTGGATCTGCCCAGGCGGCGGCGGCGGCGGCGGAGGAGGAGGCGACCGAGAAG,5.247501215181844,2.391630595607304
784,ENST00000578049.3,ENSG00000265808.3,SEC22B,120150898,120176515,57.25215843554707,6922,5291.15,1681.4,7.1595,AGCGGGAAGCGGAGACGCAAGCAGCTGGATCTCCGGTAACTGAGACATAGGGTATAACTGTTGTCGCGGCGGAGGAAGTGAGGACGGCGCCAAGGGCCTTCCGGGCCAGTGTTGGATCCCTGTAGTTTGTGAAG,7.996669940016351,2.9993993423491654
785,ENST00000582693.4,ENSG00000265491.4,RNF115,145738868,145824077,31.67060878027826,9117,9071.53,765.592,1.90142,TCTTTGGTGCTGGGAGGCGGGCCGCAGGGTAGCTGTTGGCGCCGCCGCGTTTCTGGGCCTGGCCAACTCACGTGACCGACGCGGGCTCTGAAGCGGTGGGCCGCACCGAGGCGGCGGCGGCGGCGACGACTGCAGCTCGGGAGGTAGCGGCCTGGCGAGGGACGGGCCGGCTGCCCTCTCGGACGGCCGCGGCGGAGGGCAAAA,16.65629307584766,4.057995453804966
786,ENST00000393045.6,ENSG00000131788.15,PIAS3,145848522,145859836,10.806197744289848,2901,3679.89,350.566,2.14634,GCATTTGCGGCCGGCGCCAGGGTGGAGAGTTGTGCGCCGGTCCCTGGGCCTGAGCTCCGGCTCCGGCTGGGGCGCCTGCGATGTCTCAAG,5.034709199982225,2.331908451944216
787,ENST00000369306.7,ENSG00000131779.10,PEX11B,145911350,145927678,43.77533910347523,1740,1625.53,147.087,2.03864,TTCGCGTCCTGAAATTCCGCTTCCAGGGCCAAGCTTTCTTTTCTGATACTGTTTGTCCCTCGCGAGGCACCGTTGGGTCGCGCAGTAGGCGTGACTAGGGGCGGGAAGTGGGGCGGGAGCAGGGCCGCGGAGCCTGGGCTGCGGCTGTC,21.47281477037399,4.424439414593082
789,ENST00000369307.4,ENSG00000265241.6,RBM8A,145911350,145927678,28.858285722953266,796,723.723,275.61,8.57995,GAGCGGCACAGACGAGATCTCGATCGAAGGCGAG,3.3634561650071695,1.7499444560468147
790,ENST00000604000.3,ENSG00000271601.3,LIX1L,145933423,145958001,36.3867840909376,3975,4184.79,633.347,3.40981,GCTGACTGGGGTGGTTGGGACCGTTAGCTCGGCAGGCTGGCAGGCTCCGGGGCGCTACTCCATTGGCGGCCGGG,10.671205753674723,3.415651292283738
791,ENST00000582401.5,ENSG00000265972.5,TXNIP,145992435,145996600,12.20164573879726,2926,2958.63,219.894,1.6745,GACGTTTCCGCCTCCTGCTTGAAACTAACCCCTCTTTTTCTCCAAAGGAGTGCTTGTGGAGATCGGATCTTTTCTCCAGCAATTGGGGGAAAGAAGGCTTTTTCTCTGAATTAGCTTAGTGTAACCAGCGGCGTATATTTTTTAGGCGCCTTTTCGAAAACCTAGTAGTTAATATTCATTTGTTTAAATCTTATTTTATTTTTAAGCTCAAACTGCTTAAGAATACCTTAATTCCTTAAAGTGAAATAATTTTTTGCAAAGGGGTTTCCTCGATTTGGAGCTTTTTTTTTCTTCCACCGTCATTTCTAACTCTTAAAACCAACTCAGTTCCATC,7.286739766376387,2.8652734681942835
792,ENST00000254101.3,ENSG00000131791.7,PRKAB2,147155106,147172550,22.457594053883604,5417,5154.1,725.689,3.17219,AATCGCTGGTCGCCAGCGAGGGGTGCGGCTTCAATTTCAATAACTTTATTGGTGGCCTGATCTGCAGAACAGCCATCACATCAGTGGCCCTTGGAGGAGGGAGCGCATCGCCCGAGGTGGTCCCCGACGAGCTGCAGCC,7.0795236268582915,2.82365228625585
793,ENST00000583509.6,ENSG00000162836.11,ACP6,147629652,147670496,20.9434724453553,6923,7251.47,381.398,1.18499,GGAGGTGGGTAGGAGCTTGCTTATAGAAAAGTGGAATCGAGTAGTCCTTGCTGGTGGAGCCGCTGCCGCCAGGGAACTCAGGGCCGGCTCCTGTTCCTTCAAGAGTGCTGGAGGCCAAACTTGAAATACAAGTTTAATGTTCCTCGTCGGGCAAAAGATAAGGATCCGATCTCCCCCGGCCCGGTGTGCAGCAGGAGCGACCAACCCCGACCCGGGTTAAAACTCCCAGGGACTCTTCGCTGCTGCCACCTCTTGTTCTCTCCCCCGTTCCCACTCGGGGTCTCCCTCAGGGCCGGGAGGCACAGCGGTCCCTGCTTGCTGAAGGGCTGGATGTACGCATCCGCAGGTTCCCGCGGACTTGGGGGCGCCCGCTGAGCCCCGGCGCCCGCAGAAGACTTGTGTTTGCCTCCTGCAGCCTCAACCCGGAGGGCAGCGAGGGCCTACCACC,17.6739655569712,4.143553872609394
795,ENST00000369155.3,ENSG00000184678.10,HIST2H2BE,149884459,149886652,1493.685803171598,2194,2175.7,1461.13,15.1304,CTGTGTCTTACC,98.72084037246854,6.625282770533856
796,ENST00000369146.7,ENSG00000159164.9,SV2A,149903318,149917882,26.08783809165873,4416,6288.3,885.604,3.17298,AGGCGGGGCTGGAGTGGTGGAAGGGGGGTGGCAGGTCTGCATTGCCGCTTCCCTGGTGCCGGGAGCAGTCGCCGCTGCCGCCTCCGCCCGCGGCCGGGACCCCCGTCCTCGCCCGGGACTCCTTACCCGGGGAACCTAGACCAGGTCTCCAGAGGCTTGTGGAAGAGAAGCAGGCGACCCTTCCTGAGTTATCCTGGCTTAGCCTCCCAATCTGGCTCCCCTTCCCCTTCCCATTCCCCTGCTCCCCCTGTCCCTTCCCCATCCACCCAACTGAACTGGGTATAGGTCAAAGCTCCTCTCCTTCCTTTTCCTTCCTAGGCACTCATTGGCTAGGACCTGTTTGCTCTTTTTTTTGTGCCCAGAGATACTGGAACACGCTTCATCTAAGTAACTGTGGGGAGGGGTCTTTTTGACTCTACAAGTCCTTGAGCAAAAAGCTGAAAAAGAAGCAGGAGGTGGAGAAGACCCAGTGAAGTGCCCCAAGCCCCATC,8.221872842456849,3.0394670596936892
797,ENST00000271628.8,ENSG00000143368.9,SF3B4,149923317,149928344,75.49406910022618,2085,2652.0,1937.62,16.461,ATGCAATTAGGACGAGGTGAGCGCAGACGTCACTCTAAGCTCAGACATTTCGCAGTCTCCTCCCCTGAGGGAAAACCAAATACCTCCAGCCCAAATCAGGGTTGTGAGGCCAAATCTGCAAGAAGGCTGCAGGCGAGAGGGAAGGCTCCCTCTGCGCCTGAAAGCCCCCAAGTCCTCGGGTTGGGGGGAACTCTTCAGCACATCCTTCTCTGGACAACAGAAGAAGAATCACTGTCCACAAAATATATTAAAACTGAAATTTTTGTTCTTTTAGCTTTCGAATTTACACTTTTGAGAGCAGTGTGATTCTTTCAAGTCTAGCAGTGCATTAAGAGGGCCTGAGCGTTTCCGTTCCGCCCTCCTCGCTAAGACAACTAGCAGCGGCACCTCAGGACGCGAGCCGAGGACTCTACCGCCCGACCCAGGTTAAGTTTCGGAGGCTCCTAAGATGGCTGCAGCCGCTTCCAGGCACCTCCTCTTCCGCGGCCCCGCCCACCGCTACGTCCGTCTTCGCCCCGGAAGTGGAAGTCGTGCTGAGGTCAGAAGGCGGAACCGCTGCTGGGAGACGGCGGGATCTCTTTCGCC,4.586238326968361,2.19731132748771
798,ENST00000581312.5,ENSG00000264522.5,OTUD7B,149937812,150010676,8.225827081429662,8872,10522.0,654.079,1.40054,GGGCAAAAAGCCACTGGGGGAGGCCAGTCCCGATCAGTCCTTTCTGGCTCCAGCTCCAGATCCCGTGCGGAGCAACAGCTGCGGTCGCAGTCTCCACCACCGCCTCCACCTCCATCGCCGTCGGGGGAGGGGCCGGCCGGACCCCGGGGTCACTGCCGAGGAATGAAGAGAGGCGGCCGGGCCCCGCGCTCCGCCCCGGCCTAGGGCCTTGCCCCGGGAGCCCGCGAGGGTGGAGGCCTGAATTTTGATCTATGTTCTACCTACATCCAGCTGGCTGAAAGTACTTGAGGATCAC,5.873325346958789,2.5541775566917093
799,ENST00000583931.5,ENSG00000143401.14,ANP32E,150218417,150236156,247.93881562000425,3451,2594.17,783.239,6.80232,GGAGTGTAGGCCAGGGGGTTGGCGGTGCCGTGTCATGGAGGCTCAGTCTCTGAGCAGCCATTGAAGGGGAAGGAACTGCGGGTGTGTGTGTGTATGTGTGTGTGTATGTGTGTGCGCGCGTGCGTGCGTGTGTGTGCGCGCGCTAGTGTGTGGACAAGGAGGTGGGGGCAGCTGAGTTAGAGTCCCAACTCTTGGACTCCATTTGCTATTCTCTTCTTTCTCCCCCACACCTATCTGGTGGTGGTAGTGGGCGTTTATATTTGCGTTCCTTTTCATTCATTTCTAAATCTCTTAAAAATTTTGGGTTGGGGGTATTGGGGAAGGCAGGAAAGGGAAAAGGAGAGTAGTAGCTGAAGAGCAAGAGGAGGAC,36.449154938315786,5.187813461416696
801,ENST00000360244.8,ENSG00000117362.12,APH1A,150265399,150269580,119.55798493152356,2353,3406.92,1219.37,8.06371,AGCCCTTCAAGAAGAGGTATGATTGCTACCACTTTTCCCCACAAAGTGACGAAAGGAAACAGCGACGGAAGCGCAACCGAACCCTGGAATTGGTGTCTCGACTGGTCCATTCCCGGCCCACCCCCATTAACCGGCTCGAGCCACTCCCAGGACGAAGTCAAGGCCTCGGAAGGCGACTACAACTCCCAGCAGGTCGAGCAGCTCCGCCCGCGCTGATTCTCCATTGGCCTTCCGGGGGTGGGGATTAGATGGGAGGTGGCCGTGGGGCTGCGGCCGGGATTTGTCCCCTCTTCGGCTTCCGTAGAGGAAGTGGCGCGGACCTTCATTTGGGGTTTCGGTTCCCCCCCTTCCCCTTCCCCGGGGTCTGGGGGTGACATTGCACCGCGCCCCTCGTGGGGTCGCGTTGCCACCCCACGCGGACTCCCCAGCTGGCGCGCCCCTCCCATTTGCCTGTCCTGGTCAGGCCCCCACCCCCCTTCCCACCTGACCAGCC,14.826672205662598,3.8901229211943846
802,ENST00000369026.2,ENSG00000143384.12,MCL1,150560202,150579738,164.4288311827622,3932,3650.3,2478.34,15.2966,TCCAGTAAGGAGTCGGGGTCTTCCCCAGTTTTCTCAGCCAGGCGGCGGCGGCGACTGGCA,10.749371179396872,3.4261803618741933
803,ENST00000339643.9,ENSG00000143420.17,ENSA,150600851,150629612,53.816641560383104,633,606.808,199.653,7.41286,GTGACAGGAGCCGAAGCAGCAGCGCAGGTTGTCCCCGTTTCCCCTCCCCCTTCCCTTCTCCGGTTGCCTTCCCGGGCCCCTTACACTCCACAGTCCCGGTCCCGCC,7.259902596350545,2.8599501922010937
804,ENST00000271732.7,ENSG00000143457.10,GOLPH3L,150646225,150697144,64.73304609154391,2999,2820.53,582.979,4.65677,CTGCGTCCAGCCATAACCCAGGAGTAACATCAGAAACAGGTGAGA,13.900846743889845,3.7971008595630877
805,ENST00000358595.9,ENSG00000143437.20,ARNT,150809705,150876768,13.373753343813153,4887,5315.97,833.305,3.53169,ATATAGGCGGGGTCTCCCCGCCGCAGGGGCTGGGATGCTGGGGGCTGCTGAAGCCGCCATCTTGGATTCCGCGGTAGCGGAGGCGGCGGTCAGGCGCCGCTTCTGGGGAGTGGCCTTTCTTTTCCCCTCCCTCCCGGTTCGGTGGCGGCGGCTCCTCCCACTGGGGGGGGGGGTGGCGCGGCGGCGGTGGCATCTGCGGCC,3.786785743882717,1.9209737959299304
806,ENST00000368954.9,ENSG00000143418.19,CERS2,150960583,150975004,185.833456541646,2505,2870.01,341.825,2.68338,TAGCGCAAGGTGACGGGCGTGGACGCGGCTGTGGGGCCGGGAGCGGAGGGTTGGGGTCTGGCCTCCCGCGCCGGGGCGAAGGGGCAGCCGCAGCGCAGAGGCCCGCCCCGCCCTCCCCTCCCGTCACGCCCAGCCTCCCGGCCCTTGGGCTGCTCGCGGCCTTTTTTTCCCGGCTGGGCTCGGGCTCAGCTCGACTGGGCTCGGCGGGCGGCGGCGGCGGCGCCGGCGGCTGGCGGAGGAGGGAGGGCGAGGGCGGGCGCGGGCCGGCGGGCGGGCGGAAGAGGGAGGAGAGGCGCGGGGAGCCAGGCCTCGGGGCCTCGGAGCAACCACCCGAGCAGACGGAGTACACGGAGCAGCGGCCCCGGCCCCGCCAACGCTGCCGCCGGG,69.25349989254075,6.113815077962854
807,ENST00000368908.9,ENSG00000163155.11,LYSMD1,151159748,151165948,10.222376284688597,2479,2918.78,147.324,1.13719,CTTTTGGGAAATGAAGTCTTTTCTCAAAGACCTTGCCGCTCAACTGGATCCAGGCCCTTGCATCTTGGCGGATCTGAGGCGTTTGGAGGGACAACAACCTAGATGTGGAGCCGAAATTTGAGGGTGTGACCTATCTTATGCGGAGCGGACCTTTGAGGATCTCTGAGTGGAAGGTGTACTACAAATTCTTGCAATCCTCACGCTCTTCGTCTGCGGCGACAGTTCACCTGGGGTGGGCCTGATTTGTTCCTGACTCTAGCAAACAAACCCCGGGACCGGGGAGAGCTGGGATGTTGGAGCGCCCTGAGGCCAGGCTACTTGGGGGCAAACTGAGGAAAGAGTGTTGAGGATTATTTCTAGAGTTCAAAGGTCAGAGGTCAATGTAGCGAGGAGTTGTGGGGGAGTCCAAAGTCGGAGGGGTGCTTAGGGGAGAATTAGGGAGGGACTGAATACTCAAGGGACAGATTTGTGGATAAGTAGCTTGGAGGGAGGAGAAACCGGGAGGGGGCAGATGGCGTAGTGCTGGGGAGGCGGGGACACAGGGGAAGAGAGAGGGGGAAAGGAATCCCCTGAATATTCATTCCCAGACTTCAGGCCTGTCAGTCGCAGTCTCGGTCGTACCTCCCCTAGTTGCAACCTTAGCTGTTGGCAGGGTGAAGAG,8.989154217578943,3.168185380088238
808,ENST00000368874.8,ENSG00000143393.16,PI4KB,151291797,151327715,25.652735670089,3934,5067.96,521.278,2.31739,CCCCGCCCCCTTTTCTATTTCTGAACAGGCATGTTCCAGGCAGCTCACCCGACTCCTTAGATTACTATGGAATCGGTAGGGTCCTGACCGCTGGGGAAGCAGGAAAGCGTATCCTGGGAAGAAAGGCTTGGCTTGGACTCCGGAGAAGAATACTACATCGAGACCTGCTGGGGAATTTTATTTTATTTTATTATTTTTTTGGTCTTGGTTGTACTGAGGGAGGAAGAAGAGGTTGTGTGGCCCGGTCGAACTTGTGGCAGCCTGAAGGCCCCCTCAGGCGGCGCCGCGGGCAGCCCCGCAGCCGGGGCCTGGTGCAGCCTCCGCGGCCGCTGTCAGGGAAGCGCAGGCGGCCAATGGAACCCGGGAGCGGTCGCTGCTGCTGAGGCGGCAGTGTCGGCAGTCCAACCGCGACTGCCCGCACCCCCTCCGCGGGGGTCCCCCAGAGCTTGGAAGCTCGAAGTCTGGCTGTGGCC,11.069667026305025,3.468539921638871
809,ENST00000368868.9,ENSG00000143416.20,SELENBP1,151364302,151372733,13.62153001028532,1752,2377.22,126.312,1.19711,ATAAATTCCCTCCCTTCGCTCCTTCCCCGGAACAGCGGCCTCTGACACCAGCACAGCAAACCCGCCGGGATCAAAGTGTACCAGTCGGCAGC,11.378678659676488,3.5082611304043465
810,ENST00000368830.7,ENSG00000143436.10,MRPL9,151759643,151769501,88.07507913290249,1296,1201.83,798.03,14.9602,GGCGCGCCGCAGGCAGCACTGGCGGGGGCCTTTCCTGCCGCCGACGCCGGGGTCCTCCCTCAGGTCTCATTCTGTGCCTGTGAAC,5.887292892668714,2.5576044034769643
812,ENST00000368814.7,ENSG00000159445.12,THEM4,151873584,151909808,5.712136149981556,2377,2595.36,192.108,1.66767,GCGCGGGTTCCGGGGCTGAGGGGCTGAGGGGCCCAAGGCGATAACCGGGATCCGCTCCGGCCGCGCTCCTCTTGCCTTTGAGAAGCCCCGGAAGTGGCCCGGCTGTTGGCCGCAGCGGGAGGTCTTCGGAAAGAAAAGGCCGGAACCAGAAGATAGACTCAACAGCGATGCCCTACCCGGACCCCGCCGGCCTCACACCCCGGCCAGCCAGCCGCCAGTAGTGCGCACCGCCTCCTCCCCAAGCCCCGCCCTGCGTCCACCCCAGGGGTTAACTCGCACGCGCGCTCTTGTGGCGGAGGTAGAGTGCGCCGTCCAGGGCTAGAGCAAGCGCGGCCCCGCGGCCCGGAGCC,3.4252197077248834,1.7761965314538928
814,ENST00000368811.7,ENSG00000197747.8,S100A10,151982915,151994390,627.1447249707414,1202,1378.34,489.617,8.00316,CCGGTGGGGCGGGAAGCCCGGCTTCTGGGGAGGTGCCGCCCCTCCACTGGCGCAGGCCGCCGAGACCCCCAGACGGACCTCCTAGGGCTAATCTGATAGTGCCTCTGAGGTCGATAGGACTCCACGTGCCACTCCCTGCAGGGTCATCCAGCAAGTAATTCCTAGACCCGTAGGTGGCCGCAGAGCCGGTTACCTCTGGTTCTGCGCCAGCGTGCCCCACCCGCAGGACGGCCGGGTTCTTTGATTTGTACACTTTCTAAAACCAAACCCGAGAGGAAGGGCAGGCTCAGGGTGGGGATGCCCTGAAATATTCGAGAGCAGGACCGTTTCTACTGAAGAGAAGTTTACAAGAACGCTCTGTCTGGGGCGGGCGAGGCCTCTGCGAGGCGGGTCCGGGAGCGAGGGCAGGGCGTGGGCCGCGCGCCCGGGGTCGGGGGAGTCGGGGGCAGGAAGAGGGGGAGGAGACAGGGCTGGGGGAGCGCCCTGCCGAGCGCCCGCCAGGCTCCTCCCGCTCCCGCGCCGCCTCCCTCTACCCACCCGCCGCACGTACTAAGGAAGGCGCACAGCCCGCCGCGCTCGCCTCTCCGCCCCGCGTCCAGCTCGCCCAGCTCGCCCAGCGTCCGCCGCGCCTCGGCCAAGGCTTCAACGGACCACACCAAA,78.36213757699977,6.292084847133948
815,ENST00000271638.2,ENSG00000163191.5,S100A11,152032506,152047907,171.6543995665417,594,453.441,1221.72,60.7036,GGGCAAGGCTGGGCCGGGAAGGGCGTGGGTTGAGGAGAGGCTCCAGACCCGCACGCCGCGCGCACAGAGCTCTCAGCGCCGCTCCCAGCCACAGCCTCCCGCGCCTCGCTCAGCTCCAAC,2.8277466174418273,1.4996528520647423
816,ENST00000361891.8,ENSG00000143621.16,ILF2,153661788,153671048,456.0425013042932,1659,1665.71,7712.61,104.319,GGGTAAGGCGGGAGCCAATCGCACCGGGTTTTATTGGGACACGCCGGCAAGACGCCTCTTCAGTTGTCTGCTACTCAGAGGAAGGGGCGGTTGGTGCGGCCTCCATTGTTCGTGTTTTAAGGCGCC,4.371614962799616,2.1281663388593746
817,ENST00000368655.4,ENSG00000143614.9,GATAD2B,153789030,153923360,54.88033659365002,7478,9454.3,1696.74,4.04341,AGCGTCCTTGTTTGTGTGGTGCCGCCGCCGCCGGTGCAGCCGTCGCCGCCGCCGCTGCCCCCGTCTGTACCGCAGTGTCTGCTCCGCCCGCCCGCCCCGGTCCGGCCCGCCCCCCTCCCCTACCCCCGTCCCTAGTCCCGTCAGCAGGGTCTGGATCCCCTGTGCCGTCGCCTCTTCCTTTTTCGACGCCTCCGCCGCCGCCTGAGGAGGCGAGCTAGCCGGGAGTTACACCGCCACCGCCAGG,13.572785493840602,3.7626449251326184
818,ENST00000361217.8,ENSG00000198837.9,DENND4B,153929501,153946696,2.881277992494782,5706,9009.55,794.859,1.98769,CGCCGGCCGAGGAGGAGGGGTGGGGGTAGCGGCGGCGCCCGCGGCCCGGAGCGGGGGTTGGGGGAGTAGAGAAAGCGGGGCGCGCGGAGGAACGCTGGGTCCCCGGCGCCGCGGGAGCTGGGAGGACCGAGCCGGCCGAGCGAGCAGCGCGGCAGCACAGTCCCCGCGTGGCGCAGCGCGGCGGGGACGCGGGGACCGCCCGGATCTCCTTCCACTGCGCCCCGCGCTCTGCGGTCCTCGGCCGCCTCTTCTTCCTTCACTCACTGCCCGGGCGGGAGCGGCGCCCAAGTCGGGTGCGCCATGTCTGGGGCCGGGTAGCCCCGCCGCCCGCCGGCCCGCCAGCTCGCCCTCCGAGCCACCCGCCAGCGGGCCGGCCGGCCGGGAAGCGCGGGACAGATGCAGTGAGTGAGGGGGGGGCC,1.4495610444761415,0.535616090010961
819,ENST00000368633.1,ENSG00000160741.16,CRTC2,153947669,153958625,12.035085162767867,2644,3939.7,708.572,4.05212,CTAGGCTGGGGCCGGGTTCGCGGTGCTCGCTGAGGCGGCGGTGGCTACGGCTGGAGGAGCCGGGCCGAGGCCGCGGCGGAGGCCGCGGCTGGTACTGGGAGGGTGGCAGGGAGGGACGGGGAAGGAAG,2.9700712621462015,1.570497546619153
820,ENST00000271843.8,ENSG00000143543.14,JTB,153974269,153977688,159.28362502751753,1287,1318.23,1246.45,21.3033,GCAGGCGAGGCGCCACCGACGCGGAAGACTATAAGCCCCAGCGGGCGACGACCGAACGCCCCCGGGAACACCGGGCCCCGAGCTCGGTCCCGCGCCCGAGGATCCTCCACGGGGCTAGATGGCTGCGTCGGGGGCGGGAGCGGAGGTGAGCGGGCGCTAGGGCCGCGAGCCCCCGCCGGCCCTTCCTCCAGCGCCCTGCGGACCCCGCAGAAGGCGCTCGCCTCCCTAGCCCGCAAAAACATATCGATTTTTCTCGCTGTGGCAACGGGGACGTCCTGATAGATCCTCTGCTCCAATAGGCAACTCCGGCCTTCCCTGCCCTGACCTGGAACCTCTGGGAGGGCTGCAGAGTAAGTGCCGCCTCTGCGCTCCGACGGAGGCACGAGGCCTGTGGAGTAGGTCCCTCTGTTCCGACAGGTGCGACACTTGGCGCTCC,7.476946061291796,2.902449125474337
821,ENST00000368533.7,ENSG00000143549.19,TPM3,154155304,154194648,133.37216315613918,3131,3045.67,176.979,1.30918,CGCCGAGCGGAGGAGGCAGGAACCGGAGCGCGAGCAGTAGCTGGGTGGGCACC,101.87458039088527,6.670650306843735
824,ENST00000350592.7,ENSG00000143612.18,C1orf43,154206706,154220628,37.30625387309694,1610,1616.96,519.96,7.24491,GTCACGTGTCAGGGGGAAGCTGGAAGGCGTCGTTCTCCTTTCCCAGCTCTCCTGCCTGTCCGCCATGTTTTCAGGCCGGGTCTGGCTTGGTCTTCCCCCGTAAGGAAATGGCCGGGGAGCTCCAGGGGACCCAGGCGCCGTCGCTTCGGCGGAGCCTGGGCTGACCAGCCAGGACAGCGGGGTAAACCCGAACAATTCTGCGCGAGGTAGGGAGGCC,5.149305356877718,2.3643778253482033
826,ENST00000292211.4,ENSG00000160714.9,UBE2Q1,154548577,154559028,47.4422427326345,3210,3571.19,1680.35,10.601,GCGGCGGCGGCGGCGGCGGAGCCCGGAGCGCAGGCCGGAGGCTCCCGGCCCGCCGGCCCCGGAGCGGAGCGGAGCGGAGG,4.4752610822219125,2.161971850206964
827,ENST00000368474.8,ENSG00000160710.15,ADAR,154582062,154627999,85.49726675312101,6625,7754.84,2179.16,6.33109,GAGGAAACGAAAGCGAAATTGAACCGGAGCCATCTTGGGCCCGGCGCGCAGACCCGCGGAGTTTCCCGTGCCGACGCCCCGGGGCCACTTCCAGTGCGGAGTAGCGGAGGCGTGGGGGCCTCGAGGGGCTGGCGCGGCCCAGCGGTCGGGCCAGGGTCGTGCCGCCGGCGGGTCGGGCCGGGCAATGCCTCGCGGGCGCA,13.50435181826842,3.7553524899351656
828,ENST00000368467.3,ENSG00000163344.5,PMVK,154924734,154936991,35.95292023030927,1280,1541.51,194.0,2.83541,GAAGGTTCTGGGCGGGGCTGGACTGTTCTAAGTGAGTTCGGGTGGGGGAGCTTCACGAGGGGAGGCTGCTCTGTGAAGGAACCGCCTTTCTCTCCGCGTGTCTCACCCTTTTCTCCCCATATCTGTTTGGACATGAGCTGAGGGCACGGTCGCGGGCGGTCAGCCCTGTTCGCAGCTACGGCGAGGAGGGGCGCGATTGTTCCTTGTTGCCGCTCCGCTTAGTGGCCGCGTCCATTCCGCGCGGTGTCCCGATTTTAGGGGTAGGGAGAAGTGTCAGCTTCAGGCATCGCGAGGCGTGGCGGCCCC,12.679972289830841,3.6644796875754624
829,ENST00000368457.2,ENSG00000163348.3,PYGO2,154957026,154974395,11.923794839516576,3146,4622.07,716.234,3.49124,GTCTGGAGAGAGCGCGCAGTTTGCGCGGCGGCTCGGCGCTTCCCTGTCGTCGCACTTTGTGGTTGCTGCAGCTCGGGGGCCTGGGCTGCCCCTGACACCCCTTCTGGGCGATGGTGCAGCCCAAGGGCGCCTCCATCCCCCGCCGCTGCCGCTAACCCGGGTCCCCCACTCC,3.4153466503352896,1.7720320163890715
830,ENST00000368400.4,ENSG00000179085.7,DPM3,155139891,155140595,380.658654044396,409,280.261,580.089,46.6331,ACTTCCGGACGCCAACATCCGGGCCGCGCGGGGAAGGGGAGACGTGGGGTAGAGTGACC,8.162842574145746,3.029071634242561
831,ENST00000295682.4,ENSG00000163463.11,KRTCAP2,155169408,155192916,93.0571982868394,552,389.089,1079.29,62.4959,GGAGTAGCAAGTCCGCGGTAAGCGCTGACGC,1.4890128518325105,0.5743562060321774
832,ENST00000368373.7,ENSG00000177628.15,GBA,155234452,155244699,16.351921309846,2276,2950.01,450.009,3.43684,GCTAACCTAGTGCCTATAGCTAAGGCAGGTACCTGCATCCTTGTTTTTGTTTAGTGGATCCTCTATCCTTCAGAGACTCTGGAACCCCTGTGGTCTTCTCTTCATCTAATGACCCTGAGGGG,4.7578360673892295,2.2503055641466183
833,ENST00000361361.6,ENSG00000160767.20,FAM189B,155247205,155255483,44.6753850824576,3082,4654.95,724.768,3.50789,CAGCGGCGCCGCGGCCTCTCCCCACCAGGCGGCCCCGGATCCTACTGGACGCCCTGAGGGCACACCGACCGCGCCTCTAGAGTCACCCCACGCCGACCCCTCCCCTCTTCTCTAGACTTATTTCCATCCTTCCCGCTTTTACCCTCCCCACCCCTCCCTGGGCTCCAGGCCGCCGCCCCCTCCTCACTCCTGGACCGGCCCTTCTCGGTGCCCCTCTTCCCTAGGGAGATGCGATGAGCCGGTGCCCCCGCGTCCTCATCGTCGCCCCGGGCACGGTGCCCGTCCAGTGCCCGTGGTGGGGAGGGAGCACTCCGCGGTCCCTCCGTGACGCCCCTCGCTTGGCCCCCCCCACAGCTGGCGTCCCTCGGCCATGCCCCAGGGGACCCAGCCAGGGGGTGGGCTCTAGAGCGAGTGGGGTGGAGAGGAGAAAGGACGGGGCCTTGGGCGCCTCTGAGATGCTCCCAAGTGCCAGGGAGGGCCGAGCGAGGCGCAGGCAACCGGGCAGCAGGC,12.735685863142116,3.6708047509823536
835,ENST00000302631.7,ENSG00000116521.10,SCAMP3,155255979,155262430,91.80426117352832,1446,1781.67,861.623,10.8956,AGCGGGGCGAACTGAGGCGAGTGAAGTGGACTCTGAGGGCTACCGCTACCGCCACTGCTGCGGCAGGGGCGTGGAGGGCAGAGGGCCGCGGAGGCCGCAGTTGCAAAC,8.425810526591313,3.074815474003592
837,ENST00000361168.9,ENSG00000176444.18,CLK2,155262868,155278491,8.217794109106041,1934,2083.89,337.534,3.64926,CCGCGGGGGTGCCGGGACTCCGGCCGCAGTGTCGCCGCCATCACGGACTTCCTGTGGGACAAGCGCACGGGCCTCGCCGCCAGAACG,2.2519069918575387,1.1711472425349942
839,ENST00000392403.7,ENSG00000116539.11,ASH1L,155335268,155562807,4.725827402012837,10979,11178.3,1650.4,3.32641,GGAGTGGAAGGTTGAGGGGGGCGCTAGGCGCCCTTCGCTCCCTCCCTCTGGAGGAGCTGCCGCCGCCACCGCCGCCACTCTGCTGCTGCCGCCGCCGCCGCCGCCGCTCCCGCCGCCATTTTGGGTTCGCTTTGCGGAGGGGAGACGATCCCAGTCTCGGTTGCGGGACCCGCCTCCCCTCAGTTTGCCCCCTTTAGCCTTCCACCTTTCCCTTCTCCTCTCTCGCATTTCCGCCAGTCAGCTTACCCGCTGGCCGCCTCCTGACAAGCGGGAGGGATCCGCCGTGGACCCAGGGAAGCGGAGGAGCCTGGCGGCCACCCCCTCTTCCCCACTTCCCTGCACTCTCATCGCTCTCGGCCTCGGCCTCGGCCTCCGACACGAGAAAGATGCTGGTTTCGAGTTTTGGAGATCCTTGTTTTTTATGGAACACAGTTCTGTAAAATTTTCATAAGATTCCTTGGCAATAACATACGCTTGTG,1.4206990124527155,0.5066009393543391
840,ENST00000368323.7,ENSG00000143622.10,RIT1,155897808,155911404,12.203631444937884,3445,2918.61,239.218,1.84663,GCGACTCGGGCGCCGGTGGCGCCATCTTACTCGGTTGCGGGAGGGGTCACAGGTCAGTGCCGGAGCCTCCGCGAGTGAAGGAAGACGAAGTGCGTGACCCGACCGGCTGTGGTGTTCCAGTCCCCACTGACCAGTAGGAGCAGCAGGGCGTCGGCTTGTGAGGTGGCTTTTCCTCGGGGCAACCGAGGAAGGCCCCAAGAGGACA,6.608595898982408,2.724343780847235
841,ENST00000368321.7,ENSG00000132680.10,KIAA0907,155913043,155934400,29.627056350910557,2947,3020.75,666.954,4.97442,GGTGGTTGAGTAGAAGCGGTCGCC,5.955881560244321,2.5743150645064548
843,ENST00000361247.8,ENSG00000116584.17,ARHGEF2,155946851,156007070,15.196591382648338,4149,5522.98,881.347,3.5953,GAGACCAACGCGTGCGGGCCGAACCCCTCCCCCCGCCTTCCCCCAACAATACAGGACGCCGGGGTCCGCGCCGCGTCCTCCCTGGTCCCCCCGTCCGATT,4.226793698063677,2.0795636988263015
844,ENST00000295702.8,ENSG00000163479.13,SSR2,156009048,156020959,322.81823989986464,1116,1261.44,2642.29,47.1929,TTTCCGGTCTTTCGGATGCTGACGCTCTCTTCCTGTCTTTGTGGCTCCGGAAAGGCGTTTGGGATGCCAACG,6.840398447644977,2.77408036337129
845,ENST00000368309.3,ENSG00000160803.7,UBQLN4,156035301,156053794,8.198246012873366,3576,4985.46,2229.94,10.0774,GTTGGAGGCGCAGAAGCCGAGCCGGGCCGGCCGGGCGGGCGGGGAGGAGGAGGAGCCGGGCGGGCTGGCGGGCGGCCGGGTGGCGGCGGCGGC,0.8135278953771176,-0.2977362790052406
846,ENST00000361813.5,ENSG00000198952.8,SMG5,156249224,156282825,28.82457193558988,4559,6293.93,2989.73,10.7022,GTCGCGGGCAGCCGCCTCACAGCGATGGCGGCCGAGCAGGGCCGGTGGCGGCGGCGGCTGCGGCTACGGCCGGAGACGGCAGTGTTGGCGGTAGTGGTGGGTGGCAGGGGCCTGTGACCGGGAGCTGCCCCCGGACCCGGGCACC,2.693331458540289,1.4293917880149847
848,ENST00000362007.5,ENSG00000198715.11,GLMP,156290089,156295689,37.5953679406719,1604,2019.76,256.631,2.86267,CTCTTCCGTCGGCTGAATTGCGGCCGT,13.132973042883705,3.715121645443681
849,ENST00000295688.7,ENSG00000163468.14,CCT3,156308968,156367873,965.9142794410124,2150,2297.62,10720.1,105.119,ACTGCGCAAGCGCCTGTGCCCTCCCAGTGCCTTCGTCGTGCGCTCTCTGTCTAACTTGTCTGGCCGTTCTTGCGTAGGGGGCGGGACTAAGGCTGTCAATTGGTCTGTTTTTGTGCCGATCAATGAGATGGGTGCGGTGATTGGCGACTACCTTGAGAGTAGCGGGTTGAGGTGTAAGCCCTGAGGAGGCAGCGTTTTCTGGGCTTCTGTCTGGTTCTCTCTCTCCAGAAGGTTCTGCCGGTTCCCCCAGCTCTGGGTACCCGGCTCTGCATCGCGTCGCC,9.1887696747592,3.1998717055895503
850,ENST00000361170.6,ENSG00000183856.10,IQGAP3,156525405,156572604,13.242604767959625,5988,8084.67,1762.81,4.91254,GAAGGAGGAAC,2.695673677559801,1.4306458628920946
852,ENST00000368232.8,ENSG00000160818.16,GPATCH4,156594487,156601496,55.34712095343,1972,2185.76,1477.15,15.226,CGGCATTTCCGGGAAGATGGCGGCGCACAAGTCAGGTCCGGCACATGTTTCCGCGGAGCGGACCCAGCAATGACGGATGATATCACCTCTTCTTCTCTGGTGAGAGTCTGAGGATAGAGACTTTTTTCTCACC,3.635040125668593,1.8619712895323755
853,ENST00000368222.7,ENSG00000143320.8,CRABP2,156699606,156705816,51.04521069461915,992,1073.55,461.677,9.68894,CGCGCGGGAGCCCAGGCCAGCTTTGGGGTTGTCCCTGGACTTGTCTTGGTTCCAGAACCTGACGACCCGGCGACGGCGACGTCTCTTTTGACTAAAAGACAGTGTCCAGTGCTCCAGCCTAGGAGTCTACGGGGACCGCCTCCCGCGCCGCCACC,5.26839991728911,2.3973648628288853
854,ENST00000313146.10,ENSG00000143319.16,ISG20L2,156721891,156728799,38.38325981232919,3303,4009.8,984.537,5.53186,TTAGCTGGACCCGTCTGGGAGGTAGGTTTGTGAGCGTGAGAGATCGATCTGTACCGCGGGGATCCGAAGTATGCTTATCCAGGTGGGCTGCCTCAAGCCTCGATCCCACCCCCGCGCTGGTAGATGGTGTCAAGGTCCTTGCGTGGGAGAAGGACTTGGGTGAGATGCATGCGGAGATTGCCCCCAATTCCGGCCTGGAGCCAAGGGAAAGGGATGCCTGGATTTGTGTCTCTATTGGTGGTCCACGCTGCGGATGCCTGGGTAGCCCAGAGGTTATCTACGCCATACTTCTCACTGTTTTTGAGCATACCTAGATGTTCCTTTCCTAGGCGGAGTATAGATCGCACGTGTTCTAGCCTCTTAGACTCAGAGGGTTCGAGCTCTATAAGCCCCTCCACTCCCTTCATTTTACAAATGAGACTCAAACCTAGAGCGCGGTAATGACCTTACTAAGACCAAATGGCTGGTGAATTGGGCTTCACTAGAATCCAGGCTTGCTGGCTAACACCAATGCTCCCTCCATCATTTCATGTTATGTTTTCATTTCCCCTCTGTCTGAGAGATTGCTCTGATGTCTTTCCTTCCATAAGTCCTACGGAGATCGAGCTTACCTCATTTTTCTCCCAGGCCTAGGAGCTCAATTACCAGGATCACTTTCTTCCCCAGGGTGTACTACAGACCTCCACATGTTGGACAGTAGGATTCAGCAGAGAATGAGTCCCACATCCTCTTTTCATCCATAAGCCACTCTTCCCAACTACTCTTCCGCCTTCCATTGTCCCT,6.938581202765289,2.7946406914787634
857,ENST00000361531.6,ENSG00000143314.12,MRPL24,156737303,156741590,138.04448848783994,883,842.353,366.535,9.80355,ATGTGCTGAAAATCCGAAGTGCCGCGGAAAGTGGAGGTGAGGGCCGCCCGCCCTAGAGGTGCCCGTCCGAGAGGCAGAGCTGACAAGGAAGGTTTCGAGCGTTTTGCTGGCAAAGGGATTTCTTACAACCTCCAGGC,14.081071498369463,3.815685214840338
858,ENST00000357325.9,ENSG00000143321.18,HDGF,156742107,156766925,445.37690079793407,2380,3292.7,321.688,2.20113,GAGGAGGAGTGGGGACCGGGCGGGGGGTGGAGGAAGAGGCCTCGCGCAGAGGAGGGAGCAATTGAATTTCAAACACAAACAACTGCACGAGCGCGCACCCACCGCGCCGGAGCCTTGCCCCGATCCGCGCCCGCCCCGTCCGTGCGGCGCGCGGGCGGAGACGCCGTGGCCGCGCCGGAGCTCGGGCCGGGGGCCACCATCGAGGCGGGGGCCGCGCGAGGGCCGGAGCGGAGCGGCGCCGCCACCGCCGCACGCGCAAACTTGGGCTCGCGCTTCCCGGCCCGGCGCGGAGCCCGGGGCGCCCGGAGCCCCGCC,202.34011657554714,7.660638571197784
859,ENST00000368194.7,ENSG00000132694.18,ARHGEF11,156934840,157045370,2.9045723003399364,6889,9249.67,626.275,1.52546,AGCGAAATCTCCGTTTCATGGAGGCTGAGGCAAGAGAAAATTTCGGAGCCTGGATGTGGAGGAGCCCAACAGCAGAACTAACTCAGGAAATTGTCTTTCAGAAAAAGGCCGAACGTAGGCTGGGTCTGAGAATCAGGCTGGGGTAGGTGGAGGAACCTGCAAGTTTAAAGGAAAAAGAAAAGGAGAGAATATTTTCAGAGATTATCTCTGGTTTGTTATCATTACTACCATCTTAAAGGTAAAAAGCATTGCATTTCAGGTGTTCTTTGATTTTTATTTTATTTTTTTTTTTGGTGCAATTGGCTCATTTAAGAATTTCAAAACATTTAATGTAAAAGCTTTTTTTTTTTTAAGGAAGTCCATAAATTTTGGTTCCCAGGGTTGCACTGGACTTGGAAGGAGTGCTGTTGTGTACATACTATTGTATGGTTTTATTTATTATTTTACTGTACAAATCAGCCGAAAGAATTTTTCCAAGTGCCATTTCGGATTTATTAATCCTTTTTTTTTTCCTTTCCTCAAAGATATTTGCTGTTGTCATATTAAGCATTGGAGACTAGAAAATTACTTTCCCCCTTTGAGCTAGAGGGTCTCTTGCCAACAGAAGGACAGCTGAGAAAGCTGGATTTAAAGGATGGTTTTATCTGTACTTTGCAGTTAACAGTGATATTTTGAAGGCACATTTTTCTGTGATTCATTTTTTTTTGGCCATAGTGCTAACCTTGAAGAGATTCGTGGCTGGGTTTTTGGTTTCTGAGAAGGTCGTAGTTTTTCCTCTTTTCCTTTTTTTTTCTTTTTTCTTTTCTTTTCTTTTTTTTTAAAGCGGGGGAGGGGAAGAGGGGCTGAGAAAGGAAATCATGTTCACTGGTAGAAGTAGAGTGGAGCATCAGTTACCAGGGTCCTGAGAGCTGGAGGAGAAAGGATTCTATCTTCAAGTTGGGAGGCCCTCCTCTCACCTTGCTCAAAAATTGCAAGCGATTCAATCCTGATCAAGACACCAAAGCTACAGGATTCTGGAACCGTGGAGACACCGAGAAACC,1.9040632336081813,0.9290813910923431
860,ENST00000368192.8,ENSG00000117036.11,ETV3,157121191,157138474,10.614998818859911,5254,5797.24,648.486,2.52024,CCGGAGACGCCGCGGAGGAGACCGGACCGAAGACGGACCGTGCCGGGAAGAGCAGGCGGGTGAAA,4.2118999852632735,2.074471178890262
861,ENST00000368097.8,ENSG00000158710.14,TAGLN2,159918107,159925732,449.2890772584444,1604,1944.43,9342.48,108.251,TGGAGGCTGAGGTACTCACGGGTGGAGACCACTGCAGCCGCCTTTGTAGATTCAGACTCCCCGAACCTTTAACCCTTGCTCTGGTCTACTGTCCCTCTGTCTCAAGCAGTCCTCCCTCCTTCTGCGCTGCGGCGCCTTTAAACCTTCTTGGCCCTTGCCCCGCCCCGGGTCCGCCCCGTCTGAGGCGGGACCCTCCTGAAAATCCCCGGCTGGGCAGGGCGCACCACTTGCAGCTGCAGCCCTTGCCTTGAGTCAGTGCGCCGCTCTCCAGCCCGCTTGAACGCTCCCCGCAGCCACCGCCACCCATTGGA,4.150438123051467,2.053263636361054
862,ENST00000368090.3,ENSG00000143315.6,PIGM,159998841,160070248,67.20604421286416,4319,4096.43,641.169,3.52638,CGGAAGCGAGACCGTCCATCCAGAGGAAGGCAAGTTTTTGGCTCGGGCGGCTGAGAAGACCGCGCGGGGCTGGAGACAGGTAGCAGTACGGGGGCGGGGCTTCATGCCGGATGTGATAGTCTGCAGTCGTTTCGGTTGGCAGCCTGGCGGGTGGGAGATGCGGCGGCCACCTGCTGCAAAGAACCGAAGGGAAGGTTAGAAGTACGAAGGCAGTTTGGAGCTGGGGCTAAGCAGCTGTCGCACGGTCAGATC,19.058083420636503,4.252331136560618
863,ENST00000368072.9,ENSG00000162735.18,PEX19,160215715,160286348,81.36463419581007,3661,3953.86,1136.62,6.47672,ACGGCAAGTCGGAGGTAGCAAG,12.562629571111621,3.6510665712295687
864,ENST00000241704.7,ENSG00000122218.14,COPA,160289273,160343400,91.57771876554123,4789,5283.93,3718.21,15.854,CCATCTTGCCTCTCTGCTGAGCGGAAGCCCCCGTTCGGCTCCTGTCTGTTAGCGGCCTCTCTAGGCTACCACTGACACCGTCTCTGTGGCCCGGAGCCTAAGAGACCGGAAGTTCGTGTTTCCAGGCGCTTCCGGAAACCGCGGGAGAGGGTCGCTGACGTGGAGGCGTCCGAAGGGCAGCAGGGTGTGTCGGGGCTCGGATTAAGACATCGGAGTCGGAGACCTGAGAG,5.7763163091674805,2.5301497458907063
865,ENST00000368026.10,ENSG00000158769.17,F11R,160995211,161038990,40.23746219768317,4835,5318.79,668.104,2.83004,AATCTGAGGCAGCTCCTGTGGGGAAAGGCGCCAGTGCGCCGAGGCGGGGAGTGGCGGCGGGGTAACACCTGGCCGAGGTGACTCGTTCTGAAGAGCAGCGGTTCCTTACACCAATCGGAACGTGCAGGGGTGGGGAGCTGGCCAATCAGGCGCGGAGGGCGGGGCCGGGCGGGGTTCCACCTGGCGGCTGGCTCTCAGTCCCCTCGCTGTAGTCGCGGAGCTGTGTCTGTTCCCAGGAGTCCTTCGGCGGCTGTTGTGTCGGGAGCCTGATCGCG,14.217983561251138,3.829644966844498
866,ENST00000368024.5,ENSG00000215845.10,TSTD1,160995211,161038990,4.084602729537069,457,301.722,46.1854,3.44873,CAGCTCTGGGAGGGAACGGGAGATGTTGCAGGCGCCGAGAGGGCGGGCCAGGGCCGCACTCCGGAGACTCGCGGTTGCTACGCGCACC,1.1843788088766212,0.24413058289413728
867,ENST00000368021.7,ENSG00000158773.14,USF1,161039251,161045977,29.51400315341286,1807,2151.58,475.754,4.98181,GCCCCTCACCAACATGGCCGCGGGCTGGAAGTGCGCATGAGCAGCTGTCTATGGAGATACCTAGGCCGGGAGAGGGAGAACACAGTTGGAGAAAATCGGCAGCTGAGACGGCCTTGGCCGGACTTAGCACTCAGGCCTGTGAATCAGGAGATACAAAGACCTCCAAAAAAGGACCAGTTCCTCGGATGTGCCCCCTCACAGAGAG,5.924353428455293,2.566657709882373
869,ENST00000368010.3,ENSG00000143256.4,PFDN2,161100556,161118111,249.30718343625125,677,505.602,523.205,23.3144,AGCGAGTGGGCGGTAACTCGCAGGCCGGACGTGACGCAAGGCGGGGGCTGAGCTGCGCCGGCCGGAAACCCAGCAGGCGGCGAAG,10.693270400964694,3.4186312453901513
870,ENST00000368006.7,ENSG00000158796.16,DEDD,161120974,161132688,16.094861017362433,2345,2882.55,145.786,1.13946,CACGGCCGCGGCGGCGGCGGCGGCGGCGGCTGCTGGAGCCCGGATGCGGCGCCGTGAGGCAGGCCCGGGAGAGCGGCGCGGATGGATCCAACATGGCGGCGCCGAGCCTGAGCCGAGAGAAGAGACCTGGGAAATTAAGTTTCTTGCGGAGTACGGTGGGGATTGCAGCTGCTGAGCAGGGATTCTGGAAAGCATTGCGTACCTGAGCCCCCAGC,14.124989922737468,3.820177933146383
872,ENST00000622395.4,ENSG00000158850.14,B4GALT3,161171310,161177968,24.47330460402136,2414,3497.89,193.286,1.24496,GCCTGCGGGATACAACGGGAATACAAAAATGCGCTAGAGCGGTCCGCAACGCTGTAGCCTGCGTAAGGAACAATTGATACTAAGTGGCACTAGGCTGCAGGGGGTGCCACTGACACACTGGGAGAGGGCTCAGCCAACCACAAGGTGATAACGAGGTCAGCGGAGCACCAGAAACCGGCTCACTAGCCTCCTGATCAGTCTCGGCCCAGAGGAAAATGAAGGGCTTGAGCTTCTGCTTTTACAAATCTGAGGGGCAGGAAATGAAATCCCACTAGCAGTCTGCGTAGTGGAGTTGAACCCTAGCACCCGCTCCCCAGGGGGTCGCCTACAACGCGTTCCAGGTGGGCAGGCTCAGGCGCTGCTCCCTCACAAGCCCCCGGCCACGCGGTGTCTGGGACCGGGTGCCTAGTCAGCCCGGGTGGCTCCGCCCCGAGGCCCCGCCCCATGACGCGAGACCCCGCCCCCGCAGCGCCCGCTTCCAAGATGGCGGCAGCGATGCCTGCCCGGCTGTTGGGGTGGCGGTGACGACAGGCAGCAAAAGACCAGCTGGTCCCAGATTCGCTGCTGGAGTGCTGGATGGAGCCTTTCTCTGCCCTCTGTGACATTTCCAATTTTAGATAATGCCTCACATCTCTGTCCCCCCGGGACCCCCTGGAGCCCCCATGATCCCTAAGAAGACAGCTTGAACCTAGAATTCCCCTCTCCCTCCCTAGATCTCACCCCCAGG,19.657904353570686,4.297037625118239
873,ENST00000354775.4,ENSG00000143149.12,ALDH9A1,165662216,165698863,102.99724135700448,2696,2642.61,1159.44,9.88502,GGATCCTAGGATGCTTACATGCAATGATGAACCCGAAAACACTTGCAAAGTGCTACGCAAATATTGATCACGAAGAAGGAAGTCCTCTTCCCGCCTGGAGACTGTGTGGGGTATGGCGGGGTGGTGGGGAGAATGTGGTGTCTTGCTCCACCCTCCTGGCGAGGGGAGGGCCTGGCCTGGACCGCAGAGGAATCGAGTGACTGCCCCTAAAATCTCCTAGAACCGATCCCGCGGCCCCGCCCCTCCCGCGGCCCCGCCCCTCCCGCGGCCCGTCAGCCTCTGCCGCGGAGCTGCGTCCGCCACTC,10.419527867116553,3.3812180021389606
874,ENST00000367874.4,ENSG00000152382.5,TADA1,166856510,166876327,36.417727838009625,2159,1917.22,638.482,7.50308,AGCTTCCAGAGCCAAGGCCTTCCGCCGAGTTGGTTTTTGGGTTGTTGATCGCGGTGGCCGGGCGGTCTGCGGTCGGGCTGAGACACGCGGAGCA,4.853703790711231,2.279086067139348
875,ENST00000370509.4,ENSG00000143162.7,CREG1,167529677,167553767,386.363519964746,1974,1720.94,1484.0,19.4281,CCGGGACTCTTCCTGGAGACACCGCC,19.886840193572503,4.3137421604404524
876,ENST00000367846.8,ENSG00000143158.10,MPC2,167916729,167937040,148.71728403227476,2177,1964.03,725.972,8.32786,CGCCCCCTCAACCTTCGCGGGGCGCGGGCCGCAGCTTTTCGGTTCACAGCGGGCAGGGAAAGCCGCGGGAAGGGTACTCCAGGCGAGAGGCGGACGCGAGTCGTCGTGGCAGGAAAAGTGACTAGCTCCCCTTCGTTGTCAGCCAGGGACGAGAACACAGCCACGCTCCCACCCGGCTGCCAACGATCCCTCGGCGGCG,17.85780308894179,4.158482702354385
878,ENST00000367811.7,ENSG00000143156.13,NME7,169132531,169367967,28.907338257351142,1642,1187.75,77.696,1.47379,GGAAGTAAAACTGCCGGAAACAGAATAATGGCGTCTCGTAGCCCCAGGCGACAGCGTGGAGGGGCGGGTCTGTCGATTGGATGAACGCAGCTGAGATTACTCCCAGCCACTAAGGACGAAGAGGTGGGGCGGTGGCGTCCCACGCCTCGTGCGACAGTGGGCGGGGCTTTGTTGCCTGAGTAACCGTATGATGGTGGTGGTGGTGGTGTCTTCCTGTCTCAACGATACCTATTTTCTAGTGCTGAGATCCTGAGACA,19.614285791972495,4.293832898916252
879,ENST00000367806.7,ENSG00000117477.12,CCDC181,169394870,169460669,3.068378504129739,1860,1324.54,170.135,2.89396,AGTGTGGTCCTGGCTGCCGCGGAGGCAGGTGCCGGGGTCTCCTTTGCCTCAATGTGAAGAGCTTAGAAAGAGGAGGAGAGGAGAACTCCCCCGGCCATCTCTGTGATCCCAGCCGCCGCATTTTACACAGCATATTTCCTTCACAAACAGAAA,1.0602698392962373,0.08443147825291683
880,ENST00000236137.9,ENSG00000117479.12,SLC19A2,169463909,169486003,13.107679918090003,3671,3306.8,305.459,2.08117,GGCAGAGGGTGGGCCTTAGGACGGGTCTCCCTTAAACTGGGCGATCAGGCAGCGACCCTAGAGGCGTCTGTAGGGTAAAGCTGGGGGTTCTGTAGCCGGAGGCGGCGGCGAGTCCAGAACGTCCTGGCCTTACAGGGAGAAGGCGTCACTCGCGGTTACAAGTGCCTGACCCTCACTCCAGTTGGCGGAGGAGGAGAAGGAAGGGGCCGGGCCGGGTCCCCTCCCCTCGCGCCCCGG,6.298226439017477,2.654945627364547
881,ENST00000310392.4,ENSG00000171806.11,METTL18,169792529,169794966,19.441430314086865,1521,1099.53,87.1076,1.7849,CGGGTCCCTCAAGGCCGGAAAGAAAGTCGGGCTTCTCTAGCCCCTGGAGGACTCGACTCACTGGTGCGCGATTTAGGTCCGGAGGAGGCGTTGTGAGGTGAGCTTTTTCAGAAGCGCGATCCCAGGACACGTCGGGAAGCAAGCATCCCCAGAGCTGCTTGGAAAGAGGACCAAAGACGTCTAAAAAGTCATTTGGAAATATCTCTAAATATTTGTTACCATGTATAAGCTGCTAAAGAGAAATTGGGCCCAACAAAACTAATTGAATAATTGAGGCAGATTTGTGTGTATCATCAAATTCTATCCAGAAGTTGAAGAATCTGAATTTAAAGATTGTGTGCATTTAATAAGAGG,10.892167804407455,3.445219208669043
882,ENST00000361580.6,ENSG00000075945.12,KIFAP3,169921326,170085208,26.5614848941318,2957,2163.89,700.19,7.29026,AGGCGACTCTGGGCGGGTCTGGGCCGCTCCAGTGTTTTGGGGCACAGAAGCTGTGGGAGGAGCTGGAGGCTTCACCGTGGTAACCACAGCGCCGCTGCTGCCCCGCCTTGCAGGCCTCAGGACTGTCATCGCCTCTGGGTGTGAGGGTACTTTGGCCACCGTCCCCGGAAATAACCGCGCCTGCCTCTCAAGATACCCCATCCTCTCCACGCCGCTGCCGCTGCCGCC,3.6434207962585425,1.8652936285192718
883,ENST00000344529.4,ENSG00000135845.9,PIGC,172370189,172444086,111.26480118215864,1447,1441.35,316.561,4.94824,GCCCCGGCGCCCCGAAGCGGGAAAAAGGCTGGGTGCCGCCGTCCCCCAGCTGCGCAACCCTAGGAACTCTCGGGAACTTGGCTGTGTTGTCCTGCCTCAGAGACAAATTCATCTATTGTAGGCCTAGCCCCTGCCTTTGAAAACAAGGAAAGGTTGGTAGAACATCAACACAGCATGGAATTTCCAGGGAGGTCTCATTTCAAAACTTCATAAAGAACAAGAACCACCTGGACTTCTGTGAGGGCGATGATTAAACTGGCCTGAGTTTGAATGAAAGGATA,22.48573253968252,4.490937979746073
885,ENST00000367696.6,ENSG00000135870.11,RC3H1,173931214,174022297,4.4698303960912575,11261,9959.36,994.94,2.25075,TGGCCCCTGCTGCAGGAGCAGCCTCAGCAGCAGCAGGTGGGAGGCCGGAGGCGGTGCTGGCGGTGGCGGCGGCAGCCGTGGCCCGGCGGCCTGGGACAGAATCAGAGTCAACGGTGGCCTCGGCGGCGGCGGCGGCTGCCGCGGCGGTGGCGACGGCCGCGGGGACTCGGAGCTGAGAGGAGCTGCTGCTCGGACCAGCGCGGTTATATTTCACACTATGTGCTGACTGTATCTACAGAAGATATTTAAAAAAAAAAAAGATAAACTTTTTTTCAAAGATTTTGATTCCAGTGGAATCTTTGCTTTAGATTTGTGTGTGTGTTTGTGTTCGTGAATTGTAACTCCAGAAGCA,1.985929310714765,0.9898142709547672
886,ENST00000476371.1,ENSG00000120333.4,MRPS14,175010789,175023425,232.94758658716563,2115,1787.19,818.52,10.3186,AGTTTGTAGCGGACAAC,22.5755031290258,4.496686235579628
887,ENST00000502732.5,ENSG00000143322.19,ABL2,179099327,179229684,5.31656363023636,12144,13095.3,1155.18,1.98745,AAAAGCAGAATCTGTGAGTCGCCTGGAGGCAGCGCGGCGGCTGCCGTGAGGAGGCCGGGTGCGGAGCCGCCGGTGGCCCAGCCACTCAGGGCCAGGGCCTGGGCTGGGAGGGAGAGACCGGAGCAGCGCCAGGAGCCCGAGGCCGGAGCCGAGGAGGAATGTGACCAGGGGTCGGCGGGGGCGCGGGAGTACGCGAGAGCAGGG,2.675067865977187,1.41957549288453
891,ENST00000482587.5,ENSG00000169905.12,TOR1AIP2,179839967,179877803,115.51530524390346,7067,6429.08,1011.82,3.54582,GGGCCGCGGCGGCCGCTGGGTGCAGCCGAGCGGTGTGGAGCGGAGAGAATACTCGAAGGGCTCTCCTGATACTAACAGTTTTACGATTTAAAACTTCGCCAGAATTTCGACAGGGTCTCACTGTATTGCCCAGGTTGGTCTCGAACTCCTGGCTTCAAGCGATTCTCCCACCTCAGCCTCCCAAAGTGCTGGGATTACAGGCGTGAGCCACCACGCCTGGCCTCACTCAAACAGTAAACGAGGTATGTGACGCATTCCCAGACTCTTCAGCCAACTGAGCATCAGCTTCTTCACAGCAATTGGGTCCTGATTAATGTCCTCCCAAGACAGACTTCATTGGATCCACGATCAAGAGGACTCTGCCAGGTTTTTCTGACCCCTCTACATTGCTATAAAGTGCCAAGGCCTTAAGACTTGGGTACGTGTGTTACAACGGCAAGAGTGCCAGCGCCAACAAAAGACCCATTGGACCTGTCAGCTCCTCTGTTTCACCAAGCAGACACAATAACCTTACCAACAAAGCAGAGTAAGCCAAGTGCCTCTGTGTGACACCACCAGCAGCTGATGACGCATAAGAAAAATATAACTAATTTAGACTAGAGCCCTATCTCTTCTTGAGAAGCTGGGATTTGAAGGAGCTATCCTGAGATCTGTACTGCTAGTAAGTGACTGATAACATTATAAACTGGATCGGTCCCTGAGTTCAGAGACTGAGTTGCAATTGAGTGAAAAATAGACAACGAAATCTTGAAGAATTGCACGGAGGTGCAAGCCAAGTTTATTTGGCTCTCCAAATAATATTGGTTGAACTAAGAAATTGGTAAACGAAACCTGTAATAGGACTGGTGTTTGGGCGTCTCTCTCTGTCACTGTTGTCTCTTGCTGTCACATTGCTGTCTGTGTTGTCTTTCTAGGTCCAG,32.577881912760226,5.025820903376593
892,ENST00000367595.3,ENSG00000230124.6,ACBD6,180269653,180502954,71.89431492399096,1670,2071.61,633.589,6.89066,GGGCTGTTTGGAGGCGCTTGGGGCGCACAATCTGGGGCAGGCGGAACCTTAGTCCTCAGCCTCGCGTTTCCCGCGACTCCGCTCTCACCGCTACACTACCACACAAACGGCCTCCTTCCCCCACCCCCGGGGGCCCATCCCGGTGGCGGGCTCCGGAGCTCGGGACTGCTAATTTCAGCGAAACGATTAAAAGACGCCCCTACAGCTGACGGCACTTTCTCTCCTCCGGCAGGGAAGGACGTCCAGCGTAGCGTCGCCCGCGCTTCCCCGCCGGCGCAGAGCAGGCCTCACAGAATCGCACGCCGCTGGCACGCACGCCGCCCCGCCCCCACGGCCCAGCGCCAGCCGCGCCCCGCGCTCGCACGCATCCCGGCCTCACTGCCCCTCGACTCCTGTTCCGTTGGAGGGGCCTGAGGCGAGCCTGAGCGCGCTGTTGGCCGGAGGGAAGCCGGAGGAGACCGGGTCGACTGGGCAGAGCGGCAGAGGGTCGAGGAGCCTGCTCTGCACGCCCAGGGAGTAGAAGTGGGCAGGGAGCAGGGTCACGTGAGGGAGCGCGCCGCGACTGAGCTTGGGTCCGACTGGAGCTCAGGCTCGCGACCCAGACTGGTGGGCCAGGCCTCCAAGCCGGCCTTACACCCAATCCAAGGAGGACAGACCGGACACAGAGGGACGGAGCGAGCAAGGAGAC,10.43358907912899,3.3831636147748134
893,ENST00000258301.5,ENSG00000135823.13,STX6,180944042,181023121,33.737071381478245,4851,4762.31,510.995,2.41747,CGGGACTGGAGGCTGCCGAGGGGGCCGGCGCCCGAGTCCGGGATTCGGCCAGTGGTGCTGAGCGAGTGCTGGACCAGCGGCCGTCCTGTGCACCTGGCCTGTGCGCGTGCCCGCTGCTCGGCTTCACCCAGACTAAGGCGCGGGCAGCTGCGGGAACAGGCGGGGTGGGCGGAGGGAGACCGGGAGGCACGGGCGCCCTGTGCGCGGAGGAGGTGAAGGCGGCCGGGGCCGGGACGCC,13.955528458048393,3.802764851277761
894,ENST00000331872.10,ENSG00000135821.17,GLUL,182381704,182392206,283.52715176513817,4364,5025.57,713.788,3.19997,GTAAAACTATTCCCCGTGAAGGCGGCAGGGCAGAGGTCCAGGGCGGGCTTTGCTGGGAGCCTCGGGACCCCGGGTTGGGGGCCGTGGGGCGGCACCTGGCGAGCTGGCGGGTGGGCGGCGAGCCGAGGCTTCCCGGCCTGGCGGCAACTCGCCCCTCTGCCCTCAGCCCTCCCGGCTCCGCTCCCTTCCCCCACGCCGCCCTGCCCCTCCCCCACGCCCCTTTCTCTTTCTTTCTTTCTTTCCCAGTTCGCTTGCCCCCACCCCAGCGGCGCCCGCCGGGCTCCTCGCCCAATGGCCGCGGGGCCCGGGACCGCATCAGCTGATCGGCCCGGGCTCCTGGCCGCTGGGAGCCAATCAGGGCACCGGGGGCGGCCCCGGGCCGCGGATAAAGGGTGCGGGGCTGCTGGCGGCTCTGCAGAGTCGAGAGTGGGAGAAGAGCGGAGCGTGTGAGCAGTACTGCGGCCTCCTCTCCTCTCCTAACCTCGCTCTCGCGGCCTAGCTTTACCCGCCCGCCTGCTCGGCGACCAGAACACCTTCCACC,88.6030655803455,6.469284710383802
895,ENST00000367558.5,ENSG00000143333.6,RGS16,182598623,182604408,41.62670355513196,2427,3008.32,501.0,3.75211,GCGGCCGCTCAGTCTGGGCGCTTGCAGGCTGCTAAACCCAACCGCAGTTGACTAGCACCTGCTACCGCGCCTTTGCTTCCTGGCGCACGCGGAGCCTCCTGGAGCCTGCCACCATCCTGCCTACTACGTGCTGCCCTGCGCCCGCAGCC,11.094211938118008,3.4717352862304587
896,ENST00000359856.10,ENSG00000162704.15,ARPC5,183620846,183635757,218.84406013275955,7209,6408.25,314.789,1.10673,GCTGGGCTGGGCTTGCTGAGGTAGAGGCAGCGCCAAGAAGAGGCCTTTGCCGCTGGTCGGGATTGGG,197.73934033843807,7.627456114281244
897,ENST00000318130.12,ENSG00000116406.18,EDEM3,184690231,184754913,19.23377361785324,6898,5718.26,633.826,2.49728,AGTAACGTTGGGGAGGCGGTTTCCTAGACTACGACACCGGAAAGCTGGGGGAGGCGCTCCGGGATACTGAGGGCGGAGGGCGGTGGCAGCGCTGGCGCTGGGGACCGGCTTGGTGGCTTCGGGAAACAGTTTGGCGCCGGCGGCCGTCCGTGTTACTCCGCATCCCGCCCCGTCTCGGCACGGCTAGCAGCCCCCTGGCCACCAGCGTCCAGCAATGTGTCTCACCGGCCGGGCGTAGCAGCTGCGCGTGCGCGGAACCGCGGGGCC,7.701889102484801,2.945212350290565
898,ENST00000367511.3,ENSG00000135842.16,FAM129A,184790724,184974550,9.80691965733715,6928,7336.57,816.155,2.50635,CCCACGGATCATCAGAAGGCGCGGACCTGGAGGAGGCGCCCCAGAAGGCGACGCCTCTTGCCTCCTGTCTCTCGCCTCTCGAAGGAAGTTTGCTCTTAATTTCAGAGCCGGGTTCGCCGTCGGATCAACCTCCAGGAGCTAGCAGCGGGCGCGGACCGGGCAGTTTCCGCGCTCAGCACAGGCAGCTCGCGGTC,3.9128292765723667,1.968212164361984
899,ENST00000367506.9,ENSG00000121486.11,TRMT1L,185118098,185157072,43.94338499505012,4392,3260.88,858.387,5.93076,ACGCTTCTGCGCAGTTTGTGGTGGCGTCGTAACGCCTCGGGGAAAGGGAAGCGGACGGGCATCTGGAATCGCTGCCTCTGGCTTTCTGTTTTCTACTAACAGGATTTGGTCACTGGTTCTTCATCTTTTGTCTGTTGCACGCATCCCGCCCTCCCCACTTGCTTCCCCACTCCTTGGATCCAGCCCTGTGGGCATTCACGTCAGTTCTCTGACCCCGCCGTGAGCCCCGCTCCGGGTCCCCGGGCGGGCTTGGCACGGAGGCGGTAACT,7.409401998234647,2.8893571094683055
900,ENST00000367498.7,ENSG00000116679.15,IVNS1ABP,185296388,185317329,271.2345126999412,4199,3584.09,1031.17,6.48206,GAAGCGGGCTGGGAGGCGTCGGCGGCGGCAGCGCACGTGGTGACGTGCGAGGGGGTGCGGCGCGAGCGGTCGGCGGCGGCGGAGGCAGTGTCTCCCGGTCGCGCGTGGAGGTCGGTCGCTCAGAGCTGCTGGGCGCAGTTTCTCCGCCTGCTGCTTCGGCGCGGCTGTATCGGCGAGCGAGCGAGTTCCCGCGAGTTCTCGGTGGCGCTCCCCCTTCCTTTCAGTCTCCACGGACTGGCCCCTCGTCCTTCTACTTGACCGCTCCCGTCTTCCGCCGCCTTCTGGCGCTTTCCGTTGGGCCGATTCCCGCCCGCTTCCTCCTGCTTCCCATCGAAGCTCTAGAAATGAATGTTTCCATCTCTTCAGAGATGAACCAGATTATGATGCATCATTATCACAGAAGAAATTCGTGTCTATAGCTTTTAAGGACTTGATTACATCATTTTCAAGCCTGATAGTTTTGGAATCACCATTAGAGCTTAAGACACACCTGCCTTCATTTCAACCACCTGTCTTCATACCCTGACGAAGTGCACCTTTTAACACTCCTTTGTCCTTGGATTACTTAAGAGTTCCCAGAAATACATTTGCCACCAACAGAGTAGCCAAATTTATAAGGAAAA,41.84387566606005,5.386944578050928
902,ENST00000367478.8,ENSG00000047410.13,TPR,186311652,186375693,66.38654345106279,9708,7751.22,7269.51,21.1299,GCGCAAGAGGATCAGGGATAGCCTCTGAGCTCGGGTTCCCAGGGTTCGTAGCTTCCAACGGCTGCGCGCGCACTTCGGTCGCGGGCGGTGAGGTGCTGTTGCTGAAACGCTGCCGCTGAGGGTGGACTCGATTTCCCAGGGTCCCGCCGCGGGAGTCTCCGGCGGGCGGGCGCGCGCGAGCCACCGAGCGAGGTGATAGAGGCGGCGGCCCAGGCGTCTGGGTCCTGCTGGTCTTCGCCTTTCTTCTCCGCTTCTACCCCGTCGGCCGCTGCCACTGGGGTCCCTGGCCCCACCGAC,3.1418295141511696,1.651604897448851
905,ENST00000367448.5,ENSG00000116750.13,UCHL5,193012250,193060080,19.99965620339077,1534,1031.69,86.9646,1.89914,CGAGCTCGGCGGCGGGTTTGCTGAGATCTGTGGCCGGCGGCAGCTGGTGCGGGGGGCAGCTGAGAGCGAGAGGTGGATCGGGGCGGTGTGTGGCCAGGGCC,10.530901462446565,3.3965570336000552
906,ENST00000367439.7,ENSG00000023572.8,GLRX2,193096468,193106114,46.14211141946828,701,364.816,144.0,8.89305,GATCCGCGGTGTCCGGCAGTAGAGCTCGCTGCAGATCCGGGCTCTGACC,5.188558640676514,2.3753338197485867
908,ENST00000367409.8,ENSG00000066279.16,ASPM,197084128,197146694,23.10663924280812,10887,8331.7,5925.48,16.0233,ATTGGTGGAGGCGGCAAGTTTAAACAGAGTCAAAACGCCATACTTGTTTGGCTCCTCTTTTTAATTTGCGAGTTTATTGGGCTTGTTTTCTGTTTTCTAGGGAGTAGGTTAGTGGAAAAGAAAAAGGGCCGAATTCACTCCCACGACCTCTACAGCCGCCCCTGAGGGGAAGCGGTCAGCGTAAGTCCCGGATCCCCGCTCCGGAGCCGCCTCGTGGGAGCGGGGCAAGGAGATCCAGGAGGGGTCTCGAATCTGCC,1.44206494559848,0.5281361400176647
909,ENST00000367405.4,ENSG00000177888.7,ZBTB41,197153680,197200542,11.190798627620538,8478,5687.14,372.677,1.47639,ATCTAGTTTTCCTTTATAAATCACTTAAGACACTTATGAAGTTTCTTGTTCTGAAATTGCTGTACTGCA,7.579839085621372,2.9221672213725904
911,ENST00000294740.3,ENSG00000162702.7,ZNF281,200404940,200410056,51.22652489414988,4891,4299.7,1308.62,6.85702,ACACTGCGCCGCGGCTGCGCAGTACACGGGAGGCTTTTAATTCCATTGTGGAGAGGACGGCGTTATTTTTATTAACTGGAGGCGACGGCGGCTGCGGCGGCGGCGGGACCCGCCTCCTCCGGGGT,7.470668729878268,2.9012373902832405
912,ENST00000367350.4,ENSG00000118193.11,KIF14,200551497,200620734,18.41641821310608,7274,5580.74,1023.52,4.13204,CTGGGGAGCCGGCGCTGGAGGTGGTGAGTGGCGTGGGGACTGTGTCGAGGGGGTCCCCAAGGTGCCGGACCCTGCGGAGGGGCGAAGTTTCGGCACTGGGGAGGGCGTGCGGACGCTTTCCCTACAGGCGACCACTGCTCTGCGGGCGGGTGGTCTTAGCTCCAGTCCCCCATTCAGTTCCTCAGCATTCCAGGTCGGCGGCGAAGGGGTCCCCGAACGAAGGGCGCAAGGCAGCGTCTCTGCTGGGACCGGGAAGCCGGACTTCAGGGCCTCTCGGCCCGTGGGCTTCTCCCCGAGTCTCCCCGAGTCGGTTGGCATTAAGAGTTTAGCAGATACTTTCAGAAATGGATACATAAGAAATGGCTGGAAATCAAATGAATGTCCAAAGAAGAGCTTAGGGTCTTAGTAACATTCTTTTTTAAAATAACTGTCTGCCAAA,4.4569796548692855,2.1560663753804126
913,ENST00000331314.10,ENSG00000118197.13,DDX59,200623896,200669969,17.82229958150367,2289,2040.44,444.01,4.90265,AAAGCGGGCTGCGGCCCCCTCCCAAAACCCGGGGAAGTGGATTCTACTCTACGCTCCGCTCCGCTCCGCTCCGCACCACCAACCCCGGGCCGCAGTCCTGACGAGCGGGTCAGGGCTTGTCGGGCGGAAGCCTGGCCTGGAGCCTGGAAGGGGGAGACGGCCCGAGCGGGAGCGGGAGCGGACGCGGCCTCAGTCCTGCGCGGAATATTGAAGG,3.6352380001639255,1.8620498209305598
914,ENST00000367334.9,ENSG00000116857.16,TMEM9,201134772,201171574,218.7722546503545,1529,1932.01,795.869,9.28101,AGGAGAGGGCGGGGACAACTGGGTCTTTTGCGGCTGCAGCGGGCTTGTAGGTGTCCGGCTTTGCTGGCCCAGCAAGCCTGATAAGC,23.572030915854473,4.5590041583548295
915,ENST00000367311.4,ENSG00000174307.6,PHLDA3,201464383,201469237,142.89919226217552,2640,3695.38,431.434,2.63037,GAGCGGCGGAACATGTAAGGGCACATCCCGCGAGCTGCCGCCCAGCGCGCAGACAGAGCCCAGGGGAGCAAGAGAACGGGCGGGCGGTGGGGCTCACGGCCTAGGGAGGCGCGGAGGCATCTGGCAGAGGCGGGTCGGGCTGGGCCAGCTGGGGTAGAGCGGAGGAGCGGGTGCCGGCTGAAGCGGGGCGGTGGGCGCGGAGCGCGCTGGGGGCACCGACACCACCTCACCGGCAGCCGGGTGCTGAGGGCCGCGGTGTGGGTGCGCGGAGCAGTCAGGGCGCAGGTGGGCAGCGCGCACGGCCTGCCAGCCCGGGGCGCCAGAATCCTGCGCTGCGGGGCCGAGAGGGGCGCCGCGCCCGCCGCAGCCTGGAGCTTTCCGCGAACCTCGGGGCGCCC,54.32665072296883,5.763588201452865
917,ENST00000272217.6,ENSG00000143862.7,ARL8A,202133404,202144743,23.72770183935388,1793,2347.83,581.376,5.57895,CGGCGAGCCGATTCCGGGGCAGCGAGTCGTCGGCAGCCGCGCTCGAGCCTCCGCCCGCACCGAGCCGCGGGACCCGGGCCGTACCGGGGAGGGGCCGCTCCGGGCCGCAGCGCGAGGGCAGCGAGGGGCGGCGGGGACCTGGCACCGGGCGGGGCCGGCGGCAGCGACC,4.25307662541408,2.0885068474652186
918,ENST00000367274.8,ENSG00000077152.9,UBE2T,202331657,202341980,248.1283872159372,922,730.541,1267.15,39.0793,GGAGCCACGCCAACAGTCAGAGGTCGCGCAGGCGCTGGTACCCCGTTGGTCCGCGCGTTGCTGCGTTGTGAGGGGTGTCAGCTCAGTGCATCCCAGGCAGCTCTTAGTGTGGAGCAGTGAACTGTGTGTGGTTCCTTCTACTTGGGGATC,6.3493559817073795,2.666610266039754
919,ENST00000367262.3,ENSG00000183155.4,RABIF,202878957,202889135,57.43939067494596,2430,2338.8,420.267,4.0485,CGCAGCCGTGGCTGAGGAGCCTGTGGCGGCAGCGGCG,14.187820347028767,3.8265810622937084
920,ENST00000367261.7,ENSG00000117153.15,KLHL12,202891100,202928636,19.07042677293989,3359,3382.71,737.721,4.91349,GTCATCACGTCGCGCGGCCGCAGGGGCCAGACCCGGACGGCTCCAGAGCCTCCAGAGCCTCCGGGTCTGGGCGGCGCTTCGGCTCCTCCCGAGCCGCCTGCTAGCCCCGCGCCGCACTCCATCCCCACAGGCTGGGGACGGGCCCGGTGCGGCTGTGTGGGTTCGGGAGCGGAGTTGCAGAATCCAAGGACCCATTTTGTTCTTTCTCCGCACTGCTTT,3.881238543874087,1.9565171049832486
921,ENST00000340990.9,ENSG00000159346.12,ADIPOR1,202940823,202958572,36.721300910691,2177,2629.09,3677.25,31.5123,CTCCGCGAGAGGGCCTAGGATTGGAGGGCCCAGGCAGAGCCCGCGAGGAGGTGACGCGGCTGCGGAGGTGACGCGGGAGGTCGCGCGCCCCTTCCGGCGCGGGGAGGGCGCTGAAGATCGGGGCCGCTCGGCCGCAGGCCGCCTCCAGCGCCGCGGGATGTAGCGCGGGGGACCGCGGCCCCCAGCAGAGCCCGCCTGCCCGGCTTGTCTACCATCAGAGGGAGATCTCTGCCCCCTGGGGCTGAGAGACCCCAACCTTTCCCCAAGCTGAAGCTGCAGGGTATTGAGGTACCAGCCAG,1.1653005623420378,0.2207021127116806
922,ENST00000367249.8,ENSG00000159348.12,CYB5R1,202961869,202967280,46.54075108124502,1651,1776.03,241.028,3.05759,CGCCCTCCGACCCGCCCCGCGGCGCATTGTGGGATCTGTCGGCTTGTCAGGTGGTGGAGGAAAAGGCGCTCCGTC,15.221383861552734,3.928027623205863
923,ENST00000367202.8,ENSG00000143845.14,ETNK2,204131062,204152003,4.6042151032252026,2434,3292.16,339.644,2.32437,CGGCGGGCCGCGAGCCGGCGATCGAAGCGGGCAGCTCGCGCCTGAGTCATGGACTTCCCCTGGCCCCTCCTCTACCACTCCCACTCCCTCGCCGGACCCCCCCGCCGGGGCTAGCGTCTGCCGCGGCTCCGAGGGGGTGGGGCTGCTGGGA,1.980844316191141,0.9861154965398147
924,ENST00000367188.4,ENSG00000158615.8,PPP1R15B,204403387,204411791,111.74144780770416,5227,5052.47,1643.58,7.32907,AGCCGGCCTACCCAGTCCTTCCGGTATCGCGTTGCTCAGGGGCTTTTCAACCCTCTGTCAGTCGGAAAACCATCGCCGAGGCCGTGGGGGGACTCCTATCCATGGTGTTGAAGCGTCGAGCCGACTAGGGAACCTCCTTCCCCGCCAGGATGGAAGTCGCATCAGTCGCCGCCTATTGCGCGGGCTGTTCTTCCCTGTGTTCTGCCGCCCGCTGCCGCATTCGCTGCCCTCTGTGGCTTTTCTGCTGGCTCGAAGATCGGCCTGGAGCAGCGACGCCACCGCTGGGCAAGGCCGAGACTCTGTAGGCTTCCTCCGAATCCCGTCGACCTCCAGCCGCTGAGCGCCGCGGCCCTACCTGAGAGACTGTCAAGAAAAAGGAG,15.246333819666638,3.930390464378542
926,ENST00000264515.10,ENSG00000117222.13,RBBP5,205086142,205122015,40.490888378328656,4404,4164.68,701.694,3.79602,GCGGGGCCTTCTAAGGCCGAAAGTCTTCGGAGCTTGCGCCAGTCTCTTCGCGGCGTCCACCACTTAGACGCAAGTTGCTGAAGCCGGCCGGGGAGAAGGTGTTGTTGCCGGAGCTGAGACCGGGCGGCCACAGTCCGCAGGG,10.666668873801681,3.4150377977996946
927,ENST00000357992.8,ENSG00000158711.13,ELK4,205597556,205631962,6.246285982870026,10239,8800.5,664.508,1.7012,GCGGCCGCGGAGGGCCTGGCAGGCCCCGCCGCTGCAAGGAACGCCCCGAACGCGCGCGCCCGGCGTGTAGCGGCCCCAAGACCCGCGCCGCCGCTGCCGCGTGCGGGGGCGGGGAGGGCGGGGCGCCAGGAGCCGCGGCGGCGGGAGATGCGGGCGGCTGCGGGCACCCGGCGGGCTCGGCTTGGCCGCCGCCGCCTTCTACGGCTCCGCCGCGGGGGTCGCAGCGGCTGCCGCGCCGTCCTCGAGTTTCCAGCGTGAGGAGGAGGCTGAGGGCGGAGAGGCGCATCGTGTTCGAGGCGGAGACCGAGGGGGAGCCCCGCGCGCGGCGTCGCTCATTGCT,3.671694088214217,1.876445863816787
930,ENST00000367142.4,ENSG00000069275.12,NUCKS1,205712819,205750276,869.7230639543766,6496,5681.72,14834.4,58.8237,GTCTCCAATGAGCAGGCGTGTTGGGGAGGAGCGCACAAACCCTAGTGGGTTTGGTTGCACGGCGGCTTTGGCGCATTTTCGGCTGGTTTGATTCATCCATTTTGAAGAGACGGGGGAGCGGGGGGCTCGTCTGTTCCAGGAGCCCTGAACCAAAGAGCAGCGGAGTTTGAGAAGCCAGCAGCTCGGGGTTCGGCAGCAGCGGTCCCATCGGCTGAAGTTCGGGGGGGGTGGGGCGCCGAGCGCGCGGGGTGGGGGGGGTCCTGGTCTTTGGCTTCTCGACTCGGTCCTGTTTCGACAGCGAAC,14.785249210001693,3.8860866556268667
931,ENST00000367139.7,ENSG00000117280.12,RAB29,205767986,205775460,20.712024688821607,3272,3269.92,385.302,2.65477,GGAAGGGGAGAGAGAGGCGCGCGGGAGGGCGTCTAGGGAATCGAGGTGCCGGCTGCTCCTTCCTCACAATTTGGTTTGTGCTGCAAGGGGAGGGTCCCCATCATCTGGCCCCAGTGGTGTAAGGAGCTGACTGGGATTCAGTCACTGACTTGGAGCCGCTCGGGGGAAGTCCCGCCCAGACAGGCGGTGGGTGGGAATGCCTCACTTCAGTTTGAAGAGGGTCCGGATCCAAAGGGGTTAAAACGAGCGACCCCCGATCCCCGACCACACTTCCCGCCTCCCTAAAACGCACACCCCGCTAGCC,7.80181510594952,2.963809808553391
933,ENST00000367137.3,ENSG00000133065.10,SLC41A1,205789093,205813748,9.549616198433707,4997,6553.77,861.077,2.96015,CCACCGGCAGCCAACCAGTTGGGCCCGAGTCCGCGGGCAAGAAGCGATTGGGGGCGCGTGAGCTCGGCTCCCCGGTCCCCCGTCCGGGTGCCCCCCCGCCGGGCCCGAAGCGATATATCCTGCCCTCCCCGGCCACCTCCCCCGCGTGGAAGCGGAGCGGCGGCCTCGCTGTAACGCAGAAGCGAAATGTAGCGAGCCGGGTGTCGCGGCTGGACGCTCGCCTTGGCTGGGGGTGTGGGGGGGCACGCCGGGGGCCAAGGAGGACTGTCGAGGAGGAGTGATGAGAAGAGGGGGTGCCCTGCACCCCCCGAGACCACGGGCCACGCTGCCACTTGCCAGGCGCCCCCCTTCCTCCCAGGCGAGGGGCAGGTGTTCCACACTGATTCTCGTGACTTTAAGGACCAGGGATTTGAAGAGGTATTAGCTCTTCCCAGGAAGGGAGGAAGTTTCTGGAAGAGAAGGGAAAGACGGCAGACGCTGCGCTGGGACCAGCAGAGCCTGAGGAGCTGTGGGAAGCTGACAGAGCCCAGCCAAAGGAGCGGGAAGGAGCCGCAGCCCCAGGCTGGCACTGTGTTCTGAAAGATTTGAACTCAAGCTGCTTTTTACGGAAGAGGGGCCACTTCAGAGGGCACCCCAGAATTTGGTTGAGCTCTTCTACTCTGGATGCCCCCTGCTCTGAGGAGCCTGCCACTGAGAACCAAAGAAGATAAGAGGACAGATACTTTTTCTTCAAGCACAGAGCTGGTGGGTTGGAGTCAGGCATCTGCACCCCTAGTGGCTGTCTGGTGAGGAATTTCTTGTTTCTTCCCAGCTTGCGGCTTCAGTGCTTGATGGGGCTGCCTGTTGGTGGATCAGTTTTTGCAGTGCCTGGTAGGAGTGGAGAGCCGTGGGAAGAGGTCCTGCGGCGCCCAAGCCTGGGTTCACCCCAAGACTAAGTTCTTTCCCAAGTTAGAGAAGAAGAGAGAAAGCAAAAAGAAGAGAGGAAAGTTCTCCCTTCCCCTCCTCCGTGCCTGTC,3.226058205980679,1.6897724684756161
934,ENST00000271764.6,ENSG00000143486.15,EIF2D,206571292,206612463,27.17904148396868,2005,2490.62,1200.44,10.8592,CGCGGCCGGGCCCCAGCATGGCTGCCCCCACGGCTGAGGGCCTGGCAGCTGCTGCGCCCTCGCTTTCTTGACATTCCCTGGCTTCTGTGCTCTCTTCCCCAGGCCACCCCAGCAGAC,2.5028585424311807,1.3235767545100383
935,ENST00000315927.8,ENSG00000180667.10,YOD1,207043849,207052980,24.297871561738653,6265,4850.48,870.59,4.04381,CCGCACCGAAGCGTCGCGATAACTGCAACCACCCGCAACTTCTCGCG,6.00865806299966,2.5870428242097807
936,ENST00000367001.4,ENSG00000170385.9,SLC30A1,211571568,211578742,51.396276745490034,5474,4358.62,629.0,3.25135,CCTCAGCGGTTTCCCGAACGGCCCGACTCGGGCGCTCCTCCGTGTCGCGGTCGCCGACCCTCCGCGTCCCGCCAACGCCGCCGCTGCACCAGTCTCCGGGCCGGGCTCGGCGGGCCCCGCAGCCGCAGCC,15.80767273455335,3.9825530791895254
937,ENST00000366999.8,ENSG00000117650.12,NEK2,211658657,211675630,25.254012921753095,2131,1599.6,593.471,8.35893,CGGGGCCCAAGGCAGGGGTGGCGGGTCAGTGCTGCTCGGGGGCTTCTCCATCCAGGTCCCTGGAGTTCCTGGTCCCTGGAGCTCCGCACTTGGCGGCGCAACCTGCGTGAGGCAGCGCGACTCTGGCGACTGGCCGGCC,3.0212016276907563,1.5951224692571109
939,ENST00000366997.8,ENSG00000123684.12,LPGAT1,211743457,211830772,30.496150036254317,7782,6473.22,1985.55,6.9107,CTCCCCGCCAGTCCGGGCGAACGCGGCCGGGCCCTTGGGGACCGAGTCTCGGCGCCGCCGGGGAACGGGCGCGGGCCGCGCCACAGCCGGAGCGGGGCAGGGCCCCGCCACCGCCTTCTTCCGCCGGCCCCGCCGCCGGCCATGCATTCTTCCGGCTCCTCTGACTCCCAAAGCCCCGGCTGGGGCCCGGCCAGCCCGAGAAAGACAGGACGGAGTCCAGTGTGAGA,4.4128887140599815,2.141723365329264
940,ENST00000366994.7,ENSG00000143493.12,INTS7,211940399,212035542,53.09793299343245,4417,4001.03,805.206,4.53416,AGCGCGCGGAAGAAAAACCAGCAAGAAGGCGGCGGGGGAAGATGGCGGTCCTGGGGTAGAGTTTGCAAGCTTTCTGACTAGGCTAGTCGAGTAACTATTCGGGTC,11.710643866434456,3.5497484941573503
941,ENST00000261455.8,ENSG00000065600.12,TMEM206,212363931,212414901,32.24139100902987,2475,2313.82,197.454,1.92264,ACGCCTGGTCTCTGGGACGCCCCTCCGGACCGGTTTCGCCTCGCGGAGCCGGTAGGTCCAGGTGCAGCGGCCGCAGTGCTGCGTCCGTGCGCCGCGGGCTGGGGCGGTCTCAGGTGTGCCGAAGCTCTGGTCAGTGCC,16.769333317225207,4.06775342904592
942,ENST00000243440.1,ENSG00000123685.8,BATF3,212686418,212699985,16.050129117379488,980,1097.13,95.5292,1.96174,GGGGCAGACGTGGGACGGGAAGGACGGCTGCCGGGACTGGCGCGCGGGGACACTGGGCCGACGCGTGGAGTAGCGGGGAGAGCGGGAAGCCTGAGGGGGCGGGGCCGGCGCGAGGCCGTGGGTGCGGCACGAGGATGCCGGCGGCGGGACAGCGCCCGTAGGCAGCCCCACGGGCAGGGCGCGCGGGCGGGGCGGGGCGGGCCGGGCCAGAGGAGCGCCCGGC,8.181578148673875,3.032379152172666
943,ENST00000366977.7,ENSG00000117697.14,NSL1,212726153,212791782,52.02590188881814,2317,1675.02,932.985,12.5492,CCCACAGTTCCGACGAAAA,4.1457544615448105,2.0516346732245703
944,ENST00000366962.7,ENSG00000174606.13,ANGEL2,212992182,213015826,26.75270042055532,4649,3682.2,492.33,3.01239,CGGCGAGACTGCACCTCCCAGCATGCCTTGCAGCCAGGACTGGAGTCGGTACTTAAGAGTGATGGGGTTCCCTAGATACTTTAGGCCGTCGCATCGATTATAGAGATTGAGGTGGAACCCGGGGCCTGGGAACTGGACGCACGCGGAGGGCGAAG,8.880888736370563,3.1507040584894366
946,ENST00000366956.9,ENSG00000152104.11,PTPN14,214344172,214552449,15.781855750091257,12985,14176.2,2231.82,3.547,CCGCGCGGGACTCCGGGGCGCCACGGGGGCCATGTAAGCAGCTATCTTCCAGAGGGCCACACTGGGCATGGACACCCTTTTCCCTGCCTGGAGGAGCACAGGTGATAGTGTAATTTTCCAGTCACGAAACTGCTAAGGCCATCTCAGGGGCGTGTGCGCCAGGATAGGCGGGCGGCGTCCGAGGACCACATAGCC,4.449353185816537,2.1535956229466273
948,ENST00000366934.3,ENSG00000092978.10,GPATCH2,217426992,217631082,14.479663512267166,3218,2388.91,278.054,2.62235,CCGGAAGCTCATCTCAAAATGCTGAACTGCTCTTTGGAAGTCGCCGGTGCTGTTGTAGTTGGAGTCTGTTCACGGGCCTGAGCTTCGAGGCCAGGCTCCCGGGTGTCGTTA,5.521636513915826,2.4650959192857886
949,ENST00000366923.7,ENSG00000136628.17,EPRS,219968601,220046658,136.31410475632035,5014,4473.24,4621.57,23.2771,AGCACGAAAGGCCACGCAGGCCGTTCTAACCCTGGCGGCCAAGAGGAGGGGTAGCAGGCTCTGGAACCTGCGGGCGGGGACGAAGACGGCGCGCGACGATGTCGCACCGCGGCGTGCGCGGTGTCGGCAGTAGCTGCGGCGCAGGGGCGGAGCGAAGGCTGCGGCGGCGTCGGGTACGCGCACACGTTGCATCTTCTTCCTTTCGCGGGGTCCTCCGTAGTTCTGGCACGAGCCAGGCGTACTGACAGGTGGACCAGCGGACTGGTGGAG,5.856146373745885,2.549951614079292
950,ENST00000358951.6,ENSG00000118873.15,RAB3GAP2,220148293,220272454,21.70921254431658,7257,6400.15,1388.54,4.88798,GGTTTCTCCGCCTTCTGCTTGGCTAGAGCTATTGGGGCTCGGTGGCGGCCGCAGTGGGGTGGAGGGGGCAGGGCGTGGTGAGGTAAGGTGAGTGCCGTAGTGGGGTTCCCTGGAGCC,4.441346434379146,2.150997108946905
951,ENST00000343537.11,ENSG00000143514.16,TP53BP2,223779899,223845972,36.29931938692257,4651,5036.33,2512.07,11.2378,GCTGGGGCCCGACCCGGGATTAGTTGGTTTCGGAGCGGAGGAGGGAGCCCCGACCGTCACGAGCGTCGAAGAGACAAAGCCGCGTCAGGGGGCCCGGCCGGGGCGGGGGAGCCCGGGGCTTGTTGGTGCCCCAGCCCGCGCGGAGGGCCCTTCGGACCCGCGCGCCGCCGCTGCCGCCGCCGCCGCCTCGCAACAGGTCCGGGCGGCCTCGCTCTCCGCTCCCCTCCCCCGCATCCGCGACCCTCCGGGGCACCTCAGCTCGGCCGGGGCCGCAGTCTGGCCACCCGCTTCC,3.230109041531489,1.6915828680218055
952,ENST00000482491.5,ENSG00000143748.17,NVL,224227334,224330387,2.9130933383655626,3003,2939.98,466.814,3.57735,CTACGAGGCCCCCGGTTGACTAGGAGCTGGCGGTCCGAGCTGTGGCTTGGAAGACCGACGCGATGAAGCCCAGACCTGCAGGGTTCGTGGATAATAAACTCAAGCAGCGAGTCATCCAGTACCTTACCAGTAACAAATGTGGCAAATATGTGGACATTGGAGTCTTAGCGTCTGATTTACAAAGAGTGTACAGTATAGACTATGGTCGAAGAAAAAGAAATGCTTTTAGGATTCAGGTAGAAAAAGTATTTAGCATAATTAGTAGTGAGAAGGAACTTAAGAATTTAACAGAATTAGAAGATGAACATTTGGCAAAAAGGGCAAGACAAGGTGAAGAGGATAATGAGTATACTGAAAGCTATTCTGATGATGATTCAAGTATGGAAGACTACCCAGATCCACAGTCAGCAAATCACATGAACAGTTCCCTGCTGTCTTTATATCGGAAAGGAAATCCTGATTCTGTTTCAAATACTCCTGAGATGGAGCAAAGAGAAACCACCTCTTCAACACCACGGATAAGTTCCAAAACAGGCTCCATTCCCTTGAAGACCCCTGCCAAAGATTCTGAAGGAGGATGGTTTATTGACAAAACCCCAAGTGTAAAGAAAGACAGTTTTTTCTTGGACCTGTCATGTGAGAAAAGTAATCCTAAGAAGCCAATAACTGAGATACAGGATTCAAAAGATTCTTCTCTTTTGGAGAGTGAT,0.8143159988163201,-0.2963393477437917
953,ENST00000414423.6,ENSG00000162923.14,WDR26,224385143,224437033,91.18644055853396,6872,5954.4,3065.49,11.5991,CGGAGGGAGTAGGAGAGCCCGGGGCTTCGGCAGGCAGAGCAGGCCTCTCCCCTCCGTCCTCGTCGTCCTCGTCCTCCTCCTCCTCCTCCTCCTCCGTGGTGGTAGTGGTGGGACTTCCCCCGGCTGCTGCCCCTCCCGCCGCCGCTGCTGTCCCCCACCGAAGTAGCGGCCACAGCCTGGTCAGCGGCAGCATC,7.861509992890307,2.9748064435307477
954,ENST00000272163.8,ENSG00000143815.14,LBR,225401502,225428925,359.3433352011389,3745,2787.33,4461.53,36.0627,GTCGCGCGCGTGGATCTGCCGCCGGGTTGCTGTGCGACTATTCTCCGGGAGCCGTCCGTGTCACCGCCGGAACCTGGCGCAGGTTAATTATAGAAA,9.964404639728555,3.316783608479243
957,ENST00000366843.6,ENSG00000154380.17,ENAH,225486835,225653142,80.78884147156718,2758,3080.15,823.003,6.01994,CGGCGGCCGGGCGCGCGGCCCCGGCGGGCACCCCTCAGAGGGCGGCCGAGGAAGCTCCGGGAGGAGGAGCAGGACCACGAGGAGGTGGGAGGCGGCGGCCGCCTGGGGACCAGCTCCGCGCCTCGGCCTCTCCGCCCCCTCCCCAGCCTTTCTCTCGCCCTCTTCTCCCACACTCCCGGCCGGCGCCTCGGCTTTGTGCGAGGAGATGGTGTAGCCCCCTGGCCGCCGAAGGAGGAGCCGGACACTTGTCTCCCGTCTCCGAGCTGCTCCCCACCCCTGGAGGAGAGACCCCCCCCTCGGCTCGGCGCCTTCTGCGTCTCCCGGCTGGTGGGGAAGCCTCTGCGCCGCCGGCACC,13.42020709036422,3.746335029162887
958,ENST00000366835.7,ENSG00000196187.11,TMEM63A,225840883,225882369,26.629721033220594,4098,5773.02,467.176,1.82322,GTAACTTTTAAGTGGTCGGAACACGCCCCGCGCTGCTGGGTCCCGCCAGACACGCCGCCGCCGCAGGAAAGTCTACAGTTTGGTACCCCAGGACTCGCTGGTCAGGAAAGCCCTGCAGGACATGAGTGTTAGGCCCGACGCCTGGCCCTTGGCAGCTTGGGAGGTGGCTGGGGCTGCTTTTGCCTTTGCCAGAGACAGCTCCAACTGAGGACCTCTCCAACGGGCCCATCCACAGTCCTTCCTTCCCCTAGTGTCTGGGAAGACAGGCGCG,14.605873692270047,3.868476754581681
960,ENST00000343818.10,ENSG00000143811.17,PYCR2,225886282,225924340,235.17365213785,1689,2209.85,1143.5,11.6583,GGTTGCACCATCCCAGAAGCTGCTGTTAGCTCGCCGGTCCTCGGCACGCCGCCCGTTCGCCCCTGCGCTGTCCGCCCTTCCCCTAGCGTTACTTCCGGTCCCTCGCTGAGGGGGTTCGTGCGGCTCCCAGGAGGCGTGAACCGCGGACC,20.172207966671813,4.33429709892896
961,ENST00000272091.7,ENSG00000143751.9,SDE2,225982702,225999331,102.71711140733642,3975,3547.1,1577.23,10.0181,GGTTCGGGTAGTCGGTGAC,10.253152933923241,3.3579957141476204
962,ENST00000366812.5,ENSG00000182827.8,ACBD3,226144679,226186730,69.07590925434654,3573,3124.15,1827.55,13.1795,GGAAGTCGATACGTGGCTGCCGTCTGTCCCCGCTGAGGAGGTGCAGCAGCCGGAG,5.241163113497973,2.3898870086844286
964,ENST00000481685.1,ENSG00000183814.15,LIN9,226231149,226309869,20.54468106370552,1916,1386.81,88.0449,1.43038,AGCGCGGCGCCGCGGGCAGCGAGCTCCGCATTCGAACCTCCCTCGCAAAGACAGTCTCCGCCCCACA,14.363093068768803,3.8442945595398963
965,ENST00000366794.9,ENSG00000143799.12,PARP1,226360691,226408079,332.34776263275506,3958,4412.19,17275.5,88.2143,CGGTGGCCGGTGCGGCGTGTTCGGTGGCGGCTCTGGCCGCTCAGGCGCCTGCGGCTGGGTGAGCGCACGCGAGGCGGCGAGGCGGCAGCGTGTTTCTAGGTCGTGGCGTCGGGCTTCCGGAGCTTTGGCGGCAGCTAGGGGAGG,3.7675043913827473,1.9136091934216182
966,ENST00000366769.7,ENSG00000143776.18,CDC42BPA,226989865,227318474,10.992456733712908,10855,10642.1,948.529,2.00811,TCCGCAAGCCTCCGCCTCTGTGCGGCGGGACTGGAGGAGCCTCGCTGAGCCCAGGGCGCGAGCGCGAGAGGAGAGGGAAGGCGGGGGAGGGCTGGAAGGGAGAGGAAGGGAGTGGTTGGGAGCCGGGCTGCCGCAGCCTCTAGTCTCCTCAGCCGCGGAAGCGACCCCTCCTCCTGCGCCGGGCCGCCTCCCTCCTCGCTGTGGAAAGATGCCCTTAGCCCAGGGGTGTGAAGAAGGGGGAGAAGTAGCTGCCAGAGCCGCCCGCGCCGCCGCCGCAGCTGCTGCTGCTTGTGTCCTTTGAATTCAGAGAAGCACCCCCCCGCCTGGGGCGTCGGGAGCCTCCGGCGCGGCGGCCCGGTGCGGGTGTCGGGGAGACCGGGCTCTCTGCCCGGCGCGGCGCGGCGCGGCTCGGCCCACGAGCGACCACCGACATGGAGTGGGCTCGGGCGGCCAAGTAGCCGCTTCTCCGGAGCCCGGTGCCAGTGCCGCCCGCAGCCCGCCTTCCACCCCCGGCCGCGCCGCCGGTCAGGCCCTAGGGTGAAGCCGGGAGGAAAATGAAGAGTTTTCACCGGAATCCGTTGAAAATAGGACTGACTGCAAAGCCTTAAAGAAAGAAGGACCTCGGGAGGAGAAACGAAAAGCCGCCTCCGGGCAAGACTTGGCGTGCTCCGAGCCGAGGGGCTGCTTCAGGGACCTCGCCCCCTCCCTTTCCCGCTGGAGAAATTGCCGCTGATGCATTATCCAAGTGGTGGTTGGGAGGATTTGCAGCAACATTTTTGGTTTTCCCTCCCCCTTCTATGCATTCTGTTTTTTTCCTCCCTTTTCTGTTTTTCTTCTTCCCGGGAAGTGAATTGCTGATGCAAATCGGACTTTATTCATTAATGATGCAACCGGATTCGTTTCAGGATTACGTTGCACGAGTTGAATTTTGAATGAAGGAGAAGAGTTTTTTTTTTTTTTTTTAAAGAAGTGTTGACTCTCTAGTTCGTTGTACTTTTAATTATTATTTTATTTAAATATACGACTTAATTGTATTCTTTTAAAAATGCATTAAGTATATATTTTATGGTAATTTACCCTCAAAATATATGTATATGGGTGAAATTGAAGACGCTTCAGTTAAGTGAGGTTACTGGTGTGTTGGATGTTTAATTCAGCACCAGCATTGCATGACAGTTGTTTGAATAACAAGTGGTTTATTTTTAAAACCATACCTTTTAAAATTTAGGTTCAGATAATAGTAAAAGTCATCATAATAATTTAAAGGAAAACCAGCAGAAATCGAAGCAAAC,5.474031170460238,2.4526036497814907
967,ENST00000272139.4,ENSG00000143793.12,C1orf35,228100726,228105411,34.00999000290448,1427,1850.09,539.519,6.57017,AGGCGCAGTGCGCAGGCGCCCAAAGCCGACGTGGAGGTGATGCGCGGGAGCACAGATCCGGGGCAGTGCGCTGCGCAGAGGCGCGCGGCGAAGCCGAGTGGGCGCGGGAGTGACGTCACGGCGCGCGACGCGGAGGCGGGGTCGGGCCTGGGTCCGACGGTAGTGGGTAGCGGGTCTCGGGTTGCGGGTTGCAGGTTGCAAGCCGCAGGCCCCAGGCAACTGCCTTCCCGGCGCC,5.176424659164752,2.371955976785634
968,ENST00000284551.10,ENSG00000154370.14,TRIM11,228393673,228406840,37.55700905611353,2715,3997.47,470.675,2.65276,CTTCCGCCTCGGCTCCTCTTCCTGCCGGCATCCGGGATCCCTACGTCCCGCGTCCCCCGAGCGCTCGGAGCCTACGCGCCCAGCGCTACCGAAACCCAGAGTCCTGCGCCCTGGAGTCCCCGCGCCCCGGAGCCCGAGCACCCGGGAGTCCCGAGCCTCGCGCCCCGGAGTGCCCGAGCCTGCGCCGCCGCACCCGGATACCCCGCGTCCCCGCGAGCTGCCGAGGCCGCCCGCCGCCGCCCCGCGGACAGTACCGCCTTCCTCCCCTCTGTCCGCGCC,14.15771085816792,3.8235161116821557
970,ENST00000366695.3,ENSG00000181218.5,HIST3H2A,228456979,228457873,2590.330159829255,895,917.017,657.0,16.1417,CTCTTGTTTTTAGTCTCGCTTTTCGGTTGCCGTTGTCTTTTTTCCTTGACTCGGAA,160.47443328950823,7.326199655941431
971,ENST00000261396.5,ENSG00000069248.11,NUP133,229440260,229508341,136.11574452231443,5207,4702.88,3608.42,17.2868,CTCTTCCCTTAGGTGTTTAAGTTCCGCGCGCAGGCCAGGCTGCAACCTGACGGCCAGATCCCTCGCTGTCCTAGTCGCTGCTCCTTGGAGTC,7.8739699957374665,2.977091215026388
972,ENST00000344517.4,ENSG00000135776.4,ABCB10,229516582,229558695,31.50985961400166,3857,3587.42,1342.71,8.43258,CGCCTGGCCGGCGGGCTGAGGCGTACGGGTCGCACGCAGCGCC,3.7366807802596194,1.9017573214367829
973,ENST00000366663.9,ENSG00000119280.16,C1orf198,230837119,230869589,72.81908223641943,3858,4570.56,1296.69,6.39187,TGGGTTGGCTTGGAGACCCGGGTACGCGGCGGTGCAGGGCGGGGTTCCCGGAGGGGGCGGGGCTCCGGGTGGCGCGGGGCGGGGCGAGGGCGGGCACAGCGAGGGGCGGGGCGCGGGCCGGGAGCGGCGGGCAGGCCGGGC,11.392453575623321,3.510006586461947
974,ENST00000366661.8,ENSG00000143643.12,TTC13,230906243,230978875,53.38246236124333,3253,2918.51,1229.17,9.48881,GAGGGAAG,5.6258332036623475,2.49206677984487
976,ENST00000366654.4,ENSG00000182118.6,FAM89A,231018958,231040246,38.999184904070106,1495,1526.55,691.16,10.2007,GCAGCGGGGCAGGCGCGTGGCCGGGCCGCGGCGCG,3.823187124812033,1.9347758142012257
977,ENST00000366649.6,ENSG00000143633.12,C1orf131,231223763,231241187,62.294468830618,1424,1153.1,564.544,11.0304,CGGAAGCGGGGGTGCAGCGCGGCAGA,5.647525822329018,2.4976189621054514
979,ENST00000366645.1,ENSG00000116903.7,EXOC8,231332753,231337852,66.02990442568795,5100,4647.72,1031.37,4.99963,ATTCCTGCTTCCTCAGCCCAGGAGCTCGGTTGGCCTTGGGTGGGTCTAGACAGCCGCGGCGGCTGCGGCGCCGATAGTGACAGTGAGTGCGTGAGACCCGGAGAGAA,13.206958200044394,3.7232263211212273
980,ENST00000366641.3,ENSG00000135766.8,EGLN1,231363751,231425044,87.30638548832682,7097,6835.81,1278.75,4.21463,TTAGGGGCAGAAAAACATTTGTAATAATTAATGGCTTTGAGAGACACAAGGCTTTGTTTGCCCCAGAGTATTAGTTAACCCACCTAGTGCTCCTAATCATACAATATTAAGGATTGGGAGGGACATTCATTGCCTCACTCTCTATTTGTTTCACCTTCTGTAAAATTGGTAGAATAATAGTACCCACTTCATAGCATTGTATGATGATTAAATTGGTTAATATTTTTAAAATGCTTAGAACACAGATTGGGCACATAACAGCAAGCACCACATGTGTTTATAAGATAAATTCCTTTGTGTTGCCTTCCGTTAAAGTTTAAATAAGTAAATAAATAAATAAATACTTGCATGACATTTTGAAGTCTCTCTATAACATCTGAGTAAGTGGCGGCTGCGACAATGCTACTGGAGTTCCAGAATCGTGTTGGTGACAAGATTGTTCACCAGCATATGGTGTGGTGAAAACTCACTAATTTGGAATTAGTTCAGATTATTAAGCCTGAATAGGTGAAAATCCTGAAATCAAGGATCTTTGGAACTATTTGAAATCAGTATTTTATATTTTCCTGTTGTATTCATTAAAGTGTTGCAAGTGTTCTATTTGATGGATTAAGTATATTTAGGATATACATGTTCAATTTGTGATTTTGTATACTTAATTGGAACAAGAAAGCTAATAAAGGTTTTGATATGGACATCTATTCTTTTAAGTAAACTTCAATGAAAATATATGAGTAGAGCATATAGAGATGTAAATAATTTGTGGACACACCACAGACTGAAATAGCAAATTTAAAAGAAATTGTTGGAAGAATCAAGTGTTTGTGGAATGAGTCCTCCTAGTAAAGTTCCTGCTCTTGTGAATAATTAAGCCTCATGTATAATTACTATAGCAAAAGGAAGCCTAAGAAGTATTAGACTCTACTTGTATTTAAATTACATTTTACATAATTTATGTGTATGAAAAATGTTTTAAATGCTTATTTTCGTAAGCCATGAGATAGCTCCTTTATATTTTAAGAATTTCTGAATTAATTTGCTTGGATTTTATTAGTGCAAATGGCAGAGCTAGCAATTCCTTTTTCTGTGTTCCCATTCCATCCTATTCATCCCTCTTTTAGGAAACTCTGAACTCTGGATTGTCCTTGTTTACATACCTGCCTCCTGCATTGGACTATGTGTCTCTGAGTGTAGTATGACTAATTCATTTGTTTGTCAAGGACTCTCAATGCATTTGTTGAACAGCCTAATTAGTAATGTCTGCAACAATGACATTTTACTGTATTTAATAAAGCTCTGGGAAAGTAGGATACACATAAGACAGGTCTAGGTCTAAATTCTTTACAGAAACTTGGATTTTTAGTTCGGTTTGAAATTTGAAGATGTGAGTATATTTATCTCAGTTTCCCAAAGGACAAGCTAATTGGAATTATCATCCTCTTTCACTTGATTGGATCCCCAGAATGCCATTTACGCATGCAGCAGGATTTTATAACAGTTTTAAATTCTGTATATTTGATGAAGAGGTTTTATATTTTTGGATTCAAGCCTCTTTTTAAACTTCTACAATATGGTTTACAATAATTCCTTATATCCTGCTTTTGAAATACATATTACAACTTTTTAAGTTTGGAAGGCTATATTTCAAGGACTGAAGTTACAGTATACTCAAGTGATACACAAGCCTAGCACCCCACTTTCCACATAGTGTTCGATAAAGATTGATAAACTCGAAATCACAGACCTTTTAATTCTTAAGACAAATAGCAGCAGAAAGAAACATCTTTGGCTTATTTCTGGTAAGGTTTTTATGCTCTGTAAAACAAAGAATTGTATTCATCCGCGCAGCACAGATTCTATTAAAAATAAATGTGAGAGTCGTTAATGTAGTACTGCTCATTTACCATCAAAATTCACTTTTCAGGAATAATCCCATCAGTTTAAATTGGATATTGGAATGAGCATTGATTACATTTAACTTGGTAGCCCAAAATTTCTTCATGGGGTTTTGAACTCGGCGGGATTTCAAAGGTTTTAAAAATGAGTTTTTGATTTTTTTTAAAACCCTCAAATTTCATTACCTTTAAACTAGGTCGAAACGGGGCGCAAGAGATTGGATTAACACCATAGTAATACTTATTTTGTTCTTAACCATTTCAGGGCTTCTTGAAATAGAGGCTGTATGGTGTAATGGAAAAAACAGCCTTGGAATCTGGGAGCCTGATTCCTGGATTCAGTCCCAGTTTTGCGTGACCTTGGGCAAGTTACTTTACTTCTCTGAATTTCCGTTTCCTCCTCTGCAAAATGAGGATCGCAATAGCCACCTTGCAACCTTGACTGGAGCGAGCCTCGCACACCCCGCGCCGGCCTGGAGGAAGAGCAGCCATGATTACGCCGCCTTCGCTCCGCTACCCGCTTGCGGCTGGCGCCCTCCTCCAGCAGGTGTAGGCGCTGCCGCGCTGCCCCACGCCTTTCCGCCGCTCGCGGGCCTGCGCCTCGGCGTCCCCGAGGAGGCCGCTGCGGGCTGAGGTAGCGCACCGGCCTCTCGGCGTCCCAGTCCGGTCCCGGGCGGAGGGAAAGCGGGCGACCCACCTCCGAGGCAGAAGCCGAGGCCCGGCCCCGCCGAGTGCGGAGGAGCGCAGGCAGCCCCCGCCCCTCGGCCCTCCCCCCGGCCCTCCCGGCCCTCCCTCCGCCCCCTCCGCCCTCGCGCGCCGCCCGCCCGGGTCGCCGCGGGGCCGTGGTGTACGTGCAGAGCGCGCAGAGCGAGTGGCGCCCGTATGCCCTGCGCTCCTCCACAGCCTGGGCCGGGCCGCCCGGGACGCTGAGGCGGCGGCGGCGGCCGAGGGGGCCGGTCTTGCGCTCCCCAGGCCCGCGCGCCTGAGCCCAGGTTGCCATTCGCCGCACAGGCCCTATTCTCTCAGCCCTCGGCGGCGATGAGGCGCTGAGGCGGCTGCCGGCGCTGCGCCGGAGCTTAGGACTCGGAAGCGGCCGGGCCGAGGGCGTGGGGTGCCGGCCTCCCTGAGGCGAGGGTAGCGGGTGCATGGCGCAGTAACGGCCCCTATCTCTCTCCCCGCTCCCCAGCCTCGGGCGAGGCCGTCCGGCCGCTACCCCTCCTGCTCGGCCGCCGCAGTCGCCGTCGCCGCCGCCGCCGCCGCC,20.715077121438142,4.372609286312821
981,ENST00000366630.5,ENSG00000116991.10,SIPA1L2,232397965,232561558,5.288809834496075,6690,7820.72,1017.52,2.93128,ACTAGGGGTGGGCATTGTGTGTGGCTCCCCTGTGGTAGAGAAGGACATCGGATGAACATGTGATCTGTGTATCCAGCTCCAACCCAAAAGGTGAAGGAAATACTCATGACCAGCCAGATGTCTTAAGGAATGCTTTTGAAAAGAACAGAGGCGTACAACATTATTACGACAACAGAGAAGCAAGTTGGCTTTGAAGAAACTGTATTCTGAGGATGTTGTTTGCTTTGGGCTAAGAAAAGAAAAAATACAACTACAGACAAAGCCTTTATATCTGCAAGTATTATGGCGTGGTCGGTAGCAATGTAATTAGATTTACATCAGTCTTCCTGGTGAGACTTGGAGGCTCTTCCTCGGTAGAC,1.8042663391064908,0.8514123196056225
982,ENST00000366609.3,ENSG00000168264.10,IRF2BP2,234604269,234609525,47.470966180832185,4663,4897.62,848.178,3.90178,CTCCTCCTCCGGCGTCGCGGGCTCCTCGGAC,12.166489699786299,3.6048410736850944
984,ENST00000366607.4,ENSG00000173726.10,TOMM20,235109336,235128936,281.55597457689936,3387,2957.02,6656.38,50.716,GCAGGCGCAGGAGCCGCGCTCTGGGCCTCTGCTCAGGCTCTGCCGCGGACGACCTCGAGGCCCTTAGTTGACTGGGACCGGAAGTGGCGTGTGCTCGGCCTTTCTGTGTTCCTGGCCCGCGGCCGTCGGGTGTGAGCTGCGCCGACCGCTCTGAGGGTTCGTGGCCCACCGCTCCTTCGCGGTCCCTGCCGCCACCGTCCACGCTCAGCGTTGTAGAGAAG,5.551620288999514,2.472908896102238
985,ENST00000366600.7,ENSG00000162885.12,B3GALNT2,235449923,235504481,16.948462802255204,2015,1977.13,474.339,5.40524,AGGCGGAGGGGGCGGGGCTTCGGCCGGCTAAGCCGCGGCCACCCGCGGTCTGAGGGACCGGAGGAGCGGGGCCGGGAGCTGCGAGGAGCCCCCCAGACGTCGCCGAGCGCGAGGGCGGGCGTGCTCGGAGTGGTCGCTCGTCAGCCGCCGCCCCTCAGTCTCCGCACTTGCAGGTCCCCTCCCTCTCCGCCGGGACGCGGGAGAGCCCGGCTCGCGGCGGGGGCGGCCA,3.1355615666011505,1.6487238471093633
986,ENST00000391854.6,ENSG00000168243.10,GNG4,235547687,235650754,13.105323804464216,5104,5877.8,390.851,1.49816,GGGGGCGAGGGTCGCAGAGTCGCCGGCTCTCCCTTCCCCAGTCTGGGCCCCCACGGCACAGGGGGCCGAGCAGAAGCCCCCAGCGTCCAGGGCCGGGGGAGGGTCCGCCTGCGCCCCCAGGCCCGCGTGGTCGGGCCCTGCAGGGCGGGAGGCGCGGCGCGGGGCGGGGCCGGTGACGGGACGCGGAGACCCCGCGGGCGGCGGGAGGGGCACGAGGCGCGCGTTTGCACCCGAGCCCGGCCCGCGCCCCGATGCGGAGCGATGCCGCTCGGCCTGGCCGCCCCCCGCGAGCACCGCGCTGCAGACGAAGCCCGCGCGTGATCCCGCTCCGGGTGACCTCAAAGCAGAAGCTCTGAATTCACCTCTCATCTGACGACTGACAGCTGCTGCCACCGCCAGCCTCTGTCCCTTGCCCAGGCCTGTCACACGGCTGCCTCTCAGCAGGGGCAGTAGA,8.74761294151774,3.128889386400327
987,ENST00000389793.6,ENSG00000143669.13,LYST,235661041,235883640,1.3907490518213892,13480,11791.2,938.21,1.79269,GCGGCGGCGGCAGCGGCGTCGGCTCGGGGTTCTCCGGGAGAGGGGGAGTGCGCGGCGGCCGCAGCTGCCACAAACCAGGTGAAGCTTTGTTCTAAGAATATTTGTTTCATCTAGTTTATGAGTCCAAATGATATAGACTGTAAATGTCACAGCAGTGGTGAAAGACTGCTCGGTC,0.77578892715494,-0.36626391047545054
988,ENST00000264187.6,ENSG00000116962.14,NID1,235975830,236065162,70.19349054998486,5864,7202.53,3562.55,11.1439,GGCTGCCAGGGGCGTCCGGTTACATCCCCGCCTTCCTCTGTCCTGGCCGCGGGACCGGGTTTGCGGGACCGCAGTTCGGGAAC,6.29882631304883,2.65508303018533
989,ENST00000354619.9,ENSG00000086619.13,ERO1B,236215555,236281985,34.87706964474286,4567,3456.03,852.028,5.55442,AGTGGGGGCGCTCGCCTTTCCTGCCTCACTCGCAGCTGCCGGGTGTTGGGGAAAGAGTCGCCTGCCTCCGGACTGGAGTGCAGACCTCTGACCCTGGAGTCGCTCGGCCGCTGGGAACCGTCCCCTTGGGTCGTCGCCTGGGCCGCCCGTCGTTCCCCGGCCCCGAGGGGTCCGGCTGGCCGCGGTGTGGGTAGAGGTCAGC,6.2791559955392025,2.6505706541996696
990,ENST00000366582.7,ENSG00000119285.10,HEATR1,236540094,236604504,60.17846267461319,8447,7643.0,4520.48,13.3255,GAGGGTTGGGCTCCTTGGTACCATGTGGGAAGCGCTGTGAAGAGTTGTTGCCTTCCAAGATATACCCAAATTCCCAGTTCCAGCCCGTGTCATTAAAACTCCGCTGGCGTGAAAG,4.516037872846287,2.1750575850343887
991,ENST00000366560.3,ENSG00000091483.6,FH,241497603,241519761,98.12933212811964,1797,1564.15,792.95,11.4217,ACAGCCGCCCAGAAATTCTACCCAAGCTCCCTCAGCACC,8.591482189877132,3.1029070444629774
993,ENST00000366553.2,ENSG00000203668.2,CHML,241590102,241677376,59.71749563070856,7594,5888.45,2223.89,8.50891,ATGTACTCGGGGAACCGCAGCGGCGGCCACGGCTACTGGGACGGCGGCGGGGCCGCGGGCGCTGAGGGGCCGGCGCCGGCGGGGACACTGAGCCCCGCGCCCCTCTTCAGCCCCGGCACCTACGAGCGCCTGGCGCTGCTGCTGGGCTCCATTGGGCTGCTGGGCGTCGGCAACAACCTGCTGGTGCTCGTCCTCTACTACAAGTTCCAGCGGCTCCGCACTCCCACTCACCTCCTCCTGGTCAACATCAGCCTCAGCGACCTGCTGGTGTCCCTCTTCGGGGTCACCTTTACCTTCGTGTCCTGCCTGAGGAACGGCTGGGTGTGGGACACCGTGGGCTGCGTGTGGGACGGGTTTAGCGGCAGCCTCTTCGAGAAGAGTTCCAGTCACAAATGCATATATGATGCATTTTGACATTTACTGCTAAGATGAAATGCAGAAATGAAACCACACATCCATTTTAGTATTCTCAGATGTGATTAGATGTACTTGCTCATGTTTTTATGCTACTGACTTATAAGAAAAAAAATATTTTAAAAGGGTAACCGTTAAACAGCTAGGACCTGCAACTTCAGTGCTTCTGGGATAACTGGAACATCAGAAGGACAGATTTTATTACAGCATAATCACACCTCATTTCTTTCATCAGCAGTTGTCACCAGACGCTGTTACTTCCTAAA,7.018230963861242,2.811107426357114
995,ENST00000366544.5,ENSG00000143702.15,CEP170,243124428,243255348,2.615958232530037,6805,5890.44,456.715,1.74686,TTGGAACTGGGCAGGAGGGGATAGGGTCCGGCTCCTCGCCCTTTCCCGAGGCGCCTGCGCACTAGGCAGTCGGTCTTTGCCGTTACCGCTATGTGTGGGGCGTGTGTGGAATAACGTTATTGCCCAGCGGAGCTGAGGGCCCCGGAGCTCGACCGCAGCGGCAGCGACGACAACAGCGGCGACGACGACGACGACGAGGTGGGGGGAGGACGGCGTGCGAGAGACTCACGGGACGCGACGCGCCCCGCCTCCCCCGTCCGGTCCCTCTCTCCACGGTAAGGGGATGACGTAGCTTTGCCAAAGACTTAGAAGCTAAGCAGAAA,1.4975202549317272,0.5825755165312125
996,ENST00000263826.9,ENSG00000117020.16,AKT3,243488233,243851079,18.21347932076522,7081,6282.81,1498.33,5.37298,GCTGAGTCATCACTAGAGAGTGGGAAGGGCAGCAGCAGCAGAGAATCCAAACCCTAAAGCTGATATCACAAAGTACCATTTCTCCAAGTTGGGGGCTCAGAGGGGAGTCATC,3.3898282369867783,1.761212173678626
997,ENST00000366535.3,ENSG00000035687.9,ADSS,244375100,244452134,134.72081779249638,2780,2314.58,1621.75,15.7861,ACGGGAGTGGCGCGCCAGGCCGCGGAAGGGGCGTGGCCTCGGTCCGGGGTGGCGGCCGTTGCCGCCACCAGGGCCTCTTCCTGCGGGCGGTGCTGCCGAGGCCGGCCTGCGCGGGGCAGTCATGGTACCCCCTTGAGCGGGCTGTGGCGGAGAGCGGGGCGGGGACTGGCTGGAGGGTGGCGGCCCGGCGGGGCGGGGGCGGGGCCGGCCTCTGGCTCCTTCTTCCTCTGCATGTGGCTGGCGGCCGCAGAGCAGTTCAGTTCGCTCACTCCTCGCCGGCCGCCTCTCCTTCGGGCTCTCCTCGCGTCACTGGAGCC,8.53414192184874,3.093246102599591
998,ENST00000444376.6,ENSG00000153187.17,HNRNPU,244840638,244864542,685.5974565350331,5940,5566.09,8103.0,32.7988,AGGACGTTGCGTGCTCGCTCGCGCCAGGCGAGTCTCCGCGTCTCCCTCGCGAACTCGGTGAAAGGAATTGGCGCCGTTCGACACCAGGCGGATCCGCTCTGCAGCACGAACCCATCTCCAGCCGCAGCCGCAGCCGCCGCCCGGGCCGAGGAGCAGCCGCAGCAGCCGCCACCAGTGGCCGAGTGAGCGGAGCCGAGTTTGAGGCAGCGCCTAGCGGTGAATCGGGGCCCTCACC,20.903126228247164,4.385646819810956
1000,ENST00000366514.4,ENSG00000162851.7,TFB2M,246540560,246566324,40.89437439543177,1848,1425.87,182.0,2.87576,GAGGCGGAAGCGGAAGTGAGGGAGAAAAGCAGGAAGGCTCCGCTGTTCGCATGCGCAGGCTCTAGTGTTTACTTCCGCTTGACCTGGCCCGGACGCCAGAAAATGTTCCACGTGGGATACCCTGCGTGGGGTTCACTGTAGTAGCTGCACTAGGTGATTCTTGGAGCGGGCCTGAGAGACAAGGAC,14.220371100311489,3.829887209464465
1002,ENST00000340684.10,ENSG00000196418.12,ZNF124,247121975,247172016,8.85671094329786,1674,1174.39,61.3583,1.17712,GGCCTTTGTCTCTCGTGCCCGCACGTGCGTGTCTCGGTCAGTAGCCCTGCGCTTCTCCTTCACTCTCGGCGGTTCAGGAGGCTCTGCCGCAGCCGGGGCCCTCCTGTGACCTGCATGTACTGGGGGATTCGCAGGGAGG,7.52405102563703,2.9115096327770953
1004,ENST00000272065.9,ENSG00000143727.15,ACP1,264140,278283,88.03151588356646,1549,1315.2,1045.48,17.9095,GCGCAGGCGCGCGGGGCAAGAGGGTGGCAGTGCGCCTGCGCCGCGTCGGCGTGCGGAACGCCGCGGTGTCTCGGCGCCTCTGCGCGCGGGAAG,4.9153530742659735,2.2972950503802174
1005,ENST00000315273.4,ENSG00000151693.9,ASAP2,9206765,9405683,8.048255928807281,5582,5274.45,399.349,1.70583,CGCCCCTCTCCGCGGGAGGCGTCGGGGCCCGCGGCTGGGTGGCGGGTAGTTCCCGCCGGCTGTGCGCGCCCGCCTCGGGGCTCGCTCTGAGAGGACGCGGCGGCAGCGGACTCGGAGCCCTCGGCGCGCAGGCGGGCGGACCGGCCGAGCTGCGCGGGGCTGCGCGCCGCCCCTGCTCCGCCGCCAGGCCCCGCGCGGCTCCCGCGCCCGGCGCTCCCCTTTGTCCGCGGGCCGGAGCGGCGGCGGCAGCGGCGGTGTCCGAGCGGCGGTCGGAGCCTGCTGCGGCAGTTGAGGCGGCGGCGCCCCTGCGGCTGTGCGCCAGCGCCCTCGCGCCGAGGCG,4.7180879271716885,2.2382023051633286
1006,ENST00000238112.7,ENSG00000119203.13,CPSF3,9423568,9473101,70.60382082132848,2345,1925.73,1350.99,15.8059,ACCCCAAGTGGTGGGAAGCCTCGCGAGCGGCGTCCCCCGACCGGAAGTCGAGGGGAGGAGTCTAGTGCCGCGGGCTCCGGAGTGACGGAAGTTGTGCTCTTGGTGAATGGGGTTCTTCCTTTTTTATTTACCGGTGGCTGTGCTTCCAATTTAGGAAGACCCCGGCGACCTGTTCCTCACCCCCGCTTCGCCCTCACACTTTCGGG,4.466928224354734,2.159283073266776
1007,ENST00000497473.5,ENSG00000134330.18,IAH1,9473658,9496543,25.404124884508803,1266,963.224,182.102,4.25941,TGGCTGGCGGCCCCGCCCCGCCCCGCCCGGCTGCTCC,5.964235629936729,2.576337255513046
1008,ENST00000263663.9,ENSG00000115750.16,TAF1B,9843354,9934416,43.13515721902255,2387,1814.95,407.098,5.05354,GTCCGCGAGGGGTCTGCGAGCTTTGCGGAGCCTCGCCCCCGAGCGCGCGGTTTCCCTGCCGCGCAGGCGCACGGAATCCTAGGCGCGGATCTCGCGTTTCCGGCCGGAAGCTTCTCCAGCCTTTCCCGGAAGCTGCGCTCGCTACCCGGGTAACGGGTCCCGGCTGTGGAAGCTCCCGCGGCGCCGCG,8.535631897446653,3.0934979607008604
1009,ENST00000305883.5,ENSG00000172059.10,KLF11,10042849,10054836,3.351335387049976,4030,4134.17,218.353,1.18996,GAGGGCCGCGCCGGGGCAGAGCCGCGCGGGCGGGCGAGGCGCGTGCCGGCCGCAGGAGCTCCGGGTTGCCGCCGCCGCCGCCGCCCGCAGCCCACGTGCGGCCGCTGCTGCGCCCGAGCTCACGCCCCGCGGCCGCTTTGTTGCTCCCGGCCGGCCTGCACG,2.8163428913996906,1.493822993636579
1010,ENST00000155926.8,ENSG00000071575.11,TRIB2,12716889,12742734,11.831627299603714,4391,4918.02,311.403,1.42658,GGGGGGGGCGGAGGCTCCGTGGAAATGTGTCGGTGACATTGAATGGGGAGACCGAGCGCGAGCGAGGCGCGCGCGCGCACACGCGCACTCACGGCCCCGCTCGCTCCGAGATCCCCGGCCACGTAAGTAACTATTAATACCGCCTCGCCGGGGGATGCGGGCGTGCTGAGCGCGGGGATTGGCCTCGGGCACCGTCGGCCGTCCCCTTTAATTTTTAAATACACGGTCCCCTCTTTTCTCTGGGGGGGGCAAGCAAGAAATCAAAGAAGGAGGAGACAAGCCGTCAATTTTCTCCAAAACAAACCCCACCGGGCAATTTGGTCTCGGGGTAGGGGGAGACGGGGTGATTGCAAATTATTCCAGGACGAGATCCAGTTCTCCAGCGGGAAAGGGGCAAAGGAACGCCGCGCGTTGGAAGGGCCAGGGACGCAGCTCCCCTTGCAGCGCCCGCAGGACCCCCGCAAGCTCGTGCCGGCGAAATCGGAGACCGCCGATCTGTCCTCGTTCTCTCCTGCACGTCTGGCTGCATTCGGAGGAAGACCTGGGGCGCGAGCGAGCGGCGACAGCATGAGCCTGTGCTGACCTCCGCGCGGCGGGCCGAGCCCAGGGCTTTGTCGCGGTACCTGCGCCCAGCCCGCGCCGCAACTCTGTGCCCAGCTTTTGCAATCTTTTGTTGGCAGCGCTGACCGCACCAAGTTAAATGCTCCCTTGCAATTTTTCTTTTTTTTGTTTGTTTGTTTAATTTTTGGAGAGCTCGCGATCTTGGAAAAGCCTCAGACGCCATCTACAGTTAAAACGTAGGTAACTGCCCTCTCCCGCACCCCCCCCTTACACGCCCCCCACCCTTTCCACCAAAAAAAGGGGGTGCAGCGCGGATTCTGGCTGCCGTGCGTCGCCAGCCGGTAGACCCGTGCTTGTTTCCTTTCTCTTTTTGTTTGGCTTCTAACGCGTTGGGACTGAGTCGCCGCCGTGAGCTCCCCGAAGACTGCACAAACTACCGCGGGCTCCTCCGCCCCGTCTGCGATTCGGAAGCCGGCCTGGGGGTCGCGTCGGGAGCCCTGGCGCTGCAGCTCCGCACCTTAGCAGCCCGGGTACTCATCCAGATCCACGCCGGGGACACACACACAGAGTAACTAAAAGTGCGGCGATTCTGCACATCGCCGACTGCTTTGGGGTAACAAAAAGACCCGAGTTGCCTGCCGACCGAGGACCCCCGGGAGCCGGGCTCGGAGCAGACGAGGTATCCGGCGGCGCCCATTTGGGGGCTTCTAACTCTTTCTCCACGCAGCCCCTCTTCTGTCCCCTCCCCTCTCGCTCCCTTTTAAAATCAGTGGCACCGAGGCGCCTGCAGCCGCACTCGCCAGCGACTCATCTCTCCAGCGGGTTTTTTTTTGTTTGTCGTGTGCGATCCTCACACTC,8.293700528258993,3.0520159548643493
1011,ENST00000381254.6,ENSG00000178295.14,GEN1,17753858,17788941,6.922921256229596,6367,5125.62,729.551,3.2068,GAAACGCTTCCTGGTGCTCCTGGGCCTGGCGGTTGAGCCCGGGGAGCTAGTCTTTGCTTGGGTAAAGAAAGAGGACTTTCCTTTTTTTTTTTCCTTTTGAGAAAATTCAGAAATTTGGAGGCACAGTAGTTAGGATTCAGGCCAAACTGGTAAATGACGAAGGGGCTTCTTCCAGAGCCAAGGAGGAAGGGTTGTCCGGCAGATAATCACCAGA,2.1588253886209294,1.1102465591742217
1012,ENST00000272233.5,ENSG00000143878.9,RHOB,20447074,20449445,158.65536464863365,2372,2971.57,987.0,7.48331,ATCTGCCACCGCAGTCTGGTTGGAGCTGTTGTCTTGTATGCTCAGCGAGGCCCGGAGAGACCCGGGAGAGAGCTAGGCCGAGTCCACCGCCCGAGTCTGCTGCCCGAGCCCGCGTTACGCACAAAGCCGCCGATCCCCGGCCTGGGGTGAGCAGAGCGACCACCGCCCGGGAGCAGCGCGGCGAGACGCACGGTGCGCCCTATGCCCCCGCGCCCCCACCGCCCCCGCCGCGGCAGCCGAAGCGCAGCGAGAGAACGCGCCACCGCGGGGCCCGGGTGCAGCTAGCGACCCTCTCGCCACCTGCGCGCAGCCCGAGGTGAGCAGTGAGCGGCGAGCGGGAGGGCAGCGAGGCGTTCGCGGGCCCCCTCCTGCTGCCCGGGCCCGGCCCGCTC,21.201228420128746,4.406075953274154
1014,ENST00000404924.5,ENSG00000173960.12,UBXN2A,23927285,24004909,22.85928828140653,1557,1245.93,68.1893,1.23306,GACCAGAAAAGCCAGACTAATCAGGACGAGTTCGGGCGTGGAATTGGGCCTGAAGCCCTCATGCCCAGCCAGGCCTGAATGCCCCAGACCCCACCGTCACCCCCGTGGCCTGGATGGAGCAGGGGACGGCCGGCGAAGGCGCGGGGTGGAAGGGGAGCGGCGACGAAGGCGCGAGGAGCTGACTGGGAATCCCCAAGCTACCCGAGGCAAGACACTGAACTTGAGTCGCACTTTTCATGCCTGTAGAAATGAGAATGACAGCTGTGATAAAAAAAAAATTCATCTGGGCGGTATCTGGAACTTGGCGGTGGATGAGGAGGGCTGCTCGCTGGCTGCGGCTGAGGCTCGGTCACCGTGTAGAGAGGCCCAGGGAGAGCTGCTTCACTCAAGTCCTGTCAAGTCAAGGCAGCCGGGATTTGTCCACATCTAAGGCGAAAGAGA,18.53866663536773,4.212465578995447
1015,ENST00000380986.8,ENSG00000119782.13,FKBP1B,24010081,24063681,8.694528776855469,952,953.448,51.6692,1.22095,GACTCCAGCCGCACCTCCTCCGGCTCTGCAGTGGCGGCGAGGAGGCGAGCCGGAGCGACGGCGGGGCTGGGGCCGGAGCCGAGCCGGGGTCGGGCAGCAGCAGGGACCCCCCAGAGGCGGGGCCTGTGGGACCGCT,7.121117799136303,2.8321037182557225
1016,ENST00000264710.4,ENSG00000084733.10,RAB10,26034107,26137454,115.5545762956452,3535,2776.18,1676.86,13.6085,GAGAGGGCACGGGGAAAAGGTGGCTCTGGCCGGGGTGGCTCGGTTTCCTGGGGCTATGTAACTGAGCTCGTCGACTTAGGGGTCCTTCTTCGCTGCCCTCGCCGCGTGCTAGCAGGGAGTTTCCGCTCGGGAGAGAGACTGTCCTCACGCCCGCTGCGCCTCCTCGACGGCAGAGCAGGCTTGCTCGCCCGTGGGAGCGTCCCGGCCGAGAAGCCCTGAGGGGGGAGGGGAGGCCATTTTGTCCCGACCGACTCCCCGGAACCGGGCGGACGGGCTGGGAGAGGCTGCGGAGCCGCGGTCGCCGCCCTCGGAGGCACTGGACGCCGCCACTGTCGGGGCTTCCTCAAAGCTGTTCGTAGGTCGCCCGCGCCGTCTCGAGCCTTTTTCCCACGCTTCCCCGGTCCTCCGGCCTGAGAACGCCCGAGTGAGGAGTTGGCCGTAGTGAGAGGGACCGATCCCTTGGGGCCGCCGGCGGCGAGAGCCCGAGCCGCTCCTCCCA,8.491352926159768,3.0859944365060334
1017,ENST00000317799.9,ENSG00000138029.13,HADHB,26243170,26290468,97.5921664936496,2044,1910.93,1002.35,11.8178,CCTTTCTGGGCAGGACCCGCCCCTTGGTCCCGCAGAGCCTTGGTACTTGGACCTGAACCTTGCTCCGAGAGGGAGTCCTCGCGGACGTCAGCCAAGATTCCAGA,8.258065502348119,3.045803861906923
1018,ENST00000260585.11,ENSG00000138018.17,EPT1,26308547,26395891,76.91014711477834,8101,6768.36,1212.5,4.0361,CTCCTACCTTCTCGGGCAGCCCAGTCTTTGCCATCCTTGCCCAGCCGGTGTGGTGCTTGTGTGTCACAGCCTTGTAGCCGGGAGTCGCTGCCGAGTGGGCGCTCAGTTTTCGGGTCGTC,19.055560346566818,4.252140127457648
1019,ENST00000344420.9,ENSG00000213699.8,SLC35F6,26764284,26801067,31.93066326006734,3898,5269.78,487.693,2.08505,AGGAGACCCCGGGTGACGGGGCCCGGCGCCGCTAACTGGAGCGAACCCCAGCGTCCGCCGAC,15.314099546805757,3.9367886353436976
1020,ENST00000288699.10,ENSG00000157851.16,DPYSL5,26847747,26950351,52.8148665815626,5209,7489.16,695.293,2.09169,CCCCACTCTGGACTCCCGCGCTGGGCGCGCTGAGGCGGCCCCCGAGCGAGCGCGCGTGCAGCCGCCGCCGCCCCGAGCACCCGCAGCTCCGGCGCCGCGGCGAGACGGAGACGGACCGAGCCACGGGCCCCCGCGGCCGCAGCATCTCGGAGGAGAAC,25.249853745804877,4.658203126283949
1021,ENST00000233121.6,ENSG00000084764.10,MAPRE3,26970612,27027196,30.473788163026565,1892,2377.7,240.866,2.28235,AGCGGCGGCCGCATCGCGCCTGCGCAGTGCCCTCGTCCCCCGCAGTCTCTGTGCGTTGAAGCCGGAGACCGCGGCGGCCTCAGCGAGGACCCTCCGCCCCGGAGCCGCCGGCCGGAGCCGCAGCCTCTGCCGCAGCGCCCCCGCCACCTGTCCCCTCCCCCTCCGCCTCCGCCGGAGCCGCCTCGTGCACTCTGGGGT,13.351934700210995,3.738976898985103
1023,ENST00000323064.12,ENSG00000084693.15,AGBL5,27042364,27070622,5.776905910275297,2382,2886.11,1092.99,8.53227,CCCGGCACCGCGGCGCTCGGGTGTTTTTGGGGGCCCGGGTGGAGGGCCCGGGTGCCGGGGCCCAAGGTGCGGCCTCGCTAGCGGGAGAGGGAGCGGGATCACCGGCCCGGAGAGAGCTCTCAGGGCCAGAGCGGGGCAGGAGGATGCTTTCCCAGCCCCACC,0.6770655300729228,-0.5626326224814113
1025,ENST00000260599.10,ENSG00000138030.12,KHK,27086747,27100772,23.47981792395352,2411,3486.89,183.217,1.18383,CGGGGCCGCCGCGACCGCGGGCTTCAGGCAGGGCTGCAGATGCGAGGCCCAGCTGTACCTCGCGTGTCCCGGGTCGGGAGTCGGAGACGCAGGTGCAGGAGAGTGCGGGGCAAGTAGCGCATTTTCTCTTTGCATTCTCGAGATCGCTTAGCCGCGCTTTAAAAAGGTTTGCATCAGCTGTGAGTCCATCTGACAAGCGAGGAAACTAAGGCTGAGAAGTGGGAGGCGTTGCCATCTGCAGGCCCAGGCAACCTGCTACGGGAAGACCGGGGACCAAGACCTCTGGGTTGGCTTTCCTAGACCCGCTCGGGTCTTCGGGTGTCGCGAGGAAGGGCCCTGCTCCTTTCGTTCCCTGCACCCCTGGCCGCTGCAGGTGGCTCCCTGGAGGAGGAGCTCCCACGCGGAGGAGGAGCCAGGGCAGCTGGGAGCGGGGACACCATCCTCCTGGATAAGAGGCAGAGGCCGGGAGGAACCCCGTCAGCCGGGCGGGCAGGAAGCTCTGGGAGTAGCCTC,19.833775055500805,4.309887393508671
1026,ENST00000380171.7,ENSG00000138085.16,ATRAID,27212027,27217178,100.41711406969188,1240,1478.49,191.636,2.92025,GGATGGAGGGGCCCGAGTTTCTGCGAAGCCGCGACCTCGGCGTCCGGACGCGGGGAACACCGGGCTGAGGGAGTCTGCAGTCGGCTCCGGGAAGCCGCGCGGCGACGGGGGAGGCCTTCACTAAAGGGGAAAAGGAAGAGGGGGTCGGCCAGTATCCCCGAAAGAGGGCTAGGGCGC,34.38647857878328,5.103769476031253
1027,ENST00000264705.8,ENSG00000084774.13,CAD,27217390,27243943,36.16741509693692,7265,10355.3,1877.6,4.08508,GCGCGCCCGAGGCTCCTACGCTGCCGCGCCCGGCTTCTCTCCAGCGCCCCGCGCCGTTAGCCACGTGGACCGACTCCGGCGCGCCGTCCTCACGTGGTTCCAGTGGAGTTTGCAGTCCTTCCCGCTTCTCCGTACTCGCCCCCGCCTCTGAGCTCCCTTCCC,8.853538999710391,3.146254254828746
1028,ENST00000233575.6,ENSG00000115234.10,SNX17,27370496,27377533,84.0482786102418,2044,2432.37,656.341,6.07941,CCCTATCCGGACAGGTGGCTCTTGCCCTTTAGACTACAGTTCCCAGCATGCCCAGGCGATTGCGTCCCAGAACCGACGTCCCACCGCCTTCCCACATCGGATCGCAGGGCTCCCAAAATGGCGAGTGAGGCTGCGGGGACTCGCTGAGCAGCGGAGGGGGAGCGTGCAGAGCCGCTGCGGCCCTCACAGTCCGGAGCCCGGCCGTGCCGTGCCGTAGGGAAC,13.825071612252142,3.7892150483580824
1029,ENST00000379717.5,ENSG00000243943.9,ZNF512,27582969,27651508,24.41293606497591,3417,3490.05,692.827,4.47255,CCCACATCCGGGAGAGGAGAGCGGAAGTGGCGTTGGTCTGGCCGGAGCCCTTGGGTGAAATTGTTAGGCGTGGAGAGGGAGTG,5.458393101245578,2.448476298019076
1030,ENST00000264718.7,ENSG00000198522.13,GPN1,27582969,27651508,58.458427607301815,2496,2161.76,188.647,1.9661,ATTGCGGAAGTTTCTCTACCC,29.73319139784437,4.894002417424517
1032,ENST00000296102.7,ENSG00000243147.7,MRPL33,27771717,28338901,132.64012683695248,518,270.361,241.805,20.1504,GCAGTTGTTGTTGGTTGGGGGCCTTTTGGCCGGTGACGGAGACTGCCCAGGTGTGGTCACC,6.582505897498435,2.718636908833121
1033,ENST00000379624.5,ENSG00000158019.20,BRE,27771717,28338901,21.4298258020452,1657,1655.63,285.118,3.87993,GCGGCGCGCGCGCAGGTCGGTGCGTCTGTCGGGGGCGCGCTCGGGTACCTGTACCCCACGTAGTCGCCGGTTACCGATCGGACTAAGTTCCAGTGGTGATTTACAAGTCAAGTTAAA,5.523250626182741,2.465517593450487
1034,ENST00000358506.6,ENSG00000213639.9,PPP1CB,28751640,28850611,188.9258124709952,4771,3255.79,476.828,3.29965,GCTGCGTGACGCGGCGGCGCGCAAGGGACGTGCGGAGTGAGTGGCGCTGCGGGTGGGGCCGTCGGCGGCGCTGGTGAGAGAACGCCGAGCCGTCGCCGCAGCCTCCGCCGCCGAGAAGCCCTTGTTCCCGCTGCTGGGAAGGAGAGTCTGTGCCGACAAG,57.256318843209186,5.839363013611543
1035,ENST00000407426.7,ENSG00000163811.11,WDR43,28894643,28948222,86.30355610078446,3533,2947.22,2052.45,15.6899,GCGCCGGTGCGCCTGCGCACGGACGAACACGTGGCTGCAGCGGGGCCAGAGCAGCA,5.500580379784732,2.459583848975904
1036,ENST00000395323.7,ENSG00000213626.11,LBH,30231531,30323730,14.129606883101452,2933,3673.84,165.452,1.01464,GGGGCTGAGTGCTCAGTGGAGAGCGGGGAGTTGTGTCCACCTTGCCGACGTCGCTAGCCGTGGGGCTGTCCTGGGAAGGCGGACGGCGAGCGCCCGGTGTCCGCACTCGGCCGCCTGCCGTGCCCGTCTGCGCCCGTGTCATCCTCACTCGGGACGCAGGGACCGTTTTTAAATCACAGGGGCGTGTGTCAGCCTGCCCTAGGACTTC,13.925734135359786,3.7996814803000496
1037,ENST00000379509.7,ENSG00000172954.13,LCLAT1,30447226,30644225,97.18711920057922,4888,4217.75,1154.17,6.16527,GGGACGCATTACTAGGGCGACGGCCGGACGCCTCCGCGTTACGGGATGAATTAACGGCGGGTTCCGCACGGAGGTTGTGACCCCTACGGAGCCCCAGCTTGCCCACGCACCCCACTCGGCGTCGCGCGGCGTGCCCTGCTTGTCACAGAATC,15.763643636139086,3.9785291352797194
1038,ENST00000282587.9,ENSG00000152683.14,SLC30A6,32165841,32224379,51.79142520651242,5089,4073.45,628.93,3.47858,AGAACGGCTTCCGGCGGGAGCTGTGCAGCTCCTTATC,14.88866871151804,3.8961428542367447
1040,ENST00000238831.8,ENSG00000119820.10,YIPF4,32277910,32316594,77.74579135323663,11949,10853.3,884.83,1.83679,GTTATGGTCCTGTCAGGGTGCCGGCGTCGTGGTGCTTGGGTGGTCGCCACCAAGAAGACTTTGGTGGGGTAGTCTCGGGGCAGCTCAGCGGCCCGCTGTGCCCGTTTCTGGCCTCGCTCGCAGCTTGCACGTCGAGACTCGTAGGCCGCACCGTAGGGCGAGCGTGCGGGTCGCCGCCGCGGCCGCCTCGGGGTCTGGGCCCAGCCGCAGCCTCTTCTACCGCGGCCGGTTGGGAGTCGCCGCGAG,42.326989668517705,5.403505981494655
1041,ENST00000421745.6,ENSG00000115760.13,BIRC6,32357028,32618899,13.068841188936329,15703,14639.6,3148.56,4.84555,TCCCTGCTTCTCCCCCTCTCCCGTCAGCCTCCCTCCGAGTTTGGCCCCTCCGGCCGGGCGATCGACGTTCCGCGTGCGTGCGGGCGCCTGACTTCACTTCCGGCTAACGCGCTCGGCTTGCCCCCTGGCCCCGG,2.697081072104576,1.431398888486869
1042,ENST00000317907.8,ENSG00000018699.11,TTC27,32628032,32821051,21.78378423231567,2876,2466.64,470.77,4.29997,GGAAGCCAGACCAGAGAGCGTGCGTGTTTTTCCCAGGGTGCCCCGCGCTGCTGTTATGGCCGCCTCCTTGAGGTAGTATCCGCACATGGAATTCTAGGGCCGCAGGTGTATTTACGGTAACTGTCGCCACTAGATTTCAGCGCCTTTGGACTCTCCTGTTTTCACTTTCTTTTGTTGACTCCCGTGTGGCCCTCGTGGGAGCCTGTTTTGGCTGCAGCGGTGTCTGGGGTG,5.06603167750372,2.3408560981389734
1043,ENST00000404816.6,ENSG00000049323.15,LTBP1,32946972,33399509,5.077165464138217,6333,7703.3,467.561,1.36749,CGCTCGCTCTCGGCCACCCTCGCCGGGCCCCGCTGCGGCGCGCGCTGCAACCCCCGGCCGGACGCGCGGACCCTCACCTTGCGCGGCCCGCTCCCCTCGCCCCTCCCCGCTCCCCGGGCTCCGCGCTCCCCACCCCCACGCCCTCCTCCTGCTCCCAGCCACAATCGGCCGGGGTCTGGGGCCGCTCAGCTGCCCGCAGAGCCTCCTCCCTCGCCACCGACTTGGTCTCCTCCCGCCTTTCCCGGGCTCTCGGCAGCTCTCGGGGGAGCCCGAACGCGCGGGGAAAGGCGAGCCGCACGGCCGGGGGAGGGGGCCGGACCGCGCGCGACCGGTCGCGCCCGCTGGGGCCCGCG,3.7127624071387846,1.8924929949637126
1044,ENST00000280527.6,ENSG00000150938.9,CRIM1,36355926,36551135,12.631859616090544,5912,6411.88,457.031,1.60591,GCCGCCGGCCCGGGCTGGAGCCGAGCGCAGCAGCCACCGCCGCCGCCGCGCCAGAAGTTTGGGTTGAACCGGAGCTGCCGGGAGGAAACTTTTTTCTTTTTTCCCCCTCCCTCCCGGGAGGAGGAGGAGGAGGAGGAGGGGAAGCTGCCGCCGGCGCCAAGGCTCGTGGGCTCGGGGTCGGCGCGGCCCGCAGAAGGGGCGGGGGCCTCGCCCCGCGAGGGGAGGCGCGCCCCGGGGGCCCCGAGAGGGGCGGTGAGGACCGCGGGCTGCTGGTGCGGCGGCGGCGGCGCGTGTGCCCCGCGCAGGGGAGGGCGCCCGCCCCGCTCCCGGCCCGGCTGCGAGGAGGAGGCGGCGGCGGCGCAGGAGG,7.865857747999915,2.9756040957505925
1045,ENST00000409774.5,ENSG00000152133.14,GPATCH11,37084451,37099244,14.432441111980232,3906,3487.33,638.526,4.12523,AATAGAGTCTGCACTAGGAAACTGGTGGGAGCCGAGGTCCGGAAGTCCGACGCTGGTCGGTGGGCGC,3.498578530646832,1.8067688753894668
1046,ENST00000402297.5,ENSG00000218739.9,CEBPZOS,37196488,37216193,236.38127673497488,3158,2402.68,1495.48,14.0232,GCGCATGCGCAGTCCCCCTTGAACGCACCTCAGG,16.856443374905506,4.075228261851288
1047,ENST00000002125.8,ENSG00000003509.15,NDUFAF7,37231631,37253403,15.92145978092076,2176,1971.4,257.8,2.94625,CCCAGCTCCTGGCGGAGCGAGCTAGCCTGCGAATTTCAGC,5.403974469553079,2.4340208588352907
1048,ENST00000338415.7,ENSG00000115828.15,QPCT,37344574,37373322,75.90032269211888,1739,1609.4,724.965,10.1488,CTGCAGCCTGCGCGACGCGGCGGGAGGCTACCCGGGGGCGATGGGAAGGCGGGCGCAGTCGACCCAAGGGTGGAGAAGAGGGAAGGCGAAGGACGCGCGTTCCCGGGCTCGTGACCGCCAGCGGCCCGGGGAACCCGCTCCCAGACAGACTCGGAGAG,7.478748491656046,2.9027968669117454
1049,ENST00000272252.9,ENSG00000143891.16,GALM,38665910,38741237,18.170168201160934,2484,2807.46,244.664,1.96344,GACGAGCCAAGGAAAAAAAGTACAAGTGTGGCTGCAAAGTTTGCCCCTCTTGTTACCCTCAGGCAAATGATTGATTTAGAAAGGCCCCAGGGGCTATTTTTTGCAGGAACGGTCACTCCCTAAATCCAGGCAGGGAAAGGGAGGAGTCTGAGCCGAGTCACGCCCCTTCTCCTGTAAACTTGGGTCGCCTCTAGCTTAGCGAGCGCTGGAGTTTGAAGAGCGGGCAGTGGCTGCACACGCCAAACTTTCCCT,9.254251823921756,3.210116357621598
1052,ENST00000409566.1,ENSG00000152147.10,GEMIN6,38751534,38785000,108.23968622744668,834,773.073,156.519,4.5615,GGTCTCCGCTCAACGATCCTTCCTCAAAGCATGGTTGCTGAGTACCCAGAGTTGCGAGGAGTTTTTTAACTGATTTAGCCAGGTGGCAATC,23.728967714007823,4.568577434935645
1053,ENST00000340556.10,ENSG00000188010.12,MORN2,38875962,38975449,31.20509695822109,741,408.543,128.558,7.08964,ATTCGCTTCCGGGTGAGAGGTGCCCGGTCGCCCCAGCAACCAAGTCGCACCTGGAGCTGTCCTAGCGCCTAGTTCTCTCCCGGCCGCAGAGCTGGCCGCCCAGGGGGAGTCGCAGAGTTTGGAAGATCTCTCTAACACCTCTCGGCCAACTTCAGAAGTGTATAAGATCAGCTTTATCTTTCCAAATGGAGACAAGTATGATGGTGACTGTACAAGAACATCTTCTGGAATCTACGAGAGAAATGGAATAGGTATTCATACCACTCCTAATGGGATTGTCTACACAGGAAGCTGGAAAGATGACAAG,4.40150655861526,2.1379974175281866
1054,ENST00000318522.9,ENSG00000143924.18,EML4,42169350,42332548,30.254703537732283,5549,5188.58,1825.78,7.92799,GGCGCGGCGCTCGCGGCTGCTGCCTGGGAGGGAGGCCGGGCAGGCGGCTGAGCGGCGCGGCTCTCAACGTGACGGGGAAGTGGTTCGGGCGGCCGCGGCTTACTACCCCAGGGCGAACGGACGGACGACGGAGGCGGGAGCCGGTAGCCGAGCCGGGCGACCTAGAGAACGAGCGGGTCAGGCTCAGCGTCGGCCACTCTGTCGGTCCGCTGAATGAAGTGCCCGCCCCTCTAAGCCCGGAGCCCGGCGCTTTCCCCGCAAG,3.816188408125172,1.932132400053558
1055,ENST00000406911.5,ENSG00000057935.13,MTA3,42494569,42756947,8.159341552911943,2041,1812.97,184.791,2.29642,GGCTGAGGCTGAGGAGGAGGCGGCGGCGGCGGGCGGGGCTCGGCTCGGGCTCCGCGGGCGGGCGGGCGGAC,3.553070236677935,1.8290662079782818
1057,ENST00000605786.5,ENSG00000138036.18,DYNC2LI1,43774039,43810010,15.763548812503062,1346,864.333,79.2355,2.06538,TTCTAGGCTGGTCACTACTCCGAGCCTGTGACGTTTGCGGCAGCCAGGCCGTCGACG,7.63227532584951,2.932113215902276
1059,ENST00000378551.6,ENSG00000138032.20,PPM1B,44167969,44244384,25.600241782549155,3877,3048.74,260.519,1.92522,AAAAGGAGCCGAGCGGCTTCTGCTCAATGGCGGAAAAGCCGCCGGTGCTCTGACGGCCTCGTTCCCCTAGCAGTTGCGGGGGAGTTTCCTGCCGGCGCGGCTGGAGTCTCTGATTCTCAGGGTTCGGTGGTTGGAAGATGCTCCAGAGAGACGAGGCTGCGGCGGAGGAGGTGGCGGCGGCCGAATCGGCAACGGCGCTAGGGTGGAGAGAAGGCGGCATCGGCGGCGGCGGCGGCGTGAGGGGCCGGGCGGTGTAAACAGCCCCGGAGGCGGCGGTCGAGACCCCGAGGGGGAAGCGGCGGCTGAGTCAGGGTCGCGCCTCCGTTGGAAACTTGGGCTGAGTACCGCGGCGGGCGCGAGCGAGGCGCCCTAGACATCTTCTCCCTCCCTTGCCTCAGATTTATTGCTAAAC,13.297307207773219,3.73306221495053
1060,ENST00000378494.7,ENSG00000143919.14,CAMKMT,44361950,44772592,17.26139046197781,1495,1331.62,165.478,2.79977,GAGCTGCGGCGGTGGCACCTCCGGGTGTGGAAGGCTCCAGTGAG,6.16528874228162,2.624168462722677
1061,ENST00000238892.3,ENSG00000119878.5,CRIPT,46616416,46625742,139.26487109695702,1953,1366.19,229.736,3.78861,GGGAGTATGGGCTTAGAAGCCGGAAGTGGGTTGACGTAGCCCGGAAGGGGAATACTTCCAAGTTGTAGTGTTGTTGTTTTCAGCCTGCTGCTGCTGCTGCTGTTGCGGCTAGGGGAACCGTCGTGGGGAAGG,36.75883004504476,5.200018944346937
1062,ENST00000394861.2,ENSG00000171150.7,SOCS5,46698952,46763129,6.035590630164267,4058,3294.5,201.384,1.3772,GGGGGTTGGGGGGAGGGGGGAGGGGAAACGGGTGAAGAAGGGGAGGCGGCAGGGAAGGGGGTGGGGGCCTGGCGGGGGCATCCGGCGGAGCTGGGGTCCCCGGGCTCCGTCCGGAGGAAGCGACGCTGCGCTCGCTGGGCAGTCGGAGGGGACGGGACGCACCGGAGGGCAGGCGGACTCGCCCTGTCGGTGACTGCGCCGTCCGGGCCCGTCCTGCCTGGCCGCAGGTGCCCTGGATGAGGCCGCCCCGCGCGCCCCAAACGATTTTATAATCA,4.382508444789622,2.131756870960711
1063,ENST00000263735.8,ENSG00000119888.10,EPCAM,47345158,47387601,127.49956322765036,1724,1619.93,911.382,12.6755,AACTGCAGCGCCGGGGCTGGGGGAGGGGAGCCTACTCACTCCCCCAACTCCCGGGCGGTGACTCATCAACGAGCACCAGCGGCCAGAGGTGAGCAGTCCCGGGAAGGGGCCGAGAGGCGGGGCCGCCAGGTCGGGCAGGTGTGCGCTCCGCCCCGCCGCGCGCACAGAGCGCTAGTCCTTCGGCGAGCGAGCACCTTCGACGCGGTCCGGGGACCCCCTCGTCGCTGTCCTCCCGACGCGGACCCGCGTGCCCCAGGCCTCGCGCTGCCCGGCCGGCTCCTCGTGTCCCACTCCCGGCGCACGCCCTCCCGCGAGTCCCGGGCCCCTCCCGCGCCCCTCTTCTCGGCGCGCGCGCAGC,10.058740343785283,3.330377742619303
1064,ENST00000233146.6,ENSG00000095002.13,MSH2,47402969,47562311,97.19006532209087,3307,2894.85,673.217,5.23951,GCAGTAGCTAAAGTCACCAGCGTGCGCGGGAAGCTGGGCCGCGTCTGCTTATGATTGGTTGCCGCGGCAGACTCCCACCCACCGAAACGCAGCCCTGGAAGCTGATTGGGTGTGGTCGCCGTGGCCGGACGCCGCTCGGGGGACGTGGGAGGGGAGGCGGGAAACAGCTTAGTGGGTGTGGGGTCGCGCATTTTCTTCAACCAGGAGGTGAGGAGGTTTCGAC,18.54945697633765,4.213305048363539
1065,ENST00000234420.9,ENSG00000116062.14,MSH6,47695530,47810101,87.77667099001083,7476,6822.83,377.146,1.24539,GGCGAGGCGCCTGTTGATTGGCCACTGGGGCCCGGGTTCCTCCGGCGGAGCGCGCCTCCCCCCAGATTTCCCGCCAGCAGGAGCCGCGCGGTAGATGCGGTGCTTTTAGGAGCTCCGTCCGACAGAACGGTTGGGCCTTGCCGGCTGTCGGT,70.48127172211984,6.139168050511231
1067,ENST00000340553.7,ENSG00000170802.15,FOXN2,48314637,48379294,13.422729249962188,5408,3640.9,420.663,2.60308,CGCGTCTTCCCGGAGGCGACTGCTGGAAGCTGCAGGGAACAGCTGCGGTGCTCTGCCATATTGTGTCTTCCCCGGCCGGTCCCTCGCCTCCCGGCCGAGCTGACGTTGGTTGAAGCCATGGATAACAGAACCCACAGATGCAGAGGGCTGACTGTACAAGTCTGTCAAAAAACCAAACTGCTGGTTGGCTAATAATTGGTCACTGTATGACTTATAGTACAGGTGATATTACTTCTGATTCTAGATGAACTGTAAGAGTAA,5.156479727846317,2.3663864896090683
1068,ENST00000295304.4,ENSG00000143942.4,CHAC2,53767792,53775196,80.56304307084751,1321,723.434,215.0,6.69579,GCGCGGCCGGTTACTCGCTTACCGGAGGCTTCAGTCCCCGGCGGCGCGGCGACAGCTAGGGTTCACGGCCACTGGGGCAGAGGAGCCGCGAGAAG,12.031895126765852,3.5887919921523346
1069,ENST00000185150.8,ENSG00000068912.13,ERLEC1,53787044,53818819,23.355923507628663,2433,1878.71,584.925,7.0146,GGCGGCGGTTGGGCCGGTGATACCCGGGCGCTTTATAGTCCCGCCGCCTCCTCCTCCACCTCCTCCTCCTCCTCCTCTCCTCCTGGAGCAGAGGAGGTTGTGGCGGTGGCTGGAGAAAGCGGCGGCGGAGG,3.3296158736961003,1.7353557481436146
1071,ENST00000394666.7,ENSG00000170634.12,ACYP2,53970838,54305300,9.868248828606635,993,678.078,35.3292,1.17386,CGGCTGCCCTCGCTCCCAGGCCCCGCAGTCTCATTTGCCGCTTCCGACGCGTGACCCCGGCGCGCTAGCGTCCGGGACCGGTGACAGGCGCGGGGTGCGCCAAGCAGTCCCATGTGTCCCCTCCCTCTCGCAGCCGCCGCAGTCGCTGCGCCCCGAGCCCCTCTCCGGCTCCTCAACAGAGGGCTCGCCGCCGCC,8.406665895938728,3.0715337375652383
1072,ENST00000356805.8,ENSG00000115306.15,SPTBN1,54456285,54671445,19.71613792492344,8482,10146.6,4070.21,9.0377,GGAATCAGTGCCGCTGTTGCCGTGCAGGCTGCGGATTCCTCCAGTCCCTCCCTCGGCCGCCTCTCCTCCCGGAGCGAGCGCGCAGCCCTGCGCAGCAGCGCCCACTGGTCCCGTCCTGTGAGCCCCGGCCCCAGCCGCGGACAGACCCGCGGAGTCGCCTCCCGGCCCACCCGCCCGGCCGCCGAGGAGCGGGAGGAGGACGGGACCCCGGCGCCCCCACCCCATCCCCGGGAGAACTCTAAGAAGGAGCTGATGTGGAGGAGCAGCTGAGACAGTTCAAG,2.1815437472944934,1.1253494048957053
1074,ENST00000406691.7,ENSG00000163001.11,CFAP36,55519604,55545879,3.682988353197552,1575,1192.15,62.4831,1.18085,ATTTTGCATTAACTGGTTGGTAGCTTCTATCCTGGGGGCTGAGCGACTGCGGGCCAGCTCTTCCCCTACTCCCTCTCGGCTCCTTGTGGCCCAAAGGCCTAACCGGGGTCCGGCGGTCTGGCCTAGGGATCTTCCCCGTTGCCCCTTTGGGGCGGG,3.1189298837257504,1.6410511200290963
1075,ENST00000340157.8,ENSG00000028116.16,VRK2,57907651,58159920,5.8004055006814506,1888,1409.38,209.353,3.34666,GGGCCGCTGCACTGCGAGGCCGACGCAGCTGGAGAGAAGTTAGGCAGGTCCTAGGGAGGGCAGGCTCGAGTGCTGGGCCCGCCTCCCCGCGGGACTGTAGGCCCGGGGGCTCCGCCTCGTCGCAGCGGCAGGTAGGAGGCGGTGCGCGCGGCCCGGCGACGGGGGATCCTGAGGCCCGAAGTG,1.7331923472003283,0.7934317716090395
1076,ENST00000238714.7,ENSG00000115421.12,PAPOLG,60756230,60802085,11.179716978095508,4263,3370.25,234.688,1.56888,CTGAGACCTGCGAGAGGCAGGCTGGGAAGCGGCGCCATATTGGCGTCGGCCGCGCTGTATTGTCATAAATAGAGCCGGTTTTGTGGTGTTTTCACTACTCGGTTGGATGCCTCAGCCATAGTAAGTGGGAAAGTGAGCGAGCAAGCGAGCTACTAGCGACCGGAGGAAAGTGAACAGGGGGAGAAGGGAACAGCAAGAACAGGACTCCAGAGCGATAAACACTCGCTGGAGAGGGAGACGCAGGAAGCG,7.125922300045579,2.833076752633426
1077,ENST00000295030.5,ENSG00000162928.8,PEX13,61017225,61051990,14.225994887201043,4470,3642.23,197.752,1.22326,TCAGGGGTAGGAGCGGGAGCCGAGAGGAGGCGGAGGAG,11.629575795171135,3.539726568365344
1078,ENST00000426997.5,ENSG00000237651.6,C2orf74,61065871,61164829,16.892549170066488,879,647.593,114.079,3.96884,GCACACAGATGTTAGGGTTCGGGCGAGCTATTTGGAGCCTGCGCAGTCAGATCCGAGGACATGTTGACGTCGTCCGAGAGTCTTAAAATCCTGCTCTGGCCGGATTCCAGACTCGTGGGGGAAAGGCTGTTTCCAAGGCAGGAAAGGTAAAGAGACAAAGAAAGTGCCTTGTACAGATGCAAACGGAGGTGTAGACTGTGCAGCTGCCAAAGTGGTGACAAGCAATCCAGAGGACCATGAAAGGATCTTA,4.256293821385213,2.089597746709362
1079,ENST00000311832.5,ENSG00000173163.10,COMMD1,61888724,62147247,36.70296555215864,911,816.145,99.422,2.74459,TCAGCTGTTGCGGGGCGGGGCCTTCGCAGAGC,13.37284095335137,3.7412340819282046
1080,ENST00000301998.4,ENSG00000170340.10,B3GNT2,62196113,62224731,19.241014981500683,2763,2552.5,262.62,2.31806,GGAGCCTGGAGTGAGGCGCAGCGGCAGCGGCAGCAGCGGCAACAAGTGCCGGAGGCTAGCAGAGCCAAGCCGGAGCAGTCCCTGCCGCCGACACCGCCGGGCCGCCCGTCCGGGGCGCCGCGCATGGAGCGTGAGCTGCGGCGGTCGCCGGGCTGAGCCGCGCGGAGCGGCCGGGACGTGGATGTGGCCGCGATCTCCCGCCCTTGCCCCCGCCCCGCCGAGCTGGAGCTGCTCCCGGACAAGATATGAGAA,8.300481860478452,3.053195090380527
1081,ENST00000233114.12,ENSG00000014641.17,MDH1,63588609,63607197,457.7267433564047,1650,1524.9,1337.18,19.7565,GCGCGTGGGGGTGATGTCGCTAAGGGGTGATTCTCCCCTCCCTAGAGTTACACACGCTATCTCTCCCGCCAATTGCCGGGCTCCATCAGGCAGGTCCTTTCCTCCTGAGCCCAAACCATCCGTTTGTTGTCGTCCTCCAATCACAGGGGCTCATCCTCAGGGACTACTTTGCAATCGGCGCAGAGCGCAGTGAGAAGAGCTTGAAAAAAACCTCTGGTATCGGGAAGTGTAGTTCAACACTTGAAGGAAATGCTTTGGAGATTGCGCCACAACCAGGGCAGCGTAAACTACAGTTCCCAGAGAGCGCCGCGTCGGGAGCGGAGCCTTTTCTCGCTAACACCGCTCGCCCTCTCCGAGTCAGTTCCGCGGTAGAGGTGACCTGACTCTCTGAGGCTCATTTTGCAGTTGTTGAAATTGTCCCCGCAGTTTTCAATC,23.168412591117086,4.534087294662933
1082,ENST00000238875.9,ENSG00000119862.12,LGALSL,64453969,64461381,18.77128959965565,3926,3686.11,178.066,1.08836,GCCACCGTCCAATGGCCGAGGGGCAGGGCCCGCTGAGCAAGCCGCGGCAGCCCCGCCGGGTCCCCGCCCTGTTCCCGGTTCCCGAGCCGGGCCCCGGAGGCCTTTAAATGCTGCCCAGGGCCGACGCGGCACGGCCCTCGCCACTTTTCTTGGTCGGGCAGCGGCAGCGGCAGCGGCAGCAAGCAGCCCCGTCGGCCCGGGTCCGGGGCCGTTCTGGGCCGCGGCAAGCACCTTCGCCCTCCCAGCTCGCGCTGCCTCCCTCCCCTCCCCTCCTCCCAGGCTCTGCCTGCCAGGTCGGCGCCGGGCCCCGGGCGCGCGCGCGCGCGCCCCCTCGTGTGTGCGCGCGCCCGCCGCCAGCTCGGACCCGCGCCCCCGCCCCCGCCCCGCGCAGGACAGCCCCGGGATCCCCGCCCGCGCGCCGCGTCCCACGTACCCCGCCGCGCCGGGCAAGAAG,17.24731669636485,4.108300022577126
1084,ENST00000234256.3,ENSG00000115902.10,SLC1A4,64988477,65023865,21.217351530754165,4561,5687.82,460.361,1.82354,CTCCAGCCGGCGGCTGCTCCAGGGAGGCTGGGCGCGATCCTCTCCGCCCGCGGCTCCAACCCGCACTCTGCGCCTCTCCTCGCCTTTCTCGCACCTGCTCCTGCGCCAGGCCCGGAGACCCCCGGGGCGGCTTCCCAGAACCTGCGGAGCACAACTGGCCGACCGACCCATTCATTGGGAACCCCGTCTTTTGCCAGAGCCCACGTCCCCTGCCACCTCTAGCTCGGAGCGGCGTGTAGCGCC,11.635254247646975,3.540430831011959
1085,ENST00000377990.6,ENSG00000011523.13,CEP68,65056366,65087004,9.944850389791345,5847,6419.67,547.119,1.92013,AGCGCGGCCGAAGGGCGTGGTTGGCGCTCGGTCCTGCCCTGCGCGTTTTGGGCTGCGGTTGGAGGGCCGCAGTTGCAGTCAGGGTCCGCCAGCTCGGGGCCAGCGCATGGGGCTGCTGAGACCGCTCCGGACGTGCGAAGCGTTCGCGGTGCGGTAGGAAGCTGAAGTCTTCAGCAGAACCCTGACCTAGGTAGGGAGTCTCA,5.179258899028371,2.372745677219227
1086,ENST00000260641.9,ENSG00000138071.13,ACTR2,65227753,65271253,90.4718490739179,3861,3196.96,3245.13,22.8694,AGCTAAATGACGGGCGGAGCCCGGCGGCGGCTTCCGGTCGGGGGAAAAAAGTTGGGCCGAAGGAGGGGCCGGGAAGACGCAAGAGGAAGAAGAGAAAACGGCCGGGCGGCGGTGGCTGTAGGTTGTGCGGCTGCAGCGGCTCTTCCCTGGGCGGACG,3.9560219801970273,1.9840504419294693
1087,ENST00000272342.5,ENSG00000143971.7,ETAA1,67397319,67410545,6.256819298432965,3418,2364.52,662.236,6.31004,CTTGCGCGCGCCCCACCGACCAAAATGGCGGCTGCCGTTGGTGCGGGGTGCGGTTTGTAGTGCTGTTGCCCTACTCATCCCTTTGCAAAATGTGAAAGAAGAAGCGGCTGGTGGAGGCGGGCCATAGGCA,0.9915657109040458,-0.012219712091219154
1088,ENST00000263657.6,ENSG00000115946.7,PNO1,68157844,68176238,101.54764471202525,2286,1925.95,784.849,9.18127,GCGGAGCTGCAGGGGTGGTTGGCTGAGGCTGGCTTCTGCGTGGTGCAGCTGCGCACGTGTTTCAGCCGGCAGCGCTTTAAGATTTCCGGGG,11.060304806636255,3.4673192396790733
1089,ENST00000303714.8,ENSG00000169604.19,ANTXR1,69013178,69249327,23.20773956816948,5859,6194.51,1125.06,4.09195,GACGGAACTCCTTCCATTGCAAAAGCTCGGCGCGGCCTCGGGAGCTGCCCGGCGGCCCCGGACCGAGGCAGCCCTCCCCTTTAAAAGAAGCGGAGGACAGGATTGGGATCCTTGAAACCCGAAACCCAGAAACAGCATCGGAGCGGAAACCAGAGGGGAAACCTTGAACTCCTCCAGACAATTGCTTCCGGGGAGTTGCGAGGGAGCGAGGGGGAATAAAGGACCCGCGAGGAAGGGCCCGCGGATGGCGCGTCCCTGAGGGTCGTGGCGAGTTCGCGGAGCGTGGGAAGGAGCGGACCCTGCTCTCCCCGGGCTGCGGGCC,5.671559908642452,2.5037455893030947
1090,ENST00000409920.5,ENSG00000196975.15,ANXA4,69644425,69827100,21.01639219200691,1414,1357.23,187.468,3.11198,GCGCGGCCGTCCCGGCCCGGGGCCCCAGGTGCGCTTCCCCTAGAGAGGGATTTTCCGGTCTCGTGGGCAGAGGAACAACCAGGAACTTGGGCTCAGTCTCCACCCCACAGTGGGGCGGATCCGTCCCGGATAAGACCCGCTGTCTGGCCCTGAGTAGGGTGTGACCTCCGCAGCCGCAGAGGAGGAGCGCAGCCCGGCCTCGAAGAACTTCTGCTTGGGTGGCTGAACTCTGATCTTGACCTAGAGTC,6.753382795521472,2.7556103347305614
1092,ENST00000282570.3,ENSG00000087338.4,GMCL1,69829642,69881396,5.688444909010339,4191,3284.39,620.945,4.25951,ATGCGCCCTCCGTCCCGCGCTTTGTTGCGAAAGCGAGGGGGCGAGGTGCTGCGGTGCTAGAGCGCGGCGCGACCGGACGCTGCGGGCGGGGAAGAGGATGGAGACTGTGGCGTCCGCTGCAACGGTTGGGGCTGCGCGTGAGAAGGTGGCGGTGTAGGCACCTGCGCTCGGGGAAGGCTGGCGGCGGCGGCCGAGCCATGGCGGGAGACCCCCTTCTCTGGGCTCCCTGAAGTCTCGGGGAGCCGTGACCC,1.3354693166609162,0.41734682942891244
1093,ENST00000264444.6,ENSG00000059728.10,MXD1,69893560,69942945,19.717531489356112,5587,5378.77,480.25,2.01162,GAGTCGGGGATAAACACTCCGCGGCGGTGGCGGCTGCTGCTCTGCTCCGGGTTCTGTCACTGTGTCGGCGGTGCCCAGCTCACTGGCCCCCTCCCTCTCTTGTCGAGCGTGGTTGCCAGAGAGGCTCCCTCAGCCCTGCTCCGCGGGGTCCACAGCGGGCTCCACAGCGGGCTCCATAGCGGGCTCCACAGCGGTCCGGCGGCGGCAGCGAGCCCGTGGGCAGTGGGGGTTGGTCCCGTGGCTCCGGCCCCCGGTGCAGA,9.801817186822616,3.2930492393691813
1094,ENST00000303577.6,ENSG00000169564.6,PCBP1,70087454,70089203,585.1559663294847,1750,1886.84,2700.0,32.2397,AAAGCGGGCTTCCCGCCCCGCCCAGACCGCCGAGGCTGCCGCCGGAGTCGCCACCGCCGCGCCCTCGCCCACCCGCCCGCCCGCCGCTCCCGGCCCCGCTCGCCCCCTCCGCCGCCGCCGCCCGCCCCTGCGACTACGCTGCGGCCTCCCGCCCGCTCCCGCTCGCTCCCGCGGCCCTCGCTCGCCTCGCGCCGGCAGTTTTGGGCCTACACCTCCCCTCCCCCCGCCAGCCGCCAAAGACTTGACCACGTAACGAGCCCAACTCCCCCGAACGCCGCCCGCCGCTCGCC,18.150167846769193,4.181910984738243
1095,ENST00000433351.6,ENSG00000116005.11,PCYOX1,70257386,70281191,47.2325809702514,5345,4875.86,1254.29,5.79574,GAGGCCAGCTGCAGAGCTTGTGGAGGCC,8.149534135460078,3.0267175906723938
1096,ENST00000244230.6,ENSG00000124383.8,MPHOSPH10,71130314,71150101,30.69643390056541,2484,2012.87,708.42,7.92935,AGGTCAGGGGCGTGGCGAAGGTCGCTGCTTTCCTGCTACAACGGGCCTACTTTAGCTAAAACAGAAACGTAAGGCCAGGACGGGTCACCCTTTGTGGGCCCCTGAAAAATACAAAACGAAGTTTGGAGAGAGTTGAAAGGCGTTTGGGCTGACCATGGAGATTTTTGTTTCCCACCCTCCTGCGAAAGCGCTCGCGCTGCCATTGGCTCTGGCTGAGGGCGAGTCCGGAACCTGTGCGCCGCGGAACTTTCGGCTCTGAAATCCAAGTTGCGCTGGGCGCATCTTTGCCGCGCGGTTTCCGGGCGGCTCCCTTCCCTTGCATGCTGCATTGTGTCGGGAGTTGCTGACAGCC,3.871242144761602,1.9527965504927753
1098,ENST00000264447.8,ENSG00000075292.18,ZNF638,71276561,71435069,19.85894963288163,6505,5301.75,1903.93,8.09083,GCATGCGTGCAGCTCTTTGGAGGCGGTAGCGTTTTCGGCGTCGAGACTGGAGGCTGAGTGCTAAACTGTGTGGGGCGCGGATGGGATCCAGCTGTTAGTCGGGTAGGCATAGCTTTGTGTTATTCTTGGAAAATTTCGCACCACTTGTGAATTCCTTGAACCTGGGCATTGCAAACCCACTTCTGTTGGGCCCATCTCCTTTGCACTTTGCTCAGATTAAGACTCAGTTGGCGCTTCAGCAGCTGAATGCCGTTGCCTCACATGGTTCAACACCACCTTATACTTTATTAAATCAGGCTTTCTTGAAAATAGCC,2.4545009143538583,1.2954297041386857
1099,ENST00000234454.5,ENSG00000116096.5,SPR,72887360,72892158,25.163738472021997,1480,1849.7,266.0,3.23998,GGTCCCGCCCCCCGCGGCCGCACCGCCTCCTGCCTGGTCTCGGGTGCCAGCGCCGCCGGCGGAGAACAGGAGC,7.766633890339445,2.9572894606752227
1100,ENST00000389501.8,ENSG00000135632.11,SMYD5,73214222,73227237,16.18810194902938,2593,3500.06,498.65,3.20983,AGGTCGAGGCGGGGTTAAGGGTCATAAGGCGGAGGCGCGCCCAAG,5.043289504126194,2.3343650438911374
1101,ENST00000258091.9,ENSG00000135624.15,CCT7,73233420,73253021,595.8374580691442,1916,2079.31,9232.63,100.039,AGAGTAGCGGAAGTGGTCCGTTCTCTTCCTCTCCCGGCCCAAGCTTCTGGGTATTTCTATTGCGCGAGGCATTGTGGGTTGCTGGGCGGCCCGGTCTCGGAGAAGAGGGGAGAGTGGCGGGCCGCTGAATAAGCTTCCAAA,5.956051720520438,2.574356281894219
1102,ENST00000484298.5,ENSG00000116127.17,ALMS1,73385758,73610793,3.069968193919653,12595,12825.3,637.325,1.11958,AGGCGGGCGGCACTGCGCCTAAGCTGGGCCACAACCGCCAGTCAGGGCTCTCCCCTTCCCCTCCCTCCCCCCCTCCTCCTCCTCCTCTGCCGCCCAGAGCGAGACACCAAC,2.742071307025539,1.455266088606016
1103,ENST00000629438.2,ENSG00000114956.19,DGUOK,73926826,73958961,81.67388203055567,1029,886.812,161.464,4.1021,AACGGTGCGCTGGAGCGAGTGAGCAGCGATACCTAGGGCGGAAGTGCTCTCGGCGGAAGTGATCGCTGTGTGAATCGTGGGTGGG,19.910261093234116,4.3154402348530745
1105,ENST00000394053.6,ENSG00000065911.11,MTHFD2,74198562,74217565,116.47081328352458,4456,3997.51,1030.95,5.81043,CGGGGCCTGCCACGAGGCCGCAGTATAACCGCGTGGCCCGCGCGCGCGCTTCCCTCCCGGCGCAGTCACCGGCGCGGTCT,20.045128034160047,4.3251797273253025
1106,ENST00000348227.4,ENSG00000005448.16,WDR54,74421678,74425755,36.03655557659789,1147,1393.65,184.386,2.98084,GTGCGTACGTGCGTCGTCTCTATGGTGGCGGCGGATTTGGAGGGACCCTACGAACCAGGAGTCAGGCGAGCCGATCTGGGGCTGCAGG,12.08939613551814,3.59567027875885
1107,ENST00000233615.6,ENSG00000239779.6,WBP1,74455023,74460891,3.1313308610578208,1294,1695.59,398.521,5.29532,CGGCGGAGGCGCTGCTGTGGATTGGTCACAGGGAGAAACCTCTGATCTGTTCCTATTGGCCCGTCCGTCAAGGGACGATGATGATTGGTAGGGCAGAGCAATCTGAGTCCTAGTTGGTGGAGTTCTGCCCGGATGGAAGCTCCGGCCGCGGAGTGATGGTGGCCTCAGCGAAGATGGGCCGGGCAGGGACCATGGCGGTGGCAGCAGAGGTGGCAGGGGCGGGGCGGCTGGCGGTAGAGGAGGCTGTGGTCCTCAGGGGGCTGTAGGTGGAGGT,0.5913393073615609,-0.7579419161260983
1108,ENST00000290573.6,ENSG00000159399.9,HK2,74833981,74893359,17.859412676472097,5772,6788.02,668.168,2.21771,CGGCCGCGCCCGCGAGCCGTGAGCGATGATTGGCTGCGCCACGGCGGCGGGCGGTCCGTGGGCGCACACACCCTCCCCGCGCAGCCAATGGGCGTGCGCACGTCACTGATCCGGAGGCCCGCGGGCCGGCAGCCCCTCAATAAGCCACATTGTTGCATGAAACTCCGGCGCAGGAGTCCCGGGCTGCCGCTGGCAACATCGTGTCACCCAGCTAAGAAAATCCGCGGGCCCGAGCCACGCGCCTGTGAATCGGAGAGGTCCCACTGCCCGAGTGGAGCCGGGCTGAGATTCTTCTCAAGTTGAGCCTCAGTGATCCTGTGGCCGAAGTTAGCGCCTTGACGTGGGACAACCGGACACGTCGCCAGGAGAGAACTGAGGCGCCTTCTAGCAGTTGTGACGCCAAAATCACGTCTCCGGAGACCCGCGCCCTCCGCCAGCCGGGCGCACCCTCGCCGGTAGCCTTCTTTGTGCGCCGTCCGGACTCCCAGCTCCCGGCCCGGCAGCCGAGCCCCAGCACAAAGCAGTCGGACCGCGCCGCCCGCCTCCCCTCTCGCGTCTCCGCCTCGGTTTCCCAACTCTGCGCCGTCGGGCCGCGGCAGG,8.053087498578307,3.009542008680777
1109,ENST00000483063.1,ENSG00000115350.11,POLE4,74958492,74970128,73.3342707612618,1248,1155.65,95.4566,1.86097,CGGGTGGCTAGGCGCGTGGGAAGAGCCGGAGCCCGACCCCCGCCCACCCGGTTTCCTGGCAGCGCACTGCCGCGTAGGGGCGGAGCCGCGCGCCTACACAGGGTGTGGCCTCCAGCCCGCGCGGGAAAGGGCCTGCGCCGCATGCGCGCGCACAGTCGGCGGCCGCGCGCAGCACGCTCAAGGCCGGG,39.40647660159046,5.30036085637392
1110,ENST00000393909.6,ENSG00000115364.13,MRPL19,75646783,75690851,132.98659222567133,3479,2867.59,832.74,6.54265,GTAGTCTTGACGTGAGCTAGCTGGC,20.326105205944277,4.345261894015976
1111,ENST00000233143.5,ENSG00000034510.5,TMSB10,84905625,84906675,845.2415207781274,496,355.979,2432.0,153.922,ATATAAGGCTAGGGGCGGGCGCCGCTCTTTTGTTTCTTGCTGCAGCAACGCGAGTGGGAGCACCAGGATCTCGGGCTCGGAACGAGACTGCACGGATTGTTTTAAGAAA,5.491362643274694,2.4571641883498168
1112,ENST00000409785.8,ENSG00000176407.17,KCMF1,84971093,85059472,21.30989973953999,7568,7121.17,638.362,2.01966,GCGGGGGGTGGGCCGGGGGAGGGGAGGAGCGGGATTTGCGGAGCGCCGCGCCGCTGCCGGGAGCCGGCAGGCCCGAGAGTGACCGGAGTCACGGCGGGCGCCGGCGGAGCTGCGGCGTCGGACCCGCCTCCTGGAGGAGCTCAGCCCCGACCAGGCCCGGCCCCATTCCCGCCCCGCGCCGCCTCCCCGCCGCCGCCGCCGCCGCCGCCGCGGGAGCGCTCCCCTGCCCACCCCGCCCCCGCGGCCGAGCCCGGGAGTCGAGTGGGAGTCGGCCGGCCGGCGCGGGCAGCGCCGGGACCCCGCGGGGGACACTGCAGCCGGAGCCCGGGAGGGGCCGCGCCGCCACCGTCTGAACTAGG,10.551231266421075,3.3993394576408043
1113,ENST00000306434.7,ENSG00000168906.12,MAT2A,85539165,85545280,181.07212580536688,2819,2752.39,5198.05,42.5493,TTCGTTCGCTCCGCGCCGCCCGCCTGCTACGAGTAGAACGCTGTCCGCAGCTTGCGCATTTCGCAGCCGCTGCCGCCTCGCCGCTGCTCCTTCGTAAGGCCACTTCCGCACACCGACACCAAC,4.255584129594773,2.0893571725763924
1114,ENST00000263864.9,ENSG00000118640.10,VAMP8,85561562,85582031,61.870779459051086,774,724.475,351.918,10.9441,GGAAACCTGAGTTAGGTGTGGCTGGAGCGACTCGAGATGCGAGGTGGGCGGGGGCAGGCTGAAAGTTGGAGCAAGCAGGAAGTGAACTGAGGGCCACCCTGGGAGGAAGCCGACTAGGCGAATTCACTTACTGACCGGCCTGGGCTGCTCTGAGAC,5.6533455888607635,2.4991048915972973
1115,ENST00000306368.8,ENSG00000168894.9,RNF181,85595725,85597613,57.8746974819704,569,435.133,386.323,20.0028,CCGAGGGCTGTGTCAGAAGGCTGGGCAGCC,2.8933298079254106,1.5327307840828293
1116,ENST00000409470.5,ENSG00000168883.19,USP39,85602856,85649282,42.32023216093398,2034,2102.75,402.149,4.30885,CGCTGGACGACTCGGCCGGTAGTGGAG,9.821700026906017,3.2959727606004368
1117,ENST00000254630.11,ENSG00000132300.18,PTCD3,86106182,86142157,41.655934554980576,6734,6605.2,1165.48,3.9754,CACTGCGCCCCACCTTCCTGAAGGTCGAGGCACGCTTTCCCAACATGCTCTGCAGAGAAATCAAAG,10.478425958389238,3.3893501101807675
1118,ENST00000337109.8,ENSG00000132313.14,MRPL35,86199355,86213794,62.347817375108015,3727,3128.95,483.661,3.4826,AAACCCAAAGCGGCCGCCGTAGGCGAAGGTGAAG,17.902663922100732,4.162102371832376
1120,ENST00000283632.4,ENSG00000153561.12,RMND5A,86720173,86778041,66.10180998526266,6301,5772.77,1889.08,7.37272,CGCGTGTGGGCGCCCGTCGCGTTCCTCCGCCCGTTCTCGCCGGGTCGCACCCCCCACCCCGAGGGTGTACTTGGTACGGCCCGCGCCGCCTCCTTTCCTCGCCCGGGTGGCCATCCCCCTCCCCCCAGTCGGCGGCGCTTGGTGCCGCCCGGGAGAACCAGGTCATCGGTCGGTTCCCGTGAAAACAAAAACAATCGGCCGCGCCGTCGCAGGCACCCGAACGTCGCGAGCGGGGCCTGGGGACGCGGAGCCGAGTGCAGCGAGCGAACGGGAGCAGCGGCGACTCGCCGGGGGGCTAGGGCGCCATGGGGCAGGCGGGCTCCGGCTGCGCGGGGCTCCCCCGGCGCCGCGGCTAGTGCGCCCGCCGCCTCGGCCGCCTCAGCCTCCCGCGCCGCCCGCTTGGGGAACGAGGAGCAGGACGCGGCCTCGGTGGGGCCCGGGCCGAACGGCTGCGGACACCTGGGCGCCGAGGAGCCGAGCGCCGCCGCCTCCGGC,8.965729064071693,3.1644209031554884
1121,ENST00000283646.4,ENSG00000153574.8,RPIA,88691644,88750935,41.302257707702736,1848,1801.44,260.0,3.25173,ATTTCCGGGGGAGCCGGGGGCGGGACTTCAGCGGAGGCCGGAGCGAGGCGTCGGG,12.701625813859927,3.6669412693234458
1122,ENST00000488633.1,ENSG00000144021.2,CIAO1,96266132,96273349,77.6652941949403,1533,1783.64,710.655,8.97663,CCCTGCCGAGGTGAGGGGAGCGACTACAACTCCCAGAGGGTATGGCGGCCGCAGCAGTGGGCAGTTGAGTTTCCGGGGCGACCCAGGTCCTCCGGCGGAAGCGGGAGCCTCTGTCGGCCGCGGAAGCCTGGAGTGGGCGGTACGCAGACGCGCGCGGTGAGACCCGCTGTCTGCTCAGCGGACTCTGCCCGCCCCCACCTCCCCCTGCGTCGGGCCGAC,8.651943345658704,3.113024218327534
1123,ENST00000240423.8,ENSG00000121152.9,NCAPH,96335787,96373845,40.00188043643491,2763,2891.21,944.403,7.35935,GACGCGCGCGATTTAAAACCAGCTCAGGAGACGCCAAGGAAAG,5.435518141742804,2.442417566971614
1124,ENST00000377075.2,ENSG00000158158.11,CNNM4,96760902,96811891,6.926330321174573,4800,6387.01,463.071,1.63347,AGTTGGCTCGGCGGCAGCGGAGCGGCCGGAGCTGCGGTGCGGACCGGGGCCGCGCGGCGTGGCGCGGGGAGCGGCGGCGGCGGCAGAGCCAGAGCAAC,4.240255603821664,2.0841512334798176
1125,ENST00000305510.3,ENSG00000168763.15,CNNM3,96816245,96833911,16.44855861088807,3447,5017.74,322.286,1.44709,GCGAGAGGCCGAGAGGGGGCAGCAGGCG,11.366645205818623,3.506734609531055
1126,ENST00000258424.2,ENSG00000135940.6,COX5B,97646040,97648383,588.6577946417298,712,587.358,928.963,35.6335,GTCTCTGCAGCTTGTTCCCGGAAGTTTTGCTGCTAGTCGCGGACGCA,16.51978600591381,4.046123093375561
1127,ENST00000074304.9,ENSG00000040933.15,INPP4A,98444854,98594390,3.0313925968993654,6752,7444.48,336.978,1.01983,GTCTAGAGCGGCGGCGGCTGGCTAGGGCTGCGGCGCGCGTGGAGGGTTCGCTGCTGGTTTGCCGCCGGGTCGGGCTCCGTGGGCCGGGGCAGGAGGACCAGCACCTGAGGCCGGGCCCGCAGCCCGCGACTTCACAGCCAGGCGGCGGCGCTGCTGCTGCTGCGGGGCTCTGGCGCGCAGCCCGGCGGGACAGCGGGGCGGCTGGCGCCGGGGGCCGGGGAGCGCCAGATGATGGATTTGGACATGCTTCTATGAAGAAATGCCACATGGTCCGAGAGCAAACATGTCCAGGCTACTGCCACTTTAGTGGACTAGGGCTCGGTGCCAGCACTTCCCGGGTAATCAGGCGTGGTCTGACCGAGGATCAAGAAGCACATCATCACCAATGACATC,2.9724489345276814,1.5716520252656334
1128,ENST00000357765.6,ENSG00000115446.11,UNC50,98608579,98618515,51.99168744420552,1143,889.477,238.287,6.0357,GGCGGAAGTCGGTTCCCGTGACGCGGCGCGCCCCAAGGGCCGGCTCCGTTGAGGGAAGGGAAGCCCGCCCGGTGGCGGCTGGGGTCGGCTGCTGGGAGGAGGTGGTGGGCTGGTTCGGACGTGGGTCGAGGCTGTAGCAGGACTCCAGGAAG,8.61402777543707,3.1066879754744448
1129,ENST00000289371.10,ENSG00000158417.10,EIF5B,99337353,99401326,28.590931266806628,5777,4754.54,1455.33,6.89626,AGGCGGCTGGGCGATGCGCTTGCGCACTGAGAACTCACACCATATGTGTCCTGTTCCAGTGCGCGGGTCTGTGGAGAGCCGGGTGCGAGCGGCGGCAGCACGAGGGGAAAAGAGCTGAGCGGAGACCAAAGTCAGCCGGGAGACAGTGGGTCTGTGAGAGACCGAATAGAGGGGCTGGGGCCACGAGCGCCATTGACAAGCA,4.145860403582033,2.05167153987943
1130,ENST00000264254.10,ENSG00000115539.13,PDCL3,100562690,100576735,12.967760503233528,1337,1302.09,407.985,7.05935,GTCTTTACAGGTTTGGGCCGGCAGCTGGAAAAGGCACACGGCCCCGGGCTCCTCCTCCACCCAGCCCCACCCCTCCTCCGCTGAAGACCAGCCCTAATAAGGCAGCCACCAGAATTAGAACCAGGTCAAGTGCACTCCGAGCAGGACAGTAGGCAGATCCTATCTGGCGCATGCGAACGCTTCTGTGCCAGTTCCTTGAAGAGCAGGCGCAGACTCAAGGCTGTTGCTTCCGCCCTTACTCCCCGCCGCTCGTCCCTGGGCGGGGCGAAGGCTGGGCTGGGGGAAGAGGCGTGGCGGCGCTGTGCGCGTGCACAAAAGAGAGCTGAGGGGCGGGGGCGCTGCGGCACAGCTGGTTTGAGCAACTGAACTGGAAACAAG,1.8369623978459104,0.8773220951501586
1132,ENST00000409028.8,ENSG00000071082.10,RPL31,101001715,101024032,289.8772462656412,1110,892.317,516.42,13.039,CGCGCTCTTCCTTTCCAACTTGGACGCTGCAGA,22.231555047598835,4.474536960076146
1135,ENST00000289382.7,ENSG00000158435.7,CNOT11,101252802,101270316,41.64735464819228,2599,2621.48,739.947,6.35939,CCTCGCTTTCGCTGGGCGCTGTCCCTCTCCGCGGCGGTCTGGTTTCCCCGACGTGTTTTGTTTGCGACGCTGTCGTGTAACAGCGCGCTTTACGGCCGCGGGGACGGAGCGAGCCGGCGCCAGGGCCCCTCGGGCCGGGAAGAGGGGAAGGGGAGCGAGGTTG,6.5489543255237175,2.7112645692739843
1136,ENST00000350878.8,ENSG00000071054.16,MAP4K4,101696850,101894689,3.6250286204352,7640,8026.54,505.759,1.41964,GCTCACTCGCTCAACTCGGCGCCGCCGCGGCCCCACGCTCCGGGCCCGTCCTCGAGGCGCGCGGCGCGGGGCGCGGGCGCCGGGGCCTGAGGCGGCGGGCGACGCCCGGGGGCCTGACGGCCGGCCCCGCGCCATGGTGTGAGCGCCGCCGCCCGTGCACGCTCCGTCCGCCCTCCGCGCGGCCCGGCCGGCAGAGAGCCCCGAGCGGCCCGAGAGCGCAGCCGAGCCCGCCGCCGCCGCCCGCGGCCCCGCGAGGAGAGTACCGGGCCGGCTCGGCTGCCGCGCGAGGAGCGCGGTCGGCGGCCTGGTCTGCGGCTGAGATACACAGAGCGACAGAGACATTTATTGTTATTTGTTTTTTGGTGGCAAAAAGGGAAA,2.55348441889155,1.3524672558952577
1139,ENST00000258455.7,ENSG00000135972.8,MRPS9,105037983,105099960,61.69510771088028,1500,1164.53,452.576,8.75596,CCGAGAAGCTCTTGCACAGGACAGCCTCTGGAACCCCGCGCCATTAGCGCCTGCGCCGTCTCTAGGCCCCGCCCCCTCACCCCTCCGGTCCTGGAGCTCCCACAGCTAAC,7.046070072371308,2.816818822343508
1140,ENST00000258457.6,ENSG00000135974.9,C2orf49,105337359,105349211,21.67796384414729,4768,3749.59,474.072,2.84855,GACACGCCATTTGTTTCTACGTCTGACATCCTCCTCTTTTCTCTGGTCCGTGGGAGCTTTTGCAAGCGGGACCAGGCCCCAACACCCGAACCAGCAGCGAGAGAAGGAGCCCGGCATGCGGCGACTCAGAGTGACGACACACGCGAGTCTCCGCCCGAGTACGTCACTTCCGCAACGCTTCCTTCGCGGGGCTTTGTGGGTAGCCGACTGGGGTCTCCTGGCGACGACC,7.610174946603461,2.9279296195233178
1141,ENST00000544547.5,ENSG00000169756.16,LIMS1,108534355,108687246,14.921094204064424,4461,3695.87,563.163,3.43304,AGCCGCTCCCGCCCCTCCCCCGCCTTCCCGCGCGGCCCGCCTCGCCTTCCCCCCCCTCCCGCGCCCCCGCGCGGCCGGCCCCTGGCCTTCCTCCCCTTCCTGCTCCGGGCCCGCCAGTAGCCGGCCGCGGCGGCGAGGGACTAGGACGCGGCTGGAGCGGCGCCGGGAGACGAGGGGCTGAGAGACGGCGGCGGCCGAAAGCGGAGAG,4.346321104346126,2.1197947641498396
1142,ENST00000283195.10,ENSG00000153201.15,RANBP2,108719481,108785811,14.217891107610567,11711,9483.23,5139.51,12.2103,CACAGTGGTCCTCCGCCGGCTACGGCGCTGCGTCACTGGTTTGCAGGCGCTTTCCTCTTGGAAGTGGCGACTGCTGCGGGCCTGAGCGCTGGTCTCACGCGCCTCGGGAGCCAGGTTGGCGGCGCG,1.1644178363849018,0.21960884373765951
1143,ENST00000295124.8,ENSG00000163006.11,CCDC138,108786757,108885477,26.9851392115587,2383,1529.53,491.746,7.24342,GTAGCGCCGCGGGTTTGATGAACGCGGTTCCCGGGGAGACTGGTACGGTTGCTGTGTGCT,3.7254693517093718,1.8974221943607574
1144,ENST00000356454.4,ENSG00000198142.4,SOWAHC,109614334,109618990,11.444379550164893,4657,4833.08,349.727,1.6303,AGTGAGGCGGTGGCCGAGTCCTCTGGCCTCAGACGCGTAGGCTGGCAGCCCGCTGAGCCCGCCAGACTCCGCCGCCGTCGGGAGCCGGCCGCTGGGAGCCCGTCGCTATGGGACCGCGCTGAGCCGCCCGCTGGCGGGGGAGCAGCGCGGTCGAGG,7.019799760881367,2.811429878378326
1145,ENST00000337565.9,ENSG00000153094.21,BCL2L11,111119378,111168447,36.7644997397546,720,579.802,30.5977,1.18897,ACTTCGCTCCGCGCAGCCGCCTGGTCTGCAGTTTGTTGGAGCTCTGCGTCCAGCGCCGCTGCCGCTGCCGCCGCCGCCGCCGCCGCCGCCGCCGCCGCCGCCGCCGCCACTACCACCACTTGATTCTTGCAGCCACCCTGCGAACCCTGCCACACTGCGATCGCATCATCGCGGTATTCGGTTCGCTGCGTTCCCGCCGCCACCGCCTCGGCGCCCTTTCTTGGCCCTTGTTCCCCCAAATGTCTGACTCTGACTCTCGGACTGAGAAACGCAAGAAAAAAAGACCAA,30.921301411940245,4.9505291353998295
1147,ENST00000233336.6,ENSG00000114999.7,TTL,112482154,112541739,24.629613197592487,14269,14163.1,684.44,1.08878,GCGCTTTCCTCTCCGGCACCCGGCGGGCGCCCGGGCGCGGCGCCGCCGGCACCCGAGAGGCGCGGTAGCCGGCGCGGGCGGCGGGGGCCGGGCCGCGGCGGGCGCCCGGGCGGGGTCCGCGCTGAGCCGCCTTCTCGGCCGCCTGGTCCCTGCGGCGGCTGCCCGGCGGCCCGGGCGCGCGGCGCTTCGCC,22.62129465786705,4.499609594641035
1148,ENST00000324913.9,ENSG00000125611.15,CHCHD5,112584240,112614431,56.50312593967305,691,705.456,104.241,3.32914,GTGGCTACTCAGGGCGCCGCCATGACGAGCCGGGCCGGAAGAAGAGGTAGGGCGCCGCCGTGACAGATTAGTCCTAAAGGGAACGGGGTTGTTAGTTCAATTGGCTACCGGAAAAAACCAGGCTGGGCTGGGCGCCGCCATGACAACCGATACCGGAAAAGGCGGGTCGTTCCCCCCGGACAGCCCTACGCCGGCAAAGGTCTCGAG,16.972288921364992,4.085109238013084
1149,ENST00000272542.7,ENSG00000144136.10,SLC20A1,112645857,112663827,38.37936805728664,3381,3447.14,1079.91,7.05814,GCTTCGGGGCCGGCGCGAGGCGCGGCGGGGTCACGCGGGTCGCTGCGCGGGCTATAAGTAGGGGCCGGCGGGGTGCTCCGCTGGAGTGATGGCTGCCGGCGCTCTCTGCGTGGTTCTTCTTCTCGGCCGCTGAAACCCCCGCGGCTGCTTCCTGGGAAGGTCGTGAGTCCCGCTGAGCTGTCCCCGGTGCCGCCGACCCGGGCCGTGTGCCCGTGGCTCCAGCCGCTGTCGCCTCGATCTCCTCGTCTCCCGCTCCGCCCTCCCTTTTCCCTGGATGAACTTGCGTCCTTTCTCTTCTCCGCCATGGAATTCTGCTCCGTGCTTTTAGCCCTCCTGAGCCAAAGAAACCCCAGACAACAGATGCCCATACGCAGCGTATAGCAGTAACTCCCCAGCTCGGTTTCTGTGCCGTAGTTTACAGTATTTAATTTTATATAATATATATTATTTATTATAGCATTTTTGATACCTCATATTCTGTTTACACATCTTGAAAGGCGCTCAGTAGTTCTCTTACTAAACAACCACTACTCCAGAGA,5.437603682738886,2.442971005025208
1151,ENST00000263238.6,ENSG00000115091.11,ACTR3,113889960,113962596,125.66174928306415,6718,4884.75,1235.98,5.70073,ATCTTGGCTTCCCGGGGAAAGGCGGCGTGAGGGGAAGAAGTTGTAGGGTGGGGGCAGGAGTGAGGAGGAGGGAAGAGAGAGGGGGAGGAGGCCGCGGCGGGGCAGGGCGGGGACTGCCTGCCTGCCTGGGTTGCGGAAGTGATAGCCGCCGACCGAGCCTGCTGCTTTCTTGCTACTGCTTCGGCTTCCCGGCTACCCCCCGGACGGTGAAGGCGGCCCAGCTGTGGATGGTCAGATAGCCCTTGTCTCCCGCCGCCAATCTCTGGCCCCTAGCAGCACGGAGCAGACGGCGGCAGCAGCAGCAGCAGGCGAGGAGGAAG,22.043097863442778,4.462255084593313
1152,ENST00000263239.6,ENSG00000088205.12,DDX18,117814650,117832379,56.62383291400371,3796,3110.35,1800.78,13.0441,CCAGCGTTCCTGTGACGCGTTTCCTGTTGGCCGAGCTGCGCACGTGCGGCCGGAAGGGAAGTAACGTCAGCCTGAGAACTGAGTAGCTGTACTGTGTGGCGCCTTATTCTAGGCACTTGTTGGGCAGA,4.340953604618464,2.1180120033914034
1153,ENST00000355857.7,ENSG00000155368.16,DBI,119366921,119372560,510.5707779595738,637,396.405,1434.81,81.5487,GGTGCTCGCCCGAGCAGGGTTGGGGCGAGTGGACCGCGCCTCTAAAGGCGCTTGCCAGTGCAATCTGGGCGATCGCTTCCTGGTCCTCGCCTCCTCCGCTGTCTCCCTGGAGTTCTTGCAAGTCGGCCAGG,6.260930927894298,2.646377185145747
1154,ENST00000401466.5,ENSG00000144120.12,TMEM177,119679167,119686507,45.452680401089815,1346,1568.92,175.859,2.52538,GGCGTGCTTTGCGGCCGCCCTGCCGCGCGCACATGTAGGCGTTCCGAGCGGCGGCGGAGATTGTCCGCAGTGACTACACTC,17.998352881978082,4.169792979346111
1155,ENST00000263708.6,ENSG00000088179.8,PTPN4,119759631,119983818,2.1148712015004567,10300,8200.08,369.849,1.01618,CCTGCGTGTCCCTCTGCGCTCCGACTGGTGCGACTTCTCCCTGCGCTAGCGAGGCAGGGTTTTGGCCTCGCCTCTCGCGAGATCGCCTCCTGTTGCTGCCGCCGCCGCTCCTGGCCACTGACTGGCGGCGCCTGCGCAGCCGCCATGTTCGGTTGCTATGCTGCGGCCTAGGAGAGGGGGTGTGCTTGAGGGAGGAGGAAGAGATAGAGGAGGAGGAGGGGGAGGAAGAGGAGGTGGAGAAGGAGGGGGGTGACTGAGCTCCTCTTGCACTCTCACACACAAACGCTGCCCAGGATTACCCGCCAGCTCACGCCGCGCAGTGCGCTTTTCCGCTCCTCGCGCCCCACCACCAACATTGTTCTCTCAGGACTCCTGGGTCCCAGGGGCCGGAATTGGGCCTGAGCGGGAGAGGAAAGAGACTTGGCTTTGGCCGCGGGGTCGGAGGATTGGGGCCAGGCCCCCTCCCCCACGCACTTTTGGGGGTGTGGATTATCTCATCCCTGCAGGGAGGTAGGAGAGGTCGCCGGCTGCCCGCCTCCCTGCCACCTCCCCAGCGGCGCCGGCCCGCGGCTGCCCAGCAGCATGAGGTGGTGCTGGCGGCTCCGGGTCGTGGCGCGACCGCTGCGGCGGCGGCTGCTCGGGGGGCGCTGAGGTAGCCCCCCGGAGCGGCACGGAGGACGCGCTTCTCCTCTGCGCGCCGGGGCCTCGAGGCTTTTTTTCTCCAGCCGAGAGGACGCGGCTGTGATATACGAAGACTTTGTGTGGACAGTA,2.081197427129501,1.0574138289034087
1156,ENST00000272519.9,ENSG00000144118.13,RALB,120240064,120294713,27.74692347122533,2344,2262.45,350.058,3.48596,GTGGCTTCCGAGGAGAGGGCAAGAACGGAAGCGAGGGCGCGCTCTCGAGAGGAGGGGTTGCCTAGGCGACGCCGGAGGCGCGCTCGGGGGGTGGGAAAGCGAGCCCGGCAGCTCAATGACAAATCGGTGGAGGACGGCTGGGGTCCGGCCCCGGGAGGGGGCGGGGCGCGTTTAAGAGCTGCGGGCCGGGTGCGGACGGCGGAGGCGGCGGGACTGGTCCCTGCTCTTCAGTGGGTCATCTGTGTGTCACAGCCTCAGAAGACCAGCGAG,7.959621874957065,2.9926998965878155
1157,ENST00000389682.7,ENSG00000211460.11,TSN,121737103,121767853,153.54727699560647,3420,2834.74,485.154,3.85592,CCTCTCCTCTGCCCTTTGGACGCGCGCCTCGGTTCCGAACGCAGCGGACGGCGCCTCAGGCAGCGCGGCGGACAGCCCGTCCTCCGGCGCGCCGCGAGCCTCGGAGGACCCTAGCGACGGTCGTGGCGTAAGACCGGGGGGACGCGGCGGTAGCGGCGGCCGTTGCGATTGATTGCGCTGGTTGCCTGCGGCGTCCACTTCCTTGGCCGCCCTTGCTACACTGGCTGATTGTTGTGCAGCCGGCGCC,39.82117808346814,5.315463997764864
1158,ENST00000259253.10,ENSG00000136731.12,UGGT1,128091200,128195677,22.237639552940177,10650,11059.0,1362.33,2.77541,CCCTGGCGTTGTCTCTGGCACTGTGGCGGACTGACCACGGCCCGGGC,8.012379991763442,3.0022308434213207
1159,ENST00000281871.10,ENSG00000152082.13,MZT2B,130181737,130190729,47.20643911239393,933,1125.69,410.914,8.22422,TTTCTTGAAAGAGGCATTTACCGAGCGCCCAATGTATGCCTGGCACTGGGCTGGGTGCTGCCACCTAAGCGAGCACGACCAATGCAGTCTATCAGGGAGGCCCAGATCGCCAAGCAGCGGACCCCTGCGGTCCGCCATGCCACTCCCGGCTCCTAGAGCGCCGCTCAGCACACCGTGAGCGCCCAATAACTGTTGGGCTTCAATGACGCCGCGGAGGCGGCCCCGTCCCCGCGCTCCCGCCCCTCCCGCCAGGGCAGCCCGGGAGGCCAGACGTTGACGCTGCAGGGAGAGGGTGGTGGGCGCAGCCGCTAGGGGGCGCGGCGGGGCGGAGCGCACCTTTCCGCGGGCCGCGGGG,5.739929028211056,2.5210328986987056
1160,ENST00000234115.10,ENSG00000115762.16,PLEKHB2,131104847,131353709,5.553265352698924,4208,4575.29,636.726,3.13542,CTTGGACGCCCGGTCCTTCAGTTTTTTGAGCACCTCAAGCTTCTGGCCTACAAAACGCTCCCGGCTCAGCTGGAGCTTTCTGCGCCCGGGTCCTAGAGTCGCCCATTTCTCTAAGGCGCCTTGGCCCTATTTTTAGAGAGCGGTATTTAGAAACCAAGATTAGGGTGCTAACAATTTTTTTTTAAATTTTTATATTTTTAAGACAGGATCTCACTTTGTAACACTTCCTTTTAGTGGAAGCGCCGACCTCCTGGGAGACCCACGCCCCCTGCCGCCTTCCGTCCCGTTTCTCAGAAAACCACCCAGACACCCCGCCCCACCGGCCGGGGCCCGCCGCGCATGCGCGCCGAGGCGTGACGTCAGAACGGCGGCCAGGACGCCGGACGTGCGGCAGTTGCAGGCGAGCAGGCGAGGAATCGCCGTGGCGTCTTGGTGTTCTCCACGCTGGTTCGCAGGTGAAGAG,1.7711392262277221,0.8246776243390762
1161,ENST00000295238.10,ENSG00000082258.12,CCNT2,134918235,134959342,3.067224874000412,4491,3489.69,280.944,1.81382,AATGAAGGAGCGGGCGGAGGAGGAAGTGTC,1.691030462780437,0.757902649166237
1162,ENST00000264158.12,ENSG00000115839.17,RAB3GAP1,135052265,135176394,26.25552926702808,4914,4472.74,400.537,2.01758,CTTCTTCCCGGCAGCCTTAGCGCCAGGCCCGGCGCTCCTCAAG,13.013377049251122,3.7019234935294953
1163,ENST00000409478.5,ENSG00000048991.16,R3HDM1,135531455,135725270,1.8729833422750333,4272,4355.07,559.45,2.8942,TGCCGCTGGAGCCGGTGTCCGGGCTGGTGATGGGGTTAATTCCCTTTCGTAAGACTCTTACTTGCACCCACCCAGCCCCGCCGTCGCCCCGCCGCGCCGCGCTCCAACCGCCTCCTCCTCCTCAGTAACGCGGGCCACGGAAAGGTATGATATATTTGATCCAAGACAGTCCATTCCAGTCCGGGAATCTACAGTGGTGACAAGGACATGGGACTCCTCCTGCCAGATTACAGATGGTTCACTACAGTTGACATCCTGGCTGACAACTGTGAAAAAGAACCTTGGATTATTTTATTTTATTTTTGTGGGACACCACAATCCCAAATCCAAAGGACGCATCAGGCTTCAAGCTCCCTGTAGAATTCGAAAATAACCTTTTCTA,0.6471506261747748,-0.6278265521534683
1165,ENST00000272638.13,ENSG00000144224.16,UBXN4,135741619,135785055,58.38590439716549,4006,3251.25,1672.48,11.5897,TTCCTCCACTTCCTGGACTGCGCGACCGGAGGCCTAGCGGGCGCGCGCCCGCACCATCGACTCGCCAACGAGAGAAGGTCCTGGGGCACGGACACCGACGGGTTGCGACTGTGACGTGAGGTGTTCTCGCGCGCGCTAGCGCGCGTCTCCGGGTGCCGCTGACGGGCGTGCGCGCTTGTGCGGAGCCGGAGGTGGGGGCCGAACCAGCCAAGGTTGCGGGGGCCGCAGAGCCGGACGAAGACGGAGGGCGGAGCCGGCTTCGGGACTGCGGAGACTACACACCGAGCGAGCGCCTGGGCCCGAAGGGAGCG,5.03774078683361,2.3327768911927222
1166,ENST00000280098.8,ENSG00000144228.8,SPOPL,138501801,138574458,7.520049872087589,6025,4503.67,389.097,1.9465,AGTCGTAACTCGGAAGCCGGAGCCCAGACGGGCCCGCGGCGGGGGGGTGGGGGCTGCGCGGGGGCGGGAGTGGCGGAGGTGGCCGCCCCTGGCGGCGGGTTTGTTTATCCCGGGGAAGAAGTTTAGGAGCGGGAGATAGGGAAGGAGGGCGGGTCGGGGAGGAGGGATGCGGTTCGGCGGAGGCGGCCGCCACAGGGACTTGCCGCCATCACCCCTGCTGCCACCACCGCAGCCTCGGGCTCCCAGGGCGGACACGGCCACCGCCTCAGCGGGAGAGGAGTCTCCACCAGGACTGACCGCTGCCGCCCAGCACGTCCAGGTAAGGTACTCAACTGTGTGGGGTACTACATAAATCCTGAAAGACTACAATAAAGTGGTG,3.8633700858400153,1.9498598850335225
1167,ENST00000258484.10,ENSG00000135999.11,EPC2,148644440,148787568,7.714901438614341,3649,3081.0,747.718,5.46774,GCCGCCCGGGCTGTTCCTGTAAGGCGGGGAGACA,1.4109854233402357,0.4967030837655234
1168,ENST00000435030.5,ENSG00000168280.16,KIF5C,148875250,149026759,12.414396446746023,6931,6817.22,981.262,3.24295,GATGGCTGAGCGCGCAGGAGCCCGGGAGGTCTGAGCCGGGCGAGGCTCGCTCCCTGCGCATCGCCTCCTCCGCCCGCCGCGTGGTCGCGGGCAGGTGGGCCGGGGGGCGCTGGGCAGGGGCGGGGCAGGGCCAGGGCAGGCCGGTCTGCAGCCGGAGGGGCCGGAGCGGAGAAGCTGCCCACCTTCCCGGGCTCGGAGCGGCCGGGGCTGCTCAGCCGGCCGGGCTCGCGATGACCTGCTGAGAAGCGTCGTCGGAGGCTGCAGGAGGCGGCCTAGCTGTGGGCGGTGCAGCTCGCGGCCTCCTCCCTCGTCGTTCCCGGCCCCGGCCCCCCACCCATCCCCGTGCCCCCTCCCTACCGCCGGCCGAG,3.828118363448719,1.9366354379013995
1169,ENST00000334166.8,ENSG00000187123.14,LYPD6,149329985,149474148,12.824393396313866,4071,3646.95,215.046,1.32851,GAGTGGCGCGCGCGCCCCTAGCCGCCCCCCGCCTCTCCCCGCTGCGCTCCCTCGCTCCTTCCCTGAGCTCCCGGGCTCCGGCAGCGGGCTGGCGGGGCGCCGCATTGCACACTCTGGGGGCGCCGCAGTGTTCGTGGGATGGGGCAGCGGGCTGCAGCTGGCGGCCGGAATCCGCGCGCAGCCCGGGTGCAAGTTCTCTCCTGTTGCCCTGAGTGCCCACTCCCAGGCCCTCTGTATGAGTGACACTTCAGTCTGCC,9.653215554503817,3.271009594380503
1170,ENST00000444746.6,ENSG00000080345.17,RIF1,151409883,151508013,32.415744599316525,7897,6148.06,1316.72,4.82523,CGCACTCCTGGGCCCGCCCAGCCGCCATCTTGGTCTAGGAGGGAGCGCGCCGCACGCGTGAGTAAACAGCCGGAGCTGGGAAAGTCGAGCTCTGGCAGCGTCTGGGTGCTGAGGGGCAGAGGCGGAGAGAACCCTGTCCTGATCTTCCTAGGGTGGCCGAC,6.7179688013455365,2.74802509562472
1172,ENST00000288670.13,ENSG00000157827.19,FMNL2,152335237,152649834,10.776701143330532,5575,5061.39,789.225,3.51312,GCGGCCGCGGGCCCGGCAGAAGGCCGAGTAGGAGGGACCACGCGCCGGGGGCCGCGATCTCTGGCAGGGGGCGGTGTGCCAGCGGAGCACCATGCACATAGGCGCCCAGCGCCCCAACTACCCCTCCCGAGGAAAAGAGGCCGGGGCCGCGCTGGGGCGGCGGAGAGCATGAGGGAGGCCGGGGGGCGGCTCGGCTTGGAGCGCTGCTAGGGAGCGGTGCGCGCCGCACACCCGCCTGGGCGCGGCGGAGGGCGGGGAGCCGGGCAGGTCGCGCCTGCGGGCGGCAGCCGACCGCCGGGAGCTGTTCTGATTTCCGACGCGCACGCTAGGGGCCCGGAGCAGCCCCCGGCCCCGGCGCGCCGCCGAC,3.067558507346898,1.6170908605806866
1173,ENST00000326446.9,ENSG00000177917.10,ARL6IP6,152717893,152761253,47.49151617431388,2805,2660.1,218.89,1.85392,CGGTGCTCGAGGCGGAGGGGAGGAGGCGGGGAAGGCGAAAGGAGGGGTTCGGAGGAGAGGGTTCGATCTCCGTACGCACCAGGTGGAGAGCGCGCGCCTGGGGAAGGAGGCGTGTCGAGTAGCGGGAGGGAAGTTGTAGTACGGGTGGGGAGAACCACACTAAAGGGAGATGGGGGTGAGCAGTTAAGGAACCGCGAGAGCGCCAGGTAGAGAGGTGCCCTTAATGGGGGAACCTGGAGAAGAGTGTGAGCGTAGTGGGGAAGAAGGGAGAAGACAAATAGGTTCGGGAATGTGTCTCCGAGGGCGCGAGCGGGCGCTAGGACCCGGCGTCGAAAAGATGAGGCTTTGGGGCTGTCGGGGCGCGCGCTCCCGTTGGTGACGCGGGGGTGGCGGAGGTCTCCGGCCGGGACGAAGCCCCGCAGGGAGTGGATACTCGACAGCCTTCGGCCTCCGCTCGCTTCTCCCTGCGCGCTTTCCTGCTCCCCTTTCCGGCTACAGCCCTGGGGTCGAGCTCTGGTCGAAGCGCATTCCGCCTCTCCTTTGGCCCTGCGGCTTCCTTTGCAACCCGCCGCCCACCCTTGCTCTCCGTGGTTTACCCCTGGGCTCTGAGGCCTGGTGGTAGCGGCCACTGCCGCGGATTGGCTGTTGCGGACCCGGGGCGGGGCAGGTGGGAGAGGCTCGTTCTCCGCGGGTTTCGTTGTGTTTCGCGCC,25.616809880854557,4.679018919683597
1174,ENST00000389759.7,ENSG00000144283.21,PKP4,158456964,158682879,7.491563522241962,4443,4787.64,872.403,4.10542,GCGCCGCCGCGGCACTTTTTTAATTTTTTCGGGTGCCGCAGCGGCGACCCCTCGGCGCCGATGTCCCTGATCCCTGGAGCGACGACGGCCGCTGCCTAAGCTGGAAAGAGGA,1.8247983208154008,0.8677370241912234
1175,ENST00000263635.7,ENSG00000115183.13,TANC1,158968634,159232659,7.090462683649252,7470,8754.96,817.125,2.10279,CCGCCTCGGGAGCCGGAGGAGAGGCAGCCGCGGAGCGCCGAGCTGGCCTCGCCCCGAGGCCCGGCCCTGGGTGTGGGGAACCGCGCTGAGGAGCTGGAAACTTTCCCGGCAGGAGCTGACTGCTGGGCAGGAACGTCTCTCAGGAGAAAGAGTGGAAGAGAAAATTGTGAACTAAGGCCCCCTGCCCCCTTTTCCTGGTGCATGTGAAGTTATCAAAAACAGAAACAAGTGTTGAAA,3.3719309506176325,1.7535749935096878
1177,ENST00000409175.5,ENSG00000136536.14,MARCH7,159712457,159771027,41.0291627194276,2402,1679.79,228.217,3.06095,ACTTAACGGTGGTGGCTGGTTCTGCGCCGGATCCGGGAGAGGGGCGGGCGCCATTGTGCTTCGCTGCCGACTGCATTTCCTCAGTCACGGGCCTAGAACTCCAAGGAGAAAGGCGGCGGAATTCATGATTTGTTCCTGTAGCTGAAACATACATTGAATGCTTTCTGCCCTGGCATGAACTTACATGGTCAGAGCTGGTTTTTCCTGCCCTCAAATATATTTCTCTGACTCTACCGGTTAGACTAGAAAAATCTTTAAGA,13.40406171921384,3.744598329469774
1178,ENST00000259075.6,ENSG00000136560.13,TANK,161136908,161236221,12.477467682763583,2152,1605.0,99.767,1.40047,TTTCTCAGTGGAAGTTCCCACTTCAACATAAGGGAGAGCTCTGGACAGTTTGAGCAGCATTGTTAGAGCCTGTGGAAAACACTTTACAACTGTGTAACTGTCTTCATCTTTACAGAGGAATAGTCTACAAAGGAAGACTTGTAACCTGGAGAAGAGACCTGTCATTTACTCCATCCTTTATAGTGATGCTACAGGACGAAGAGGA,8.909485874573237,3.1553421828578623
1179,ENST00000409682.7,ENSG00000115233.11,PSMD14,161308038,161411717,227.2368482075298,1954,1695.88,1307.01,17.3638,AGATAACCAAGTTAAATCTAGCTCAAATGAACCTTTTAGTTTTTGAGGAGGGCAATAATAGTAGTGAACACCAAAACGAAAGGGGATCTGGGCTTCAAAATACTAACAGTTCTATTTCCTAGCCAGTCGTCTCCCGGGCTGGATGTGCCGCCGTCCCAGATCTCAGCGGCGGCCGCAGAGCGCAGAGGTAGGGAGAGAAAAAGGAGGCGTCGGCGGGGCGCGAGCGACCAGGGCGCTAAGTGCCGCCTCACAGTCCTGCCAGAGACAGGAGACGCCGGGCCGCCCGCGCCGTCTGTCCCAAGAGCTCCTCCTGGACATCCGCTTGACTCTCCGTCGTCTCCAATTGGCCGTCGGGGAACGGAAGCCGAAGCAAACTAGTGAACCCGGAAGTGCTTCGCGGCGGAGGCCCGGGCAACTCTTTTGAATGGAATCGGGCTGATTCATCGCCGGTTTGCAGACAGAGCCGCGTCGGGTGTGCGCCGCTGCTGCTGTTGCCTCTGTCTTCGCGTCACCACAGAGGCAAGACAAGGGTCCATATCGCGGCATCCGGCTCCCGCCCGTCTTCAGGAGAGAAAGAAAAAATAAAATATACTTGGGGAAGTTGTACCTGCCAGAATTAGCAAGAGCTTTCTTTAAGAAGACATTTGTCAAACTCAACAAATTGAAGGTTAACACCTTAAGAGTTGTAGTTACTGACCAGAAAT,13.086815570758116,3.710042182301835
1180,ENST00000437150.6,ENSG00000115271.10,GCA,162318840,162371595,34.90648519020612,1992,1337.14,100.493,1.69325,GGCCTGCGGAAGGGGGCGGGTTCGGAGGAGTGAACTGTGCGGTTAGTGCGCCTTTCAGCCTCACCTGCAGCTGCGCCTCCTTGCACCTGCGCCTGTGCTTTTTCTCCCAGCACTGCGGACGCGACTCGAGGGTGACGCTCGCTCCGCTCGTCCCGCTCGTC,20.61508057889037,4.365628195237199
1181,ENST00000305747.10,ENSG00000172292.14,CERS6,168455862,168775137,53.99491859974736,7217,6920.59,556.252,1.81088,AGGGCTGGTTCTGAAGCTTGGCGGCAGCCCCTACCTGCTGACCCACCGCCTCCGGGCGCACGGGAAGAGGACTGAGAGCCCTGAAACCCCAGCGGGGCAGGAGCCAGCATTCTGAGCATGTGCGAGCCAGCCAGGGGGCTAGGGCGGATTTGGGGGGTCGACTTTAGGTCGTCGCCCTAAGCGCAAAGCGAAAGAGCGGTGAGAGCAGGGGCGGGCGACACTCCCCGGAGCGGTGCCCCTGCGCCCAGGGCGCAGCGACTGCGCCCTGCCCTGCGGGTGTGGGCGAGTTGGCCGCGTGTGTGCCTCGCTGTTTGACGCGAAGACGAGCCAATCAGGGCGGGCGGCCCGAGCTGCCATGTGACGGGCAAGGCGGCCCCTTTCCCCAGCGCGGCCAGAGGGAGGAGAGAACCGGGGCTCGCCGCGAGCCTTCGAGAGCAGCGGCCGCGGAGGAGGCGGCGGCGGCGGGCGGGAGCAGCGGCGGCGGCGGCACAGGCTCGGGGCCAGCCGGGCGCGCATCCCCGGGCGCCCTGCGCGGTGGAGAGCTTGGCGGGCTGCGGGTGCCGCAGGACAGGAGTGGACAAAGCAAG,29.816950101468542,4.898060790519619
1182,ENST00000260970.7,ENSG00000138398.15,PPIG,169584340,169641406,30.3194767608237,6368,4420.5,520.31,2.65188,GCGCTTCCGGTGCGACGCTGTCTCTCCATGCCAGGACTGAGTTGTGGGGGAGGGAGGCGGTTAGCGGGCTTTAGCGCCTTTTCTGGCGGCGGTAGATTTGAAGCGCTTCAAAGGACCGGACCCAGAGAAGAGGAAAACTCTACCGGTGCAGGAGCACAGGGATCAGTTGTCCTTGTTTTTTTTTGGTCTTTTCTTCATTTGAAGATTAAGTATTGGAGCC,11.433200884211843,3.5151574576082396
1183,ENST00000260956.8,ENSG00000138385.15,SSB,169791933,169812064,240.2522719162316,1709,1126.59,3312.01,66.2352,GCTCCACCTCGTCCGTGGCCCTGCCCACCCAGGCCGCAAGAGCTGCCGGGACGGTCCCCATCTTCTTGGAGCGCTTTAGGCTGGCCGGCGGCGCTGGGAGGTGGAGTCGTTGCTGTTGCTGTTTGTGAGCCTGTGGCGCGGCTTCTGTGGGCCGGAACCTTAAAGATAGCCGCA,3.6272597035448157,1.8588800426897805
1184,ENST00000234160.4,ENSG00000115806.12,GORASP2,170928464,170967129,68.25032098668224,3173,3600.13,737.754,4.61695,AATAAGCATGAATACGACCTGGCTACCTGAAGGAGGTAGGACGGGGAACCGAGCAGCAGCAGGTGGTGGAATGCCAGGGAAATCCAACCGTGCTTCCCACGCTGGCATCGCTCTGATTATGACCAATCCTCTAATCTTATTCTCACAATTAGGGAGGAAGAAAAAAAAACAAACCCAAACCAAAAAAGAAGTTGGTAGGTGACTCTGTGAGACTACTGTTTTATAAAGGGAGCGTTTCCTTTTATAAAATTTAGCTGAGCAGATGCTAGGCAGCCCACAGGAGGCCACTATTCCCCTCAGCTGTACAGTTTGGGAAAATACCTACACACCCGGAGAACAGAGAGCTTGGTGTGTGTTGAGTTCGCTCCTGTTCATCAGCAGCCCTTTCCCCGCCTCTGGCCACCAGGGGGACCTGCAACCAAGTATGTGTTCTTTCAGGCGAGCGGGAACGCGTCTGCATAAATCTAGTCCAATCCAGGGCCCCGTAGCAAGGCGCCAAAGCTGGGGGAAGCGCATTTCTGTTCTCTCGCGAGCACGACGCGGTGCCTCCCAGTCCTCCTCCGGCCCTCCCTCTCCGCCCTCCCGGCCCGCGAGCGCTCGGGCCCCTTCCAGTGGCTCGCGGCAGGTGGCGCTGTCTGCGGCGTCGCAGCGGCCCGGGCTGCAGCAGAGACGATCTCCCGGCGGGCTGTGCGGCCCGGCTCTCCGGCGGCAGCGAGTGCCACGTCCCAAGTGCTACGCGGAGGATTAGAGCAGGCGGTGCGCTGGGGGCGGGAGCAGCGCGGAGCCCGGCTCGGCCACACCGATCGCCCGCCGCC,14.782555796940024,3.885823817470502
1185,ENST00000264108.4,ENSG00000128708.12,HAT1,171922448,171983682,172.5923527260241,1626,1114.01,1365.39,27.6141,CGTCCTTCCTCAGCCGCGGGTGATCGTAGCTCGGAA,6.2501531002648685,2.643891529660744
1186,ENST00000361725.4,ENSG00000144355.14,DLX1,172084740,172089677,6.870635735521526,2640,3201.21,212.099,1.49274,GGGAGGCCGATGAGCCGCGGGCCGCAGGGGCCCCGGCGCAGACGCCGCAGCCCATTGTGCTTCCTGCCCGGCGCGCTCTGTTGCAGAGGAGCCCCGGCCGGGAAGTGTGGATGCGTCTTACCCGAGGCCGGGCCGCCTCGCCCGCTCTAGTCCAGCGGAGCCCGAGCGCCTCGGACCAATCCCCAGTGATTATGCAAGACAGCGGACCAATCAGCTCCGCCAGCTCATGAATATTTATGACCTTCGCTGAGTCAAAGCTTTGAACCGAGTTTGGGGAGCTCAGCAGCATCATGCTTAGACTTTTCAAAGAGACAAACTCCATTTTCTTATGAATGGAAAGTGAAAACCCCTGTTCCGCTTAAATTGGGTTCCTTCCTGTCCTGAGAAACATAGAGACCCCCAAAAGGGAAGCAGAGGAGAGAAAGTCCCACACCCAGACCCCGCGAGAAGAG,4.602700896017744,2.202480692865402
1187,ENST00000338983.7,ENSG00000091436.16,AC013461.1,173075435,173268010,143.85048918526198,7179,6276.77,1006.39,3.61237,CTTCCTCATTGGCGCCGTGCAGAGAGGCGGAATGTTCAACTCCTAACTGCAGCGGAAACGTGGGAGCCGCGCGGGCCGCTGTCGTCCCAACCCCCGCCGCCCTCGTCGCGCGCGGGGCCTCCGCGCCCCCGGCTGCTGCTCACGCCCCGCCCGGGAGCCAGATTTTGTGGAAGTATAATACTTTGTCATTATGAG,39.82163764654838,5.315480647336348
1190,ENST00000347703.7,ENSG00000144354.13,CDCA7,173354820,173368997,33.41012655547327,2500,2262.39,616.989,6.14429,CCCGAGCCCCGCCCCTCCGGGCCCGGGTCGGCGCGCCCAGCCTGCCAGCCGCGCTGCTGCTGCTCCTCCTGCTGTGGGACCGCTGACCGCGCGGCTGCTCCGCTCTCCCCGCTCCAAGCGCCGATCTGGGCACCCGCCACCAGC,5.43758946200021,2.4429672319999582
1192,ENST00000394967.2,ENSG00000217236.1,SP9,174334946,174338492,12.162818937253045,2554,3203.56,162.478,1.14268,CTTAGGCTGAGTTTAGCCGGCGGGAGCCTGGAGTCCGCTCGGCACGAGCGCGGGGACGCGGGAGCCGCGCGGGACCCAAGCAGTTTTTCCGAGCAGCCGCCAGGCTCAGCCCCGCTCCCAGCCTCGCTGCGCAGCCAGAGACCTGCT,10.644116408139677,3.4119842883127345
1193,ENST00000272732.10,ENSG00000144306.14,SCRN3,174395730,174429575,26.5164847755658,3037,2205.85,726.624,7.42158,TTCCGGCAACTGATGCCTCCACTGGCCACTCCTCCCTCCGTCCACCTGTCACTTCGGGTAGCTGGGAGGCCAGTTAAAAAAA,3.572889435344738,1.8370912697732
1195,ENST00000249504.6,ENSG00000128713.12,HOXD11,176104216,176119942,15.276097103223483,1533,1938.82,102.151,1.18704,TGCAATCGATGGCTCAGGTTGGCTGCGCGGGGAGCGGCCAGAGGCTCGCTGGCGCGCACGCCGCGGAGTC,12.869066841238276,3.6858355398735845
1197,ENST00000249442.10,ENSG00000128654.13,MTX2,176269395,176338025,67.68293396078222,1364,1026.11,321.277,7.05424,TGCCGTTGTCGGCTGCGCCGGAAGTCCCTAGCCAGGCCTGGCGGTAACCTTGGGGGCCTCACTGCAGCCGCCGCTGCTGTTGGAGTGGGCTTTGCGAGTCTGAACGTTGGCGGGGCTAGGCTCGTTAACTGCCGAGAGCCTCCGGGTTTGCGGTGGAGGACGCTGAGGCCCGTGGGGGGCAGGCACCCGGGCGCCGGGCCTCCCAGCCGAC,9.594645767762682,3.2622295434163933
1198,ENST00000264167.8,ENSG00000018510.13,AGPS,177392644,177559299,52.410021183377374,7764,5850.28,1371.12,5.28031,GTGAAGCTCCAGACGCATGGCACCCGCCGCCAAGTCGCCGCGGTGGCTGCCGGGATGCGCCGCAGCGAATGGTCGCGCCGGGCGCCGCTCTGAGTGACCTTTCACCCGCGCCCAGCGGTTCCGGGCGGCAGCACAAGGCGGTAGCC,9.925557625097271,3.311148156196539
1199,ENST00000286070.9,ENSG00000155636.14,RBM45,178112424,178139011,9.830267544529304,1785,1376.74,120.085,1.96516,CGAGCCGGCAAAGGCTTGGGTGTGAGACAGCAGCGGTGGCAGACACCGCAGAAGCAAAGAGCAGTGAGGCTCCTGCATTCGGGTGGAGCACC,5.002273374447528,2.3225839030172195
1200,ENST00000409045.7,ENSG00000079156.16,OSBPL6,178194481,178402891,3.183815078315117,3427,3174.97,148.066,1.0507,AGATCGCGGCTCGGTGCAGGCGGCGCCCATGCCTCCTCTCCTCCACTAGCCCGCGCGCCAGTCCGCCTGCCGGGGCCGGCTCTCCGCCTCCTGCCTCCCGTCGCAGCCGCGCAGCCGCCGCAGAGTCCGCGGCGCCACCGCTCGCCCTCCAGGTTCTGCCACTTGCTGGGAAAACAGCAACAGAAGGATATTAAGGAGCCACCCCTATAATTTACCCAGATAGCCCCAGCAAGGTCAAAGACATATCATGTCCCAAGGAGAAAAGCTGCAGGCATCTGAGGATAAATCACTGTGAAACAGCTTTGACCATAAAGCTGACTTGGAAGACTTTGACTCCAAGGTGCAAGGTGGTTTGGACACCCTCAATATTGCCTGCTCTTTTCTAGTCAAACCTGATTCATGAAATGGAATGAAGCTGAAAAATCATCTACTTCTTTGTTTGTGGATTTGAGAGAAGATTGGGATGGTCTTAAGTGCATAAAACGAGACTCTAACTGCAGCG,3.0301847133483557,1.599405739872921
1201,ENST00000234453.9,ENSG00000116095.10,PLEKHA3,178480468,178516462,7.420180463823667,13880,11314.5,826.709,1.64619,GAAATCGACGTCGGGGTCAATGAAAACAAACGGGGAGCCCAGGGGGAAGGAAGGCAGGCGAGGAAGAGGCAGCGCCGGGGCGCCGGAGGGAGCAGCCGGGCTGCGGAAGCGCGAGCAGGAGGCCGGTCGCGGGCGCATTTTTGCCGTTGTCGCGGCCGCCGCCGCCGAGGCTTACCCGGGAATGTCTGGGCCCGCGCCTCGCGGCCCCCAAGCTCCACGCTGCGCCCGCTGTCCCGGCCTCTAAAGGCCGCCACGTCCCTGCGGCGCGCGCAGGCAGAAAGCGGCTTCGTGCCGGCGGAGGGGGCCCGGGCGGGCCGGGAGGGGCTGCCCCAGGCCCTGCGCCTACCCCATCACCGCGGCCGGCGCCGGGCCGGGAGGATGCGCGGTGTGGGGCTCTGAAGC,4.507487266854778,2.1723234162119343
1203,ENST00000397033.6,ENSG00000115232.13,ITGA4,181457202,181536187,13.194355105843776,4189,3857.43,478.055,2.79217,GCCATCCCGCGCTCTGCGGGCTGGGAGGCCCGGGCCAGGACGCGAGTCCTGCGCAGCCGAGGTTCCCCAGCGCCCCCTGCAGCCGCGCGTAGGCAGAGACGGAGCCCGGCCCTGCGCCTCCGCACCACGCCCGGGACCCCACCCAGCGGCCCGTACCCGGAGAAGCAGCGCGAGCACCCGAAGCTCCCGGCTGGCGGCAGAAACCGGGAGTGGGGCCGGGCGAGTGCGCGGCATCCCAGGCCGGCCCGAACGCTCCGCCCGCGGTGGGCCGACTTCCCCTCCTCTTCCCTCTCTCCTTCCTTTAGCCCGCTGGCGCCGGACACGCTGCGCCTCATCTCTTGGGGCGTTCTTCCCCGTTGGCCAACCGTCGCATCCCGTGCAACTTTGGGGTAGTGGCCGTTTAGTGTTGAATGTTCCCCACCGAGAGCGC,4.725484159576164,2.2404621513094622
1204,ENST00000409001.5,ENSG00000138434.16,SSFA2,181891833,181930738,1.2449979421587594,4987,4444.4,280.448,1.42168,GCTGACAGCAAGGGCGGGGGTCCCTGCCGCCGCCTTGTCTCGCGCAGGGTCCGGCTGGGGTAGCGGAGCCCCCAGTGCGGCC,0.8757230474922341,-0.1914534136272705
1205,ENST00000616986.4,ENSG00000077232.16,DNAJC10,182716041,182794464,28.307917922241568,5783,4801.44,1364.57,6.40302,GCATTGGTGAGGGGGCGCGGGCTGCTTGGCCAGGGCAGTTCCCTCAGCTCCGGGTTGGAGCCGGAGCCGGAGCCGGATCCCGCGCACACCGCCACGTCAACCTAAACCTACACCGCCCTCTCCACCCCACCGCCGCAGCGCCCGCTGGGCCCGCAGCGGGTCTCCCCAGGCAGCGTCCTCCACGCCTTTCCCACAATGCTCCGCGCCAGGCCCCGCCCCGGCTCGCCGTGGAGACCGGCGCGTGAGGAACCTACCGGTACCGGCCGCGCGCTGGTAGTCGCCGGTGTGGCTGCACCTCACCAATCCCGTGCGCCGCGGCTGGGCCGTCGGAGAGTGCGTGTGCTTCTCTCCTGCACGCGGTGCTTGGGCTCGGCCAGGCGGGGTCCGCCGCCAGGGTTTGAGGATGGGGGAGTAGCTACAGGAAGCGACCCCGCGATGGCAAGGTATATTTTTGTGGAATGAAAAGGAAGTATTAGAAATGAGCTGAAGACCATTCACAGATTAATATTTTTGGGGACAGATTTGTGATGCTTGATTCACCCTTGAAGTAATGTAGACAGAAGTTCTCAAATTTGCATATTACATCAACTGGAACCAGCAGTGAATCTTAATGTTCACTTAAATCAGAACTTGCATAAGAAAGAGA,4.421026003704747,2.144381219997827
1206,ENST00000295119.8,ENSG00000163002.12,NUP35,183117513,183161680,40.31207853252027,1633,1220.2,464.459,8.57591,ACGCAACCCCATAAGGTAGCACGCCGTTACCCGTGGGGAGCGTTTCCGCCATTTTTGAAAATTAATTGGGAAGGTACTGGTTTTAAGTGTAGTTGCCGACGCA,4.700618188917592,2.2328505013515594
1207,ENST00000337859.10,ENSG00000065548.17,ZC3H15,186486156,186509363,84.28287155692867,2138,1677.26,1454.76,19.5413,TGGGCGCGCACGCGCAGCTCCGCTTCCGGGAGCCGCTCCTCGCTACCCACTATGCTCTGCGACATCGACCTGTCGCAAAGGCCGCGTTTGCGGGGCCAATGAGCGACTCGCTTTCCGTGCGGTGCGGCGAGTGAGGCCCCGGTCTTCCTCCTCGTCCTGCCGCAGGGCCAGAACCCCTGACGGTATTCAGCTGCGCGTAAGTCTGGCCGGTGCCATCTGTCTCCGCA,4.3130636936605375,2.1087130213934633
1208,ENST00000261023.7,ENSG00000138448.11,ITGAV,186590065,186680901,32.77300931877273,7030,5380.85,1346.37,5.63738,CCTCAGACGCTGCGTGGAGCGGCGGAGCCGGAGGGAAGCAAAGGACCGTCTGCGCTGCTGTCCCCGCCCCGCGCGCTCTGCGCCCCTCGTCCCTGGCGGTCGCTCCGAAGCTCAGCCCTCTTGCCTGCCCCGGAGCTGTCCCGGGCTAGCCGAGAAGAGAGCGGCCGGCAAGTTTGGGCGCGCGCAGGCGGCGGGCCGCGGGCACTGGGCGCCTCGCTGGGGCGGGGGGAGGTGGCTACCGCTCCCGGCTTGGCGTCCCGCGCGCACTTCGGCG,5.81351786091637,2.5394114277679543
1209,ENST00000304698.9,ENSG00000144369.12,FAM171B,186693971,186765965,5.746648627716957,5826,4879.39,600.0,2.77043,ACATGCGCGAGGATGCGAACTCCCCTTCCCTCCTCCTCCGCCCCCTCCGCCTCCCGGGCCTCTTCCTCCTGCCGGTGAGGGAGTGCTTGGCAGATTGCGCGAGGGGGAGCGAGCGAGCGGGCGCTGCCAGGAGCCCGCAGCCCTGGCGCCCGCCGCCGCCCGGAGCCCCGCAATATGCCGCCGCGGCCCTCTGGCTCTAGGCC,2.074280392472272,1.0526109247621838
1210,ENST00000409830.5,ENSG00000144366.15,GULP1,188291669,188595931,16.21549185622732,1376,1009.14,66.1515,1.47689,CCCGGCCGGGAGCGACCCGGAGTCCCCAGCCCCGCGTCCCAGCTGCCGCCAGCGCCAGTTTTGGATTCGGCGGATTAGGAAGAGGAGGGAGGGGGGAGAGAGCGCGAAGAGGGAGGGGACCGAAGCTGGAGGGTCCCGAGTCCAGCGCCGTGTTGGCGTAGAGAAACTTTCCCTCTCGGCCTCGGAGACGGCGCCCCGGCCGTGCCGGAGTGGAGATCGCCAGGCTCGGAGGAACCGGCAGCTCTCCACGCCCCTGCCCGAAGCCTGACCCGACTGCCTCTCTCAGTGAGTTATTTATGATTCCATCTGATATACATAGGAGAGAAACTGATAGAAGAATTCTGATGGCAACTGTATGATAGAAGCTATATAAAGTCAAGTGTCCATTTTCTTTCAACTATATTTGAGCATACCCAGGATTTAAGTCGTGGAACTGAACATTTATTTGGCTGATCCTCATC,10.97948517237392,3.456738502902943
1212,ENST00000314761.8,ENSG00000115368.9,WDR75,189441433,189475565,48.18218669659213,2701,2114.89,1281.53,13.6522,GGCTCAACGAAGGAAGTTCAGGGCGGGACCAGAGATTGGCCATTCCGCTACTGCGCAAAG,3.529261708485968,1.8193664155343392
1213,ENST00000260952.8,ENSG00000138381.9,ASNSD1,189661385,189670831,115.85209767250193,2450,1836.79,965.975,11.8486,AAAAGAAAGGGTGAGCGCGGCTGGAAGCGCGCATGCGCTGTGGCTAATGCCGTAGGCTCCTTCAGGGCTGAGCCATCCCGCGTGTCTTGCGCTCGGTGGAAATGCCCAGCCGAGGGACGCGACCAGAGGACAGCTCTGTGCTGATCCCCACCGACAATTCGACCCCACACAAGGAGGATCTAAGCAGCAAGATTAAAGAACAAAAAATTGTGGTGGATGAACTTTCTAACCTTAAGAAGAATAGGAAAGTATATAGGCAACAACAGAACAGCAATATATTCTTTCTTGCAGACCGAACAGAAATGCTGTCTGAGAGCAAGAATATATTGGATGAACTGAAAAAAGAATACCAAGAAATAGAAAACTTAGACAAGACCAAAATCAAGAAATAGTCAACCTGATTTCACATAACA,9.777703498514756,3.289495657370178
1215,ENST00000441310.6,ENSG00000064933.16,PMS1,189784085,189877629,19.760967254063694,3225,2318.89,130.382,1.26678,AGACTCGCTGCCAGCGGATTGGCTGCGAGCAGCGCCAATCTCACGTTGCCCCCGGGCGAGGCGGGACTCAGTGCCGCGCTCTCTGCACCCGCTCTGCCGCGCGCGTGCGTGCTGGGTGCGGGTGCGGGTGCGGGGTTGGGCCTGCGCATCGGGTGAGACGCTGGCTGCTTGCGGCTAGTGGATGGTAATTGCCTGCCTCGCGCTAGCAGGAAGCTGCTCTGTTAAAAGCGAAA,15.599367888712873,3.9634156648533674
1216,ENST00000338435.8,ENSG00000115419.12,GLS,190880827,190965552,60.15611193670194,4475,3514.96,551.056,3.53214,AGGCGGAGCGAAGAGAACCGGTCGCGGCAATCCTAGCGCGCAGCAGCAGCAGCAGCAGCAGCAGCAGCAGCAGCAGCAGCAGCAGCACCCGCATCCGCTGCGGGAGTCCGAGCCGGAACCACACCCAAGTAGCTGCCCTTTCCTCTTCTGTCATCTCACCGCCCCACCACAGACCGCGTTCCCCGAGGAAACCGGCCGCCCACGCCCGGAGCATCCTCCCCTGTTGAGCGGGCGCTGACGGACCCGGCGGC,17.031066700839133,4.0900968925471695
1217,ENST00000339514.8,ENSG00000128641.18,MYO1B,191245185,191425389,29.15785570372933,5026,4665.26,259.688,1.25412,GGTGGCTCCCGTTCCTGCCCGCGCGCCGAGGGGCGAATCCCAGGCAGCGAGGTCGCCGCCCCCGCCCCTCGGCCGGCCCCTCCGCCAGCGGGCGAGAGGGGAGTGGCCGGGCTCCTCCCGCCGCCGCTGAGCACTCCGCAGCTGGGTGCGCACGGGAGCCTCAACCGCGGCGCGTGGAGGCAGTACCAGAGCGCGCGGCGCGCAGTCGGCCGGCAGCCGCGGGACAGCCTTGGCAGAACAGCCGCGGCGGGAGCCCCGCAGCCCCGGGCTGGGCCCGCGTCCCGGAGCGCCACCGGAGAGCGAGGACGACGTGGAGGCGGAGTGGCGCCCGGCGAGGTAGCGCCAGGCGAGCTGGAGACC,23.24965370437385,4.539137322819722
1220,ENST00000425611.6,ENSG00000173559.12,NABP1,191678068,191696659,8.544487351206463,1878,1534.96,130.288,1.91236,CGCCCCTGTCCCGGGAGGGTGGGAAGCTTTGACCCCGCCCTGCCCACTCGCGTCTCCGCAGCCGTAGCCGCGCCTGTCCCAAT,4.468032876240072,2.1596398013570415
1221,ENST00000263960.6,ENSG00000115520.8,COQ10B,197453423,197475308,33.865985379953045,2239,1698.84,203.761,2.70229,AAGAAGGGGCGTGTCAGGCTGCGCAGGCGGCCAGTCCATTGGCTGGAAGAGACCGGAGCCGGGCTCCGGGCCCGACCAGAGGAGGGCGGTGCTGCAGGGCTGGTCCGGGAGGTGACGACCGGCTTCGGAGAGTCTATC,12.53232827711054,3.6475825607683725
1222,ENST00000323303.8,ENSG00000115540.14,MOB4,197499994,197553699,42.61207973229288,3986,2927.46,490.14,3.77217,AAAGAGGCTCGTGGCGCCCGCCTTCCGGTGCCTCAGTCCCTGCCAGTAGCCACCCGACGCCGTCCGGCTGTTCCTCGTTCGCCCTCTCCCTCCGCCTAGCCCGCTTCTACCCGGACGGCTCCCGGCGCAGGCTGCAGCTGTTCCGTCAGCTGCCGCTCCTCCTCCCAGACGCAGAGCGCCGCTCTGCCCCGCCCCCCGCGCAGGCTGCCGTCCCTACATCCGGGTACCGACTCCAGCCGCCTAGACGCTGGCACT,11.296436728008779,3.4977958652692336
1224,ENST00000282276.7,ENSG00000247626.4,MARS2,197693106,197774823,39.35546719723065,3019,3155.14,259.0,1.84945,AGAACGCCGCCTCCTCCGCTTGCGGCCGGTCTGCACC,21.279551865273813,4.411395863745509
1225,ENST00000319974.5,ENSG00000178074.5,C2orf69,199911256,200008540,12.53039032333851,3728,2747.97,340.795,2.79411,CTTCCTTTCCTTACGCACGCTGCGCGCGGACGTCGGCCTCTGACGTCGTCGCCTCAGCGCCGGCTCCCGGCCGGGCCGCGGCCGCCGACCGTTGAGCCGCCGGCTGAGCCGCCTGCTGAAGTCCCTCCCTCAGGAACCCCTCCGCCACCCTCCACCTCCGAACCGCTCTCGCGGCGGCGACCC,4.484573020868366,2.164970631744368
1226,ENST00000360760.9,ENSG00000196141.13,SPATS2L,200305881,200482263,18.25599316753145,2119,1937.59,322.202,3.74652,ACAAAACCCGAGAGAGGCGTGAGCAGCGCTGTGTTTGCGAGCGGGAGCGAGGGGCGCCGGCTGGGGTGTGTGCTCCTGAGCTCTTCAGAAACCAGGCTGCTTTCAGGAACATTGCTGTGGATTCCCAGGGCCTATTCCACTAGAAGCAAG,4.872786790816932,2.284747098672148
1227,ENST00000357799.8,ENSG00000163535.17,SGO2,200510008,200583782,13.515476368140783,4214,2710.91,958.834,7.96876,AACCGCCAACGGCTGTGGCGTTTAAACCCAAGCCGCAGCCGCTGCTGCTCGCCGAGCTCCCGGAGCTGGGTGGGGGTGCCCCACGCTGAAAGAGAGTG,1.6960576511453205,0.7621852097642379
1228,ENST00000409600.5,ENSG00000082153.17,BZW1,200810594,200827338,137.2099764998679,6875,5734.81,1759.87,6.91393,GACTTCCGGTGCTGGAGGAGGGGGCCGGCGGCGAGGGACTCCAGGAGGACGCGTCCAACTTCGAGACCGGCGGGGGCCGGCTCCGCTCTTCCAACCCCTCCATGTGTGAAGAGGGCGGACGACGCAGCGGGGGAAGAAAAATAAGCTAGTCTAGGACAAGTGTCCAGGCGACGTGGAACCCAGTAAGGGAATAAAGAAGACTGGAAACGTCTCTCCCCTCCCCTATCCCAGTCCCTCACCCTAATCCGCGCGCAATAGAAAAGGCGGAAGCGCCTGTCCACGATCAGGGCGGGGCAAGGGGAAGAAATCTCGCGATAGGAGAGCGGTCCGGGCGGGGGTGGCACCTCTCCCTCCTCCTGGCGTTAGTTCCGGTCGCAGAGGAGACACCGCCGCAGTTGCCGGTACATCGGGGATTTCTGGCTCTTTCCTCTTCGCCTTAAATTCGGGTGTCTTTT,19.845439062858304,4.31073557593517
1229,ENST00000409020.5,ENSG00000196290.14,NIF3L1,200889327,200903930,74.34110133599293,1680,1645.06,222.882,3.0525,GGGACTGGTGAGTAGTGGGCGATTTAAAAACCCGCGAGTGTAGTTGTGACCTTCGCGGTAGGTGCCGGTTGGGGCCGGCTGTGATTGTTATCTTGGTGCTGCAGAGGACAGCAGAAGAGGAGATTGGGTCAGAAAACTGCCCTGCCGCACCAGAGCACAGCGCACTAGTGGGACAGGGGTCCTGACTCAGACTTAACTGGCTGTGTCTCGTGGTTTTTCACTGTCCTGGAAAAGGCCTGAAGTGGCACTGAAATGAGGCATAGATGAGAAACTTGAACTTTACCTGATTTCTGT,24.354169151840434,4.606096861027514
1230,ENST00000237889.8,ENSG00000119013.8,NDUFB3,201071433,201085750,327.129010566333,755,465.622,517.321,25.0316,AGTATGCCGGCAGCCCCGCCCTGTGTGCGGTGTCTAAGGATTCCGTCCCCAAGCAAGGACAACATATTATCTTCCCCGCCCTTCTCTTTTCTACAGTATCTGTTACCTCAGTCAGATTGAGGATGCACATATACTGGGAAAATAATCGACTTCCAGCGTCCCTCATGTAGTCTCTACCTGATTCAGGAATCTCTAACCCAGTATCGGAACGTTAAGCGGCTTCTCCGCTTTCCTGCCGTGAGAAACTCGAGGTGACAACCTCCGTTTCCGGTTGGCTCCGGTTGCAGAGTTGAGTGTCCTGAGAGGTCAGATTGCTGTCAGAC,13.068641659595592,3.70803729165921
1231,ENST00000194530.7,ENSG00000082146.12,STRADB,201387858,201480846,1.497404258939439,2293,1992.72,626.628,7.08478,CCCCGCCTTCTCGCTGCCCAGCCCCGGGGAGGGAGGCGGGGCCGCGACCCCGGCGCGGGTGGGGCGAATGCGTTCCCAGCGGGTAGCCTGGGACTGGTGCAGAGTTCCAAGCCCACGGCCCCGGTCGCGGCCTCGCCGCCCTCCCGCGCCCCGCGCCGGGAGCGGGCCTAGAGCGCTCGCCTCGCCCCTCCGCGAGCAGGGCTCTGGCGCCCGCCCCTGTCCGCACCGCTGGCAGCCTGAAGAGAGTCGCTGGCCGTGGTCGCCGCTAGGTAGGATATATCTGCATCTTGAAAGGAAGATAAAACAAAAGCCTTCTTTGGAATAGATGGATTTTTGTCACTTTCTGTGTGAACTAAAGTGATTCA,0.21135508215349508,-2.2422592916764867
1232,ENST00000264279.9,ENSG00000055044.10,NOP58,202265716,202303666,142.8742858879494,2046,1559.9,2999.75,43.3262,GTTGCTATCCCAGAATCCTCAGAGAAGGAGTAGCGCGTTCGTGCGTCCTAGTTCCAGTACAGCGTGGAGGGTTTAGGCAGCGTGTTCTGATTCTTTGCGGGACGGCGAGCGCATTTGTGCTTTGCCCGCCGCGGCCTAGGAGGCCTTTTGAGGCCGCGTAGTCGGTGTTTTTGAACTGACTCTACAGCTTCTGGCAGGCCGTGCGGCGCCCTGACCCGGCCTCACC,3.2976417476711415,1.721434674417535
1233,ENST00000374580.8,ENSG00000204217.12,BMPR2,202376936,202567751,8.874093066304836,11461,9268.12,1510.54,3.67199,GGAAGCACCGAAGCGAAACTTAAGGAATCCTGCCTTCCCGGAGCCGCGGGCGATGCGACTAGGGCTGCCGGGCGCCGCCGCCGCCCGTCCGGCTTCGTCCTTCCCGGCAGTCGGGAACTAGTTCTGACCCTCGCCCCCCGACCCCGGATCGAATCCCCGCCCTCCGCACCCTGGATATGTTTTCTCCCAGACCTGGATATTTTTTTGATATCGTGAAACTACGAGGGAAATAATTTGGGGGATTTCTTCTTGGCTCCCTGCTTTCCCCACAGACATGCCTTCCGTTTGGAGGGCCGCGGCACCCCGTCCGAGGCGAAGGAACCCCCCCAGCCGCGAGGGAGAGAAATGAAGGGAATTTCTGCAGCGGCATGAAAGCTCTGCAGCTAGGTCCTCTCATCAGCCATTTGTCCTTTCAAACTGTATTGTGATACGGGCAGGATCAGTCCACGGGAGAGAAGACGAGCCTCCCGGCTGTTTCTCCGCCGGTCTACTTCCCATATTTCTTTTCTTTGCCCTCCTGATTCTTGGCTGGCCCAGGG,2.4166985929441083,1.273037553542097
1234,ENST00000261017.9,ENSG00000138443.15,ABI2,203328219,203447723,14.957961539924415,6484,6051.26,1181.83,4.40019,GCGCGTGCGCGCGCCCGGCCGGCCGTCGCCGCGGTGACCGTCCTCGGAGTCCGTCGGCTCGCGCCCCGCCCCCGTCGCCCCCTCCCCTGTCGCGCGCTGGGGCTGTTTCTCGCTCCTTCCGAGTTACCGCCGCCGTCGCCGCCGCTCCTCCTCTCCCGGTCCTGGGTTTCCTTGGCGCTGCGGCCGCCGCTCCCTCTGCGACCTGTATGAGGAGGAGGAGGAGGAGGATGTGAAG,3.3993899217816534,1.765275853482101
1235,ENST00000392222.6,ENSG00000114942.13,EEF1B2,206159585,206162928,146.54388448381872,1098,1031.88,666.51,14.5526,CCCCAGCCTCGAGGCCGGGCGTCTTCGGTCATCTCCGGCGCTTCTAGGGCTGGTTCCCGTCATCTTCGGGAGCCGTGGAGGTACGAACTTAAGACATGCCTATTTTATTAATTTACTTCCAAACGCAACGAAAGGTCCATGGACAATTTGTGGGCCATTTAATTCAGGGCCCCCAATTCGTACGTGGAGAAGTGGGAATGCAAAAGTACTTTGACCTTTAACCTTCGGTCCGGCGCGGTGGAGGGAAACGCCTCCGTCTCTATATAAGGAATTTTCCGGTCTCTTCGGGTCCTTTTTCCTCTCTTCAGCGTGGGGCGCCCACAATTTGCGCGCTCTCTTTCTGCTGCTCCCCAGCTCTCGGATACAGCCGACACC,10.069945197684174,3.3319839268671734
1236,ENST00000374423.7,ENSG00000204186.7,ZDBF2,206274663,206314428,10.807446452830742,10286,8321.77,651.953,1.76507,AAACCTCCATCAGGGTTGCAACGCCACGTTGCCTTGGATGCCTGCGTGAGTGGAGTCGCGACTCGGGGCCCGCGTCCTGAGAGACGCGCTCCCGCGCCGCTTCTCGCCTCCGGACCGCAGGGGCCGAAGTCGCCTATTTCTGGCTCCGCGGGCAGCGGGGCCGTGGCGCTCGGACGGTCTGGGATTCGGGCGCCGCCGCGGAACCGGAATAAGAAGGGAGAGCGCCCGGCTCGGTCCTCGGTCTCCACCGCGGCCCGGAAGGAATCCGGGCAGCCTCCGCGGAGATACTTGCCAGAACTAATACAGCTGATGAAATACCTGACCTTTTCTGCTCCAGCTTGAGTATTCAAAGACAGTAGCCATCTGACTTCAGTTATTTATTCAAG,6.122956286623614,2.614228383353678
1237,ENST00000264377.7,ENSG00000114948.12,ADAM23,206443539,206621130,6.322370025643703,6330,6157.83,439.339,1.60744,GGCCCGGCGGCAGCCCCCGCAGTCGCTGAAGCGGCCGCGCCCGCCGGGGGAGGGAGTAGCCGCTGGGGAGGCTCCAAGTTGGCGGAGCGGCGAGGACCCCTGGACTCCTCTGCGTCCCGCCCCGGGAGTGGCTGCGAGGCTAGGCGAGCCGGGAAAGGGGGCGCCGCCCAGCCCCGAGCCCCGCGCCCCGTGCCCCGAGCCCGGAGCCCCCTGCCCGCCGCGGCACCATGCGCGCCGAGCCGGCGTGACCGGCTCCGCCCGCGGCCGCCCCGCAGCTAGCCCGGCGCTCTCGCCGGCCACACGGAGCGGCGCCCGGGAGCTATGAGCC,3.933191923582655,1.9757005855804266
1238,ENST00000236980.10,ENSG00000118246.13,FASTKD2,206765357,206792509,38.82411429026589,3188,2434.09,262.21,2.42703,AAAGTCTGGCGCCCAGCAGAGGTTAGGTGTTTAAAGTTAGGACCTGAATGGGTTACGTTGCGATACACGATCAAACATCGCCCTTATAAGCTCTGTGGTATCCCCGAGCCCCACTCCTGTATGCAGGGAAATTAGTCATTCTCCTTGGTAAACTTTCTTCAAGTAAGTCCTTCAGCTACAGCCGCGAACATATGCTTTTTGACCTTTGAGGGAATCCGTAAGATCTCGTGAGAAGCGCAGCTTCTCGGGGAAGCTGTCATGGCTGCTCCTGTACGTAGTCACGGTCTTGTGCTCTAAGGAAAACGACAGCACGTGTTCTTTTTCACTAGTAGAAGTGACGTTGGTTTC,15.996553108229355,3.9996891656631632
1239,ENST00000432329.6,ENSG00000118260.14,CREB1,207529737,207603431,9.43129256155635,7650,5779.48,316.896,1.23535,TGTTTCCGTGCGCGGCCGCTGCGCACTCGGCACTGGGCGGCGCTGGCTGGCTCCCTGGCTGCGGCTCCTCAGTCGGCGGCGGCTGCTGCTGCCTGTGGCCCGGGCGGCTGGGAGAAGCGGAGTGTTGGTGAGTGACGCGGCGGAGGTGTAGTTTGACGCGGTGTGTTACGTGGGGGAGAGAATAAAACTCCAGCGAGATCCGGGCCGTGAACGAAAGCAGTGACGGAGGAGCTTGTACCACCGGTAACTAA,7.634510512451007,2.9325356614232434
1241,ENST00000264380.8,ENSG00000115020.16,PIKFYVE,208266267,208358751,4.88991493092018,9901,9216.21,793.622,1.9401,CAACCATGTAAGCAGCTTCGCTTCCTGCCGCAACCGTCCGCGGCCTGAGGAGCCCACCGCCGCTCTCGGGGGCCGACTTCCGGGGGCTGAGCCGTTGAAGCGGAGGCTGGGGCGGGGGGCAGCCGGCGCGGCCGGGGCAGGAGGCGCAGACTCATGAA,2.5204447868255144,1.3336783508378582
1242,ENST00000417946.5,ENSG00000021826.14,CPS1,210477682,210679107,3.880401699955095,699,499.221,31.2129,1.40865,GCTCTTTTAAAATAGTTGCTTTCTTAGGAAATGTAGTTGCTTTCTTAACCTCATCAAATTCATGAAGATTTAGCCGAGGCCCATGCTACCCATTATCTTCTAAATGGCCTTCAGAAATGATGGAGAAACTGACACGTTATGAGTATTTCCTGCCCTACATGGATTTTGAACTTGAATTCCCAGCCTCGCTTGCATCTAGACACAGGCACGTGACCCAAGCCCCACCAGTCAGACAAACCCAATTGAAACTTTAGTTCAAAAGCATCCAGTATGAGGGAGCAGTGAAGTTTGCATTTTCCTGATGAAAATGTTGGAAGAGCCACAAATCATCAAA,2.754695417566532,1.4618928110438436
1243,ENST00000432529.6,ENSG00000144451.18,SPAG16,213284379,214410501,78.21123013701111,1250,816.03,125.063,3.4529,GAGAGCTCCCGGGGGCCGTTGGGTAGCGTCTTCGCTGTTGCCCTTAGGGACGGCTGTGGGCCTGCTGGGGGTGGGGGCCCGAAGCGCCAGAG,22.65088190709581,4.501495317265915
1244,ENST00000236959.13,ENSG00000138363.14,ATIC,215311817,215349773,144.2088487953276,2213,2215.24,1743.21,17.7292,ACTTTGGGGTCGTGGGCAGATCGCTGGCTCCCACGCCTGGACTTCGGGATCGCAGGCAGGATCCCTTCCAGCCCAAGCACTCCGCCCAGGCGCGCCAGGCAGAGCCCCACCCCATCCCGCCGTTCCCTTCAGCCCCGGGGCGCGGATCTTGCATCTGAAACTGAGCAGAGCAGGGCGCCGGGCAGGGCCGGCGGGCCACGTGATAAGCCCGGAAACAGCTCCGCCCCCTCGCTTCCTGAGCCGCCACATCCCGGCAGCCCTCCTACCTGCGCACGTGGTGCCGCCGCTGCTGCCTCCCGCTCGCCCTGAACCCAGTGCCTGCAGCC,8.133973828222798,3.023960348809153
1245,ENST00000392133.7,ENSG00000079246.15,XRCC5,216107464,216206303,480.91716824377465,3761,3340.57,210.956,1.42276,AGAAACCCCACAAAAATTAGCTGGGCTTGGTGGCACACACCTGTGGTCCCAGCTACCTGGGAGGCTGAGCTCTGGATCGTACAAGAAGGGAGACAAGGACCACTGACAAGATATGCGTTTCAGGCGGCTCAAACACCACACGCTCCCGACTACGGCGGAATGGAGAGAATGTGCGCATGCTCGGCGGGAATCTGCGCATGCTCGGCGGGAATCTGCGCATGCTCGGAGAGAATCTGCGCATGCTCGGCCGGAATCTGCGCGAGCTCGGCGGGAATCTGCGCAAGCTCGGCGGGAATCTGCGCATGCTCAGAGTTCCGGGGCACGGTTTCCCCGCCCCTTTCAGGCCTAGCAGGAAACGAAGCGGCTCTTTCCGCTATCTGCCGCTTGTCCACCGGAAGCGAGTTGCGACACGGCAGGTTCCCGCCCGGAAGAAGCGACCAAAGCGCCTGAGGACCGGCAAC,338.01707121635036,8.400952300001828
1246,ENST00000491306.5,ENSG00000197756.9,RPL37A,216498189,216579180,2780.058636146575,3647,3429.04,1486.94,9.76977,GACTTTCCTCAGGAAACACCAGGCTCTTCTGAATTAGTCGCGAGCAGAACCATCGTCCTTTCCTTCAGAACTCTGACCAGTTTGAAACTGTCTAACTTCTTAATGTGGCTATATGATCGTTTGCAGCTGGCCTGCAACTTGTTCTGGGAATGGAACCTTGGATTTTAGTCACCACTGTCGCTAGCATCCTGCACAGTCAGCCACTTTTAGAGAGCATAATGCAGAGGGGGAAATAAATGAGATTTGGAATAGAGACGGGGTTTCACCCTGCTGGCCAGGCTGGTCTCGAACTCCTGACCCACCCCGCCTCCCAAAGTGTTAGAATCACAAGCGTGAGCCACCGCGCCCGGCCCCACAAATGTAAGATTTATGCACTTCTCCAAGCCAAGTGCTGTGCATCGAATGGAGGAACTCGTACCTTTGCAGGATTTTGTGATATATGTGAAATAATCCGGACATGCTTCTGCTATGGTTGTTTGTCGCCATAGTTTGCGAATCTGGGTAAACCTGGATGAGAGAGACGCCTTACAATTGCAAACATTTCTCAGGAGGCCGCCTGAAAACGCCCAAACCATAGAGCTCAGTTCCTAGCTAGGCCTCTACCAGCCACTTCCGCTCGTCCGCCTAATACCGCGCCTGCGCACCGCGTCTCTTCCTTTCTGGGCTCGGACCTAGGTCGCGGCGAC,284.55722459654373,8.152574998158613
1247,ENST00000233809.8,ENSG00000115457.9,IGFBP2,216632828,216664436,154.72758942001866,1439,2035.56,152.245,1.68507,GGACCCGGCTGCGGCGGCGAGGGAGGAGGAAGAAGCGGAGGAGGCGGCTCCCGCGCTCGCAGGGCCGTGCCACCTGCCCGCCCGCCCGCTCGCTCGCTCGCCCGCCGCGCCGCGCTGCCGACCGCCAGC,91.8226479730923,6.520778131844684
1248,ENST00000315717.9,ENSG00000163466.15,ARPC2,218217094,218254356,204.6034039147189,1505,1420.59,2159.51,34.249,GGCGCCGCGGGGCCGCGCGTCCAGGCGGCGAGCGGAAGTGGGTGTGAGAGCGGAAGTGGCCGGCTAGAGCCGGGGGCTGGGCGGGGACCGGGCTTGTCGGTGAAGCGGCAGTGGCGGCGGCGGCGGCGGCTCGGCAGGCGGGTTCAGGCTTCGGGGGCCAGCCGCCGCC,5.973996435362168,2.5786963768039
1249,ENST00000248451.7,ENSG00000127838.13,PNKD,218270392,218346793,70.06987686519872,758,785.746,288.535,8.27331,GAGTAGTTCTCCTGGGTCCGCTCTGCGGGCTTCTGGGAGATGTAGTTTCTGGTCTGTAGGCAGGACGGAAGGAGCGGGGGAGGCCCCTTACGCAAACTACAATTCCCGGCGGGGAGCGCGGTGAAGCGGGGGTGGGATCTGAAC,8.469388535567834,3.082257815065416
1250,ENST00000273064.10,ENSG00000144580.13,CNOT9,218568580,218597080,58.940185692572825,4079,4634.56,294.61,1.43219,AGTTGTCTTGCCGGGACTGTCCATCTTTTCCCGCCGTTCACTGGCTTTTGGAGGAGGGTCAGAGTTCACGCCGCTCTCTGGAAATAACTGCTCAAAGCCAGAAGTTGCGGGGACTAGTGGTCGCGGACGTCCTTCCGGTCCTAAATCTTAAGGGGCAAAGGACATACTCTGGGACTGTTAACTAGGCCCTGGAGGCGGGAAGAGGATGTGTGGGTGGGGTCAGGGGTGAGAGGTCAGAGGGCCGCGAAGTGGGCGGAGCGAGCCGGAGTCGGATGGCGGCTACGGCGGCTCATTGTTTTCCGCTGCAGGGGTGCTGAAGGGGGGACGCGGGTCGGACGCGTCCGGCTGTGGAAGAGAGCGGCGGCCGCTCACAAC,41.153887188552375,5.362956801665154
1252,ENST00000392102.5,ENSG00000135912.10,TTLL4,218710845,218755416,15.24178152486278,4967,6061.89,415.118,1.54286,GCGGTGTGTGGCAGGCGGCAGCGGCGCTGGCGGCCGAGTGCGCTTGTCACGCGTGGCGGTGCGTGGTTGCTAGGGGCGCCTGAGGCTGCCGGGTAGCCCAGCAGGCCGAGGGAGGAAGTAGCGTGGAGCCGGTGCCGAGCCGGGGCGAAGCTGGATCCCCTAGATAGACTGTCTTCAAGCTCACTGATATTTTCCTCTGCTTGATCCATTGTGCTGTTGAGAGCCTCTAGTAAATTTTTCAGACTGACAGACTTCAAGGATGCAGCTGCTACTACCGGAGGTGTGTGGCACCTTACCTCAGCAAGGCCATGAGACCGTGTGGCCATGATGTGGGCCCCTC,9.878914175532959,3.304352479091219
1253,ENST00000392086.8,ENSG00000135924.15,DNAJB2,219279267,219286900,4.522629365401958,1946,2602.56,120.719,1.04505,AGCCGGCCTTCTCCCCGTCTCTAGTAGTTTCCGCACCGCTGACGCATGCCTGCGCGCACAGCTGGGCCGGGCGCGTCCTACGCAGCAGCCGCGAGCCGGGCTGCGGGTGCCAGACGGTTCCCGGCGGGGGGCAGGGGCGGGGCGCCGCAGGAGGCCGGGACTCCTGGCGGAGGAGCCCCAAGGAGGCCCGCCTGACGACTGACCAGTTGCC,4.327667925364296,2.113589801195605
1254,ENST00000321276.7,ENSG00000163082.9,SGPP2,222424517,222560948,29.292173356312368,3336,3657.4,702.037,4.32464,GGCGGGGGCGAGGCGGGAGTGGCGGTGCCAGCGGAGGGCACCGGCCCGGCGTGGCAGCGGCGGCGGAGCGCGGCCCCGGGCACACC,6.77332063624079,2.759863291839826
1255,ENST00000357430.7,ENSG00000123983.13,ACSL3,222860934,222944639,101.82697852463475,5679,4405.86,1019.61,5.21393,AGCCCCGCACGCGCCACCGCTCGCGGGCCAATGGGTGGCAGCCTCTCTGCATAGGCAACGAGTGCCGGCCGGGGGTGAGCGTCCCAGGCGGTTCCGCTCAACAGACGCTGCTGTGGCTGCGCCGGGCTGCGACACTGCAGTTGTCTACGCGGCCGGGGCCGGGACGAGGAGGCGTTGGACGGGGTCGCATACGTTCGTCCCCTCGCATTGCGGCCCCGACAGCTGCGCCAGGATCCCCGGGCGGCGGCGCGGGGCGTGAACGCTCTGGGGCTCAGCCAGGCCTGCGCGGGCCCGAGGCCGGAGGAACCCGGACTCCGGCGTAGCGGTTTTGACACAAGGGCGCATATCTTCAAAGCACCTAGTACCTCCTACCATTGTCAACTGATACAGAATTCGTTGTTGGGAAGGACTGGGGAAACAGCTGTAACATTTGCCACCCTCAGAAGCTGCTGGTCCTGTGTCACACCACCTTAGCCTCTTGATCGAGGAAGATTCTCGCTGAAGTCTGTTAATTCTACTTTTTGAGTACTT,19.529793941352253,4.2876048223323675
1256,ENST00000258383.3,ENSG00000135900.3,MRPL44,223957404,223967714,72.666693497951,1748,1493.85,403.57,6.08659,GGGGAAGTGTGTTACGGGGACACTGGCCCGACTACTTTCGTTCCGTCTTCCATCGTTTTCTCTCGTGCA,11.938818533522218,3.577588169332273
1257,ENST00000341329.7,ENSG00000144468.16,RHBDD1,226835581,226999215,13.993000792430417,4883,4861.53,341.229,1.58138,ACAACTAAGCATGCGCCGCGGCCGAGCCGTCCGCTTTAAGGCCCTCCCCTCCCGCACCCGGCCCCAGGAACCCGGGGCGCCCCGGATCGGGAACGTGCGTGATGACGCACGTGCGCGCGAAGACGTGGGGACGCAGGCGGGTCGTAGAGAGCGTTCAGCCGTCTGTATATCTCCCCAGATACCTGAAACTGACCACCTGAGTACGTTTTCCCATTGCTGAGCTGTTTCCCTGATATCTGGCC,8.84860109045923,3.145449391988717
1259,ENST00000354503.10,ENSG00000168958.19,MFF,227325151,227357836,26.503344942341585,1085,964.799,209.566,4.89379,CAGAAGGGGCCAGCCCGCGCCTTTCGCGCTTCTGCCCTGGCCCTCTGCGGGCCGCTCCGCCGGTGCTGTCCCTGGGCGCCTCCGTGCTCTCAGCCAACCACCTCTGAGAGCGCCCACTCGAGCGCCCCGGGAGCCAGAGGGCGGGGGTCCTCGCCGGGACCCTCCTGTGGGCCCAGGGGGACAAAAGTGGCTCTCAATCCAGCACATGCACATTGAAGCAAGTTAAAGGATTTAATATGAAGCACAGAAGCAGATAGTGCCAAATAGCAAGCAGTAGTTGTTACACATTTGGTGAGCAGGGCAGCATTTCCTTCTCCCACTGCTGCTGAG,5.415709489443066,2.4371503516564803
1260,ENST00000310078.12,ENSG00000173744.17,AGFG1,227472152,227561214,29.42452656946605,8668,7225.15,940.118,2.93155,AGGAGAAGTCGGGAAGGTGGCGGCGGCGGCGGCGGTTGTCCCGGCTGTGCCGGTTGGTGTGGCCCGTCAGCCCGCGTACCACAGCGCCCGGGCCGCGTCGAGCCCAGTACAGCCAAGCCGCTGCGGCCGGGTCCGGCGCGGGCGGCGCGCGCAGACGGAGGGCGGCGGCCGCGGCCAGGGCGGCCCGTGGGACCGCGGGCCCCCGGCGCAGCGCTGCCCGGCTCCCGGCCCTGCCGGCCTCCTCCCTTGGCGCCGCGGCC,10.037190758972574,3.3272836345732326
1262,ENST00000258418.9,ENSG00000135932.10,CAB39,230712845,230821075,66.5976864006415,3826,3162.82,629.284,4.48265,GTGCGCACGTCAAAGCCGGGCTCGGGCCGCAAGCGGGGCGAGGGGTTCGGGGAGCGGCGCGGCCTGGGAGACACAGAGCCTTCAGGCGCCGGGGCGGGGGCACAGGCGAAGACTAAGGCGGCGCCGGGCCCCACAGCAGCAGCCGCAGCCCAAGCGAGCGCAGCAGCGCGGCGGCAGCCGCGGGAGCCCCTGGGCAGCCGTCCGCCCGCGCAGCCGCCGCCGCCGCGGGAGCCCGTCGCCGGGAGCAGGAGCGGGCGGAAGACAACGGAGGGGCCGAGCGTCCGAGCCACTCCGCGGGGACCGAACGAGCAGCCCGAAGCGGCGGCGGCCGAGGACGGGGACAGCGACGACGCGGAGGCAGAGAAGGGAACGCCCGGCCCAGCCCCGTAGCACAGGCGGAGTGCAGCGGAGGCCCCTGCCGCTGCCGTC,14.856766957188608,3.8930482940544193
1263,ENST00000326427.10,ENSG00000135916.15,ITM2C,230864639,230879248,72.15097517662093,2078,2761.43,610.451,4.98057,GGGGTTAGAGAGAGGGACGCGAGCGGGATCCAAACTTCCGGTGCCTGCAGAGCTCGGAGCGGCGGAGGCAGAGACCGAGGCTGCACCGGCAGAGGCTGCGGGGCGGACGCGCGGGCCGGCGCAGCC,14.486489533651957,3.8566361282930237
1264,ENST00000308696.10,ENSG00000173692.12,PSMD1,231056864,231172827,129.17039253037908,3326,3157.89,2180.6,15.5575,GGGGTCCTGGCGAGAAGCGAGCCGGCGGCCTGAGGAGGCGACTGACTGAGCAGCGCACCCGGGGAGCAAGGAGGCGCGGTGAACTGAGCGGCCCCTGAGCTGACAGATACACTGCGCAGCTGGAACGGCGAGCGAGCCGACGGGCGAGTGAGGGGCGCAGCC,8.302773101743794,3.0535932728380626
1265,ENST00000341369.11,ENSG00000187514.15,PTMA,231706895,231713541,31.091512909117903,1212,1097.82,3193.68,65.5422,CGCGTGAGTCCCCCACTGGCTGCTCTGAAAAGCCATCTTTGCATTGTTCCTCATCCGCCTCCTTGCTCGCCGCAGCCGCCTCCGCCGCGCGCCTCCTCCGCCGCCGCGGACTCCGGCAGCTTTATCGCCAGAGTCCCTGAACTCTCGCTTTCTTTTTAATCCCCTGCATCGGATCACCGGCGTGCCCCACC,0.4743739592067081,-1.075903279679876
1266,ENST00000410024.5,ENSG00000144524.17,COPS7B,231781671,231809254,38.54903471634938,1103,1190.71,90.0923,1.70468,TCCCAGCATCCCCTGCACTCGGTTCCTCTGTAACTTAGACTCCAGTGTGCCGCGCAGTGTGCGCAAATTCACAAACCCGCCCGCTGAGTTGGTCGTTTCGGAATCCCGAGACTTGAAACCCAACGGGAAGACCCTTCTCACCCTCAAAAGAAGATGACAGCCCGCAGAGAGTTAACTTCTGTTTACATGGAACTCAGACATCTGCAAATCATGATTTCAAGGCCAGAGA,22.61364872958525,4.499121885710983
1267,ENST00000258416.7,ENSG00000135930.13,EIF4E2,232550052,232583644,36.055727455672304,1604,1812.73,196.103,2.43733,TGACAATAGCAACATCAAAGATCACTGATCATAGATCACCATAACAGACACAGAAATCATGAAAAAGTTTTAAATATTTTGAGAATTACCAAAATGTAACACAGAGACACCAAGTGAGCACATGCTGTTGGAAAAATGGCGCTGATACAATTGCTGGACTCAGGGCTGCCACAAACCCTCCATTTGTTTTCAGAATGCCCTATCTGCGAAGCGTAATAAAACGAGGTATGCCATAGTACAGTGGCGCCGCGACCGACAAAGGAAAGCCTCCGGGAGGTCAAAAGAGATACCAGAGAGTGCGTCCCGCACTGGAGGAAGAGGAAGGTTTTTACCAAGCAGCGAGTCCAGAGCCCGCGCCGTCAACGACGCGGTGCTGCCTTTTTTCCGAGCCGCTGCGGGAGGGGGCCAGGACACGCTCCCTTAGGAGAGCGGGCGGGTCACAAGGACCTGGACAGAGGCAGAACTGAGGCCAGCAGCCAGCTCCGCCGCTGAGTCCAGCCCTCTGCGCAGCCGCCCTGAGCTGGCGTCCCGAGATAGCCGCTTCCAAACCGGGCCTGCGCGCCGACGTTCCGCTGCGCCCCGCGCAAAACCGGAAGTACCCGGGCCCAAGGCTGAGGGACCCGGTGGAGCGGAAGTCACTCCCTGAGGCAGTGGCGACAGCGGCGGCGAGAGG,14.793125040791482,3.886854948177059
1269,ENST00000373563.8,ENSG00000204120.14,GIGYF2,232697299,232878708,20.124077427515477,5847,6432.17,923.615,3.23516,GACGTGCGTGGCGACGTGTCGGCCATCTTGTGTTGTTGAGGCTGAGGACTGACTGGGGTTCTGAGACTCCCTGTCCCGGACCGCAGCGTTAAAAGGATCTGAACAAAGTCTGCTCAAATCTCCTGCTGTGAACCAGCAGAATTTTTGAACAGGTTTCTTCACATATAAAAATCTATTGTAAAAATACGGAAAAGA,6.220427251670853,2.637013675644894
1270,ENST00000392011.6,ENSG00000130147.15,SH3BP4,234951973,235055714,10.410856021439557,5194,6295.34,406.038,1.45315,CGCCCAGGCGCGGGACCACCCTCCGCCCGCCGAGGCGGGGGCCCAGCGCGCCCGGCACTCTCGGCGGTCCGGGCCCCTCGCCACTACCGCCGCCGCCGCCGCCGTGAGTCCCGCGGAGCCGCGCGCGCCCCCGGCTGGGCCGAGCCGCTGGCCGACGAGCGGAGCCTCAGGAGCCGGCGGGGACGCCATGCGAGCCAGCGTCTCCCTTCTCTCCTGGACAGAAGGCCGTGTCCTGGGACTTCTCTGATGGCGAGAGGCTGCGGCTGTACCAGGAAGAAACATATTGCCGAGTGGATGCCGCCGCGCAGCGTGTTTGCTTGAGGCAGAAGCTTCAGCATCTGCTGGGATAACTGGAGGAAGAAATATGAAGCCTTAGCGGCTTTACCCGGGAAGCGAGTTTCGAG,7.164336800357539,2.8408331609955884
1271,ENST00000354371.6,ENSG00000198612.10,COPS8,237085312,237100466,82.22307686702376,4007,3426.77,268.354,1.76435,ATTCCCTCTGGCTGCGGTTCCGAGAATAGCCTGGAAGGAGGCAGGGGTCCCGGCTGGAGAAGCGTGGCTCCGGGGTGGGGCGTGCAGGGCTAGCCCGGGCGGGGGACGCTGCCCAACAAGCAGGTTTGCGGAGACTCACACCTTAGATTCTGAGTTTTTAAGCTTGTTTCCTCAGAGCAGGGAACTCACGAACGTTTCGTGAGCACCTACGGTATGCAGGGTACGGTGCGGAGCCCTAGCGTCACTGACGACCGGGACAGCCGAGCAGCTGCAGGATCCGTCGTGTTCCCCAGCAATTTTAATATTTAAAAATTCGTTACTGTTGCTGTTACTTGTTTTCTATGTATTGGATGTCTTCGTGAAGAACCCTCAAAAGTGCAACGAACTCCTCCCTGCCAGAGGGCGGCCGCGCGCTCTGAGTACAGCTTCCCGCGGAGCCGGCCAGGTCCTCCAGGGCACCGAGAAAGCCGGCCAGAACGGCGGCGCCCTATCCCGGCCGCAGCGATGTCTGACGGCGCCCCGGAACTGACGGTCTGGTACGCAGGGGCGCTCGGCGGCAACGGCGGCTTTAAACGTCATCGCGGGCGCGACGCCTGAGGGACAGTCTGGGGTTTGGCTGTCCGGACGGTGCAGCGGCGAGGCCGGCCGCGAAG,46.60247505711665,5.542334673324968
1272,ENST00000254661.4,ENSG00000132329.10,RAMP1,237858893,237912114,12.357357151454512,910,1052.97,102.0,2.18245,GCGGCCGCCGCCTCCCACCGCTCCCGCGCCCGCTCCCGCCCCCGGCGCGTCTCCTCCGGGCCCGCGCCGCGGCGGGCTCAGTCCTCAGCGGGGCGCGTGGCGAGCGGACTCGACTCGGCACCGCTGTGCACC,5.6621490304265905,2.5013497221556764
1273,ENST00000272930.8,ENSG00000184182.18,UBE2F,237966827,238099413,12.268806144885993,2009,1872.74,86.9176,1.04567,AAAGCGCCCGCTGCTGTCTCGGCTGCCGCGGGCGAGAGCGGCCGAGTCCCCGCCCCGCCACTTCCGGTCCCGCCGCCGGGAGCCGGTGCGGCTGTGAGGGGCCGCGTCTCGCAGCAGCCGCCCGGACCGGGCATGGTGTTGGGCGCCGGGCCCGCCTCGCCTGTCTCGGGGAGCCCAGGGTAAAGGCAGCAGTA,11.73296178037621,3.552495337281956
1274,ENST00000254663.10,ENSG00000132330.16,SCLY,237966827,238099413,20.363786206166207,2562,3456.49,154.805,1.00904,CCCGCTGGGGGCTCGGCGGCCCTCTGAAGCGGGTGGATTGGCTGGGGTGCTTCGCTCAGCCAATCCGGACGCGCCCGGGCGTCGCGGCCCCGCCTCCTCCCCGGCGCTCTGGGCCCGTAGCGCTCCGCGGGAAGGAGGCTGG,20.181346830815635,4.334950552845039
1275,ENST00000391993.7,ENSG00000204104.11,TRAF3IP1,238320441,238400900,7.3226482519872995,4003,3819.36,257.009,1.51607,GTCCGTTGCTAAGGCCGCGCAGCCCTAGTGACCGAACGCCCTGCGGCGGCCGCGCAGGCGCTGTGGTGGGCTCCGGTGCACTGTGGGATGGAAACCGGAGCGGCGCGTCCTGGCAGGACCGGGCGGCGGCGGCGGCGGGGCCGGCGGCGGCCAGGGACCCGGGCTTAGGCTCGGCCAGGCCGGCTGAGGGGCGCGGGCGGCCAGCGGGCGGCGGACGCCGTC,4.830019888255357,2.2720291295638027
1276,ENST00000391984.6,ENSG00000142330.19,CAPN10,240586716,240631259,3.121440946124613,2644,4087.53,210.0,1.1575,CGCCTGGTTACCAATGGGAGACTAGCGGGCCGGCGTACTGGCCTGGTCCAGCACCTGCGGGGCCCTCGGGCTTGGAGGGCTGGGCCGGGCGGGGAACGGGCGGGGCGGGCCGGAGGCGGCGGCGGCTGACTCGCCTTCTCTCCGGGGCTGCGACCCCGAGGCAACCGGCTGCAGATGGGAGCCCGCGGAGCCGAGG,2.696709240712409,1.4311999785273544
1278,ENST00000407025.5,ENSG00000115685.14,PPP1R7,241149576,241183652,14.39237841787386,1592,1527.33,284.712,4.19986,AAAGGAATAATGGGCGCCTCCGCCCCCGGGCCGGGCAGATGCGGTTTCCTCCCGACTCGCGATCAAAATGGCTTCTCGCCTCCAGACTGTTCCGGCTCCGCCGCCTGAAATTACCTGCTCTGGGGGAGGCGCGGCGCGCGGCCTCATGACGGAACTACAACTCCCATGAGGCGCTGGGCCCACGCAGGCGCGGCGCGGCTGAAGTCGCCGCGCCGGAATCCCATTGGCAGGGCCGGCTCTGAGGCGGGAGCCCTGATTGGCTGAGGGGTCTGAGGCGACAGATTCCGGAAAGGGGAAGAGCAGCCAAC,3.426870995193616,1.7768918825201963
1280,ENST00000391973.6,ENSG00000168385.17,SEPT2,241315100,241354027,323.33711417497875,3701,3544.79,1347.3,8.5632,ACCTCGGGCCCCACACCAGAAGGAGAAAGCTAGGGGCCGCGCCAGCTCCGCCCTCCCCCGCGGGGCGGCGGGCCCCAGCCCGGGCACAGGAAGGCCACGTCCCCGGGGAGGGACGCCCGACTCGATGGTCTGCGCAGGGCCCGTCGGCCCCACGTGACGTGCGCGCAGCCAATCCCAGAGAGGCCCCCCGATCATCGAGACGGCGGCGGTGGTGGGCTAGACGAGTTTCGCGCGGCCGCTCGCCGTCCCCCGCCCAGTCGTACTCGGCGCCCCAGCTCGGTGCTGCCGCCATCTTCTTGGAGGACAGGAGGAGAGGCGAAGGCTCCCCCTCCCCGTGATCGCTCCGCACTCCCGCCACCACCTGCCCTCCCGCGACCGCCTCTCTCCTCCTCAGTGGGCACTTGTCTCCTTCTAACAAACGGCCTTCCCCCCACTCCAGTTACCCACCGCAAGGCGAAGATTCTCATTACCTGTTCCACTCTTATAAGCATAAGAAAACCGAGCTCATAAGACGAAGCTTCACAAAAG,37.75891187581497,5.238745285064213
1281,ENST00000404914.7,ENSG00000168397.16,ATG4B,241637213,241673857,37.1387366943461,2878,4034.32,208.418,1.16393,GCGCCGGCACACCTATTGGCCCCCGCGGCGTCCCGTCGCCGCGTCGCGTTGCTGGCCCGTCGGAGCGACGCCGCTCGGGTCAGTCGGCGGCCGGACTGGGAAG,31.908050049698954,4.995848540872605
1282,ENST00000405941.3,ENSG00000151353.14,TMEM18,667335,677439,1.1563082406678564,654,568.45,59.2508,2.34836,CCGTGCCGGGTTCGTCTGACAGATCCCAGGGGAGCCCACGCCCCACGTGGCCGCCAAGGGGTGAC,0.49238968500053504,-1.0221275555557474
1283,ENST00000252804.8,ENSG00000130508.10,PXDN,1631887,1744852,8.081459578556963,6808,8633.96,837.451,2.1853,AGCCGGCCGTGGTGGCTCCGTGCGTCCGAGCGTCCGTCCGCGCCGTCGGCC,3.698100754384736,1.8867845313594855
1284,ENST00000382125.8,ENSG00000032389.12,TSSC1,3188925,3377882,15.16511711556203,1766,2194.88,278.919,2.86306,GATGACACATCCGAAAAATAGGAAGTGGCCACTACGGAAGCTGTTCTGGGCCAGAAAGACTTCCAGTTTGGAGTCGTTTGCTGCGGGGAGGGAATGAATGGGCGCTGGGAACACGCCCGCGAGGTGGGGACGCGCCGGCCGTAGCGAGGTCCTTAGCGTGTGAGTGGCCGGGGTCGGGTCGCTTCCCCGCAGC,5.296821273589107,2.4051268297497415
1285,ENST00000327435.10,ENSG00000182551.13,ADI1,3497361,3519736,160.58235338466383,2391,2319.93,986.025,9.57579,TGGCGAACGGCTGGCCCCGGGCCGCGGGCCTCAGGCAGGTCCGAGGGTGCCCAGGACAGGGTCGGGGCTTGAATGCCTTTGCTTCCGAAAACAGCGGAGCCGTGGGGCCTCCCCCGCGCCGGCCCTGCCTCCAACCAGCCGCCCAATCCCGGCTCCCATGCGCGTCCACGCCTCCCTATAAGATAAAGCGCGGCCGACGGGCTCCGAGCGCGGCCCCTGGGTTCGAACACGGCACCCGCACTGCGCGTC,16.76961936139617,4.067778037715779
1286,ENST00000315212.3,ENSG00000171865.9,RNASEH1,3531813,3558616,15.277890414328017,1887,1899.44,154.392,1.8313,GGGGAGAGAAGGGGCCCAACATGGTCCATCTCGACCTTCCTCTGCCGGGCCCAGGGCTTCAGCCCCGCTCCCATAGGCCCCGCCCCATCCCAGACCTCGCCCGCCTTCGGGATCTCAGCCCTGGCTCCGCTTCTTCAAGTACCGACAGGAAGTTGACGAGTTCGGGCTCGTCAGGGGCCGAGCTCCGGGCTCCGCCCTACGACACCGCCCCTCCCTAGGCCCCGGCCCTCATCAGGACTCCGCCCAGACGTGCGTCATCTTCCCGCGCCGGTGACGGAAGTGCGGTGTTGAGCGCCGGCGGCTCGCGCCCACGCTGGGCCGGGAGTCGAAATGCTTCCCGGTGCCGGGAGTGAGCG,8.34264752598046,3.0605052933187227
1287,ENST00000473731.5,ENSG00000134313.14,KIDINS220,8725278,8837630,13.286093168304395,7248,7292.07,1202.06,3.71396,AGGGCACGTGATCTGTCAGTTCGCGGAGAGGGAAGAATATGGCCGCCGGGTGTGGTGAGGGCGACGCGCTTGCAGTCGCCGTCTCTTGCTTCCCCGTCCTCTGACATCGCCTGCAGCCGAGCGGGCCCGTTCCGCCGGAGCTGAGGACCAGGTTGGGAGACCGTATTCAAATAAAGTTAATTGCAGCTTTCTGTGAAA,3.5773387888680532,1.8388867540264255
1288,ENST00000305997.7,ENSG00000143797.11,MBOAT2,8852690,9003813,20.97899621377817,7751,6659.32,672.088,2.27383,CGGGCGCGGGAGGAGGTGGCGGCGGAGGGGGAGGTGCGAGCCGGGCACCGCCCCCGGCCCCTCCCCGGCCTTCCCCGCGCAGAGCTCCGACCGCGGGCGGCCCAGGGGCGGGCGCGCCGCTGCATCCCCATCCTCGTCGTCGCCCGGCACAGCGCGAGCGGGCGAGCGGCGCGGGCGGCCGGAGCGCCGAGGCCCGGCC,9.226281742161099,3.205749348528913
1289,ENST00000310823.7,ENSG00000151694.12,ADAM17,9488486,9555792,13.81853008586451,4349,3961.92,611.477,3.47726,ACCTGCACTTCTGGGGGCGTCGAGCCTGGCGGTAGAATCTTCCCAGTAGGCGGCGCGGGAGGGAAAAGAGGATTGAGGGGCTAGGCCGGGCGGATCCCGTCCTCCCCCGATGTGAGCAGTTTTCCGAAACCCCGTCAGGCGAAGGCTGCCCAGAGAGGTGGAGTCGGTAGCGGGGCCGGGAAC,3.973970909815346,1.9905813118380244
1290,ENST00000381844.8,ENSG00000134308.13,YWHAQ,9583972,9631014,481.640079016834,2216,1941.74,248.912,2.88812,AAAAGCGGGCGGCGGGCCGCATTGTCTGACGGCGCTCCCTCTCTGCTTTTTGTTCTCGCCTCGCCGCCCCGCCCCTCCGCAGCTCTCGAGGCTCCTCCCGCTGCGGGTCGGCGCTCGCCCTCGCTCTCCTCGCCCTCCGCCCCGGCCCCGGCCCCGCGCCCGCC,166.76595121284228,7.381680951994427
1291,ENST00000234111.8,ENSG00000115758.12,ODC1,10439968,10448504,225.5145054062699,2653,2637.7,1426.39,12.1836,GACGTCGGCCCGCCGGCGCCCCACCAGCTCCGCGCGGGCCCGGGTTGGCCACCGCCGGGCCCCCGCCCCTCCCCCGGCGGTGTCCCGGCCGGAACCGATCGTGGCTGGTTTGAGCTGGTGCGTCTCCATGGCGACCCGCCGGTGCTATAAGTAGGGAGCGGCGTGCCGTGGGGCTTTGTCAGTCCCTCCTGTAGCCGCCGCCGCCGCCGCCCGCCGCCCCTCTGCCAGCAGCTCCGGCGCCACCTCGGGCCGGCGTCTCCGGCGGGCGGGAGCCAGGCGCTGACGGGCGCGGCGGGGGCGGCCGAGCGCTCCTGCGGCTGCGACTCAGGCTCCGGCGTCTGCGCTTCCCCATGGGGCTGGCCTGCGGCGCCTGGGCGCTCTGAGATTGTCACTGCTGTTCCAAGGGCACACGCAGAGGGATTTGGAATTCCTGGAGAGTTGCCTTTGTGAGAAGCTGGAAATATTTCTTTCAATTCCATCTCTTAGTTTTCCATAGGAACATCAAGAAATC,18.509677386508905,4.210207844934325
1292,ENST00000381685.9,ENSG00000115761.15,NOL10,10570766,10689987,33.04898133160181,2589,2311.28,683.592,6.66357,CCAGCGGCCGCACGCCGCGGAGCAGGGGCTCGGAGGTCCCGGGATTACGGTGCTCGAGCACGCTGGTGGGAAAGGACCCGGGACTTGAACAGTGTTGTGCGGCGCC,4.959650957610081,2.3102385924984383
1293,ENST00000272227.7,ENSG00000143870.12,PDIA6,10783391,10837977,289.67193263193184,2338,2148.4,3428.47,35.9539,AGCGCCTTCCGGCCCGCCCCCGCGCGGCCGCCCCTCGGACCACCGGACTGGCCTGGGGCGGGACGTGGGCGCGGGGGCGCGGCGTGCGGCACGCTGCAGGGCTGAAGCGGCGGCGGCGGTGGGGACTGCACGTAGCCCGGCGCTCGGC,8.056759701504756,3.0101997267804075
1294,ENST00000315872.10,ENSG00000134318.13,ROCK2,11179761,11348330,16.370503294841225,8292,6763.36,581.871,1.93832,CAAGGCGGCCGGCGGCGACCATGGCAGCGGGCCGGCGGCGGCCGTAGTGGCCCAGGCCTGGGCTTCAGCCTCCCGGGGCCCCAGAGGGCGGGGCGGTCCGGGCCGCGGCGGTGGCGGCGCCACTTCCCTGCTCCCGCCCGAGGACTCCTGCGGGCACTCGCTGAGGACCAGCGGACCGGCGGCGCGAATCTGACTGAGGGGCGGGGACGCCGTCTGTTCCCCGCCGCTCCCGGCAGGGCCGGGCCGGGCTGGGCCGGGCTGGGCCGGGCGGGCCCCTGGGAGCAGCCCCCAGGCGGGGGACCGCCTTGGAGACCCGAAGCCGGAGCTAGAGGCAGGCGGTGGGCCCGGGTGGAGTCCCGGCCGGAGCTGGTGGTTCGGGGGCGGTGCTAGGCCCCGAGGCTGCGGGACCTGAGCGCGAGGAGCCTGAGTGCGGGTCCAGCGGTGGCGGC,8.445717577511052,3.078220004617706
1295,ENST00000281513.9,ENSG00000151779.12,NBAS,15166909,15561330,6.049409975237952,7281,7301.96,675.766,2.08506,CTCCGCTGCCTGAGTCCTCGGCGAAC,2.9013121805789535,1.536705537570305
1296,ENST00000448223.6,ENSG00000163029.15,SMC6,17663812,17800242,20.07623581211788,5233,3900.94,230.078,1.32882,ACCGCGGTGGGCGCCGGGGCTCCCGGGAATCTACCTTCTCCTGCGGCCGGCACGCGGTTCCCAGGGGGCCAGCGGCGGTCAGCCGAGGTCGAGACGCCCGCAGGGTGGCCTTAGCGGCCGGTCGTACCACGGCAGCCCCGCCGATCAGGTTCCTTTGGGAGACTTCGACTTGTTGGCGAAATGAACCGGAGAAGAATCCCAATTGGGAATTGCGGAAAACAGGACTCTAGGGTAGAGAAAGGTTGTAGAACCAATAGGGTTTGAGACCTG,15.108318517269367,3.9172711993487126
1297,ENST00000381249.3,ENSG00000240857.1,RDH14,18554723,18589572,28.08946215922396,1587,1417.37,220.765,3.50921,GACCCGCCGCGCCCCAGCGTTCTCCGCGTACAGGTGGTCTCTTGGGTTCCGGTAAGGCGGCGGCTGCGGAACTCCCGTGGAGGGGCCGGTGGGCCCTCGGGCCTGACG,8.004497353884195,3.0008108108831117
1298,ENST00000333610.3,ENSG00000183891.5,TTC32,19896643,19901986,56.99027152408544,822,595.457,68.4982,2.59174,ATAAGGCACAAACCTAGCGCCAAGGTTGGCTGTCAAGGTAGATTCCAGGGTGTGGAAGTGGCTTTGTGGTGCCACCTCTAACCGCTCGGAGGTCAACCCCCATTCTACACCGAAAACTAGGCCTTGGCTGCT,21.989193176817675,4.458722764966629
1299,ENST00000281405.8,ENSG00000118965.14,WDR35,19910260,19990131,15.325786860713022,6918,5754.74,685.217,2.68265,AGGGCGACGGGAGCTTTCCGGAGCTGCTGGTACTCCCGATTGGAGACGTAGAACCGTTACTTGTCGAGGGCCTTAGCGGCCGCCGTGACCCTCTCGGGGATCCCACG,5.712928209312814,2.5142304006169174
1300,ENST00000175091.4,ENSG00000068697.6,LAPTM4A,20032650,20052028,181.9766063959056,1765,1626.14,913.266,12.6533,ATCCAGTACGTGGCACACATTGCTCAGAAAAGCCCCTTGTGCCCGCTTTCTGCCATCCGCGCTGTCTCGTGTCTCCCTTTTTCCATTAAATGCCTCTTTTCTTGCGGGTCTCATCTCGGGAATAGTGCACTACGGGGACATACCTATCCCCAACTATCCTAGGCCCGAGAACCAGCCCTTGCCTTCGCGTAACAGGCGGAGACTCGCTGAGGCGAGTTGCACTTCTAATTGGGCGTGAGGTCTTGTCAATCCCCAAGTTCTTCCAATCAGAAGTCCGGTCCATCCAGCCTTCCGCTCCCCATTGGCCTGTGTGGAGGAAGAGGGGTGGGTAAGCCGAAGTCGCTGCGCTCAGTGCGCAGGCGCGAAGAAGCTGGCAGGGGCACGAGCCGGGGGCGGGTTTGAAGACGCGTCGTTGGGTTTTGGAGGCCGTGAAACAGCCGTTTGAGTTTGGCTGCGGGTGGAGAACGTTTGTCAGGGGCCCGGCCAAGAAGGAGGCCCGCCTGTTACG,14.381750720832162,3.846167403663425
1301,ENST00000338086.9,ENSG00000055917.15,PUM2,20248691,20352234,23.725890587847758,6112,5108.96,1128.06,4.97466,AACAGGTTTGATCTGTGGATGAA,4.769349179209787,2.2537924108876464
1302,ENST00000304031.7,ENSG00000118960.12,HS1BP3,20560448,20651089,9.637816037288756,2370,3711.95,180.947,1.09827,CCCCGCCCGGAGTCCCCGCCGCCGTC,8.775452336209453,3.133473491957027
1303,ENST00000237822.7,ENSG00000118961.14,LDAH,20684014,20823130,20.95338486219937,2907,2465.85,146.911,1.3423,ACCTGAGGGGGGCACTTCCGGTCTCGTGCCGCCTTCCCAGGACCCTCAGGGAGAGCGGGCAGCCTTCCAGGTGGACAGAA,15.610060986515213,3.964404268639519
1304,ENST00000238789.9,ENSG00000119778.14,ATAD2B,23748664,23927114,4.679985330973358,8103,6882.01,460.854,1.50873,CCTGCGGCGCTGGAGCCTTGACGCACGGAGCTCGAGAGCGAGAACGGGAGAGAAAGGGGTAGAAATGGCGGCTCCGCTCGGCTCCCGCTGAGGAGGGCGAAGCCGGCGGAGTGTCTGTGCTGCCGGTCTGCAGCACCGCCCCCGCTTCCCGCACGCCGCCTGCTCACGCCGACTTCCCTTCCTCTGCCCGGCTCTCTCTTGTGCTCGTCTGCGCTCCGCACGCTCCGGGCCGGCTCGTCTCTCATTGCCCGGCTCGGCTCCGCTGGCCCTGACTGACCGGCCGGCGGGCCGGCCTTGCTCGGCTCTCCCGGGCGCGGCGTGGACTCCGTCCCCCTGGCTGGACC,3.1019369476137935,1.6331693613290628
1305,ENST00000295148.8,ENSG00000163026.11,WDCP,24029340,24049575,15.76948472067224,3817,3900.39,476.149,2.75041,ACAGAGAGATTGGTGTTTTTGTGAGGCAGTGAGACCTAAGGTAACCTTTATCAAAAGG,5.733503267030094,2.5194169193613254
1306,ENST00000233468.4,ENSG00000115128.6,SF3B6,24067584,24076443,429.0146758553728,770,516.246,955.552,41.7023,GAGTCTCGCTCAGGCTCGGTTTTACCCCGGAGTCTATTCGAAGGGGGCTGCTACGTCAGCGCGTCTCAGCGTAAGACGGCGCTATTCCGCTGTAACAGCTTCCGGCGGGTCCTGGATGTTGATGTCCTGCATCTAACGCGGTGTAACCCCCGAAGCCGAGCGAGCTCCGGAGGAATTTCAGTATCTGCTACGGTAACTTCATCAGCCCGCCAAG,10.28755430408809,3.3628281409930056
1307,ENST00000361999.7,ENSG00000198399.14,ITSN2,24202864,24360714,4.0347734364054375,5814,5596.92,432.994,1.74299,CGCCAGATGGCTGAGAGCTAGCAAGGAAAACTCAGGACC,2.314857478474023,1.2109233721341988
1308,ENST00000328379.5,ENSG00000184924.5,PTRHD1,24789734,24793382,91.91758837402408,1105,974.117,467.759,10.8187,CCAAG,8.496176839548566,3.0868137947301832
1309,ENST00000380649.7,ENSG00000084754.10,HADHA,26190635,26244726,58.89956388000286,3037,3298.21,2481.33,16.95,CGGCCACTCGGCATCTGGGTTTTAGTCAGGCAGTGCTCCAGGCGCCTGGCTGCCAGGCTACGGGAGAAAAGTCCTCCGCTCGGCCGCACCCGTTAGAGGCGCTCTCCACTGCTGTCCTCTTCAGCTCAAG,3.4749005238939743,1.7969716783429028
1310,ENST00000456793.1,ENSG00000228474.5,OST4,27070472,27071773,381.1571229686111,561,403.35,1270.74,70.98,CGTAACGCGCCGCGCGGAGCCGACGAGACGGCGGGGCTAGAGAGGCCGTCCCGACCGCGCCCCCCGCCGGAAGCGGCTTGTTCGGGCCTGAGCTGGCGCTACGAAGTTCCGGTCCAGGTCTCTGACTTCGGGCTTGTTCGCTGGTGGCGTCGGAGCCGAGCCGGACTGGTCAGG,5.369922836976769,2.424901357575534
1311,ENST00000260643.6,ENSG00000138073.13,PREB,27130756,27134675,34.065989798774844,2166,2768.43,898.935,7.3157,GCCTGCGCGGAGGGAGCCGCGAGACAGGTGCGCATGCGCAGTGCGCGTCTGCGAGACCGACTTGGACGGAGCCGAGCTGAGGCTCGGCTTCCTGCTGATGGTCAGGGTTTTGGCAACTCCCCGGTGTGAGAGGGGTAGGGAGTGCTCCCGGCGGCGACGGGGCCGAGTTCACCAGCCGCCGGGGCAGTAGTCGAAGGCCCGGCGCGGCATGTCCTGGGTGCCGCGGTGCGGGCAGTGAACGCGCGCCGGGCGGG,4.65655915343369,2.2192643055509516
1313,ENST00000310574.7,ENSG00000138074.14,SLC5A6,27199587,27212958,39.18179354940182,3231,4255.62,550.701,2.91552,GCGTGGCCTAAGCGGCCCGGTCCAGTCGCCCTGGGGCTGCTTGGGGGCTTTTCCTGCTCGTGGAGCTCTGCGCTGGTCTTCATGCGCCCTAGCCCTCTTTCGGGGATACTGGCCGACCCCCTCTTCCTTTTCCCCTTTAGTGAAGGCCTCCCCCGTCGCCGCGCGGCTTCCCGGAGCCGACTGCAGACTCCCTCAGCCCGGTGTTCCCCGCGTCCGGACGCCGAGGTCGCGGCTTCGCAGAAACTCGGGCCCCTCCATCCGCCCTCAGAAAAGGGAGCGATGTTGATCTCAGGAAGCACAAAGGGACCTTCCTAGCTCTGACTGAACCACGGAGCTCACCCTGGACAGTATCACTCCGTGGAGGAAGACTGTGAGACTGTGGCTGGAAGCCAGATTGTAGCCACACATCCGCCCCTGCCCTACCCCAGAGCCCTGGAGCAGCAACTGGCTGCAGATCACAGACACAGTGAGGAT,13.439041251441191,3.748358314021256
1314,ENST00000380044.5,ENSG00000115204.14,MPV17,27309492,27325680,38.14579445843755,1005,1029.92,160.174,3.50388,GCGGAAGTTCCTAGGCCAGCCTGTCACGTGGGAGGGAGGCTCGGCGCTCAGGAAGC,10.886729699201327,3.444498738078237
1315,ENST00000347454.8,ENSG00000115211.15,EIF2B4,27364352,27370486,6.548186383717484,1792,2139.1,378.783,3.98953,AGTGCGGGGCGGGGCCTCGGGGCCCGTCGGAAATTGTAGTCCGATTGGGGCTGCGCGCTTCGCTTCTGCGGCTCAGCCTCCAGCCCAGGTGGCGCTGTGGACCCTGCAGCCGCGGAGCGAGGCAGCGGGGCGGCTCCGTGACCACGGCGGGCGGAGCCTAGGACTGAGGGCG,1.6413428107364738,0.7148765915011142
1317,ENST00000344034.4,ENSG00000115241.10,PPM1G,27381194,27409687,144.13508799839508,2311,2862.45,3589.21,28.2503,GGCGAGTTGCTAAGGAAATGACTGCCCGCAGCGCCTGGCCCCGCCGCGCAGGCCGGGCGGGGTCTGGAGCGGCGCCGTTTCCGCTTCCGCTCCCTCACAGCTCCCGTCCCGTTACCGCCTCCTGGCCGGCCTCGCGCCTTTCACCGGCACCTTGCGTCGGTCGCGCCGCGGGGCCTGCTCCTGCCGCGCGCACCCCCGGGGCTTCGGCTCCGGCACGGGTCGCGCCCAGCTTTCCTGCACCTGAGGCCGCCGGCCAGCCGCCGCC,5.102072827488383,2.3510834922579966
1318,ENST00000337768.9,ENSG00000119760.15,SUPT7L,27650812,27663840,16.099740878974927,4488,4371.56,618.188,3.186,CGGCGATGGTGAAGTTGCTCCTTCACGACCTGGAGCGTTGCGAAGTGGTGCTAACATGAGAAGGTCATAATATGAGAAAAACAAAACGGTTATCGGGATGCTGTGCAGAACGGGGACATATTTAGAGGTTACAACGGGATCGTAATGACTTCCTGTTGCATAGCTTGATTGAGAAGAAGCGCTTCCGGCGGTCTTAGATCACTAATCAACAAACCAGCTTTCGGGGTCTGACGCGATCCTTGCCTCAGGCCTCTCGAGGTCCAGACAGCCGCCCAGCCCGCTCTGCGACGCAGCAGTGAATAGTGTGGTACCTCCTTGTCTCGGTTCAGGTCCAGACCTCCCCGTCTTCCGGCTGCCCTGAACGTCAGGCGACCTCAGGACCCTGTGATTGGCGCCTGCGCCGGCGGACCGTGACCGAGGAAACCCCTGGAGGGACTTGGGCATTCCTTGGGCTCCGTGCCTGTTCTTCGTGCTCCTTTCGGGCAAGGATCTCACATTATCAGTCTTTGACCGACACAGAATGCCTGGCATTTGATAAATGTTTGTTGAACTTGAAGAGACATATGGACA,5.053277112044861,2.337219296759919
1320,ENST00000306108.9,ENSG00000171103.10,TRMT61B,28849821,28870301,12.026383633696456,1836,1554.98,177.859,2.577,GCGACGGCGCCTTCGCGAAACACT,4.666815535000565,2.222438443089624
1321,ENST00000349752.9,ENSG00000158089.14,GALNT14,30910467,31155202,9.617179660457936,2733,3515.04,197.375,1.2651,GGCATCCCGAGTGCACCGCTCCCGCCCCGCCCCGCCTTGCCCCAACCCACGATGGTCTGGGAGCTGCGCCCAGGGCTTGGCGCTGGCGGCCCCGCAACAGCACCGAGCGTTTCGGTCGGCGGGCGGCGGTAGCGCCCCCTCTCAGAGCCCCGCTCACTCCCACCTGGGCTCGCTCCGAGTCGGCCTGTCTGTCGGGCCCGCCCTCCCCGCTCACTCCCTCCGCCCTCGTGCTCCTCCCGGGGTGCTTGGCACAGCCTCGGATTCCTCCCTCTCGCTGCTCGAGTCAGTTTCCCTATCGGCGGCAGCGGGCAAGGCGGCGGCGGCGGCGGCGGCAGCCGCGGTGGCGGCGTGGGGAACATCTCGGCAGCCACCGCGCTTCTCCCGCTGGAGCGGGCGTCCAGCTTGGCTGCCCTCGGTCCTTCCCTGCCACGTTTCGGGTCGCCCTGCACCCCCCACCCAGGCTCGCTTCTCTTCGAAGCGGGAAGGGCGCCTTGCAGGATCCTGCCGCCCCTCCAACCGGATCCTGGGTCTAGAGCTCCCCAGAGCGAGGCGCTCGCCAGGACTCCTGCCCCGCCAACCCTGACCGCCGGGGGGTGCCCCCGGGACGTAGCGCCGCGGAGAGGAAGCGGCAAAGGGGACC,7.60191262387,2.926362443006523
1322,ENST00000342166.9,ENSG00000162961.13,DPY30,31865060,32039812,140.55042905970566,708,348.15,501.485,32.453,GTCACTTACGGCCGGAGCTGTTTGTGCTGGGAGCTGGTGGCGCGGTGCAGGGCTCTTAAGAACGAACGGCTTGGGCGCGGACTGGTATCCGGGGACTGTGACTTGCAGGGTCCGCC,4.330891722173779,2.1146641036371463
1323,ENST00000238823.12,ENSG00000119812.18,FAM98A,33583658,33599382,61.49005009643842,2816,2648.4,1014.41,8.62958,ACGCTCCGGACATGCGCAGTGCGGGAGCTGAGGCGCCAGCTGTGGATTTGGAAGTTCCGGGGAAGTCGCGCATGCGCGAGTGTACGCGTTGCCGGCGAAGAGGGGAGCCTGACGACTCGGAAATTTGAATACCACAGTAGC,7.125497428199102,2.8329907316589837
1324,ENST00000263918.8,ENSG00000115808.11,STRN,36843640,36966472,15.57157222456056,8168,6813.96,1385.92,4.58247,GCGGCCGCC,3.3980740134819345,1.7647172762185612
1325,ENST00000233099.5,ENSG00000008869.11,HEATR5B,36968383,37084342,8.220051512402314,6905,6471.04,740.697,2.57887,GGTGGGGCATCCGGGTCTCTTGGTGGCTGCTTCTACCCCCGGAGCTCAGCTGATCTTCCCTTCCAGACTACGAGGTGTGAATTTCAAACTTCCGTA,3.187462536848431,1.6724083856669925
1326,ENST00000233057.8,ENSG00000055332.16,EIF2AK2,37099210,37157065,54.52833070253242,10042,8741.86,2397.37,6.17863,AGCAGACGAGGGCTTGTGCGAGAGGGGGCCGGGCGGCTGCAGGGAAGGCGGAGTCCAAGGGGAAAACGAAACTGAGAACCAGCTCTCCCGAAGCCGCGGGTCTCCGGCCGGCGGCGGCGGCGGCGGCGGCGGCGGCGCAGTTTCTGGAGCAAATTCAGTTTGCCTTCCTGGATTTGTAAATTGTAATGACCTCAAAACTTTAGCAGTTCTTCCATCTGACTCAGGTTTGCTTCTCTGGCGGTCTTCAGAATCAACATCCACACTTCCGTGATTATCTGCGTGCATTTTGGACAAAGCTTCCAACCAGGATACGGGAAGAAGAA,8.8253109026649,3.1416471032939706
1327,ENST00000234170.9,ENSG00000115816.14,CEBPZ,37201612,37231713,30.839124766823574,3463,2781.43,1508.13,12.2161,ACACTCATGCTGAAATTCGCAGGCTAGCTCGCTCCGCCAGGAGCTGGGGCTTAGACCATTTCCGGGAGAAGACACGCCCCGACAGGAATTACGCCACTGGCAGAGCGGAAATAGGCTGAGTTTCACGCGCGTATGCTTTGCCCGCC,2.5244656450768717,1.3359780441885918
1329,ENST00000379066.5,ENSG00000115825.9,PRKD3,37250502,37324808,25.8520830582518,6111,4927.17,1096.26,5.01277,CTTTGTGGTCTACAGCCACACCACCCCAAATGTGCCTGATCTTGTCTGATCTTGGAAGCTAAGCATTGTTGGGCCTAGTTAGGACCTGGATAGGAGAAATCCCTTATGGCTAACTATATGTCAGAAAGCATCAGCTTTTCTCGATGGACCCATTCATCTAATGAAATATGCCTGTACTATTTTAAAAAGCTTTGTATTTCGTCATAGAAAAGTTCATCCCCCCAGAATGAAAATGAGGACATTTGAGAAGGTGATTTAAGGTGTGGACATTTGAGAAGGTGTCCTATCAAATTAGTAAACCAAAGGAAAAGTACTGAATAGATTAATCCAAAACACTTACTGTTTTTTAAACGAAGAGGATTTCACCTTGACAGAAAAACAACTTTTATTCAATATGTATTTCCTGAAATTAAAGAGACAAGTACAGACTGAAAGGAAAATAGATTCGTAAATAAGCTACGTCAACTCTATCCTGCTGAGGATAGCTCAGTGATGTTAAATCCTTTACAAATCCCTGGTTGTCTTCCTACAGACAAGACTGCTTTTTGATGGGACTGATATTAAGAGAAATAGGACCTTTGGGGCATTCAACTCCTTGATAAAACTTAAAAGTATCGGCATGAGTGGCTTAACAGAGGAAATAAAGAAGTTTTCAACTAAATCCAAAAGTGCGGTCATTTTCTTTACTGCTGTTATTTTAAAAACCTCTTCATAACCATTGAAAAAGAATCGACAACTATTTTAAAAGATTAAAGAAAGGCAG,5.157245007900183,2.3666005860231025
1332,ENST00000611976.1,ENSG00000163171.7,CDC42EP3,37641882,37738468,22.77862071445768,5124,4692.26,360.045,1.72877,CGCTGGCGGTGGCCGGGTGACCGGCGGGCGCAGGTGCCACCGCGGCCTGAATTTTACTCTCTCGGGCCGGCAGCTGCGCCACTTGCGCCTCGTCGCGCGTCTGGGGCAGCCGCCACCGGCTTGCCCCAGCTTTAGGCAAATCCTTTTGAAAGACCCTGAGGGAGAAGAAACGCCTCCCTCTGGGTTTGTCCTGGTTGTGGTCAAGACTGGATGATGTAACTGGCTCTCTAGGAAGCCTCACTTGGCCGTAACCTCAGGAAGGTTCTCTTTGACCCCATCTCATTTCGAAGCCACTTCTGAAGCCACTTGAGAAAAATGATGTGACAGTTCCTATCAAAAAGGATTCAGAAACATATACCATCTGTGAAGAAAGTGGCCCTTTCTCCCGCTTGCAAAATAGACATTCTCAAATTCCAAA,13.176200833226908,3.719862544961988
1333,ENST00000378954.8,ENSG00000119787.13,ATL2,38294880,38377285,49.02921128660858,2868,2158.24,673.79,7.03374,AG,6.970574870070344,2.801277641459487
1334,ENST00000449105.7,ENSG00000143889.15,HNRNPLL,38561978,38603586,35.00766688811263,4173,3399.03,214.018,1.41859,GGGGAGGAGGGAAGACCGGAAGCCACGGTTGCGTCCCCATCCTTAGATTCGCTCCTCCGGGCAGGGAGCGGAGACGGAGGAGGAGGAGGGAGAGGCTGAATGTTGGCTCGGTAATTGAGAGGAGCGGCCGCTCCAGAGCTTCCTCCCGGGGCGCCCCCCTCAGTCCGTCCGCGCTTCTCAGCCGCCAGTCTCCTGGCCGCGCAGTCCCCGCGGACGGCCGGGCCGCGGAGACCCTCGCAGAAGAGGCGCTGCCGGCGGCGAGGACTGGCCGGCGGCATCCGAGGCGCGCGCCCCACCGCCACCCCCACCCGCCTGCCAGCCGGTCCCTCCGGCCGCCGCC,24.677790544211245,4.625141327559446
1335,ENST00000313117.10,ENSG00000115875.18,SRSF7,38743599,38751494,178.62928311425227,2489,2079.73,1210.0,13.1081,AGTCTCTTCAGTTCCTTCCGCGTCGTTTCTTGGCTGTTTCCGCCCAGCTCCTTTGTGCCGCGCAGAACAACGAGATGACGCATGCGCAAAGCGCAGCGGCCGCATATATAAACGCGAACCCGGGCTCTTCCTCGTAGTGCCGCCGGGACTCTTGGCGGGTGAAGGTGTGTGTCAGCTTTTGCGTCACTCGAGCCCTGGGCGCTGCTTGCTAAAGAGCCGAGCACGCGGGTCTGTCATC,13.627397038033909,3.768438114921583
1338,ENST00000457308.5,ENSG00000163214.20,DHX57,38797729,38875934,12.31438435613888,4859,4713.83,573.076,2.73905,AGCTGGGCCACCGCAGGGCTGCTCCAAGTGAGAATCGTGAGGGTGGCCAAGTCCAGTTTGGACCTCTGACCCTTGGGCAGCACCTCCCGACAGCCGGCTCGGGACCCAACTCTGCGAGCCAGGTGAAA,4.495859643357689,2.1685969966369996
1339,ENST00000395038.6,ENSG00000115904.12,SOS1,38981396,39124345,5.755503658525066,4123,3473.6,536.296,3.47845,CCCCGCCCAGAGGCGCCCCGGGGGCACC,1.6546173320085285,0.726497599480564
1340,ENST00000263881.7,ENSG00000011566.14,MAP4K3,39249266,39437312,7.942635035448941,4362,3582.95,234.028,1.47159,AAGGGGAGGGGGAGGAGCGGCGAAAGCGGAAGCCATGTTGGAGTTTCACCCCGAGCGAGGGGCTGCGAGGGTTCTCCTCTCCTTGTGGGTGTGACCAGGTTCGGCGCGGCGGCGGGCCGCGGGGGGCGGGGACGATTGGCCGCTTGTCGTCGTCCGCAGCGGCGTGAGGGGAGCGGCGGCGGCGGCGGCGGCCGCAGCGTGGAGCCGGGTGATTGTGACCGCCGGGGGAGCCGGGAGCCGGCCGCGGCGCCCTCTCTCCGTGTGGCCCCCTGAGCGGCCCCCCTCCCCTGCCCGGGAGGGAGGCGGGGGGCACCTGGGGCCCGCC,5.397315173009426,2.4322419350892317
1341,ENST00000505747.5,ENSG00000138050.14,THUMPD2,39736060,39779267,29.94691401094657,1970,1333.58,339.803,5.74078,GAAGGCGCGAGGGCGCGCCTGAGCCGCC,5.216523540520029,2.3830886685353483
1342,ENST00000282388.3,ENSG00000152518.7,ZFP36L2,43222402,43226609,47.73618889428097,3696,4104.44,751.0,4.12238,GCCGAGTTCCAGCAGTCCGCGAGCTGCCGTCGGCTCCGCGGGGGGGGCGGGCCGGGCACCCCGGGGCGCGGAGGAGCGCTCCTCGCTTCTCTCCTTCCCCCCTGCCGCACTCCGCCGGACCCTCCCGCCGGCCCGCGCCGCTGCACTCGCCCTCTCCTCTCGCCCCCCGGCAAACTTTCGGCCCCTCCCCGCCCCTCGCCCGTTATTCGTCGTGGCTCAAGCCCGGCCACGCCGCCCCAAGGGCTCCTCCCGACCTCCCGGCCTGCCGCTCCGGCCACTGCGGGATCCAGAAAC,11.579764333778297,3.5335339874244394
1343,ENST00000405975.6,ENSG00000115970.18,THADA,43230836,43596046,14.714659582528071,6114,5938.3,307.733,1.16754,GACCCGGTAGTCGACCGTGGACCGCGCTGCGAGCCTCGGAGACGCCGTAGAAGGAGACCTGCTTCCGGGACTGGACCAGGCGCCTGCGACTCTTCTCAGACGCCGACGTGCACGAGTGACTACTATTAATTCTATTTAAA,12.603131012666008,3.6557102837955373
1344,ENST00000260665.11,ENSG00000138095.18,LRPPRC,43886508,43996005,114.2410892413964,6335,5619.61,3029.19,12.1446,ACATGCTCCTCCTGTCCTTCTGGCGGAGCGTGCTTCCCGCTGCGGGGACGTTCGAGCA,9.406739558437197,3.2336947614268716
1345,ENST00000263736.4,ENSG00000068784.12,SRBD1,45388680,45612165,9.368098119992773,3681,3105.05,500.992,3.63517,GGGAACCGGAAGGTGCGGTGGCACTCACGGAATCTCGGGTCTTCTGACGTGCCGGGCGGGAAG,2.577072907179794,1.3657333526181274
1346,ENST00000281382.10,ENSG00000151665.12,PIGF,46580937,46617119,46.585571959494544,1372,1054.46,103.561,2.21274,TTTTGCCCGCCCCTCCCTTTCTGCGACTGGCTGTTAGGCGTGGGTCTCCGCCCCACAGCCCTGCGCCTGCGCGTGGGCCTGGGCCGCCCGTCGTACCTGATGGTAGGAGGCAGTAGTTCCCCGCTTCCCTTCCGCGGGAGGGAGAGTTAGCTAGCCATCCAAGAAAACACC,21.053341992052633,4.395977358709297
1349,ENST00000319466.8,ENSG00000180398.11,MCFD2,46901870,46941855,119.70224216386474,4182,4385.2,1239.89,6.37022,AATGGGCGGGCGGCAGGGAGCGCGCGTGCGCAGGGCAGGTCGGGGGGGGGGGGGGGGCGGGGCGAAGCCGAGGAAGAGCGTTTTGGGGACGGGGGCTGGTGAGGCTCACGTTGGAGGGCTTCGCGTCTGCTTCGGAGACCGTAAGGATATTG,18.790911799571248,4.2319631678616245
1350,ENST00000272298.11,ENSG00000143933.16,CALM2,47045538,47176601,83.78447444917286,1302,849.448,3099.84,82.2176,CTCGTTTGCGATGTTCCGTTATCTGGATGCGGCGGAGGGATCTGGCGGAGGGAGGTGTTTATGAGGCGCTGGGGGCGGAGGAGGCGAATTAGTCCGAGTGGAGAGAGCGAGCTGAGTGGTTGTGTGGTCGCGTCTCGGAAACCGGTAGCGCTTGCAGC,1.0190576524877015,0.027235673294967632
1351,ENST00000263634.7,ENSG00000115239.21,ASB3,53532672,53860160,48.153291046181295,2214,1746.32,276.621,3.56881,GTCTCTCGTTTTCGGACGGCTGCAGCATCGCGGTGGGGATCGAAAGCGGGGGCTTCTGGGACGCAGCTCTGGAGACGCGGCCTCGGACCAGCCATTTCGGTGTAGAAGTGGCAGCACGGCAGACTGGTCAAACAA,13.492814424466781,3.7541194018631763
1352,ENST00000404125.5,ENSG00000068878.14,PSME4,53864067,53970840,18.41835513635383,7099,6317.78,1912.82,6.82135,GGTGGGGGCCGGGGAGGGTTCGGGTGGGAGGGGGTGGGGGGGGTGTCCCTGGGCTC,2.7001041049577914,1.4330150327616291
1354,ENST00000317610.11,ENSG00000115310.17,RTN4,54972187,55112621,256.9115393018925,2333,2564.6,833.603,7.32322,GCTGGCCTCACTCCTAGCTCATCTGGGCGGCGGCGGCAAGTGGGGACAGGGCGGGTGGCGCATCACCGGCGCGGAGGCAGGAGGAGCAGTCTCATTGTTCCGGGAGCCGTCACCACAGTAGGTCCCTCGGCTCAGTCGGCCCAGCCCCTCTCAGTCCTCCCCAACCCCCACAACCGCCCGCGGCTCTGAGACGCGGCCCCGGCGGCGGCGGCAGCAGCTGCAGCATCATCTCCACCCTCCAGCC,35.08177267675865,5.13264974367783
1355,ENST00000263629.8,ENSG00000085760.14,MTIF2,55236595,55269347,66.8951958205648,2528,2090.57,523.766,5.64463,GGACTGACCTACCGACCATTCTTCCGGGTCCAGAAGGTGATCTCCGCCCGTGCTCAGAATCCAGGGGCCCGGGGCTGTAGATTCCTTGACAAGGATATCCTAGCGGCGAAACAACACCGTACTGGGAGTCAGAACGTCTGGGTTCTAGTCTTGACTGCCATTAACTAGCGGTATGACATTGGAGAAGCTTTTTTGACCCTTCTGGATTTCCGTTTCCTTTTCTGTAAAATGAGGAGCTTGGAAGATCCGGAAAATGAGGCCCATAGGAAACAAGTGACTTGCTGAGTCCAGATAACACTGACTGTCAGAGAGAAAC,11.851121476618449,3.566951683310467
1358,ENST00000263630.12,ENSG00000115355.15,CCDC88A,55287842,55419921,1.843557951885585,9667,7472.23,491.619,1.48231,GTTACTCCGGCTTCTCCATAGAGGGCGGAGAAGGCTGGAGCGCGGCGGTGATTTTGTGCCAGGGATTCCCAGAGACGCGCTGAAAGGCTGGCAGGGCTTAGGAAGCTGGGGGGTTAGGGACACACATTCAAGCCCCCACCCCCGGGAGGGGAAGGGGGCTGGAGGCGAGGCTTGAGGGCGGCGGAGGAATGGTGTCTGCTCGGGGGGAAGGGGCGAGCCCTGCCTGTTGGTACTGAGGGGCTGCGGGCAGTGGAGGCTCCGCGGGTCGAAAGCGGCTCCATGCCCATCGGTGGGTGGAACGTGTAGAGGTCGGAACGCCGAGGTCGAGTCTGGTGGCGCCTCGGTATCCTTAACGTGGTCTCTGTTTAACGTATTTCATTTAGCCCCCGTTGGGATTGATTCATTGGGAGCAGTTTCGCTGGTCTGGATCCTCCAGGAGCTGGACAACCTTGACGGGCTTTTTGTCTTGGGTTCCAGCCCCCTTTCCCTTCCTCCTCCTCCAGATGCCTTTTCTCTGCCCCTCCTCGCCCGGTACAGACATTTCCAGCGCAGGCTGCTGCTCGTGGTGTCCGTCGTCGAAGCCACTTCTTGGGATTTCGGCTCGTTTCACTCTGGGGTGTTTTTTGAGGAGGGAGAGTGCCCCCCTCCTCCACGATGGGATTTTTCTCCCTTGCCGAAATGGACTTTCATTGATTTCTACTTACTTCCACGTTTAGTGACCAATTCCCTAGGCGTATTTTTGTGGTAGTTCCTTTTTTCAAATACATACTCTGTAAA,1.2437060749003817,0.31464557358196765
1359,ENST00000616407.1,ENSG00000275052.4,PPP4R3B,55547292,55618880,9.143256126870003,4385,3630.94,502.202,3.11617,GGCGGATCTGTAGTAGTTACCGCGGCGGCGGGAGAGCAAGCGAGCCCTGGGGGGCAAAGAGACGGGAGAGTGGGTGTATGCGCGGGTGAAGTGAGAGGTAACGGGGCCTCCGGGCGGAGAGGCCTCAGTGGCTCTTGTCACCCCTTCTCGCGGCTGAACCTTTGGAGCCATGGTGAATTCGGGCCTCTCCGAAGCCGCCGCCGCCGCCACCGCCACTACTGCCTTTACCGTCTCCTAAGAGTGAGGAGCGCGGACGAGGTAAGCGAGGAGGCGGCGGCTAGAGCGGTGGAGACAGCAGCCACC,2.9341326458023804,1.5529340936137463
1360,ENST00000447944.6,ENSG00000138035.14,PNPT1,55634265,55693910,48.8397381394393,4411,3635.14,535.298,3.31769,GGAAACGAAACTCCATCAGGCTCCGCCCCACGGTCTGCGGAGTGAGCCAATCAGGGCACAGCCTGCGTTGACCGCGTGCCGGGTGTC,14.721007128284832,3.879804470716977
1362,ENST00000402135.7,ENSG00000115392.11,FANCL,58159243,58241372,64.17747848921194,1698,1185.09,181.543,3.45136,GTCTAGAGCTTTTCTGTGTTTCTCCGGACTTCGAGCC,18.59483753917642,4.216830238242028
1363,ENST00000398571.6,ENSG00000115464.14,USP34,61187463,61470769,6.02122760131105,11357,9618.27,1987.7,4.65603,TCTCTCCCCTCCCCCCCGCCGGTCGGGATCAGTCAGTGTGATCCGAAGCGGGGGAGGGGGGGGGCGGCGGCCGAACG,1.2932106539930048,0.37095729813150735
1364,ENST00000401558.6,ENSG00000082898.16,XPO1,61477849,61538626,205.117073679234,4915,4245.43,2340.76,12.4222,CAACCGGTTCCGAGTTTGAGGCACTAGGAGGAGGGGGAGAAGCGGCTGCAGCGGCCGCGGCAGGAGCAGCGGGAGCTACAGCATCAGCAAGAGCAACAGTAGCTACAGCCCCGGCGGCGGTGCCTGTTCCAGTCTTTGCTGCTGCAGTCCGTGCAACCACCCAGAGGGGGAGGGGGGAACCACCAGTCGCTGAGGAACAAGAGAAGGGGGGAAAGTTTAGGCGAGCCTTGGGGGGGGGGGGGCCAGCGCCGGAGCCGCGTGAGAGAGGGAGCCGTGTTTTGGTAGGGGGGAGTCGGACTGCAACTGGCAGCAGAGCGTCTCCCCGGCCGTGTGGACTCTACACCCCCTACTCCTGCCGCTTCTGCTGCTGCCTGTGGCTGGAGGGTCCCCCTGGGGCTGAATCTTTGGGACTTGACCCCGTTCCCTCCCCCTTCCCTCACTCCCCAGCCGGGCGGGAGCATTTATTCCCCAGATTAATTCCCCTTTTGGGGGGGGGCGGGTGTGTGTGTGTGTGTGTGTGTGTGTGTGTGTTGGGGGAAGCGTCCCTGAAATAGTAAATATTATTGAGCTCTTTTTGCCCTTTTCCTGTCCGTTTTTTTAATTTCCTTTTTTGAGGTGGGAAAACTGAAACCCACCTTGATTCGTCCCCTCTCCCCCCTCCCCACCTTCCCTCGCCCTAATCCCCCAACGAGGAAGGAAGGAGCAGTTGGTTCAATCTCTGGTAATCT,16.512137437751285,4.045454978993787
1365,ENST00000404929.5,ENSG00000170264.12,FAM161A,61824854,61854143,12.5842355010267,3762,3319.19,196.009,1.33047,GGAGGCGGGGCG,9.458488730318384,3.2416096893311375
1366,ENST00000394440.7,ENSG00000115484.14,CCT4,61868089,61888804,613.8803646105204,2520,2283.32,3723.37,36.7393,GCGTAAAGGTTCCCCCGGCGCTCTTCACCCACAGCGCCCCGGGCGTACAATCTCGCCAGCCCGGAGCCCACCGCACGCATCCTCCTCGCCCGGCGCGCAGCGGACAGCCTCCTACGTCACGCCAGCGCCGCGCGGCAAGGAAGGCCCCCTTCTCCGCCTCCGCCTCCTCCCGACGCCGGCGCCGCTTTCTGGAAGGTTCGTGAAGGCAGTGAGGGCTTACCGTTATTACACTGCGGCCGGCCAGAATCCGGGTCCATCCGTCCTTCCCGAGCCAACCCAGACACAGCGGAGTTTGCC,16.709092568734853,4.062561481061217
1367,ENST00000409558.8,ENSG00000143952.19,VPS54,63892146,64019072,2.6668264108895,4337,3214.15,187.505,1.31434,GGGAACCCGGGCTCGGGCCCGGCCGGGCGCCGGGCGGCGGCGGCCGTGGAGCAGCAGCCTCGGTGCGACGTGGAGGGCTGGAGGCGGCGGCGATGCACTAGGCCTCGCTCAGGGCGGCTGCCCCGGGACCCGCAGTTGAGTGGTGATTTTATGCA,2.029023244281921,1.0207853925554748
1369,ENST00000358912.4,ENSG00000197329.11,PELI1,64092652,64144454,9.1102920597799,3750,3265.06,398.465,2.74954,GGCTAGACCCCTCCCCTCCTTGCGAGTGTATGTCAGTGACCCAGAGGCGGTGTGAGGCGGAGGGACCGTCGGGGGGCGCCGCCGCCGCCTCCACTAGCAGCAGCGGCAGCAGCCCTAGTCCCGCGGTGCGGTCGAATTGGTCCCCAGCCCTCCGGGAGCGCACCACAAAGCAGCCCCAACGCCTCTCCCTGCGTCCGCGGCTCCTCAGCGCTCGGCTCCGTGGTCAACTTCCCCTCGCTGGGCTCGGCTGGCGGGCGCGGAGGGCAGCGGCGGAACGGCGGGCTGTCTGCTCGCGCTCCCCGCGCACAACACTTCACCCTCTCGCCTCGGGTCTCGGGGGCCGCTCTGGGATCCCGGCCACCAGCAATTGTCCGGAAATAATGCAAAAGGTGTCCCAAGGCTCCTGACCAGTGAACAAAGATTTGAGAAAGACAGCCAAGCTC,3.313387715683314,1.7283070300913863
1370,ENST00000313349.3,ENSG00000179833.4,SERTAD2,64631621,64751005,15.591246025525416,5549,5473.36,497.442,2.04763,ACTCCTGCACGGCGAGTGCTGGAGCACGACGTACCGCTCGCTCGGTCAGGGCGCCCCCTCCGCCCGCCTCCTGCTTCCTCCTCCGCTGCCTGCCGCCGCCGCCTCCACCATTGTATAATGCTCGGGGCGCGCAGGCAGAGAACGGCGGAGTCTTAGCTTCAGCCTCGCCTGCTGCCCGCTCCCCGGCGCCACCCTCGGGCCCCTGGAGCGGGGCACTCCGCATGGAGCGGGAGTAGCTGAGGAGTGGGCGGAAACCCCTCCTGATGCGTTAGTTCCCAGGTGGAGCTGCATGTGATAT,7.614288726735503,2.928709276589417
1371,ENST00000409784.7,ENSG00000138069.16,RAB1A,65070701,65130106,197.2246469342284,2447,1768.52,1025.73,13.0673,ATTTTGGGTGGAAGCGATAGCTGAGTGGCGGCGGCTGCTGATTGTGTTCTAGGGGACGGAGTAGGGGAAGACGTTTGCTCTCCCGGAACAGCCTATCTCATTCCTTTCTTTCGATTACCCGTGGCGCGGAGAGTCAGGGCGGCGGCTGCGGCAGCAAGGGCGGCGGTGGCGGCGGCGGCAGCTGCAGTGAC,15.092991431606254,3.915806871317031
1372,ENST00000356388.8,ENSG00000198369.9,SPRED2,65310851,65432637,5.535422231634952,4097,4691.36,661.987,3.17916,TGCACCCCTTCCCCCAAACCCTATCCCGCGCCCTGCTTCCCCTTCTGCTGCGGCGCCCTCTTCATCTCTAGCCGCCCCCCCTCCCCAAATCAGGCGATCTCCGGAGATGTGAAGAAGGGGGGCGAGCGGACAGGAAGATGAAGGGAGCAAAGCTGCCCGCCGCGGGACAGGCGTCTAGGTGAACAAGAAA,1.7411587437042966,0.8000477413661967
1373,ENST00000295121.10,ENSG00000243667.6,WDR92,68122936,68261230,24.29129492123469,2626,2493.14,154.949,1.40025,GGGGCAGAATACGGAAAGCGGGAGGGACAAATTGCCAATGTTTGGAGTCTGGTTTCCAGGTTGCCGTTTTTGGGGGCTCTGGGTGTGGCGGTTGCCGTAGCTGAAATTGGCTGCACC,17.34782711746809,4.116683065865632
1374,ENST00000234310.7,ENSG00000221823.10,PPP3R1,68122936,68261230,192.92795793381185,3023,2480.9,1059.45,9.62126,TGCCTTGAGGTTGCGGGTCAGCGCGAGCCGCTGCAGTGAGTCCGTCACGGCTCCGGCGCGAGCGCGAGGCTGCAGCCCCCGAGTTTCCCGGCCGTCTTCGCCCCCTCTCCCCCTCCTTTCTTCTTCTCTGCCTCTCCTGCCTCTCGCCGCTGCTCCTCCCGCGCTCTCCGGCTCTGAATCTCGACCTTAATTTATTTCCCCCTACCCTGCCCGCTCCCTCGCGTGCCCAATCGCCCGGCCGGCGCGGGCCCCGCGGCGCCGCCTCCCCTCCCCCACGCGCGCCCCCTCCCCGCCGGCGACCCGAGGGCCGCAGCTGGGCCGCCGCCGCCGTTTCCTGCGAGCCAGCCTGAGCGCAACACTTCTCCGAGCCAGCGAGCCAGCGAGCCGCCGACCCGCCGAGCAAA,20.05225489528522,4.325692573130165
1375,ENST00000361060.5,ENSG00000198380.12,GFPT1,69319769,69387254,44.63065875884104,8632,7330.45,1061.17,3.26148,TGGCGGAGCCCGGGAGGCGGAGAAGGCTGTCGTTGCCTTGGCCGTCGCATCCCCGAGGGAGTCGTGTCGGCGCCACCCCGGCCCCCGAGCCCGCAGATTGCCCACCGAAGCTCGTGTGTGCACCCCCGATCCCGCCAGCCACTCGCCCCTGGCCTCGCGGGCCGTGTCTCCGGCATC,13.684173675399215,3.774436414471725
1376,ENST00000410022.6,ENSG00000169599.12,NFU1,69395750,69437628,46.91228936467559,1467,1118.58,188.886,3.80449,GGGAAAGGTTCCCCGGCCTCTCTTGGTCAGGGTGACGCAGTAGCCTGCAAACCTCGGCGCGTAGGCCACCGCACTTATCCGCAGCAGGACCGCCCGCAGCCGGTAGGGTGGGCTCTTCCCAGTGCCCGCCCAGCTACCGGCCAGCCTGCGGCTGCGCAGATCTTTCGTGGTTCTGTCAGGGAGACCCTTAGGCACTCCGGACTAAG,12.330769528813478,3.62419093199715
1377,ENST00000264434.6,ENSG00000115998.7,C2orf42,70149880,70248660,5.928492705028937,2581,2482.49,124.723,1.13194,ACTTGCCGCGCGTGGGCGGCTCTGACCAATAACGATTGTCGTTACAGCGAACAGTTTGGCCCCGTTTGTAAAAGGCCGCGGCAGGCGAAGAGAGAAGAGACTATCAAGATCTCCACTTAGGGAAGTGGGAATCTTATTTGCGGAACATTGGGCAGAAGCTTTGCCATTGGCTGGTGGAGAAGGAGGAGGCAGAATGTCTGCATTGTTACACCATACAGCTCAAACTTCAGAAGATTTTGGGTTAAGCAGTTATCATTAGTCTGCAAATGATCGTGTTTTCACCTGATCATTAGAAACTAATGAAACACCTTTTAAGTCTTATGAATTCAGGTTACACTGTTTTCCAGATGCCTTGGCAGCTGGTACAGGGCCTCTGAAAA,5.237461972391591,2.388867863882875
1380,ENST00000415783.6,ENSG00000116001.15,TIA1,70149880,70248660,13.857121872188962,4633,3487.92,350.856,2.26634,AACTTTGCTGGCTGCTCCTAGGCTCCCGGCTCGCCGCCATCTTGTATTGGGGTTTCATTGTTCCCGCTGGGCCGGGCGGTTTAGTGTAATTGCCGCCGGAGGAGGAGGCGGAGTAACCTCTGGTCAGCCGAGAAACCCCACTATCCTGTAGCCATAACCGCTTAAACGATTTGGGAGGTAGTGAAGGGCAGGGAGCTGGACCTGGAGGCGCCGCCGCGACAGCAGCAGCC,6.114317301106172,2.6121914224987193
1381,ENST00000037869.7,ENSG00000035141.7,FAM136A,70295975,70302090,28.363165247484496,1810,1728.52,1345.23,17.5341,GGGCGGTGAGGGGGCGGGCCCGTACGCCGATTCCATATGGGCGCCGGCGCGGAGCGCCGCGGGGCAGCGCGGGGTCGCC,1.6176002901480258,0.6938551611289612
1382,ENST00000264436.8,ENSG00000075340.22,ADD2,70607618,70768225,14.103747024053952,9267,10925.8,935.174,1.92843,GGGAAATGGCTTTAATTCTGACGGCAGGGCTGTGAGGGACTAGCGGGAACCCGAGCCTTTTGTCAAGGAACTGCGGCGTCGGTGGCCAGTCATCCCCGCCGCCGCGGAGCCGCTGCACTGCTGGGGGATCTCCCAGCAGCTCTGACGAGCGCGGGCTGCAGCATGGGCAGAAAACGCTGCCCTGCAGATTAGCTGGGTGGATTTTTTAAGCGCACCCCACCCCCCAAACCCATAAAATAACAAAACCAACCCGCAGTGGCCGACCGGAGATAGCTAAGATGCCGCGCAGGAGTTTCCACCTGGATGTTTGAGGTTGTGTAGATGTGGCCGGCACCCTTGAGAGTGGAGCTAGGGGGTGCAGACTGAGCAGTGAACAGAAGGAGCCTTGGACAGGGCTGGGCCAGCCTCCCGAGTTCCAGGAGCGAATTGCAAACCCACCGGGAAA,7.313590342430864,2.87057981898235
1383,ENST00000272438.8,ENSG00000144043.11,TEX261,70939318,70995336,39.74037139787564,3441,4154.05,1730.22,9.3841,GCGGCGCTAGCGCGAGCCTGGCCCCGGGCAGCGCTAGGGCCGGGCTCCTCTCGGCGGCGGCGCACCGTCGTCCTGTCGTCCGCGGGGCGGGGACGCGGCGGCGGCGGCGGCGGTGGCGGCTGTGTGTCGCCGGAGCCGAAGCGCGCAGGCCCGTCCCGGTGGCCGGGGAGCGGGCGGGTGGGGGCGCC,4.234862309425053,2.082315063125607
1385,ENST00000244217.5,ENSG00000124370.10,MCEE,71109684,71130239,14.120925262502066,835,482.412,38.0606,1.77754,GGCGGGTTGCTTTCCAAA,7.944082981256155,2.9898806928589203
1386,ENST00000272427.10,ENSG00000144036.15,EXOC6B,72175984,72826041,11.969787759066694,5918,5790.82,575.246,2.23808,AGGGAGGGGTCGGCCTGCGGGTAGCCAGAGGCTGGGGCGGCTGTGGAGCCTGTGGTGGGAGCGGCATTGTGGGGCAGGGAAAAGGTGAGCCGAGCCGACGGAGGGGACGCGCTGCGGGGCGCCCCCAGTCT,5.348239454830343,2.419064060151264
1387,ENST00000272424.9,ENSG00000144034.14,TPRKB,73729104,73737400,243.57109787320783,748,346.709,306.5,19.9171,AAGACGGGGATTGGCCATCGCTTCCGGAAGTTGTGAGCTTTGTTTCGGAGCGGGAGCTCTTCCGAGACGCACTGGGGGCCGGATGTAGAATCCTGCTTATCTGTGAA,12.229245114660658,3.612263446998959
1388,ENST00000272444.7,ENSG00000144048.10,DUSP11,73762184,73780157,31.581424971537043,1653,1343.88,453.093,7.59605,AGTAAGCCAGCGTGGCTACGCCATCACGACCGGCGGTGGCAC,4.157611518030692,2.055754960891289
1389,ENST00000327428.9,ENSG00000163170.11,BOLA3,74135398,74147994,20.919515675865867,639,346.659,310.462,20.1776,GGAGGCTGACGGCCTCCGGGCGGCAGGGGGCGGCCTCTCCCACGGCGGCGGCTCTCGGTCCCCCGCTCCGCGTCTTTCGGGCATACAGTGACCTCGGGCGGCGGGTCACGTCGGCCGGGC,1.0367692726521422,0.05209486595739012
1390,ENST00000396049.4,ENSG00000114978.17,MOB1A,74152528,74178898,140.1150452716929,4885,3833.17,2579.32,15.1603,GCGAGGTGGGGTAGGCGGGCAAGGCGGGCGCCGAGGTTTGCAAAGGCTCGCAGCGGCCAGAAACCCGGCTCCGAGCGGCGGCGGCCCGGCTTCCGCTGCCCGTGAGCTAAGGACGGTCCGCTCCCTCTAGCCAGCTCCGAATCCTGATCCAGGCGGGGGCCAGGGGCCCCTCGCCTCCCCTCTGAGGACCGAAG,9.242234340461133,3.2082416700643934
1391,ENST00000409240.5,ENSG00000204843.12,DCTN1,74211604,74392087,25.952082429491437,4365,5875.17,2439.5,9.35497,ACAGTGCGCGTGCGCTTATCCTGTCCCAGGTGTCCAGCTTTGTGCCTGATTGATGTAATCCCGGCTGCGGTCGGTGCGCAGTTTTCAGTCAGGGCTGGACTGCGGGAAAAGAGGGTTCACTCGACCCAGAACGCCTCTGGGCCTCTGGGCCGAAGGGTTCTGGGCGGTCCTGGAAGGGTCTGGCGGCGAGTCGGGCAGCCCACGAGGGCGGGGAGGGCGGGGCCGGCCCCGCAGGGTCTTGGGCGTCGGTCGTCGGTGGGGTCGGAGCTGGGCGCGGAGCCCCTCACAGTGCAGACGCCCAGCGGCAGCAGG,2.7741491880242735,1.4720453749128808
1392,ENST00000272430.9,ENSG00000114993.15,RTKN,74425836,74442422,17.461624856988895,2142,3085.04,377.664,2.75808,CGAGAGACAGAAGCCGAGGAGAGGAGGCTAAGCCGGGCGGCGCGGGGAGCGCACTGAGCAGGCAAAGTCGCAGGGCCGCCAGC,6.3310799023193285,2.662451603419889
1393,ENST00000233616.8,ENSG00000115275.11,MOGS,74461057,74465410,31.53800682377216,2895,4138.51,214.477,1.16761,ACTTCCGGCGGGAGGCGGAGGCGGAGGCGCAGGCGCTGGCTGGCAGGTGTCGCTAACCGGACGGTGGTCGCCAGGGCGAGAGGCGGGAGCCGGAGAGGTGAGGCAGGACCCGGGCTCCACTGCCGCCTCTCCGAGCTCTTGTGACGCGGACCTCAGTGCCAGG,27.01073716718096,4.755461108778068
1394,ENST00000377526.3,ENSG00000115307.16,AUP1,74526645,74529939,79.03797634129067,1695,2140.72,842.609,8.86805,ACAGTAGGACGCGGGGCACGCCGGTACCTGAAGTCCTTCAGAAGTGCACGCCGGGACCAGGATTCCGGGAGGCCGACTCCTCCCTGCCCCACGAATGCCGGGAATTGTGGTCTCCGCCGGACGCGAGTTGTGAGACGGCCCAAGGGGCCGCGGGGTATGCTGGGACCGCTAGCCCTTCCGGCGCGCCTCAGGACTTCGGGTCCCCTCACCCCGGGCGGATGCCCAAAGACTCCGCCTTCCCAAGAGCCCCTGCGGCCGGGCGCGAAAATGGCGGCGGCGGCGACGGCCGGGCGCTCCTGAAGCAGCAGTT,8.912666972027749,3.155857199602522
1395,ENST00000321027.7,ENSG00000005436.13,GCFC2,75652000,75710989,16.82500623210023,4440,3218.88,343.712,2.40576,GAGCAGAAGGCAGGCGGGACGGGCGCGCGCACTCGGCGGCCAGGCGCGGCGGGAGCGCGCCCTAGGGGGCGGGCACTGAAGCTGCGGCTTGCGGTTCAGCGGGTTCTAGGGCGCCGGGCGCTCGGGCCTCGGCC,6.993634540477949,2.8060424085012032
1397,ENST00000393868.6,ENSG00000163541.11,SUCLG1,84423523,84460045,108.47389200491276,1475,1286.02,1009.45,17.6849,ATGTTAATCAAACCCACATTTCTAGGAAGGAGCCGAGTTATTATCTGCCTCTCCGATAGGATGCCTCTTTGTCTTCACCTGCCATTCCCGCTGTTTCGTGAAGAATCCTCTGTAAAGGGAAATTTGTTCAGGCGACTGCTGTGGCCACCCTCTGCCTCCTCCGGCCTCTGCCCCTGGGAGGTCCCCGGGGGCCTGGGAGTGTCATTGGCGT,6.133701180380593,2.6167578835785066
1398,ENST00000398263.6,ENSG00000152291.13,TGOLN2,85318020,85328425,19.40421185445216,6138,7066.34,770.995,2.45821,GTAAGGTCTCGGAAGTACGAGGCGGAGGGGACGAAAAACGGGGGGCCAGACTGTTGTGGCTGTGGTGGAGACGAGAAACCAGGAAGAAGAGGCTCGCCTCCCACTCGGCGACAGTAAGCGAAGCAGCCGAAGGCGAGCGCCGACATCAGCAGCTGCCCCCTAAATCCCGCCCTTCGTCTTGGCGGCAGCGGGAGACTGAGAGACGCGCGCAGCAGGGGCGGGACTGGAGAGGGGCCCCGCGCGCGGATCTCGCGAGAGCATTAGAGGGCGGAAGCGCTATCCGAGCAGG,7.893634740096315,2.9806897633603047
1399,ENST00000295802.8,ENSG00000042445.13,RETSAT,85342088,85354620,21.048815629477247,3100,3829.69,330.899,1.94668,TCAAAGCTGCCTCCGCCTCCTGACTGGAGAGCGAACTAGCCCGGGCGGAGCCACAGTCCTAGAGGCTGAGCGCAGTCGGAGCTGTCCCATTTACCCGACCCGACGCCGGCGTG,10.812673695459576,3.434651403365317
1400,ENST00000233838.8,ENSG00000115486.11,GGCX,85544723,85561547,30.031080753424387,7569,8345.54,451.893,1.21995,CGGAGCCTAGGGAAGCAAATTCTCCTGGCGGCCTCCGTTCAGACGCGGCAGCTGTGACCCACCTGCCTCCTCCGCAGAGCA,24.61664884087412,4.621562470449765
1401,ENST00000306336.5,ENSG00000168887.10,C2orf68,85606654,85612066,13.770917181429336,2837,3057.47,376.486,2.77427,GTTGGGGCCGTCGAGGCGGCGGCGACTCTGCGTCCCCGGCTCCTG,4.963798470022505,2.311444543308482
1402,ENST00000263857.10,ENSG00000068654.15,POLR1A,86020216,86106155,19.870611679298413,12749,16367.8,1234.99,1.69994,ATTGGCTGAAGCGGAAGAAGACGAAAGCAATCATAAAATGGGAGGTTGCAAGCTCATGGTTTGAAAGACTTCGTCACGGAAGCTAAAAGCTCTATACACCCGATTTGCCTCGGAGGAATTTTCCTAAATGATTATTTTGATGTCTTATATATCTTTGATTGTTTTCAAAACAAAAGAGCGAGCAGAGAGTCGTACAACTATTTGTTCCCCCCCCATGTAGAAGTGATCTCATCCACGTAAATGTCGTTCCTGCGACCGCTTCCGCGCGCAAGCGCACGTTGAATCGCGTGGTGACTCCGGGCTTGAGGTTGAATTAAGAATAGTCAGGTGGTGAGTGGAACGTCTCTTGGGGTGTCGGAATTCAAAACGGACCTGGAGG,11.689007658681138,3.5470805519880826
1403,ENST00000254636.9,ENSG00000132305.20,IMMT,86143932,86195770,40.017032864269126,2613,2427.69,292.204,2.71178,AGTGCTGAAGGTCGACGGGCGAGAACTACAGTTCCCGTCAGGACGAGCGGAGCGGCGGCTTGTTGCATCCTTAATAAGGAGAGTTGTCTCTGTGGGAAGTTTGTCCTCCGTCCATTGCGACCATGCCGCAGATACTCTACTTCAGGCAGCTCTGGGTTGACTACTGGCAAAATTGCTGGAGCTGGCCTTTTGTTTGTTGGTGGAGGTATTGGTGGCACTATCCTATATGCCAAATGGGATTCCCATTTCCGGGAAAGTGTAGAGAAAACCATACCTTACTCAGACAAACTCTTCGAG,14.7567401722371,3.883302153903622
1406,ENST00000165698.9,ENSG00000068615.17,REEP1,86213993,86338083,15.391064059134532,3857,3618.11,209.134,1.30228,AACGCCGGGCAGGGCGGCGGGCGCGCTCAGTCTGGCGGCGGCTGCCGTGAGCTGACTGACGTTCCGGGAACGCCGCAGCAGCCCGCGCCGCCCGCAGCCTAGCCGAGCCGCGCCGCCCGGGCCTCGCCCGCCCGCCTGCCCGCC,11.818552123302617,3.562981398382771
1407,ENST00000263856.8,ENSG00000115561.15,CHMP3,86503431,86721122,36.45674595937702,3171,3039.63,906.947,6.72239,TGCCGCCGCTCCCTACTCTGGGGGTTGGGACTACCTCCTTTTCCGCGGGCCCCGCCCAGGCGGCTGCCCGTGACCTGCCTGGGCGCGGGGAACTGAAAGCCGGAAGGGGCAAGACGGGTTCAGTTCGTC,5.4231822252765784,2.4391396474112073
1408,ENST00000237455.4,ENSG00000239305.6,RNF103,86503431,86721122,7.814710360447353,3477,3418.94,205.649,1.35518,GGCTCCGGCCGCGGCCGCCGCTGATACACGGTTGTGGAGGGTACGGCCGCGGTCTCCGGAGGTGGCGGGGGTGTTGGGGACGGGTGCTGCGACCGGCACTGCCCATCCGAGCGGGACGGGCGCTGAGTGGCCGGGAGGCAGCCGGGTAGCCGCCTGGAGGAGCAGTCTCGGGGCCTATTATTGGTTTTTTCCCTCCGAGACCGATTCCATCTGCAGAGACCGCGACGCCCCATCCTGGGCCGGGCCGCAGTGCCCGCCCGCCTGAGAGGCGCCGCCCGCCAGCCGGCCCGAGCGAACCTGGAGCCGCCGCCGTGCCCGCCGCTCTTCTCGCGGAGCCTGGGCGGTCGGCGGGGCCTGGGGCCTGGGCTTCGGGCGCGGCGTTGCGGCGGCCGCTCCTCCCCGCGCAGAACACGCTGGGCCCCGGGCCTGGCCCGGCCGAGCGCCGCGCCCTCCTGACCCGCGGCCGCGGGAGTCCGGCCCCCACGGCCCCTCGGGCCCCGGCCTGCCGCCCGGATCCCCGCCTCCTGGGCGGATCTGAGTTATTTTTTGGTCTCCCCCTCCCCCTTGAGATCGCGGCACCGGAGGGCCGACCCCGCCACCTGGGTCAGTGCCCGCCCCGGGGGAAGCGTCCCTCGTTTTGTTCTTCCCCGCGAGCTCTCCCCGCGCCCCTCTCCTTTCTGTGCTTAATGGATGGGGGTTTTGAGTTTTTCCCCTTTATTTTTGTCGGCTCTTGACTGGGAGGCCCGGCGCGAGGCTCTGCGTCTCTGCGTCCCTCGTCGCCGCCTCGCGCCCGCGCGGATCCCGTCACCTGCTTCCCCGCCGGGGATGGCCGGCCAGTGACGGCGCCGGGTGGCCCGCGCGTGGACACGGGGCCCTCGCCCAAGCTGCCACCGAGCCGCGGCCCCCGCCCTCGACCCTTCTCTCTCCCGTATTCCGAGCTCTCTGGAAAGAGAGGAAACTCCAGGGAAG,5.766547883268165,2.5277079146897794
1409,ENST00000347055.3,ENSG00000172086.7,KRCC1,88027205,88055729,21.7439674628642,1753,1303.65,184.0,3.17994,TGTTCCTGCCTCTCCGCCACCTCCACCGCGGCTTATCCCCTGGCTGGCGGCGTTGGCGGGGCGGGGGACAGTAGTTGTAGACGCCCGCCCCTGCCTCAGAGAAGATACCACATTGAATGAACAAAGACTGAACTTTGTTTACAGATACCTTTTATAAAAGATGTCTGTGGAGTAGTGTTACAGTTCAAATAACAAAGGATTTTGCATTATGAGATGAGTGAGAGTGGAGAATTGGACAAAAATTGATTTTTGATCTCTGAATTGTGGTTTTTAGCTCACCAGTTATTGTGTAGTCTCACTATTTGAAAATTCATGCTGAAAAACTGAGTGAATATGATCAGATTTCTCCACCAAATTCTCAGCCTGATAAGGAAAATCCCGTTTTGTCAACCTA,6.837854633378051,2.7735437527020173
1412,ENST00000272418.6,ENSG00000144029.11,MRPS5,95087207,95165413,38.29311673776782,1652,1832.63,758.771,9.32818,CGCCCGCGGGGCTGTCCGCGGTCGCGCCGGGCTCCGCCTGCAGTGTGGCCCGTCCGGACAGTCCCTCACCCCGGCCTGCGCTGCTGCGTGGACTCGGGCCTCAGGAATTCCGCTGCGGCCCAAGGCTTGCCGTTTGACGAGGAGCAGTCGCGGTAGGCGGTGGGCAAGGCTGCCCTGGGCGGAGGCCGAGGCGCGGCTCGGACTCCAGC,4.105100538129391,2.0374175555194056
1413,ENST00000337288.9,ENSG00000084090.13,STARD7,96184859,96208825,237.6354608031072,3368,3315.08,2467.83,16.772,GCGGAAGGCGCGGGAGCTTGCGTGCTGCTGGGCCTGAGCTGTCTGTCTCGTTTCTGTCCGCGCGCCCTGCATCCCGGCCCCGGGCGCCCGCTGGAGGTCGCCGAGGAGCCACAGGGCTGACTGGTCTGCTGCCCGGGCCCAGGAGTGCCTGGTGTAGCAGTCGCGGAGCCATCCCGGCGTCTGCTGCCATGACCGACTCTCCCCTCAGAGGAGACTCTTCCTCAGCGGTGGCTGCAGAGACAGATGAGCGGCGGCTCCTGGCCGCGGGACCGTGAGACGGGTTCGTGGCCGGCCATTTAGGGGGACGCTGCGACCACCGCCTGCGCCCCTCCGGACTGGTTCCTTGGGCCCCGGAAGCTCGCGGCGGGCCCTGCGGGAGGCGGC,14.168582208627905,3.8246234958449516
1415,ENST00000323853.9,ENSG00000144028.14,SNRNP200,96274336,96305515,79.93093115234916,7165,8471.85,6668.74,17.7348,CGGGAGCAGAGATCTGCGGCCGTTTGCAGCTTGCGGTAGGGAGGCGTGGTGGTCTGAAGCCTCCGAGCAGCCGCGGCC,4.507010575385635,2.172170835240428
1416,ENST00000431828.5,ENSG00000114982.17,KANSL3,96593170,96642787,6.520009962031628,5153,6540.7,721.673,2.48587,GCCGAGCGCGCGGCCGTAAGACCGCGGGTGACTAGCATGCAGATACCCATGCTCTGACTTTCTGCCCCTCCACTGAC,2.62282820985475,1.3911233169788053
1417,ENST00000264963.8,ENSG00000114988.11,LMAN2L,96705929,96740064,33.0635077232422,2397,2632.46,348.043,2.97874,ATGAAGGGTCGTTGGTGGGAAAG,11.099830036606821,3.4724656807220424
1418,ENST00000289228.6,ENSG00000115073.7,ACTR1B,97655963,97664107,17.237097366939157,2243,3101.18,404.82,2.94101,CCCGGGCACCTGCTGTCAATCGGGCCAGGTGGGAGCGATGATTGGCCGCCGGGCCCGCCCTCCAGAAAGCCCCGCGGGGCTCGCGTAGGCTGCAGGCTCGGGGAGGGAGGGCAGCGGCGCCGCGTCGGGAGCCGCCGCCGTCCCGGTCCTCCCGCCCGCCCGCCCATCCGGTGCCTCCTGCAGCCCGCCTGCTGGGCAGGGCCGGCGCGGCCCGGCC,5.860944834236931,2.5511332581270274
1419,ENST00000186436.9,ENSG00000075568.16,TMEM131,97756333,97995891,12.922755497369108,6640,6809.78,1019.89,3.3743,CTCCGCTCCGACTGCTTGTAGGCGATGCCCAGGCAAAGACCGTGACTGACACTCTCGCTCACACGCACGCACGGACCCAGGCCCACGCTCGGAGATCGAGCCCCGGGCTCGCAACCGTTGTCGCTCCCGGCGCCGCGGCCAGAGCCCGGACCACGGCTTCCGCGCCGCCGCCGCCTCGCCGAGAAGGGCCGCGCCGGACCTCGAGCGCGGCGGCCCCCGGCCGGCAGGG,3.82975891218004,1.9372535756620433
1420,ENST00000328709.7,ENSG00000183513.8,COA5,98599310,98608515,58.468317846292855,1754,1360.87,171.275,2.83555,TGAGACTGGGGCCTCGCTCGCTCCCGACCCGGTTGCAAGTGTTGCGGTGGGAGAAAGTCGCGTCCGCATCGGAGGGGAAGCGCCGTC,20.619744968804238,4.365954584018372
1421,ENST00000393487.5,ENSG00000071073.12,MGAT4A,98619106,98731126,6.750283568429722,8382,7177.25,335.21,1.05225,CGCAGCGGCGGCGGCAGCGGCGGCGGCGGCTACAGCAGCTCCGCCGGCAGCCGCGGGAGCACGGCGACGCCAGCGGCGGGAAGGGAAAAGGCCGAGGCATCAGCGTGTGAAGACCGCAAAGACGATCCCGAGTACAGTTGTGAACAGCATTGCTGCTAGGCTCCTCCTGCAGATCATCTGAAATGAACCTCTCTTATTGATTTTTATTGGCCTAGAGCCAGGAGTACTGCATTCAGTTGACTTTCAGGGTAAAAAGAAAACAGTCCTGGTTGTTGTCATCATAAACATATGGACCAGTGTGATGGTGAAATGAG,6.415094861895674,2.6814705990288443
1422,ENST00000289359.6,ENSG00000158411.10,MITD1,99161427,99181058,30.604936931275315,939,549.957,151.276,6.19732,ACATGACCACTTCCCGGAAGCGCAGCAGACCCGCTCAACTTCATCCTGGGTTGAGGCGGAGGAGAACTTCCAGAATT,4.938414819837496,2.3040480259069565
1423,ENST00000264255.7,ENSG00000115514.11,TXNDC9,99318982,99340702,58.16392386741158,1637,1055.16,438.723,9.36771,CGGGCTGCTGGGCGGGAGGCGCACGCGCAGAACTGTTCGCCACCCGACCGCCCGCCCCTTCCTCTGGCGTCCAAGGTGATATCGCGCGAGGTTCGCAGCCAATAAGGAGGCGGATGTGACGGCCCGTTTGCAGCCGCCGGCAGCTACTGCAAGGCAAAAGCCGGAGTGGACGTGTCTTTTGAAACTGCTGCTCTTTCACTTCTCAGGCGTCACCGAGAGCTCAGCACCCAGGCTGAACTCTGTACCATTTGGAAGA,6.208979982024591,2.6343562804032317
1424,ENST00000393437.7,ENSG00000170500.12,LONRF2,100273291,100322733,18.31226444158408,13912,15685.2,1120.94,1.61011,CCTCCCCAGTCATTTAGGACAATTTCCTAAGTCGAAGCTAGAGATGCGTGATGCGTTTGGTGACTTTTCCTGGGTTCTTGCTTAAGCGGAGCCACAGGTTGTGGGGGCGGCCAGGCCTCTGGGGAAGAGCAGGTGCCGCGGTGCCGGCGCGCCAGCAGCCCGCGGCCAAGGCCACCTGCTCCCAGGGCCCCGGCACCTCTGCGGGGAGGCGGCAGGCAGAGGACGCGCGCGCAGTCGCGCAGGAGCCCTCAGGCGAGTGGGGGAAGCATCGCAAGAGACGCGGACCTGGAGCGCGGTCACTGCGTTACCGCAGCGACCTGGGTTACCTAAGCCGGCGGGACTGAGAGGCCGCTGCGCGTGGGCAGGGGCTCAGATTGCGCCCGCGGTGCCTGTCCCGGCCCCCACCCCGGAACGATTGCAGCCCTGCGGGGCTCGCCGCCCACACCGCGCTGAGGACGCTGCCCAAGCCAGGCGCCCGCCCCCGCCCGCGGTCTCAGCCGCTCGCAGCGCGCCGCCCCCAGACGCGCGTGGCTGCTGGCGAGGGCTGAGACCGCGCTCCCGCCGGCCAGTTCCCAGCAGCAGCGCATCCTCCCTGCTCCGCGCCTTCGCTCCGGACCCGCGTCGTCGCAGCCCCGCGGTG,11.373300235129328,3.507579042344895
1425,ENST00000264249.7,ENSG00000115526.10,CHST10,100391860,100417656,10.93518378569962,2842,3516.32,330.681,2.11876,CGGCCGGATAGGCGCGAGGGGGCCGCGTGAGGCGGTGCCGGCGTTCTGGCCCCCAAAGCCGGTCTAGCGCGCCGGGCGTCTTCCTTACTTCCGCTGCCGCCGCCGCCACATCCCGGGACCCGACGGGCCGCGGCGCGGAGGCCTCGGGGCAAGGTGGGGCGGGCCTCCCGAGCTCCCAGGACCCCGCGCGCTTCGCCCACAGGCCCGGCGAAGCCCGACCCGCGCGGCGCCCCCAGGGCCAGGGGAGGAGCCTAAGGACCCGGACGAGCGCCGCTCCAGTAGGTGACAAGAGGAACCAAGAACCTCAGTTCAGGGGAAACACAGCAAGGAAATGTGAGCCCCAGGCTGCAGAAGGAAGAGTCAGTGAATGGCTGCGGTGTGACAAC,5.161124330126876,2.367685385184444
1426,ENST00000295317.3,ENSG00000163162.8,RNF149,101271219,101308701,42.92759470282024,2458,2162.98,269.779,2.81008,CGCCTCAGTCTTCCAGGGCGGCGGTGGGTGTCCGCTTCTCTCTGCTCTTCGACTGCACCGCACTCGCGCGTGACCCTGACTCCCCCTAGTCAGCTCAGCGGTGCTGCC,15.27628918138282,3.9332222305520785
1428,ENST00000409501.7,ENSG00000115652.14,UXS1,106093303,106194339,14.233835393869631,1839,1667.53,357.896,4.83554,ATTGTGCAGCAGGCGGGCCCCCGCGCGGTAGGGCCCTGGACCCGCGCGGCTCCCGGGG,2.943587560824568,1.5575755431215406
1429,ENST00000397714.6,ENSG00000186522.14,SEPT10,109542982,109614206,3.025718255757055,2719,2046.04,406.387,4.47494,CCCGTTGCTTCTGCCCTCCGGCCTTCCCGCCGCCGTCGCCGGGACCAGCCGCTCGGGGCCGGGCTGATACAGCCGCTTCACCGTGCCCCTGCCCGCGACC,0.6761472233721693,-0.5645906837296346
1430,ENST00000302759.10,ENSG00000169679.14,BUB1,110637698,110678114,50.84500924909096,3507,3083.47,1761.43,12.8703,ATGGGCAGGCGCCCTGAAACGTTCGGCGAGCCGACTGCGGCTGCGCGGGGTATTCGAATCGGCGGCGGCTTCTAGTTTGCGGTTCAGGTTTGGCCGCTGCCGGCCAGCGTCCTCTGGCC,3.95056908145816,1.982060489203965
1431,ENST00000341068.7,ENSG00000153107.11,ANAPC1,111766271,111884690,40.68442203764894,8262,8189.07,2750.62,7.56758,TCCCAAAGTGCTGGGATTACAGGCGCGAGTGGCCGCTGGGGTTCTTAACTTGGGTCTTTGAATCGCCTTAAGAAGTGTCTCTGAATCTGGGAATTGCAAGCAACGTTTCTGTGAGGACCTTCACACAGTTCATCCACTCTTCGAAGAGTATGGACCGAAAAAGGCATAGAGCATTCACTGCACGTAGAGAAAATCAGCAACCCCTGCTCCCCACCCTCAGCCTGAGGTGCCTACCTCCACGTGGGGTCAGGAGGCGGAAGCGAAACCAGAAGAAAAAACCCTGAGATCTATAAGGCAGTTCAGGTCCCTAGTGACATGAGCTAAAGAGAACTTGGACGCCAGGACTGTAGCAGACAGAGTCCGGCTTCGGGGTTCGCATCAGTCGCACGGAAGGTGGAAATAGCCCCCAAGTTGTAACCCGCCGCGGTCTTCCCTCAACAGCGCAGGCGCCAGGACTGCTAGGACGCCGCGCACCTCCCGCGATGCCCCGCCCCGGCGCGAGGCAAGACGGGAAAGTCAAGATGGACGCGTCCATTTGAACGTCTCGCACGCCTTCCTGCCATTAGCACTCGAGCCCGCTGCTGTTGCCCGTTCTTCCTCCAGAATAGGGGAGGGAGAGGGAATGAGAAGCTGCTGCGGCCCAAGAGTCACTGTGAAGGACCCCGCCGCTGCCCTCGGGCCTCCTCGGCCCCTGCGCCTCCGGGGAGCAGCCGGGGCTCGCCGCGCCTGACGCGTCCCGAGTTATACAGAAATAATGTTGATATTTGGAACCC,5.376146937019357,2.4265725693689437
1433,ENST00000302450.10,ENSG00000169607.12,CKAP2L,112736607,112764677,11.89639013684681,4533,4123.17,846.023,4.62289,AATGAGGACGCGTGGACGCGCGGCACGCCGGTCCTGGCTACAGGCGCGGCGTTTGAAGAAAAACTGTCACTGAAGAGTC,2.573366473536426,1.3636569261370162
1434,ENST00000245680.6,ENSG00000115084.12,SLC35F5,113705011,113756823,28.341942455899048,4412,3389.99,462.67,3.07492,CGCTCGGCGACCAGAGCCTCGCATTACTTCCCCTAGCTCCGCCAAGCCTCGCTGCATACGCGACCGCGCGCAGTCCGCCGTCGCGCCCCTATGACGTCACCCGCGCGCCACCGCTTCCGGGCTGGGGACTGGGGGCGGGGCCGCGCGGAGGGCAAGCCGGGGGCGGGGCCGGGGCCAGAGCAGATCTCCGGGCCTCCGCGGCCATAGCTGACTGTGCCGTCCCTTCCCCTCACCCGCTCCACGCCCTCCTGGGCCGAGTGGAGTTGGGTGGTGTCGGGAGCCTCTCCCTGAGGGGCACCGCGTCTTCAGGAGCTGGGCCTCCAGTGCGGCGCGATGTCAGGCGCGGTGACAGCTCTGTGAGTCCGAGGCCGCGGCCGTGGCGCTGGGCGGCTGCGGGGCCTGACCGGTCCGCTC,9.217131650871908,3.204317857282869
1435,ENST00000376300.6,ENSG00000125633.10,CCDC93,117915478,118014133,9.151491536758211,6899,7382.44,793.546,2.42178,GGCGGCGGCGGCGGCGGCGGCGGCGGCAGAGGGAGTTTCCGCTTTGTACTCCACCCCGGTAGCAGCTCCGCGGCAGGGACAGCTTCCTCCGGACGCTTGGCGGGCTTCGCTCTCGCCTTACGACAGCCCGGTCGGATC,3.7788286040673436,1.9179390839141661
1437,ENST00000426077.2,ENSG00000226479.3,TMEM185B,120221278,120223408,77.97234748682035,2131,2342.02,525.0,5.05045,GTGAGCTCACTCCCGCCTCCATGTTCCCGGAGTCGCCTGGAAGCGTCCGCCCAAGGTCGCGGGCCGCTTGGGGAGTCAGCAGCGCGCCAGGCCCCTTCGGGCCCCACACGCATTAGGTGCCTTCTTGATGGGTACGGAGTGAACGCGGGCGGCGGCGGGACCGAGGCAGCGCCCAGTTTGTAACCGCCGCGCCGCCCGTGCCCGCGCGCGCCACACCCCAGCGCGCTTCCGGCCGGGCCACGTGACCGCGCGTGCACGTGTTCCGGCCTCTCCGCTTCGCCGCTCCGAACCTCCTCCTGGTCGTCCCGGCATTCGTCCACGCGGAGCCGGCTTGGGCGGGGCCCGGGAGGCGGCGGCCGGAGAAGCCGCGGAGACGCGAGCGCCGAGCGTCGCGAGGGAGCAGGCCCGGGCAGGCAAGCGGCGGCCTCCGCC,15.438693084145049,3.94847872567824
1438,ENST00000409078.7,ENSG00000074054.17,CLASP1,121337776,121649587,10.2904626295637,8002,8946.38,793.445,1.99816,GCTCTCTATGGTGTACCCGGGTTGGTGGCGGTAAGAAGAAAAAGGGTGACCGCACTGCGCAGGCGCCCTCGGCGTCTCTCTCGCTCTCTCGGTCTTTTTTTTTTTTTTCTTTTTTTTTTTTTTTAATCCCCGCACCAAGCGCTTAACCTCATTGGGGTGGAGGAGAAGGCGGCGGCTCTCTGGTCCGCAGCGGCAACAGTAACGAAAAACAGGGCTAATGGACTGCTGAATTATGAAGTATTTCAGACCCAGTAGTAGAACATCACTCTGCCACTCACTCCTTTATCTCCTACTAGTTATTTAAATTGGACTTTTAATATCCTACCAGCTGCTCTTCAGACACACATGGTGCATTGTTGCCATTCCCCAGATTGCATCTTTGAAACACAGGCTCTTAGTAACCTTCAGCGAACAAAGAGGCAACCTCCCAGATACGTCTGCTGGGAGGGAGTCATCGTGACTGCCCTCTAGCTTTTGCTGGATCTGGATTTGAATTCCACT,5.149969286525454,2.364563828352255
1439,ENST00000285814.8,ENSG00000155438.11,NIFK,121726945,121736923,83.4879940083118,1734,1189.06,865.023,16.3903,ACTTCCGCCTCGGGGGAGCTGGGAGCCCGACGTTTCCGGGAGCGCCGCGTGGTTAGCGTCGGCGGCTTTTGGC,5.0937441052519965,2.348726484669628
1440,ENST00000285398.6,ENSG00000163161.12,ERCC3,127257290,127294176,23.7316641520419,2750,3003.7,1036.03,7.77105,GGGAGCTTCCGGATTGAGCCGGAAGTCCCCCCAGAGCGGATGCCGCGGCGGGCCTGTGGGAGCGGGGTCATCTTCTCTCTGCTGCTGTAGCTGCC,3.053855547453935,1.610631821826764
1441,ENST00000409947.5,ENSG00000169967.16,MAP3K2,127298730,127388465,12.100493281064171,10992,8503.1,969.157,2.5679,TTTCTAAAGTCCCTCAGGAAAAAAATTCTGAAACTTGAGCCACAAATTAAGAGGCAGACGGCTTTTCTCCTTGCAAATGACCTGCCACACAGTCCGTCACTGCCTCTGCTAGCTCTGCTACCCTTGGGCCCTGTCCACAGCCCACGTGGGAGACCTTTTCACGGGATCTACTCGGATGTCTGGGATCTGGCCACTACCGCAGGCTCGAGACAACCCAGGCCATAAAGAATGCTGATGGGAGAACCATTTTCCTAATTTTCAAATTGTTGAGCTGTTTGCCATA,4.712213591286332,2.2364049339276577
1442,ENST00000295321.8,ENSG00000163166.14,IWS1,127436207,127526886,34.8325031807585,2958,2807.4,1142.08,9.16542,GGTGCTTCTAGGAAGTAGAACGCCGGCTCGCATGCCTGCCCGCCCGCCAGCCTGCCGGGTACGGCCTTTTCCGCCGGGGCTTCCAGGTCAAAGAATTCGCCTTTGCCGCTACCGCTTTCTTACCCTCCGCACCCGTTAAGTTCTCCGGTCGGGCGGCAGTCTCTGAACACTTAGCCGCGCCATCCGGGGTCACACCGCCTGGAAGGAGGTGACGGGGGCGGCGCGGGGCGCGGACACTCCCCGCTGAGAGTCCGCCTGCC,3.800426295877167,1.9261612555176364
1443,ENST00000322313.8,ENSG00000136709.11,WDR33,127701022,127811187,19.395288561421623,9471,11240.7,1425.96,2.85809,GGGGAAGATGGCGGCTGCTCCTTTGGAGGAGCGGGATTGAGAGGATCGGGGTGGGGAGACCAAACAAGAGAGACATTTCTGGCTCTGAAGGCGAACGCTTCGCTGGCCATTTAGGAGCTCTGCTCAAAGCCAGACGTATCCTAGAAGGAAAACATCACC,6.786101403882181,2.7625829882252693
1445,ENST00000272645.8,ENSG00000144231.10,POLR2D,127843551,127858157,89.99731508319995,5042,5212.01,1280.97,5.53727,TTGCTCCGCGCTTCTGCTTCCGGCGGCGCTGGTGGTGGCGCGCGGCGCGGCGCGGCG,16.253011878272137,4.022635186518375
1446,ENST00000272647.9,ENSG00000144233.9,AMMECR1L,127861630,127885922,13.125164590279528,4658,5133.08,475.91,2.08886,GGCCAGCTTCTCTCGGGAGCCCCCACCCAGGCGCATGGCTCCATGAAGCAAGAGGAGGAGGCAGAGCGCGAGAGGTCCCGTCCGCCCCAGCCGCGTCTGGGCCAGGAGAAAAGGTACAGGAAGAAGGAATGGAATCGGAAGGAAGAAAATTCATTCCAGAGACAAAATAGCTCCCCTCCTCTGTTGTAGCTGTTCCTCTGGCAATACAAACTTTCTGCTTTCAGGTTCTGCAGCATTCCAGACCTTGAGCACTGAATCAGG,6.28341037229854,2.6515478062094893
1447,ENST00000357702.9,ENSG00000136715.17,SAP130,127941217,128028120,13.341352595071942,4173,5084.69,552.252,2.447,AAGAGGACTGCGAGCACAGCGGCGGCCGGGTGGCGGGGGTGAGTGGGGCCAGCGGGGCTGGACAGCAGCGGGCCCCGGGCGCCGCCGCCGCGATCCCTCCCCGCGCCCGCCGAGCACATCGCCGCCGCCGAG,5.452126111594582,2.4468189331020143
1449,ENST00000259241.6,ENSG00000136720.6,HS6ST1,128236716,128318577,1.9261467347448065,3932,5902.9,551.515,2.10501,GGCGATGGTGACAC,0.9150297313289754,-0.1281094743933966
1450,ENST00000259229.6,ENSG00000136710.9,CCDC115,130338241,130342349,5.089335012069921,1646,1776.4,112.48,1.42657,ACTTGGGGGCTAATTGGAGAAACCAGTTGATTGGTTGCTTCCGTGCTGCTTCTCTAAGGGCGCTTGCCCTTAAAGAAGCTGACCCAGAGGCCTTGGTGCTGCCGGCGTGGGGATCCCCAGATGGGAACGCCCCTTGATGGAGGATCTCGTGTGCCTATTGGCTGTCCTGCCAAACTGCGGAGGGTGACAAGGAAGAAGGTGGCTCCAGATCTGGAGGTGTGTCC,3.5675326216518792,1.8349266218188294
1451,ENST00000409185.5,ENSG00000152102.17,FAM168B,131047876,131093460,67.4095474550381,5285,6134.83,1655.74,6.08066,GGGGAGCGCGGGCTGCGGAGAGGCGGGCCGGGCCAAGCGGAGCCGAGCGAGCGGGAGCGCGGCGTCCGGGAGGCGGCGGAGACGCGGGGCTCGGAGGTTTTTGAAATC,11.085893218012204,3.4706531113064507
1452,ENST00000309451.6,ENSG00000173272.14,MZT2A,131464900,131492743,47.17509376664394,624,559.655,488.551,19.6676,TAGGGGGCGCGGCGGGGCGGGGCGCACCTTTCGGCGGGCCTCGCGG,2.39861974855315,1.2622044663608585
1453,ENST00000397463.2,ENSG00000150551.10,LYPD1,132644853,132671579,39.02461547190807,1891,2224.74,447.395,4.5308,CCTTCAGTCTCAGCCGCCAACTCCGGAGGCGCGGTGCTCGGCCCGGGAGCGCGAGCGGGAGGAGCAGAGACCCGCAGCCGGGAGCCCGAGCGCGGGCGATGCAGGCTCCGCGAGCGGCACCTGCGGCTCCTCTAAGCTACGACCGTCGTCTCCGCGGCAGCAGCGCGGGCCCCAGCAGCCTCGGCAGCCACAGCCGCTGCAGCCGGGGCAGCCTCCGCTGCTGTCGCCTCCTCTGATGCGCTTGCCCTCTCCCGGCCCCGGGACTCCGGGAGA,8.61318431003533,3.1065467032422127
1455,ENST00000264159.10,ENSG00000121988.17,ZRANB3,135136916,135531236,3.7811483132826713,4046,3368.76,239.507,1.60181,CCAATGGTAAAACTAGGAGGACAGCCATTTTGCCCACTTGTAAAAGAGCTACCTTTTCCCACGAGTTGGAGCCTGAGGTGCGGAGTTTCGTGAGTTTTTACTGACTCGAGGATCATC,2.36054732663841,1.2391214078400545
1456,ENST00000264156.2,ENSG00000076003.4,MCM6,135839626,135876426,164.90655960253005,3736,3353.37,3264.55,21.9333,GGAAAAAAGCGACTTGTGGCGGTCGAGCGTGGCGCAGGCGAATCCTCGGCACTAAGCAAAT,7.518547578455137,2.9104539911927745
1457,ENST00000264161.8,ENSG00000115866.10,DARS,135906677,135986100,140.63976154834037,2361,1969.18,1584.43,18.128,GAGACCCTGCGCGCGGCCGCCAGCGCTCCGGGATCTCGAGATAGCCGCAGCTCTCGCGATCTTTCTGGAGCCGCACCTCCACGCGGAGTCCGAGCGCGTGTGCTGAGACCCCAGGGTCGGGAGGGCGGAGACTGGGAGGGAGGGAGAAGCCCCTTTGGCCTGCCTTACGGAAGCCTGCGAGGGAGGGTGGTGTCCACTGCCCAGTTCCGTGTCCCG,7.758151012154698,2.9557128581542322
1458,ENST00000241393.3,ENSG00000121966.6,CXCR4,136114349,136118165,12.56470332069759,1682,1602.39,126.585,1.77982,CGCGGCCAGAAACTTCAGTTTGTTGGCTGCGGCAGCAGGTAGCAAAGTGACGCCGAGGGCCTGAGTGCTCCAGTAGCCACCGCATCTGGAGAACCAGCGGTTACC,7.059535975940034,2.8195733581124562
1459,ENST00000303319.9,ENSG00000168288.12,MMADHC,149569634,149587816,107.77406512226412,1436,1096.95,827.77,17.0014,GCGCGTGCGCATCATCGTTTCGACGCGCTCGGAAGCAACTTCCTTTGCCTGCTCACCGCCAGCGTAGGTGCTACCACCGCTGCCGTCGCCGCCGCCATTTTGATGGCAGGAAGAGTCCGGTTCTGGGACAGCTGGAGACAGTGGTGGTGACTGAAATAACTTTACCAAAGGAAAGCTATTTTGCGAACTATCTTCTCCAGCGGAG,6.339128843640178,2.664284591261352
1460,ENST00000243346.9,ENSG00000123609.10,NMI,151270465,151290057,7.472547510900547,1623,1180.37,77.5025,1.47931,TACCTTATAAAATACATGCAAAAAACTGGTTTTAGAAAGCGTTCCCTAAAATTAGTGTGTACGGAAACTTCAGGTATACTTCTGCTTTCCTCCGCAAAACCACCCCTTTTTAAAAATCGAAAGTGAAATTAGTTTTTTTTTCTGTTAGTGACTAATCATTGGAGACAACCATGTTTAGTATTTGAGCATTGGTTAAATGCTAAAGAAAAATCGCCGTTAAAGCAGTTTTCTTTTTCACTGTCTTTTTCTTTTCGCGGGGAACCCAGCTGTTCCTGCGAGGGCCACCTCCTCAGGAAGACCCCGCAGCTCTCCCGCGGCGCTTCTGCAGGAGGCAGCGACAGTTTCGAGAACCCGGGCCTTCCCCTCCCAGTGCCTCCCGGGGTTCCGGCGTTTCAGGCGCTGCTGTTTTCCGGGAAGGGCAGGCGCGCTGGGCCTTGGGGAGCTGCGCTCGGCGGGCGGACGCGGGGGATC,5.051373620742473,2.3366757534811984
1461,ENST00000263904.4,ENSG00000115145.9,STAM2,152116801,152175992,12.28212695558559,5701,4322.52,341.982,1.7825,GAAGGTCCCCGGCTTCGTGGCTAGCCGGGGTCCTAGCGCTGGAAAGGTGGCCGTAGCGGCCGCCTGACCCCTACAAAAGTCTGGGACAGGGGCAGCGACAAAGGCCTTGGGAGGACGCCCATGGTCGGAGGGATCTCGCCCCGGGAGAAAAGTTGGGACAGGAGCGCGGGATCGAAGGGTGGACTCCGAGCCGGCCTGTCAGGCAAGAGCCGGGCAGGTGCGGTGGCGGAAGTGCAGGGACGGAGGCCGAAGCGGAGCGGTCTAGGGAGCCGCGGCCGCGGGTCACCCGGCGGGTAGCAGTTGCTGAGTGTCAGCTAGACAGCAGCGACTAGGGCTCGGGCGCCGGCGAG,6.890393803975085,2.7845864390698156
1462,ENST00000410080.5,ENSG00000196504.15,PRPF40A,152651593,152717997,109.23751324156716,8048,6390.08,4179.92,14.7375,GATCGAACCCTCTCCTCCGAACCCCTCCTTTCGCCTTCCCCGCCTCCTCCCCTCCGCCTCGAGCACCGCGCGCGCGCATTCGGTCCCAGCCACCGCTAACACTACAGGCTGCTTACCCCCGCCCCCTCCACCCTACCCCTGGCGGCCTCAGGTTTGTGGGGCGTACGTAACTCGGGCGGGGAGGGTGAAGGTGGCAGACCCCCACTGCCCCACCCCCTACGGGGTGAGGCGGTCTAAGCTCGGGAAGCTGGGACACTGTTGTCTTCCCTTCCCCTGGGGAAGTTGGTAGAGTTTTCCCGACGGAGGACTCGGCGCAGAAACTTCCTCCGTCCTCCTCCTCCCCCCCCCCCATGCAGGCGACGCCGAGTGAGGCTGAGGCTGGGGGCGAATCGCCGCAGAGCTGCGTGTCGGCGGCGCATTCTGATTGGACAGCGGGGAAGCCCGTCAGCCTGTTGGCCCCGCTGATCCCGCCCCGTAGCGCAGGGCAGCCTTTAACCTTTAGCCCCAGTGGGCGCCAGCCACTCAGATCGCTTCTTGTTGGT,7.412214638952817,2.8899046587625485
1463,ENST00000325926.3,ENSG00000177519.3,RPRM,153420677,153593288,83.19340638849478,1471,1916.54,141.0,1.65754,GCGAGCGCCGGGAACGAGCACCACCAGGGCTGGAGCGGACGGCTTTAGAAGAGCCTAGCTGCTGCGCGCGTCGGAGAGGCTCCTGGGAAACTCCCACGGCCCAGGGACTTTCGAAAGCAGAGCGAGGAGCCCTCGCACGCGCTAGTCTGCGAGTGAGCGCTCAGCCCGGCACCTGTTCCTCCAGCGCCGCCGCCTTCCCACCCCTCGGACCCGCGCCGCTCGCGGCGCCCGCCCGTTCCTGCG,50.19088914203867,5.649353598853834
1464,ENST00000434821.5,ENSG00000115170.13,ACVR1,157736444,157875862,9.09821430370772,2861,2870.92,165.252,1.29685,CTGCAGCGCCCGGCTGCCTCGCACTCCGCCTCCCCCGGCTCAGCCCCCGGCCGCGGCGGGACCCGAGCCTGGAGCATTGGTAAGCGTCACACTGCCAAAGTGAGAGCTGCTGGAGAACTCATAATCCCAGGAACGCCTCTTCTACTCTCCGAGTACCCCAGTGACCAGAGTGAGAGAAGCTCTGAACGAGGGCACGCGGCTTGAAGGACTGTGGGCAGATGTGACCAAGAGCCTGCATTAAGTTGTACA,7.015625788416332,2.8105717968712876
1465,ENST00000392783.6,ENSG00000123636.17,BAZ2B,159318979,159616692,1.4968674550693015,8289,7091.53,357.034,1.13431,TCCCTTGGCTCCTTTAGGAGCTGATAGGTCATTTATTATTGGAACTGAAATGGTATAAACAATTCTCTCTCTTTTTTTCCCTTGTTAACAGCAACTTTCATTGTTAGAGAGAGGAGAGAGAGAGAAGCCTTGTTGGTTGACGTCACTTGGTTCATGAAGCCTTCGCCTAGAAGTGAAGCTGCTGAACAAACCTTGAGAAGAATCATCTCCTGCTTCAATCTGCTGCTGGATAGGAACTAATCAGAGAGAGAGAGGCGGAAGACGGAGAAGGAGGGAGTCGAAGGCTTTCCCGATCACAAATCTCACCTCCACTACAACTCTCTTTATACTTTTCTTGCAGAAATAATAATAGAAATAAGGAGGTGGTGGGGTTTCCAAAAATCTTAACCTTCAACCATCTGGGGAAAAGGCAAAAATCCCATCTACCGCAACTCTCAGTTCGAGAGTAAAGGTTTCCCAACAGTGATGTCACAAGATTGACCACATTGATCACAAT,1.3196281925305267,0.4001315050748225
1466,ENST00000259053.5,ENSG00000241399.6,CD302,159768630,159904749,22.142492254201343,3741,2900.07,219.588,1.70594,CTCTCCGGCCGCGCAGCCGCTGCCGCCCACCCGCACCCGCCGTC,12.979643043835857,3.698178802880112
1468,ENST00000392701.7,ENSG00000115339.13,GALNT3,165747591,165794682,24.14800719583889,3868,3119.47,174.572,1.26083,GCTGAACCCTGCCCGAAGAAACCACATGAGCCAGCAGTTGCTGCCCTCCCGAAGTGGTCCTCGGAGGCAGCGCACCCCTTCATTTTGGCGAACCGAGGAGGAAGGGAGGAACCGTGTGGGGGAAATCTAGAACTTCTGGTTCCCCAAGGACCCAGCAGACTGTGTTCTGGCTACAAGGTGATCACTGCCACCAGGTCAGTGCAGGATTCCTCCAATGTAGATGGGCCGGGAGCCACAACTTGCGCGGAGCAGCAGCCTCGCCGACCACTCAGAGAGAAGCCGCGCGACAGCCAGGCTTGGCCCGGACGGCGCCCCCACCCTGCGCGCGCGATCCAAGGTTCTCACCTGGAGCGCTCAGGTAGGGCTGGGGCGGGGCGGGAGGCTGGCGCGCAGGCGCGGAAGTGGGGCCTCGCCCCTGCCGACGTCGCAGGCTGGAGCTCACCTGGGAGACTCCAAGTGGAAGCCGAGCCTCGGTTCTGCCTCTCCAGGCAACGCGGGAGGCCCAGCGGGAAGGCAGGAGGCGGCGGCGGAGGAGGAGCTCTACTGAGCCGCAACTGTGGCGACAGCAACCGGAGTCGCAGCCGCCGCCACCTGCACCTGGCGCCTAGCCCACGTCCAGCGCCTGCCCGGCCGCCGCTTCCCGCCACCCTGCCCTGCCCACCCGCCAGGTACTACCATTAAAGATACCTTCTTCTCAGCAAATCTATGATAAAAAATATAAGTAACAGAAGAAGAAATAACTGTTATTTGTCAAGTGACAAGCTTTTAATGTCAGA,19.152468767271472,4.259458463473017
1469,ENST00000243344.7,ENSG00000123607.14,TTC21B,165857475,165953843,11.904267450906335,5482,4528.99,528.222,2.62771,GCGGCGCGACCCCGCCCCTCCCGCTGGGGCCCGGGGCGCTAGAGCGCTCCGGGAGGCTAGGGGAGCTGAATTCTGCGTCTTCCTTTAGGCTGCGGCGAGACAATCCCCAGAGCCCCGCGGCCCGGCCTCGGGGCAGCC,4.5302820520172835,2.179600874196285
1470,ENST00000355999.4,ENSG00000198648.10,STK39,167954020,168248141,33.81691502340891,3820,3787.39,800.41,4.7614,AAACTAGAAGGACTGCGATTAGATTAGGCAAGGTGGGAAAGGGATACCGGCAAGTAAAGCGCCGGAAACTTACAACTTGGGTTATTTTCTAACTGGCGTCTTGCAAAGGGACACCATGTAGGTATCCCGCTCGTCAACTTGTAAATGAACTTCAGGTTCTCTTTGGTGGCAGGAGAATTCTGAATGTGAGAACCTGGCGGCCGTTCAACGACCCCGCCCTCGGGGTCCCCAGGGGGCGTCCTCCGGCAAGCCTGATCGTCTGGGGCCAAGGCGCAGGGCGAGCAGGGAGGGAGGAGGAGAACCAGGGCCGGTGGCCCCGAAAGCACACACAAAGCGGCCTGACTCCTTTGGTGGGAACTTCCCCGGCCGCCAGCGGAGCGGGAGCGGGAGGGGGCGGCGGAGAGGGGGGGCGGCGGTTCCCCTCGCCGAGGCGGAGAACAGCGCGCGCTAGGCTCTGGGCGCGCGGCGAGCGCAGCGGCCGCCGCCTCCTCCCTTCCCCGCCTCCGCCGGCGCTGCCTCCTCCCTCCGCCCAGCTCGGCCTCCCTTGCTCCCTCCCCTCCTAGCTGGCTTCGGCGGGGACGGCGGCGGCGGCGGCGGGCGGGGAGGGCGTGCGCCGGCCGAGAGGTGTCGGCGGCGAGGCAAAGGAAGTTTCAAGTGGAAGGTCGTCCGTCGGCCGGCGCGTCCTCCTGCTCTCCTCCGCAGCATC,7.102304999245791,2.8282873163503206
1471,ENST00000282074.6,ENSG00000152253.8,SPC25,168834132,168913371,159.71011712532456,1354,904.593,517.613,12.8918,AAGTGCACTAGGTTTGAAATCGGAAAGTTGGCGGGGCTGCGGGAGCTGAGCCTAGAGTCCGGCTGTTGGCTAGAGTGGGCGCGGATCTGGTGTGGGGAAGGCGGCGGGACTCAGGCCTGCCTGCGAAGCATTGTCCTACATA,12.38850409759107,3.63093008855812
1472,ENST00000453153.6,ENSG00000138399.17,FASTKD1,169529749,169573875,29.804421596190007,2967,2238.31,280.541,2.82382,ATTTTTTCCTGGTTTGGGGGCAAGGTCTCATGGGAAAGGTCATGTCTCTCGAAGAAAGGTTATAAACCCTGAGATATGAGGGTTGGGCGAGACATCCGAGCCTGTTTCGTTCCGTGTTGGGACCAGGAATAACCCTGACTTCTGAGCTTTCATAACCCCAGGATCCTCCAGAAAATTTGCGGCGCGCTGAGGGAAAACCTTGCTGAAGCTGTACATTGGAATGCGTTTACAGTCATTGTAATGGAAGCAAAATACATGAAGGAAAAACTGTTATTTGTATCCCTGCTTATTGCACCTGACGACTAGTTGCAGATGGTTTTGTTTACCTAAGAAAACTTGTGATATAA,10.554646399625332,3.3998063414026376
1474,ENST00000260953.9,ENSG00000138382.14,METTL5,169810081,169824931,107.22430803301032,1010,701.382,53.6092,1.72205,CGGCCTGGCGCTTCCGGCACCGGCCGAGGTGCGGGTCGCCTCCAGAGGTGCGTGGTCGTGGCGCGAGGGATCCTGAGGCTGCTCCAGCAGTGCGCCGCCGCCGTCTCCTGGGGCGGCTTGGGTTAGCCGGGAGGTGGGTCAGAGGCTCGCCCCGTGCCCTGCGTCCGGGCGTCTCCTTAGGGCGCGTCTTCGGGTCCGGCCAGCGGTGCTGAAAAAGGGAGAAGGTTGGGGGTAGGGAGGAAACAAGATCCCAGTTCAATAGATTTCTCCGCAGATCCTGTGCCTTCAAACCCTACGAGTCCATACTTTAAAACAAA,62.265502182288735,5.9603611631876525
1475,ENST00000431350.6,ENSG00000198586.13,TLK1,170990823,171231314,5.175562840575157,5663,4693.48,398.691,1.91383,GACGCCGGGGGCCGACGCACTGCAGAGGTGCCGGCAGGTTCCGCCCGCGGAAGTGTCCTCGGCCGGCGCAGCCCGCGCTCCGCCCGCGCTCCGACCCCGGCCCGGCTGGCACCCCCTCGACGCCTCCGCCGCCGCGCTCCTTTCCTCCTCCTCTCCTCTGGCGCGCCCGCTCGCTCCCTCGCTTCTCCCCCTTTCCCTCCTCCCTGTCCCCTCTCCTTCCCTCACCTCTTTCCTCCCCACCTCCCCTCTTCTCGGTTTCCTCCCCCATCCCCTTGACTCTCCCCTCCCAGCCCTCGCTCTCTCGCTCGCCCTCAGCGCGGCCCCCGCCATGACGGAGGCGGGTGCCGGTGCCGTTGCCGCCGCTGCCGTCGCAGGGGGGGAGTCGGGTTCCCAGAAAGTAGCTTG,2.7042960140530545,1.435253078629156
1476,ENST00000612742.4,ENSG00000123600.18,METTL8,171317405,171434802,5.504718503803559,8132,7701.24,456.98,1.3369,TAAAGGGAGGCCCCAGCGCGTTAAAACCGCATCCCCGCAGGAGGCTCGGCCGCCGCGCGCCCGCGGCCCTCCGTCCCGCCCCGGCCGGCTGGCGGTCACCTGGCACACCAGCGCCCGCAGGATGCCCAGGTACTGCTTAGG,4.117524499815663,2.04177723420358
1477,ENST00000422440.6,ENSG00000115840.13,SLC25A12,171784370,171999859,12.78892838912559,2979,2856.82,273.269,2.15511,GCTCGCTCACTCGCTCGTCCCCGGCTTCCGAGCACAGC,5.934234627989101,2.569061969275965
1479,ENST00000234198.8,ENSG00000115844.10,DLX2,172099439,172102900,76.73462440672333,2453,3366.44,674.266,4.51256,AGACAATCGTAAAGCCGCTCGGGGCCGCTCACCTGCTCCCGCCTCCCAGAGCCCCGACCCGGCCCAGCCACCCCTGCCCCCTCCACTGCCCGCCCCCCGCCAGAGCCCGCGCTCGCGCTGGGCAAGGAGCCGAGCGGGCCCAGAGGCCGAAAGAGGATGCGACCAGAGGCAGCTGTCCCGAGCAGCGCACGGTGATCGCCTCCCCCGGAGGAGGAGGCGCCTAGACGGTTGCCTCCTTTCTTGTTTCCCCACCACCACCCCCGTAATTACATTGGCTGCTGGAGGGGACCGGGAGAGACAGAGGAGGCGCCTGGCTTCCCCCGCACGCCCGCCACCTCTGCTCTTTCCCGTCTCGGGCCAGG,17.004676814651404,4.087859681801659
1480,ENST00000310015.10,ENSG00000172845.13,SP3,173906459,173965702,21.07094586812656,6359,5140.22,255.043,1.11788,GGGACGAATTTCCTCCCCAGCTCAGCTCCCCTACAGCTTGGCTAGGCCTGCTCCGAGCGCCTGCAAGGTGGAGGAGGCCTGCGCCTCGGGCCTGGCAGCGGCAGCCGGCGAGGGAGGCGGGCACAGCGGGGTAACCGGCGAGCCGTAGCCGCTCTCGAAAACCTACGCTGCCACGGCCGCTCATTGTCTCTCCCCTTCCACCCGGGGGCAAACAGGAAGCGCGCCGCCTGGCAGACCGACGGACAGGCGCCTGGACCAATGAGCACAGCCGACAAAGAGCACGGCGGCGAATGAGAGCCAAGAAGAGGGGCGGGAGTTCCGGGCGGGCTGTCACCCTCTTCCCCCCTTTTGGGCTGGAGGCTCCACCTTTTGTGTTTCCCGCACAGTCAATCAAAATAGGAAAAAAAAATCCCCGGACCGCTCCGGCCGTGTCCGCCGCCGCTTCCCGCATCCTCTCCCGCCGCCGCCGCCTTCGCTCCTCACCATGTGTAAGGCGGCGGGGAGCCCCGCCTGAGGTGCCCTAAACACACT,18.84902303299689,4.236417843740613
1482,ENST00000428402.6,ENSG00000138430.15,OLA1,174072447,174248698,41.60809168986346,1270,847.96,359.099,9.54115,GTGTCATCGCCCAGGCCGAGCACG,4.360909501460878,2.1246290516099995
1483,ENST00000342016.7,ENSG00000138433.15,CIR1,174348022,174395715,11.337182053726576,1921,1443.6,516.662,8.06345,CTTGCTGCTGGAAACGCAGTTCCGGTTAGGCGGCTGAGTTTGTTTACGTTGCTAACAGATCTAGCCCCTGCTTTCCCTAGTTCCAGTTCCAAG,1.4059964473924407,0.49159294907916573
1484,ENST00000409900.7,ENSG00000128656.13,CHN1,174799363,175005369,6.378130601716726,2447,2240.74,214.196,2.15368,GCCAAGCCTCCTGCCTCGCAGGTACCTCCTCCCGCGCGCACGCTCCGCGCCTGATGGCAGCGACAAGTGCCGGCTCGCGGAGAGCTAGCGGGGCTCCCTGGGCCCGGTGCGCCCGACAATAACGCGTGAATAACTTTTTCTTGCAGCGGTCCCCCGCGTCCCGGCCTGCAGCCTCCCCGGGCGCCGGCGCCCCCAGCACGCCCCATCGGGCACCCCACTCTCTCCGAGGTGTGGGTGCGGCGGGCTGATGAGGTGATCCCTAGCCCGCCTGGGAGGAGCGCCTGGACTCGCGGGCGGCGGCGAGCGCCTTTACA,2.961503381057876,1.5663297332146762
1485,ENST00000264110.6,ENSG00000115966.16,ATF2,175072250,175168382,13.78595527333138,4176,3195.07,461.528,3.25446,GTTGTCAGTCCGATCTCGCGAGAGAGGACGGAAGCCTGTGGGAGCCCGTGGCCTTTAAAGTGCCGTTCAGCCTTTTCCTCCAGGGGTGCTTTGTAAACACGGCTGTGCTCAGGGCTCGCGGGTGACCGAAAGGATCATGAACTAGTGACCTGGAAAGGGTACTAGATGGAAACTTGAGAAAGGACTGCTTATTGATAACAGCTAAGGTATTCCTGGAAGCAGAGTAAATAAAGCTCATGGCCCACCAGCTAGAAAGTATTCTTGCCATGAGAAAAAGAATGTGATAAGTTATTCAACTT,4.236019269965334,2.082709152271749
1487,ENST00000284727.8,ENSG00000154518.9,ATP5G3,175176258,175184607,841.3746483564321,5484,4937.7,554.933,2.53208,CTAAAAAAAGAATCCCAGGATTTTACCTCCTGTGTGTTTTCTTCTTGCTTCTTCATGGTCCATGATACCAGCTGAGGTTGTTAGTACAATAAAACCAAACCGGCCGGATAGAAGCAGATTATTCTGCCATTTTTCCAGATGTTTGAGTTGCACATCAAATCTGGGGCTGATTACTCAACGCTTGTTTAGCCTACCTGTGAGGTTCACAACAATTTTTCCCAGCTCTGTAATCATCAGTGATTCAAATTTGCCAATGTAACCATACTTCACCATTACAGTGAGAAACCAGATGATGATTTTGGAGCACAGCCTAATAAGAACCTGGGGTTTGCCTCTTCTTTCGGCATTGTTGATGCTCTTGAGAGCATCAGGCAGGACATTCATGTGCACCATTGTGGCGGCACGAAAAGATGGCGGAAAGAGCCAAACGACAACCCTTTCATTGCTCTTGACACCGTGGGTCAGGAATTTGGGTAAAGCTCATTTGGATGGCTCATTTTTGTTCCTCGTGGTGTTGGGAAGGCTTGACGAGAGCTAGAGATCCAAGAAGGCCTCACTCATGTGTTGGACACCTCAGTTCTCTTTGGACTTTTTTCTATCCAAGTGGTTTCTGGAGAGGGCTATATTTGGGAGTGATCTGTCATACTTCTCTTTGCTATCGGATTTCTATCTTCATCATGCCATCATCACTCAGGCTATCATCATCACCCGGTCTTATCAGATATTGCCAAATTATGATGTCATAACTTACTATGACTGTCCCCACTGTCCATGAAAAAACACAGAAAAGATTAGATACTTCTCAGGGAGGTCCCTGTTCATCTTTATGGCCTCACTTTAGTCCTCTCAGAAGGTACTCTTTTTCTTCAATCTTCCTCAGTGCAAATATCCACCCTCAATCAACATCAACATGGGTTGGTGTTACTCCAATTCACTCCTCTTTTTCTTTTCTTTTTTTTTTTGTTTTTGTTTTTTTGAGATGGAGTCTCGCTCTGTCACCCAGGCTGGAGTGCAGTGGCGTGATCTTGGCTCACGGCAACCTCTGACTCCCAGGTTCACGCCATTCTCCTGACTTAGCCTCCTGAGTAGCTGGGACTACAGGCACCTGCCACAACGCTTGGCTAATTTTTTGTATTTTTAGTAAAAAGACGGGGTTTCACCGTGTTAGCCAGGATGGTCTCCATCTCCTGGCCTTGTGATCCGCCCGCCTTGGCCTCCCAAGTGCCGGGATTACAGGCGTGAACCACCGTGCCTGGCCTTCATTCTCCTCTTTCTATAACGCAATCTTAGGATGCAAAACCAAGCAAAGTCTGAATTAATCTATCTAGAATAGCACCGTGGAGTCACAGCCATGGTCAGGCCCCTCCAAAGAACAGACTGGATTTCGGAACCCATGTCTCTCCCTGCCACAAGCAACTAGTCCATATGCAACTTGGAAGCAGCCACTGTGGATCTTGGCTTCTTTCTTGCTTCCTCCTCAATAGTTACTGCCACTGATTTAGTGCTAAAGAGATAGGAACATCACTTAAAACCATCTCTACACATAAATCCACTTAGAATAATTTTTTCCCCTGGAGGATCTATTATTGAAGTACAAGGCTTTACTGTTTATTCTACTGTAGACACCACAGGACACCATGTTCTTGGTTAGAATTGAGTACTTGAGAAACTATATGAATAATTGCTTGTTGAACAGTACACGTGAATTATCTCTATTTTCCAGCTAAAGATTGAGCCTAAAATGATTAGTATTTTTGTAATTTTGAATCATTTGATCCATTTGAAGTTGGATTAGTGACAAAGTCTTATTCATTTTTCAAGTGTTAGTTCTGAGGGCTTCTCCCAGAACTAGCAGCAACCAGCGTTGCTGCTAGATAATATTGCACCTTTAAGCTAACAAGTAAAAAGCTGATCCTCTGGGTTGATGTTGTCTCATGCTAGGGCTCTAGGCAGAGTGGGCTGGAGTTCAGTCCCCAGCCATCTTCTTAGCAGGGCATTCTAGATGTTTAATCTTTTATGTTGACGTGTTGATATCACTTCCATTAGCCATTTGTTAGAATTACTAAATTAAATTTACATAATTCAAGGATCTAAAAAGACCAGAAGTTCAGTCAGAGCCATTTTTCTGAGATATTTCTGCATCCCTCTGAAGAAGATAATTTGTCCAAACTTAACAAAAACAGGTGTTAAAATTGAGTACGTTCTGAGAATACTCAGACTTTTTTTAAGACTTTTTTTAGTCTCAAACCCTACATGAAATACAATCCCTTAAATCTTCCAATCTTAGAGCTAGAAGAAAAGTCGAGCACCCTCACTTTACCCAGAGGCAATTTTGTGCCCCAGATGACAAAGCTCTTAGATCTACTCATTTGCTTATGGCTCCACCAGTACTTCTAGGTCAGGCCCTCTTTCACCTGAAGGATTAGCCATACTTCTGGAACCATTTTCCAGGTTCCTTGAAATAAATATCTTCGCTTTGCTGGGGACCCTAGTTTCCTGTTAAGTAGTGAATGACCCTTCTTTCCTCCCGCCAGCCACAGTCCTATTTCACAGAGGAAGAGAATGACCAGCAAGTCAACTTCTACTACAGAGAAGCAGCAACTGATAAAAGGCCAAATCTTACAAGGTGCCAACGTGAAGAAAAAGGCCCACTATCCTGCAGCCAACTCATATCAAAAGTTAATCTGTTTAGTCCTCTCTGCCGGGGTGAATCTACAGTTTTTCTTTTTGTCTCCCTCTTGCCCCATCACCAGGTGGTTGTCGTTGTCCTTCCCGGCTAGTTGCCAATAAAGTTGTTACAAAGTGACCTTGAGTGTCTTCCTTGGTGCACCCGAAACCCCGCCTTCTTCATCCGGGTGCTGCGGCGCGAATAAGAGCCGGACCGCGCTTGCGCATTGAGTCCCACTCCTTCGACCTCTGCCGCAGCCCGTGCCGCCGCCGCCTCCTGGGAAGAGAGGAAGCGGGAGAGGAGCCCACGTCGCCTGTCACCCAATATCTCCAGCCGCGCAGTCCCGAAGAGTGTAAG,332.2859658290544,8.376281551548608
1488,ENST00000272748.8,ENSG00000144320.13,KIAA1715,175923892,176002839,35.97178027644932,7610,6175.31,686.808,2.50576,AGCGGCGCGCGCCGACCGCGGCGCCAATTGGCGAGCGGCTGGAGCGCGGGGTTTCATGGGAAGGAGTTGGCCCGGCTTGTCTCTCTGTCAGTGGCGGCTGCTGCCTGCTCTGGAGGCAGGCTGGGCGGTGGCGGCCGAGACTGGCGGGGGTGGACGCCCGGGCCGGGCTGCGCCCGCTTCTTGCAGCTGTGAATTCCTTTGGACAATTGATGATATTTATCATTGTGCCCAGTTTCTACAAATAAAAG,14.355636723568628,3.8435454155099933
1489,ENST00000397062.7,ENSG00000116044.15,NFE2L2,177227595,177392697,39.10176041646277,2853,2515.27,174.17,1.56009,AAATCAGGGAGGCGCAGCTCCTACACCAACGCCTTTCCGGGGCTCCGGGTGTGTTTGTTCCAACTGTTTAAACTGTTTCAAAGCGTCCGAACTCCAGCGACCTTCGCAAACAACTCTTTATCTCGCGGGCGAGAGCGCTGCCCTTATTTGCGGGGGAGGGCAAACTGAACGCCGGCACCGGGGAGCTAACGGAGACCTCCTCTAGGTCCCCCGCCTGCTGGGACCCCAGCTGGCAGTCCCTTCCCGCCCCCGGACCGCGAGCTTCTTGCGTCAGCCCCGGCGCGGGTGGGGGATTTTCGGAAGCTCAGCCCGCGCGGCCGGCGGGGGAAGGAAGGGCCCGGACTCTTGCCCCGCCCTTGTGGGGCGGGAGGCGGAGCGGGGCAGGGGCCCGCCGGCGTGTAGCCGATTACCGAGTGCCGGGGAGCCCGGAGGAGCCGCCGACGCAGCCGCCACCGCCGCCGCCGCCGCCACCAGAGCCGCCCTGTCCGCGCCGCGCCTCGGCAGCCGGAACAGGGCCGCCGTCGGGGAGCCCCAACACACGGTCCACAGCTCATC,25.063785048595125,4.647532396956987
1490,ENST00000408939.3,ENSG00000196659.9,TTC30B,177548998,177553014,12.5486617874615,4017,3692.71,223.6,1.36424,GCGGAACCACTGGAACGGTGCATGCCGGGACGAGTAGATTCAGTCTCTGAACGGCCCGGAGTAGTCTTTCCCCTCCTGAATGCCGCCACTCCGCAGTCCAGAGTATTTGAAGATCAAGCTGAAATTGAGAGACTGACGAGAGTGGTCCCTTTTTGTTCCTAACAGATTTCTTGCGACAAGGAAACCGGCAGTCTTCCGCTTCCGGTTGCTCTGTTGCCATAGTAACCGCACCCATAACAGCCGTGGTGGTT,9.19828020543416,3.201364146927775
1491,ENST00000355689.5,ENSG00000197557.6,TTC30A,177612992,177618966,12.21403080646253,5975,5122.52,271.4,1.19368,GCGGCGCCACAGGAACGATGCATGCCGGGACCGGGAAGATTCAGTCTCTGAACGGCCCGGAGTAGTCGTCTTTCCCCTTCTGACTGCCGCCACGCTGCAGTCCAGAATATTTGAAGATCAAACCGAACTTGAGAGACTAACGAGAACGGTCCCTTTTTATTCCTAACAGATTCCTTCCGTGGCAAAGTAACCCGTCGTCTTCCGTTTCCGGTTGCCCGGTTGCCCTGTTGCCGTGGTAACCGCACGCATAACAGCCGTGGTGGTT,10.23224884932522,3.3550513511352813
1492,ENST00000325748.8,ENSG00000180228.12,PRKRA,178431414,178451512,29.597166584154618,1826,1585.29,473.409,6.72804,GCGAGGGGGCGTAGCCGGAGCTACGGCACCAAGGCTCCGCCCCCACCCTGCCTGCCCCCTCGCTGGAGCAACGCAAGCAGGAGGCGGGGGAGTCGGAGGAGGTGGCGGCGCTGGAGCTCCTCCCGGGGACCAGCGACCCGGGGAGCGAGCACGTCGCTCCGCACCGCTCTTCCTCCAGCCGCTGAGCCGTCCCTTCTCGCC,4.399077083987999,2.1372008814737407
1494,ENST00000424785.6,ENSG00000079150.17,FKBP7,178463664,178478600,15.642703754769483,2834,2260.65,107.403,1.07039,GGGACATCCACGGGGCGCGAGTGACACGCGGGAGGGAGAGCAGTGTTCTGCTGGAGCCG,14.614022697119259,3.869281448002374
1495,ENST00000428443.7,ENSG00000187231.13,SESTD1,179101692,179264790,10.49329781077477,10615,8482.92,557.828,1.48155,CCCGGGCGCGCGCGGGGTCGCGCGGACGCGGCTCGGGCCGCGGGTGCCGAGAGGTCGCCGGGCCACCCGCACCCCCGCTCCCCGCCTGACGCACGGAGGGGCCGGGACGCGATTTGCCGCGAGTGACTGGAGCCGCAGCCGTCGCCGCTGCTGCCGCCGCCGCCCGGGCCCGCTCCGCCCCCAGCCCGCCTTCCTCCCGCCGCGCCCTCCGCCTCCGCCCGCACCTCGCTAGCGTTCCCCTGTCTTCCCCAACGCCCCGGAGCCGCCGGCCGCTAGCGTCAGCGCCAGCCAGAATTAAGGAAGTTCACTGGAGTAAA,7.082648449782168,2.824288935293116
1496,ENST00000410053.7,ENSG00000163510.13,CWC22,179944876,180007113,16.61788041019707,3280,2583.43,869.473,7.58266,GTGGAGTCCCCGCAGGCAGAGACGCGGAGTGGGGGTGGCGGGTCGCCGGATCGGGTGGGAAGTAAAAGACCCCCAGGAGTGGGTGCGGGCTCACTGATACGGCTGTGAGCGGCATTGGAGTGTGCGTGGGTCTTCTCGCTACGCTCGGGCCCGCAAGAGGGGTGTGAGAGCGGCTAGGTCCAAGCAGGTGATGTTTGCAGACAGAAAAAGTAAACTGTCAAGGAATTCAGAGCATTGGGTACTTGTTATTTGGACCAGTTTGAAGCATCTTTGATTTATTGGACCAACTGGCAACAGAAA,2.1915634368674146,1.1319604396334773
1497,ENST00000233156.7,ENSG00000003436.14,TFPI,187464230,187565760,28.632160230152092,3913,2653.15,331.024,2.811,ATTCCCAACTGCCAGTGATCTCTGAAGCCGACTCTGAGGCTCCCTCTTTGCTCTAACAGACAGCAGCGACTTTAGGCTGGATAATAGTCAAATTCTTACCTCGCTCTTTCACTGCTAGTAAGATCAGATTGCGTTTCTTTCAGTTACTCTTCAATCGCCAGTTTCTTGATCTGCTTCTAAAAGAAGAAGTAGAGAAGATAAATCCTGTCTTCAATACCTGGAAGGAAAAACAAAATAACCTCAACTCCGTTTTGAAAAAAACATTCCAAGAACTTTCATCAGAGATTTTACTTAG,10.18575604060907,3.3484811636110274
1498,ENST00000392350.7,ENSG00000128699.13,ORMDL1,189770323,189784371,71.18917353335145,2009,1535.41,357.418,5.24462,GCAAGCTGCGCAGCGCCGGGCCTGAGGGCGTGTATCCGCGGCCGTAGCAGCCGGGCTGGTCCTGCTGCGAGCCGGCGGCCCGGAGTGGGGCGGCGGAGCAAAC,13.57375244218865,3.762747701522772
1499,ENST00000359678.9,ENSG00000198130.15,HIBCH,190189735,190344193,45.96768878462517,1939,1523.53,254.803,3.76802,CCTGCGAATCCGCCCTAGTCCGTTCTATCCTCCCTCTTCCCGCTCCGCCTCAGCTCGCTCTCCGCCTTCTCCCTGGCCCGGTCCCCGATCCCTTCCTCTCCCTCAACTATTTCCTCCAGGCGTCGTTCTTGCCCCGCCCTTCCCCGTCGCGTAGCGGAAACGGTCGCTCTGGCTTCCTGGAGGACTTGTCATCTGTGCCCGGCGGCGCAGGACGGCGGTGGGCGGGGCTCACGCGAGGCGCTGGAACGGTCCGGGAGATTCTCGCTCTGCTGCTTTAGCTTCGGAGTGTTTGGCG,12.1994280244333,3.6087416028674997
1500,ENST00000361099.7,ENSG00000115415.18,STAT1,190964358,191020960,9.652592993071544,4310,3789.83,856.489,5.09171,GCTGAGCGCGGAGCCGCCCGGTGATTGGTGGGGGCGGAAGGGGGCCGGGCGCCAGCGCTGCCTTTTCTCCTGCCGGGTAGTTTCGCTTTCCTGCGCAGAGTCTGCGGAGGGGCTCGGCTGCACCGGGGGGATCGCGCCTGGCAGACCCCAGACCGAGCAGAGGCGACCCAGCGCGCTCGGGAGAGGCTGCACCGCCGCGCCCCCGCCTAGCCCTTCCGGATCCTGCGCGCAGAAAAGTTTCATTTGCTGTATGCCATCCTCGAGAGCTGTCTAGGTTAACGTTCGCACTCTGTGTATATAACCTCGACAGTCTTGGCACCTAACGTGCTGTGCGTAGCTGCTCCTTTGGTTGAATCCCCAGGCCCTTGTTGGGGCACAAGGTGGCAGG,1.8957468106140263,0.9227662957430804
1501,ENST00000263955.8,ENSG00000081320.10,STK17B,196133566,196176503,23.19197988659368,5287,4023.5,475.256,2.66125,CCGCGACTGCAAGCTTCGGTAGTCCTCTCCGCTGCTGTCGCCAGGAGTCACTTCACGAGAAGCCAGGTCACAACCGTCGGCCCTTGTCTGGAAAAGTAAAAGTGGATCCTGCCACGTTCGGAGCTCCCTGGCGCCTCGCCCGGCTGGAGCTAGAGAACTCGTCCTGTGGCGGCCCCCGGCGTGGGGCGGGACAGCGGCCCCCTGGAGGGGGCAGTCCCGGGAGAACCTGCGGCGGCCGGAGCGGTAAAAATAAGTGACTAAAGAAGCAGACCTGGGAATCACCTAAC,8.714694180025807,3.1234500375349463
1502,ENST00000263956.7,ENSG00000119041.10,GTF3C3,196763032,196799725,34.69217296786938,4282,3469.01,1124.46,7.30301,TGCTGGCCCCGGCGAGGTAGCTTCTGGAAGGCGCTGCTCTTCCGGTTCTCTGTCCCGGTTCCTGGGGTTGCACAGACAGACCCTGTAAAC,4.750393737358895,2.248047096473746
1503,ENST00000354764.8,ENSG00000197121.14,PGAP1,196833004,196927796,20.202822842149743,11114,8370.93,414.604,1.11589,CGGCTCCGGGGGTGGCGGTCGGACAGTGTCTAGCACGCTCAGTCCGGGCTTGGGGCCCCGCGGCGGAGAAGGAGGTAGAGGGGGCGGCGGCGGCGGCGGCGGTGGTGGCGGCACC,18.104672362105354,4.1782901636736804
1504,ENST00000335508.10,ENSG00000115524.15,SF3B1,197389784,197435091,137.97959087903556,6526,5990.73,5517.2,20.7492,AGTGCAGCCCCCAGCTATTTTTCTCCGTGGCGGCGGCGACGAGCGGAAGTTCTTGGGAGCGCCAGTTCCGTCTGTGTGTTCGAGTGGACAAA,6.64987521827519,2.733327269386071
1505,ENST00000388968.7,ENSG00000144381.16,HSPD1,197486581,197516737,271.4569721614271,2455,2222.96,4390.59,44.4992,AGACTAAGCCGGCCGGAGAGGGCTGAGCGCGCTAGCACACCCTGCGCGGGTAGGGAGGGGCGGGGCTCGCGCGCAGGGTGTGCAGATTGCAGGGCCCGGGCTGACGGGAAGTGGGTGGGAGCTGCCTGCACACGCGGTGCCGCGGGGCGGGAGTAGAGGCGGAGGGAGGGGACACGGGCTCATTGCGGTGTGCGCCCTGCACTCTGTCCCTCACTCGCCGCCGACGACCTGTCTCGCCGAGCGCACGCCTTGCCGCCGCCCCGCAGAA,6.10026634549446,2.608872233976402
1506,ENST00000417098.5,ENSG00000119042.16,SATB2,199269500,199471266,16.728352865514427,5730,6035.79,485.869,1.81362,AAATTATTATTTTGAAGGCGCTAGATCTGGGGACCGAAAGGGGGAGGGGGAGAAATCGGAAACCGAGGACAACCCAAAAGGACTCACTTTGCCTGATGACTCAACGCAACTAATAATCATCTCCCTCTCAGTGTGTCTCTCTCTGCGGCTTGTCAGTGAGTCCGGCTCTGGCTGCTGGCAGAGGCGGCCGAGAGGGGAGAGGCTGGAGGTGACAGCTTGGGCGGCCGCCGCGTTTCCTCCCGCGCGCGGTCCCGGGTCCCTGCGTCTTCTCGGCTCTTGGTGTTACCGGTCCCACCGCTCTGGCCGCGCCTCCTCGCGAGCTAGCCGCCCTGCGAACCAGCAGCCCCGGCTCGCCGCCGCCGCCGCCGCCTCCGGGTTCTCAGCCCTTTCTCTCCAGAACGGGTCTCCTTCCCGAAGGTGTGAAAAGGCTCTTTCAGCCTCCTTCTCTTCCCCCCTCCTCCGCCGTCCCCTCCCCCGCTCGCTCGGGTGTCCCTTTGGAGGAGTCCTTTCCCTCTCCTCCTCCTCCCCCTCCTCCCTCCCCCCATCATCATCATAACAACCATCTCCGCACCAGAAGAAGACACCCTGACCCAGGACCTTAAACATTAGGACCTGGGGAAGAGGGAAGGGGAAGGAGTAAAGAGGAAGACTAGGAGAACACTGCAAAGCCAAGCACCAGAAACTTTCCACCCTGGATTCTCTACTTTTGCTCCATGGACAGAGCCCCAGTCAGCCAAGTTTCAGACAGACCGTGAGCAGTCCCTGTGCGTTTTATTGCGACCTGCCGGTGGGAACTTTGTCTCCGAGTCGGAGCAGC,9.223736430737656,3.20535128841244
1507,ENST00000321356.8,ENSG00000013441.15,CLK1,200853009,200864744,12.36972415709238,1888,1280.13,150.316,2.64554,GTGTTTTCGAGACGAGTCTCGACGCAGCAGCTGTCAGCTCCATTTTGTTGTTGGTGCGCGACGCAGTCAGCTGCGTGATTCCCGTGATTGCGTTACAAGCTTTGTCTCCTTCGACTTGGAGTCTTTGTCCAGGACG,4.675689710642205,2.2251791925361575
1509,ENST00000392283.8,ENSG00000240344.8,PPIL3,200870907,200889303,62.36928541986965,1194,923.075,173.878,4.24395,GTCGTTTTGGTTTGAGATAGGAAGATGAGGGGAGGAAGGAGGTGAGGCGGTAAGGGGCGTTCTCTCTCTTGGGTCCCGCGCCCAACTTCCGCTGGCCCAAAGAAACTATAATTTTGAACCAACAGACCTCTGCTGGCATCTGCGATTGCATTTTTCCTGTTTTAACAACGGCTGTGCTAGACGAAGTGGTGAAGCCCAAAGACTTATTTTTGAGCTCGCTGTAAGACTGAGAAATCACGTAGTCCTTCCTGAAACCACTAAGAGGAAAA,14.696046235198258,3.8773561653160504
1510,ENST00000234296.6,ENSG00000115942.8,ORC2,200908973,200963680,61.18415890097451,4312,3721.8,841.971,5.09689,GTGCCGCACGCAGGCTTCCCATCCCCCAGCTGGCCTCCGGTGCTCCTTACCTCCCCGGTGGTCGGGCGCGAATTACTGGAAATTGGCTTTTCCCGTTGGGGCCGAAGGTACCTTCCCTGCGGCGGCGACTCAGCGGGGTGTCGTTCGGCCGGCGTGACGCAGCCGGATCGGCGCCAGACGGAAACCTAGCGGTGACTGTATCTGAATTTTGCAGCTGCAGAATGTGTAGTACCTTAAAAGGTTGGCAACA,12.004214118996979,3.5854690524966886
1512,ENST00000418596.7,ENSG00000155744.9,FAM126B,200973718,201071671,9.398315118591343,9333,7573.39,414.67,1.2336,AGTTGGCAGGCTGCTGCGGGAGGCGGCGGCGGTAGGAAGCCGGAGACAGCAGGGTGACAGAATTGGAAAATATTTAACTCTTAACAAATGAATTCCCCACTTGAACTCTGCCGAATTCCTGTGCCACCTCCTCCTTTAGAAAACTGATCTTAATACAGAGATAAAAGAGGAGTAGAAGGTAAAAGAAA,7.618608234915161,2.929527470687702
1514,ENST00000332624.7,ENSG00000115993.12,TRAK2,201377207,201451579,2.3749489671406883,6510,5973.75,776.014,2.92674,CCTTTGGCTTCCCCAATTGTGTGGGGGCTGCCATTGACCCGGTGTCGCCGCAGAACCGAGGTCGCCGAGTGATGATGTTGTGAAGTCGCCCGCCTGTCCCTGCCACGCCCGGGCGGTTGCTGGCAGTGGGAGCAGCGGCAGCAGCTTCGGCTGCTGCTTTCAGGCTGCCGCTGCATTAGGGGCTTCCTGAGGAAGCGCGGGCGGACGACAGAGGATGCCGAACCACTCCAGTCATGACTGTCCAAAGTATGATAATCACATGAGAGTGCTCGTTGCTACGGATGTCATTTGACTCATCAGAGAAAATCTGTCTAAAAGAAAATATCCATGTGACCAAATCCATTTCATTATTGAATGGCTTGATGGATTTCCTTTACTCTGATTCATACCAAAGCTGTCCTTCTCAACCAAAGCAAGAAAGGATCCTGC,0.8114656468086294,-0.3013980749482427
1515,ENST00000409444.6,ENSG00000155755.18,TMEM237,201620184,201643570,16.55976811987429,5592,4885.79,507.827,2.34176,TTCCCGCAAACAAATCACCGCCACCACTTAGGAAACCACGGGAAAGCTGTGATTGCAGCGCCACGGTCGCCAGATTTCTGCTCCTGGGCACATTACCCCCAACTCCGAGGCCCCCTTTTTGGCAGGGCTAGTCTGGACTGGCCAATCCAGGTCCCTGCACGCCTCTCACCGCAACATCCCCGCAGGGCGCTGCGCGCGGGGTACTAGCCAGGCGGCGCGGCCCGATGACGCATTGCGCCTGCGCGCGCGACCGAGCCGGGAGGGGTGGGGCGCCAGGTGCTTGGGGGCCGGCGGCCGCCGAGGCCGGCTAAACGCAGA,7.071505243865421,2.822017340454596
1516,ENST00000264276.10,ENSG00000003393.14,ALS2,201700554,201781189,3.125876182094343,6644,7327.46,408.44,1.25585,AAGCGCATCTCAGGACTGATAGCTCCGCCCTAAACTAAGGGAGAGACTGTGCTCCCAAGTACGTAGCCTGCAGTGCCTAACGCATTCTCAGCAATTTTGACCCCCAACAGACGCCGTCGACAGTCTCCCAAGAACAATTCCCAGGAGCTCGGATTCCAAGAGCCGCCCGCGCCCTCGTTTACCTTCGCTAGTCGCCCTGCAGCCCCGCCCTGTCCGGAGGCCCCGCCCTCCATGAATCAGCTGATCCCGCGGACCCACTGGGTTGCCAAGCTCGCGCCGGATGCGGAGCGCGGTGCTGCCGGTGGAGCTTCAGGTCTTGATAGACTTTCTGTAAAGAAGGAATGATTTGGTGATGGAGTGTTCCCACTGACCG,2.4890521814662128,1.3155964758606946
1518,ENST00000392246.6,ENSG00000116030.16,SUMO1,202206180,202238608,49.174308691647575,1536,1042.91,1695.78,36.6342,CTGCGCGAAGCGGAAGTGACGCGAGGCGTAGCGGAAGTTACTGCAGCCGCGGTGTTGTGCTGTGGGGAAGGGAGAAGGATTTGTAAACCCCGGAGCGAGGTTCTGCTTACCCGAGGCCGCTGCTGTGCGGAGACCCCCGGGTGAAGCCACCGTCATC,1.3423060607751112,0.42471365962990104
1520,ENST00000261015.4,ENSG00000138442.9,WDR12,202874782,203014798,56.50262401572321,8100,7358.7,1137.65,3.48313,ATCGGCCACCGTCGACCGTTTCCTCTCTCATCCGTTCTTTTCTTTGTATTTCCGCCTCTCGCCTCTCTCTAAAAGCCGCAGTTAGAGGCGAGATTTAGGAAAAACCTCTGCCGAGTGAGCCTCTGGTTGGGAATATGTATGAGAAAAAAAAACTGGCAAGGCGTTAGTCAAGCAAAGCTGAAGGCAGAGGAAATTTGATATCTGGCTGGAGTCTAGAGGATTTAATGCAAATAAGATACTCTGAGGGCAGCGTGGCAAAAAAAGACTACAATTCCCGGTGGTCACAGCGTTTGAGAAGCGATGCTTTCTGAGACTTGTAGTAACTAGGAGCTGTGTTTGAACTATCCAGGCTCAGGACAGCCTCTTGAAAAAAAATTTTTTATTAATAAAGCGGATTTGAGTGGGATCTTTTTCCTAATCGATTACGGGCCCACACGTATGGGAAGAATTCTAACAATGATTAAAGGGACATGCTACCTTTACGACTATCCTTTTCTAATCGATGACTCCTAAATCTAGGAGTAGGTAGTCGATGTTTGTGGTCTGGGCGTCTGTAGAAGGGCAACCTCGTGCTTTCTGCAGAGGAGACCGGAGGGCAGAAGGCAGAGTCCAGGCTTAGACTGCAGTTCCTCGCTTACCTGTGCAGTCTAATTTTGAGCTGCCTCTTTGTAGTCTTAAAAGGCAGGAGCTTCGTGTTGTGGGTCTGCTAACCCGTACGTTTCCGTGGGCAAGTCGTGTGTACTCCTCGCC,16.221795917959767,4.019861644313459
1521,ENST00000319170.9,ENSG00000173166.17,RAPH1,203394345,203535410,4.04010828753959,9808,9952.45,485.405,1.09884,CAACCCCGCCTTCTGCGTCTCGGCTGGACGCGAGCACACTCGGCTCCGCCGCCGCCGCCGCCGCCGCGGGGCGCTGCGGCCGCCCCGCCCCCGCTCCCGCCGCCGCCCGCCAGTCAGTCAGTCAGTCAGTCAGTCAGTCAGTCAGTCAGTCACTGAGCGCGCGGCGCGGGAGCTGCTGGCAGTCGCTGCGTCTCTGGCGAGGGAGCGCCGCGCCTGGGGAGGAGGCGGAGGCAGCGGCTGGAGGAGCGCGAGCGGCGGTTTCCTTGCCCGGGGCCGCGGGAAGGCCGACCGACTGCCGCG,3.676702966345956,1.8784126287334284
1522,ENST00000403263.5,ENSG00000114933.15,INO80D,205993721,206086303,1.9302325061724024,14136,12896.6,618.024,1.07968,CTCTTCTTGTACAGCCCCGGCAGCCCTGCCTTCTTGGCTGGAGAGTATATTCAGGGATTTCCCCTTAATAATCACCGACCCTGGGAGCACTTTTTAGTTTCCAAAATAAAAATATGATCCTCACCCCTCTTGCTTGACAGGGAAAGGCTCTCGCCGGAGCCCAGGGGGGAGCAGTAGCAGCGGCAGCCGAGCTTCCTAGTCCATTGCCAGCGCCTCTCACTCTGATCTGTCAGCCCAGCCGAGGGAACAGGGGGGAAGGAGAAAAAAAAAAGCAGCTGAAAGACAATCTGCTTCATCCTGATTCTGCGGCATTCCAAACTGTGGTATCCTTGGGGGTTCTCTTAACATTGCTATGGTGCAGAAGATTTAAAATCAGCTGATGTTCACAAGGAATAGAGTCACGTG,1.7877820337251802,0.8381708539527815
1523,ENST00000233190.10,ENSG00000023228.13,NDUFS1,206114817,206159603,84.86017296367287,11819,11494.5,1073.28,2.10369,CACTTCCGGCGGAACTGCGGGTCCAAGTTGTCCTTCCCGCCTCCGGGCTGGGCCGACCTCAGCTCCGCCCTCTGGTCGGCTGACGGAAATTGCCGACAAACTTGTCGAATGCAAGGATTCTAGTCCCTCCGGGCTTTCCGTTCTCCAGGCCCGGCTGACAGAGTTAGCCGAGGCCGCCATATTGAATAAGCGACCCGGCCTCCTAGGGGGTCGTCGTGGTCCAGACAGTTTAGCAGAACAGCCTCCGCGGCTCCGGGGAGAAGCAAT,40.33872527020277,5.334093589462576
1524,ENST00000295417.3,ENSG00000163251.3,FZD5,207762586,207769563,13.931874677936962,6708,7747.92,521.467,1.51636,CTCCCGGCCCCGGGGAGAACGCACGGCCTGCCCCTGCCCGGCTCCGTCTGGATCATGCGGGGGGCTCCCGAGGAGGAGAGGGCGAGTGACCGGCCTGCGCCGCCCCTGTTCTGGGGGCGCCCCCCACTCTGAGTCGCCCCCACCTGCTGCCATGTGCCGCTGCCACGGGTACCCAGCCTGTCGCTAAACTTTCCGGGCGCCAGCCCGGCTCTGAGTCGCGCTTCTCAGCGGAGTGACCCAGGGACGGAGGACCCAGGCTGGCTGGGGACTGTCTGCTCTTCTCGGCGGGATCCGTGGAGAGTCCTTTCCCTGGAATCCGAGCCCTAACCGTCTCTCCCCAGCCCTATCCGGCGAGGAGCGGAGCGCTGCCAGCGGAGGCAGCGCCTTCCCGAAGCAGTTTATCTTTGGACGGTTTTCTTTAAAGGAAAAAGCAACCAACAGGTTGCCAGCCCCGGCGCCACACACGAGACGCCGGAGGGAGAAGCCCCGGCCCGGATTCCTCTGCCTGTGTGCGTCCCTCGCGGGCTGCTGGAGGCGAGGGGAGGGAGGGGGCG,9.187709170603922,3.199705190110689
1525,ENST00000427836.7,ENSG00000178385.14,PLEKHM3,207821288,208025560,3.820816656606447,9807,10508.3,474.542,1.01743,AGCATTTCAGAGTGGGACCGCGAGAAGCCGCTTGTAAACAGAGCCGGGCCGGGATGGTCAGCGCCCGGGCGGGCTGTCACCGTGAGGCGGGCGGCAGGCTGCGGGAGTCAAGCCCCTCCAGGAGCGGACTGAAGGCCCCGCAGGTGAATGGAGAGTAGCAGCCGGGGCCCAGGAAATCAAGGATTGGCGTGGCATTGCTTTGACAAGTACTTGCTGTTGTCTTCACAGAGGTCTCACTGAAGAATAATCTCAAAGGAACATTTGGTCTCCCTATACATCTGTTAATGCCCATTAGCCACTAGCAAATGCTTTTAATTACCAGGAAAACATCAACCACTTTGGGTTTGGCCTGCTCCAGGGAGCCCAATGAAGGTTTCTTCCAGTTGTTTCCATAGCTCTATTGCTGAAGCACCCCTCTTGGTTGGGTGAATGTTCATGAAGCCATTTCTGGAACCAGCTTAGGAGGCTAAGGCCTCCTGGAGCCTGTGAC,3.755360719269578,1.9089514917360357
1526,ENST00000345146.6,ENSG00000138413.13,IDH1,208236227,208266074,70.65259776297658,2382,2011.47,648.445,7.26311,GGCGGGGCCTGGGAGGGGACAAAGCCGGGAAGAGGAAAAGCTCGGACCTACCCTGTGGTCCCGGGTTTCTGCAGAGTCTACTTCAGAAGCGGAGGCACTGGGAGTCCGGTTTGGGATTGCCAGGCTGTGGTTGTGAGTCTGAGCTTGTGAGCGGCTGTGGCGCCCCAACTCTTCGCCAGCATATCATCCCGGCAGGCGATAAACTACATTCAGTTGAGTCTGCAAGACTGGGAGGAACTGGGGTGATAAGAAATCTATTCACTGTCAAGGTTTATTGAAGTCAAA,9.727595721801897,3.2820832717223607
1527,ENST00000260947.8,ENSG00000138376.10,BARD1,214725646,214809711,14.761990565835958,5499,4592.46,440.049,2.15883,CCTCTGGCGGCCCGCCGTCCCAGACGCGGGAAGAGCTTGGCCGGTTTCGAGTCGCTGGCCTGCAGCTTCCCTGTGGTTTCCCGAGGCTTCCTTGCTTCCCGCTCTGCGAGGAGCCTTTCATCCGAAGGCGGGACG,6.837958785933102,2.773565727318088
1528,ENST00000323926.10,ENSG00000115414.18,FN1,215360440,215436172,4.651437272167963,8708,10468.3,621.517,1.33763,GCCCGCGCCGGCTGTGCTGCACAGGGGGAGGAGAGGGAACCCCAGGCGCGAGCGGGAAGAGGGGACCTGCAGCCACAACTTCTCTGGTCCTCTGCATCCCTTCTGTCCCTCCACCCGTCCCCTTCCCCACCCTCTGGCCCCCACCTTCTTGGAGGCGACAACCCCCGGGAGGCATTAGAAGGGATTTTTCCCGCAGGTTGCGAAGGGAAGCAAACTTGGTGGCAACTTGCCTCCCGGTGCGGGCGTCTCTCCCCCACCGTCTCAAC,3.4773721224613405,1.797997461803308
1530,ENST00000620139.4,ENSG00000118242.15,MREG,215942805,216082955,7.833289559178458,2618,2487.46,130.612,1.18302,CGTGGACGCATGCGCCCCAAATTGCGCTCGGGGAATTAAAAGAGGGGAAAAAAAGCCCGAAGAAAACTCACGCCCCAAACAAAACGCAAGGAGAGGAGGGCGCGCGGCCTGCAGCCCTCGCCCGCGTCCCCGGCCGCGGCGTGATGCGCGCGGACCAGCCCGCGACGCCCGGGCTGCCGCTGTCCCCGCACCTGGACGCTGGCGCGGTGGCCGCGCCCCAGCCTCGATCGCTCGCCGCGGCGACTCGGCCCCAGGCTTCCGGCGCCGGTGGGGGCCCTCGCTCTCC,6.621434598889671,2.7271438249597435
1531,ENST00000265322.7,ENSG00000115425.13,PECR,215942805,216082955,14.356081211949226,1853,1641.58,126.742,1.73948,TCCGCCCGCCCGCCTCGAATGTCCCTGAGACCCAGAAGGGCCTGCGCTCAGCTGCTCTGGCACCCCGCTGCAGGG,8.253087826217735,3.0449339930681916
1532,ENST00000233813.4,ENSG00000115461.4,IGFBP5,216672105,216695525,49.02550865664754,6215,7941.86,417.0,1.18298,GGGGAAAAGAGCTAGGAAAGAGCTGCAAAGCAGTGTGGGCTTTTTCCCTTTTTTGCTCCTTTTCATTACCCCTCCTCCGTTTTCACCCTTCTCCGGACTTCGCGTAGAACCTGCGAATTTCGAAGAGGAGGTGGCAAAGTGGGAGAAAAGAGGTGTTAGGGTTTGGGGTTTTTTTGTTTTTGTTTTTGTTTTTTAATTTCTTGATTTCAACATTTTCTCCCACCCTCTCGGCTGCAGCCAACGCCTCTTACCTGTTCTGCGGCGCCGCGCACCGCTGGCAGCTGAGGGTTAGAAAGCGGGGTGTATTTTAGATTTTAAGCAAAAATTTTAAAGATAAATCCATTTTTCTCTCCCACCCCCAACGCCATCTCCACTGCATCCGATCTCATTATTTCGGTGGTTGCTTGGGGGTGAACAATTTTGTGGCTTTTTTTCCCCTATAATTCTGACCCGCTCAGGCTTGAGGGTTTCTCCGGCCTCCGCTCACTGCGTGCACCTGGCGCTGCCCTGCTTCCCCCAACCTGTTGCAAGGCTTTAATTCTTGCAACTGGGACCTGCTCGCAGGCACCCCAGCCCTCCACCTCTCTCTACATTTTTGCAAGTGTCTGGGGGAGGGCACCTGCTCTACCTGCCAGAAATTTTAAAACAAAAACAAAAACAAAAAAATCTCCGGGGGCCCTCTTGGCCCCTTTATCCCTGCACTCTCGCTCTCCTGCCCCACCCCGAGGTAAAGGGGGCGACTAAGAGAAG,41.44238166042329,5.373035010820794
1533,ENST00000248450.8,ENSG00000127837.9,AAMP,218264123,218270257,91.5193105250476,1886,2597.47,679.029,5.88979,GCGGCCAGCCAACCTTCGTAGCTATTGGCCGAACGGCCGTCGCTCTTCCTGCTGGGGAGTCGCCTACGCCTACTTCCTGCCGGGAGGAGGGGCTCGAGTTCCGCGTCGTCGCGCAGAGCTGACTCTGGGAGGCGTTTGGGCCCAGAGAAGTGGATCCGCCGCTTGCGCCGC,15.53863729013218,3.957788082482912
1535,ENST00000258412.7,ENSG00000135926.13,TMBIM1,218274192,218292586,18.36175460733337,2371,3066.72,485.66,3.56797,GAGGCCGGCGCGACGGGGCGGGGCGCGGAGCCCCAGCCGAGCCTAGCCCTGCCCGGCCCCGGAGGACTTGCAACACTCCGAGGCCAGGAACGCTCCGTCTGGAACGGCGCAGGTCCCAGCAGCTGGGGTTCCCCCTCAGCCCGTGAGCAGCC,5.146274942707862,2.3635285359456186
1536,ENST00000258399.7,ENSG00000135913.10,USP37,218450251,218568361,8.127933813543551,8032,6681.45,598.619,2.01856,GTGCGTGCGTGTTTGCGTGTGGTCACAGTTCCCGCCATCAGCCGCTCTCCCTGACTAGGGGTAGCTAGCGGCCTCCCTCCTTTGGGTTCGGTATCCCTACTTCCATTACCCTCGGCTCCTCCCACTCCTCGCGGGCTCCGTGCTTTCCGCGGGTCTGTCCGGGGGCTCCGGACCCTCGGCGCAGCTGAGTTGATGGCTTCCGGAGAACTGGCATAGCTGCAGAATATGAGTAGTGTCCCAAGAAGAGTGCTTTGCCTTTGGCACAAGGATCAGAATAAAGGTGAATTGCTATTACATAGGGTTTTTCGGTAAAAGTCACTGAAAATTATTTGCCATACAGTAACCAGAGACCTCCAACTAGGGGCCCCCAAACTGTATCCTGCCTGTAGCCAGAAGCAATTTTTAAAGAAAAT,4.026600058231389,2.0095621838157713
1537,ENST00000295704.6,ENSG00000163481.7,RNF25,218663864,218672411,19.68065821791886,1914,2470.72,273.662,2.49547,AGACCCCCTGGCCCGTGCGCTTCGCAGGCCAGAGCCCCTCTCTCACCCCCAGCCTAGGAGCTCCAAGCTCCTCAGGCCAAGGGACGGATTCCCTGGCGTTTAGCCCCATCTCTTCTGGCTGCCTGCATACGTTGCCTGACTTATAATTCTTCTCCACCCGCCTCTCCCTCCGGTCTCTTTCGGCTCCCTTTCTTACAATTTTACTCGCTAGAACTGGTGAGAAGTTCAGAGGACAAAGGCGCTCAGAGGTGTGGAATGGACGGCGGACCACACATGGGCACTTCCTGGGACACATCCGAACTGCCTCAGGGCCATCAGGCCCGGCTAAGGACCCGGAGTCTGCGGTTGCCTAGAAACGACGCTAGCTGCCCACCCCTCTTAGTTTTCCGCCTCCGACTTCCCTAAGGGCATTTCCGGTTCCGGCTGCGGGCCGGTGAAGAT,7.886553722512737,2.979395007006519
1538,ENST00000356853.9,ENSG00000187736.12,NHEJ1,219075317,219170827,16.679208267152735,2094,2159.41,243.687,2.54249,CCTGTATCCCAAGACCCTGCCTCCTCTTGCGGTGGGGGGAAAGCGGCCTCTTACTCTAGGCCTTTCGGTTTGCGCGAGCGGGCAGGAAAGCGTGCGTGCGGCTAAGAGAGTGGGCGCTCTCGCGGCCGCTGACG,6.560186379160876,2.713736803329859
1539,ENST00000360507.9,ENSG00000115649.15,CNPPD1,219171897,219178106,13.032312364802255,2060,2724.83,198.246,1.63918,GCGAGGGCGAGGGCGAGGACGGCGGCCCGCCCCGGGGAGGCAGGCTGGCAGGTGGACAGGCGGGCAAGGACAGCTCCGCGAGCCCCCTACAACTCGTTTCCTTCCGTTCACCTTCGCAGGGCGGCGACTGGCGGCGCG,7.9505071833491465,2.9910468965684744
1540,ENST00000396761.6,ENSG00000198925.10,ATG9A,219209768,219229717,21.596629054093373,3799,5475.99,642.543,2.64364,AGTCCCGTCCCTGAAGCCGAGAATTGGCCGTTGTGTCTCCGCCCCCCGTGCTTATTGGCCAGCCTGGCTGCGGGTGACAGTGAGTGGCAGACACCCGGCCTAGCGCCGCGGGTCGCGCCGAGCCGAGCCGAGCCGAGCGGAGCCGGCGGAGCCTCTGGAATCACCCGGGTCGCTGTTCCTGAGGTGGTCAAGGTGGACAGGGGGCGGTGGTG,8.169277607425132,3.0302085094280646
1541,ENST00000243776.10,ENSG00000123989.13,CHPF,219538947,219543787,13.12611284799163,3013,4590.94,312.708,1.53461,CGGCCGCGGCTGAGGCTCCAGTGCCGAGCGCAAGAACCCTGCGCAGCCCAGAGCAGCTGCTGGAGGGGAATCGAGGCGCGGCTCCGGGGATTCGGCTCGGGCCGCTGGCTCTGCTCTGCGGGGAGGGAGCGGGCCCGCCCGCGGGGCCCGAGCCCTCCGGATCCGCCCCCTCCCCGGTCCCGCCCCCTCGGAGACTCCTCTGGCTGCTCTGGGGGTTCGCCGGGGCCGGGGACCCGCGGTCCGGGCGCC,8.55338675493554,3.0964957752142106
1542,ENST00000373873.8,ENSG00000124006.14,OBSL1,219550729,219571859,28.769558803665028,3297,4543.65,418.842,2.07686,CTCCGCACCCCCCCCTGCCCCCCCACCGTTCGCCGCTGCAGGCGGTCGGCCGCCGCG,13.852430497801985,3.7920672234716992
1543,ENST00000281821.6,ENSG00000116106.11,EPHA4,221418027,221574202,14.828472300450535,6346,6575.35,367.311,1.25857,CTGGGATAGAAGCGGCAGGAGCAGCGTTGGCACCGGCGAACC,11.782000445307402,3.5585126075280176
1544,ENST00000281828.6,ENSG00000116120.9,FARSB,222570536,222656337,91.92901574837376,3369,2995.98,2020.77,15.1963,ACATTACAATGCCTGACAAATCCTAGCCAGTTCTATCAAATTATATCTTTCTTACAGGCTTTTAAGCTATTAGTCTCATAAAGATACATTTAATCAGCGAGGTAATGGCATGATGAGTGTTTTTAGGTTAAAAAGAGAACAGGAACTGTTGCCAGCAGAATGGCGATATTCAAGACAACACGCACAAGAAGAGGCGGGTCCTACGCGCTTCGCTAGGGAAGCCCGGGTCAGCTCGCTGCGCAGGCGCAGTGAGTTCGACACACC,6.049434122014817,2.5968001956855375
1545,ENST00000396654.6,ENSG00000152056.16,AP1S3,223751686,223838027,23.913277572225137,830,526.033,43.6207,1.86828,ATTGTGGGAAGCAGCCATGGTCTAAGCCGGGCGCCTCACCTGTCAGCCGCACCGGCTCCAGCGCTCGCCTCTCGCCCTCGCTTCTCCAGCGCTCCTTGCTCGCAAGGCGGGGGAGGCGGCGGCCCAGCCACG,12.79962188335,3.6780292867475417
1546,ENST00000233055.8,ENSG00000085449.14,WDFY1,223855716,223945387,21.56087119982448,4660,4385.89,842.288,4.32679,AAGAGGCCCCAGCAGCCGAAGGGAAACCGGCGCGTCCCCCGCCCGCCCAGGCGTCAGCTGATGGGCTGCCTGCCGAGGAGGCCGCAGCAGTCGCCGCGCGAAC,4.98311015783629,2.3170464669388666
1547,ENST00000409304.5,ENSG00000135919.12,SERPINE2,223975112,224039319,40.236715996614194,2161,1973.96,388.605,4.43539,TTGCGCTGTGGGGCTGCCCGGGCTGCGCGGCGTCTGCAGGCGCCACCGCTGCCTCTTTCCGGCTGTGACCCTCCTCGCCGCCGCCGCTTGGCTGCGTCCTCCGACTCCCCGCGCCGCCGAGACCAGGCTCCCGCTCCGGTTGCGGCCGCACCGCCCTCCGCGGCCGCCCCCTGGGGATCCAGCGAGCGCGGTCGTCCTTGGTGGAAGGAACC,9.071742506659886,3.1813796912460894
1549,ENST00000264414.8,ENSG00000036257.12,CUL3,224470150,224585397,147.52067093383988,6741,5023.21,257.12,1.15323,CCTGCGCAGTGAGATGTTTGTCCGTCGCCGCCGCCGCCGCCATCGCGGAGGAGCGCGATAAAGGGAGCCGAGCCGGACGTGAGGGGGACCCCGCGGAGCCGCCGCGCCAGCGCAGCCCCCCAGCCGCATCGGAGTCGCCAGAGTCCGAGCCGCCGCCGCCGCCGCCGCCGCCCCCGCCGCCGCCGCGGCTGCCCAGGGGCCGGCCAGCTCCCCAGCCCTGCCCGGGGGTCGCGCCGCCGCCGCCCCCAGCGTCGCCCCTAGCCTGCCTGCCCGCCTTAAATGTGACACCGGCGTCGCGGAGCGCGACCTGAAGCCGCCGCCGGGGAGGGGACGAGCACC,127.91955718619866,6.999093039596938
1552,ENST00000389044.8,ENSG00000153827.13,TRIP12,229763838,229923239,15.758064279598546,6405,6320.44,321.872,1.14736,AGCTGATAATTGAAGGAACCCGGAGCCGCCGCCGCCGCGCCGCTGGGGGGGGTGGGGGGAGCTAGTGGAAGTTACTGCCGCGCCACCGAGTCCGGACCGGAGACTTTGGGGCCTAACTAGTGAATGGTAGTGTCTAGAAAGGGTATGTCCCTTCAAGAGAGAGGTGCCA,13.734193522171374,3.779700292106815
1553,ENST00000295190.8,ENSG00000163053.10,SLC16A14,230034974,230068999,15.196633135320592,4398,4400.98,648.747,3.32114,AGCCAAAGCTATAAACTTCAACCGGCCACAAGAGTGTGCATGTGAGGTGACTGCATTTTTTTTCCCTGCCAAACCAGAATTAGCCGGTATAGGAATGAACGAGCATGAAGATTTGAAATTGCTCCGATTGGAAGGAAGCCCAGGTTAGGTTTGGGCACCTCCAAACGCACCCGTTTTAAAGCCACCTGGACTGAGGCGTCGAGCTTTCAGCTCCACCAAACGCTCACCTGGCCTGGCAGCGAGCGGCGGAAGAGCCCGGGAGCCCCTCACAGAGCGCACCGAGCCGGGCGGAGAGCTGAGCCGCAGGCACCCGCGTCTCCAGGATGATAGGCGACATTGCAACAAATCTCTACACCCAGCAGCTCAGGGGGCTCCAAGCAGAGCAGCAAGTTCGAGGATCCGGGCGTGGAGCCGAGTGAGGCCGCAGCCCAGCGGGCCTCGGGCGAAAAATCTTGGAAA,4.575727953449897,2.194001280290296
1554,ENST00000258382.9,ENSG00000135899.16,SP110,230167293,230225729,3.608846781440323,2080,2085.64,99.8418,1.07854,AAGTGCCCATGAGGAGGTGGAGAGAGGCTGCAGGCACCGACCTGCCTTCAGCTTCCGGCTTGGCAAACTCCGAAAACTTTCACTTTTCTTTTCTCGGAAGCCCGGCCCCTTACTGCGTTTGTCAAAGCACAGACTTCCTGTTTTGCCTGCTAGCATCTCCCTGTAACTCTCCCAATCTTGAGGAGTGATCCCTGTCCCAGCCCCTGGAAAGGGGCAGGAACGACAAACTCAAAGTCCAGG,3.3460481590300986,1.7424582099590205
1555,ENST00000322723.8,ENSG00000115053.15,NCL,231453531,231483641,512.4178336019897,4034,4159.99,10865.3,58.8454,GATTGGCTCATGGGGACGGCCGCGAGCTTTGGTTGGTCGGCGCGGAGTCACGAGGGCGCCGTCGTCGCCTTTCCACAGGCGATTACTGGGCAGGCTCAGTCTTTCGCCTCAGTCTCGAGCTCTCGCTGGCCTTCGGGTGTACGTGCTCCGGGATCTTCAGCACCCGCGGCCGCCATCGCCGTCGCTTGGCTTCTTCTGGACTCATCTGCGCCACTTGTCCGCTTCACACTCCGCCGCCATC,8.70786558680865,3.1223191384929065
1556,ENST00000287600.8,ENSG00000156973.13,PDE6D,231732425,231786272,36.53183131284933,1175,1106.4,304.142,6.19333,CTGCGAGGCTAGGGGGAAGGAGAAGGGATCAGAAGCGGGAGCTGAGGGGAGAGAGAGGCCGGTCCTGGTCTGGCCGCTGCGGCTGCTAGCCCGAGGTCTCCAAGCCGGGCTGCGGCTCCATCCTCGGCTCCTGGGCACCGTCTGCGAGGCTCCGCCGACCAGAGTGAGAAAGCCGCGGGCGGCGACCGCCGCATC,5.8985765836552115,2.5603668521933014
1557,ENST00000409852.1,ENSG00000163273.3,NPPC,231921820,231926403,33.299562752447564,1051,1024.1,93.0,2.04599,CGGGCTCAGAGCGCACCCAGCCGGCGCCGCGCAGCACTGGGACCCTGCTCGCCCTGCAGCCCAGCCAGCCTGCTCCGCATCCCCCTGCTGGTCTGCCCGCCGACCTGCGCGCCCTCGCTGCCGCCCGTGTGCGCCCCTCGACCCCAGCGGCACC,16.275525663589537,4.024632234899275
1558,ENST00000408957.4,ENSG00000221944.5,TIGD1,232547968,232550592,21.85558594649545,2625,2320.15,891.959,8.66147,GCGGCTATCTCGGGACGCCAGCTCAGGGCGGCTGCGCAGAGGGCTGGACTCAGCGGCGGAGCTGGCTGCTGGCCTCAGTTCTGCCTCTGTCCAGGTCCTTGTGACCCGCCCGCTCTCCTAAGGGAGCGTGTCCTGGCCCCCTCCCGCAGCGGCTCGGAAAAAAGGCAGCACCGCGTCGTTGACGGCGCGGGCTCTGGACTCGCTGCTTGGTAAAAACCTTCCTCTTCCTCCAGTGCGGGACGCACTCTCTGGTATCTCTTTTGACCTCCCGGAGGCTTTCCTTTGTCGGTCGCGGCGCCACTGTACTATGGCATACCTCGTTTTATTACGCTTCGCAGATAGGGCATTCTGAAAACAAATGGAGGGTTTGTGGCAGCCCTGAGTCCAGCAATTGTATCAGCGCCATTTTTCCAACAGCATGTGCTCACTTGGTGTCTCTGTGTTACATTTTGGTAATTCTCAAAATATTTAAAACTTTTTCATGATTTCTGTGTCTGTTATGGTGATCTATGATCAGTGATCTTTGATGTTGCTATTGTCATTGTTTTGGGGTGCCACATACAGCGTCTTTTATAAGACGTGGAACTTAATGTTGTGTGTGTTCTGACCGCTCCACCCACAGACCGTTCCCCATCTCTCTCCCTCTTCTTGGGCCTCCCTATTCCCTGAGACACAACAATATTGAGATTAGGCGAATTAATGACTCTGCA,2.5233113947742645,1.335318256244951
1560,ENST00000411486.6,ENSG00000123485.11,HJURP,233833416,233854566,14.314886408153498,3187,3448.17,599.924,3.91985,CTATTTGAGTTTGTGGCGCGCGAGGCCCTGCAGTCCGGGTTGGCGCTTGGGTACTGGCTGGGTCCG,3.651896477710499,1.8686458690432377
1561,ENST00000254654.7,ENSG00000132323.8,ILKAP,238170401,238203729,44.27787724756418,1490,1643.67,220.813,3.02672,GGGCCACGCCGCGCGCCGATTGGTGGCGTCCGGGACTCTCCCTGCAGGTGACTGACGGCGCCGGCCGCCCCTGCCCGTCGCCCGCCCGCTGCTGCCGCCCGCCCGGGGTGTGGAGCCCGGCCGCTGCTCGCGGGCTGAGTGTCTGTCGCTGCTGCCGCCTCCACCCAGCCTCCGCC,14.62899681753323,3.870758935040962
1562,ENST00000272937.9,ENSG00000144485.10,HES6,238238267,238240662,35.51435738613372,1454,2048.93,114.375,1.25767,GTCGGCCGCCCCGGGCCCGCGCGGCCAATCGGCGCATTGAGATGCAAATAAGCGGCTATAAAAGGGGCGGGACCGCGGCGGGCCGGAAGCCGCGAGGAGCGCGGACGGCTGGGCTGCTGCTGGGCGGCCGCGGGGCAGCGGAGGGCGCCGGCACTCCGGTCCCCGCCGCTCCCCGTCCCCGCTGCTCCTAGCCCCTGCCGCGTCCCCGGCGGAGCGGGC,28.23821621421654,4.819577052470118
1563,ENST00000607357.1,ENSG00000172428.10,COPS9,240126563,240136807,448.1257047721512,418,231.318,344.783,33.5814,AGAGCGCCGCGGCCCCGAG,13.344461659494577,3.7381692005288563
1564,ENST00000320389.11,ENSG00000130294.14,KIF1A,240713764,240820308,27.136407562567253,8832,14125.6,2733.07,4.35921,CACAGCGCAGAGCAGCCGGCGAGCGGCAGCAGCTCCGGGCTCGAGAGCCCGCGCCCATGCCAGTGCCCATGCGGGGCCGCCGCCAGTGACGCCGGAGAGGTGTTCCCCCCACACTGGGGCTCCCACTACTGCGAGGAGTGACCCACGAAGGCCACAGAG,6.225074626495914,2.638091132382363
1565,ENST00000234040.8,ENSG00000115687.13,PASK,241106099,241150264,6.594618823741988,4572,6235.49,293.394,1.06009,GTCGCTGTGCGATTGGTCGGTGGGATAAAAGCGCGGAAGGGCTCCTTTCCGTGGTGTGTAGCCGGCTTGGCGTGACCCTCGCCTGATCCAGTTGTTAGAGTTGGAAGCTTGGCAGTTGGCCTCCCTTCTTCCC,6.220810330954908,2.637102519954775
1566,ENST00000391975.5,ENSG00000115677.16,HDLBP,241227264,241317061,102.49323402536946,6372,8021.2,1377.1,3.86801,AGGCGGGATTGGGCCGCCGCCCTATATAGCAGCCGGGGCCCGGGCGCCGCGCCTCGGAGCGTCCCGGCTTCTCCCGCGCGGGGGGCGAGTAAGCCAGCGGCAGGACCAGCGGGCGGGGGCCCACGACAAAAGCTGGCAGGCTGACAGAGGCGGCCTCAGGACGGACCTTCTGGCTACTGACCGTTTTGCTGTGGTTTTCCCGGATTGTGTGTAGGTGTGAGATCAACC,26.497665214249565,4.727793340139866
1567,ENST00000407315.5,ENSG00000176946.11,THAP4,241584405,241637449,17.0655683624258,2367,3333.22,633.48,4.28184,GGTGGCGCTTCCTCCTCTTAGAGGACCCAGGAGCAGTTGTCGAGGCGGCAGAGGCGAGCTCTGTCCCCGTCCGAGCAGCCATCTTGCGGTACGGACGTGCTCGGCGCGCCCATGTCGCGGTACGGACTTGCCCCGCCGGGGCGACTCCCCCGCCCGTCTGCCCGCCTGCCGACGGACGCTGCGAGGGGCCTGCGGCGCCCCGCTGGTCCGAAGACGCCCGAACCCGCGGCTGGCGAGGACGCGGGCGGGGGCTGGGGCGGGGGCGGGCCCGCTGCGGGCGCCTGCGCCTCCATCTTGCCGTACGGCGCGGACGCCGCGGGCCGGCCCACGTCCCGAGCCGTGTCGCCGCCGCGCTCCCTCCCTCGGGGCGGTCCGCGGGCGGGCGGGCGGCTAGGGCCGGGGCCTGGCTGCGCGGCTGGGCCAAGGCCCGCG,3.9855689055232797,1.9947856711659064
1568,ENST00000305784.6,ENSG00000168393.12,DTYMK,241675742,241686991,132.41568793887834,1232,1278.58,739.086,13.0236,AGGACACGGCTCCAGTGGCGGCGCGGCCCAGGGCGCAGGCGCGGGTGTCGGTCCCACCGCGCGTCGTCCTCGCCCCGGCCCCGGCCAATCCCTTCGAATTTGGCCGAGGCCGGGAAATACTAGCTAATCACGGCGCGCGCTGTTGACGCCGGCCAATGGGAGCTCCGGAAGGCTGCGTGGAGACGCCAGCGGCGGGCGGTGGACAGTC,10.167364472102824,3.3458738551264737
1570,ENST00000251607.10,ENSG00000072756.16,TRNT1,3126916,3150879,22.40155541678417,2276,1559.27,246.946,3.56814,GTTGGTGACGTCACCGCGTTCACCAGCCCGGAAGTGCGCGTGGCGGCGGTGGCGGCTGCGGCAACAGCGGGGCCGATGTGTAGTTGGTGACTGCCTCTCCAG,6.278216498451341,2.6503547797732696
1571,ENST00000358065.4,ENSG00000170364.12,SETMAR,4303304,4317567,2.002873211879955,2443,1958.08,105.987,1.21951,ACAAGTCCCAGCATCCACCGCGCGGCCCAGGACTGTCAGGGTAGTGGGCGTTGCGTGAGGCGGGTAA,1.6423589899877449,0.7157695086429441
1572,ENST00000256495.3,ENSG00000134107.4,BHLHE40,4979116,4985323,12.17604444125669,3473,4248.93,470.594,2.49534,GCGGCCGCAGCCGCAGACACCTGGGGGCCGGGGCTGGGGGTGGGGGCTCCCTAGCAGCCGCCGGAGCGTTGTCCAACACGTGAGACTCATGTGATGAAGCCGGGGGAGGGCGGGCAGGTCGCTCCTTCCCTCCCCGGCAGTGGCCAGACGTGCCTGGAGTCACAGGGTAGAACACGTAGCTCCAACCCACCCACTCGCTCCCATTTAACCCAGCCCGCAGCCTCTCCATTACTCCTCGGCTTGCCCCCCCACCCCCCCACTCCGCCCTAACCGCCCCCCCCTCACCCGCTCCCTCCCGCCTCCCCGCCCGCCCCACTTCTCATTCACTTGGCTCGCACGGCGCAGACAGACCGCGCAGGGAGCACACACCGCCAGTCTGTGCGCTGAGTCGGAGCCAGAGGCCGCGGGGACACCGGGCCATGCACGCCCCCAACTGAAGCTGCATCTCAAAGCCGAAGATTCCAGCAGCCCAGGGGATTTCAAAGAGCTCAGACTCAGAGGAACATCTGCGGAGAGACCCCCGAAGCCCTCTCCAGGGCAGTCCTCATCCAGACGCTCCGCTAGTGCAGACAGGAGCGCGCAGTGGCCCCGGCTCGCCGCGCC,4.879513189087135,2.28673722264009
1573,ENST00000256497.8,ENSG00000134109.10,EDEM1,5187646,5219957,13.299223959026298,6146,6276.3,529.667,1.90135,GGCTAGTTCCTGGTGCGTCACGGGGGAGTTCCTTAAAGGGGAAGCGAGCCGGGCTACGGGGCGAGCGCGGGGTGCGGTGGTCGGCGGGGAGGCCCCCGCGCTTTAAAATAATGCCCGCGGCGCCCGCGCGACC,6.994621694599257,2.806246031073429
1575,ENST00000345094.7,ENSG00000134077.15,THUMPD3,9362842,9386791,49.50033186459373,3961,3604.7,821.057,5.13176,GCGGCTTCCGGCGGCGTGACCTGACCGCAAGAGGCCAATGGAGTGTGGGAGCTGAAAGGGTCTTCGCTGGCGGCCGGTAACTGGCGGCGGTTGGGAACGGCCGAGTGTGGCTCTTCTGGTGTTTCAGCTTGGGGAGAGAGGGGTGGCCTTCCTCTTGCAGTTGAGGCCGGCGCCGAGCCGGACTTCAGGCGGATCTCGTGGCGGAGCCCATCTTGCTCCCTCTCCCAGGCCTTTACCCGCTCCCTAGGATTCCCGGGCCCTGTAGGTGGGAGTTGGGAGACGACAGTACTGCTTTTAAAGAGACAGTGTTAGGGATCTTGGAAGCACAGCCAAC,9.645878190833892,3.2699125917098577
1576,ENST00000431285.5,ENSG00000168137.15,SETD5,9397615,9479240,110.11073944880596,1824,2059.3,139.556,1.52683,AGTGGCGTTTCCGCTCGGGCAGCGGGCTGAGTGAGCTGCCGCCGCCGCCGCCGCCGCCGCCGCCGCCGCCGCTGCCGGGGGAGGGGCGGCCGCCGCCCGCCTGCGCTCAGAGACTCACGCAGCCCCAGTCCCGCCAGTCCGCCAACACAGTAGTGCCGGCCCCCCTCTTTCCCTGGCCCTGCCCCCCCTCCCCGCCTTTGGCTCGCTCCGCCTTTCTGCCCCCCACCCCCACCTCACGGGTACGGGCCATTCCCGGCCAGGAAACGCCGTGGCGCCGCGTTGGGCCTAACTCGAGTCCTGCCGCCTCCCGGGAGTGCCGTGCGCCGCAGCCCGGGCCCAGGCCCCGGCAGCGCCTGGGACAAGGTCTTCAGAACTACTAGCAGATAATTTGGGGGGACTTCATATTCAGAAGTCTATATAAAGGATTCCTCATGTCCATAACATGTTGGATGAGGCTCTGCAGCTCACCCCCACTCTCAGAGTGGTCAGTCTCCATTAATTGGACCCCGTGATTTCCAATCTCTGCTGTGTTGGACGTC,72.11722290550091,6.172271937337009
1581,ENST00000351233.9,ENSG00000163719.19,MTMR14,9649433,9702393,10.865770154818977,2105,2549.56,262.317,2.31805,AGTGTCGGAGTTGGGTGCAGGCAGGTGCCATGGGCCCGCTTGAGGCACACTGAGGGGACGCGGGGCTGGGCC,4.6874615106744795,2.2288068443973144
1583,ENST00000457855.1,ENSG00000156983.15,BRPF1,9731729,9748018,2.972463822151116,4308,5913.07,331.254,1.26215,GATGTGACAGC,2.3550796832001866,1.2357758736864408
1584,ENST00000339511.9,ENSG00000114026.21,OGG1,9749944,9788219,9.682671481729514,1815,2497.31,123.183,1.11132,CCAGAAGAACACAGCTGTGCGCGCCCACAGGCTCTGGGGGCGGGAGAAGATAAGTCGCAAGGAGGGGGCGGGACCTACACCTCAGGAAAGCCGGAGAATTGGGGCACGAAGCGGGGCTTTGATGACCCGCAAAGGGCGAGGCATGCAGGAGGTGGAGGAATTAAGTGAAACAGGGAAGGTTGTTAAACAGCACCGTGTGGGCGAGGCCTTAAGGGTCGTGGTCCTTGTCTGGGCGGGGTCTTTGGGCGTCGACGAGGCCTGGTTCTGGGTAGGCGGGGCTACTACGGGGCGGTGCCTGCTGTGGAA,8.712766333485867,3.1231308522294388
1586,ENST00000397261.7,ENSG00000241553.12,ARPC4,9792495,9855138,356.434248340454,2582,3194.59,634.143,4.47233,AAGGTGGGCCTCGAGCAAAGCCGCTAGAGGTGGGGTGCGGGTGGTCGGCCTCAGGCGAGCCCCGGGGCACAGCCCGGGGCGGGAGGCGGAGCTTGGCGGCCGAGATCTCCGCGCTGCAGTTAGCCCCGCCGAGCGCCAGGAGCTGCGGGTAGGAGGGGCGAGAGAAAGGATGGGGGTACAGAACCGGAAGAAACGAAGGGCTCGTCCGCTTCGGCTTGTCCTAATTTGGTGCCCAATCTGAAGCTGGGCTGTACCATTGCATACCTGGGGGAGGCTGTGGCAAAGGTGACAAGAAGGCCGAAGGCACAAAGGGAAGCTGCACCCATTCCTGGAGGAGCTTAAATAGTGACTCGAGTGCAAGAATTTAAAAATACCGAGACAGCCCTAGGTGGAAAACTTCCGGAAGGCCCAAGCGTTCGTAAGGGCTCTCTACCCCGCTCGGAGCATAGATGGTACCGTCCGGAAGTCCGGGCGGAGACCGTAGCTGCGCTTCTCGCGAAAGGGCAGGCATCGCGGGGCTGGCCACTTCCGTACTTCCGCTTTCCGGCCCAGCCAGCGCCCGCG,79.69766281568086,6.316465511779808
1587,ENST00000424442.5,ENSG00000250151.9,ARPC4-TTLL3,9792495,9855138,1.3775594103057196,903,824.72,134.722,3.6804,ACTTCCGTACTTCCGCTTTCCGGCCCAGCCAGCGCCCGCG,0.37429611191873696,-1.4177480328762861
1588,ENST00000307768.4,ENSG00000171135.13,JAGN1,9890554,9894349,133.4337562986865,1693,1724.99,778.457,10.1674,GCGCGGAGAGGAGTGACCATAGAGTCGGTCCTCCAGAGACAGAGGGGCCGGAAGTTCTCTTCACGGAGCCGCGCGGCTGCGGGGGCGCAAATAGGGTCAGTGGGCCGCTTGGCGGTGTCGTTGCGGTACCAGGTCCGCGTGAGGGGTTCGGGGGTTCTGGGCAGGCACA,13.123685140614757,3.714100981579383
1589,ENST00000383807.5,ENSG00000144554.10,FANCD2,10026414,10101930,21.873784698066117,5102,4897.99,1360.91,6.26,GGCCTGGCGGGAAAGTCGAAAACTACGGGCGGCGACGGCTTCTCGGAAGTAATTTAAGTGCACAAGACATTGGTCAAA,3.4942148079977824,1.804968301130251
1590,ENST00000530758.1,ENSG00000254999.3,BRK1,10115592,10127190,815.7502651288638,1233,1125.04,1723.0,34.5048,CCGAGAATTCGTGGGTGCTCAAGAGGATGGGTGTGGCCTGGCAGCGCAGGCGCACTAGAGGCCTGTAGGGTCGGGGCGCCTGCGCAGTCGCTCTTCCTCAGGCGGCGGCC,23.641645948646673,4.563258575381125
1591,ENST00000256474.2,ENSG00000134086.7,VHL,10141008,10152220,60.3802060191106,3737,3682.1,594.035,3.63478,TGAGTGTTTATGTTTGTAGTTTTAATTGCTCTGAAGTAAATATCTGATTTTCCAATTTCCACCAGAGTGCTCTGCACATAGTAGGTCTAATTATTTTTCCCTCTTTACTAATCACCCATGCCTTGTAAGAATTCAGTTAGTTGACTTTTTGTACTTTATAAGCGTGATGATTGGGTGTTCCCGTGTGAGATGCGCCACCCTCGAACCTTGTTACGACGTCGGCACATTGCGCGTCTGACATGAAGAAAAAAAAAATTCAGTTAGTCCACCAGGCACAGTGGCTAAGGCCTGTAATCCCTGCACTTTGAGAGGCCAAGGCAGGAGGATCACTTGAACCCAGGAGTTCGAGACCAGCCTAGGCAACATAGCGAGACTCCGTTTCAAACAACAAATAAAAATAATTAGTCGGGCATGGTGGTGCGCGCCTACAGTACCAACTACTCGGGAGGCTGAGGCGAGACGATCGCTTGAGCCAGGGAGGTCAAGGCTGCAGTGAGCCAAGCTCGCGCCACTGCACTCCAGCCCGGGCGACAGAGTGAGACCCTGTCTCAAAAAAAAAAAAAACACCAAACCTTAGAGGGGCGAAAAAAAATTTTATAGTGGAAATACAGTAACGAGTTGGCCTAGCCTCGCCTCCGTTACAACGGCCTACGGTGCTGGAGGATCCTTCTGCGCACGCGCACAGCCTCCGGCCGGCTATTTCCGCGAGCGCGTTCCATCCTCTACCGAGCGCGCGCGAAGACTACGGAGGTCGACTCGGGAGCGCGCACGCAGCTCCGCCCCGCGTCCGACCCGCGGATCCCGCGGCGTCCGGCCCGGGTGGTCTGGATCGCGGAGGGA,16.61179109027523,4.054135728557852
1593,ENST00000287652.8,ENSG00000157014.10,TATDN2,10248023,10293449,21.6898283524176,5342,6873.98,480.832,1.57597,TTTTTTTTTTTTTTTTTGGTGCCTTCTAATTCTAATTCTTCCCATTTCTGGGTGTGTACTTAGTCTCTCTGAGCCACAGTTTTCTGCTCTATAAAGTGGGGTGATAATGCTCAGTACACGGTTTGCTTTGGCTCGATGAGAAATCCAGGTCTGAAAGCTTCAGGTACAGCGGCCGGCGCTGAGGAAAACAGCGTTAAGTGAGGCGCGTCAGCGGACACCACCTGCCTGCACATCTGGCTGGCCTCAACTTCCCGCTGTTCGAGCCCACGTGAGTGGCTCCGCCCCATCTGGCTTCTGACCAATGGACGAGCTTCCTAAGGCGTACCGTCCCGACTCCAAGGCGCCTGGCTTTGAGGCGGGCTGCGTCTTGCTCGGAGTCCCGCCCCTTGCCGGGTCGAGCAATGGGCGCCTTCCGTTTGGCGCAGGCCCCGCCCCTGTCGCTCTCCGGCCTGCGGGCCGCAGGGCTCGTTCCGGAGGGCGGGCGCCACGGAGGCCGGAGTGGTCGCAGTTCGGGCGGAGGCCGGGCCAGGCGGGGCTGTAGGGCTGGGGCAGGCGGCGGGCTGCCCGGCGGGACAGCTGCGGCAGCCGGCGGGGGGCGTCCTGAGTTGGCGGTCGAGGGCGCTGCCAGCTCCCGAGGGGCCGCTCGGGCCCCTTCCGGCCCGGGTCTGGTTGGGCCGCAGGAGCAGGGCGGGCTGCGGCGCCCGGGTCTGGCCCTGGCCTACGGGCTAAGCGCCCGGCCCCGGGGCCGCGGATCCGGCAGCCATGTGTGGATCTTGAAGCGCCATGTGGTCTTCTGAAGCGCTTGACAGTTCTAAAGGGCTTTATATTGCAAACTGATCAAAGCGCTTCGTAGCCCCGGAAGCGCTTAGGCATCTCCGAAGTAGCGCTGGGCAAAGTGAAGGCTTCCTGATCTCAGAAGCACGTTGTGGGCTTGGAAACCGACGGCAGCCTTTAGTCAATTTTGGATCGCTTTGACTTCTCCAACACGGTTTGGCATCTCTGAAACCTTGAGAACTGTGATGGGCAGTGGAAAGAAGAGGGAAAGGTGCCC,13.762843424949459,3.7827066587707296
1595,ENST00000170447.11,ENSG00000075975.15,MKRN2,12557014,12583713,41.48703699036655,2848,2992.26,854.719,6.43556,CACACCGGAGGGGCGGCGTGCGCCGGCGTGCGCCGGCGTGACGCGGCTACGCGGGATGGGCCGGGCCAGGGCCAAGGCCGAGGCGGCAGCGGCTGCGAGAGGCGGCGGCACGACGACGGTCCCTCAGCCCAGCCACC,6.446530991920913,2.688523026104649
1596,ENST00000456430.6,ENSG00000144712.11,CAND2,12796472,12871916,7.029945459949366,4573,6546.19,397.101,1.3667,ATATTCCCTCCCGCCGGCCGGCTCCGCGGCGCGCAGCCACC,5.143737074668446,2.3628169002929194
1597,ENST00000306077.4,ENSG00000170876.7,TMEM43,14124940,14165978,86.62921449514606,3341,3906.46,1386.4,7.9959,TTTGCAGTGCGCAGGCGCATCAATGAGGTACTGCAATGTCCCGGACCGTATAGTTTCCAGGACGTCTCGCCGCGCGCATGCGCAGAAACACTGGGCACAGGGGGAGGTAACTGCAGTAAGTCCCGCTTGGCCCTGGAGTCCACGCGGATTTTCGAAGCTGGGGCTGGCAAGAGGCCGCTGGACACCACGCTCCAGTCGTCAGCCCACTTCCTAGCTGAACAGCGCGAGGCGGCGGCAGCGAGCCGGGTCCCACC,10.834204341618337,3.4375213014291703
1598,ENST00000306024.3,ENSG00000170860.3,LSM3,14178358,14201119,370.0742864393375,3815,3909.44,2978.55,17.1653,GCGCAGCAACCTCCACCAGGCCTCCGCGTCTGGACTCCCGCCCTGCCTCTGGGCCTCCTCCGCCCACCGGCGGCGTCTCCCGCGAAGCCCGCTGGGCCTCGCTCTCACCCTCCTCCTCCTCCTCACGCCGGGCCTTGCTCTTGGCCTTGGATTTCTGGCTGCGCAGTTCGCGTCCCCGCGGCTCCCCGCCGGCCGCGCGTTTCCGAGCCATGTTGCTTGTCTGGGCAAATTCCACTTCGCGAGTGACGCACCCGGCCGCGATGCGCTAGAACGCCGGCCCCGCCCCGAGGCGGTGCGCTTGGCCACGCCCCTTCGTTGGAGGCCTAGTCACGCCCCTAAAGGAAGCTCCACCCCATACCCGTGGCCACTAAAAAACTGCGGGAAGCAGGAAAGAGCACAACAGGTTTCTCTCTATTTCCGGTGTATTGTATCCTCACGTTTCCGGAGATTGACGTTGCTCTTGTGTTCTCGCGAGAGGCGGGAAAGGGCGCAGGGTTTGAAAC,21.559441806396485,4.430247920771446
1599,ENST00000622186.4,ENSG00000131389.16,SLC6A6,14402576,14489349,20.610831014936604,6528,8760.91,576.321,1.4821,ATTTTTCCACCCAGCAGGATGGGTGATGCTGAGAGCTGCCTGCTCAGACAACAGACACGCGAGGTCAGGAAGAAGCCGCTTATAAATTACCGCTTCCTTCGCGCCGCCGCCAACGCCGAGCCCCGAGGACCGCAAGCCCAGAGGACAAGCTGCGCCAAGAGGGAGTGCGGAGCGTTCACCCAGCGGGTCAGAGAGCGAGCGGGCAGGCAGCCCCCGGCCGGCGGAACCCGGCACAGCCGAGCAGAGCGCGGGCGGCGCCGCAGCCACCCCAGATCCAGAACCAGAACCACAGCCCTTCTGAGGAGCTCCCAAACAAAGCAAGGAG,13.906504969257544,3.7976879772343484
1600,ENST00000383794.6,ENSG00000154781.15,CCDC174,14651746,14672659,12.225581887183548,2942,3176.72,370.809,2.62987,GACGGAGGTAGGCTTACGAGGCCTGTGTCGGGTAGAAAGGGTCCTTCCTGGACCGGGACCCTCTGCCACGACC,4.648740008891522,2.216839742189101
1601,ENST00000253693.6,ENSG00000131375.9,CAPN7,15206152,15252918,36.13169620828918,4353,3584.8,1190.8,7.48403,GGCGAGGGCCGCTGGGGCCGCGAAGTGGGGCGGCCGGGTGGGCTACAAGCCGGGTCTGGGCTGAGGGGCGCGGCTTCGCGGTGGACCCCAGCCCGGCAACGGGAAGGCGAGCTCTCCTCCACCGTCCAAAGTAAACTTTGCCGCTCCTTCCGCGGCGCTCCCGAGTCCTCGCCGCCGCCGGGCCGCCGCAGTCCGCGAAGAGCCGTCCTGCGTCAGGGCCTCCTTCCCTGCCCCGGCGCGGGGCCACTGCGCC,4.827839574171827,2.27137773711363
1602,ENST00000396842.6,ENSG00000144597.13,EAF1,15427355,15450635,60.496340343090615,4690,4970.49,1071.5,4.85686,CATCAGTTCCTAAATTCACCTGCAGGGCTAGGGCCAGGCGCACTCACCCCACAGCCAGCCCCACTGGGCCTCGGAGGCAGAATACGGGAAGAACCGCGAAACAACCCTAAACCAATTCTGAGGACCACGAATTCGGATTATCCGGGAGTTCTTTTGCCATGGCACCGCCCCCGCCACTTCCGCTAGGAACCCGGAAGTTCCTACCCGACGCCGGAAGTCCCACGGCCTTGCCTCCTCAGATTCCTCTCTCACCCCCACGCAGAGGAGAGAACTTGCTTCTGGACCCGGGTGGGTGCCGGCTCGGCTCTCCTTGTCTTCCAGAGCGGTGGCCCGGAAGCACAGTCCTCCCAGACGCCAGCGCCAGAAGCTCGGATCGCGGCTGCACCGGGAGAGCGCCGATCTGGGTGCGAGGCAGGTGCGGGGCC,12.455854264502294,3.6387520647517437
1603,ENST00000442255.5,ENSG00000154814.13,OXNAD1,16265160,16350299,2.4090954535079416,1994,1725.7,119.447,1.55946,GCGGAGTATTCCAGGCGCCTGCAACTAAACGTGGCCGGGTCTGCAAGCTAGGTGCCAGCGGGGAAAGTTTCCCTGCTTCTTATCGTCTGCTTTAACGCCTTAAATAGCCCGCTGAAGGCTGCAGCAGGTGCTAGGTAGCAGCCTCCCGGCCCTCGGGAAAGGCGGGGTGGGGAGGCGAGAGCAGCTTAGCCTCCTCGACCTCCCTTCCTGGTGACGGACGAACAGTTCCCGTAGAATTTCGCTTCACCGAGTGACCTTGAGCCCAGGGCGACGGTCAGCTTGTTAATTCCTGGCTGCAGGAACTTTGTGAGAATTTTAATGCATGGAAAAGCTGTCCATGTTCCAACTGCTGTACATCCAAAAGTCTCAGTGTAATAGCAGGACCAAAATATTCTGTCAATCAGCTGACCATATACTTAATGACTCCTAAAATCTCGTGGACTTCTAAGAAAGCGCC,1.544826705082491,0.6274450091714417
1604,ENST00000615277.4,ENSG00000154822.16,PLCL2,16802651,17090594,7.418045022172904,4147,3886.88,249.974,1.44896,CCGCGCGCGGCGGCCCGAGGCGGCGGCGGGGACGCGGGGACGCGAGGACGCGGCTTTGTGCAGGCGGGTCGCGGGGCGCCC,5.119565082661291,2.3560212555888107
1605,ENST00000273047.8,ENSG00000144566.10,RAB5A,19947079,19985175,70.757588489629,2536,2204.62,772.571,7.89528,GAAGTGACGAAGTGGCGCAGTTCGCTGCGTGCAGCGACGTGGCGGCGGGGCCGGCACCGGGCAGCGGAAGTGGCTCCGGCGGTGGGACTTGAGTGTTTGTGTTTTGGTTCGTGAAGGAGCCGGCGGCTGGCCTTAGGGGAGGAGGCAGAGGGAGGAGGAGGAGGAAGAATTAGTCGGAACTCCAGCGCCGGCGGCGGCGGCGGCGGCGGAGGAGGAGAAAGGAAAGAGGAAGGGGGAGCGGCGAGAGGCGGAGACGGAGCCCGACAGGGGCGGCACCACGGCACGAGCCCCGCACAGTCCAGTGTGAGGGGAGCGGCGCTAAGAGCAGGCGACGCCGCCGCCGCCACCACCACCGCCATAGATACACTCTCATCCTACGGGCCACGCCTGGGCCTTGCTGCCAGGAAGCTTCGGCCCCGCAGCTCGGCTTGCTGCGGTCTCAGGTTTCTTTACCTCCAGAAAGAAGAATATTGGCCCCTTGAATTCTGGAAGTTCATTGAAGAGTCTGAAATTAGGGACTTATTTCAAATTTGGAC,8.962011288976326,3.1638225437789593
1606,ENST00000263754.4,ENSG00000114166.7,KAT2B,20040023,20154404,3.966281404960641,4833,4637.62,632.996,3.07516,CCGCGGGCAGCGGAAAAGAGGCCGTGGGGGGCCTCCCAGCGCTGGCAGACACCGTGAGGCTGGCAGCCGCCGGCACGCACACCTAGTCCGCAGTCCCGAGGAACATGTCCGCAGCCAGGGCGCGGAGCAGAGTCCCGGGCAGGAGAACCAAGGGAGGGCGTGTGCTGTGGCGGCGGCGGCAGCGGCAGCGGAGCCGCTAGTCCCCTCCCTCCTGGGGGAGCAGCTGCCGCCGCTGCCGCCGCCGCCACCACCATCAGCGCGCGGGGCCCGGCCAGAGCGAGCCGGGCGAGCGGCGCGCTAGGGGGAGGGCGGGGGCGGGGAGGGGGGTGGGCGAAGGGGGCGGGAGGGCGTGGGGGGAGGGTCTCGCTCTCCCGACTACCAGAGCCCGAGAGGGAGACCCTGGCGGCGGCGGCGGCGCCTGACACTCGGCGCCTCCTGCCGTGCTCCGGGGCGGC,1.2897805008391892,0.36712556386925616
1607,ENST00000425792.5,ENSG00000182247.9,UBE2E2,23203020,23591793,44.51355221697265,1248,1315.17,267.947,4.59017,GAGGAGGGAGGCGCGCGGCGCCGCATGGCCGACGTGGGGCTCGCGCTCTCGCGGTCTCTCCCGGGCGGGCGCGCAGGCACGCGCACTCGCGGGTGCGCGCGCGGACGGCCGGGCGGCGGCGGCTCCCGGAGGTGGTGGCTTCACTTTCCAGGACTCAGGGGCAGCCACAGCGACAGCCGCGGGCAGCAGCCTCAGGAGCCGGAGCTGGAACGGCCGGGGGCGGCGGCAGCGGCGGCGCTGAGGGATCTAAA,9.697582489749323,3.2776251426871954
1608,ENST00000306627.7,ENSG00000170142.11,UBE2E1,23805903,23891316,454.17934451951686,1511,1318.59,2353.37,40.2109,GGCGGCGGCGGAGGAGTGGTGTGTGTGCGAGCGTGTGTGGCTGGGGGAAGCCATTGCCTGTTTAATAGTTGCTGTTGCTGCACTTCCGCTTCTCTCCCAGCGAGAGAGAGACACGAGTGGCCAGGCCCAGCCGCAGCCGCAGCAGCAGCCGCCGCGGCGGCACGGAGGAGCCAGACACAAAGAGAGGGGCTGTTTGCGGGGTGGGGTGGGGGGTTCGCT,11.294931088822107,3.4976035636601583
1610,ENST00000312521.8,ENSG00000174738.12,NR1D2,23945260,23980618,21.362837193979324,5258,4103.78,958.496,5.26222,GTCACATGGTCGCGGCTGCCCTCCCCGTCAGCCGCCCTCGCCGCCGCGGTGCGCTGGCTGCAGGAAGCCGCCGCGCCGCCGCTTTTGTTGTCAGGGACCCAGCGAGGAGCGCCGCTCGCCGGCCGCCGCCACCCTCTCTCGCTGCAGCCTGCTGTGCGCTGCACGGCCTGGGGCCCGGGAGCCCCGCCCGCTCTGCCCATGAGGGGGCCCCGCGACCACCGCTGCTTCCAGCCCGGGGCGGCGCGGCGCTGAGGCGGCGGCGGCGGCGCTGCCCCCTCTGCGGGAAGCGGGCGGCCCCGGCCGCCTCCGCGAGGGCACC,4.059662498713342,2.021359793501151
1611,ENST00000280701.7,ENSG00000151093.7,OXSM,25782917,25794534,20.66787785765378,1519,1299.61,130.089,2.25524,GTGCGCGTGCGCTCGAGAGCGTCATCGCCCCCGACTGTGGAGAAGTGTCCGGGGTAGCCCCGTTACAGGAATGTGTTTCTGATCATCTGAATCTTAATC,9.164380667979364,3.1960373862287814
1612,ENST00000423894.5,ENSG00000187118.12,CMC1,28241584,28325142,41.39145244790551,549,270.66,19.3163,1.60791,GAGCCTGGGAAGGAAGAGGGAACGGGTCCTGGCGGTGCTTTGCAAAGGGCCCGTGTTTCTGTTGCGGGAAGCTCCCGGGGGTCGCACGTGCGTCCGAGCCCAAGCCCCTCCCCTCCACTCCCCTTCCTGCGTGCCCCGGAGCCGCCAAGCGGCTACGTTCTTCTCGGCCCGCCGAG,25.742393820490893,4.686074312873743
1614,ENST00000295770.3,ENSG00000163527.9,STT3B,31532638,31637622,82.00548807083365,4248,3668.55,1891.07,11.6138,GCGGCCGCTGCTGAGGCGGAGACTCCCCGCCGCCGCTTCCTCCACCCCCAGTCCGCCGGCCTCGCGGCGCTGAGGGCGGGAGCGCGCAGAGCTCTTCCCTCCTCCTTTTTCTTCCTCCTCCTCCTCCTCCTCCGGGTCCCCGCCCAGCACCCCTCGCACCAGGCGGCGGCGGCGGAGGAGGAGAGCTAGACCCGCCGCCGGGGCACAAC,7.0610384259100085,2.819880367879532
1615,ENST00000282541.9,ENSG00000152642.10,GPD1L,32105689,32168713,28.275298423458665,4060,3904.62,420.33,2.42534,GCAGTGGTTCTTGGGAGTGGCGAAGCGGGTCCTGCCCCGCTGTCAGCTGCGGCCCCCGGCGCCGGGCGGGGGTGGCCGCGACCATTGGCGGAGAGGCGAAAGGGGCGGGGCCGCCGCCAGCCGCTGCGGGCAAGGCTGAACAGGCGGAGGTGGGCAGCCGGCCAGGGAAGCACGGTCCAGGCGGCTACATTCGGCCCGGCC,11.658282312359779,3.5432833378007014
1616,ENST00000307526.3,ENSG00000170293.8,CMTM8,32238679,32370325,31.284802175468528,1174,1219.39,94.0,1.73679,GGCCTCCACCGCCTTCCCCGGCTGCCCGGCAGCCTCCCCTCGCTCGCTCTCCTCTTCCTCTAGGGCCCCAGCGCAGCTCGGGAGCCCGCGCACCGAGGCGCTAGGGGCACCGCGCACTAGAGGGACACCCGCCGCGCCTGGACAGCCCCCGGCGGGCGCCCCCCTCGCACCTCCTGCCCCGCGCGGGCCGCGCTCCCCTCCCCCGCGCCTGTGTCCCCAGGGCGCAGGGCCGCGCGTCCAGCCCCAGACCCGCCGGGGTCCCTGGGGACGCGCCAGCCCGGCAGTGGCTCGACG,18.013002248670553,4.170966751883609
1617,ENST00000334983.9,ENSG00000153551.13,CMTM7,32391671,32483067,42.90491158409651,2038,2654.13,144.3,1.22491,AGTCTAACTTCCGCGCATCTACGAGGGCCGGGACTGCCGCTACCTTTCTGGAAGGCGCCGGCCGGCCAGTCACCGGAGGGATCCCGCCAGAGGCGGCTCCGCGTCTCCAGCAGCGGGGCAGGGACCCGGGCGCCCCGCCCTCGCCAGCGCCCGCCCCCGCCCGCCCCCGGCCCGCCCTCTGTATCTGGCCCCTGGGCAGCTGCCCGGGGAGGCGGCCAGCGAGCTGGGGCCGCGCA,35.02699103125659,5.130395154659218
1619,ENST00000328834.9,ENSG00000182973.18,CNOT10,32685145,32773875,32.64250876349593,2815,2469.89,671.124,6.12192,CACGCCGGCGCTCCAGGCGCGGCAGGCTGCCGCCCCCGGAAGTAGTGGGTACCGGGACGCCGTGAGGCGGAAGCTGTGTATGGCGGGAGGCTGTGGCGGTCCCTTGGTGGGGAAGCTGTTGCTGTTGCTAGACGACGGGAACTAGCTCTCGTCACTTCCTCAGCCCGCCGTCTGCCCACTCCTCTAGCCGGAACCTGGGGGCCCGGAGCCGGGGTAGGCACAGAGTTGTCCTCGGAGGTCCAGGACAGCGGCCAGCCCGGCGGCGGGAGTCAGGGCCACGCCACCTGCAGGGAAGAACCCGAGTCGAAGCGGGAAG,5.3320704555916985,2.414695843679173
1620,ENST00000320954.10,ENSG00000170275.14,CRTAP,33113979,33147773,101.53671205361816,6630,7852.43,1371.04,3.93375,AAGCACTGGGCCCGCCGCGTCGCACCGTCCTCTTTCCTTTCCTTCTCCCTCCCCTTTTCCCTTCCTTCGTCCCTTCCTTCCTTCCTTTCGCCGGGCGCG,25.811684030153966,4.68995236505597
1621,ENST00000307296.7,ENSG00000170248.13,PDCD6IP,33798352,33869707,55.70382221097253,6161,5443.91,1195.76,4.94874,AGTACTTCTCCGGGGGGTTGTTCGAGTGGAGGAATACTCTTACGTGAAAGTGCTCAGTACACCACTGCGGCAGGAAGGAGGAAGGGAAGAATTCCAGATGGGGAGAAAGTAATATTTTGCAGCACAGTACAGGGTAAACTGGGTCCAGGTGGGCGTAGCCGCCGCGACACCTTCACGTGACCGCGGACAGCTTAAGGACCCCGCATCCAGTGCGCCTGCGCTGGAGCTCCCGGAAGTTGCCGGACCCGGAACGCAGGCGGAGCGCAAGTCTGTCAGCCAGTCAGTCCGCCAGTCCGCCAGCCCAGTACCTCTCTCTCCTCGGCCCTCGTAAGCTGTCCGCGGTCTGTTTGGCCCGAACGGCGGCGGAGGCGCTGATC,11.256162621388986,3.492643171802649
1623,ENST00000273183.7,ENSG00000144681.10,STAC,36380344,36548007,2.2855841307387474,3227,3628.5,288.758,1.79296,AGAAGCCCGCTCGCCCGCTGCCGAGTGGCAGTCACGACTGTGAGGTCGCCGGCGAGGTGGCCGCGGGCGCGGCGGGGCGGGGCAGGGCGCACTCTCCTCCACGCCCGCGGAAGTGCCGGGGAGGTGGGCAGGGCGGGGAGGGAGAGGGAGCGAGGCTGGAGGAGGGCACGTCGGCGCCTCGGCGAGGATGGGAGTCCCCAGGACCCGGAGCTGAGCAGCCTGGCGCGCGGCGGGCAGGGCGCGCAGGACAGAAGCCTCGCTGTTCCTCCGGGAGCCCAACACCGTTCCCGCGCGGCCACG,1.2747546686701028,0.35021962171220344
1624,ENST00000231790.6,ENSG00000076242.14,MLH1,36993332,37050918,39.35800058008565,2752,2760.75,379.22,3.09475,GCCGCTTCAGGGAGGGACGAAGAGACCCAGCAACCCACAGAGTTGAGAAATTTGACTGGCATTCAAGCTGTCCAATCAATAGCTGCCGCTGAAGGGTGGGGCTGGATGGCGTAAGCTACAGCTGAAGGAAGAACGTGAGCACGAGGCACTGAGGTGATTGGCTGAAGGCACTTCCGTTGAGCATCTAGACGTTTCCTTGGCTCTTCTGGCGCCAAA,12.717667204163714,3.6687621568907005
1625,ENST00000361924.6,ENSG00000144674.16,GOLGA4,37243177,37366751,7.090221426650273,7772,6082.01,332.491,1.23167,ATGTGCGGGACCCGACATTGTGCTTGTCCCATCCGGTGCTCCGTAGTTAGCCTCTGTGAGCTCCACGTAGGCCGCGCAAGCGCCCTTGGCGCACAGTTCACCTGCTGCCGTTGTCGTCGCCGCCGCGGCTCCCGGGGCTGGATGGGGGGCCGAGGCCAGCCAGTGGCACCCGGAAGAAAGAGACGCGGCGGCGGCGACGCCGACACCCTCAGGACGAGTGTCCGGACTTGCCCACAGCCTCAAGGAGGAGACGGCGAGGCCCGGCCCCCGCTGTCCCTGGTGTAAAGAAGTCGCCGTAGCCGTCGCGGCCGGGACTCCCCGGGCTCTCGCCCTTCAGGTTTCGTTGACACTCAGGACCGTACGTACGCTGCGCC,5.75659180352714,2.525214915241076
1627,ENST00000273179.9,ENSG00000144677.14,CTDSPL,37861960,37984469,2.1656701544024037,4459,4871.43,342.275,1.583,GCGGGCGGCCGCCGCGCCGCGCACCC,1.3680796932422008,0.4521522723996524
1628,ENST00000396334.7,ENSG00000172936.12,MYD88,38138478,38143022,10.093090926808562,2850,3663.93,230.246,1.41581,AGATTCCTACTTCTTACGCCCCCCACATCACCCGCCTCGAGACCTCAAGGGTAGAGGTGGGCACCCCCGCCTCCGCACTTTTGCTCGGGGCTCCAGATTGTAGGGCAGGGCGGCGCTTCTCGGAAAGCGAAAGCCGGCGGGGCGGGGCGGGTGCCGCAGGAGAAAGAGGAAGCGCTGGCAGACA,7.128845626749749,2.8336684801199468
1629,ENST00000311806.7,ENSG00000172939.8,OXSR1,38165089,38255488,31.76382687574197,4553,4651.37,828.562,4.01334,GTGTCGGCAGGTGGAGGAAGAGGGGAAAGTTTGGCCCGTGCGTGGGGCTGGGGTGGAGGGCGGGACAGAGGGGCTGGGCCCAGGCAAAGCTTCTGTCGCTGCTGCTGCGGAGGCCGAGGACAGGACGTGGGCTGGGCCGGGCAGTGCCGGACTCGGAGGAGCAGGAGGCGAGGTCCGCCGGAGCTCTGAGCCCCCGCTGCTCTGCCGCGCGGTGACCCCGCGCCCCGGCGCCGTCCGACCCGTGGCTGTTCCGAGACGATTGGTGGGGGCGCGGCGGCGGCGGCGGCGGCTGTTGGGGGTGGGGAGACGCGCGGCGAGGAGACGAGCGAGGTCAGCGAGTTTGAGGGAGGACCGCGAGCCGCTGCCGCCGTC,7.914561655813354,2.98450944960485
1630,ENST00000207870.7,ENSG00000093217.9,XYLB,38346760,38421348,6.8795970535697055,3664,4106.67,238.245,1.30706,CCCTGCGTCTCTGGGCGCTGGAGCGCGGCGACTATCACGCCGCGTGGCGGACGGACGGACTGACGGACGCGCAGCCTTACCCGAAAGGCC,5.263413350243834,2.395998698066536
1632,ENST00000352511.4,ENSG00000114739.13,ACVR2B,38453851,38493142,8.223801519210857,11821,13337.8,886.409,1.49731,CGCCCGCCTCTTTGTATCCAACATCCGGGTTTCCCCGCTGGCTCGGCTCCGTGGCCGCCGCTCAGGAGCCATTTTGGACTCGGTTCAGCTCCCCTCCCCCCCACCCCTCCCCCCGTTCATGGCCCCTCCGGACTCGGCCCCTGCGCCCGGGGCCCGGGCCCAGCCCCGCCGCGCTATGCCTGAGTCGGGCGCGCCCCGGCCCGTGCCCCGCCGCCGCCCCCCGGCCCCCGCGTCGCCCCGGAGCCCGGGCCGCAGCCTGCGCCGCCCGCAGCGGCCCTGAGCCCGGCCCCGCCGACCGGCCCTTGGAGCCCGAACGCTGCTCGGGGACGAAGGCGCAGGAAGCGCGCAGGGAACGAGACCGAAGGAAGGAGCGGGAAGGAGAGCGCAGCCGCCGCCTGGCCCTGCGCGCCCCGGGAGCGCCGTGCGGCCCTGCCCGCGGGCTCCGGGTGTGCGCGGGGCGGCGCCGCGGAAC,5.49238402148577,2.4574325006715068
1633,ENST00000287675.9,ENSG00000157036.12,EXOG,38496127,38542161,13.07269329061066,2792,2589.34,156.284,1.35984,AGCTTGGCGGGCGGTGAGGCGTGGGGTGACGGGGGGATGGCGGGGGCCGGCATGCGCGCGCATGCGCCGTGGTAAAAGGCCGGTACCTCGGGCAAG,9.613405467268693,3.265047584009892
1634,ENST00000302313.9,ENSG00000114742.13,WDR48,39051998,39096671,37.813331551637496,3707,3468.41,552.773,3.59069,AAGTGACGTCGGAGTGTCAACATGCAAG,10.530937382964694,3.396561954571463
1635,ENST00000273158.8,ENSG00000144659.10,SLC25A38,39383348,39397351,16.58669961339348,2123,2510.61,500.264,4.48934,GAAGCGAAATCTCCCCTTCTACAGAGTTCCTCCGGCGCTTCCTCCACCCCGGGATACACAGAACCTCATCTCCTACGGTGCTGAAGCCTGCAGCAGGGCAGGATGGGCAGGAGAGCAGAGCCGCGGAGTCTGCGGCGCGGGTGAAGAGCGGCGCGTAATTCCCGCAGCAAGATTGTTCCGCGCCCGCAGCCCCTGGACTAGCAGGATCCGAACCCCGGCGGCTGCGTGCTTATAGGCGCAGACGTCAGAGAGCCCGCGGCTTAAAGCGCGTCGCCTGGCTAGCGCCACCCCCTAGCCTTCTTCAAGGCCTCCAGGGCTGGGCCCAAGCGCCCGTCGACGGCACCCTGGGCCCAGAGGACTCGCGGGCCTCATCTCCA,3.6946855469609075,1.8854515824648128
1636,ENST00000232905.3,ENSG00000114784.3,EIF1B,40309684,40312424,100.69462760870466,1010,707.51,389.52,12.4039,AGTCTCCATCGGCCATTTTGTGCGAGAAGCCGCAGCGCCGCCTCTTCTCTCGCGCCCTCGCCTCTTCCTCCGCCTCCTCCTTCGCCTCTTCCTGCCTCCTCCCGGCTTCCGCCGCCGCCACTCCAGCCTAATCCCAACCCCAGGGCGAAGCGTTTTCTTATTTATTTCCGTTTTCTCGCCACTACAGCCTCCTGACAAGGTGATCCGGGCGGGCCCCGCAGGAATTTTATCCCCTCACCGGCCTCACACTAGTATCGC,8.117981248535111,3.0211210076043855
1637,ENST00000338970.10,ENSG00000188846.13,RPL14,40457292,40468587,1770.485704831632,7072,7200.0,1359.88,4.2553,GGCGGTGCGTTCTTCTACACATGCGCAGGGTTGGGCGGGTCTTCTTCCTTCTCGCCTAACGCCGCCAAC,416.0660129324917,8.700668633945991
1638,ENST00000314529.10,ENSG00000177842.11,ZNF620,40505992,40518736,9.94176702236667,3291,3083.12,222.954,1.62924,AAGCTTTCCCCGGTGTCGGCGGCAGGTGGAATTTCCACGCTTTATCTGCGCCTGCGCCGCGCGGGATTCGCGGTCCGAGCTGAAGAGGTTCGCGGTCCGGTTTCACTTCTCCGAACCCTGAGGCAGTGTGTGAAGCTGGGACGCCAGCC,6.102088717663862,2.609303155269446
1639,ENST00000339296.9,ENSG00000172888.11,ZNF621,40524878,40574685,22.42914344792769,6378,6724.99,754.64,2.5282,GGGGCGGGTCTGGCCACGGGGCGACCGAGATGGCGGCCTCCGGGGGCCTAGAGGGACCCTGGGCGTGCACTCGCCCTTCCGGCTCGGCCTTTAGTTAGTGACCAGCTCCTCGGCGTTCTGCAGAGCGTGGGTTTCAGCGAGTTCTACGTGCCAGGTCCGCCCGGTGCCGGCTTCCTCGCTGCCCCTGGCGGCTCGTCAGCCCCCACTACCCCTGAACTTGGTCCCAATGGCGGCCCGCCCCTCCTTCACCCGGACCGTGGGCATCTGGGCCTCGCCGAAGCCGTCAAGGTGGCTGCTCGGGCTTCTAGAGCCCGTGTCCAGCCCTTTGCCACCGAGGCCTGATCCTCTTTTCTGCCCTAAAGAACTTGCCCTGACAGCCTCTGGCTCCCGCTCTTGAGGATCTTGCTTGTCCAAACCCAGAAGACAGTGCATGAAGCCAGGGGACATCCGCC,8.871585890328173,3.1491920246617866
1641,ENST00000396183.7,ENSG00000168036.16,CTNNB1,41194837,41260096,405.8518869944671,3268,3239.59,1915.87,13.3241,GCTGCGCCGGTGGCGGCAGGATACAGCGGCTTCTGCGCGACTTATAAGAGCTCCTTGTGCGGCGCCATTTTAAGCCTCTCGGTCTGTGGCAGCAGCGTTGGCCCGGCCCCGGGAGCGGAGAGCGAGGGGAGGCGGAGACGGAGGAAGGTCTGAGGAGCAGCTTCAGTCCCCGCCGAGCCGCCACCGCAGGTCGAGGACGGTCGGACTCCCGCGGCGGGAGGAGCCTGTTCCCCTGAGGGTATTTGAAGTATACCATACAACTGTTTTGAAAATCCAGCGTGGACA,30.459985064242023,4.928843329301233
1642,ENST00000232978.12,ENSG00000114857.17,NKTR,42600614,42648741,5.523402251322327,7343,6711.3,1217.83,4.08829,GTACTCTCGCGGTATTTGTCCCGACTCTCGCGGGGTTTAGCGTGGCATTGGGAGGCCCGGCCTGGGGGAGGAGACGGCGTTCCGTTAGCGGCGTTGGGGTTTGGCTGCAGTGGCAGTGCTTTCTCTTCTGCTCACGGGGACCCGCTCAGGCTGGAGGCCAGCCAGCTCTTGCCGCCACCTCGGTCGCG,1.3510299541672257,0.4340596615247687
1643,ENST00000296088.11,ENSG00000163788.13,SNRK,43286512,43424764,7.108952456109215,5183,5195.06,300.366,1.30263,AGCTACCCGGCACCCCCTCCCCGCGGCCGGCAGCCCGCTCGGTATTATGATTAGCGCTGGGTGCGGGGTTTCGGCGGCCGGGAGGGAGTTGTCGGCGCCGCGGCCGCTGCGGACGGACGCTCGCCTGCCGGCTGAGGAAAAAGAAGCAACTAACAAAACACTGTGATAATAAGGATTATTCAGTATGCAGTTTGCAGGATATCCATGACGACATTGAAAATGAATTTTTTGTATTCACCAGATATTCTTATATGAGAAGATCTATTTTAAACAGTCTAAATATTTTTTCTTCTGTTGGACCAGC,5.4573842580849625,2.448209628412123
1644,ENST00000458276.6,ENSG00000011198.7,ABHD5,43690113,43734371,14.871641077267276,1690,1412.07,214.306,3.41932,AGTGCGCGGAAGACGCATGCGCTGGCGGCCTGCGCCGCCTTAAGTGCCGCGCCAGCCCGGGGCGGCCCAGTCGGCCTGTCAGCCGGCTTCGAGATAAGTCCCGGCGCTTGCGCGGCGGCGGCT,4.349297836197628,2.1207825067078647
1645,ENST00000383746.7,ENSG00000179152.19,TCAIM,44338119,44409451,66.7302400873581,1998,1627.93,134.139,1.85644,CTCCTCCAGCAGTCCCTTTCCCCTTCTTCCCCAAGATCCAGCGCGTGCTCGGTTGCCCTTCTCCGTTCCTTGCAGGCCCTTGGGTCAGGACCCACCACCTGCCGGACCATCATTTTCCGAGTCCCTCCGGCCTAGTCGGAGTGCTCGCTCGCGCCTCCTAAAGCTCTCAGCCGAGCGCGCCGAGACCCCTCAGGGCGGCCGCAATTAATGGATGCCTCGAAGTTGACGTACATATATATTCAGAA,35.945271642152775,5.167730101238601
1646,ENST00000383745.6,ENSG00000186448.14,ZNF197,44555193,44648471,2.224791387367125,2935,2672.14,180.908,1.52532,CTCGGCTGCCGGAAGGGCTCGTTCCTGTGTCATCTCCTAGCGGCCTGGCGCCGAGGCGGCGGTACGCAAGGCTGGAGCCGCAGCGGGAGCCCCCGGTCTTGTAGATGATACTCTCCAAGCTGTAAGGAAGAAGTCAAGGATTAAGGAGACCTGGACTGGAGAGGAGCCTTTTTCAAAAAACAACA,1.4585735369411827,0.5445581244643495
1647,ENST00000396056.6,ENSG00000169981.10,ZNF35,44648727,44660791,9.378105788382122,2661,2447.36,121.556,1.11903,ACTTCCTGTCCGGTCATTGTTCTCGTGCCGGTAGAAGCTGAAGTACCGGTCAGCCAGCCTCCTGCTGCAGAGCCAGTGAACTCAGGTCGGGCTTCTCAGCTGCGCACATAGGCAGTACTCATCTTGGCCCTGGGAAGAAACTCAAGAAGAAGCTTTTGAAACATAAAGCTTGGATGGGGTTTGACCTCTGCAGGGCAGCGCCCAGCTATAGGAGTTCCCCTGCTGAGCAGAGAAG,8.38056690918217,3.067047839318684
1648,ENST00000326047.8,ENSG00000163808.16,KIF15,44761717,44873376,9.737908013003416,4842,3852.73,477.706,2.79354,GCGGCCTCCATGCGGGCGTCAACGTCCGATCCAAGCGCCAAATTCAAATTTGCGGCCATCTTGAGCGGGCGGAATTCAGTCGCGCGCGGTGCAGTCGGGAGGTGGAGGCACCGGCTGCATTGTTTTCGGGATCGAGGGGTGAGGGCGCT,3.4858666827764826,1.8015173945424445
1649,ENST00000265564.7,ENSG00000075914.12,EXOSC7,44975241,45036071,26.58258646881225,1055,1042.13,115.921,2.50613,GAGGGGACGCGCGCAGATGACGTGCGGCTCGTGGGGCAGCTCGGCAGC,10.607026159382094,3.4069483264004266
1650,ENST00000265537.7,ENSG00000011376.9,LARS2,45388506,45549421,25.065246037408272,4281,5336.24,659.842,2.7859,GTTGCTCTCCTCCCTTCCCCGGTCCCGCCCCCGTCTGTCTGTGTCGACTGCGGACGCTATCGATAAAGTTGCTGTTTTGACAACATGGCGGCGCCCATGGTCCGTGGCCCGGCAGTGCTCGCCTAAAGGTGGAGAACGAGGAGTAGAGGAGCCGCAGGCCAGAGCCTGTGAGCAGATCCAGACCTACAGATAAAAAACATTATTTAATCTATCTGGGATTTACTCCGGCTTATGATTTGAGGGCCTTCTCACCTTCTGAAGA,8.997180816758776,3.1694730171280856
1652,ENST00000273317.4,ENSG00000144791.9,LIMD1,45555394,45686338,17.719025812143062,11331,13627.8,742.596,1.22769,GCCCGGACACCTGTCTGCAGC,14.432817577843807,3.8512810654566585
1653,ENST00000389061.9,ENSG00000211456.10,SACM1L,45689056,45745424,49.08444209318032,3723,2897.08,803.194,6.24628,GGCATCTCTCGCGTGCTCTTGCTTGCGCACTAATTTGTCCTCCACCGCCTCCCGTTCAGGCCGGCTCTCCTGCGGGGCGGGGAAAGGGGTGGGAAGAGGCTGGGAGCTGCGGCCGCTGTGCCAGGGTGACCGGTAGAGTTGTAGCCGAGGTGGCGGCGCGGGGCGGGGCGGGCGGAGAGAGAAGGAAGGAGGTGGTTGTGCAGG,7.858187928363814,2.974196670224258
1654,ENST00000232766.5,ENSG00000114648.11,KLHL18,47282917,47346816,7.067986073376863,4620,5883.1,449.65,1.72199,AGTTGCAGCGGCCGGGGAAG,4.104545365174515,2.0372224325434605
1655,ENST00000265562.4,ENSG00000076201.14,PTPN23,47381011,47413441,8.043490172961812,5244,8210.21,480.134,1.31756,CGGGGCTGGGCTCGTGGCTGAGCCAGCAGCTGCAGCAGCTACGGGAGTGGCCGGGTGGCCGGCGGGTGCCAGCCGCC,6.104837861624375,2.6099529791870086
1656,ENST00000457607.1,ENSG00000132153.14,DHX30,47802909,47850195,27.11936198542314,3748,5039.1,1582.3,7.07453,GGCGGGAGCACG,3.833380024598544,1.9386170277306047
1657,ENST00000452385.5,ENSG00000177479.19,ARIH2,48918821,48986382,19.569668836051115,2778,2911.1,192.448,1.48942,TTTTGTATTTTTAGTAGAGATGGGGTTTCGCCATGTTGGCCAGTCTGGTCTTGAACTCCTGACCTCAAGTGATCCACCCACCTTAGCCTCCCACAGTGCTGGGATTACAGGCATGAGTCACCACACCCGGCCAGTAGAACTCTTTAAACCTGAAAAATCAGTCAACTTTGCAGACTAGAGGAGGATGTTGAACACCTATGTGTGTTTTTTTTTTCTTTACCAACTATGCACCTATTTTTCAGACACCTAAAAGTAATGTCTGTGAAACAGTGGTTTTCTTTTTCTACATATTACAGCAGGAAGTGTTCCTATTTATGTACTGTCTGTATCAATACTAACGGGGCATGATAAGCAAAATTTTAAACTTTGGTAGTTAAACCTTTATGTTGCCTCCCCTCTGGGCTGCCAGCTGTGGGGATGTGCTTCTCCCTTAAGGACTTTGGCAAGAATAACAAGTTCATTGGAATTTGACTTTCTGACATAGAGCAGACAGCCTTGCCCTGTCATGCCAGGCCTTTCATGTGAAGTTACCATTTATTAGCTGCTTCTGTCTCTCCAGGGAAGGATTTCCCTTTTATAAGCCTGGGCCAGGGGGATGATAGTAAGATTCCCCATGTGATACCAGAGTTGGAATAGGCTGTAGTGAGATTAGGGCCAGGACTGTCCCATTTTGATTCTTGAATGGTTTCTGTTACAACTTGTCATGGGGAAAAAGTAACACTTATTTTTTTTTTCCTCCCTTAGAAGACAAAAATACTAATGCATTTGAGAAAGCGGTAGTTTTGGGGGGAGGGGGAAAAAGCAACTGCTTTCCTGATCTGCAACTTGGCTGGATGCTAAG,13.13912048720382,3.7157968019618686
1658,ENST00000326925.10,ENSG00000178057.14,NDUFAF3,49020459,49023495,212.4250736617193,2012,2932.97,315.815,2.42598,CGCGCCCGTGGGGCCGGAGAGGAAGTAAACCCGCGCGTCCACCTCGGGGACACCCCCGCGCTCGGTGGCCTTTGTCCGGTGACGCTGCCAGCGCCCGGAGCACCAGGGGCCGAAGGGGTCCACAGAGCAGCCGCGGGACCCCCGGAAACCCATTGCGACCGGCCCCAGGAGACCCACCACCAGGCTCCCACTGTGCCGAGCTTCCCGCTCGCCCGGCCCCGCGGGTAGCGAAAGCGACAATGTTCCCCTGAGGCCACGACAGAGCCGGCGTGCCGAGATGCCCAAACCCCGCGCGGGGGCCAGCGACTCTCGCGCCAGTAGGCCCTTGACTTGGATCAAGACGGGGGACGGGGGACTCCCAGGACGCGAGCAGAGTGAACGAGGACAAGGTGATGCTCCACGCGCTTCTACTTCAAGTCTGGTCCGGTTCGGCCTGGTCTGGGCCAGCCGAACAGCCACCCAAACACTATCACAGCTTGCCCTTCCGCTTGCTCTGGCTGCCTGCAGACTTGGAGCCATTTTAAGGAGAAACCACCTGGCCACGCCCCCTAGAGAACCCGAGAAGCCAATCCACGCTCGGCCACGCCCCTCTCCGCGCGCTGCGGAGAGGCCAACGGTCGCGCGGGTGACGGTTAGGGCGGGGCGTGCTTCCGCGTCTAGCCGGAGAAACTTGAGCCGGCTGCCCCGCCCACGGTGCCCGAAGCCCCAAAGGCTGGAATTAGGGGCTAGAAGTCTGGCACCCACCGCCTGGCCAGGTGTTCGGGACGCGACCAGGTGGGCGGTCGCCCCGCCCCGGGAGCGCGGCTTAATAGCTGAGAGCCCGGGGGCCAGGCCGCGGCTGCGGCCCAGGCAACGCCCTGAGGGTGGCCACGCTGCCAGGTGTTCCACTCCCCCGGGACTATGGGCAAGGGCCCGGGGCGGGGAGGGCGGCAGGTGCTGACACTGGAGCTGCGCCGGAGGTCGGGGAACTCGGCCTCCTAAGACTGAGGACACTCGCCTGCTGGGCCGGTCGAGCTGTGCGGTGCCCTCCGGGACGCAGGGGGCGCTGCAGCCACGCTGGGTCAGGCTCCGCAGGGCCCTCCCAACCCGGGGACTAACGGCGCCGGTGACGACTTCGCCGCGCGTTGGTCAGCC,87.56258240452077,6.452242598141454
1659,ENST00000273590.3,ENSG00000145022.4,TCTA,49412206,49416475,34.08742344206251,2146,2744.03,371.02,3.04629,TACTCCCGGAGTCACTCATCCCTTAAGCAAGCAGGGTGGGGTTAGGTGCGCGTGCGCGGTTTTAATACTCCTCCCCGAACTGCCAACTCTTCACGCACGCGAAGTAGGCCCCACCCTGGCTGGGTTTACGCGTGCGCACTAACGGGCCTGGTCCCGGAAGACCACACGCGTGCGTGGTGGGGACTACGGTGACAGTACCCCGGGTGGGGCGAGGGCCAGTC,11.18981562558473,3.484114360134112
1660,ENST00000308775.6,ENSG00000173402.11,DAG1,49468703,49535618,50.59908527485568,5522,7629.5,677.55,2.00082,AGGCAGAAGCCGGCGGCGCGCGGACAGCCAGTCGGCGCCGCGCGGAGCTGGCCGCTGGATTGGCTGCAACACTCGCGTGTCAGGCGGTTGCTAGGCTCCGGCCGCGCGCCCCGCCCTTGCGCTCAGCGCCCTCTCACCGCCCGGTACGTGCTCGCGCGAAGGCTGCGGCGCGGCGCTCGCGCCTCTTAGGCTTGGCGGTGGCGGCGGCGGCAGCTTCGCGCCGAATCCCCGGGGAGCGGCGGTGGCGGCGTCCTGGGGCCAGGAGGAGCGAACACCTGCCGCGGTCCTCCCGCCGGCGCTGGGCTCTGTGTGCTCCGGGATGGAGCAGGTGTGCAGAGGGTGAGAACCCAGCTCTGGGACCAAGTCACTTGCTTCCTTACTTAGCAAGACTATCGACTTGAGCAAACTTGGACCTGGG,25.289174076056657,4.660448015406322
1661,ENST00000296456.9,ENSG00000164062.12,APEH,49674002,49683963,42.456719960560655,3220,4755.45,332.992,1.57763,CTCAACCCCTTCTCTCGTAGGCCCTTCTACCCTCCCCGAAGCCGGGCTCCCGGGTTCCGCTTCCACAGGGCCGCCCCCTCTCCTCCGAGATCCAACGCCTCGCCCCTCGGTAAGAGGCCCAGGACTCAGCCCACGGCCCCGCCCCCCACTTGGCTAGTCCGCCCCTGGCGAGACCCCTGCTCTCACCCACCCAGGACTTCTCGCTCCCAGGCCGGGTCCTCTCACCGTCAAGGCCCGCCCCCTGCCAACGGTCCTCACCCATTAGCCGAAGGCCCCGCCCCTCACAGATTGCCGCAGGGCAGGGGCGGAGACAGCCCGGGCCGTCCCAGGCTCCGCCCCCGGAAGCCTCACTTCCGGGCGCGAGCACGCCCCGCCTCGCCCCGGCGGCAGAGAGGAGACT,26.911709311157022,4.750162122298722
1662,ENST00000327697.10,ENSG00000164068.15,RNF123,49689499,49721529,6.421517143473425,4311,6193.76,451.777,1.64336,GCTGGAGGCTCAGCGCGCAAGCGTGCGCGTGATTTGGCCCTGAACGGACGCCGTAGCCAAGAGGTTGGGCGGATGTTGTGAGCCGGGTCGCTGCGGCCGAGGCTCCGGCCCCCAGGACCACTGGCTGCCCATGAGAGATGAAGG,3.907553514429842,1.9662656312476858
1663,ENST00000266022.8,ENSG00000004534.14,RBM6,49940007,50119021,9.502221897884686,3750,4169.28,206.503,1.1159,ACGGCGGGAGTAAGAGTCTGCGGGACCGGCAGCTGTACTTCATCTCCCAGCGGGCCGAGCGCTGAAGGCAGCGGCGCGGCGCCTTTGTGGTAGCAGTGGCCCCGCGCGGAGGAAGTTCCGGTGTCCGCGGCGCTGGGTCGGTGGCGGAGGCTGAGGAGAAGGAGGAGCGGGCCGTGGAGGCTTCGCCGCCTAGGTACTGCTATAACCAGAATTTGGTAGAAAAAGGATTTACTTGTTGGGGCCCTCTTGATAAAAAGAG,8.515298770395813,3.0900571496344824
1664,ENST00000347869.7,ENSG00000003756.16,RBM5,49940007,50119021,16.987660430033024,3188,3514.19,770.199,4.93786,AAGCGTGAGGTACTGTGGGTAGGAGACGGCCGTCGGCGGAGGCGCCATTTTGTGTAGCCGCCGAACCTTGTTGGAGGTTCTGGGGCGCAGAACCGCTACTGCTGCTTCGGTCTCTCCTTGGGAAAAAATAAAATTTGAACCTTTTGGAGCTGTGTGCTAAATCTTCAGTGGGACA,3.4402879850852446,1.7825293373879085
1666,ENST00000313601.10,ENSG00000114353.16,GNAI2,50226292,50259355,61.98931564335873,2464,3410.4,308.303,2.03674,AGTGCCGGGTCCCGGGGTTTGGAACCACCCCTATTGCCTTTTCTCCGCGTGGCCCCGCCTGCAGCCCAGGCCCGAGCCTGGGCTGCGCCTAACTTCCCCCTTCGCTCCGCCCTCGAGCCAATCAACAGCCTCTAATCTCCTCTGGCCCCGCCTGCAAGCCCGCCCCGGCCCAGTCACAGGCTTGGTTCGCCCAGGCCCCACCCCCGGCCCGCCCCGCCGTCGGTGCGCGGCGGTAGGGAAGGCGCCTCCCGCAGTCGCTCGGAACTGCCGACCCGAGTGCTTCCCGCAGAGGGCTGGTGGTGGGAGCGGAGTGGGTCGGGCGGGGCCGAGCCGGGCCGTGGGCCGTGTGGGGGCCGGGCGGCGGCCGGGCCGGCGGACGGCGGG,30.435556646090678,4.927685846877255
1667,ENST00000266037.9,ENSG00000088538.12,DOCK3,50675241,51384198,1.1682352547155634,8755,10656.3,550.0,1.16284,GCGGGGCCGCGCCCGGCACGGCC,1.0046397223311576,0.0066782237986962025
1668,ENST00000528157.5,ENSG00000145050.15,MANF,51385047,51389397,132.02883381064763,1153,1139.17,629.615,12.4523,CTTCCGTCGCTGCTGTAGTCGCTTCCTGCGGCCAGCCCGGGTTCAATCAGCGGCCGACAACTGTCTAGGGCTCAGACACCACCAGCCAATGAGGGAGGGCAGCGTGGAGCCGCCCGTCTGGGCTCGCGGCTCCTGGACCAATGGGGAAGTGGCATGTGGGAGGGCGCCGGGGGGCCCCCCGCCAATGGGGAGCTACGGCGCGCGGCCGGGACTTGGAGGCGGTGCGGCGCGGCGGGTGCGGTTCAGTCGGTCGGCGGCGGCAGCGGAGGAGGAGGAGGAGGAGGAGG,10.602766863201788,3.406368889764429
1669,ENST00000563281.1,ENSG00000259956.1,RBM15B,51391268,51397908,17.25229501476168,6641,8868.96,1393.31,3.53945,GCCCCGCCGCCACCGCCGCGCCGAGTCCTTTTGTCCAAGATGGCGGCGCCGGGGGCGCTGCCTCCTCGGCCGCCGCCTCCGCCGCCGCCGCTGTGAGAAACCTACGGGCCGCCCGCCCGCCGCGCCAGCGCC,4.874286969659602,2.2851911910524954
1670,ENST00000409535.6,ENSG00000164080.13,RAD54L2,51541144,51704323,6.8692309557588285,9776,12739.4,666.158,1.17812,TGTATGTAGGCTGGGAGTGTCTGCTGATCACTTGGAGTGCTGTCCCTTGGAACAGGAGGAGTAAGATTGAGCACCCCTGCAGTGGACCATGAGTCGGTAATGCCCACTGAGGACCTCTGGGAGCC,5.830671710656663,2.5436620957432776
1671,ENST00000341333.9,ENSG00000164081.12,TEX264,51541144,51704323,45.07356721066288,1340,1701.77,175.627,2.32516,GTAACCGAACCCTGAGCCGCCTGCGCGGATCGGCGTCCGCAGCGGGCGGCTGCTGAGCTGCCTTGAGGTGCAGTGTTGGGGATCCAGAGCC,19.385146489128868,4.27687973213489
1672,ENST00000479054.5,ENSG00000010322.15,NISCH,52455118,52493071,12.752180155750386,5173,7571.4,536.872,1.59756,GAACTGGCCCAGAATCACTCTCGCCCTGCTCCGGCGTCTGCGCCGGGCGGCGGTGGCGGCGGAGACCCGAAC,7.982285582857849,2.9968018951862496
1673,ENST00000477703.5,ENSG00000168273.7,SMIM4,52534013,52579237,145.68620388306252,1770,1310.79,82.5682,1.41919,ACTCGTGCGCCTACCAGACAGTGGCGGAGGACGGCGCTCGCTAGTCTCCCAGGTCGCGGTACACGGCGAGAACGGGCGGGGCGGTCTCGGCTGCGTCCGGGCGATCCAGTGCTTAGTTCCGTCATATCCCTCTCCACGACCTCGGTCGAGC,102.65447465319127,6.681652704890694
1674,ENST00000418458.5,ENSG00000163938.16,GNL3,52681156,52694492,215.1597032838255,2040,1715.56,2465.66,32.3809,GCGGCCGCCAAGCGATCCCTGCTCCGCGCGACACTGCGTGCCCGCGCACGCAGAGAGGCGGTGACGCACTTTACGGCGGCAGCGTAAGTGCGTGACGCTCGTCAGTGGCTTCAGTTCACACGTGGCGCCAGCGGAGGCAGGTTGATGTGTTTGTGCTTCCTTCTACAGCCAAT,6.644648644226242,2.732192914680673
1675,ENST00000394729.6,ENSG00000163932.13,PRKCD,53156009,53192717,16.363451320592,2810,3355.72,235.279,1.57965,GGCCTGGCAGGGCGAGGCCTGGCGGGGGCGGGGCCTGGCGGGGGCGGGGCCGGCGGCACCTGGGTGAGGTCGCTCGGCCCCGCCCCCTCGCACTTCCGTGTGCCGCGGCGCCGGAGCCCGAGGCGGCTGTAGCCCACATCTCCCGAGCGACCCCCGGCGCCCGCCCGCCGCGCGGAGGCCCGGGCCACACCTCACTGGCCGCTTGGCCCATCCCAGTCAGCGCCGCGCCGAACCCCGTCCGCGCGCGCCGGGGAGCGGCGCCCCCGCCGCTGCCGCCGCGACCCTTGGCGCCTGCCCCTGCAACGGGAGCCCCACTGCAGGCCCCACC,10.35890945500079,3.3728002246805575
1676,ENST00000288167.7,ENSG00000056736.9,IL17RB,53846580,53865800,5.03447704814874,2010,1870.39,160.841,1.93742,GGCCCGGCG,2.5985470616328623,1.3777051875297803
1677,ENST00000394672.7,ENSG00000180376.16,CCDC66,56557161,56621818,4.583646258239936,3096,2313.54,307.212,2.99173,CTGAGCGGCGGCGGCAACCGACGTACACAAGGGGCTTGAGCGTTCTGTGGAGAGAGTGCGAGGTCAGGCC,1.5321055904910992,0.6155157291351965
1678,ENST00000288266.7,ENSG00000157500.10,APPL1,57227737,57273468,34.00077425310842,6058,4680.5,985.319,4.74292,GCTCGGCGCCTGGAGAAGGCTGTGCGGGCGGGGACGGCTGCAGCCCTTGCCGGAGAGGGCGGGCCGGGGTCAGCTGCGGCGGGCGGGCCGGCGCGGGGAGCTGTGGGCGGCAGCTGCGTCTCCTGCCACCGCCCTCCCTCCGCCACG,7.168742937495977,2.8417201598144888
1679,ENST00000311180.8,ENSG00000174840.8,PDE12,57556276,57566844,55.93465414573016,8773,8339.83,947.771,2.5604,AGATCTGAATGAGTCAAAGCCGGCGGCCTCGGCTCCTCAGCTCCACCTGACAGTAGGCCGCTGATCGGCCGCGGGTCTTGTCGACCGCTAGGCCACCAGGTTC,21.846060828671362,4.449301258582241
1680,ENST00000295951.7,ENSG00000163681.14,SLMAP,57755450,57929168,12.526322734808655,5433,4916.0,512.428,2.34846,CTGGACTACGGCGCGGGAGAGGGGGTAGGAGGGCCCTTGAAGGGTGCGCGTTCCCGTGGCGGTGCACCGGGTAGGTTTCAGTCAGAGTCACTATGGCGGCCGGCGCTGGCAAGGTCGGAAAGTTTCCTGCCTCGTCGGGCGCAGCTTGAGCTTGCCCCATCGGCCGCGATCGGTGGAGGCTGCGGCGGATCCAGCCCGGGGCCTCAAGGCCTCTCCCCAACCTCCGGGCCAGTCTCCCTCCCCCACCTTCTCGTCCGCCGGGAGCTGCGGCTGCCGTCCCTGAGATGCGACCCTCGCGGGGGCGACCCTGAGGGGAGGCGGCCCATGTGCTGAGCGGCGGCCCAGAAGCCTAGGCGTCCGGGGACCAACTTCCTGCCGCCTGGGAACTCGAGCCTCCCGGTGTCGCGCCTCGCTCGGTCCGCACCGGCCTGCGGAGCCGGGTCCCCGCCCTGGTCGCGGGGACGCTCGCCAGGTGCCCAGGAGTCCCGACTTGGCCACTGCCCGCGCCCCGCCGGCCTCCACGCCTCGCGCGGAGAACCTCAGCCACCGCCGTCTCGGATCGTGCCAGGCCGGGGACCGCGTCCCCCTTCCCGGGGCGGCCTCCGCTCAGCAGGGGCGATGCAGACTGTCCCGCCGGCCGTCTAGAGCCCCTCCGTCTCCGTCACCTCTCGCCCCTTCACTCCGGGCGAGGACTGGCGGTGGCTGCCCAGAGGTGCCCAGCCACACCTTCCTTCGGCCCAAAAGGACTTTCCTGGCCGCGCCGAACCGACCCTTCATTCATGCTGCAGTGCTGCAACGTTTCCGCCACCAAGGGGGAAAAGCGGCCGCGATCTCAAACCAAACACAAGAATTGGCGTGTGACTCATCTGCTTGGATACCTCCAGTCCCCAAACTGTGTTCCAGGAGTTTTCTTGGCCGAAGCTGCCCGATGTTTGAGCCTTTTCTTCCCAGAGAAGAAGATGGACTGAAAGCTGCCAGTTGGGGACTTTTTGTGATCACGGCGTTGCAGCGTTTTAAAGGAGGTGATGGGGCTTGCGCTGGCTTGTCTTCCCACCCAAGTGAAGAGTTGATGTTCACTGGTTATGCTTAGACAATGTGCAGTTTGTGTTAATTTAAAATTTTGGGTGGGATAGGGGCATAGGCTTGTGAAGGGCAGTCCGGATCCGGAGGAACTCCTCTTTGTCCCTGGTAGGAGAGACACCCCCAGTCTATCCTCG,5.333845470993184,2.415176028589403
1682,ENST00000295956.8,ENSG00000136068.14,FLNB,58008400,58172251,6.792051358642585,9463,12980.6,681.475,1.18282,GCGGCCAGGGGCGGGCGGCCGCAGAGCAGCACCGGCCGTGGCTCCGGTAGCAGCAAGTTCGAACCCCGCTCCCGCTCCGCTTCGGTTCTCGCTCCTTCGGCCCTTGGGCCTCCAAACACCAGTCCCCGGCAGCTCGTTGCGCATTGCGCTCTCCCCGCCACCAGG,5.74225271693291,2.521616825049248
1684,ENST00000445193.7,ENSG00000163684.11,RPP14,58306247,58324695,44.54949843925238,7985,8093.98,397.165,1.10553,ACGCTTCGTGGGGCGGGACGAGGAGAAGCCAAACGTAAAGACACCAGGAGTTTCTCGGGCCCAGCTGTGGCTGCTGCCGGGGAGCCCCAAGCCTTGGCGGGTCCTTGCGGCGAATAGGAGTCTGGTCAGGCGTCAGGCTAGTCCGACGAAGAGTGGGTAGGTGGAAGCCTTCCAAAGAGCGGCGGTTGTCTGGGAGCCGTCTCAGTTGGCCGCGACCCGGGCGCATGCGCGGGGCGGGCGGTGCGCCTTGGGTAGCTTGTCCTCTCCGACCCCGGGCGCTGAGGGCCTCTGTACGGCGCCGCGTAGGGTCTCGGCCGCAGAACGTGGCCGAGAGGCCCGGGCGAGACTTCGGGACCGTGTCCTGAGCGCTCTCCATGCGCCCGGCGCGAGGTGTGATCAGCACTGGAAAAG,40.29696022654508,5.332599109037826
1686,ENST00000356151.6,ENSG00000168297.15,PXK,58332880,58426126,10.122573533853371,2037,1783.54,85.8079,1.08394,GGGGCGGCGCGTGTTGACAGCGGCGGCGGTGGAACCGGGCGGGCGGCGGGAGTCGGCGCCTCGGGTTCCTACCTCGCGTCCCTAGGCGGCGGCGGCCGGGCGTCCCGGG,9.338684368003184,3.2232193176597743
1687,ENST00000474889.5,ENSG00000144724.19,PTPRG,61561569,62297613,2.3334067937591825,9021,8822.73,1249.96,3.19193,CTCAAGTTGGGGATCCTCGGCTGCTCGCCGCCGCCGCCCGCGGTCCCTGCCTGCCCCAGGCCCGGGGCATCGCCGCCGGCCGCCGACTCCGCGCCCTGCCCGATCGGCTCTCTCCTTTTTAAACGGAAAGCAGCCTTTCTCCGCCGAGAGGATCGTCCCCAGCGTGGCTCTGCGTTCCCGGTCACTTTTTGAGATTTTCCGGGGGGCGCTCGGCGGCTTCCCGGATTCCAAGGGGACTCGGGCCGCCGAGCGCGGGGGGCCCGTGGAGCGGGCGAGCCGGGGAAGCGCCCCGGCTTAGCGGAGGCTCGCACGGAGGCAAGAACTTATTCAACAAGTTTACCTCCCTGCTTTCCTCTTTTCGATGTGCGTTTTCGGAC,0.7310331973944235,-0.451991172117552
1689,ENST00000462069.5,ENSG00000114405.10,C3orf14,62318973,62336213,41.42670389273655,631,361.91,59.263,3.68931,GTGACCACGCCCTGGCCTGCGCTAAGGCCCCGGCGTCGGCGCAGTAGCTGGTGCCTTCCCGGAAGGGCTCAGAGGCGGGCTCGGGCAAGCACTTTAACCTTTTAAGCCCAACCAGATGAGTTGCCTGCAGTTTTGGAGGCCTTCAGAGCATTTCACTAGACCTCTGTCTGTGTCGGTCCAGTGTCTTTAGCCAAGCTTTGATTAAAG,11.22884872584211,3.4891381132169816
1690,ENST00000417314.2,ENSG00000163376.11,KBTBD8,66998307,67011210,8.368661744757508,4680,3633.81,224.461,1.39168,GAAATGACATTTCCTTTTTAAATAGCTGGAGTCGGGGCCCCATCGAGAA,6.01335202399798,2.5881694169425304
1691,ENST00000273258.3,ENSG00000144746.6,ARL6IP5,69084944,69106066,202.2441494107654,2101,1535.43,1103.69,16.1948,CGACCGAGACGGAGCCGCTGTCAACTCTCCAACTCAGCTCAGCTGATCGGTTGCCGCCGCCGCCGCCGCCAGATTCTGGAGGCGAAGAACGCAAAGCTGAGAAC,12.488215316692111,3.6424954118870887
1692,ENST00000389617.8,ENSG00000172986.12,GXYLT2,72888073,73069199,4.659903253284814,3260,3495.63,232.794,1.5004,GTCGCCGCCGCCGCCGGCCGCCCGCCGGCCGCCACGACCCCAGTCCCCGGCGGGCGGGCGGAGGAGGCGACCGCCGCGCGCTGCTGCACTCATCCTGCCGCCGCCGCGATGCGCAGAGGGGCCGAGCCGCCTGGGGGCCGCCGCCGCCGCCGCGCCGCACC,3.105773962466552,1.6349528345239481
1693,ENST00000356692.9,ENSG00000163605.14,PPP4R2,72888073,73069199,23.78969198768825,4984,3501.46,1381.79,8.89108,AGGGAGCGTGCGCGCGGTGACGTACCGGGCGCCATGTTGGAGGGTTGGTGGTAGCGGCTTGGGGAGGTGCTCGCTCTGTCGGTCTTGCTCTCTCGCACGCTTCCCCCGGCTCCCTTCGTTTCCCCCCCCCGGTCGCCTGCGTGCCGGAGTGTGTGCGAGGGAGGGGGAGGGCGTCGGGGGGGTGGGGGGAGGCGTTCCGGTCCCCAAGAGACCCGCGGAGGGAGGCGGAGGCTGTGAGGGACTCCGGGAAGCC,2.67568079329938,1.4199060138147135
1694,ENST00000263780.8,ENSG00000083937.8,CHMP2B,87227271,87255548,130.359921071782,2557,1587.73,947.071,13.439,AGAAGTGACTTCTCCAAAAAGTGTGTTAGTTCCCGGTCACCTGAGCTCCGGGTGACGCGGCTGCGGTAGCTGCGGATACAAGCCTTCCGCGGGTCCTGCCTGGCGACCCCGACCTCCTCCTGCTGTCTCTCCGCTCCGCCACCCCGAACCCGCCAAGGTCCTGTCCTTTTCCTCCTGTCCTTTGCCAGCGTTGGGCCGGACCGGGCCGAGCCGGGCCGCCCGGGCGCAGTCTTTAACC,9.700120624435002,3.278002687835039
1695,ENST00000636215.1,ENSG00000175105.6,ZNF654,88059274,88144665,2.4450329149803003,6446,4628.07,231.216,1.12559,GCGGCGGCGGCGCAGGGGCTGGTACGCGCTGGGCGGCGAGAGCCTC,2.1722233806095472,1.1191724703276946
1696,ENST00000318887.7,ENSG00000179021.9,C3orf38,88149743,88168729,19.60543649902872,2633,2015.66,484.485,5.41532,TGGAGGAGGGACTTCTCTTTCGGTAACCAGCTCCCTTGCGGATAGTCTATGTTCTCCATATAAACCCAGCACTTCCCTTAATTGAGATACGTGGGACTTCACTCCGTCCCCAGCCCGGAACCACAAGTGAGGGCACTGCGTTTCCTGATTGACCTCTTTGGCGATTACTTCCGCCCAGGGGCCTGGAATACTGGAGGCCCTTCGACGGAGAACAACAAGAAAGGCACTTCCGGTGTCTGTTGCCAGGCGCGGGCCCAGTGGGCCGTAGGGGCGACATTGTTGCCGTTGTCTTTCCCCCCCAGTCCCGGGG,3.620365278326806,1.8561352659948154
1697,ENST00000336596.6,ENSG00000044524.10,EPHA3,89107524,89482134,3.49012352066576,5809,5034.56,228.52,1.02264,CCCGCTCTGCTTCAGCGCACGCTGAAGACGGCACTAGGACCCAGGGAAGTCCCCGAGCGGGGTTCGCGGAAAGGCAGCCAGACTCCTCCTTATCTCCAGTGTCAAACTTGACATCAGCCTGCGAGCGGAGCATGGTAACTTCTCCAGCAATCAGAGCGCTCCCCCTCACATCAGTGGCATGCTTCATGGAGATATGCTCCTCTCACTGCCCTCTGCACCAGCAAC,3.4128564506236407,1.7709797340005797
1698,ENST00000394222.7,ENSG00000169379.15,ARL13B,93980139,94055668,14.845126808093609,2453,2011.77,172.92,1.93655,CGCGGGGCTTTTCTTTAGCCGGGTCCCGCTAACTCGGCTACGGTGTATCTGCGTCTTTGGTCAGGTTGTTCCTTGGCTAAGAGGGCAGTCGTCGCGGACCCACGCGGTTAGCAAGGCTTAGTGCTCGGGCCGGCCGCCTTCACTTCCCTCCCGGCTTTTCCTCCCGACTTATCCACTTTAGGGGCGTCTCGGAGTGCCGGAGGCCCCCGGGGAAGAGCGGGGTGCCGGTGTCCGCTCCGGGCTCGGATGGGAAGTGGTGGGAGGAGCGACCCGGG,7.665759628253135,2.938428760913793
1699,ENST00000314622.8,ENSG00000178694.9,NSUN3,94062916,94128545,41.372004800389725,3289,2597.83,285.32,2.47448,TGCGCACGAAATCTCCCGCGGGAGCTAAGCCTCTTCGACAAGAATTCTATAGCGCGAGCAAATCAGTATCTCGCGAGAAATTGAAGAGGAAACGTGAGAATGAAAGTGGATGCCCGCGAATCCCGGAAGTCAGACTGTTTTTTTCAGTTCCCTGGAGGCTTTTTGATACTGATTCGCGTACACCTGTTGTTTGAAAGCTCTCAGCGGGACA,16.71947431395272,4.0634575824630925
1700,ENST00000389622.6,ENSG00000080200.9,CRYBG3,97822040,97944963,3.835272022789897,10729,9306.64,820.403,1.98608,GTCGCGTCCGCACTTCTCCTGCCCGAGAGAGACTGAGCCGCGCTGGCAGCTCGCGTCGAGTCGGTCTGCCCTAGCCGCATCCCGCGGCGCCCGGTCGGGCTCCGGGCACCAGGCAACACCTAGGCCGTTCCCTTCAGACAGCCCCGGGCCAGCGGCCCCCTCGGGAA,1.9310763024600706,0.9494051705060198
1701,ENST00000421999.7,ENSG00000184220.11,CMSS1,99817834,100181732,43.82039309043006,4330,4350.04,462.044,2.39305,GACGTCATCGCCGCGGGGCGGAGGCGACAGTGTCTAGCGGGAGCTCCGCGTGTAGCTACGCCGGCCGCCTGGCTTTGAGACAACGTGATTCTCCGCAGCTGGTCGCCTACCCGTGATGTTCTGCCCACGTCGAGACCTGAGCTGAA,18.311524243300415,4.19467998032766
1703,ENST00000394144.8,ENSG00000036054.12,TBC1D23,100261000,100325251,17.704941816791216,3677,2703.2,442.006,3.68394,AACAGCA,4.805979960800451,2.264830632963392
1704,ENST00000490574.5,ENSG00000114354.13,TFG,100709331,100748966,120.4136384265084,1696,1494.42,831.404,12.5344,GGCAGCCGGGACCCAGCCAGCCCTGCGCCTCGCGCCGTCGCGCATGCGTCCTGGTCTTTCTCTAGAGTTGTATATATAGAACATCCTGGAGTCCACC,9.606653563513882,3.2640339618926313
1705,ENST00000309922.6,ENSG00000174173.6,TRMT10C,101561862,101566446,144.9479419866831,1819,1264.09,442.025,7.87827,CGCTCTGGTCGGCTGTGTAGACTGTTGGGTAGGCTGCGTGCTAGCTTCGGCGCGGATCCCTGGGCGTCCGTACGTCGGAGTCCTTCGTCCTCCAGGGTCCCTGTTCTTTGCGCCAGCGGGAACCACTATCTCTGCACTCCTGGGGTTTTGTTAC,18.39844813476602,4.201512178414426
1706,ENST00000265260.7,ENSG00000081154.11,PCNP,101574095,101594437,80.47842302577698,2342,1551.69,1504.48,21.8446,TTTTCATTCCTCGGGACCGCTCTAGGCTGCCACCACGCCGGCTGGCCCCAAAAACTCGATGGTTGTTGGGCGGGGTCGTGACGTCCTTGGCGTGGCTGCAGGGGAGGCCGCGGCGGGGAAA,3.684133517014593,1.881325347217611
1708,ENST00000341893.7,ENSG00000182504.10,CEP97,101723925,101770562,11.840451820719654,8361,6599.41,471.614,1.61007,ACTACAGACGGGGTTTCTCCATGTTGGCCAGGCGGGTCTCGAATTCCCGACCTCAGGTGATCAGCCTGCGTTGACCTCCCAAAGTGCTGGGATTACAGACGTGAACCACTGCGCCCGGCCTGGAGATTATATTTTAAAGTTATTTTGAATACTCCCTGGAAAAGTTCTTGGTTCATACTTATACCCGTAAGTCAAAAGATTTGTCAAATATTCAAGAACAATCAAACAATCACTTAAAAATACTGTATAAAAGTTTCTATTTCGGCATACTTTACTTTTACTTAACTAAAATTTCAAATAAAATGTATCCACTTTTATGATCTCAACAAGATCGGTCATTCCTATAGCGGAGTTGAAAACTTTCAACTTATTCACAATTATCAAAAGAATGGAGCAGCCCCCACAGAGACTTCCAGCAATGAGTTGTAAAATGCAGTCTGCATTAAGTAGCTTCCTTACAATCATCCCGATGGTAAAAGTGTCAAATTTCGCAAACGCCTGGACAAGGAAGTGAAATGATCATCTAATAACGCAGTTGACTCATCTGTCAAATAAGCGAGTGGGCCAGGGTCCCTGAGCTCACTACCCTCAGATTCTAACTCCAGCTTCACATCATTAGGCGTAAGCAGCCAATTGGGCCGTCTGGGAGCCGTGCATCCTGGGAGTTATAGTTTCCGGCTCCCTCCTTCAGATTACAAGCTCCACAGAGCCGCGGGAGGACGGTTGCCTGGTATTATTAGCAAGCAGCAAAT,7.353998162017586,2.8785288159689433
1709,ENST00000491511.6,ENSG00000144815.15,NXPE3,101779202,101827392,9.964766315725097,8074,7738.67,380.399,1.10748,ATCTGCTCCCGAGTCCCCAGCCCCGTGCTGATAGGTGCAGCCCCTGGAGTCGTGGCTGTGGGCATAGGTGCCAGGGAGGGGAGGCCCGGGTCGAAGGCATAGGCAGAATTGGAGCCCTGGGTTGCCAAAGCGTCGCAGCTAAGAAGCCGGAGCCCAGGCTAGTACCGGCGGGGCGGGGCGGGGCGGGGCCGGGAGCGAGCATCTCCATCCTCAGTTTCCTCCACTTGCGGCAACGCCACAGCTCGGTACAGTTCGGACCTCCACGCCGCAGCGAAAGACTTCTGTCCTCCAGGCACCTTCACTAACCCGGTGCGGAGCACTTGGCGACGCCTCCCTGCCCATCTCATATCTCTCGGCTCATCGCTGCTCTGGGCACCAGCTGCCTCTTGGCTGGCGCTGCTGTCACACGGTGGACTGTTCTGGCCTTACTGAGCTGCCGTTTGGGGACATCAGATTCAGCAAGAAGAATTGTATAGAAATGTAAAAAACATTTATGTGTGCTTCACATGTGGCATGAAAAAAATGAGGACCTCTGGTCAAAATTGCCTGAGTTCAGAATTTCATGCTGGAAGGAAAGTTAGACGTAACTTCTAATTTCTAGTTCCAGTAAGCATCTCTTCTTGGAAAATTTCCAAAAAAGAGTCCTGCTCTGTTGCCCAGGCTGGAGTACATTGGTGTGATGATCATGGTTCACTGCAGCCTCGACCTCCCAGGCTCAAGCAATTCTCCTACCTCAGCCTCCTGAGTAACTGGGACTATAGGATTTCTTTGAAGAAAAATGTGCTTCTTGAATCAACTGCAGTCTCTCCTCTGCATAAGAGCTCTTAAGGGTACTAGCAGGATAGAAGCAAATGAAACTGAAAGCTCATCTGCAGCTCAGAAAAGCAAAGACATGGAATTTTAAAGAGTGAAGGTAGCATGGTGTCGGCCATGGGTGAACAAGACACAGCCAGACA,8.99769414863031,3.169555327379979
1710,ENST00000306107.9,ENSG00000170017.12,ALCAM,105366909,105576900,35.72383018356553,4701,3908.89,496.999,2.8646,AGAGCAGCCCGGAGACCGCTGCCGCCGCTGCCGCTGCTACCACCGCTGCCACCTGAGGAGACCCGCCGCCCCCCCGTCGCCGCCTCCTGCGAGTCCTTCTTAGCACCTGGCGTTTCATGCACATTGCCACTGCCATTATTATTATCATTCCAATACAAGGAAAATAAAAGAAGATACCAGCGAAAAGAACCGCTTACACCTTTCCGAATTACTCAAGTGTCTCCTGGAAACAGAGGGTCGTTGTCCCCGGAGGAGCAGCCGAAGGGCCCGTGGGCTGGTGTTGACCGGGAGGGAGGAGGAGTTGGGGGCATTGCGTGGTGGAAAGTTGCGTGCGGCAGAGAACCGAAGGTGCAGCGCCACAGCCCAGGGGACGGTGTGTCTGGGAGAAGACGCTGCCCCTGCGTCGGGACCCGCCAGCGCGCGGGCACCGCGGGGCCCGGGACGACGCCCCCTCCTGCGGCGTGGACTCCGTCAGTGGCCCACCAAGAAGGAGGAGGAAT,12.470791797656055,3.6404811628044835
1712,ENST00000415149.6,ENSG00000114439.18,BBX,107522936,107811324,8.218071790779824,8930,7745.1,1971.36,5.73458,AAAATGAGTGTTTTCAGTCTCTCCGGGTTGCATGTACTGTATGTGGAGCAGTGTACAGTGAAGCGGAGGCAGAGCGGCTCCGCGAGCTTCTCTCCACTTTCCCATAGAGAAACCCTGACTGGCCGCTGAGGGCTAGCTACACACACGCCCTCACGCCCGGCGAGCCCGCGAGGTCACTATCATATGACAAAGGCTTTGCCGCAGTTCATCTTCCTCCCTGTGTACTTTCCATTTGCCTTCCTGGAATCCTGCTGCATCACAGAAGCTGGAAGTTCTGATGTTCCACTGAAATCACAATGGAAAGTCTTGACTTGACTGGTCACAGTA,1.4330730046105946,0.5191121062552522
1713,ENST00000361582.7,ENSG00000198919.12,DZIP3,108589682,108694846,7.144535071495447,5350,4258.4,376.116,1.98993,TTCTCGGGAGAGGAATCGGTTAGGAGAAGGGGGATTCCTCACTCAGCTGTGCGCTCTGATTTCGTGCGCTTCCTCGTCCTTCATGTTGGATGGCCAGTTTTTCGTTTGTGCGTCATCCTCTACCTGAGAAATGGTCGCTTGCCCCTAGTCTAGACACGCATTAAAGGGCAGTATTTAAAGTCAGTTGGCAAGCAGTGGAATAAGATTTTTGTAAAGAAACCTTGTGCAGC,3.5903449224321697,1.844122449613419
1714,ENST00000273359.7,ENSG00000144827.8,ABHD10,111979010,111993363,58.47473423219166,2590,1750.48,442.572,5.69624,CTGCAGGGTGCGGGGACAACTACGAAG,10.265496929938285,3.3597315616914165
1716,ENST00000264848.9,ENSG00000114529.12,C3orf52,112086335,112131004,18.64360517111504,2277,2314.5,146.992,1.43087,GCTCGACTCGCCGGCGCTGTGGCCTCCCGCGGAGCCGCTCAGACTTTCCCTGCCGGCAC,13.029559059254188,3.703716356553101
1717,ENST00000492406.5,ENSG00000138459.8,SLC35A5,112561709,112585577,27.16983971582939,4399,3490.69,190.94,1.23239,ATAAGCCGCTTCTCCCCTCCTTCCGGAAGCGTAACACTGAACGTGCCTGCGCAATGGGTGTCGGGTCCGCTTTTTCCCAATCCGGACGTAATCGTGGTTTTTGTTCTGCAATAGGCGGCTTAGAGGGAGGGGCTTTTTCGCCTATACCTACTGTAGCTTCTCCACGTATGGACCCTAAAGGCTACTGCTGCTACTACGGGGCTAGACAGTTACTGTCTCAGCTCTAGGATGTGCGTTCTTCCACTAGAAGCTCTTCTGAGGGAGGTAATTAAAAAACAGTGGA,22.046462334025257,4.462475268465061
1719,ENST00000383678.6,ENSG00000163607.15,GTPBP8,112990918,113015060,36.36555237701265,1360,1132.19,119.819,2.38434,GCGTCGCGGCAGCGGGAAGTCACGCACGCGCAACCCAGGCCACAGGAGTAAAATCTCTCTGCCCGTCTTCTGGGAAGGGAGA,15.251831692213631,3.9309106106504097
1721,ENST00000273398.7,ENSG00000114573.9,ATP6V1A,113747019,113812056,94.98412871772253,4591,4190.48,1347.2,7.24319,CCCCCCCCCAACCTGTGCAGCTGAGGACTTCCCCTCCGTGGTGACAGCCTCTGGGTCCTCGGTCGGTACAGTCTCTGCACCTCGCGCCCCAGCAGGTAAACTAACATT,13.113576851873626,3.7129893428143017
1722,ENST00000485050.5,ENSG00000151576.10,QTRT2,114005833,114088422,31.95014469868772,3844,3876.37,370.529,2.15357,GCAGTACTCCCTGATTGGCTCTGCACTGGAGGCAGTGATTTTGGGGCAGAGAATTTTGCAACACGTGGTAGTGAACTGTGAGGAGTTTGAGGGGTCTGAAGACTGAAAGAGTCGA,14.835897927017797,3.891020341938266
1723,ENST00000295588.8,ENSG00000163389.10,POGLUT1,119468938,119494708,18.17950106286699,3533,2924.27,323.821,2.49488,GTGCTGCGGCTCCCGGGCCATCTTTGTGCGGGGCCGCGCTTCCGCCAGCGCCGCAGCGGGGAATCTGCAGTAGGTCTGCCGGCG,7.286723635151586,2.865270274384084
1724,ENST00000494664.5,ENSG00000113845.9,TIMMDC1,119498532,119525090,63.90133185242658,2394,2088.81,244.311,2.63516,GGCGGGACTTCCTGTGTCGTATTTCCAAGGACTCCAAAGCGAGGCCGGGGACTGAAGGTGTGGGTGTCGAGCCCTCTGGCAGAGGGTTAACCTGGGTCAAATGCACGGATTCTCACCTCGTACAGTTACGCTCTCCCGCGGCACGTCCGCGAGGACTTGAAGTCCTGAGCGCTCAAGTTTGTCCGTAGGTCGAGAGAAGGCC,24.24950737428717,4.599883534315299
1725,ENST00000184266.2,ENSG00000065518.7,NDUFB4,120596309,120602500,239.8968785634178,671,429.338,813.819,42.7061,GACAAAGGGCCTCAGAATCGCGCAGGCGCAATTGTGCCCTGGTTCGCCAAG,5.617391392878718,2.48990032648663
1726,ENST00000283875.5,ENSG00000153767.9,GTF2E1,120742637,120783069,15.646551661308804,3012,2751.19,292.913,2.39872,ATTTAAGCCGGTAGTTGAAGCGCTGGGGGCAGCTGTAGTGGGAGTGTTCCAGGATTCGCCTTGTATATTTAAAGTTGGAGTTCGTTGCTAAAG,6.522875392421293,2.705508068739987
1727,ENST00000273668.6,ENSG00000145088.8,EAF2,121835183,121886526,4.472662534038712,992,636.219,34.6879,1.22838,AGCTGCTTCAGGCTGAGGTGGCAGATAGTGAGCGCTGGTGGCGGAGTTAAAGTCAAAGCAGGAGAGTAATT,3.6411066071075004,1.864376981730995
1728,ENST00000477892.5,ENSG00000114023.15,FAM162A,122384176,122412334,159.29743940912363,3052,2632.59,173.549,1.48526,ACTCCAACGCTGGGTGACATTGAGCTCACCAGCGCCACCGTCCCCGGCGAAGTTCTGCGCTGGTCGGCGGAGTAGCAAGTGGCC,107.25222480180145,6.744863764560013
1729,ENST00000296161.8,ENSG00000163840.9,DTX3L,122564238,122575203,6.33994211795841,5868,5874.67,376.356,1.44337,TACTCACCCGGCAGGCCGCTCTCCTCGGTGCAGACAGCACAGGGAGGAGGGGGAAGCGGCTCTGCCGGGAACAGGGAGGGACCTCCAGGGAAGCGAAACTGAAACTTTGCGCCCAGTCCGCAGGGCGGGCCGCGCCTTTACCGCCCAGCTGCCTCCCGGAGCCCCCGCGCCCTCCCGACGCGCAGAGCC,4.392458010044832,2.1350284947732896
1730,ENST00000474629.6,ENSG00000173193.13,PARP14,122680618,122730840,4.245709314167442,7915,7664.36,462.015,1.35813,CCGTGGAGCACAGGTGAACTGAGGCCGCCTTCCCGGGGCGCCGCTGGCCAGCCCCAAAGGGTTACTTTGGCCTTGGCTGTGGGCCGAATGCGAAGGTGGGGAGGTGGGCGGGGGATGACTCTGCCATTCCTGGGTCCGCTGTGTTAGGCTGAAGGCAAAAGGAAACCAAGGCCTGGGAGTTTTCCAGGAAACGAAAGCGAAAGAGTCAAAGTTAGCGGCCCGGAGTTGGCGCGGCCCCTGCAGTCCGGCGGAGAGCGGAGCTGAGG,3.126143531302189,1.6443840186268093
1731,ENST00000261038.5,ENSG00000138463.8,DIRC2,122794795,122881139,12.048368189189851,3596,3905.36,213.006,1.22883,TTTAACTTGGACACTTCCTCCAAACACCCCAGGGTTCCTTGCCCAACCTCCTCGAATACAGCCTCTCTGGGAGTTTCCCTCTCCCCGACTCAGCCGCGCTGGTCCCTGCCTTTTCAGCGCTACCTGCCCTCCGTCTGGGACCTGGCTCCTTTCCTCTCGCCGGTGTTTCCTCGCCACCCGCGGAGGGGAGGGCGGACCCCAGCCTCCTTGCCGCCTGCCCCGCCTCCCCGCCTCCCCGCCGGCCCGGCTCGGGCCGCGCAGGCGCACCAGGCGCGGTCCGGAGGCCGAGGGCGACCACAGCAGCCTCCGCCTCCTGCTGCTCAGGACTATTCTGCGCTGGGCTAGTCGGCGGTGACCCGGACTGCGCCCGGCAGTGGCTTCGCGGGCGACGCGTCGCC,9.804747759405167,3.2934805155845606
1732,ENST00000316218.11,ENSG00000065485.18,PDIA5,123067062,123274130,12.669344485607931,1799,1813.04,143.109,1.77837,GCCGTGGTGGTTGGCCGCGGTGGAGCTAGCAGGCGGGCGGGCGGGAGCGGGCGCCGGAGTGGAGAAAGGAGCCAGCGGTGGGCAGCGCTGCTGGG,7.124133046333402,2.8327144596586593
1733,ENST00000492595.5,ENSG00000121542.11,SEC22A,123067062,123274130,22.09052820214456,972,655.124,69.0206,2.37365,ACTCGGAGCGGCGGGTCCCGTCTCGACAGGTCTTCTCTGTTGGTTGAA,9.306565080001079,3.2182487879295434
1734,ENST00000467167.5,ENSG00000114491.13,UMPS,124730366,124749273,11.997407585707093,2242,1950.33,218.832,2.52792,TTTGAAGCAAACAGGCAGCGCGCGACA,4.745960151312974,2.246699987227076
1736,ENST00000290913.7,ENSG00000159685.10,CHCHD6,126704220,126960406,37.31242210996181,1006,1171.97,170.161,3.27119,CGCGGCCGCGCGAGTCCTGGAAAGCGTTGTTGGCCCGGTTGCTCTGGAGCCGGGTCTCGGGTCTGGTGGCTGCCGGCCCTGCGGCATCTCGCC,11.406375695071766,3.5117685519510546
1737,ENST00000265056.11,ENSG00000073111.13,MCM2,127598223,127622436,116.2964566706345,3622,4656.28,2612.92,12.643,GGCGAGCGCACGCGCACAGCGCCGGGCCGCACACCTCCGGGCTCTGGGCGGAGCGCCTCGGGCGTTGTAGGCGGGACCGGACCCTCTGGCCCGCCCCTCCGTGTCCCTTCTGGTCGCCAGTGGACGCCGACGTCATGACGTCGCGTTCCGTAGGGCTCTTCCCGGGCTTTGGTGGGTCACGTGAACCACTTTTCGCGCGAAACCTGGTTGTTGCTGTAGTGGCGGAGAGGATCGTGGTACTGCT,9.198485855464249,3.201396401540091
1738,ENST00000342480.6,ENSG00000114631.10,PODXL2,127629181,127672809,39.11773657851344,2186,3164.75,871.0,6.2007,CGCCGCGCCGCTGCGGCTGCAGGCGGCGACGGCTACACC,6.308600090072643,2.6573198994744214
1739,ENST00000243253.7,ENSG00000058262.9,SEC61A1,128051641,128071683,158.74051983639208,3635,4564.3,2672.33,13.191,AGCGATCCGAGGCCCGGCCCCGGCCCCGCCCCGCGCCGCGCCGCGCCGCTTGCCGCCGGGCTAGCACTGACGTGTCTCTCGGCGGAGCTGCTGTGCAGTGGAACGCGCTGGGCCGCGGGCAGCGTCGCCTCACGCGGAGCAGAGCTGAGCTGAAGCGGGACCCGGAGCCCGAGCAGCCGCCGCC,12.034001958637864,3.5890445915788773
1740,ENST00000254730.10,ENSG00000132394.10,EEFSEC,128153454,128408646,15.21327293221633,2232,2986.54,358.438,2.70401,TACCGAGGGAGGTGAGGGGCGGGCCGGGCGGGTGTCCGAGGCGGCGGCGGCGGC,5.626189597011968,2.492158170864491
1741,ENST00000265062.7,ENSG00000075785.12,RAB7A,128726122,128814796,248.46574237767337,2244,2229.12,3221.15,32.5567,GTCTCGTGACAGGTACTTCCGCTCGGGGCGGCGGCGGTGGCGGAAGTGGGAGCGGGCCTGGAGTCTTGGCCATAAAGCCTGAGGCGGCGGCAGCGGCGGAGTTGGCGGCTTGGAGAGCTCGGGAGAGTTCCCTGGAACCAGAACTTGGACCTTCTCGCTTCTGTCCTCCGTTTAGTCTCCTCCTCGGCGGGAGCCCTCGCGACGCGCCCGGCCCGGAGCCCCCAGCGCAGCGGCCGCGTTTGAAGG,7.631785235532882,2.9320205733361924
1742,ENST00000308982.11,ENSG00000177646.18,ACAD9,128879596,128916067,30.753391391618237,2454,2834.99,527.602,4.19292,AGTAACGTCATCAGACGTGTGTGTGTCCCTGCGGCGCTAAGAAGGGGAGACTGAGGCTGAGGCTGGGGAACATCGGGCAGC,7.3346000857679705,2.874718306047531
1743,ENST00000314797.10,ENSG00000181789.14,COPG1,129249606,129277773,54.02293464627485,3078,3912.09,1368.18,7.87948,AGTCGGGGCCCGGAAGTGGTCCCTGTAGAACCACTGTGGCACCGCTACTCCGTGCCGCGCCCGTCGAGCATTGCGTTGCTGCATTGCGCCCCACCGACTCCACT,6.856154802889892,2.7773996839603687
1744,ENST00000383463.8,ENSG00000183624.13,HMCES,129278828,129306186,84.8961302834633,2515,2758.26,259.419,2.11898,TGGCCAAAGCGGAGCGGAGCGGGGGTGAGGAGAGTCGAGGGAGGTGACGCGCGCTGCCGGGGCGAGGTTGCGAGGGGCGGTGTTGAAGA,40.06462084751309,5.324256918667505
1745,ENST00000260818.10,ENSG00000138246.15,DNAJC13,132417526,132539032,6.569199499807353,7730,6816.47,730.129,2.41325,GCGAAGATGGCGGCCTCCAGAGTGAAACTCTGAGAGGCAGAGGGAGGAGGCGGAGGGGGCGGGGAGGCAGCGCCGCGGCGGCACCAGGAACCCGCGGCAGCGGAGCTGCAGGGCCCCGGCGGGGGAAAGGGGAAGTGGTGAGGGTGAGGAGGCCGGAGGGCGCCTCATCCCACTCTGGAAGCTGAGCCGGCGGCGGGAGGAGCTAGGGCTGGAGCCTCTCCAGCCTCCCGCGAAGGTTTGAGCACAAA,2.722137988110371,1.4447402004630654
1747,ENST00000431519.6,ENSG00000091527.15,CDV3,133573730,133590261,75.52010216375474,955,1006.0,93.2323,2.08799,CCGAGCTCGGAGCCCCGCGGGCCGCGCCCGCCGCCGGCCCCACCCATCCGGGTCGAGGAGGCCGAGGCC,36.168804526724145,5.176674008837111
1750,ENST00000466490.6,ENSG00000144867.11,SRPRB,133784033,133825772,177.6459776190403,2827,3151.51,820.948,5.86892,GTAGGCCATGGAGCCGAGCAGATCCGGGTCTTCGGGTGGCCGCAATGTCCCAAGTGGACGACACCCACCTAGTCCCGAGGACAACCGACAAAGTCCTTAATGGGCCCAGAAGGAGGACGGAGTCCCAGAGAACTACAACTCCCATCAAGCACTTGGGGGATCGCCGCGGCTGAGGGAGAGACTATGGCTTAGGAACCACCATTCGCGTGAGGCTCTGCTCCCCGCGCCTGCGCAGAGTGCAGGGCCACGTCGCTTTTGCTGTACCGGGGACCACGCGTCTCATCC,30.268938342836552,4.9197661696436334
1751,ENST00000264977.7,ENSG00000073711.10,PPP2R3A,135965673,136147891,2.2735826916648896,6795,5529.19,326.831,1.33175,AGGAGGAGGAGGAGGAGGAGAAGGAGGTAGGGGCCTGCGGGTGGCTGGGCGGGGCGCGCTCGGGCCTCCGCTCTTCACGCGCCGCATTCGTAGCCCGAGAGTCCGCGCCGCGGGGAGGCTTGGAGGCAAGCGCTGCCCGCGAGCTGAGCCGCCGGAGGAGGAGCCGCGGGCAACGAGGTTTCTCTGTCATTCACAGAAAAATGAATCATTTAAACCTTTGGAGGACTCAGTTATCACAATACTTCTCTACTACCAACTAAGATTTATGATAGTAAATTTATGAGAGCAAATTTCCATGTTATAGAACTGTTGAAGAACTAAAAGAGGATATTCTTTCATCAAAATAATTCTGCAGTATCATAATATTACTAAATAAAATTAAAAAGCACAATTATTAAATTATTAAATTTGCCACACATGTGCAGCAGCTACTGTATCCTGATAGTGACCAAACCTCAAATATAAATGGTTTCCCTTCATGGGAAAAGCCATTATATTTGGAAGAAACCACTGAACATTGTTATTAAATATATTTTCAGCTAACTGTCATTTAGGAGAATTTTCATGAAACAAGTTCTAGAAAGTTCCAAGTCCCACCAGTAAGTGGATTTGATATT,1.707214335772397,0.7716441958842237
1752,ENST00000251654.8,ENSG00000114054.13,PCCB,136250306,136337896,61.40791667799846,1833,1945.64,467.242,5.41056,AGCGCCGTACCCACGCTTTAGCACATGCGTACTCAGGTGCGCCGGTAGGGGACGCGCCGGCACAGCAAAA,11.349641567231203,3.504574831404138
1753,ENST00000507429.5,ENSG00000114120.11,SLC25A36,140941830,140979933,22.6814971723676,3537,2288.66,204.828,2.01638,GCCGCGGGGAGGGCTGTGCCGGTTGCTTTCTGCAGCCGCATCTCGGCCAGCTCTCCTCGCCGTCCCCGGGGCGCTGTGCGTCTCCAGTCCGGGACCGAAGCCGCCTGCCGTAGCGGGCGGCCAGATCCGCGTCCCGCCTCAGCGGCCGGAGGACATGCGGGAGAGAGA,11.24862236898184,3.4916764187173337
1755,ENST00000637056.1,ENSG00000177311.11,ZBTB38,141228726,141449792,3.812645245700204,6056,5533.48,397.041,1.61659,GCATTCATGAGCAGATGTTAAGTTGAGAAGCCCTCAAATGCAAAAATTTGAATTTGTGATGTAGGCAAGATGTTTTTGCTTTCTTACCTTCCCTGGTTGACAGTGGGGGGTCTCCATGCTGGCTGTTCTGCAGAAGGCTTTCCGGGCAGCAGATCTTGATGTGGAAGAAATGGAGGACTCAGAACCAAGGATTTCCAAGTGATTTCTTCCAAAGCACAGGAATCTCACTCTGTTAAAGCTGGTCTGTTCTAACTGAG,2.3584491093599516,1.237838470714385
1756,ENST00000286364.7,ENSG00000155903.11,RASA2,141487047,141615342,4.467661377363455,5614,4223.1,219.747,1.17234,AGGCGGCAGGGCTGCGGCACGGGCCGGGCGGCACC,3.810892213319903,1.9301288037659445
1757,ENST00000273480.3,ENSG00000114125.13,RNF7,141738204,141747560,42.20453447414927,2763,2412.97,208.511,1.94688,GGGCAGCCGGGGTCTAGGCACCACGGTGGCTGGCGGCCTGCGGGCGGCGCTGTGGCCCGTCGGGCGGCTCCACAGAGCCGCCCTAGCCTTCCGCCTTCCCCAAGCCAACGTCTCCGCCGTCGGCTCCGCGGCGCCGCC,21.678035869775883,4.438162142663067
1759,ENST00000457734.6,ENSG00000120756.12,PLS1,142596387,142713664,37.10544082324223,3706,2961.76,632.214,4.80923,ATGCGCAGTGGCGCGAGCGCAGCGGCTACGCGGGCGCGGAGAGGTAGCCGCAGAGTGGACCTGCAGGTACTTGGATCTCCAGTGGGAGCTGCCCTCTCGAAGGCAGGACAGCGGTGGCGGCAGATATAAAGACCTGAAGATAGTCTTTTCTGTCCAAAG,7.715463977235905,2.94775291733134
1760,ENST00000473835.6,ENSG00000163714.17,U2SURP,142960650,143060546,60.36236874824681,7276,5193.35,1261.83,5.47412,GCGCCTCTGGCGGGCTTCACTGAGATCCGCTCTTTCGGTGCTCGACTCGCCCGTGCTGCTGCCGCCGCCGAAGGAGGGGCAAAGCTCAAG,11.0268625364893,3.4629504554509705
1762,ENST00000296048.10,ENSG00000163754.17,GYG1,148991341,149027668,48.69327914316234,1890,1854.97,465.077,5.64872,CCGCGCAGCTGGGAGGATGCGGACGGCAGCGAGAGCGTGCGCGGCCACGTGACGGCCGCTATAAGAGCGCACGGGGCAGACGCTCGGTTCCCCGCCGTGCCTCCTCGCTGGCCGCGCTCCCTCCCGGTGCCGGCTTCTCTGAGTCACCAACCTGAGGCTGCCCCGGCCGCCTGCGCACCCGGCAGCACC,8.620232396571673,3.107726764077945
1763,ENST00000460120.5,ENSG00000163755.8,HPS3,149129584,149173732,1.449926056907678,2745,2397.97,107.63,1.01123,GGAAGTAGTCCTACATTCGCGGTCAGCGCGGGGTCTCCGGGCGCCCTGCAGGGCGGGCAGGCTGTGCCATCCCGCCGGACGTCGGG,1.4338242110179462,0.5198681583225989
1766,ENST00000361785.10,ENSG00000082996.19,RNF13,149812708,149962139,16.93827739151359,1939,1348.78,190.89,3.18863,AGTGCCTCCACCAGTAAAAGACAATTCATCTGGCACTTTCATCGTGTTAATTAGAAGACTTGATTGTAATTTTGATATAAAGGTTTTAAATGCACAGAGAGCAGGATACAAGGCAGCCATAGTTCACA,5.312086191095735,2.409278555280015
1767,ENST00000460851.5,ENSG00000144895.11,EIF2A,150546678,150584242,56.42840108768917,2198,1829.27,914.615,11.2648,GATGGCTCCGGAAACACCAATTCGCTGTCTCCACGCATGAGGAGACGTGTAGGGGCCGGGTTCGGCCCTGGTGAACTCTCACCCGAGCGGTTTCTCTTTCCGGGACAAC,5.00926790424057,2.324599771464784
1768,ENST00000471696.5,ENSG00000198843.12,SELT,150602875,150630445,10.51594559039305,3469,2451.22,807.811,7.42486,GGGAGCAGCTCGCTCCTGGGCTTTGGGCTGGCTGCAGTCTGTCTGAGGGCGGCCGAAGTGGCTGGCTCATTTAAG,1.4163156733450935,0.5021428541305863
1769,ENST00000324210.9,ENSG00000152601.17,MBNL1,152243828,152465780,11.197381124320264,5465,4367.37,666.482,3.4382,CCACAATGCTCCCATGACAAGGAGCTGACAAGTTCCATTTTCCGTCGCGGGCATCTTGGAATCATGACTCCCACAATGCCTTGGGCACTTGGTCGACAGTGGGGCCGCCTCTGAAAAAAAAATGTGAGAGGTTGGTACTAAGAAGTGCCTTTCCTGACGTCTCTGCTGCTTGGAACCGCTTCTAGAGCAGTCTCTGCTTTTGCCTTGCTTGCTGCCAGCTAGACTGTGACGACAGCACATCCACCCTCCACCTCTAGCCCAGACACCCCCATTTCTACTTATAATCAAGAGAAAAGCTCTAAGTATCTGGCATTGCCCTAGGCTGCTTTAGTGTTAAAAGAAAAGTTTGCTGAAAAAGTAAGATATCTTCTGCCAGGAAATCAAGGAGGAAAAAAAAAATCATTTTCTCGATTTTGCTCTAAACTGCTGCATCTGTCTATGCCAAACTAATCAATACCGATTGCACCACCAAACTCCATTGCAAATTCAGCTGTGAGGAGATTCCCTTTCAGACAACTTTGCTGAAAGCAGCTTGGAAATTCGGTGTCGAAGGGTCTGCCACGTTTTCATGCTTGCATTTTGGGCTCCAAATTGGCACTGGGAAGGGGTTACTGAGAGCACAAGGCTGATACCAGGCCCTACTTTTAAACGTTCATCTACTTACAATCCTAGTATTTCTCTAAAAACCAAAACCTCTTTGAATTAACAGTTTCATGCTGTGAATTTCTAGTGGGAGATCTTTTCCTTGATATTGACGACACAATTTTCCATGTACTTTTAAAGCAGGGAGTGGGGAAAAGTATTTTGAGGGGACATTTTCATCATCAGTTCAGCTTTTTTTTTTTGGTTGTTGCTCTTTTTTGGGGGGGTTGGGTTTGTTGGTTTCACTGAAACATTTAACTACCTGTAAAATCTAAAC,3.256756769332867,1.7034359761720426
1770,ENST00000323534.4,ENSG00000181467.4,RAP2B,153162270,153170620,38.30427581680872,8351,8085.99,415.774,1.15847,GCACGTTCCGCGGGGACTCATGCCACGCGCGTCCCGGCCCGACGCGCAATTAGCAGCCACCTCCGCAGCCCGCCGCCACCGCCTCCCTGCCCTCCCGGGCTGCCGCAGCTAGGAGCTCCAGCCGTCGCCTCGCGCAGGCTGCGGGCATTGTCCTCTCGGTTCGCCGCCCGGGCTGCTGCTGCCGCCGCGGACTGCTGCGGGGCCCGGACCCGCACCCCAGGGATACGCTGCCGCCGCCGCCGGCCGGCCCGGCGCCCGGCCTCCGTTCGGTGGTTTCCGCCCTGCGTTCTCTGGGTTGCTCTCTCCTGGGTTTTTCCTGCGTAGCTGAGGAAGGGGAAGAGAAGTCCAGCCGCCAAGCCCAGCCTTCCCCGGCGCGCAGCCCCGACGGGGCCGCGGCAGGCGCGGCGAGAGCGCTGACGGAGCC,33.064538414295335,5.047212856372429
1771,ENST00000496455.6,ENSG00000163655.15,GMPS,155870536,155944026,107.2857872396912,8751,7910.28,985.069,2.80567,GAGGGCCGGCCGGTTTGGCGGCGGCTGCGGAGGGTATCTGAGGCTCGGCTGCCAAGCCGAACGGGCTCTGGCTCCTCCCAGTGGCCGGCCGGGGCGGAAGCAGGAGGCGGGGGCAGCGTGCGCGCTGCTGGTCTTCTCTCCCGCGGCGCTGGGGCCCGCGCTCCGCTGCTGTTGCTCCATTCGGCGCTTTTCTGGCGGCTGGCTCCTCTCCGCTGCCGGCTGCTCCTCGACCAGGCCTCCTTCTCAACCTCAGCCCGCGGCGCCGACCCTTCCGGCACCCTCCCGCCCCGTCTCGTACTGTCGCCGTCACCGCCGCGGCTCCGGCCCTGGCCCCG,38.23891877508446,5.256969825845231
1772,ENST00000295924.11,ENSG00000163659.12,TIPARP,156673235,156706770,18.96755598168944,4109,3652.02,210.523,1.29876,AGACGCGGACCCTCAGGGACACTGCGGACGCGAGAAAGGACACGCCCCCTCGCGGGAGCATAAGTCCACCGCACAGAACTCGCGCGCCTCCCCTCGAACGAACGCGCACGCGCGCGCAGGGGGCGGGTCTTCTTCCCGACACCCACTGAGCGCCCGGCCTCCTCACCCCACCCCACCGAACTCCGGCCGCCCAGGCTCCGCCTCCGCGACGGGCCGTCGGGAGGAGGCGACCGGAAGCCACTTAAAGCAGAGATCGAGGTGACAGGCGAGCTGGCTGGACTCGGAGCGCGGTCGAGGCTTTCTGCGTTCGCGGCGGCGGAATGGCCCGTGCGCGGCTCGCCGCGTCGCGGCTCTGTGGTCCCTAGACGTCGGCTCCCGCCCTCGGCGCTGATCTCCGGCGCGGGCACTGCTTTCCACTCGGCTCCTGTCGTCCGTTCTCTCAGGCTCCCGTTCAGGATTTTTAGACTCTGAGGAGCAGTTGGAGCTAATCCACATT,14.604357988919771,3.8683270332283737
1773,ENST00000295927.3,ENSG00000163661.3,PTX3,157436789,157443628,34.86451676841846,1940,1813.82,437.0,5.42812,TCATTCATCCCCATTCAGGCTTTCCTCAGCATTTATTAAGGACTCTCTGCTCCAGCCTCTCACTCTCACTCTCCTCCGCTCAAACTCAGCTCACTTGAGAGTCTCCTCCCGCCAGCTGTGGAAAGAACTTTGCGTCTCTCCAGCA,6.422945102248746,2.6832349655942034
1774,ENST00000355893.9,ENSG00000178053.17,MLF1,158571163,158607252,67.70838927058686,2203,1382.42,123.166,2.0073,CTATCCCGGCGGGCACCGCCTGCGCCGCGGCGAGTGAGGCGTCGTCCGTACTGGAGGCTAGCTCTTGTCGCGGCCGCGGCGAGTTAACATCGTTTTTCCAATCTGTCCGCGGCTGCCGCCACCCAAGACAGAGCCAGA,33.731076207137384,5.076006443896557
1776,ENST00000486715.5,ENSG00000168827.14,GFM1,158644278,158692575,81.64312650402275,3721,3235.73,557.029,3.87853,TTCTGTATCTTCATACAGAGGTAATATTTAAAAAAGAAGACGAAGACAAAAGGACTCCCTTCCCTCACCCATATACCTATGCCGTCTTACTGGGAGCAAACACTTCTTTAGCTCCGCAAAGCGATTGCACTTTCTCTTCCAAGTCGGCAGACGGCGCGCGAGCAGCGTAGGCACTGCTCCGCCTCCAATCCAGTTGCTCTTCTTTCTTTTCCTCACTCTCTTTTTCCTCGCGTCCTTTGCCCCGGAAGTGCTCTTACAACATTGGCTGCCGGCGTGACTTTGACCGCTTCCCGGTGCGTTACCGGCAGCTGAACCCACCCGGCGCCACGGGACTTTGACGCGTGCTCTGCGCTTGCC,21.050018049112097,4.395749565202946
1778,ENST00000357388.7,ENSG00000113810.15,SMC4,160399274,160434962,117.90575201973154,5471,4008.36,1590.25,8.93841,GCCCTCTTCTGAAGAGGCGTTTCTGGACCACTGAGCCCCGCCTCCCACTGTGAGCGGAACCCTACCGTTTTTAAAAAAATCTTTTTCAAAACTTGCCAGGTTGTCTTTCCAAATATTTTTAATAATAGTGCTGCTGCTGTAGACCACAGAGAAAAGAATCCCTCGCTCTTCCTTTTCACTTAGTAGAAACTTCTACCGCGTAGGTCCCGCCAGGAGTTCGCGCATGCGCAGGAGCGACAATAAGATGGCGGTGATAATCGCCGCACTTTTTTTCAAATTAGTGGATCCCAGAAATCATTGCGCGCATTTGTAACGAATTTCCGTTCGAGTTTGTATTTTAGGCGCCATTTTCGAGTGAAGGACCCGGAGCCGAAACACCGGTAGGAGCGGGGAGGTGGGTACTACACAACCGTCTCCAGCCTTGGTCTGAGTGGACTGTCCTGCAGCGACC,13.190908899874984,3.721472069648607
1779,ENST00000320767.3,ENSG00000179674.3,ARL14,160677159,160678452,3.758945985883738,1294,990.009,105.0,2.38953,TGATAAGCTACAACATAAACACATCTAGGTTCTTGTTCTTAGAATACAGCATGAAGAATTTGCTTTCTTCTTTCTTCCTAACATTTTCATGTGAGATCCAGAAAGGACACATTGTCTCTGGCCATTCGAAGAAAGAAAGAAAGAAAAAAAAAAAAGGTATTTAGAGACAGAGAGAGAAAAAGGCTGAA,1.5730900996780697,0.65360130434301
1781,ENST00000498165.5,ENSG00000163590.13,PPM1L,160755602,161078907,40.37680543670554,10934,9712.18,1149.63,2.66689,CTCCGCCTCCCTCCCGGCGGGCTGTCCCCGCAGTGCTCCCGGACCCGGCGAGCCTTCGGGGCGCGCGTCGCTGGTGGTGGTTGAGGCTCTAGCGATAATAA,15.140034060911976,3.9202965458816488
1782,ENST00000351193.6,ENSG00000169251.12,NMD3,161104696,161253532,71.15311338959341,3049,2198.84,894.022,9.16042,GCATTTCGCTCGCGAGATCTTCTCTGTGGCGGAGACAGCCAGGTTGGCAGCTGACGGGACAGCCGGGGTCTATTTTGTTGCGGGTTTTCAGCAAATCCAGGGCTGGTCTGGAGGCGCGAAAACTTAAGGCATACAGAACG,7.767450989102401,2.957441233289248
1783,ENST00000337002.8,ENSG00000008952.16,SEC62,169966635,169998373,146.68209551242967,6568,5195.54,1756.66,7.61762,AGGTTTCCACCGCCCCCTCCTCGCTCCACGTCAGAGGGAACCGGGCGGAGCGGCCAAC,19.25563306025106,4.2672086497475945
1784,ENST00000355897.9,ENSG00000173890.16,GPR160,170037929,170085403,3.291858023140789,2039,1494.47,393.318,5.9295,CCGGCCCTTGTTTCGTTGGGCCCGGACGGGACGTGCGCGCTCAAAGGTTGCCCGTCTCTGACGCCCGCATTTCCTGGTCTGGAGCCGGCTGAGCCACAGCAGGGTCGCCGCGGGGTCCCGGGGCCGTGCTCCCCTGCCCCTCCCGGGAGCGCGCGGGGCGGGGCGGGGCGGGGCGGGACCAGGCGGGCGAGCTGGGCCCTCGCCCCTCCCTCGGGCGGTCACCTGGGCACGGGCGCTGCAGGTGTCGGGGCCTCAACCTTGCGGAGCCGACAGCCATCGATCCTCGGGTGGCCTCGAGGTGGTGGCAGGGCCGCCCCCTGCAGTCCGGAGACGAACGCACGGACCGGGCCTCCGGAGGCAGGTTCGGCTGGAAGGAACCGCTCTCGCTTCGTCCTACACTTGCGCAAATGTCTCCGAGCTTACTCACATAGCATATTGGTATATCAAAATGAAATGCAAGGAACCAAAAATAACATAATTGAAGGCAGTAAAAGTGAAATTAAATAGGAAGATCATCAGTCAAGGAAGACCCACTGGAGAGGACAGAAAATGAAGCAGTGTTTTATCATGTGTATTTCAGCAGGTCTTCTTGAAATTTAACTAAAAAT,0.5551662067865399,-0.8490083417861416
1785,ENST00000295797.4,ENSG00000163558.12,PRKCI,170222365,170305981,29.424980293385666,4950,4070.6,1794.75,9.93363,GGTTGCGCCCGCCCTACCCCGGAATGTGGGCCTTTGGAGCGAGCGAAGTGGGAGGGACCGACGCAGGAGGTGTCTTGGGCCCGGGCGGCTGTAGAGGCGGCGGCGCCTACGGGCAGTGGGAGGAGCCGCGCGGTTCCGGCTGCTCCGGCGAGGCGACCCTTGGGTCGGCGCTGCGGGCGAGGTGGGCAGGTAGGTGGGCGGACGGCCGCGGTTCTCCGGCAAGCGCAGGCGGCGGAGTCCCCCACGGCGCCCGAAGCGCCCCCCCGCACCCCCGGCCTCCAGCGTTGAGGCGGGGGAGTGAGGAG,2.9621578711292513,1.5666485325328439
1786,ENST00000458537.7,ENSG00000136603.13,SKIL,170357678,170396835,18.418871009943967,7182,4829.01,815.636,3.8054,GGTTTCAAATTGGCCCTTTGGCCTCTGGAGCAAATTCAAATGTAACTCTTCCCCAACCCCCCTTCTCTTCTTCCAGATTAATTAAAAGAAGAATGAACTATAATCCTTGAAGATAACTGGGCAATTTTTTAAGTCGGAGGCTGTTCTTACTGGTGTGAGGATTTACACACGTCTTCAGTTTTTCAGCACAGACCAGCAGACCATCATTTTTAGAGGAAATACTCCCTCTGCCCTCCTTTTTGGTTTCCTTGGTGGTAAAGATTAAATTTGGTTGCATCATTTTGACTTGTGTTTGAGTCTAGATTTTATGGCACAAGGAATGGCATAAACTTTTCATGTGTTTTGGTTAAAACAAACCAGACCATTGCATTGACCCTGGACATCTTTAATTGAGAAATTGGTAACTTTATTTTAATATGTATATCTGAAGAATTCAAGAAAACAAAGGCATCCTCAGAGGTGTGCCTCTTTTCTTTATTATTAGAGGCAAAACGAACAATTTTATAGGATTTGTAGTGAAATTATACCAGATTATAAGGAGAACCAAAACTAAGTCGCAAAATTTATTAATTTAAGGGGCTCTCGCTTTGAAAGTTTGAGAGTAAGTTACGATAGGCATTTGTATCCATTCATTACTTTCCTCTTTTCAAATAAGCAACTAAATAGAAATGCTAATCTCAGACTTAATTATTTAACAGAAGAGTGTACC,4.8401931491942936,2.2750646197777162
1787,ENST00000415807.6,ENSG00000075420.12,FNDC3B,172039628,172401665,10.04558823311857,5083,5394.04,542.544,2.26612,GCGGCGGCGGCGGCTGGAGGAGGAGAGCGGCGGCGGCGGGAGCAGCGAAGGGGGCGGCAGGGATCCTCCAGGCTGCCGGCTGGGAAGGCGTGGGCGACCCGGTGTGTGGCGCGCCCAGAGCCCCGCGTTTCAGCCCTAGGGAAGGAAGCCAGTTGAGGGAAGTTCTCCATGA,4.432946284009042,2.148265880828624
1788,ENST00000232458.9,ENSG00000114346.13,ECT2,172750682,172821474,48.742308140723694,4087,2981.73,769.874,5.8172,TCTGGAGACTCCTGCCTATGGGAAAGAGGTTGACATCACGCGCCAATCGGCATGGCTCTTAGAGAGAGCAGCTTAGTTTTTGAATCGGTTGTGGCGGCCGCCGGCGAGGAATGGCGGTATTTGTGAGAGGAGTCGGCGTTTGAAGAGGTGGAACTCCTAGGGCTTTTTTGAGAGTGCTGATTTAGAAGAATACAAATC,8.378998167627673,3.066777758841375
1790,ENST00000263967.3,ENSG00000121879.3,PIK3CA,179148114,179240093,5.955048580399706,9093,6679.23,656.738,2.21527,TCTCCCTCGGCGCCGCCGCCGCCGCCCGCGGGGCTGGGACCCGATGCGGTTAGAGCCGCGGAGCCTGGAAGAGCCCCGAGCGTTTCTGCTTTGGGACAACCATACATCTAATTCCTTAAAGTAGTTTTATATGTAAAACTTGCAAAGAATCAGAACA,2.688181838060239,1.4266307303766652
1791,ENST00000471841.5,ENSG00000171109.18,MFN1,179347692,179394931,37.94306106648442,5224,4394.74,856.794,4.39244,AGTGACCGCCCTTTGCCACTCCCCCTGCCTCCTCTCCGCCTTTAACTTCTCGGGAAGATGAGGCAGTTTGGCATCTGTGGCCGAGTTGCTGTTGCCGGGTGATAGTTGGAGCGGAGACTTAGCATA,8.63826507965605,3.1107415887419045
1792,ENST00000429709.6,ENSG00000136518.16,ACTL6A,179562880,179588408,151.37598465221492,1901,1547.21,911.83,13.2778,AGACTTAGGCCTGGACCCTAGTGATTGGCTGATAGGAGGAGCCAGCAAGTGTGGCTGAGCTCCGGGGTGTGTGGACGCCGCTTTGTTGCCTGAGGTGGGTGGCGGTGGAAGTTAAGGGAGTCAGGGGCTATCGCTCCTCGAGACTCGCAGTCGCGGCCACTGCAGTCACTTCGCCAGTTAGCCCTTAGGGTAGGAGTCGCGCCGGCAGCAGCC,11.400682692329672,3.5110483129044523
1793,ENST00000259037.7,ENSG00000136521.12,NDUFB5,179604690,179627647,282.92127532059453,1141,727.999,418.663,12.9567,ATAGAAAACTTGCCCTCACTTAAGATGGCCACATCCTGCCTTTGTCCTCATTGGTAAATTGGCTCTCTCAGCTTCCGTGACCCGCCTCCCTTCTTCCTCCTGCCCGTAGTAGCC,21.83590538644829,4.448630445994499
1794,ENST00000263966.7,ENSG00000058056.8,USP13,179652755,179789401,27.011670058361563,8323,8326.42,938.95,2.54066,GGCCTCCTCGGAGTTGCCCCTCTGCAAGCCAACAATTCGGGATAGAAAACACCTCCGTGGTGTTTTCCCGGGGCCCTCCCGCGCCGCGTTCGGCCGCCAGCCCGCTCGAGCTCCCGCGCCAACGCCTCAGGGGTTCGCCCTCCGCCCCCCGCCGCCGCGCCCGGCCCACGCGCAGGGCCCCTCTCCAGCGCCCCCTCCCCGGCACGCTGCGGCTGGCGCTCCCCAGCCCCGCCTGACGCTGCAGCTGGGCCGGAGACTCGCCATTGGATTAAAAATAGCGTCGCCAGTCCGCCCCAAGCCCGCGGTGCCCGCTCCCGCCCCGCAGCCCGCTCTCCCCGCCCGCCCCGGCTCGGCCGGCTGCCGTTGCCCGCGCAGCCCGCCCGTCAGCCCGCTCGCTGGCGCCGCCGCCGCCGGCAGACCCCGCGCTCCGGCTCCGGCTCGGCTCGCTCGGCTCCGGTGCGCGCCGAGGCC,10.631753189471068,3.4103076136002506
1796,ENST00000382584.8,ENSG00000163728.10,TTC14,180602130,180617828,11.563413173008326,2274,1640.06,196.056,2.69328,GGAACAGGGAACTATCAGCCCGTCGGCCTCCGGGCCCTGCATTCTCTAGCC,4.293431493572271,2.1021311721694462
1798,ENST00000445140.6,ENSG00000114416.17,FXR1,180868141,180982753,22.856958284845568,2651,1997.59,490.215,5.52895,TTTGCGGTTCCAAC,4.13405045891997,2.0475559979528475
1799,ENST00000325404.2,ENSG00000181449.3,SOX2,180989770,181836880,40.5726743164241,2513,2486.1,315.0,2.85466,GGATGGTTGTCTATTAACTTGTTCAAAAAAGTATCAGGAGTTGTCAAGGCAGAGAAGAGAGTGTTTGCAAAAGGGGGAAAGTAGTTTGCTGCCTCTTTAAGACTAGGACTGAGAGAAAGAAGAGGAGAGAGAAAGAAAGGGAGAGAAGTTTGAGCCCCAGGCTTAAGCCTTTCCAAAAAATAATAATAACAATCATCGGCGGCGGCAGGATCGGCCAGAGGAGGAGGGAAGCGCTTTTTTTGATCCTGATTCCAGTTTGCCTCTCTCTTTTTTTCCCCCAAATTATTCTTCGCCTGATTTTCCTCGCGGAGCCCTGCGCTCCCGACACCCCCGCCCGCCTCCCCTCCTCCTCTCCCCCCGCCCGCGGGCCCCCCAAAGTCCCGGCCGGGCCGAGGGTCGGCGGCCGCCGGCGGGCCGGGCCCGCGCACAGCGCCCGC,14.21278692258416,3.8291175689027575
1800,ENST00000323116.9,ENSG00000058063.15,ATP11B,182793500,182921635,13.98923208290977,7325,5891.03,1904.28,7.28287,GGTCAATAATGAAGGTGGCTGCGGCGCGGCGGCAGGCTCAGCTGCGCCGGGCGGGGGCGGCGCCGGGGCCGCGCCTGTAGGACTCGGGGCCGACGCCGCGGGATGGGGACGCGGCGCGGGGAGTGAGGCAGTGGCGGCGGCGGCGGTAAGCGGAACTTCGGCCCGAGGGGCTCGCCCGCTCCCGCCTCTGTCTTGTCGGCCTCCACCTGCAGCCCCGCGGCCCCCGCGCCCCGCGGGACCCGGACGGCGACGACGGGGGA,1.9208405591353093,0.9417377719491853
1801,ENST00000326505.3,ENSG00000176597.11,B3GNT5,183253244,183298504,32.78337891974317,4123,3132.49,572.398,4.1169,ATCCCGCCCGCATACAGCCCGCATCCCGCCGGGGAAGCGAGCCCAGTCCAGCGCTGCCCGTCCAGTCCTCGCCCAAGATTTAAAGCCCGCAAGTTTTGTTCTTGAGACCAGCGACTTTAGCTCCGATGCGGGAAGGAAAGCCGACCTCCGATTTGGACATTTAAAGAGCTGGGCTTGAACTTCGTGAGTTTCGCTCTAAACTGCCCTTGAAATGAAGCTGGACTTGGAGGTGGCATGGAATATTCACATGGGAGAGCCGCATGAGGCCGCCCACCACGCTTCCTGAAGGATGCCCGTGTGGAAGAATTTTGACGTGCCAGTGTCCTCGTTCTACAGGGTGTTCCATTCTTCCGCAATCTCAGAAAAATGGGACTAAAAGAAACTATTTTGTAAAATAAGAAGACTTCCATTTTTAATGACCAACATGTATTAAGATGGACACCTACTCTACGAAACACGAAGTTCTATGGTCTCGAAGAAGCCCGTGCCTGTTTAAAACTGATCCTAACTAAAAACAGACTTGAGTGGAT,7.963122475586769,2.9933342469408437
1803,ENST00000454652.6,ENSG00000114796.15,KLHL24,183635568,183684477,21.51211396778172,7380,5869.17,381.683,1.46517,GTTGTGAGCTGCGGCAGAGACTGGTGGCTGGAGGAGACGCCGGCGCTGGAGAGTGCGCTGCGCCGCCCGCCGCTGAGGGACCGCGGGGTTAGCCACTGCTGGCTGCTTCCAGTGTTCGCCGAGAGGTACCGGGGGTGACAGCTCCGGGACCGGCCGAAAGGCGAGGAACCGGAAGCCCGGGGGAGTGCGACCGCCTCAAATCCAGCCTTCTTGTTTGGTGGGACGACCGTCGGTTCTGTCCGGGAGGAATGACGGGGTCAAGGTGTGGAAATTAAAAGAACACACATATTTTGACTGGGGCTTTGATCAACCAAATGCTAAAAAGCCACATAAAGAAGATCCCTAATAGTCATTTCTCAACAATTATATAGTCAACTGATGTAACA,14.682333086114047,3.8760093317552724
1804,ENST00000305135.9,ENSG00000163872.15,YEATS2,183697818,183812625,12.375587069109008,6506,7570.33,1703.91,5.071,GCGGGGCGGAACGCGCCGGGCGGGCTCCACCGCGCCGTGTGCTTCCGCAGGTTGCGGGGGTCGCTGGGGCCTTGTGGCGGGGCAGCTCCGCGGGGCTTCGCCCGCTCTCTCACCTCGCCGTGCTCTCTCGCGGCGGCCGGCGGGGCCCGCGCTGCAGCCGGAGACCCGGAGAAAGGTGAAGAACTGAATGTCATC,2.4404628414728866,1.2871547854005532
1805,ENST00000273783.7,ENSG00000145191.12,EIF2B5,184135038,184145311,49.89289969428748,2655,3010.27,972.665,7.2798,TCCCTCCTCGTCTCCTTCCCTTCGTTAATTAGTCCATCGCATTTCAAGTGCTGGATCCTTTTTGTCCCCTACTGCGTGCGGTGGCAGCTTCCTTGCGGAAGTGGTGACCGTGAGAGAAGAAG,6.853608573626676,2.776863798362294
1806,ENST00000313143.7,ENSG00000161202.17,DVL3,184155388,184173610,19.218565783399168,5254,7093.8,2942.82,9.34646,GCCGCGGCCACCGGAAGAGTCGCGGTCGCCAGTCCAGTCGGGAGAGTGGGGAGCGGAAGCGGCGGCCGCGGCGGCGGCGGGCGGCGCTGGGACCCGGTAGCGGCCGGAGAACAAGGGAGCTGGCGCCGCCAGCAGCCGCCGAGCTGGGTTGAGCCGCTGGGCCGCGCCGCGCGCCGCCGCCGTCTGGGAGGCTCGGCCCGGCCGCCCGAGCAGGCCGCGCGCGGGCCGCCGGGCCCGAGGCCAGAGCC,2.0562400934042584,1.0400087282188326
1807,ENST00000292807.9,ENSG00000161203.13,AP2M1,184174689,184184091,269.31912659449625,1931,2402.36,5582.77,52.3569,ACTGCGGTGAAAGCCGAGGCAGCGGGCAGACGAGCAGGGGGCGGGCGGACATCTTGGGATCCGGAGAGTGGCCGGGCCGGCAGAGCAGGGGGCCGAGGACACCAGGTCTGTTCTCAGAGCGATGGGCCGCGGAGACTGATCTGCCGCC,5.143908951723579,2.3628651068844895
1808,ENST00000429586.6,ENSG00000161204.11,ABCF3,184186023,184194012,26.468327468106335,2624,3316.99,278.973,1.89487,AGACTCGGCGCCTCTCCTCAAGGCCCCGCTCGCCCCGCCCACCGGGCTCTGCGCACTCCGCTCCTTTCCTGCGTCACCGCTACACATGCGCCTTGCAAGGAAGGGCGAGATTTCGGGGGCAGGGCGGGGGGCGGGCCTAGGCCGGGGTCTCACAGCGACTGCGCGGACGGGTTCCTGAGTGGAAC,13.968413383559998,3.8040962549572677
1809,ENST00000324557.8,ENSG00000145194.17,ECE2,184249650,184293031,33.21220332407383,1823,2489.74,219.25,1.98403,ATTGGCTGAAGGGCCGGCGGCTCTGGCTGCCCGGCGGTTGAGAGC,16.739768715228013,4.065207689938184
1810,ENST00000310118.8,ENSG00000175166.16,PSMD2,184298709,184309054,112.23407903949168,3449,4174.14,1497.64,8.08355,CAACAACAACAACAAAACCAAATGAGGTTAATATTCCACAGTGGTGTGGGGCTAGACACAGTTACACAGACTTTATACAGGCGGCAATCAAGCGTCCTGGACGTCAAGAAATCTAGTTTGTCTGTCGCGCCACGCAGTCAACTGGAGTGTCACTGTGGGTTCTATTTACACCGTTATGAGAAAAACCTGTGGCGGAGTAAAACTCGGTAACTCCGCTCGCAGACCGCCCATCTACAGCAGTGAGCGAACCCAAACCCCACACGGCCAAGTCCCGCGGGTTTCAGGAAACTCCGAAGAGGTCGGGGGCCAGGGGCGACTATGGCGCGGGGGAGGCTGGGAATTGTAGTCTCCACCTGCCTCCGAGGGCGGGGTCCGAGGGCGGGGCTCTCAGGCCGAGGGGGTGGGTGGGTCGCCGAGCGCCCCGGCTCGCCCCGGCGTTTCCGGTCGCAGGCGGGCTCTGGAGGAGGAGGGGCGCCGCGACCGACGCGCGCGAGTTGGTCTGGGAAAAAGGGCGGTGCGAGCGGGTGCGCGCGCAGCGGGCCGGCAGTGGCGGCGGAG,13.8842561794622,3.7953779846875917
1811,ENST00000346169.6,ENSG00000114867.20,EIF4G1,184314495,184335358,101.19151249928768,5516,7834.47,4208.24,12.1019,CGGCGGCGCAGATCGCCCGGCGCGGCTCCGCCCCCTGCGCCGGTCACGTGGGGGCGCCGGCTGCGCCTGCGGAGAAGCGGTGGCCGCCGAGCGGGATCTGTGCGGGGAGCCGGAAATGGTTGTGGACTACGTCTGTGCGGCTGCGTGGGGCTCGGCCGCGCGGACTGAAGGAGACTGAAGGCCCTCGGATGCCCAGAACCTGTAGGCCGCACCGTGGACTTGTTCTTAATCGAGGGGGTGCTGGGGGGACCCTGATGTGGCACCAAATGAA,8.361621935339713,3.063782814448661
1812,ENST00000429568.1,ENSG00000163882.9,POLR2H,184361718,184368596,104.92456490973996,878,745.785,385.558,11.6476,CGTACTCCCAACTGTGGTCGCGCTCTCACCCCTTCTGCTGCTCTCGTGGCCCCCTCGCG,9.008256199538097,3.171247859006395
1813,ENST00000436792.6,ENSG00000156931.15,VPS8,184812143,185052614,8.047701999747547,5011,4361.45,547.896,2.83028,AGTGGGTGCGGTCACGTGGGCCGGCGGTCCACGGCCGGAATGGCAGCAAGCTCAGAGATAATCATTCAGGTCTTCGTGAGCTAAGGCCAAACAAACAAAAAACACTTGCTTTGATGGACTGAATACTGTTATTAGAAGTAAAT,2.843429625248225,1.5076320980964393
1814,ENST00000448876.5,ENSG00000073803.13,MAP3K13,185282941,185489097,12.321799882855723,1681,1366.23,427.97,7.05751,ACGGGAGGCGGTACCTGGTTGTGGAGGGTGACGCCATGGGTGGGGCGGAGCGTCTGGGATGCGCTGGGAGCCTAGGATCCCCGACAGTTTTGCAGAACACTGAAATCTATGGACTCTAAAATGGACTTCATTTAAAGAAACCCACGGACCATTAATGGACAAAAACATGAGTCAAT,1.7459132020862491,0.8039818372993122
1815,ENST00000296257.9,ENSG00000163904.12,SENP2,185582496,185633551,21.477358916220524,5717,6083.58,818.146,3.02993,GTGCGCAGATTGAGAATGGAGCTTTCCGGTCGGGCGGGAGGAGGTGACGTCAGGAGTGGTGGCGGGCGGGGGCCTCTGGTAGCCCTGGGGACGCTGTATCTGTGGGCTCTTGAATCGCGTCACAAATCAGCGACCGAACTCTGGCGGTGGTGGTTAAGACGGCGAAGGCGGCAGCGGCGGCGACAGCTCTGGGGTTTGCGTCTCGGGGTGTGTCGGCCGCCGCTGCTGCTTGGGCCTGGT,7.088401024518892,2.8254602263137185
1817,ENST00000426808.5,ENSG00000156976.15,EIF4A2,186783205,186789900,31.948761358167527,1751,1399.56,104.597,1.6838,GCTGTCTTTTCAGTCGGGCGCTGAGTGGTTTTTCGGATC,18.974202018153896,4.245967307607935
1820,ENST00000617246.4,ENSG00000145012.12,LPP,188153284,188890671,17.09833289543579,18220,16794.5,1830.79,2.45603,GTGGGAACTTTGAGGCTCAGAGACAGAGCAGAAGACAGAACCTGGTCTTCTGATTCCCTGTGTTCTGCTTTTTTCATTGTTCCACTGGACGCTCATCAGAGGGAAGATCTTTTTCCTCAATTGCATTGCAGTTGGCTGAACCTTGTGTCAACCATCCATTCCAGGAGCCAGCTATCTGAGATTCCAACA,6.961776890117705,2.7994555795487432
1821,ENST00000072516.7,ENSG00000196083.9,IL1RAP,190514051,190659750,5.407204185256287,4697,3796.16,184.381,1.09429,AAAGGGGGAAAAGAAAGTGCGGCGGAAAGTAAGAGGCTCACTGGGGAAGACTGCCGGGATCCAGGTCTCCGGGGTCCGCTTTGGCCAGAGGCGCGGAAGGAAGCAGTGCCCGGCGACACTGCACCCATCCCGGCTGCTTTTGCTGCGCCCTCTCAGCTTCCCAAGAAAGG,4.941289955364928,2.304887715751701
1822,ENST00000392455.7,ENSG00000152492.13,CCDC50,191329077,191398670,65.37406355547706,8429,7065.6,1982.47,6.3215,CGCTCACGGGAAAGACTATGTTTTAGGTGACCCGTGTGGCCTTTTTGTTGAGGCCTTTAGGATACAAGGCCCCCACCTAAAGACGCGACCCTCCCGTAGGAGGGGGGCAGGGCCCGGGGGCGGGAGCACAGCGGGGCCCCAGCCTCAGGCGGCGCGTCACTGAGCACAAAGGAGACAACAGCGAGGCGGCAGCGGGCGCTGATCTTCGCTCGCCAGCCACTCGCAATTGCGGTTACAGACCTGCAGCTCCCCCTCCCCCAGCCGGCCCGCCCGCCTTTCTGTCTCCTCTCTCCCTCCGTACTGGACGGCCCCGGTCCATTTCCGGGCTCCGGATATTTGGTATCGATTGGGGCCGGGGACGCGGAGCAGGTGGCCGCGGCGGGGCAGCTGGGCCGCCAGCTTGGTGCCTCGGGGACCGTCTCCCGCTGCTTTGGTCACCAGCCCCTGCCCGCCCGACCCGCTCCGTTCTCCGGCCTGCGAGCCCTGCCGGCCGGACTTTGCGCCGCGTCCGGCGCTGCTGCTGCGCTCGGGGCCCCGCTCGGCGCCGGCGGTGACCGGGAAGCCCGCGTTAAAGGGGCAACCGGGACCCTGGCCCGGT,10.341542917895604,3.3703795410756014
1824,ENST00000264735.2,ENSG00000127252.5,HRASLS,193241125,193277738,3.893535591255541,1066,997.344,46.1516,1.04257,CGGGCGGGCGGGCGGGCGAAGCTGGGCTCGGGGCCAAGCGAGGTCTAGCCGGAGCGACTGTGCCCCGCCTCCTGGGCGGAGCGGGCGGCTCCCC,3.7345555610228005,1.9009365621416943
1827,ENST00000392438.7,ENSG00000198836.8,OPA1,193593144,193697823,14.35114391943686,6340,4903.95,885.8,4.0696,GTGCTGCCCGCCTAGAAAGGGTGAAGTGGTTGTTTCCGTGACGGACTGAGTACGGGTGCCTGTCAGGCTCTTGCGGAAGTCCATGCGCCATTGGGAGGGCCTCGGCCGCGGCTCTGTGCCCTTGCTGCTGAGGGCCACTTCCTGGGTCATTCCTGGACCGGGAGCCGGGCTGGGGCTCACACGGGGGCTCCCGCGTGGCCGTCTCGGCGCCTGCGTGACCTCCCCGCCGGCGGG,3.5264261645952573,1.8182068332503234
1828,ENST00000232424.3,ENSG00000114315.3,HES1,194136145,194138732,126.90203972680024,1578,1649.02,1018.03,13.909,ATCACACAGGATCCGGAGCTGGTGCTGATAACAGCGGAATCCCCCGTCTACCTCTCTCCTTGGTCCTGGAACAGCGCTACTGATCACCAAGTAGCCACAAAATATAATAAACCCTCAGCACTTGCTCAGTAGTTTTGTGAAAGTCTCAAGTAAAAGAGACACAAACAAAAAATTCTTTTTCGTGAAGAACTCCAAAAATAAAATTCTCTAGAGATAAAAAAAAAAAAAAAAGGAAA,9.123735691048978,3.1896246532769563
1829,ENST00000392391.7,ENSG00000163964.13,PIGX,196639686,196736007,16.19301882524554,3057,2528.49,459.207,4.09175,GGGGGCCGGGGCTGCAGGCAGCTGGGAACCGCGGGCGCTAGGCGCGCGCACCCAGCACTCGGTCCCAGCCGATAAATCTGGGGCAGCGCGCGGTAGGAGCTGCGGGCGGCCAGGCCCCTTCCTGCGTCCGCACCTGGCCCCGCGCGCCCCTCTCGGGCGTCCGGCTTCCGGCGTC,3.957480008613806,1.9845820625427295
1830,ENST00000327134.7,ENSG00000180370.10,PAK2,196739857,196832647,63.6791115577227,6139,5314.05,2536.0,10.7519,GTCTTCCTCCCCCAGGGTTGTGGCCACGCGCAGCGGCGGCGGTTGTTCCGCTTCCCCTCCGGCCCGGGCCGTCGCCATTGCCGAAGGCTCCCTCCCCTCCCCTCCCTGGCGTGCGCAGGACTCCGCCGCCGCTGGGCCTAGCGGTAGCAGCGGCTGCTCCAGCGCGGCGTCTCTTCCCGCCCCGCTTCCCCTTCCCTCCCCTCCCCTCCCCGCACCGCGCGCTAGCCCGGGGCGGCTCCGCAGCCCGCCGGGAGCTCTGACCGAGGCGCCTCGCTGGGGCGGGGACCTTGCCTTGCCCGGGGCCATTTCATAATTCTGAATC,5.922591500825222,2.5662285824932916
1831,ENST00000323460.9,ENSG00000119231.10,SENP5,196867856,196934714,22.61894980779402,6308,6101.45,1102.65,4.0716,GCAGGCGGAAGGGCGCGGAGGAGGTGACGCGATAGGCCAGCGCCGGCGTCGCGGCAGCCGCTTCAGAGGAAGCTCGGCGGCTGTGGCCGCGGCGAACAGGCCGGACGCCTCGTCGCTGGCGGGGCTTCCCTTGGAGCTGACGAAGGCGGGGTCCGCGGTCCAGGCTGCTGCCGCGACGGGGCCGGCGGCGGGGCAGCTGCCAGGAACGAGGGTAGCAGCTGCATCCAGATCTCATTATGCATCAGAAAA,5.555297624470484,2.473864205915966
1832,ENST00000602845.1,ENSG00000270170.1,NCBP2-AS2,196942623,196943540,112.66965978294348,918,1032.64,279.0,6.08719,GTCATCAAGCTGCGCGGGGGCATAGACGTCCGGGTCGGGCGCCGCGGGGCGGAAGACGAGGGCGGCGAGGTCGGGTTCCGGGCGCTTGGAGAAG,18.50930557169129,4.210178864376208
1833,ENST00000241502.8,ENSG00000122068.12,FYTTD1,197737179,197787596,101.8011375065318,6866,5927.31,1157.15,4.39838,CGATCCTGCGAGGGCCGCTAGGAGCGAGTCACGGCGCGGGGCCGCTCTGGTCGCCCGCGAGTGTCGGTGGCCCCGCCCCGCCCGCAGCCGCGGGTGGAGACCGAGGACGGCGCCGGCGCGTGCGCGCTCCCTCGGTGCGGCGGGCTGCGTGCGCGAGTGGGAGGTGGCAGGCCTGCGACTCCGGCCTTGTCCGCGCCCGCTCTCGGCGCGACGTCTCCAGCC,23.145143781695033,4.532637619819784
1834,ENST00000334859.8,ENSG00000186001.12,LRCH3,197791226,197888436,14.914852180905743,2258,2082.72,361.576,3.91139,GGGAA,3.8131846174648256,1.9309963816418405
1835,ENST00000464167.5,ENSG00000182899.14,RPL35A,197949987,197956610,2016.0532508883375,1437,1277.59,469.06,8.27176,CTTGTTCCCAAGTAGTACATTTTGCAGCCTACCAAGATGAAAGGACTTAGGAAAATAATTGTAAGAGTGCTATTGAATGTGGCTTATTTCAGTGCGAAGCCGATTTCCGAGGATTGTTTTTCTGGCGTTTGGAGAAGATGCCTAAATTGAGGGCGGAGTCGAAAGATGTTTAATCCCACAAGGCCACGCGGCGGGGCCTCGTCCTTCTCTTACCGCCATCTTGGCTCCTGTGGAGGCCTGCTGGGAACGGGACTTCTAAAAGGAACT,243.72724195193496,7.929123703176771
1836,ENST00000231948.8,ENSG00000113851.13,CRBN,3148992,3179710,46.675994371467546,2206,1587.63,434.862,6.17112,GCCTCCTTTGCGGGTAAACAGAC,7.563618009610499,2.919076503748206
1837,ENST00000264926.6,ENSG00000070950.9,RAD18,8775402,8963773,33.02594517076125,5886,5174.01,1032.92,4.49783,CCCGCCTCTGGCGCGTCGCGGGCTGCTGACGTAATGCGGTAGCGCGGGGAATTTCGAGTGGTGTTGGAGCGCCGGAGGCTAGTGGGTGGCTGACCCCCAGCATCCTCGGGAGCGACC,7.342639710874187,2.8762988114548262
1838,ENST00000256460.7,ENSG00000134072.10,CAMK1,9757342,9769992,69.35211237057926,1488,1778.44,620.231,7.85737,GGAGAGAGCCGCCGAGCCGAGCCGAGCCCCAGCTCCAGCAAGAGCGCGGGCGGGTGGCCCAGGCACGCAGCGGTGAGGACCGCGGCCACAGCTCGGCGCCAACCACCGCGGGCCTCCCAGCCAGCCCCGCGGCGGGGCAGCCGCAGGAGCCCTGGCTGTGGTCGGGGGGCAGTGGGCC,8.8263773209839,3.141821422758796
1839,ENST00000301964.6,ENSG00000171148.13,TADA3,9779860,9793011,16.860647425441183,2355,3449.36,1121.0,7.32198,CTTCCGGTTCTGTACCCCCATCCTTTCTCTCGCCCCTCCTACCCGCAGCTCCTGGCGCTCGGCGGGGCTAACTGCAGCGCGGAGATCTCGGCCGCCAAGCTCCGCCTCCCGCCCCGGGCTGTGCCCCGGGGCTCGCCTGAGGCCGACCACCCGCACCCCACCTCTAGCGGCTTTGCTCGAGGCCCACCTTCTTCCCACCCCCGGCAAACTCCAGTAGGCTCGCCCTCGCTGACTCCCCGCCCCCGCGTCAACTGCAAGGGGCCCGCCCATAGCCAGTTCCGGGGCGGTTGCTCACATCGACCGGAACTCCCCGCCCCCTCCCGCGGCCCCTGGGGCCGTAGGAGGCCGCAGCGAGGAGGTAGAGGGGGCGGGGGTCGCACTAGGGTGTCCCTAGAGAACGAGGACTCTGAAGGCGGGACATTTGGGCGACCCCCGGGCGGGGCCAGCCATTAAACAGTCCCACTTCTGTGCCAGACACTGAACTGGGCTCTTGACGGGCATCATCTCTTAATCCTCAGAACATCCCAGGGAGCTCCACAGGATCCCCATATCCTGGGCC,2.3027442611754174,1.203354196792556
1840,ENST00000383820.9,ENSG00000156990.14,RPUSD3,9837849,9844602,80.92407528108222,1225,1567.67,667.974,9.59992,AC,8.429661422291252,3.0754746864234868
1841,ENST00000245046.6,ENSG00000125037.12,EMC3,9962537,10011209,122.02548766210798,2777,2602.56,776.438,6.72153,TGCCTCAGCCTCCCGAGTAGCTGCGACTACAGGCGCCTCCACCACGCCTGGCTAATTTTTTTGTATTTTTAGTAGAGACAGGGTTTCACCTGTTAGCCAGGATGGTCTCGATCCCCTGACCTCGTGATCCCCCCACCTTGGCCTCCCAAAGTGCTGGGATTCCAGGAGTGAGCCACCGAGCCTGGGCCACCGCCGATAGTTTTCCACTTTCCCGCCAGGCCCGACGCCGCTCTGACGCCACTGAGGTGCGCCACGACGTGACGTCAACGTTCGCGCCGGAAGTGGAAGACCAGGCAGCCCAGCTGAAGGCAGTAAGCTCGGCTCACAGTCGCAGGAGAGTTCTGGGGTACACGGGCAAAGGGGCTTGAGAAGGCCCGGAGGCGAAGCCGAAGAGAAGCAACTGTGCCCCGGAGAAGAGAAGCTCGCCCATTCCAGACTGGGAACCAGCTTTCAGTGAAG,18.154421338907657,4.182249040735039
1842,ENST00000350697.7,ENSG00000157020.17,SEC13,10293131,10321178,196.30274430528385,1425,1743.89,1410.77,18.2263,CCGAGCGCGTTGCTGCCCGGAGGCTCCTACGCCACGGCCCGTCGGGCCCGGCGCCGGAAGTGAGCTGTTCCGAGGCGCCGCCGGGAGCTGCCACGTCCGAGACCTGGAGCAGCCACCGCCGCAATC,10.770301394429142,3.428986717486683
1845,ENST00000430365.6,ENSG00000144560.13,VGLL4,11556070,11771350,13.671043859043865,1377,1669.7,106.508,1.43716,ATGCCAAGCATAGCCCTCATGTCAGCGCTGCCGGCTTGCAGCGGGCTGTGAGAGGGGCCGGCGCCGCTTTGTCCTAGGAAACGGGCTGCGCGTTTCTCTTTTTCACTCTTTTCCATTTCCAGGAAGGACTTGTAAGGACTTCTGAAACGCTGTTTTCATACTCGATCGGGGATACAGTACATACACCGTCTACCAGTAAGCCCTTGAAGGGTTTCGTGTGAGCTCGATTTTTTTGTGCCTGATTTTTTTTTTTTTAACTTTTGCATACTTTGTTTTGATAGTCTGAGGCTGGGCCTCTGCCTTTGTGAAGTTGAAGAGCCAGGAGCTACTCAGCAACAATTGATTTTTGAAACTTAACTCTTTTGGGGCAAAAGCAAAGAGCTGGTTTTCTTTGCTAGCCCAATAA,9.512541303016967,3.249830812745317
1847,ENST00000455809.5,ENSG00000144559.10,TAMM41,11790442,11846919,47.33423058930816,1213,1070.8,70.1662,1.47632,CCCCACACTCAGCCTTGTGTCCCTCGATCCAGTCTCCGACTTCCATTTCCCACCCTAAACCGCCTACCCGGTGTCTGTTCCCCGCCCGGTTGTCCTCGCCCTGCTGCGCTGAGTGTCCCCTGTTAGCCTCGACCCC,32.06231073839558,5.00280649950307
1849,ENST00000251849.8,ENSG00000132155.11,RAF1,12583601,12664226,182.5205396589964,3300,3695.47,1880.43,11.4644,AGTCGACTGCCAGTAGGGCTCGCGCAGAATCGGAGAGCCGGTGGCGTCGCAGGTCGGGAGGACGAGCACCGAGTCGAGGGCTCGCTCGTCTGGGCCGCCCGAGAGTCTTAATCGCGGGCGCTTGGGCCGCCATCTTAGATGGCGGGAGTAAGAGGAAAACGATTGTGAGGCGGGAACGGCTTTCTGCTGCCTTTTTTGGGCCCCGAAAAGGGTCAGCTGGCCGGGCTTTGGGGCGCGTGCCCTGAGGCGCGGAGCGCGTTTGCTACGATGCGGGGGCTGCTCGGGGCTCCGTCCCCTGGGCTGGGGACGCGCCGAATGTGACCGCCTCCCGCTCCCTCACCCGCCGCGGGGAGGAGGAGCGGGCGAGAAGCTGCCGCCGAACGACAGGACGTTGGGGCGGCCTGGCTCCCTCAGGTTTAAGAATTGTTTAAGCTGCATCA,15.920636026219986,3.992826067298095
1852,ENST00000429711.6,ENSG00000144713.12,RPL32,12834485,12841588,390.1345713215052,2117,2102.98,666.971,7.14551,GGACCCAGGGGTTACGACCCATCAGCCCTTGCGCGCCACCGTCCCTTCTCTCTTCCTCGGCGCTGCCTACGGAGGTGGCAGCCATCTCCTTCTCGGCATC,54.59856207905457,5.770791051367033
1853,ENST00000618604.4,ENSG00000144711.13,IQSEC1,12897220,13073117,3.2950863315658863,3744,5531.04,566.004,2.30555,CCTGAGAAGCCAGCCAGGCTGCGGCTGTTTGTGGCAGGAGGCCCCCACCCACAGCACTGGACCAAGCGTCGAGGGCGAGGCCCCCAGCAGTGAGACTGGCACATCCCTGGACAGCCCCTCAGCCTACCCCCAGGGCCCCTTGGTGCCCGGTTCCAGCCTGAGCCCGGATCACTACGAGCACACGTCAGTGGGAGCCTATGGGCTGTACTCGGGGCCGCCGGGGCAACAGCAGCGCACGCGGAGGCCCAAGCTGCAGCACTCGACCTCCATCCTGCGCAAGCAGGCTGAGGAGGAGGCCATCAAGCGCTCACGCTCACTCTCCGAGAGCTATGAGCTCTCCTCGGACCTGCAGGACAAGCAGGTGGAG,1.4291975153719876,0.5152053109448413
1854,ENST00000254508.6,ENSG00000132182.11,NUP210,13316235,13420309,51.20565770232637,7193,10075.7,4372.83,9.77797,GCGCGCGCGCGGGCGGGAGCGGAGGGCAACGGGGCGGCGCGGGCGGCCGGGCGCAGGGTCGCGGGAGGTGACGCGCGGCGAGG,5.236839313510511,2.388696338001303
1856,ENST00000396914.3,ENSG00000163528.12,CHCHD4,14112077,14124870,41.77028515765124,1405,1373.66,448.452,7.35525,AGGTTGGCCTGGCCGCGGTTGCGAGGGCGCCGAGGCAGGCGCGCGGCGGGCAGGCCTGGGAGGGGGCGGGTCCGCGCGGGCTTCGGAGGAGCCCGCCCTGCCAGAGGAGAGGGAGGTCACGGCGTAAAGGTGCAGCTGCCGCCACCGCCGCTTCTGCAAGGTCTCAGGGACGGGCTGCAGCC,5.678975583107473,2.505630708873975
1857,ENST00000285021.11,ENSG00000154767.14,XPC,14145147,14178783,15.42439173181191,3832,4880.42,940.163,4.34018,ATACACCGGAAATAGAGAGAAACCTGTTGTGCTCTTTCCTGCTTCCCGCAGTTTTTTAGTGGCCACGGGTATGGGGTGGAGCTTCCTTTAGGGGCGTGACTAGGCCTCCAACGAAGGGGCGTGGCCAAGCGCACCGCCTCGGGGCGGGGCCGGCGTTCTAGCGCATCGCGGCCGGGTGCGTCACTCGCGAAGTGGAATTTGCCCAGACAAGCAAC,3.55385991636566,1.829386815314931
1858,ENST00000253686.6,ENSG00000131368.7,MRPS25,15042460,15065335,94.1668382942974,4586,5284.91,712.464,3.0373,AGCGTCTCCTGTGCGTCTGCGCGGGAAGTGGAACCTGGCTCTGGGGAGAAGCCGCGTGAGATCCGCGCGGGTGCTAGCTAGTCCTTTCTCGTCGCTGCTCGGCTCGCGGCCCGTGGGGTCGGCCCCGCCACCGTTGCCGCC,31.00346962575228,4.954357772701871
1859,ENST00000253699.7,ENSG00000131381.12,RBSN,15070073,15099163,9.383207000944925,6678,8007.99,974.102,2.74058,GAGTTCCGAGCGACCGATGGAGATGGCGGCTGCGGCTGAGTGACGGACGGTGGAGGCCCAGAGCCCGGGCCTGAAGGGGGGGACAAACCTGGGTGCCCGCAGGAGCCCGGCAGGGTACTGTGCTAAACCCTGGGGAGACGGCGAAGTGGAAAACATATAGAGTCTGTGCCCTCCCAGATTTTACAGTCTTACTTGGTCACTTCACGTATGTACCTGCGGTTATAAATTGAGATGAGTGCTGTGAAGGAGAAGTCCATTCTGATGCTCTGAGTGTCTTACAAGTATCAAGAACTTACTATATGTGGTTGAATAAACAATCAAGGTAAAGAGCATCAAGTAAAAACTTCTGCTTGTTGATAAGTACTTCAGACATTCCCCCAGTGGCTGAAGTGGCATATGAATTATGAAGTTGGATCATTTGGAATGAATGTAAGAGAATTGCCAAGGGCTCCTCCTACTCCAGAGAGGAAACCTCATCCAGGGCCATGAAGCCACTTCCTCACCATCTGTGTGCTGCTTAAGCTAATGCTGCGGGAACCATGGTTCCTTGGGAGGAATCAAGCTGACTCTTGGCATGAGATTCCTGCCTTCCTAGGGTTGAGAGCGGCACTGCC,3.4238033558388823,1.775599843765079
1861,ENST00000383791.7,ENSG00000131370.15,SH3BP5,15254853,15341368,17.298978618740303,2822,3244.32,233.385,1.62073,GCGCTGACTGCCGCGGCAGAAAGGGGGCGGCCGCGCCCATTTCCTCTGCTCCGCCGCGGCCGGAGGTATCCGCATCGGCGAGCTGCGTCTCCCGGGTGTCGGCCCCGGCGGCTCCCCGACCGTGCCCGGCTGTGGCGAGGCGGCTCCAGCCCAGCCTGTGGCAGCCGCGACCCCCGGGGCGCTCCGGAGCCCACTGCGCGGCGCGCGTGCCGGCTGCCTGC,10.673572167319852,3.4159711844144636
1862,ENST00000443029.5,ENSG00000206562.11,METTL6,15381275,15521751,35.26675082857471,4020,3714.77,184.502,1.119,TGCCATGGCAAAAGAACTCCCGGATAATCCGAATTCGTGGTCCTCAGAATTGGTTTAGGGTTGTTTCGCGGTTCTTCCCGTATTCTGCCTCCGAGGCCCAGTGGGGCTGGCTGTGGGCCCCCTGTGCTGTTTGAGGCGTGAAACTCACCTCAGGAAATGTATCTGATCCATTAGCGTGGATTCATATTATTTGGTGATGGAGAATCTTCAGCTGTGTTAAGTGTTACCGTCAGTTTCAGAG,31.51630994510698,4.97802672309732
1865,ENST00000321169.9,ENSG00000131373.14,HACL1,15560704,15601852,46.29403030652643,2266,2191.98,178.764,1.83741,AAACGCTCCAGCTGGCCGACTCGGAGACAATGGCGAGAGGCCTCAGAGTTCGGCTTCTTACCTGCTTTGCATAGGCAGCAATCTCCTGCTAGTCCCGCCTCCCTCTGGCATTCTGGCGCGCGAATGGAGGAGCCGAGAAGAGAGCGCAGTTCTGATTGGAGAACGCGCGTGTTTACATTCTCACCTCTCCCGGGAAGTGGACGAATTTAGACCGCCTCTTCCTTCCCGTTGTTTAAGGCAGTTGGTTGCCCTCCTGTCCGTCAGAGGTGCAGTACCAGAGGTGGCGTGCTGCCGATTTCGCGTTTGCCTTGCTGGATGATTCCGCTTGTTTGCCGGCTGCGTGAGTGCTTAGAGCTTTTCGGTGGAAG,25.195264152544304,4.655080676798043
1867,ENST00000383775.4,ENSG00000154813.9,DPH3,16257978,16264972,33.76059019057045,3052,2404.41,281.363,2.63646,GATGCCGAGCCCAGGCCGGTTCCGGCGAAGTTAAACCCTCGGAGCTGGCCTCGGACTGCTGGGGCGTTACCCCTTCGGCCACCCCCGCTGACC,12.805273051959995,3.6786661113142385
1868,ENST00000334133.8,ENSG00000131378.13,RFTN1,16313574,16514026,7.529282828700468,2982,3776.45,257.674,1.53726,CGTCGGGGCTGGAGCCGGAGCGCGCCGGGCGCTGGGCGCAGCGAGCGAGAGCGCGGCGGCCGCGGGCTCCGGCGAGGGACAGACGCACCGATCGCCGGAGGGACAGACACACGACCACGCGGCGCCACCGCCCACGCCTCCACCCACCGGCGCCCAAGTCCTCCCCGCGCCGCCTCCTCTGTATGGCACAAACTTTCCTCCCGGGACGGAACACGCTGCCTCAGGGAGCCCGCGACCGCGCCTTCTCCTCCGCCGGTCCCATACGCTGCTGAA,4.8978590665863075,2.2921512616801123
1870,ENST00000253692.11,ENSG00000131374.14,TBC1D5,17157162,18445588,22.96551244923225,7854,8052.9,679.723,1.9017,TGACTGCATCACCTGGTCTGTGAATTTTCCATTAGAAGCTTGGTGTGCTGTTAGGTGAAAGACTTGCTCAGCTATGCGTCATTGGGTTTTATCAACATATAGGCGAAAAAAATCCTGGTCTCTGAGTGTACAGCTGAGATGAAAATTTCTTTTATTGGAGGAAGTATTGAGTGTGTGCTCTCAAATGCGGCCTCAGTTGAGTAGTGCATTCCTGAGTTTTGGAAGCAAATTTGCAAACAATTGAGAGTCGTACAGTGGGTGTTCTAACTGGATTCAGGTTTTTTCTAATGTAATTTTTTCACACGTAAATTAAAAAGTTTAGAAATGTCACACATAACTTCATAACACTTTATGGAGAAATGGTTGTACTTTTAATTTTTTTCTTTTTATTTATACTCCAACTGACTGAGCAGAGGTTGTACTTCTAAATAACTTTGTGGAAGTTTTTAGTACCATAATTTTTATAATTTTCATTCCAGTCCTTTGATATTTATGACAGTACTTCTGAAGCGCTTACTGAGTGCCGGACACTGTTGTAAGTGCTTTACGGAACTTGACTTTTTTTTTTTTTTGAGACGGACTCTCGCTCTGTCGCCCAGGCTGGAGTGCAGTGGTGCAGTGGCTCGATCTCGGCTCACTGCCACCTCTCCCTCATGGTTTCAAACACTTCTCCTGCCTCAGCCTCCCAGGTAGCCAGGATTATAGCCGCCCGCCACCACTCCCGACTAATTTTATTTTGTATGTTCTTTTTTAGTAGAGACGGAGGAGTTTCACCATGTTGGCCAGGCTGGTATCGACCTCCTGACCTCAAGTGATGTGTCCATCTCGGCCTCCCAAGGTGCTGGAATTACAGGTGTGAGCCACTGTGCTCGGCCTACCTTTTTTTTTTTGTTTTTTGTTTTTTTGAAAAGGAGTTTCGCTCTTGTCCAGGCTGGAGTATAATGGTGCGATCTCAGCTCACCGCAATCTCCGCCTCCCAGATTCAAGCGATTCTCCTGCCTCAGCCTCCTCAGGAGCTGGGATTACAGGCGCCCACCGCCATGCCCGGCTAATTTTTGTATTTTTAGTAGAGACGGGGTTTCACTATATTGGCCAGGCTGGTCTCGAACTGCTGACCTCAAGTAATCCGCCTGCCTCAGCCTCCCAAAGTGCTGGGATTACAGACGTGATCCACCAGGATCACACCAGGCCGCGCCTGGCCTGCTTTCATTTTAAAAGTCAAATTTGTCATCCGCCTCAGTGCTTGTAATCTTTTCTGAGTGAGATACTGAAATTTGCAGTTTCGTTTTGCTTGCACTTGTTCACTGGACCAGTAGTCACTGTTAAATGTAAAAGTATCTACTTCCTCTGAAAGTTTTTTATTCCTTTATTTCCTGCCTGGGCTTGTCCTCCACCCTACATGTATGCGTAGTAGATTTAGTGTTTGTTATCCTAACCTTTAGGTTTAGGGATTGACTGGGTTTCTGACTTTTTATTTGGCCAATGAGGACGATACAGAAAATGAAGCATTGGTCATTATCACATTTTAACGCTGAAAAAGTAAGAAGGACAACCCCGGAATAAAATGATATCAGTATCAAGATAAAAGTTTGGAATGGGAGAAAAATTCTCAAAGCCTGAAAGAAAATCTGTAGTTACTTTTGGTGACGCTGTCCAGTTCCCACA,12.076306698865357,3.5941073970729165
1874,ENST00000437051.5,ENSG00000129810.14,SGO1,20160593,20186292,8.286244404982124,1187,787.062,106.032,3.03523,AGTTCCAGGCGACGGCGGACGGTGGTACGGTCCTGGAGGGCCCAGTGCGCGGGGCTAGCCGTGGCTGGAGAGCTTCGAAGAGCCTTGAAATGTGAGGAGGAGGAAGATAGCTGTTGCAGAAGTAGTGGCCAAGGCAAAAG,2.730021911018975,1.4489125301896562
1875,ENST00000425478.6,ENSG00000197885.10,NKIRAS1,23891660,23946591,23.8852493615152,2014,1662.38,85.2624,1.15555,AGAGCGTCATGGGACATGTAGTTCCGGCATCGCGCCTGGTGGCGGAGTTCTGCCGAGTGGGGCGCCGCGGCCGCTATTGTCCCGCCCCCTGCTCCGCAAGATTCGAGCCTGAGCGGCCTGGGCGTCTCGAGAGGTGAGAGAGTTGGCGGCGAGGTCTCGGCGGCTAAGCGAGCGTCGGCGACTGTCTCTCCGCGAGAGGAGGCAAGTTGGGGTCCAGGCTCCAAAGCCGGTGGCCGCGTACCGCGGTGGAGCCGCTGTCTTTGAGGTCTGAGGAGAGAACAGACAGAGTCTAGCTCTTTCACCCAGGCTGGAGTGAAGTGGTGCAATCTCAGCTCAGTGCAACCTCCGCCCCCTGGGTTCAAGTGATTCTCCTGCCTCAGCCTCCCCAGTAGCTGGGATTACAGTGATATCCTGAGAGAAG,20.67002670720886,4.369468347721012
1877,ENST00000435706.6,ENSG00000077097.14,TOP2B,25597905,25664939,41.82436741083647,5389,4121.6,684.25,3.74034,TTTGAGGGCAGCCGGCGGCGCGGCCTCCTCAGCGGGCTCGGCTGGACGTCCGCTCCGGATCTTCGCGATGGGGCGCGGGGGTCGGCGCGGCTAGGAGTGCGGCGAGTGGAGCGGTGGGTGCGGAGCGGCGGGGCCCAGCGGCCCGCAGGGAGGCGGGAGCGGCGGCTGCGGCCTCAGGGCCTGTGAGCTGGAGGCACTCGCC,11.18196939605396,3.4831023964587144
1878,ENST00000396649.7,ENSG00000151092.16,NGLY1,25718944,25790039,1.1600086628994914,2024,1699.44,320.685,4.25142,GGGACGCGGAGAGCGAGGGGCGGCGGCGGCGCCCGCTGGCGCTCAAGC,0.27285205011490077,-1.8738092112299898
1879,ENST00000420543.6,ENSG00000163512.13,AZI2,28315003,28349127,1.2837586462024042,1366,1031.86,110.722,2.41754,CGGGCCTGACTTCCGGTTTCCTCGCGCGTCCCTGGCGCCGAGCCCGCGGACAGCGGCAGCCCCTTTTCCGGCTGAGAGCTCATCCACACTTCCAATCACTTTCCGGAGTGCTTCCCCTCCCTCCGGCCCGTGCTGGTCCCGACGGCGGGCCTGGGTCTCGCGCGCGTATTGCTGGGTAACGGGCCTTCTCTCGCGTCGGCCCGGCCCCTCCTGCCTCGGCTCGTCCCTCCTTCCAGAACGTCCCGGGCTCCTGCCGAGTCAGAAGAAATGGGACTCCCTCCGCGACGTGCCCGGAGCAGCTCCCTTCGCTGTGGAAGCGGCGGTGTCTTCGAAGAAACCGGAAGCCCGTGGTGACCCCTGGCGACCCGGTTTGTTTTCGGTCCGTTTCCAAACACTAAGGAATCGAAACTCGGCGGCCTTGGGGGCGGCCCTACGTAGCCTGGCTTCTGGTTGTC,0.5310185751641769,-0.9131657671375366
1880,ENST00000205636.3,ENSG00000091317.7,CMTM6,32481312,32503408,92.22720215206724,3863,3403.96,1565.06,10.3588,CACTTTGAGTCTCATTCAATTCAAAGATCATGGTCCTCAGAGAGGCCTTTCCTGACCACTCAGTTTAGTAGTGGCCATTTAAGTAGAGCACCCAATTCTCCATCCTTTTTTCCTTCTCCTTCCTCTTCTCCTCCTCCTCCATCTTCTTTTTTTTTTTAATAAATTTATCAAGCCACCAGAAATGCTGAATCCATTATTTTCGTATCATATTTTCACGTCACTTATCACTATCTGAAATTGCTATCCATCTGTTTTCTTGTTTATTGTCTGTCTCTGTTACTAGGGATCCTGTGATTTTGGGTAGTACTTGGCTGTCACCCAAGTACCTAGAACGGGGTTCACTGCACACCGAAAGTACGCAAAAATACTAAGTGAATGAATGTCAGGAGGATGAAAGATGGAGGGAGGTGAGAAATCCATCAAAGGCTCACAGAAAGAACTCAATTCTTGGATGAAAGTCGGAAGAATCCCAACAGCTAACAAGCAAATTTGCTGAGAGGGGGCGGGGCGGGCCAAGGGCGGGGGCGGGAAGGGGCGGAGTCAGGCGGAAGCCGGGGAGAAGGCCCAGGAAGTGACGGCCGCCTCCCGGCTACCGGGGACTTCTGGAGTCCGAGAAGTCAACGGCGCGGTTGCTGCGGCCGCCGCGCTCCCCGGCCCGAGGCG,8.903270856862497,3.1543354464240405
1881,ENST00000273130.8,ENSG00000144635.8,DYNC1LI1,32525971,32570874,62.22749533139598,2504,2060.31,891.161,9.74507,GTGCGCTGAACGCCCCATATCCGGGTTCCCGCCGCCTCCACCGCCACCGCCTCAGCCGCCTCGCACATTTAGTCTTGCCGGGAGTGGTGTGATTCCCGACCAAG,6.385536002450057,2.6748077249586584
1882,ENST00000307363.9,ENSG00000170266.15,GLB1,32996608,33097230,27.90250896855357,2616,2908.88,407.218,3.15401,CACAGCGGGGCGGGGCGCGGGGCTGAGCAGGCGCGAGGGCTGGCTGCTGGGCCGACGAGGGGCGGTGCCAGGCCGTGGGTCCTTAGTCAAGTGACGCGAAGCGGCCGGCCTGGGCGCCGACTGCAGAGCCGGGAGGCTGGTGGTC,8.846677394349912,3.14513571432036
1883,ENST00000309558.7,ENSG00000173705.8,SUSD5,33150042,33219215,9.306206941806572,5008,5885.22,286.022,1.09496,GCCAAGGGTCCCCCAGACGGGCGGGGGCTCCTTGCGGCCGGCTAGCTACTCTCCCCGCCTCCCTGCGCCCTCGCCCTCCGCCCCGCTGTACCCGCAGAGCGCGCGGCCCAGCGCAGCCCCTTTTGGCACCGAGGTTTCCAGGTGCCCAGCGCGAAGGCGGAGCCGGGTTACAGCCGCCTCCTCGGCGCCACAGAGAAGACCCCCGGGAGTTCGGCGGCCCAGGCGCTCCGGCTCTGCGTCCCGAGCCTCCCCCGGCTCTCCGCGCTCCTCCCTCTCGGCGCGCCCGGCGCGAAGCCTGCGATTCGTGAGCCGAGCGCAGAGCGCAGAGCCGAGTGGCGCACGCTGGGCAGTGGCCTGGGCAACCCCAAACGCAGCCAGAGCCCTCACCCGAGTCCGCTGGCCCGCGCACTCCCGGACC,8.499129595425012,3.087315100937172
1885,ENST00000447368.6,ENSG00000153560.11,UBP1,33388336,33441371,7.6918844787375855,3669,3415.6,965.531,6.36886,AGTGGGGCCCCCGCAGCTCTCGTCCCGGCCGCCGCTGGTGACCACTCGCCGCCCCTCCGGAGGCTTCACCCGCGCCCTCCCCCAGGACGCGCCAGCGGAGCTCCGGCTCCTTCGCCCTGGACGCGGAGGCCGCGGTGTGCGGGGCGACGGCGAGGCCGGAAG,1.2077333272732618,0.27230193654046164
1886,ENST00000461133.7,ENSG00000163539.16,CLASP2,33496245,33718356,7.487879520918704,4814,4241.65,422.662,2.24502,ACAGTGCTCCGGGTGTCTGCAGGCTGCAGGCCGAGCCCAGTGGCGCAGGCACTGAGCTGTACTTATTTGCTGTGCTATTTGACCTCTTGGTTTCAGAGAGCTCCCTGGACCATCTA,3.335328647815478,1.7378289248920535
1887,ENST00000322716.7,ENSG00000178567.7,EPM2AIP1,36985043,36993168,37.30403590593382,8126,6905.78,983.974,3.21021,AGAGCGGAGGAGGTGCTTGGCGCTTCTCAGGCTCCTCCTCTCCCCTTGCGGCCTTTCTAACGTTGGCCCTGCTCTTGTGGCCTCCCGCAGA,11.620434770913374,3.5385921421243465
1888,ENST00000354379.8,ENSG00000093167.17,LRRFIP2,37052656,37183689,7.652667094625032,2821,2700.51,131.097,1.09373,GTCGTCGACCCTGTGGCCCCGCCCATCCTTCGCCTCCTCAGTCGGCCGCTCAGGCTGCGGCTCCTCCCGGGGCCGGTTCCCGCTGTCTCAGCCGCGGCGCAGAGGGCACATCGGCCTGACCGACTAGCCGGCTGCCAGTGCCGGGAGCCGCCGCGTCCATCCCCGCCCGCCTGGCCGGGGACCCAGGACTGAGTCGTCCAGCTGCGCCCCTCGCCCATAGCCCCAGCGGGCGCCGGGCGGGCGAGCAGCTCTTCGGCCCTTCCCGGACAGCGACGCAGTCGCAGCGCGCGCCCTAACACAGATGTGGGAAGATAAATGAAGGGGTCTAGATGTAAATGTCAGTGGAAAGGAGAGCTACCATCACTAAGGGCTGAAAACACAGTTAAATCACTTTCAAAGTTAAAAGACTATTAAGAACACAAG,6.996852143239219,2.806706005091375
1890,ENST00000333167.12,ENSG00000060971.17,ACAA1,38103129,38137242,11.0705825363806,1785,2173.5,188.233,1.95119,AGGCTGGAGGTGGACGGGACTTTTGGAGGGTCGCTCGCGTCTGTTCGCAGAGCTGTGGGCGGAGTTGAGGCCTTGGAGGCTGAGATGTGGTTCTGCGCGTGTGCGGACGGCTGTCTGTTAACTCCGCGGTCAGTTCCCGGACTGGTGGCTGGTCTGCAGGGTTGACCTGCGCA,5.673759365505461,2.504304964578834
1891,ENST00000273156.11,ENSG00000093183.13,SEC22C,42547969,42601080,14.32479275785152,1608,1616.07,106.465,1.48425,AGCAGCAGCGAATGCGGGGTAGGGGGGAGGTGGGGTGGCTCAAGACTCGCGCACGCGCACCACGGCCTACCTGCGCCTGGGCTGCCGGTGACCTGGGCCGAGCCCTCCCGGTCGGCTAAGATTGCTGAGGAGGCGGCGGGTAGCTGGCAGGCGCCGACTTCCGAAGGCCGCCGTCCGGGCGAGGTGTCCTCATGACTTCTCTTGTGGACC,9.651199432610087,3.270708248903789
1892,ENST00000321331.11,ENSG00000181061.13,HIGD1A,42692663,42852428,164.59811365732008,1373,924.342,1275.61,31.0919,GGCTGGGACGGCTGTGGGTGGGGAGAAGCCGGGAGGACTGGGTGCGCCTGCAGGGATCGGAAGCCGGTTGGGGTGTGAGAGGTTTTCTCGCTCTAGGGAGATTCTTCAAGCAATCACT,5.2939226505076915,2.404337115773206
1893,ENST00000344697.2,ENSG00000144647.5,POMGNT2,43079232,43106076,21.677452644110215,2544,3509.19,454.433,2.91759,CAGGCTCCGCGCCGGGCTCGCCCGCCGGGCAGGCGCACGGCGGACACCTGCGAGCCTGGAGGTGGCGGTCGCTGCGAACCCGGCGGCGCGGCCAAACCTGTGCTGGCTGCCTGGGCCTTCTGGGCCTCCTGGGCCAGAAGCTGGCGCTGGGGGCGGCGGCGGGGTGGGAAAGCGGCGCCGCCGTGGGGCCTCCTGGACGCGTCGGCGGAGGTGGCTTCGTCCCGCGGAGTCCAGGCTTCAGGCTTTCACCAGTTCTCAGGATGCCCATAGGGATGGGTGAAGCCTGCCTGGCCTGTGGTGCTTCCCAGTGGCCGTCATCTCATTAGGGCCCCACAGTGGCATTAGG,7.42991737842199,2.8933461679100883
1894,ENST00000296121.5,ENSG00000163807.5,KIAA1143,44737661,44761662,9.580421754615308,5122,4698.4,1806.63,8.66325,GCCTCTGTATCGTCGCGAATCCGTCGCGGAACCTGTCTTCTGTCTTTACCCAGAGCTACC,1.1058692470626277,0.14518081797256954
1895,ENST00000424952.6,ENSG00000163812.13,ZDHHC3,44915257,44976185,7.968017131250132,2687,3143.77,448.145,3.21166,ATCAACCTGCGCGGCGGCCGCTCCTGCAGCCGCGGCCGCCGCCACTGCCGGGAGAGCTCGATGGGCTTCTCCTGCGCGCCGCCCGGTGTCTGGCCGAGTCCAGAGAGCCGCGGCGCCTCGTTCCGAGGAGCCATCGCCGAAGCCCGAGGCCGGGTCCCGGGTTGGGGACTGCAGGGGAAGGCAGCGGCGGCGGCGGCGGGAGCCCCACCGGGGTCTGGGACTGGGGAACTGCCTCCGGCTTCACGATGCCAGTATGGACAGAATAGCTT,2.4809653360723525,1.3109015781058464
1896,ENST00000296135.10,ENSG00000163818.16,LZTFL1,45823316,45916042,73.86736254684135,4073,2954.31,537.122,4.09618,GAAAATGCATAATTGCAGTCCACGTGCCTCGGTTTCCGTTAGCAACCAGAGGCTTCTAAACAACCTACCCTCCTTCCCCATTTTCTGTGGTCCAACTACCCTCGGCGATCCCAGGCTTGGCGGGGCACCGCCTGGCCTCTCCCGTTCCTTTAGGCTGCCGCCGCTGCCTGCCGCC,18.033231583290124,4.1725860480317785
1897,ENST00000296137.6,ENSG00000163820.14,FYCO1,45917899,45995824,4.187720980629782,8504,10931.3,561.933,1.15818,GTGTGCGCGTCATGGCCGTCAGCACCGCGTTCCCGTCCTCTTCCGCTTGGCCCCAGAAAGTTTCGGTTCTGCCCGGCGGTGGACCCACGAGCGCGTGCCACCATGGAGTCTGACCACTGCTGAGCAGACAGCCACCGAGGGCCGAAATTCTGAGCCTTCCTCTGGACCCAGGCAGGAGACATACAGACAAGAAAGGCAAACTCACC,3.6157773235850925,1.854305832606123
1898,ENST00000425441.5,ENSG00000160799.11,CCDC12,46921726,46982010,63.330533335182544,1097,1166.58,193.299,3.73316,GGCTTCCAAAGCTACAACCTGCCAGCCTATGCTCCATACCTGCCCTGCGAGGTCTGAATTCCACTTGCTGCTCTTTCACTGATCAGCGTTGGATAAATCGAGCCTTAGCTTTTTTTTTTTTCTTTTTTTTTTTTGCTGGCTCCCCACCCACTAGGACCTCCCAGTCTCTCATTCTCGTCCTTGGATTGGCCGCGAGACATTTATCCACTCTCCTTAGGCCTGCGCGATGCAAGACGGGAGAAAAGGAGGGGCGTACGCGGGCAAG,16.96432334407916,4.084431981310544
1899,ENST00000409792.3,ENSG00000181555.19,SETD2,47016429,47163967,11.95335679923766,8142,7907.88,1917.76,5.46381,GCTGCGGGGAGGGGGCTCGCGTCGCCGTCTCCAGCCGCTCCCG,2.187732882226443,1.1294365987279535
1900,ENST00000265565.9,ENSG00000114650.18,SCAP,47413694,47477126,5.355826411576259,4394,6774.98,788.263,2.62135,ACGCTCCGCCCGGCCCGGCCCGGCCCGGCCGTCCATACTTCCCTCCGGTGTCCACCAGAGGGCGAACGGGAGACGCGAATGTGGTTCGACTACGCATGCGCACGCCGCTGGGCGCACGTGCGGAGGGCGGCGGGGCGGGAGGGTAAAGGTAGGAGGTGAGAGGTGAAGGGGCGGGCACCCGGCGGCCAGGAGAGAGAGGGAGGGCGCCACGCACCGGACTGCGGGCCGAGAGCGCGCACGCCGCGCTCCGCCCCTGCTGCCGCCCCCGTCGCCGCCGCCGCCGCCGCCGCAGCTTGGGAGGTGCTGCCACCACAGGTACCTGCACATGTTGTTCTTTGTCAGTGCTGTCAAGTGTGTGCCAGGGTGATCCATGGTCACTTTCCGGGATGGCAGCAAGGTGACTTCGGCTGAGG,2.0431557829272164,1.0307992083238406
1901,ENST00000296149.8,ENSG00000163832.15,ELP6,47495640,47513761,45.70163312154668,1401,1632.1,214.694,2.9637,GGTCCCATCGAGGCACCCGCCTCATTGGCTGTGGCTGGCTCGCAAAAGTGGCATTGCGCATGCGCGCTTCCTTGCGCGAGCCGGGCTGTCGGGTGTGTTTTGCTCTCCAGCCTCCGTCGTCTCTGCAGCACTCCGGGTTCTCCTCCAGAGCGCTAGTCCCAGGAGCTCGGA,15.420465337769235,3.946774396480291
1902,ENST00000254480.9,ENSG00000173473.10,SMARCC1,47585272,47782106,82.13448274806264,6375,6723.23,2340.12,7.8419,GGCTGGGCGGGGCCGGGAAGCGGCAGTGGCGGCTACGCGCGCGGGGGTGCGCGCGGGAACGACCGGGAAACACCGCGAGGGCCGGGGTGGGCCAGGCTGTGGGGACGACGGGCTGCGACG,10.473798792137446,3.3887128900294146
1903,ENST00000360240.10,ENSG00000047849.21,MAP4,47850690,48089272,76.3133091147335,5142,6898.64,1685.82,5.50567,ACCCGCTGGTGGCCCGGTCCGCGTGTGCGCCGACTCTCGCACTCTCCTCGCTCCGGGCGCCCAGACTCTGAGAGAGAGCGACGGCCATCATAGAACAGCGAAGGCAGTCGATCGGCCTGCGGTCCGCTTCGGCATTCGCAGGCCGCAGGCGGGAGGCTAGAGCCCCCAGGCGCACCTCGCCCCAACCGCCCGCGGCTCGGGCAGCTCTGCAGAGACGTCGTGGCGGCAGGGCCAGCACCCATTGGTCCGCCACAGCCCTCCGCCCTCCCCCTCGCCACGCTTATTGGCCGGAGCGGCGGCGCTCGCCGGGTAGGCGGTGGCGGCGTCCCTCCCTTGCGCCGGCCCTCAAGAGGCGACGAGGAAGCGGCCGCCTCCCTGCGCCCCGCCCCTCCGGCTAGCTCGCTGGCTCCCGGCTCCTCCCGACGTCTCCTACCTCCTCACGGCTCTTCCCGGCGCTCTCCTGGCTCCCTTCTGCCCCAGCTCCGTCTCGGCGGCGGCGGGCAGTTGCAGTGGTGCAGA,13.860857827427633,3.792944641329222
1904,ENST00000302506.7,ENSG00000164045.11,CDC25A,48157146,48188402,50.77461447362448,3783,4487.24,1068.59,5.3653,GTCGGCTTGGTTTTCTGCTACCCGGAGCTGGGCAAGCGGGTGGGAGAACAGCGAAGACAGCGTGAGCCTGGGCCGTTGCCTCGAGGCTCTCGCCCGGCTTCTCTTGCCGACCCGCCACGTTTGTTTGGATTTAATCTTCAGGTTGCCGGCGCCCGCCCGCCCGCTGGCCTCGCGGTGTGAGAGGGAAGCACCCGTGCCTGTGGCTGGTGGCTGGCGCCTGGAGGGTCCGCACACCCGCCCGGCCGCGCCGCTTGCCCGCGGCAGCCGCGTCCCTGAACCGCGGAGTCGTGTTTGTGTTTGACCCGCGGGCGCCGGTGGCGCGCGGCCGAGGCCGGTGTCGGCGGGGCGGGGCGGTCGCGGCGGAGGCAGAGGAAGAGGGAGCGGGAGCTCTGCGAGGCCGGGCGCCGCC,9.463518251285944,3.2423766338879045
1906,ENST00000421967.5,ENSG00000172113.8,NME6,48293264,48301685,22.82873520631082,2004,2122.78,178.408,1.89352,GACAAGGTGAACCCGCAGCCGGACTTCTGCTGCACTGGGGCTCCGA,12.056241923143574,3.5917083666551894
1907,ENST00000395694.6,ENSG00000164051.13,CCDC51,48432164,48446656,26.997483781583927,1560,1966.44,175.975,2.01618,TAGAATCGGAACCGTAGGAGGGGTACTTAACCGGACGGCCTACCAGGCCTGTGGCCGTGCGCGGGAAGAGCACTGCAGATCTCAGG,13.390413446013714,3.7431286012781206
1908,ENST00000426002.5,ENSG00000164054.15,SHISA5,48467798,48504826,7.61086352789075,1839,2537.68,1168.04,10.3701,GGGCGGGGCCATCCTGTGTCTTTAAGAGGGTGGAACGGGGCTTCGCGTCTGTGCTTCCTGTGGCTGACGTCATCTGGAGGAGATTTGCTTTCTTTTTCTCCAAAAGGGGAGGAAATTGAAACTGAGTGGCCCACGATGGGAAGAGGGGAAAGCCCAGGGGTACAGGAGGCCTCTGGGTGAAGGCAGAGGCTAAC,0.7339238317750792,-0.44629775010545897
1909,ENST00000203407.5,ENSG00000010256.10,UQCRC1,48599002,48610976,223.4486457804147,1985,2309.18,1488.18,14.5198,TACTGACTTTCAGCACCAACTTGTGGTCCCAGGTAAGTTTCCACGCTGGTACTTTAGCCCTGGGCTCGAACCTGCGGACACGCTGTGGCTGCAACTCCCCGCCCGCCAGACCTCAGTACGCAGCGCGGCTGGTGAGAAACATAATGCACTCTGACTTCCACGCGTGGAATGGGGAGATGGACTGCACGGCGGGCGGACCTGCTCGGGCTGATGGACGGCAGGTGGACTGATGTGCGCAGGGACTGGCGGCAGCGCGGTCAGAGCCAGTCAGCCAAAGCCAGGCCAGCACAATAGACTGTCCCGGTTCCCGCCAGGAGGCGGCCGAGCACCAACTGTACGGTACTGCGCCTGCGCCGCGACCGCCAACGCGCCCAGTCTACGCTTGCGCGGCGCAACAGGGCCGACTGCAGCTGGAAG,15.389237164452313,3.9438498147706555
1910,ENST00000416649.6,ENSG00000213672.7,NCKIPSD,48673844,48686364,12.081978298248874,2925,4380.01,225.027,1.1575,GCGGCTCGGCGCTCCCGGCCTGGCGTTGTGGCGCCGCAGCCCTTGCCACCTTCCCTGCACCTGCCCTGCCCGGCCTC,10.437994210150215,3.3837726017103105
1911,ENST00000328631.9,ENSG00000068745.14,IP6K2,48688003,48740353,32.23825691476602,1775,2008.72,292.728,3.28327,AGGTGCAGGGGGCGGGGCTCGGCCTGGCCGCAGCCATTTTGGTGCGAGAGAAACAATAGGACGGAAACGCCGAGGAACCCGGCTGAGGCGGCAGCAGAGCATCCTGGCCAGAACAAGCCAAGGAGCCAAGACGAGAGGGACACACGGACAAACAACAGACAGAAGACGTACTGGCCGCTGGACTCCGCTGCCTCCCCCATCTCCCCGCCATCTGCGCCCGGAGG,9.818947852222333,3.295568441066964
1912,ENST00000265563.12,ENSG00000114302.15,PRKAR2A,48744597,48847846,51.73402975518102,6471,6664.78,1521.16,5.14223,AGCTCGCCTGCCCGTCGGTCCCCGCGGCGGCGGCGGCTGCCCAGTGACAGCGGCGGCGGTGCCAGGTCGGCCGTGGTAGCGTAGGGTTGCGCGGCCCGGAAACGCAGAGCCGGCCAAAGAGCGGCGCGACGTGAGCCGGGGCCGTGCGCGAAGAGACCTCGCGGGCGCGGAGCGAAAGGCCGGCGTGAGTGAGCGCGGAGACAGTGGCCGCCGGCGGCCCAACCCGTCTATCCCTTCGGCCGCCGCCGGC,10.060621511519521,3.3306475276541057
1913,ENST00000319017.4,ENSG00000178537.9,SLC25A20,48856931,48898993,15.812472533301293,1879,2042.08,108.171,1.19345,ATCGAAGCGGGGCCGAGGCCGGAAGCAGCCCCGGGCGGAAGCCCTACCGTGCCAACTGGGCCCTCCTCCCGACCTGCCCCGGGCTCGTGCCCCGCCCACCCAAAAGTGGGTGAAAGGTCGGCGGCGCCGGCACTGCAGCTGGGGCTGAGAAGCCAGGACGGCCCGAGAACTGACAGACGGAGTGACAGACGGACTGACC,13.249379976791063,3.7278529432169174
1914,ENST00000326739.8,ENSG00000178035.11,IMPDH2,49024325,49029408,221.6223206577416,1643,1812.15,3479.34,43.2578,CGCGGTCCTCGGAGACACGCGGCGGTGTCCTGTGTTGGCC,5.1232915371965655,2.3570709896454036
1915,ENST00000395443.6,ENSG00000198218.10,QRICH1,49029707,49094363,43.15472091848512,3549,4405.83,885.173,4.52649,AAAGGAGGCTCTGGCGGGCGACGGAAGGTGGGTCCAAAGAGCTAGCTTGGAGCCCTAGCCTTCCGAGACTCCACTACTAGGCCAAGCCACGGCCCTAGCTCCGCCCCACATGGAGAGGCGTCCATGGGCGGAGCGAGCCGCTCCATACCCTAGGATCCACTATCCGCTCTAGCGGCCAGAAGCGCGGCCACCTTCCCCTGCTGAAGCGTTCACTTTAATTTTGGCCGGTAGGCAGTCCCAGATCTCGCGGGATCCGACGCCCCGATTATCGCGAGAGGAGCAATCGGCTCCTATTGGCTGTGAGGGTTGAATGTAAGATGGCGCCCAGGGAGCTGTGAGGAGAAAACCCTGTCGGTCTTGGAGCGACGACGGCAGAACCAGGGTCCCTGGCGGTGCGGCGGGGCCGGCGGGTGCAGCGGAGGCGGCGGCGGCGGCGGCAGTGACGTCGCCGGGAACCCTAAGGACTCTGCAAT,9.53381558746073,3.253053719635721
1916,ENST00000321895.6,ENSG00000177352.9,CCDC71,49162535,49166321,40.65941110484916,1781,2436.86,382.0,3.53178,GTTGGAGCAGCGGAGGCGGCGCAGAGGCGCGTCTTGGGTCCCCGCGGCGGCGCCGGTGCCAAGCGCTGGTTTGCGGATACCCAGGCAGATCTGCAGTGCCTAATGCC,11.512441631372612,3.5251219366899456
1917,ENST00000419783.1,ENSG00000233276.3,GPX1,49357176,49358600,23.152547990670456,1146,1461.52,1389.12,21.414,GAGCCCTCGAGGGCCCCAGCCCTTGGAAGGGTAACCTGGACCGCTGCCGCCTGGTTGCCTGGGCCAGACCAGACATGCCTGCTGCTCCTTCCGGCTTAGGAGGAGCACGCGTCCCGCTCGGGCGCACTCTCCAGCCTTTTCCTGGCTGAGGAGGGGCCGAGCCCTCCGGGTAGGGCGGGGGCCGGATGAGGCGGGACCCTCAGGCCCGGAAAACTGCCTGTGCCACGTGACCCGCCGCCGGCCAGTTAAAAGGAGGCGCCTGCTGGCCTCCCCTTACAGTGCTTGTTCGGGGCGCTCCGCTGGCTTCTTGGACAATTGCGCC,1.0811874470286007,0.11261666687914271
1918,ENST00000418115.5,ENSG00000067560.10,RHOA,49359145,49412998,397.9167906974005,2031,2024.59,4698.06,52.281,AATAGCAACCAGGTCTTTTATAGCCCCGGAGTTCCCGTGATGCCCCACGCGGCTGCAATGATTGGTTAAGGGTTTTGCTTTTAGGGCGTGGACGGGCTCCTGAGCAATAGTGGATGAGCTGTGAGTGCGCGCGCGTGCGCGGGGCCGCGACCTGTGCCGGCTCGAGCCCGCTGGGCACTCGGAGGCGCGCACGTCGTTCCCCGCCCTCCCGCCGCCGCCCGCCCTCGCTCTCTCGCGCTACCCTCCCGCCGCCCGCGGTCCTCCGTCGGTTCTCTCGTTAGTCCACGGTCTGGTCTTCAGCTACCCGCCTTCGTCTCCGAGTTTGCGACTCGCGGACCGGCGTCCCCGGCGCGAAGAGGCTGGACTCGGATTCGTTGCCTGAGCA,7.611116671398796,2.928108135476884
1919,ENST00000321599.8,ENSG00000176095.11,IP6K1,49724294,49786542,25.16697574154608,4456,6308.95,649.344,2.31889,GTTGATCCGTACCCAGTGGGCAGCGCCGGGAGCTGGACCAAGCGGCCGGTGAGAGGCCGCTGTAGCGGTGCTCAGCCACCTGTGCTGCCTGCCAGGGGGCGGGCCGAAACCTGGAGGCCCGGGGGGCCCAGCTCCCGTAGGGAGCCGTGGGCGCTCGGTGCCCGGGCCGGGCAGGACAGAATAATAAGCTGAATAGAATCTGACCATTGGCTTTCACCTGGCCAGGACCTTCTATGTAGCTCTCCTTTTGTGGCCCATGTGCTGCATCCTCTGCCCTCAGTGTGCAACTGGCCCCCAACGCA,10.853026983404161,3.4400255711879364
1920,ENST00000331456.6,ENSG00000183763.8,TRAIP,49828599,49856574,11.990887414219566,2028,2397.12,185.746,1.74579,AGGAAGTCGTGCTGCGGAGCCAAATTTGAAGCAAGCGGAGGCGCGGGGGCGCGTCTACGAAGCCGGACCTGTAGCAGTTTCTTTGGCTGCCTGGGCCCCTTGAGTCCAGCCATC,6.868459215724438,2.7799864991683316
1921,ENST00000455683.6,ENSG00000164077.13,MON1A,49908862,49930173,1.1743265667305678,1617,2017.19,105.356,1.17673,ACA,0.9979575320851578,-0.0029496716632546396
1922,ENST00000417626.6,ENSG00000214706.10,IFRD2,50287732,50299468,48.96311482286915,2109,2894.76,625.539,4.86859,GTCGGCTGGTGGGCCCCAGGCGTGGACTACCATTCCCATGGTGCTCTACGCGCAGCTAGCCGCCGTCGCCTGCGCGCTCAGGCCTCTGGGATTAGTAGTTTTAGCCTCGTGGATGTGGGCCTGAATCGG,10.05693944712312,3.330119422272429
1924,ENST00000232496.4,ENSG00000114383.9,TUSC2,50317790,50328251,35.89173480249083,1691,2242.77,421.352,4.23274,AGTGAGGTTTCCGTGGAGACAGCCGAGCCTGCGGAAGGCGGCGGCGGCGGCACCTGCGATCAGCGGCTGGGGCAGGTTATGGTAGTGCGGACTGCGGTGTGAGCAGAGCGGCCACGGGGCCCGCCATGCGCCGGCGGCCCTGAC,8.479551024275253,3.083987878915901
1926,ENST00000327761.7,ENSG00000068028.17,RASSF1,50329782,50340980,14.948806379751074,1757,2232.55,171.8,1.73374,GCGATCTACGTTTCAGTCTTAACGGTTGCGGCGCGGCTCTGGCCCGGGCGCACGCGCACACTGACACGCGTACACGCACGCACGCGACCGGGGCGGTGGTTGGCGGCTACGGACGCGCAGGACTGGGGGACGGGCGGGTACGGCT,8.622288451412018,3.108070827473567
1927,ENST00000232501.7,ENSG00000114388.12,NPRL2,50347330,50351091,20.826069694538408,1700,2076.45,222.995,2.41956,ATGGAAATTGTAGTTCCCTGCTGCGGTCCCAGTTACAGCGTGAATCCCTTAGCGCACCGCCTCCCCAAGTGCTGCCAGCATGCTGCCCCTCCACGCTAGGGACTTGCCTGCCTCTGCCGCAGCGCAGATCTGATGCGGTGGTTTCCTCCAAAGAAAGCGGGATACTCCGGGCCCTGCCGCGCGCACCGCCGCTCCGTCACGGAGCCGCTTTACTTCCGGGTGCGACGTCTACCCACCCAGGACTTCCTGGGACGAGCCGTCCCCCGCCCCAGCCACGCCTCTGAGTCGCGCTGCGCAGGCGCCATTGGGCAGAGGGATTGGCAAGCTTGCGTGCCCCAGCGACACAGGCCTCGAGGCTGTCTCTGACAAGTGTTCACAGGAGGTGGGGACGCCTCTGCGCGAGGAACGAGGAGCTACGGGCCTGGGCCCGGTTATTGCC,8.60737890134504,3.105573978419883
1928,ENST00000266025.3,ENSG00000126062.3,TMEM115,50354749,50359610,49.190634384594105,2197,3158.89,838.639,5.98139,CCAAGGACTCCGTATCCCAGCATGCAGAGGAGCCGGAAGACAGGCGCTTAGAGGACAGCCCGCTGCCGCCGGGGACGCGCAGGCGCAGCACCCCTGTTTGTCGGCCCCCCGAGAGAAGAGGTACGGTCGAAGCCAGGAGCCAGGCCGAGCGGGAGCTGACCAGGCTTGACTCGGGTACAGAACGAGGCACCAGTCCCCTTGCGAACCGAAGGGCCTCGCAGTGGATGGAGGAGGCCCAGCCCTGAGGTCAACGCCAACCAGGCTAGCCTGGCACGGGGCCTACAGGGTGGGTAGGCGGGCGTGCCGCAGCCGTCCAGGGCCTTCCCTCAGGTCCCGGGCGAGGGGCCTACGCTGCGGCCCGGCAACAAGGCCCGACTCGGCCCCTCGGGACCAGAGCCCCACCCGATCGGAAGCGGATCCTTTACCAGGGCCATAGGCCAGTGACTAGGCCGGGCCTGGGCCTCCCATCGGGGCCGGACTAGGACGAGGCCCCGGGGAGGCCCCTGGCCTACCAGACCCTTTTCTCAGGCCGACAGCCGCCAGGAAG,8.223947006397193,3.039830968100092
1929,ENST00000423656.5,ENSG00000145041.15,DCAF1,51395867,51500002,20.53247853379286,5946,6591.16,512.725,1.75261,AGCCGTGGTCGCGCTGTGTGTGTGTGTGAGTGGAGAGTGAGTGCGGGACCTGAGGCTGTGTGTGTGTGAACTGTGGCCACTGGCGGGGTCGGGGGGGGGCAGCGGCGGAGCCGCCTCGGACGGCAAAGCC,11.715372235576005,3.5503308889422716
1930,ENST00000232888.6,ENSG00000114767.6,RRP9,51933430,51941941,17.268983075849086,1578,2063.26,349.0,3.81096,AGGCGGCTGGGGAGCTGGGAGGGTTCAGCTGCCACGTGAGTTCTGCGGCCGCTGCTACACGCCTGGTGGGCAGC,4.531399719716052,2.179956758169077
1931,ENST00000355852.6,ENSG00000090097.20,PCBP4,51957454,51983409,2.076578564201506,2015,2954.0,157.932,1.20454,GTCAAACCCCTCATTGTTCGCAGCTGATGTCACTCGCAGTTGTGAGCGGCCGCCTCTCCCGGGGACAATGTGGGACTGAGCGGCCCAGCCGCCGTGCCGCCGCCGCCGCCGCCGCAGGACAGCCCCAGCGAGAGCCGGCCAGGTTGCAGCGCGGACACACTCGCAGGTCGCTGTGGCCCCAGCCTCGCCTGACAGA,1.72395982217403,0.7857261520223007
1932,ENST00000294189.10,ENSG00000162244.10,RPL29,51993600,51995942,59.83599454657531,723,745.767,6774.62,204.665,TTCCGGCGTTGTTGACCCTATTTCCCGTGCTGCACCGCAGCCCCTTTCTCTTCCGGTTCTAGGCGCTTCGGGAGCCGCGGCTTATGGTGCAGAC,0.2923606603306638,-1.7741788977014563
1933,ENST00000495880.1,ENSG00000164086.9,DUSP7,52048919,52056550,13.60516497452232,3340,4495.4,515.608,2.58412,CGCGGTGCGCGCGGAGGGCCGGGCGGGCGGGCGGGACGGAGGCCGGGAGGCCGGGAGGCCGGGGCGGCGGGCGCGCAGCTCGGCGGGAGGCGGGCGCCCGGAGACGCGGCTGGGGCCCGCGCGGCCGGGGCGCCGTCCCAGGGCAGGGCTGCCCGGCCCCGGCCCCGGGCCGCCCGCGCTCCCC,5.264912223318701,2.3964094788220387
1934,ENST00000296484.6,ENSG00000164087.7,POC1A,52075253,52154690,13.680608136804969,1898,2340.5,173.09,1.66619,AACGGCCACCGCAGCTGCCTTCGGCGCCGCCAGCCCCGCC,8.21071314604275,3.0375075335228416
1935,ENST00000305533.9,ENSG00000247596.8,TWF2,52221080,52239260,37.40412478593824,1718,2291.21,408.857,4.02038,ATCCTTAGACCCACCCGGACCGAGGCGCAGGCTGCGCGCACGCGCGGCCCCGAGTCCCCGCCTCCCTGCCGCGCCTGTCGGGGGCGGGGCGCCGCTGGGGGCGGGTCCTGCGGCACCGCCCGGGAAGCTGCGCGAGGGTCGACAGCCTCCGCCACATCCTCCACCTCTCTTGGTCCAGCGAGCGTTGCCGGGCCAGGGTCAAGCGGAGGGCTCCGACGGCGCGGACGGAGCGAAGCGCCGAGCC,9.303629205681611,3.217793599628821
1936,ENST00000296490.7,ENSG00000164091.11,WDR82,52254421,52288020,169.07646257724977,4293,4712.42,1594.27,7.6222,TTCTGCCTGTCGCCCCAAAATGGCGGACACAATGAGCCGGCGACGCGCCGGTTGTCCGTGAGGTGGCTGTGAGGACGAACGGTCGGCGAGGCTCCACAGTCCAGGCAGAAGACCCTCGACCAAGCAGGAAGAAGAGGAGGAGGCGGCCCAACTGTTGGCCGACTTCCCGCTAGCCGCCGGCGCGGCGCCCGCCCCGCCTGGGTTGGCCCCTCGGCAGCCCGCCCGCTCGCCGCCGGGCCCCGCCCCGGCCCTGCGCCGCCGCTGCCTTCCCCAGCCGCCGCC,22.18210786613442,4.4713245597344935
1938,ENST00000460680.5,ENSG00000163930.9,BAP1,52401013,52410350,14.102282194772188,3937,6021.07,807.897,3.02304,CGCTCCGCCCCTCCCCTCGCAGCACCCGGGCCTAGTACTGCCCGTCCCGCCCCTCCTCTCGAGCCTCAGCGCTCAGCATCGCCCGGACCCCCTCTTCCCTTCGCCCGCCTCGTCCCGACCCTCCCCTTCGCCCCCGTCCCGCCCCGCCCCTCCCCTTCGCCCCCGTCCCGTCCCGCCCCGCCCCTCCCCTTCGCCCCCGTCCCTCCCCTTCGCCCCCGTCCCTCCGCGCGTGCGCGTTCGCCTTCGAGCGCATGCCCGCATCTGCTGTCCGACAGGCGGAAGACGAGCCCAGAGGCGGAGCAGGGCCGTCGCGCCTTGGTGACGTCTGCCGCCGGCGCGGGCGGGTGACGCGACTGGGCCCGTTGTCTGTGTGTGGGACTGAGGGGCCCCGGGGGCGGTGGGGGCTCCCGGTGGGGGCAGCGGTGGGGAGGGAGGGCCTGGACATGGCGCTGAGGGGCCGCCCCGCGGGAAG,4.664934038177526,2.221856681620021
1939,ENST00000422318.6,ENSG00000168268.10,NT5DC2,52524385,52535054,104.59380562835574,1795,2244.0,2528.68,25.3882,GGCCGAGGGCAGCGCGGGCGGCGGGCGGCGCGCGGTGGGC,4.1197802769930805,2.0425673952372536
1940,ENST00000296302.11,ENSG00000163939.18,PBRM1,52545352,52685917,6.412223785603369,5145,4940.87,324.109,1.47792,CC,4.338681244995243,2.1172565978723377
1941,ENST00000233027.9,ENSG00000114904.12,NEK4,52708449,52770949,10.337891405589843,6057,5976.9,662.465,2.49717,AGCATGCGCAGAACTGCTCCCGGCCCGGATCGCTATGGCAGCGGCGTCGTCGCGGGCCGGGCCCCAGCAATCCCGCCCGGGCCCGGCTGCCTCAACAGCCGCCCCCACTGCCCCCTCTCGGGCATGAACCGAGCTTCTTGTTGCCGCCCGCTGCCCTACCCGCCGCTGCCGCCGCATCCCGACTCTGGGCCAGCGCTGGGAAC,4.139842864358391,2.049576008518505
1943,ENST00000394752.7,ENSG00000163935.13,SFMBT1,52903572,53130462,4.715854150225491,4548,4838.8,441.304,2.05476,GGAATGAGTCGGAGCGCGGAGCGCCGCCGCCGCCTCCGCCGGAGCGCGGGTGGAGGGGGGCGGGGAGAGCTGCCGGCCGCCCCGCTCCGCCGAACCCAGCAGGAAGGAGGGCGCGAGCGGGCGAGCGCGGGCAGCACGGGAGGAAAAAGCTTCCGCGCGGGGGAGCGAAAAGACGGAAAGAAAGAAAGAAAACGAGCGCGAGAGGGGGAAAAGCGAGCGATCGAGCGAGCGCGCGCGCGAAAACTCCGGGCAGCACTTTCATTTGGACCCGTGGATACCCATTGAACAGATGCTTGAAACCTGCAAGTAATCTTCAGATCCTAGCAGAACCATAGGCCTTTCCTTTGTTTTGGGAGGATATAGCCTGCCTATATGCTGTGGAA,2.2950875772477035,1.1985492058614409
1944,ENST00000462138.5,ENSG00000163931.15,TKT,53224707,53256052,358.4406542568104,3010,4076.37,195.714,1.08171,GCGCCCGGCCTCGGCAGCCGCCTGTCGCCGCGGGAGCAGCCGCTATCTCTGTGTGTCCGCGTGTGCGCCCGGTCCCCGCCTGCCGCACC,331.36483369554725,8.372276693525858
1945,ENST00000610213.5,ENSG00000272886.5,DCP1A,53283428,53347610,20.673908229265574,5994,6034.99,883.941,3.29996,GGGGACTGACGCAGATGGGGGAATTTTGCCTCGATGGCACTTTCCTGTCCGCGACTCCGCCCCCACCAGAGGGGCTAGGCTCTGGGATTCAAG,6.264896613675794,2.647290701699102
1946,ENST00000335754.7,ENSG00000113812.13,ACTR8,53867066,53882202,28.705976476067164,3629,3481.11,417.896,2.70465,GACTGTGGGCAGCCGGCCGTGCGCCTGCGCGGTGGCCCTTCCATCCCGGCAGTCGTGGCTGCAGCGCTGAGGCGAGAGGTTGGTGGGTGTCTCCGGCCATA,10.613564223122092,3.407837315091424
1947,ENST00000495461.5,ENSG00000113811.10,SELK,53884410,53891988,215.65075923816977,1633,1357.05,431.744,7.16791,AAGTCGCAGATGTGACGATGCAAAAACGCCCGTCGGGGGCGCGTCTCTTTCAGCAGCCAATGGGCTCTGCCCACCTTCGTCCTCGTCAGCATTTTGTCTAATCGCGGCCTGTGACGCTCGAAGGGCGGGGAGCAGAGGGAGATACAGAAACCGACAGGGGCCAGGCGCCCGGTGGCTCCGAAGCGGGGAAGTGGGACAAG,30.085584115616655,4.911000462043124
1949,ENST00000264634.8,ENSG00000114251.13,WNT5A,55465715,55490539,20.69554197982616,6176,5602.85,514.686,2.06964,ACTAACTCGCGGCTGCAGGATCAGCGTCTGGAAGCAGACGTTTCGGCTACAGACCCAGAGAGGAGGAGCTGGAGATCAGGAGGCGTGAGCCGCCAAGAGTTTGCAGAATCTGTGGTGTGAATGAACTGGGGGCACCTGGGCGCACAGATCGCCCCCCTTCCCCCGCCCCGGGCCACAGTTGAGTAGTGGTACATTTTTTTCACCCTCTTGTGAAGAATTTCTTTTTATTATTATTTGTCGTAAGGTCTTTTGCACAATCACGCCCACATTTGGGGTTGGAAAGCCCTAATTACCGCCGTCGCTGATGGACGTTGGAAACGGAGCGCCTCTCCGTGGAACAGTTGCCTGCGCGCCCTCGCCGGACCGGCGGCTCCCTAGTTGCGCCCCGACCAGGCCCTGCCCTTGCTGCCGGCTCGCGCGCGTCCGCGCCCCCTCCATTCCTGGGCGCATCCCAGCTCTGCCCCAACTCGGGAGTCCAGGCCCGGGCGCCAGTGCCCGCTTCAGCTCCGGTTCACTGCGCCCGCCGGACGCGCGCCGGAGGACTCCGCAGCCCTGCTCCTGACCGTCCCCCCAGGCTTAACCCGGTCGCTCCGCTCGGATTCCTCGGCTGCGCTCGCTCGGGTGGCGACTTCCTCCCCGCGCCCCCTCCCCCTCGCC,9.99958542540063,3.321868283175674
1950,ENST00000493960.6,ENSG00000163946.13,FAM208A,56620133,56683237,15.112214776094104,5600,4486.59,965.263,4.8472,AGGCCGGCGCG,3.1177204935001868,1.6404915949002992
1951,ENST00000338458.8,ENSG00000163947.11,ARHGEF3,56727418,57079329,3.6108162681879303,3639,3434.0,165.746,1.08744,AGCCCAGGGGAGCCGCCGCCGCAGCCGCCGCCGCCGCGGTGAGTTTTCCAGCCTGGAGAGGCCGAACCAGCGCGGGGGTCGAGGAGACCTGAGCCTGCCATACTGAGTCT,3.3204740198888496,1.7313892106467086
1952,ENST00000303436.10,ENSG00000168374.10,ARF4,57571363,57598220,221.4372955230207,1660,1325.78,1400.71,23.8035,GCCGCGGCCGCCGCGTGACGTGGCACAGCCAGAGCCTAAAGGCTAGAGCCGGAGCTGCCGCGCCAGTCGCCTAGCAGGTCCTCTACCGGCTTATTCCTGTGCCGGATCTTCATCGGCACAGGGGCCACTGAGACGTTTCTGCCTCCCTCTTTCTTCCTCCGCTCTTTCTCTTCCCTCTCGTTTAGTTTGCCTGGGAGCTTGAAAGGAGAAAGCACGGGGTCGCCCCAAACCCCTTCTGCTTCTGCCCATCACAAGTGCCACTACCGCC,9.302720000126902,3.2176526040652678
1953,ENST00000311128.9,ENSG00000174839.12,DENND6A,57625457,57693089,19.522468254787565,4655,4031.03,863.536,4.82643,CTGCGCGGAGGCAAGCGCGCTCTGCGGCGCGGTCCGCTGTGGAGGCGGCGCGAACGGTCAGGGGGCGGCCG,4.044908608389133,2.016107106434414
1954,ENST00000302746.10,ENSG00000168291.12,PDHB,58427630,58433857,140.12327900472695,1527,1312.07,905.957,15.5565,CCCCTCTGTTGTCGTTTGGCAGCGGATAGAGGACACGACCAAG,9.00737820234159,3.171107238679177
1955,ENST00000295899.9,ENSG00000163634.11,THOC7,63833870,63863903,150.57123764600516,990,590.429,531.162,20.2685,GCCTCCTCCTCCATGGCTGTTTACCCGGCTGCATTGTGGGAGTTTGACCTCCGCCGCCGCCAACCGCCGCCTCAGCTTGCGCCGCCGCCGCCGCCGCCGCCGCCGCGCACGCC,7.428829841675761,2.8931349813477047
1956,ENST00000295901.8,ENSG00000163636.10,PSMD6,64010549,64024010,68.89246683839984,1430,1134.86,1157.24,22.9742,AGCAGAGGACGCTGCCGGCGGAGACGGGACCGGAAGCCGGGCCGCAGGCGGCCGGGCGTATTCGCCGACTCCTCCCGCTTCCGCTGCCGCAGCCGGTCGTAACCAAGTTGTGTCCTGTCAGCCGCTGTCCCCTTCGCCGCG,2.998688391256272,1.58433161232126
1957,ENST00000273261.7,ENSG00000144749.13,LRIG1,66378797,66501263,11.27359415809758,5273,6556.57,524.516,1.80237,GCTCTCTGGCCGCGGCGTGGGGACAGCGAGGCGCACTGGGGCCTCCCAGCGCGGGGCCGGCCGCGCCGTCCAGCCCGAGGTCTACGGCTTTGCGCTCCGAGCCCAGAGGAAGATGCCTGCCGGCACCGAGCTCGGGCTGCGGGGCTGAACGCCTGTCTTCCAGGCGCAGCGGCAGCACTGCCCTCGGCCGGTGTCGGTAGCGGCACTCGGCGTGCCCCGGGCGGACGAAGAGCGCAGGCTGGGTACACCTTGCCCGAATCGGCGGAGTTCGCAGCTAGCGCGGGCGGGCCGGCCGGCCCGGATGGGCGCGGGGTTTGCGGCCCCCGCCGGGTGCTCCGGAGCGGCCCGGGCACCGGGGGCACGCTGAGTGCCGGAGCCGCGGCCGCAGAGAGAACTTGGGGCGGGGGCCATGCCCCGGTGCGGAGTCTAGAGCCGAGCGGAGCGCCCCGCGGGCCCGCCCGCGTCTGCGGCCGTTCGGGTCCTCACAGTCCCCGCGCCCGGAGTTCGCAGCGCGCTCCAGACAAG,6.254872283769471,2.6449804267646297
1958,ENST00000307227.9,ENSG00000172340.14,SUCLG2,67360460,67654614,20.240463254216586,2352,2096.94,563.406,6.05336,CTGCCCCGTGCCGAGTTTCCTGTTTAAG,3.3436741337400364,1.741434252758167
1959,ENST00000398559.6,ENSG00000144747.15,TMF1,69019827,69052303,14.73559813340584,6849,4905.7,547.674,2.51526,GCAAGCGCATGCGCACATGGGCCCCCTTCGTCTCAGCTGTGCGGGAACGGCCGAGGGTAACATCCCGGGCTCGCGGGAGGCTGTCGGGGTAATGGCCACACGCTGACAGAACCAGCCGAGTGGAAAAGGGGAGCGAAGCCGTTCCTCTGCACCCTTCCCCAGGCCTGAGGCCTTCCCGCTTGGTGCTGCCGCCGCCACTGCCGGCTGAGGAGGGGCG,5.858479096954525,2.550526179311065
1961,ENST00000361055.8,ENSG00000144744.16,UBA3,69054730,69080408,50.611724372990615,2154,1753.83,669.381,8.59902,CCCGCTCCTCCCCGCCCTGCCGCGCGTGGGCACCTGGGAAGAGGCGGAGAACAAT,5.885754931723687,2.5572274732760194
1962,ENST00000325599.12,ENSG00000144736.13,SHQ1,72749277,72861914,30.155779055294744,2879,2748.37,427.369,3.5034,GCGCGAGCACTTCCGCCTCGAGCCGGAAGCTCCGTCCCTCACACCGAGAGTTCCTGCGCGTGGGGAGTTGGAGAGTTTGCGTGGCGGGAACGCGGCGGCAGTGAGAGCGAGCGGCGCCGGCCCTTGCGTCCGGTGCGGCG,8.607575228433733,3.105606884707652
1963,ENST00000495273.5,ENSG00000169855.19,ROBO1,78597240,79767815,17.705873771039016,5600,6180.72,716.964,2.61349,TCCCGGCACCCCGAGCCCTTCCTCCGGAGCTGCTGCTTCTACTTTGGCTGCTATCGCCGCCGCCGCGGGTGGCCCGCTGCTGACTGGGCTCGCCGGGAGACGGAGAAGCACTTTTTGGCCCTCCCTCAGCAGCTCTCACACCCCAACTTTGCCGCCGCCGCCGCGCCTGCCCTCGCAGCGGCGCTCGGCCGCACATTGTGGGGGCGCACGCCGGGAGGCTCCGCAAGACCGTGGAGGCAGGAAACGGCACTACTGCGCTTCTGCCTCGGCTCTTTGTTGTTCGCTTTGGATGGTTCTTGAAAGTGTCTGAGCCTCCTCGGAAATCCTGGGGCCGGAGAAGACAAACCTTGGAATTCTTCCTCTGCAAAAGTCTCTGAGATACTGACAAGCGTCCGGAAAGGTCGACGAGTAATTGCCCTGAAAACTCTTGGCTAATTGACCCACGTTGCTTATATTAAGCCTTTGTGTGTGGTGTGTGGCTTCATACATTTGGGGACCCTATTTCCACTCCCTCCTCTTGGCATGAGACTGTATACAGGATCCACCCGAGGACA,6.77480065775611,2.7601784971236762
1966,ENST00000309534.10,ENSG00000163320.10,CGGBP1,88051944,88149885,119.4764942025272,4495,3183.73,1522.83,10.7765,AATGCTGCTCGGCGGTTGCTGGGGACCGCCTACGGGCTCTGCCATAGGCGGTGCAGGCGGACGGGGCGCGGCGGGGGACACGGCGGCCGCCGCGGGGCTCGATCGGGCAACGGCGGCGACGGCGGCAGCGACGGATCCTCCTCCTCCCTTATTCCCTTGCTCCTCTTTCTTCCTTTTCTTTTCCTTTCCGGCCGGGCCTCGTCCACTTTCCCTAACGGCGGCCTCGATCCTACGTAAAGGCATGACTTCCTGGCACCACAGGGAAAATCGGGTGCAAGCCCAGAAACTATTTCCCCACCACCACTTGTTGAAAAACTGATTTGAAGGCATCTCCGGGGTTGAACAAACGGAAAGTGCCAGGATTTGATGCGTCTCTGGTTTCGCTCTGGAGACCATTCCCTGCTAAGTATCAAGACGAAAAAAACTGGAAACTAATCCGAACCATATTTATTTAGAGTCAGA,11.086762325664845,3.4707662107318793
1968,ENST00000333396.11,ENSG00000170854.17,MINA,97941818,97972457,18.479778239365665,5347,4828.81,249.828,1.16563,GTGCCCACGCTGCCCCGCCTCCAGCCGCTGCGCCGCAACGCAGTGGGCTCGCGGCCGCGAGCAACAGGCCGTGCCGGGTGAGTGGGGCGCTCTCGTGGGCATCCCAGCGCCGGGGCAGGCCGGGTAGTGCCCGATCCCGCGGGGCGCGCGCTGCTGCTTTAGGCACCCGGGCTCGGGTGCGGGTCTGGGAGACCTGTCGGTCGGCGAGAAGCCTCGGTGGCCGGCGCTGTGGTTGCGGGACCTGGGACGCGCTCCCAGGCGTCCCACCTCCCCGGAGACTGGGGCAGGGTGGGTGGGGCCCGGATCTAGGGGTAGGGTCGCGGAAGCCTTGGTTACAGAGAGTCGCACACGTGGCCTGCTAATGGTCGCGACACCGGTGACGAGCGCACGGAAAGTTTGGAGGCTTAGCAAGGAGGGTGGTGCCGGCCTCCGCCCGGTGGTGGCAGAACTGCCTGTGCGAGCACGGCTTCCACGTGGGCTGCGCCGCCGGGCGTCATGTCGGGCCTAAGAGACACGCTCTACAGCTGTGAAATCTGAAGTTCAGGTTTGCATTTCCTTACTGCTTTGTCTTGAAGACAGAACG,15.853897239574879,3.9867656252886463
1970,ENST00000264193.2,ENSG00000080819.6,CPOX,98497912,98593723,52.03205119670716,2825,2733.34,400.126,3.29811,CGCGCAGGGACGCCGCAGGCGGCGATAGGATCCGGACTACAGCTCCCAGCGCGCCCCAGTTCCCGCCCCCGCCTCCGGAGCCCGACGCTGCAGCGGCTCTTCTCGAAAGGTTCTTTCCGCCTGTGCAGCTCGCCGGCTCAATACTCCGGGGGTCTGGGTGGGGGGCTCAAACGCAGGGCTCTGGGACGCAGGCACTGCTCCAGGTGATAGTGCGGGAAC,15.776323772314193,3.9796891599764046
1971,ENST00000326840.10,ENSG00000057019.15,DCBLD2,98795941,98901689,14.24990324165419,6122,5662.51,498.698,1.98422,GCCTGCCAGCTAGCCGGAGCCGCGGGTGAGCGCGGCGAGCGGCGACCCTGGTGAGGAGCGCGGCGCGGGAGGCACGTTCCTTAGCTCCGCCGCGGCCGTCCTCCGCGGCTCGAGGACTCCGCTTCCTTCCCTCCCCTCCCCTGCGCTCCGGCCTGGGGTCTCGGCGCGGGGAGCGGAGGGAAGGGACGAAGGAGGAGTAGGTGAAAGCGGGGTGAGGGGCGGAAGGGTCCCGGCGCGGGGTGAGGCGAGGGCTGCCTCTTGTTCTCCCGCCGCTGCCGCCGTCTCCTGGTCGGGTGCCGCGGCCAGAGGCGCGCGGGGCTGCCGAGGCACCCGCACTATGCAGGCAGACTGCCGGCCGCCGCG,7.181614559703152,2.844308225026118
1972,ENST00000284320.5,ENSG00000154174.7,TOMM70,100363431,100401398,76.19916739915418,4409,4084.84,1679.5,9.26335,CTTGAGCGCCCTTAGCCCGCTGTATACGCGCCCCTCCTCGGCTTCAGTAGGCAAGAGGGCCATCTGCCCTTCTTTCCTGAAGGTAGAGGGGACAACACCAGCTACGACGGGGACTCCAGAAGTCCATCTCCCGAACAGCAGCGGGGCGAAAAGAAAGAAAAAGGGTTTCCGAAGACTCCTACTCACACCCACGCTTTCCCTTAACCCGGAAGTGATTTCCGCCCCTCCTCTCCCTCTTCGGTTGATACTGGAGGAGAAGGACGGCCAGGTCTGGCCCGGCATGCCCTGGGCTTCCGGTGACCTCTGGCCCTTTTCTGTCGTCCGCTCTCTCTGCCTAGCGTGCTCGCTCGCTCATTGCTTTCCTTCCCTCCCTCGGTCTTCCTTCGCACGCTGTTTGGTGATTGTGGCGCTCGCGACAGACAGGGAGGCGGTGGCAGAGGACACTTGTC,8.225875887141711,3.0401693044718994
1973,ENST00000312938.4,ENSG00000066422.4,ZBTB11,101648889,101677495,12.689310593946212,6020,5202.48,776.07,3.36088,TTTTCCAGAAGCCTGAAAATATGCTTTTATGATGTTGGGAGTCTCAAACGTAAAAACGGACTCCTAACCCTCTGGATGTTTCGGCTGAACTCTCAACTGTCCACCAGCTCCCCCTACACGTGGCTCCTTAGAAAGCGTGGAAAAGGGAAAAATGAAAAGAGAAACTGCCAGGACTTAAGATGTCTGCTTAAAGACTCCCTCGAACTGCAGTGAAGGGTCCTACCCGCTTCCAAAATGTCCACCCGCATTCCTGACGTCACTGGATCGGCTCCATCAAGCCAGAAAACGAGAGTGCGCTCCAATCAGGGCTCAGTCCCCGCCCTTGCCTTGCGTCACTTCCGGTGGTGCAGCAGCCATTTTGTCAGTCGCCAGCGGATCCCGCGCGCTGGAGAAGTGCAGTTCCCCCTGGTTACCAACTCGCCCGCTTTTCCTTCGGACTAAGGGAGCCGTCGAAGAGCGCTCGCCAAAGGCGCAGCCGTTTCTCCCTACGGTGCCGCCGCTCCTCCTGCAGCCGCCCGTAGGTAGCGGGCCGTTTTCCTCACCTGTCCCTGACAGGCGCCCTCAGGGAGCCGCGGTCCGCG,3.7755916884703447,1.9167027528167375
1974,ENST00000394077.7,ENSG00000114391.12,RPL24,101681091,101686782,200.83999199896851,623,413.042,3653.05,199.261,GGGGAGGAGATTTCCGGCCCCCATCCCCGCAGCGACCTTATAAGGTCTCTTCCCATGATTCTCTCTTTCTTTTCGCCATCTTTTGTCTTTCCGTGGAGCTGTCGCC,1.0079242400618713,0.011387203724132483
1975,ENST00000355354.11,ENSG00000196776.14,CD47,108043298,108091025,90.37603690300196,5020,3938.94,916.34,5.2413,TGGGCAGTGGGTCCTGCCTGTGACGCGCGGCGGCGGTCGGTCCTGCCTGTAACGGCGGCGGCGGCTGCTGCTCCGGACACCTGCGGCGGCGGCGGCGACCCCGCGGCGGGCGCGGAG,17.243057429073314,4.107943701488337
1977,ENST00000264538.3,ENSG00000114446.4,IFT57,108160812,108222570,29.53771340633712,3203,2583.77,530.867,4.62908,ATGAGGGGCGGGGCTGCTTCCCGACCACCATTTCCACAGAGGCAGGGCAAGAAGAGGGCCACAGGTGACGTCATTCAGGAAAGCCGCCCTGATTGGAGGGAAGGAGGCGGAGTCTAGTTTCCCTGGTGACGGATTGTCCGGTGGTCGCCTGGTAACCGGTCGTGGCTGTACTGGCGGCGGCAGGGCTGGCGGCTTAGGCCGCAGAGGTCTGTGGGCCTGAGCCCACGCTGGACTCTGTCCGTTCTGCG,6.3809036366485605,2.6737607468423414
1978,ENST00000295746.12,ENSG00000163507.13,KIAA1524,108549869,108589644,31.19671776728492,4075,2679.58,290.239,2.44034,AAAAAAAGCGCGGCGAAAGCTAAAGGCCGGCGCACGCTGGGCGGTGGTGGTCCCTAAGCCGGGCCGCGGCCGGTGCA,12.783758725130483,3.67624017975036
1980,ENST00000283290.9,ENSG00000144848.10,ATG3,112532509,112562046,38.02818563102527,1570,1455.24,524.921,8.12681,TAGTGTCACGTGAGGCCCCGGTGGCGGCGCAGCTACGGCAAGAGAGTGAGAAGGAAGGGAAGCCGGAAGGGGCGCGAGTGAAGCAAAGCGAGGACAGACAGCTCGCAGAGGGCGAGGGGTGCGTGTGCGTCCGCTTCTCACCTCAGGTCTCCCTTCGGCCCCGCTGCCCTCCCTCGCGGCTGGGTGACAGCTGGGTCCGGTCCGTCGCGGGCTGCCTGGGGTGCGAGGATCGCGCACCCCGTCTTCGCGCGCTGTGCCTGCCGCCCCGCCCCCTCGTCCCGCCCGTCCCGTCGCGTCGCGTCCCGTCCCCTCGGGTGCTGCCAGCCGGGTGCTGATGCGAGTCGGTGGCAGCGAGGACATTTTCTGACTCCCTGGCCCCTGACACGGCTGCACTTTCCATCCCGTCGCGGGGCCGGCCGCTACTCCGGCCCCAGG,4.679349662539824,2.2263080375385886
1981,ENST00000314400.9,ENSG00000163608.14,NEPRO,113002440,113019861,14.153277510842376,4992,4352.64,344.86,1.78506,AATATACAGATGACTGGGTCCTTCCCAGTCCCACGCGTTTACTCGATGAAGGCAGCCTCCCGCCGGGCTCCTGGCCCCGCCCGAGCCCCACCCCCTGCTCCCTTCCGGCCCGGACTGGGTCCCATCGCCCCACCTCCGGTCGCTGGACGTGCTCTCGCGTAGCTCCGCCTTTCGTAAGTCCCCCCGCCTCGC,7.928740496589681,2.98709170784091
1982,ENST00000295872.8,ENSG00000163611.11,SPICE1,113442718,113515187,6.05368154946341,5417,4742.64,362.432,1.72175,AACCTGTGGCGCGCTCCGCGGTTCCGGCGCCTGAAGTTTTAGCTGCGGTGGCGGCGGCAGTCGGGACCGACTGCAAGGCAGGTTGAGATGATGGATCTGAGGCTTGCAGCTCGCAGTCCCAACGAGCCTTAGGGACCAGGGCTACCAAAAGGGTGGGGAGAACGGTGGTGGCATCTGTCTGTTGCCTGGGATCCAGGCGCCCGGTTGGGGAATCCTTACTTCAGGAAGCGCAGCCGCGGCTCTGTGTTTTGAGAGTGCAA,3.516004965566087,1.8139371079649662
1983,ENST00000240922.7,ENSG00000121579.12,NAA50,113716460,113746300,390.7050236480106,6135,5106.69,360.443,1.59023,CGCGCCGGCGCGCGAGGGGCGGGGTGAAAGGTCACAGCGCGGCAGCGGGTCTGGCTGGCGGCAGCGGCGGGAGGGAGCCGAGAGACCCGAGTGCACGTGTGGAGAAGCGGCGGCACAAGCGCGGCGGCGGGAGACACTCCCGCCCCCACCAGACTCAAGCCCTCACTCGACTCTCGCGGCCTTCGTTGCTCGCACAGCTCCCTGCCCAGGCTAGGAGGCCGGCTTGCGGGGTTGAGTGGCCCGAGCTAAGGGTGCGGAGACCTAAGGGCGGCGACTACGACGGCGTTGATATCGGTGGTAACGACGGCCTCAGCAGGCGGGGAAG,245.69088977569947,7.940700553298599
1984,ENST00000319172.9,ENSG00000176142.12,TMEM39A,119429500,119468830,20.54488042519295,4369,4118.36,377.371,2.06446,GCACTCGCGGCTGGGGCAGACCGCGGTCGCGTAGCTGACGTCATCGCCGTGCGCTGCCACGTCTGCTCAGCTCCGCGGTAATGGAGGCTAGGGATGGGTGCTGAAGTATCAGGCTCTGGCTCTAGCTTTAGCTCTGGCACTGGAACTGCGTCGGAGTCTGGGTCTGAGTCTGGCAGCCCGAAGCCTGGACACCTTTTCTTGATTCTCTAGGCGGGGGCTGCCTGCGTCCAAGCAGCTGGTTTGCAGCGTTCCAACGCTGGGAGGGAGTTCCCTTACCTGGGGTCCAGTCTGTAAAGTTGTCGCCGCTTTCTAGGGACCCCGCCCCACCGGCTGGGACTCTTCCATGCAGTTGAAACTGGTTGACAACCATTAACCTGGGTTGCAACTACAGGTGGCACTGGAAGCAGACTGGTTCCTGGAC,9.951697017715505,3.3149425628707223
1985,ENST00000484810.5,ENSG00000138495.6,COX17,119636457,119677454,7.24088808105343,471,291.786,14.935,1.15319,GGCTGTCTCCGCTCATAGCTGCTTTTGGCGCGAAAG,6.27900699889301,2.65053642041521
1987,ENST00000264235.12,ENSG00000082701.14,GSK3B,119821323,120094417,25.96111312456942,7711,7528.59,920.168,2.75369,CGGGCTTGTGCCGCCGCCGCCGCCGCCGCCGCCCGGGCCAAGTGACAAAGGAAGGAAGGAAGCGAGGAGGAGCCGGCCCCGCAGCCGCTGACAGGGCTCTGGGCTGGGGCAAAGCGCGGACACTTCCTGAGCGGGCACCGAGCAGAGCCGAGGGGCGGGAGGGCGGCCGAGCTGTTGCCGCGGACGGGGGAGGGGGCCCCGAGGGACGGAAGCGGTTGCCGGGTTCCCATGTCCCCGGCGAATGGGGAACAGTCGAGGAGCCGCTGCCTGGGGTCTGAAGGGAGCTGCCTCCGCCACCGCCATGGCCGCTGGATCCAGCCGCCGCCTGCAGCTGCTCCTGGCGCAATGAGGAGAGGAGCCGCCGCCACCGCCACCGCCCGCCTCTGACTGACTCGCGACTCCGCCGCCCTCTAGTTCGCCGGGCCCCTGCCGTCAGCCCGCCGGATCCCGCGGCTTGCCGGAGCTGCAGCGTTTCCCGTCGCATCTCCGAGCCACCCCCTCCCTCCCTCTCCCTCCCTCCTACCCATCCCCCTTTCTCTTCAAGCGTGAGACTCGTGATCCTTCCGCCGCTTCCCTTCTTCATTGACTCGGAAAAAAAATCCCCGAGGAAAATATAATATTCGAAGTACTCATTTTCAATCAAGTATTTGCCCCCGTTTCACGTGATACATATTTTTTTAGGATTTGCCCTCTCTTTTCTCTCCTCCCAGGAAAGGGAGGGGAAAGAATTGTATTTTTTCCCAAGTCCTAAATCATCTATATGTTAAATATCCGTGCCGATCTGTCTTGAAGGAGAAATATATCGCTTGTTTTGTTTTTTATAGTATACAAAAGGAGTGAAAAGCCAAGAGGACGAAGTCTTTTTCTTTTTCTTCTGTGGGAGAACTTAATGCTGCATTTATCGTTAACCTAACACCCCAACATAAAGACAAAAGGAAGAAAAGGAGGAAGGAAGGAAAAGGTGATTCGCGAAGAGAGTGATC,9.427754440249053,3.236914181960099
1989,ENST00000295628.3,ENSG00000163428.3,LRRC58,120324509,120349339,66.503455092337,7903,6234.9,1792.44,6.47706,CTCGGTTCAGGTTCCGGGGCGCCGCAGAGCTCCCGGCCTCTGGACCGCGCGCGGCGCTCTGGGGAATCCGGCGCCACGCGCCGTGCGGTGGCCAGG,10.267537291971513,3.360018282121026
1990,ENST00000295633.7,ENSG00000163430.10,FSTL1,120392293,120451253,150.3450623811163,5943,5856.45,2601.48,10.008,GGCAGGGACCCACGGGACACCCCCTCTGCCTCCGCTCCACGTCCAGGGGGCCGAAGGGGCGCCGGACGAGGGACCGTGCGGAGAGAGGGGTTCGGCGGCGCCAGGACTCCCGCGGGCTCCCCGGAGCAGGGGTCGGAAGGAGGGGGAGCGGGAGCCGCGGGGGCCGCTGCAGCAGAAGGGGGAGGAGAATGGGGAGGAGCTGGGGGGGCAGGCAGGCGGGGAAGGAGAGGTCTTAAGGGGCGGCGAGGGGAGGTCGCATTTCCTCCGAGGCTGGCGATCGGCGGAGCTCCCACCTCCGCTTACAGCTCGCTGCCGCCGTCCTGCCCCGCGCCCCCAGGAGACCTGGACCAGACCACG,15.02248824751362,3.909051888101429
1991,ENST00000273375.7,ENSG00000144840.8,RABL3,120686681,120742993,28.39951305248021,3883,3348.22,384.041,2.58419,AGGCGTTAACCCAGGGAAGGCAGTGGCAAG,10.989715559800251,3.458082141249473
1992,ENST00000264233.5,ENSG00000051341.13,POLQ,121431427,121546641,3.375424434233964,8775,7547.65,1114.92,3.32809,GGGCGGGCCGGGAGGTTTGAGTTTGAAGACTGGCGGGAAGATGTCCGCAGCTGTTGCCAGGCCAGGGTTCTCCCGAGAGGGAGGACGCTGGGACTGTGGCTTGCCCTGATCGGCCGAGAAGAGTTTGCC,1.0142227025813497,0.020374473477895616
1993,ENST00000310864.10,ENSG00000173226.16,IQCB1,121769763,121835079,19.62693232709463,2594,2172.38,877.278,9.09835,CGCCTCCAGGCCCCTTCCCGCGTCGCGACGCACGCTGCCCCGGAAGGCCGCGGCGCTGTAGTGCGGCGTGGGAGCCCCAGGTTCTTTAGTGGAAGAACGCGAAGCGAGGATGAGTGATCCGTGGAGGCAGTAACAGGCGCGGCGAGGGAGAAGTGATTCCCGAAGAATCAAGGCTGGGCCGGACCCGGTGGCCTGGCAACAGGGTAATAAGAGAA,2.1571968903256775,1.1091578592675462
1994,ENST00000291458.9,ENSG00000160124.9,CCDC58,122359591,122383231,48.10187501043021,720,353.264,279.191,17.8059,GTCCAAT,2.701457101883657,1.4337377726960152
1995,ENST00000330689.5,ENSG00000196981.3,WDR5B,122412332,122416051,13.428510487501908,3720,3120.03,215.793,1.55826,GCTGGTACGAGCAAAAGTAGCCGACAGGCCAGAGTTTCCAGTTTCGGTGGCTTCGTAGGCTTTTAGCTTCTGAAATCCGCTAAAAGCGGCGGTTCATTCATCTTCAAGTACCTAGCCTGACTGGTAGGGCTGCTCAGCATTCCGAAACATTTCGACCTGGGGAGGGGGGCGGCGGTGAAAGAATACTTTCTGTAGAGAGTGCCCCTCGCGTCGCCCCTGCTTTGAAGGCTTTATGTATTAACGGAATGCCGAACATTTGTGTCCTACTTGCTGACAGCGCACAGGATCCTTCTAACAGTATTTCTCAAGTACTTAACAAAAAGATGAAAACTTGAAGTCCAAGCCGTGCTGCTGATTCCGTCTCACAGTTTAAAGACTGTCCAGAAACTTTAAGCTTTCAAAACTGTACATTTTAAAATCCTGTGCGTTTATCTTCATTTTGCTGGGCAGAAAGCCAAAGTACTGGACTGCCTGGTTCAGGGCTGAACGCCTAGTACACCTGCTAACTTGGAGCTTCAGAGCC,8.617631516885442,3.107291411267111
1997,ENST00000344337.10,ENSG00000114030.12,KPNA1,122421949,122514945,55.62880573136934,6830,5915.6,944.882,3.59866,GCCGGCTGAGCTGAGTCTCGCTGCTCGGTGCGAGGCGGCGGAGAGCGAGGCCTGGTGAGCACCGCCGAGGCGCGGGCCAGCTCTTCGAGGTTGTGCGCGGGAGTGGCACGGCGGGCGGGCGAGCGAGGGGCTAACTTCAGCGGTGGCACCGGGATCGGTTGCCTTGAGCCTGAAATC,15.45819992201801,3.950300424837206
1998,ENST00000383657.9,ENSG00000206527.9,HACD2,123490820,123585185,82.08668968424061,4257,3849.11,957.154,5.60252,CTTTGCCCTCAGCCAAGATGGCGGCTGCCGTGGACCCTGTCCCGGCTCCGCCCCGCGGCCCTGGCCCCGCCTGCCCCTCGTCCCTTCCTCCGCCCCCTCTCCTCGCGTAGTCCGGCCCGAGCCGCTCGCGCTAGGAGAGCGGGCTTCGGGCACTTGAC,14.651744158742959,3.873000509664047
2000,ENST00000409697.7,ENSG00000175455.14,CCDC14,123897305,123961408,27.714716088005943,2962,2315.08,613.611,5.97156,AAGAAGGTCCGGGAGCCCACGGCGGTTAATTCTTTTTACCGTGAGGCTTCACTTCCCTCGGTCTGGGCTTCTCTGAGGCGGCGAGAG,4.641118248498875,2.2144724556097284
2001,ENST00000311127.8,ENSG00000173706.12,HEG1,124965710,125055958,4.646278065575146,9156,10551.0,763.527,1.63039,CCGCTGCCCGCTGCCCGCTGCCCTCGCCCCGCGCGCCGGGCATGTGAGCGCGGGCGGGCGCCGTCACC,2.8497954879354914,1.5108583897588135
2002,ENST00000360647.8,ENSG00000163848.19,ZNF148,125225561,125375354,17.027781422490317,9651,7071.41,484.368,1.54323,GGCGACCGCGGCGGCGCTCTAGCTGCGGCATGTCTGCGTCTCTACTGCTCTGGGAGGAGGAAGAGAAGGAGGAAGAGGAGGAGGAGGAGGAGGGGGAGGAAGAGGAGAAAGGCGCAGGGGTGGGAGCTGTTGCCGAAGCTGCCACAGCAAAAGTTCTCCCCCCTCCCCCCTTCCCCTCCTCTCAAGGCCCCTAGAAAGGTTGGAGCTGCCGCCGCCTGCAGTCGGTGACCGCGCGACTCGGCGCCCGCCCGCGGATAGAGGGAGGAATCAGCAGCTTGGAAATTCAAGCACGTGATCTGGCGGGATGGGCGTTTGCCTAACGTATTTAATGGAGGAATCGGATGGCATAAGTGATTAAGGTGGTATTGAGGATTTCTGAAGCCTATGAAAGGTAGAAACTCAACCATGATTTCTTTTTCAACTCTACAGCATTCCTTTCCTTGAAGTCTTCGTTTTTACCTTAGTCTCGGGCAGTTATACTTAAGC,11.033858480259143,3.463865476652115
2003,ENST00000251775.8,ENSG00000114520.10,SNX4,125446644,125520197,38.980105800774254,2513,1812.23,724.015,9.00109,GGGTTCGCCGCGCCGAACTGCAGCC,4.3305983831707335,2.114566384025392
2004,ENST00000296220.5,ENSG00000144909.7,OSBPL11,125528858,125595090,17.832722966911124,4191,3509.11,595.0,3.82016,CACTTAAGTCTTCTCGCCGGATGCTTTTTCCTCCTTGCTTTTGCCGGAAAGGAGAGAGATACATGTGAAGGATATCTGTCCTCGTTGCTTCCCCTGCCCTCTCAAAAGTTTAACTTCTGTGGGAATGTGTATCTTCCTTTTCTGGACCATTTGACAGTCCCGCCCCAGCCGCCGTGTGATTTAGCAACCGGTATCATATTCAGATCAAATCTTAAAAAAAAAAAGTCACCTACAGAACTACAGAATTGTTCTCTCCCGCTCAAGAAGGGCAAGTGGACTTTGGCGTTAAG,4.668056564885011,2.2228220429185823
2005,ENST00000360370.8,ENSG00000114544.16,SLC41A3,126006355,126101561,6.267022280743472,2169,2740.4,221.134,1.81803,GCCTGGGAGGGGACCCGGGCTGCCAGGCGCCCAGCTGTGCCCAG,3.4471500914415447,1.7854041160722425
2006,ENST00000296233.3,ENSG00000163884.3,KLF15,126342635,126357442,11.332950500116928,2574,3702.16,266.448,1.62151,GGGGAGTGAGTGCCCAGCGAGCTGCGGGCGGGCTAGTGCTCCGCCGCAGCGACCCGCGGGCCGGCGGGCGATCGAGCCAGCGCAGGACCCGCGGCTCGGCCCCCGGCCGCCGCCGGACCGAGAGTCTAGCCGCCGCCCCCAGCCCAGCCCGCCCGGCCGCAGGACCGCCGGGGCCTGGCCGCCGGTCCGGCGTGCGCCAAGTTCAGCCGCCACCGGCACGGCCAGGCCAGC,6.989133893788461,2.8051136852781204
2007,ENST00000389709.7,ENSG00000070476.14,ZXDC,126437601,126475919,6.781101304971131,3405,4546.32,213.972,1.06037,GGGCGCGGGCAGCTCTGCGTCCGAAGCTGCTCCGACGCCGTCGCTGGGACCAAG,6.395033153494658,2.676951838427999
2008,ENST00000322623.9,ENSG00000175792.11,RUVBL1,128064778,128153914,274.8921217749055,1761,1829.2,2244.39,27.6439,GCAAATTGCCCTAGTAACGGCCGCATGGTAACTCAGGCGCCGGGCGCACTGTCCTAGCTGCTGGTTTTCCACGCTGGTTTTAGCTCCCGGCGTCTGCAAA,9.944042692055227,3.313832490224282
2009,ENST00000296255.7,ENSG00000163902.11,RPN1,128619970,128681075,205.52037371534269,2314,2603.08,4503.0,38.9741,GCTACCGCGCCCGGGCCCTACCCGCCCTGGCGCACTGCTCTTCCCGGTC,5.273255154457516,2.398693805396788
2012,ENST00000451728.6,ENSG00000169714.16,CNBP,129169484,129183922,151.5904343783821,1641,1413.9,999.066,15.9198,CGTGTGCAGACCCGCGTGTGGCGCAGGCAAGGACCCTCAAAATAAACAGCCTCTACCTTGCGAGCCGTCTTCCCCAGGCCTGCGTCCGAGTCTCCGCCGCTGCGGGCCCGCTCCGACGCGGAAGATCTGACTGCAGCC,9.522131834469157,3.251284603229288
2013,ENST00000333762.5,ENSG00000184897.5,H1FX,129314771,129316277,839.7097084522067,1507,1870.79,1288.38,15.516,CGCGCACGCCCAGCGAGTTCCAGAGGCGCCAGTGGAAGCTGCGGCGGCGGTGTCTCGCGTTCGGCGGGATTTCTCTTCGCTCCGGCTCGGCCTAGGTCTACGTCCCCAGCTCCAGCCGCCGGCTCGGACTCGGTCTCTGACCCCCAACTCGGTCCCCTAGTCCGGCCCCGGCTCCGGGCCCCCCAACCCTCGCTCCGGCCCGGCCCGGCCCCCACCCCAGCCCTGCCGCCCGGCCCCAGGCCCGGCCGCGGCCGCTCCCGCCTGGAGCCGCCGCGCGCCCCCAGCCCCCCTGCACCCCCTCGGCCCCTCGCCTTCCTCTTCCCGGCGCGGCCCCCCGGCTTCCGCGCGCCGCCCGCCACCAATCCTCTTGCTACC,54.11895517222265,5.758062081607511
2014,ENST00000429544.6,ENSG00000129071.9,MBD4,129430944,129440179,10.251292215612754,2478,2036.52,257.919,2.85337,GATTGGTGGAGCGTGGAAATGGCGGCTGTAGCCGAGGGGGCGGCCGGAAAGCAGCGGCGGCGTCTGGGGCGCTTTCGCAACATTCAGACCTCGGTTGCAGCCCGGTGCCGTGAGCTGAAGAGGTTTCACATCTTACTCCGCCCCACACCCTGGGCGTTGCGGCGCTGGGCTCGTTGCTGCAGCCGGACCCTGCTCG,3.5926964311017335,1.8450670383608332
2017,ENST00000356763.7,ENSG00000196455.7,PIK3R4,130678935,130746829,18.50057048884029,5015,4779.45,831.321,3.9188,GAGGTCAGACCGGTTGCTTTCCCGGGAGTTCGGCGTTTGCTGGGGCTGCAGCAGCTGAAGTGTAGTGTTTTCTTGGGACTGGCGGTCTGCACTTCTCTCCCGGGTTCCATCTCCCCCCGCCCGGTGGTGAGGCCCTCGAGGAGGGCTCGGACGGGTGTAGCGATCCGCGCTAGAGGAAGACGAGGCCCGGGAACGCATGTCCCCCAGGGCAGGTTAGGGGGCTGGAGGGGTCAAATCCCGGGGTACTTGTGGAGACTCTTTAGCGTGGCTTCTTCTCTCTGCTGAGACCCCGAGAGCTTTCCCAGTTCTCCTCCCAGGACCACCGGGGTTCCTGAAGATCGGGACTTTTCTGCGCCCCTCCACCAACAGCCCATCTCCTGTCTATGAAGAAAGACCCTTCGTAGAAACAACTTCCCCGCTGCTGACGCGTTTTCCCGTCCCGTCCCCGAAGTAGTCTACTATGACCTCGTTGTGAGCCTCTGAACGATTTTGACACTTTCCCGAGGCCTAGGGTATTATATCCTAACCTTACTAAAGACCACAGAGGTGCTTGCCATT,4.720978485465012,2.239085908278983
2018,ENST00000264992.7,ENSG00000034533.11,ASTE1,131013875,131027649,4.629155623140592,2664,2662.03,122.324,1.03529,AAGTAGGCGGAGAAAGCAGAGGAGGACCGGCGGGCCAAGCTTTCCTAGCCTGACAGCAGCCATTTCGGAACGTACGTCCCAGCCCTCTTTAGCTACTTAGCGCCTCTGGGCCCGAGAACACCTGCTCCTTGGCTCAGTCTGGCGCCACCGGCATCACGGAACTGTACTTCCCAGAGACGTCACACCGGGAGACTTCCGATTCCCGCTCTTGAGATTGGACTCTCACGTGCAGGAGCCAGTCCTCGCTGGGCTCTAGCGGGCTTCTGATGGAGGAGCTACTCCTCTGGGAGGACAGAAATTAGCAGCAGCCTCTGTCACCATCCAAAGATTACAACCCATGAAACCATTGAATTTGTGCCTTGTATCAGAAAGCAAAGGAGAATGAAAAAGCACAGCTAACATTGCTTGAGGATCTAGGCGATTAATTCTTTAGACTGTCATC,4.471361283447722,2.160714119528643
2019,ENST00000425847.6,ENSG00000114686.8,MRPL3,131462212,131502983,110.3813011703497,1457,1219.17,78.5618,1.45181,TTTCTTTCCGTCGCAGAGAGCATCGGCCGGCGACCGTTCCGGCGGCCATTGCGAAAACTTCCCCACGGCTACTGCGTCCACGTGGCGGTGGCGTGGGGACTCCCTGAAAGCAGAGCGGCAGGGCGCCCGGAAGTCGTGAGTCGAGTCTTCCCGGGCTAATCC,76.03012871543088,6.248499328376281
2020,ENST00000260810.9,ENSG00000163781.12,TOPBP1,133598175,133661893,22.390105740659983,5378,4751.4,2856.02,13.5426,GGGGTAGGGGCGGCGCCGAGTCGGGGGAGGGGGCTGTGCGCCGGGCTGGCGCCCGACCCCAGCCACCGCCCTGCGGCCAGCGCGTCCCCCGACTCGCCGCCCGGAGACCCCGAGGCTCCAACGAGTTCAGAA,1.6533092419963658,0.7253565976900275
2021,ENST00000285208.8,ENSG00000154917.10,RAB6B,133824239,133895836,22.49891239340675,5526,6793.89,304.714,1.0105,CTCCTCCGCCCCGCGCGCCGTCCCTGCGCCCCGCTCCGCCCGCGCCTCTCTCCCAGCGCCGCGCCTCGGGCGTAAAGAGCGCGCCCCTCGCACCGCAGCCAGTGCCGACCGCAGCAGCCCAGCCCCAGCCTTCCTCCGCCTCCGCCTCTCTCTCCTCCTCCTCCTCCGCCGCCGGACACGCAGCCGCAGGCCGGGACCGGGACGCAGCTGGGGAGTCAGGGACGCGCGCAGCCAGCCCTTCCCCCTCCGGCTCCCGCACCGCCGGCCGCCTCCCCTCGCCCTCCTACTCTCCCCTCCCTGCTCCTTCGCTTTTTCCTCCTCCTCCTCTCCCGGCCCCGGCTGCCAGCACC,22.265128543697923,4.476714035831448
2022,ENST00000623711.3,ENSG00000163785.12,RYK,134065303,134250744,6.116532653993034,2934,2529.79,144.882,1.29031,CGGCTCGGGGCTGTGAGCGGCTCGGGGCCGGGGGTGGGCGGCGGTGCGGCGGGCGGCCGACGCTCCTCTTCGGCGGCGGCGGCGGCGGCC,4.740359025345098,2.2449963301086924
2024,ENST00000510994.5,ENSG00000129055.12,ANAPC13,134477706,134486716,107.2098674489371,1840,1605.74,110.44,1.54958,GCAGACACGTGATGCGGGGGAGGGGGGGGGGGCGTGGCAGGAGCAAGCGTCTGCCGCGGTGGCCGGGTGCCGGTAAGGGTTTCCAGCGCCCCCGGCCTAGGTTTTGGAGGCGCGGGAATGCGTTCGTTGCTCAGTGTCGGACTTCCCCCTATTCCCATCGGCCGAGGCTGTCACTTTACGCTCATAACCGTTTTTCTTTACTGCACTCGTGTCGGGAGGAAAGGGACTTGCGTGGCACCCCCAGACCTCCCCGTCTCCGCTTCCACGTTTGGTACATCCTGCCTGAGGCAGGAAGCCGCAGCTGAGGGACGGCCTGTCGTACGGTGCGGATGGTGGTGGCCTGCGAGGCTCATTTCTAGCAAGGAACAAGGCTTTCCCGCTTTGATTTTATAAATATTATGTTTACAAAGCTGTAATATATAGAAATTGATAAGACGTGTCCCTGTCCCTGGAAACGCAGGCACCGCGTGTTTGGAAAGACATTCATCTGGGCTGTTTGACAGACTCCCCAGTTGGTGCCATGCTCTGTGCTTAGGGAACTGTGAGACCCCTGGAGGGGTGGGTACCGGGACCGCACTCAGCCTGGGGTTTGGAGGCGGCCTCCTATAGGAAGCGACCTGGGACCTAAGATTTTTAGACTGACTGTGGGTTCACTGGAATAAAAAGGAAGAAACAAAGAGCATTGCAGGCATCGGGACTGTCACATTTGACAAGATCAAAGCTGCAGGAAA,69.18640370225293,6.112416646642743
2025,ENST00000309993.2,ENSG00000174579.3,MSL2,136148922,136197241,14.512492143414596,4692,3979.44,458.089,2.59352,GCACTTCCTCCCCGGCCTTCCCCTCCGGGTTGAGGACTCCCGCCCGCCTCGCCACCTCGGGGAACTGCGGGCTGCAACCCACGGGGCGGAGAGCCAGGGCGCAGTCTGGGCCCCGCGTCCGATATGGAGAGCGCGGCGGCGGCGTCCGCCAGCCGCAACATCAACCTTCGTCGCCGCCGCGGCGTCTTGCACTAGATCCGGGAAGCCGCTGCCCGACCGTCGTCCTTGCCGTCGCCGCCGCCTCCGCGCCCTGTACTGGGATGGAGTAAGAGGCCCTGCAGCCCGGGAGAAGCGTGCCGCGCCTCAGACGGGGCCGGGGCCTGCTCCCGCGCCTGCCAGCTCGACTTGAGGAGGCGCCTCCGTGTCCGGAGATGGAGCTCGAGTGCAGGCCGCCTGCCGAGCCGCGGGGCTAGACTGAGCTCCGAGTCCCGCCCCGAGCGCCCAAGCCGCCGCGTTCTGCGCTCTGTGGTCGCTCCGGACGAACTCGAACGCTGGTTTCTCTCTCATATTTTTGGTCTGGAAGTCTCAGGGACGGAGGGGCGCCAAGGCCCCATGTGTGGGAGGATTGTTTCAGCTCCACAAACTTGCACGGATTTTGGTTACTTGTTTGGCCAATGGTTCGGCTCTGATTTCTTCCGAATTGTTGCAAATTCGCCATCGTTCCCTGGCTGCTTACTAAGTTGGATCCGGAATTTCTTTTCAACCGGGAGCCATTGGTGTCGAAGTGTCTGCA,5.595673888543214,2.484311885824539
2026,ENST00000383202.6,ENSG00000118007.12,STAG1,136336233,136752403,6.298764588330664,6055,5130.15,552.593,2.42682,GGAAAATGCCACCAGATGGCGGGTTAGGATTGCAGCTCCGTTGAAGGCGCGGCCCCCGCTCCCGAACCCCCGGCGACCACCCCGTAACAACCCCCCCACATCGGGAATAACACACCGGAGACTTTTGGGGGGAAACTAGGTCGATGGTCGGCGGCGCCCGGATGGGCAGCTGAGGATTGCCTTTGAGGTTATTTTAAAAGTTTTGAGTTGTACAGCACTTGATTATTTTGCTGCATTGTGAAAGGACCTCTCCAGCA,2.59548074778132,1.3760017864454313
2027,ENST00000260803.8,ENSG00000138231.12,DBR1,138161012,138174949,26.375732753652343,2666,2227.09,348.422,3.52476,GATCTGGAAACCGGAAGTGAATTATTTTGCAGGAGTCTACACCCAGGCGGTGGCTATACTTATTAAAGTTGGCGGGAGCTGAGCGATCAGTCGGTCCTGGGCTGGCTGTGGTGTAGGGCGTTGCAGGCAGCGCTCACCTCCTCAGGCCGGCAGA,7.482986856878863,2.9036142411680808
2028,ENST00000477593.5,ENSG00000051382.8,PIK3CB,138652699,138834938,7.431343447397533,4658,3649.24,345.904,2.13557,GGGCTGCTGACTGCGCACTTGGAATAGTAGCAGGCGGCGGCGGCGGAACGCCAGGCAGGGCCCCGTGGTTATGA,3.47979389455627,1.799001858916757
2029,ENST00000333188.9,ENSG00000184432.9,COPB2,139355600,139389732,109.50306912781072,3360,3115.2,1033.63,7.47553,GGAAACGACGGCCCTGCGCGCAGTTTGCGCAGGCGCTCCGGCCCTGGCCTCTGACTATCGCGAGAATCGGCTCCCGGAAGTTCCACGTCAGTCAGTCTGACGGTCAGTGGATCGGTGGGTTTATCTCAAGGCCTGAGTAGCCGGTAACAAACGAGGGTTCCCGGGATTGGACCGACGCAGCC,14.648201415526486,3.8726516285999852
2030,ENST00000232219.6,ENSG00000114115.9,RBP1,139517434,139539829,8.451738982746384,898,914.208,67.782,1.67044,AAACGAACTGAACGTCTGAAACGAAGGTGGCGCGGCCTGGACAAACCTGACCCTTCGACATCCCCCGCCCCTGCGCCCGCCCTCGCTAAGCGGGGAGGAGCGACCGCTACA,5.0595884813261085,2.3390200489327557
2031,ENST00000489671.5,ENSG00000114126.17,TFDP2,141944428,142149544,14.722217999241582,9857,10707.4,623.74,1.31244,AAAGCTCGCGCGGGGGAAGCGGGGCTGTAGCTGGGCAGGGAGAGGGCGGACGAAATCGGTAGCGATCTCGGCTGCGGCGCTGCCGCAGCTGCCCGGCCCGCGGGGCGCGCCCTGACCCTTCATCTTTGGGCAGGCTCGAGGGCGCGCGCACGGTTGGCGTTCTGGGGCCTCAAACTCCTGGGCCTTGACCGGGCAGGCCGCGTCTCCCCGGGTGTGAGTCCACCGGGACCCGGCCGCCGCCTAAGCGCGGGCGCCACAGAAGCGGCGGCGCCCGAAGACGCGCTCCTGGCTCGGCCCGACAGCCTCGCTTGGCCGCCAGTTCTTCTGCAGCCGAAGGCGGTTGTTCTTTTAAAGAATTATTGAAGACGAAGGTTTTTTTCTTTTTATTTTTTTAATGGCTTTACAGAATCTTAAATAGAATACAGTTTGAC,11.217440796715723,3.4876716646818724
2033,ENST00000264951.8,ENSG00000114127.10,XRN1,142306607,142448062,6.782754138383397,10143,8103.77,532.383,1.48013,ATGGTCGGCCGGGCGGTGTGTTGTCATCCGCGGAGCGACGACCGGAGGCTGCGGCGGAGCCCCGGCGGGGCGTTTGGTTTCGGTTTGGCCCTGACTGGGATTAGTGTTGACGATCGAA,4.582539465035772,2.196147305373176
2035,ENST00000350721.8,ENSG00000175054.14,ATR,142449235,142578826,8.40383878782483,8249,6835.41,971.451,3.20198,TTCCGGGAGGAGTTTTGGCCTCCACACGGCTCCGTCGGGCGCCGCGCTCTTCCGGCAGCGGTAGCTTTGGAGACGCCGGGAACCCGCGTTGGCGTGGTTGACTAGTGCCTCGCAGCCTCAGC,2.624575665002539,1.3920841902141066
2036,ENST00000282903.9,ENSG00000152952.11,PLOD2,146069440,146163653,23.06246697222681,3732,2743.57,759.618,6.23794,CCGACGACCTCACTCAGCTGCGTTACGCGCCGCTCCGGCTGCCGGCCGCGCGCCTTGCCCGCCGGCTCCCGCCCGCAATCGGCGGCTCAGGGCGGACCCGGGTCTCTGCGTTCTCGCGAGAAGCGCGGCGCTGCGGGGCCGTGGGCGCCTGAGCCCGCGCGGCCCTCGAGGGCCGAAT,3.6971286950863282,1.8864052638473896
2039,ENST00000310053.9,ENSG00000071794.15,HLTF,149030127,149086554,32.37543018535217,5317,3675.19,812.109,4.97847,TTGTTGCAGAAGGAGACGGCGTCGACGTCTGACTGGACTCGCGGCGACTTACCTTTCAGTCGTGCGCTCCTGATCCGGCGCTCGGAATTTGTCCCCGGCTTCAGGGCTGCGGGGCCTGGAAGGAGGCGTATCGAGGCGGCTCGAAAACGATCCAGGGGAGCCGAGGCGCTCCTCTTGTCATCCCACTCAGCGCC,6.503088335442852,2.7011250209240685
2040,ENST00000465804.5,ENSG00000018408.14,WWTR1,149517235,149736714,33.44512020198477,5030,4558.31,630.286,3.11527,GACACACTCCTCTACAACACCAGAGACTCCCAAACACAAGGCCTTATATTGACTCATTTCAGCTCACATCCTGGCGACTCTCAAGAGAGAAACCTCAGAGTGACTAAAATCTCCATAATGAGAAGACATGTACATTCAGTATCTATTTTGGCATTTTCCCCAATACATCTCTGCTCATCTGACTCTTATCTTGGCATCTGCTTCCTGGTGGATCTGAACTGACCCATAAGCCACGCTTACTAGTGATTTTCCAGAAG,10.735865655941465,3.4243666183786616
2041,ENST00000473414.5,ENSG00000114744.8,COMMD2,149738470,149752499,62.53583505303193,3706,2871.82,721.186,5.65786,CGGAAGTGGCGAAGGCGGGGTCGGCGCTGCCGGGTGAAATCGTAGGACAGTGAAG,11.052913124932736,3.4663547538256196
2043,ENST00000452853.6,ENSG00000070087.13,PFN2,149761105,150050788,225.0675777556191,1780,1412.37,975.67,15.5639,GCCTCCCCCCGCGCCGCCGCCGCCCGCTACCGCCGCCGCCGCCGCTGCGCCTGCTGCTCCTCGCCGTCCGCGCTGCAGTGCGAAGGGCTCGAAG,14.460872773252149,3.854082722393863
2045,ENST00000312960.3,ENSG00000181788.3,SIAH2,150741127,150763477,7.949565168578413,2517,2933.65,354.0,2.71867,CCCCGCGGGGCTGCAGCGAGCCAGGCATGCTCACTGGCGCAGGCCCGGCCCGCAGCCCGAGCAGGAAGCGCCGGCGCTAGGCGGCCCCCTGCGCTGCCAGCTGGAGCCGGGCGGAGCCAGCGCCCCGGCGCAGGGTGGCTCTGCCAGTCCCCGCGCGCCTGGGCGGCCGCACACGTGTCCAGGCGTCACGTCCGCGCGCGCCCCCGGGGCTTGCGTCAGCGGCTGTTCCAGAAGCGGGTGGGCCAGGGCTCTGCGCACCGCTGGGGTTCGGGGCCCGGGACGCCGCCGGGAGGAGGGCACCGCGCGGGGTCCGACGCGGAGGCGTGCTCGGAACGCCGGGGGCTGCGGAGTGCATCAGCGCGGTCCAGCCCTCCGCCTGCCGGGCGCCGAGCGTCTCCGCCGCCCGGACCTGGGCTGGGCGCCGTGGCGTTGCCTCGGAGCTCGCTGCCCGCGGGGCGCGCACCGCCTTGACCCGGGCGGCCCCGCGGCAGGCAGGCGCCCGCAGTTCCATGGTTGGTTCGGAGCGCG,2.9240640344647986,1.5479749054056917
2046,ENST00000496811.5,ENSG00000174953.13,DHX36,154272546,154324497,37.18828073777842,6733,5656.65,470.285,1.87311,AAGTGGGCGCACAGTGGCTTCCGGGCCCGGACGCCATTTCCAGCGGTTGCTGGTTCTGACGGGTTGTAGTCTGCCAGGACA,19.853762319232946,4.311340521145836
2047,ENST00000392845.7,ENSG00000169359.13,SLC33A1,155821024,155854429,26.78750332352956,9217,8348.8,382.718,1.0328,GCAGCGAGAGCTGGAGGTGTTGGGTCGGGAGACCAGCCGTTCGATCCCGCCGCAGGTAGGAGCTGGTTTCCATCCTGGCACCACGGCACACACCTCCAGCCTCGAGCCCGGCGCTGCTGCCCGGGGGTCTCCTTCAGGCTCTTTGACGCCGTTCCAGGGGGCACCTATCCAGGCATCCTCTGGGCCTCTAGCCAGAGGACTGGCTCCCGGCTTCAGCACTCCGGGCTGCAGTAAGAAGTGCCCTTATCGCTCTGAGCCCTGCCACCATCCCGTGAACCACCGAAACCCTGGTCCAGCGCGACAGCCTTGGACCTGGGACTGGACGGATCCAAAACGCTCAGCCTCGGCCCCCCACAGACGGGGCTCTGCATCGTCTCTGAT,25.936777036724983,4.696927313026846
2048,ENST00000265044.6,ENSG00000114850.6,SSR3,156540140,156555184,472.72820973493816,3716,3181.75,2098.4,14.8588,GTTAGCGGATACGGCGGCCGCAGGGGCGGAGTCAAGGGCCTTTGCCCGCCTTGGCGGCCGGCTCTACGTTCCCTGTTCTCGCCTGCAGCTCCGCC,31.81469632372319,4.9916214457917905
2050,ENST00000295926.7,ENSG00000163660.11,CCNL1,157146508,157160760,16.14518560065732,2388,2024.35,299.737,3.33593,ACGCGGCGTGAAGCGGCCCAGAACCCGGCGGTCACGGGAATATCCGTCGCGCCGAGAACGCTGGTTAGTCTTGTTTCGGGTTCCGGCTGCGTTGGGCTTGCGTGCGGCTCGCTAAGACT,4.839785487302588,2.2749431046769173
2052,ENST00000441443.6,ENSG00000168779.19,SHOX2,158095954,158106503,2.0041209363383885,3038,2909.45,210.812,1.63247,GAGCGCCGGGCTGACGTGCGGCGGCG,1.2276617250781874,0.29591308938681127
2053,ENST00000264265.3,ENSG00000079257.7,LXN,158645822,158672693,62.893604577867656,1116,843.168,440.477,11.7698,AGAAGCAGTCAGCCCAGGGCTCTCGGATGCAGGGAGCCTGGGCCCAAACAGCAGCTTCCGGAGTCGGAAGGAGCTGAGGAAGAAGACTGACTGAAGGAGCTTGCGACTTTTCCGCCTCGGCAACCGGACCCAGCAGCAAGCAGGACGGGCGGCGCTCTGCTACTGGTCCCGTTAAGCCAGAGTAGCCCAAGCCCTGAAGTCACTGCTCATCCGGA,5.343642591876468,2.417823516762016
2054,ENST00000309784.8,ENSG00000213186.7,TRIM59,160227454,160485773,32.131243226029234,3867,3192.78,598.055,4.22022,AGCCCTTCGGGGCAGAGGAGGGCGGGGACTCGGGGCGGCTCTCAGCATCCGCCTGGAGCTCGTGGCGCTGTGTTTCCGTGCTGTGGAGTTGCCTGGTCCGCTTCCTCCCCGCGAATAAGAATAAAAGATTCTGGAGGAGTTGGAGAAGAGTGTATTCAGCCCCCAAACCACGAGATCAACAAAGAA,7.613641759441268,2.9285866891493946
2055,ENST00000334256.8,ENSG00000186432.8,KPNA4,160494995,160565588,52.69904441867904,8981,7628.19,2432.2,7.18355,GCAGCGCCGGGGCCCTCAGATCGAGGCTGCCTCCCCCTCTCAGCCGGCAGCACATTCCGTCGCCTTGCCGCCGCCCGGCCCCACAGTTGTCTTTGCCGGAGCTGCAGTCGCGCTGGGGTTAGGGCGGGGGGGCGGGCGGGGAGAGGAGAAGGCCGCGGCGGAGGCAGGTGAGAGGAGGAAGGAAGCGGCGGCGCGGCGGGCACAGCAGCTCAGGCGGCGGCCCGGTTCCTGGGAGTGTCGGTGCGGCGCGTTGGTTGGGGCGGATCCCGCGGGGCCCGGGCGGGGGAAGGAGTCACCGGCCCGGCC,7.336072612939151,2.875007918895994
2056,ENST00000473645.6,ENSG00000114209.14,PDCD10,167683298,167734939,212.59379419299475,1360,891.861,85.8932,2.16982,GCACGACTCCGGCTGGGCAGGATTCCGGACAACGCCTGGTTCCTCTTGGGTCCTTCCGGCGTCGCCGGAGTGAATTGATCCGGGAGTTGAAGAGGGCTGCAAGGTGGGAAGTGAAGTCAGTGCCTCAGTTGCTGCTTTCTCCTCTAAATCTTGGTCTCTTGTTTGGAAGTGACTAACAGCATTTTGGCATGAGAAAGCCCTAAAAAGATCAGTGTGTTTTTTGTGTCCAATTCTTTTATCACCAAAAAAGAGAAGAAATATTGCAGTGAATGAAGATTCCTCTGCATTTTAGCACTGCTTTTTCAACTGTAGTTGGCTTTTGA,97.97761758717071,6.614380306522804
2058,ENST00000470487.5,ENSG00000173905.8,GOLIM4,168008677,168095975,32.23571359905327,4373,4236.68,931.713,4.95472,AATGAGCAAGGAGGCCGAGTGGGACTTCCTCCCGGAATCCCGTTGGCCAGAATAGCCGGGCCGTGGGTGACACGTAAGTTGGGCAGGAGGTGGCGGGGCGGCAGAGGCACCAGCCGACCCGTCAGTGACACCGCTGTGCCGTCCCCAAAACCAGCCGAGACAGCTGGCCCCCACCCTTCCACCCATTGGGCAGGCCGCACGGGGGCGCGGCCCGGAGTCCTGGTCCCTTTGTTGGGCGCGCACCCCCTCCCTTAGGTGGCAACAAAGTCGTGCAGTGGGAGCCGCCGCGATAGGGCGGGGAGTGGCCAGGGCGGGACTCCAAGAACTGCCCGGGGGCAGCGGGGCCAAAAAGTGGGAAGAAGGAAAAAAGGCAGGAGGCATCTGGGGACAGGCGCGAGGGCAGCCGGCTCTGAAGTATGCGGAGGGCCTCCTCCCGGCCCCGGGCATTCGCGGAGAACGAGCCTCGCAGAAGTTTGGCTGCAGCTGCCCGGGCGGCGTCGATGGCTGCGCGCCCCGCGCCGCGCGGGGGCTGAGCGGGCGCCACTTCCCCTCCGGGCCGGCTTTTGTGTCTGGCATCTCCTCCTCATGCTGCGTCTGGCCACCTACTGCGGCGGCCGCTGCTGAGACGCTCGCTCGGACCAAGGGGAGGAGACGGCGGGGGCGGCCGCGGCTTTGGGTCCAGGCGGGACT,6.506061613785092,2.7017844850721433
2060,ENST00000446859.5,ENSG00000171757.15,LRRC34,169793428,169812986,6.704232405178981,1718,1222.8,59.4624,1.0956,AGTGAGGCCTCAGGGCCCGGGCAGGCACAGCCAGCGGGACTCGAAGCAGGCTGGCGCCGAGGCTCGTGTAGCCGCCTCACAGCTGCAGGCGGACTGTAAGTGCGCGCGCGGTCGCC,6.1192336666474825,2.6133509904093253
2061,ENST00000495893.6,ENSG00000173889.15,PHC3,170086732,170181749,7.707850969443347,12666,11092.0,780.856,1.58607,GCGCAGCCCATGTTAGTGATGGAGGAGAGAAG,4.859716764987262,2.2808722328319324
2063,ENST00000475836.5,ENSG00000163584.17,RPL22L1,170864875,170870483,97.13434840477292,581,248.738,110.945,10.0491,CTCTCTGCTCTCGCGGCCGACTCGCAAG,9.665974903700125,3.2729152490223754
2065,ENST00000295822.6,ENSG00000163577.7,EIF5A2,170888415,170908693,22.87680584344473,5593,3850.81,468.274,2.73974,GGGTAAGGGCGGGGAGGCTGGGGTGTGGAAAGTGTGGCGGCCCCGCCCCGTCTCTTGGAACTGCCGCGGCCGCCACCGCCGCTGCCGGCGCCGCTGCTGTAGGGGACCAGCGCGGGTGCGCAGACGAAAGGCGCTCTTTGCCAGCTGAAAGTTCCCACGGAAAAACTACCATCTCCCCTGCCCACC,8.349991547900432,3.0617747372503663
2066,ENST00000430069.5,ENSG00000177565.16,TBL1XR1,177019340,177228000,56.0287956389717,7948,5607.22,838.642,3.3697,GCGCGGCAGCCGGGCCTTGCTCCGGGACGTGTTTATTTGTAACTTAGTGCTTTTTATCGTCTTAAGGAGGTATTTGGTGGAGGCTCTTTGAAGTTGGGTTCAGGAGTGTAGAATTGGCAAAGTTATTGCCAGCTTCCTGCATCAACAACAGCAACTTGTGATTGGCGGTGACCGGATATTCAGTTGCACATCCCCACATCAATGCACTGCCAATGGGTTATATCCTGTGTTGTGACCTCATGGTTTAAGTGGGAATAAAG,16.62723555182114,4.05547642062594
2067,ENST00000232564.7,ENSG00000114450.9,GNB4,179396089,179451590,100.01507595524342,6434,5395.32,2124.07,8.86979,CCCCGGCACGTCCCCGCCGGGCCCGCGCGCCTCGTGCCTCGCGCCTCGCGCCTCCAGCCACGTCCCCGCCCCGGCTCCGGCGCGCCGCGGAGTTGGCTGCTGGGAGGTGCGGGACTGGGTGTGGCCGGCGGCTCTGGTCTCGGCTGTGAGCTGCGCTCTCCACGCCGGCTCCGCGCTCCAGGGGCTGCTGAGCGCCCAGCGGACACCGGCAGCGCGCGGTCGACGCGGGCCTGAGCTCCCTCCAGCTGTTTTCACTCATTAGCTCCTGAGGTAAACAAATTGAAAAA,11.275923776689574,3.4951737255703046
2068,ENST00000476781.5,ENSG00000136522.13,MRPL47,179588285,179604654,187.21924623350952,1370,923.595,755.552,18.4308,GGAAACGCGTTTTGCCAGTTATGCGAAAAC,10.15795550022297,3.344538153837733
2069,ENST00000382564.6,ENSG00000205981.6,DNAJC19,180983709,180989774,80.50220227086584,1453,1046.55,367.807,7.91812,CGACAGTTTTCCGGCCTAGTTTGCGGCTGCTCCTGCCGTGTTGCGTAGGGCGCCTGTGCTTGAGGTTGGGGGTTGCGTCGCTCTCTGGTAAAGGCGTGCAGGTGTTGGCCGCGGCCTCTGAGCTGGGATGAGCCGTGCTCCCGGTGGAAGCAAGGGAGCCCAGCCGGAGCC,10.16683281774788,3.3457984142235864
2071,ENST00000292782.8,ENSG00000043093.13,DCUN1D1,182938074,182985953,50.39765797925438,7954,5599.47,434.584,1.74859,CGAGGTCCGGGGCTGCCTCCTCGGGCCGCGCCGGGCCGCCCCGCACTGCGCATGAGCGGGAGCCGGGCAAGCCCGTGAGAGGAGCCGCCGCCGCCGCCGCCGTCCATTCGCTGCGGAGCCGGAGGAGGAGGGGAGAGGCCTGGAGGACACCAAC,28.821883906035367,4.849092733421074
2072,ENST00000265594.8,ENSG00000078070.12,MCCC1,183015218,183116075,22.25149014677831,2545,2449.24,396.076,3.64342,ACATTCTTGGATCAGCCCAAAGGTAGGCTCAGGCTCCGACGGTGGCCGGCGGGGGTCACGAGGCTTCGTAGTGGAGGAACGGGTTTGGCGTGTGGGACGCAGCTGCCTCTGTACTGGGGAGTCACGGAGTGGCCGGGCTCCAGGGAC,6.107308558107029,2.6105367359631213
2073,ENST00000265598.7,ENSG00000078081.7,LAMP3,183122213,183163839,5.867124783676632,3375,3294.7,203.756,1.39334,ACCACGCGCGTGCGGTAAACGGTCCCAGAGGCCCGGGCCCCGGCGGCTGCGCCGAGTCCCCGCCCCTCCCTGCTCCGTAGGGGTAGGAGGGGGCCGGCGGAGTTTCCCTCCCCGCCCAGCGGCCCTGGGCGGGCTTTTCGGCTGCTTCTCATAAGCAGGTGGTTTCGTTTCTCCGGCACAGGTAGGTTTCTCTGGCACCGATTCGGGGCCTGCCCGGACTTCGCCGCACGCTGCAGAACCTCGCCCAGCGCCCACC,4.210834960366193,2.0741063315679735
2074,ENST00000318631.7,ENSG00000180834.7,MAP6D1,183815876,183825594,7.348647553822671,2111,2509.73,207.565,1.86333,CGGGAGCGGGGCGGCGGGCGCCGGGGCTGGC,3.943825062561474,1.979595559075758
2076,ENST00000311101.9,ENSG00000175193.12,PARL,183829385,183884933,19.75908429264522,1240,1060.34,105.507,2.24182,GGGTTGGTAAGGTCGGGCCATGGTGGGGCAGAGGTTGGGAAG,8.813858513460143,3.1397737375992665
2079,ENST00000334444.10,ENSG00000114770.16,ABCC5,183919934,184018015,10.072799722139573,5921,7188.07,808.645,2.53459,GCCGCGTCCGCAGCCCTGGGCACTCGGAAGGAGGACTACAGTTCCCTTCAGCCTTGGGAATGCTTTGTGCAGCGCGCTTGCGCGGTGTGGCGGCCGATGCCGCTATAAAGGCTTGTTTTGCTGCAGGGCTCATGCTCGGGAGCGTGGTTGAGCGGCTGGCGCGGTTGTCCTGGAGCAGGGGCGCAGGAATTCTGATGTGAAACTAACAGTCTGTGAGCCCTGGAACCTCCACTCAGAGAAG,3.974133773959328,1.990640436195904
2080,ENST00000397676.7,ENSG00000214160.9,ALG3,184242301,184249548,83.6988650424421,1528,2078.09,799.902,8.67232,GGTGGGCCCACACAAGCGGCGCACCGTTAAG,9.651265756157764,3.27071816314556
2081,ENST00000296238.3,ENSG00000163888.3,CAMK2N2,184259213,184261463,13.694241551669766,1362,1883.77,202.75,2.42491,CGGCCCGGGAGGCGGAGGCGCGGGGGAGGAGGCCCCGCTTGGCTCCTCAGCCCCGGATGCTGCATGACTTCATCCTTCCGCCGGCTCCCCTGCTGAGGTAGGGCCGGTCCGGCAGCAAGCCCGCCGCCCGCGCCCCGCCGCAGTCCCGCTCCCGCCCCGCGCCCACCCCGCGCCCGCC,5.647319509453863,2.497566257255912
2082,ENST00000317897.4,ENSG00000177383.4,MAGEF1,184710367,184712002,232.49631908258883,1636,1848.4,1385.0,16.8817,GCGTTGCGGCCGCAGGTTTGACTCCCGTGCGGTGCGGCCCAGCAGCCACAAAGCTCCCGCTGCCATTGCTCCTTGTACTCCCGCCGTCACTGCCGCTGTCCAACCCCTCCCCCGGGGCTTGCGCGGCGGCTCCCACACCCCTCGGCCCGTGTACGCGCTCTGCACCTGCCTGCCCGAAAAC,13.772091618888432,3.7836757784736386
2083,ENST00000231887.7,ENSG00000113790.10,EHHADH,185190624,185281990,6.713051353292497,3850,3565.5,366.282,2.3145,GAGGAGGCCGGGCGCGCCCGGAAAAGTGGTTTGCCTGACGGCGAGAGGCAGAGGTGCCCTCGGTGATAGAGGAAAC,2.9004326434618695,1.5362681161099339
2084,ENST00000421852.5,ENSG00000163900.10,TMEM41A,185476496,185499057,35.53166970940523,2827,2866.63,631.402,4.96246,AGTGAACGTGCTCCGCGGGCTCAGTCCGCCCGCCGCTGCGTCCCGGAGTGCAAGTGAGCTTCTCGGCTGCCCCGCGGGCCGGGGTGCGGAGCCGAC,7.160091911956012,2.8399781070526675
2085,ENST00000382199.6,ENSG00000073792.15,IGF2BP2,185643739,185825056,23.65061310326452,3688,4082.6,2241.18,12.3681,GGGGGGCGGAGGAGGAGGAGAGACGAGGGCAGCGGAGGAGGCGAGGAGCGCCGGGTACCGGGCCGGGGGAGCCGCGGGCTCTCGGGGAAGAGACGG,1.912226866152806,0.9352536944784478
2087,ENST00000453386.6,ENSG00000136527.17,TRA2B,185915906,185938136,504.8773743231864,2952,2774.96,2079.89,16.8867,GTGCGGGACGCGCTGCAGCTGGAGAGGAAAGGCAGAGCGAGGAGGGGCGAGGCCAAGAAAGCGCGCGTTTCTGGGAGGGGAGGAGCCTGGCTAAGGAGCGCCGCGTCACATCCGGTAGAGTTAGAGCCCGTGCGGAGGCGGTGCGGAGCATTTCGGCTCTGAGCGGCTGGGCGACCGGCGCGTCGTGCGGGGCTGCGGCGGAGCCTCCTTAAGGAAGGTGCAAGAGGTTGGCAGCTTCGATTGAAGCACATCGACCGGCGACAGCAGCCAGGAGTC,29.89792998769365,4.90197369637196
2089,ENST00000306376.9,ENSG00000244405.7,ETV5,186046308,186362237,15.490655751124324,4111,4514.04,522.569,2.6082,AGCCTGGTTGGCAGCTGCGGCGCAGAGTCCAGCCGCTGGTGCGCGGAGCGGTTCACCGTCTTCGGAGCGGTTCGGCCCAGCCTTTCGCCCAGGCGCCCAGGCCCGCTGCGCGCGTGCGTGAGCGCGCCTGCGCCGCCGGGGCCGCTGCAAGGGGAGGAGAGAGGCCGCCTCAGGAGGATCCCTTTTCCCCCAGAAATTACTCAATGCTGAAACCTCTCAAAGTGGTATTAGAGACGCTGAAAGCACC,5.939213155097126,2.5702718110880176
2090,ENST00000392481.6,ENSG00000163918.10,RFC4,186789880,186807058,161.14646536510045,1448,1231.74,149.43,2.73327,CGCGCTCACGTCTGAAGTGGGAGCAATGCACCGGGACAGGGACACCTCCTAGGCCATGCCTGTTCCAGTCCAGTTCTGCCTGAAAGTCCGGCTGGCTCATCACCTGCCTAAATAAAACCGTATACGGGCAAACTCCCTCCGCAAGCAGCGCGCCCCAGCACCGGAAGTGACGCGTTACGTGCCCGCGTATTCCTACCGGCGTATTCCCGCCCTGCTTTTCGCCCGCCGTTCCGTGGCGGGAACTGAGGCGACTGTGGGGACATCAGTGATCGGTGAAGTACC,58.95738999992699,5.8816007536909805
2091,ENST00000296277.8,ENSG00000163923.9,RPL39L,187120948,187180908,148.3530682428782,756,549.507,206.011,8.44654,ATCACCGCCCTAGCATCCGGGGAAATCGCGGTCTTAGCATCCGGCGCGCGGCGGTTGAATTGCTGCGCCCAGCGAGGCAACCGCCTCCGAACGCCAGGTGGGGGCGAGGCGTCTCGGAGTCTCAGAGACACCAAGGCCCCTGCGACAAGGTGGCTGCAGCTAGGCCGGGGGCGTCAGGACGACGGAGCGGGTTCGGGTCGGTGACACGCAGACCTGAGGGAGCTGGGCCCGCCTTTTCCGCCCGCGCCCCAGGCCCTTGCAGATCGAGATTTGCGTCCTAGAGTGGGAAAAAAGCAGAGGCCAGGGCGCCGATTTTATTTGGAGAGAAGCAAGCATCTTTGCCTCTTTGGAGTAGGAAATTCAGACTTGAAAAAGTGGTGTGTGGTTGACTCTGTTTCTCGCC,17.563767914776726,4.13453047101576
2092,ENST00000295522.3,ENSG00000163347.5,CLDN1,190305701,190322475,30.76151624373724,3481,3140.7,414.0,2.96986,CTTTAAATCGCGGCGCCCAGCGGTTCTGCGTCTCAGTTCCCGAGCCTGGGAGCAACCGCAGCTTCTAGTATCCAGACTCCAGCGCCGCCCCGGGCGCGGACCCCAACCCCGACCCAGAGCTTCTCCAGCGGCGGCGCAGCGAGCAGGGCTCCCCGCCTTAACTTCCTCCGCGGGGCCCAGCCACCTTCGGGAGTCCGGGTTGCCCACCTGCAAACTCTCCGCCTTCTGCACCTGCCACCCCTGAGCCAGCGCGGGCGCCCGAGCGAGTC,10.357901127910823,3.3726597871853534
2093,ENST00000392452.2,ENSG00000180611.6,MB21D2,192796815,192918161,20.39360792813628,3368,3518.86,266.0,1.70311,AGTTGGCTCTACGACCGCCGTTGCCGCTGCCAGAGAGGGCCAGGGCAGGGCAGGGACGCGCAGCATCGGGGCGGGCGTGGGGCCGGAGAAAAGGGTGTCGGGGCCACACACGCACCCTCGCTGCAGTCCAGCTCCTCCCGAAGCTCGCACGCCCAGAGCGCACGGAGCGGGGGACTGCCCGCCCAGACGCCCGCCCGCCAACCCGCCCACGAGCCGGGGCCAAAGCCTGGGAGCCTGCGAGGGGAGGAGGCCCAGGGGGGCGGGGTGGGGGGCGGGGGTGGGTGCCGCGCTGCCGCGGAGCTGCTACTCGGCGCGTTTTGC,11.974333970287462,3.58187350830305
2094,ENST00000265245.9,ENSG00000041802.10,LSG1,194640788,194672477,41.52884708062617,3572,3667.63,1083.82,6.65784,TCTCGCCGGACGCTAAAGACCGACGCACAAATTAAGAATGGACCATTCTTTTAACTCAGTCATTTATCCAAACTCGAGACATTCGCCAGGAAATCTATCGAAAATTTCCCAGAACCATTTTTTCACTTATATTCTATAATACTGGTAAAATCGAGACGTAAAAGGAGAACTTGAGAACAAGTCATTCTGCTTTCCCCTCTCAAGTTTGAGCCTGAACTACTTGGGCTCGCTTATCGTCACTTCCGGGGATCGAACTGTGAATCCCGGAAACTGCACGCGCCGAGCCGGGAAGCTTCGTCCAGCGGTCGTGTTGCC,6.237585625462037,2.6409877149519536
2095,ENST00000310380.10,ENSG00000173950.15,XXYLT1,195068279,195271167,28.469670190357547,2727,3500.23,626.697,4.03389,CCCCTTTCATGGCCGCCGCCTGGCGCCGGGGCTAAGTGGCCGCCGGCGTCCGGGTACCCGAGGGCTCTCCCGCGTTGCTGGCACCGCTGGCGCCGCGGTCTCGTAGCGC,7.057621846494958,2.819182131335836
2096,ENST00000326793.10,ENSG00000114331.13,ACAP2,195274736,195443078,23.158803741066222,7160,5443.63,1039.24,4.3012,CGTTTCCCTGCGGCCAGCGCTCTACTTGGGGCGGGAGGAAGAGGGGCGGGACTGGGGCCTGACTAGTCGTCGCCGTCTTCGCGGCTGCTATGACCAGCGGGCGAGGCGCCCTTCGCAGCTCCGCGCAACGCTAGTCGCGGCCGTGCGCCCGCCGTAGCCGTCTGCGTCCCAGCGCGGCCGCTCCCGCGGCCCCCTCGGCTTTGCCAGCGCCGCCTGCGAGGCGGAGGCAGG,5.38426572609184,2.4287496120758076
2097,ENST00000618156.4,ENSG00000184203.7,PPP1R2,195514425,195543386,58.85053005736526,3450,2617.22,1341.11,11.5448,GTTCTCGCCCCGCCCTCTCCCCGCCTCCTCCCTAGATATCGCGAGAGGGCGGGTCCGCTTGGCTTCGGCGTCGCGTCGCTCCTGCGCTGGAGCTCTAGGCCGGCGTCTCTCCGCGAGCCGCGGGTCAAGTGCCAGTGGCTAAGGGTGCGCGAGTAGCCGCCACCCGTTCGGCGTTGGCTCTGGCGTCGGGGTCGTTGTGTCGTGACAACCGCTGCGGTAGCCGTTTCCGAGGCAGCAGTTGCGGCCGCTTTAGCCCTGAGCGGGATCTGCGGCTGCCTGCGAGTCTCTGCTGTGCCGACCCTTCTCTTCGCGGACCCCACGCCAAGCAGCGACCCTGAGCCGACAGCCGGAGCGCCCGGCA,5.097579001573458,2.3498122291030903
2098,ENST00000360110.8,ENSG00000072274.12,TFRC,196027183,196082189,162.51842519326436,5111,4759.61,2406.78,11.3927,CTCGCGAGCGTACGTGCCTCAGGAAGTGACGCACAGCCCCCCTGGGGGCCGGGGGCGGGGCCAGGCTATAAACCGCCGGTTAGGGGCCGCCATCCCCTCAGAGCGTCGGGATATCGGGTGGCGGCTCGGGACGGAGGACGCGCTAGTGTTCTTCTGTGTGGCAGTTCAGA,14.265136902864498,3.8344216874526973
2099,ENST00000292823.6,ENSG00000161217.11,PCYT1A,196214222,196338503,44.58838458745228,5597,6269.08,1218.54,4.37923,CCCGGGCGTCTCCCCGCAACCTCCTCAACTTCCCTAGTCAGTGACGCGGCGCCGGCCAGAAATCCGACCGGACCGGGCTCGGGGGAGCGTGAGTTGCAGCATGTGCCGAAGCGCCACCTCAGAAGATAAAAAGAAATGAGTCTCATATTTGGCATTCTTTTAGTTAAAAGAAG,10.181786429909433,3.3479188043817363
2100,ENST00000325318.9,ENSG00000213123.10,TCTEX1D2,196214222,196338503,40.683583060809866,673,448.362,88.8079,4.46256,TGTGCGGGGCGCTCGCGGGCTTCAGCGAGGCGGGAGGGCGGCCCTGTTGCCCTGGAGACGCTTTCCCTGCTGCCGGCCGCGACCGCAACCCGCTAGGCCTTCATCGCGAGCTACGCCCGGACCGAGAAGCCCCGGC,9.116646736583904,3.1885032732831613
2101,ENST00000296328.8,ENSG00000163960.11,UBXN7,196347662,196432474,51.07531054259899,10568,9437.94,1820.7,4.34634,ACACCGCACGGCGAAGTGGGGGAGGGCAGTCCGTGTGTGTCTGTGTTGTTGTTCGGCGGCGGCGGCGGCGGTAAG,11.751338032137154,3.554753129330958
2102,ENST00000318037.3,ENSG00000163961.4,RNF168,196468783,196503768,16.838619348547947,5347,5470.65,585.202,2.41007,GCTTGTCCGGTGGCTGCTGCGCTGCCGCAACGAATAGGGTTTCTGGCTGCGTAGGAGGGACGGGGGCGCGGAGCTCTGGGAAACTGCGCCAGGCGCCCGAAAGGTGAACACGGGAGTCGCGCGTCTCCCCCGCAGCAGCGGTAAAGCGGAAGTTATGCTGCAGCCGGAGCCCGGGCTTCCTCCCGGAGCCGCGTCCCGGGGCCCGGCTGCCCCGAGCTGAGCGGAGCATCCTTTCCGGGTGAGGGGAGGAGAGGACTTGGCGCGTTCCCCTCGCTGCCCCGGGAGCCGCAGCCGCGGTGTTCATGCCGCGGAGCAGCCAGGCTCCTCCGACGAAAACCTGCATTTATTTGCTGGCGGGACGTTTGCCTTGAAAATGGACAAAGACGCCGCCCTCCGGGGTATTCCTGTTTGCCTGACCCTGAGAGCGCCTTTTTGCTTCAAGACGTGTTGGATGCTCCTGTTCTCCGAATTCTGATACGCTTCTGGGCATAATACTGAAACACAAAACTGCTTTTGCTCTCTCTGTGGTTGGCCGAAAATAGGATTCTTTTTCGTGCAGGTGTCGTTGTTTAGTCGGCTTTACTAACATATTGAA,6.986776047396112,2.8046268971771657
2103,ENST00000332629.6,ENSG00000185798.7,WDR53,196554177,196568674,8.589614548036511,1679,1687.6,181.669,2.42535,GTTCCTCTCGGCCCCGGATGTGACTGTTTGGCTGCGCCGCCTCACGCCTGACGCTCGACGGGATTGGGCGCCGGCGGGTGAGGTTATCACTAGGCGCCGAGGAGGGGAGCGGGAAGCGCAGTGCCAGCGCCACAGCCCTTCAATCATTTTGGTTGCTATCCAGCTTCTCCACATCAAGTCCAACTTCAGAAACCCCAAGCCTGTAGAGAAAAGTTGACCTGTGCTGACTCTGGTGATGGTGACTGTCTCTCACTAATTTCTTTGAAGTCTTCAAGGATAAGCAGAGTTGATCCATCTGAGAAAGGGATCATGAACTAGACAGAATGAACAGCCTTAGAGGCACAGACTCTTGAACGGGACGGTGGTGGTATGACTAGTGCAGAGTGTTTAGAGATCACTCAGTTTTTAAAGACTGGCCTTTATCGTGTCTCAGTGCAGCCGAGGCAGAGCCTTTGAAGGATGCGATGTTGTCATTCTTACTAATCTAGTCCAGCCGCTGAGGTGACTTTCAACGGCAGACCGTCTCCTGAGCGCCCCAGGTAGAATTTCAAAAGTCTCCGGGACCATT,3.541597933509189,1.8244004367489712
2104,ENST00000409690.3,ENSG00000174007.7,CEP19,196706277,196712293,13.113408426367904,2201,1814.69,164.31,2.03996,GGGCGGGCGAGGAGCTGCGCACGCGCGGGGACGCGCGCCCGGCCTGTCGCTGTGGAAACCGCTAGGCCAGCGCTCGCCGGGACCTGGAATCCCTGTACGCCGAGGTGGGAGCCGGTGGACCGGTCCCCCAGCCGGCCCCCACCTCCGCTTCCCGGTGTTTGAGGGTTCGGGCCTCCCGCCGGGGAGTTCACCCCTCGGGCTCGTCAGTAGGGCTGTGGCTGTCGCCTCTTCCTGCAGCGCCAGGCTCCGCCCGGTCTCACAGTCGGCTTAGGGGCTTTGCGTGCACTGCGGTTGGGTGGAAAAACCCACTCCTGGTTGTTTAGACGTTGGCCTGCAGACGATGTCATTTCTGTATTCCTCTAAGGCAGGAAGTCATTATGCAACTTACACATATTCATCAGATTTCCTCTGACTTACCCGGAC,6.4282674299338725,2.684429949519198
2106,ENST00000321256.9,ENSG00000114503.10,NCBP2,196935402,196942597,284.1121168002368,2169,1785.02,1227.51,15.4933,AATGAGATGCTCGCCTCCGCGCGTTTCCGCTTCCGCCATCGCGGACGCAGCCTCGTGCCGGGAGTCGCCGCATTGTGGTCCGCTTCTCTGCACT,18.337740623381514,4.196743991604386
2108,ENST00000346964.6,ENSG00000075711.20,DLG1,197042560,197299300,4.853366324782269,5034,4127.27,193.199,1.05464,GTTGGAAACGGCACTGCTGAGTGAGGTTGAGGGGTGTCTCGGTATGTGCGCCTTGGATCTGGTGTAGGCGAGGTCACGCCTCTCTTCAGACAGCCCGAGCCTTCCCGGCCTGGCGCGTTTAGTTCGGAACTGCGGGACGCGCCGGTGGGCTAGGGCAAGGTGTGTGCCCTCTTCCTGATTCTGGAGAAAA,4.601917549858026,2.202235135783531
2110,ENST00000362003.9,ENSG00000185619.18,PCGF3,705748,770640,7.26302836155322,5685,6183.24,757.285,2.75934,GCCCAGACGCACACCGCGCATGCTCCGAGCGCGGCGCCCCCGACGCGGCGCTCGGCTCGGCTCGGGCATTTCCGCCTCTTTGTTTTAAACTCCGGACGGGCTTTTTTCTCCTCCTCTTGGGGGGGACCCAGAGGGAGCGGCGCCCCCTCCCCCCTCCGGCGCGGACCCCGCGTGCGCCTTGCTCGCCCGCAGCCCCGAGACCGCAGGCGTCACAATGTAGCAGGGACCCCAGGCGTCGTGCTCAGAAAATGGAAAAAGAGCCAGGGCCGGAAGGAGGGTGCAGAAGCGAGTCCGCGTGCGGAGCCAGGAGGCAGCGTCGCGTGGGAGTGCTGGCCTGAAGCCTCCATGCCCCGGCAGAGGGACGGACACGCGGACGTCTAGCGGAGAAGCCAAAG,2.6321614449662674,1.3962479802240124
2111,ENST00000303400.8,ENSG00000090316.15,MAEA,1289851,1340147,70.96197721025462,2222,2618.85,731.697,6.29479,TCATTTCCCGGCGTGCAGCGCGCTCGCGCGTCCCCCGCCCGCTAATGTTTTGGCCGCTTCAAG,11.273128604807248,3.4948160537209074
2112,ENST00000313288.8,ENSG00000013810.18,TACC3,1721490,1745176,75.78098523658093,2781,3775.51,1604.13,9.57253,CGGCGGTAGCAGCTAGGCTTGGCCCCCGGCGTGGAGCAGACGCGGACCCCTCCTTCCTGGCGGCGGCGGCGCGGGCTCAGAGCCCGGCAACGGGCGGGCGGGCAGA,7.916505379098413,2.9848637150440807
2114,ENST00000514045.5,ENSG00000109685.17,WHSC1,1871424,1982207,15.436380492180849,3964,4092.29,258.416,1.42271,GGGCCCTACCGCCGCACGGCCCCGGCCCCCTCCCAGCCTGCCGCTCCGGAGAGCCGCCCGCCGAGGATGCGACGCACCGCAGTGTTCTAAGAACGGAAGCATCTGGGCTGG,10.84998382817359,3.4396209872316654
2115,ENST00000409248.8,ENSG00000243449.6,C4orf48,2041993,2043970,118.59268145096053,433,309.783,33.0,2.40004,GC,49.412793724671474,5.626812720775762
2116,ENST00000314289.12,ENSG00000063978.15,RNF4,2418974,2732565,57.701405499139405,3088,3400.11,1053.68,6.98194,AGTGCGCTCGATTGTGGGCGGGGGCGGAAAGAGGCGCGTTTTAAAGTGGTAACAGATGGTTTTCTTATCCAATAGGATTAAAAAATTTGTCCTTACCCGGCCGACCGCGGAAGTAGAGTAGGCGGGCGGCCAATGGGGACATGATGGGGGGCGGAGCCGAGGCCTCCGAAGCGGAAGTGGGTTGCTGTTGAGGCGGCGGCATCTTTCTCGAGGAGCTCTCCTGGGCGGCTGAAGAAGGAGCTTCTTCTCCGGAGTGCGCCGGCGGTGGCGCCTGCGGACCTAACTAGCTCCAGGTTAGGCCGAGCTTTGCGGGAAAGCAGCGGACTTGAAAATACTGGAAATCTGTCCGGATCCAAATTATTTTGCAAGCCAGATGAGTAACCAGAGGGCATGAAAGGTTGAGAACATTTGACTTCCCTGCAAACCTTGGTATAGATCACTTCCTTTTCTGTAGGAAAGGAAAGGCACCAAAGAGCACA,8.264380028923108,3.0469065965598037
2117,ENST00000264758.11,ENSG00000087274.16,ADD1,2843857,2930076,26.109512879915403,4045,5270.35,467.334,1.99779,GCACCCAGGTCGGGCGGTGGGGGCGAGCGGAGGGGCTGAGGGGCGGAGAGGCCTGGCGGGCCGCTGCTGCGGGCCAGGGGACGGGGGCGGAGCCGGAGCCGGAGCCGACGGGCGGTGGCCGCACTGGGACCCCGGAATCCCGCGCGCTGCCCACGATTCGCTTCTGAGGAACCTAGAAAGATTGTACA,13.069197903641225,3.708098696162389
2119,ENST00000355072.9,ENSG00000197386.10,HTT,3074681,3243959,11.329711676131426,13474,17497.7,2129.93,2.7425,GCTGCCGGGACGGGTCCAAGATGGACGGCCGCTCAGGTTCTGCTTTTACCTGCGGCCCAGAGCCCCATTCATTGCCCCGGTGCTGAGCGGCGCCGCGAGTCGGCCCGAGGCCTCCGGGGACTGCCGTGCCGGGCGGGAGACCGCC,4.131161960303164,2.046547621497805
2120,ENST00000330055.6,ENSG00000184160.7,ADRA2C,3766348,3768526,1.8062467724376403,2129,3016.67,137.0,1.02319,GCAGCTGCGGGGAGCCCGGCAGCCACGCTCTCCGGCGCGCCGCCCGCGGAGCCACCACGGCCGAGGGCCGGCTGCTGGGCGCCGCGGTCCCCGGCGGGCGCGCCCGAGCAGCAGGCGGCGATGCGGGCGCCGACCCCGGCTGGGGGGCGCCCGAGCTGCCGCGGCTGCGCCCCGGCTCCAGGAGGGACGGCGTAGCTCGCGGGAGGACC,1.765309250909059,0.8199209402507917
2121,ENST00000382723.4,ENSG00000163132.6,MSX1,4859666,4863936,17.603132021630906,1939,2457.52,430.815,3.94962,GGGCCCGGAGCCGGCGAGTGCTCCCGGGAACTCTGCCTGCGCGGCGGCAGCGACCGGAGGCCAGGCCCAGCACGCCGGAGCTGGCCTGCTGGGGAGGGGCGGGAGGCGCGCGCGGGAGGGTCCGCCCGGCCAGGGCCCCGGGCGCTCGCAGAGGCCGGCCGCGCTCCCAGCCCGCCCGGAGCCCATGCCCGGCGGCTGGCCAGTGCTGCGGCAGAAGGGGGGGCCCGGCTCTGC,4.4569178861842165,2.1560463811242023
2122,ENST00000285599.7,ENSG00000013288.8,MAN2B2,6575175,6623362,5.089190489874715,5143,6880.95,385.871,1.26344,GAAGTGGGCCTGGCACCTTCCCGGCCTGCCGCAGGG,4.028042874908754,2.010079039623009
2123,ENST00000320912.8,ENSG00000179010.14,MRFAP1,6640091,6642745,561.1425602926978,2049,2333.39,161.073,1.55524,GTCTCACTCTGATGCACAGGCTGGAGAGCAGTGGCGCGATATGGGCTCACTGCAACCTCCGCCTCCCGTTTTCAAACGATTGTCTCAGCCTCCCAAGCAGCTGGGGTTACACGCGTGCAACACGACGCCCGGCTAATTTTTGTATTTTTGGTAGAGACGGGGTCTCGCCATGTCGGCCAGGCTGGTCTCGAATTCCTGACCTCAAGCCATCCACCCACCTCGCCTCCCAACGTGCTGAGATTACAGGCGTGAGCCACCGCGCCTGGGAAGTGCGGGAGGCCTTTTTAAAAAATGTAAACTCGCGTGCTCAAGAAGCCCTATCGGAGGGAAACACCCAGAAGAGGCCACCCTCCAAACACAGGGTAAAACAGGGGTGACGCACAGAGGTAACGGGAAAGCAGGAACGAGCGAGAGCGTGCGGTCCCGTACCTGCGCGTGCCTGCGTGCGCGTCCGTGCGGCCGCGACGCCGCCGCCGGTGCCTCTCTTTCTAGACGTGCGCGCGCCCGCAGCTCGCCCCCCTGACCGTAAAGAGGCCCGGCTGTGTCGTGAAAGGGGCCGCAACGCGCAGAGCGCTGGTTGACGGCCGGGACTCCATTTTGTTCGCCGTTACTCTGCGCACATCGCTATTGCGGTTCCGAGGCAGTGGGAAGAG,360.8076954635283,8.495086299123763
2124,ENST00000320776.4,ENSG00000186222.4,BLOC1S4,6716055,6717671,57.55517941335165,1617,1590.55,110.292,1.56229,GGGAGGCCGGAAACAAAGGTGGATGCGCGTGAACAGACGCCCTCGCAGGCCGCCGGAAGCAAAGGCGTGAGCGCGCGTGCGTGCGTGTGCGGGTGCGTGAGCGTGAGCGCGCGGAGGCCGGAAGCGAGCGCTGCGCAGTCGGGTGGTCGCGGGCC,36.84026615631647,5.203211579253929
2125,ENST00000425103.5,ENSG00000170871.11,KIAA0232,6781375,6884170,1.97861586105032,7771,7381.92,713.997,2.17916,ACGTAAGGCGCAGGCCAGGGCCGCCCGGCGCTCGGCAGCCGCCCGCAGCCCCTCGGAGCCAGAGGAGAGGCGCCCCCGCCGGCCGCCGCGCCGCCCGGCAGCCTCGGCAGGTTCTGCCGGAGACTTCCATTTGGCCTCAATGTGAAATTAAAGTAGAAAATCACATCTACATGCATGTTGCTATCAGGATGTTGATTCATTAGTCATGCCTGAAGAGGGAAAGTCTGTTTTAGGTGGCTGACTACCAGCAAAAATAAATGCTTATCCTACATGTCAAGCATCTCTACTTTTTACTGGAGTGAAAATCCCCTCCAGATACCAACAGAATATCAACTGCAGAAAATGCTTCACATTTTAAGGATGTCGGCAACCTAAATTC,0.9079718153097156,-0.13928057990861317
2126,ENST00000310074.7,ENSG00000173011.11,TADA2B,7041899,7057952,11.367925876875631,4350,4827.01,316.501,1.47727,AGGGGGGACGCGGCCCGGCTGGCTGGCTCTGGCGGCGGCTGGGCTGGGGCCGCGGTGGCGGCAGCCGCGGCGGCGGGCGGCGGTTGCTCGTGCGCGGCGGCGGCGGCGGGTCCCGCGGGCGGCGGGGCGCTGACGGCCGGGGGCGCGGCGGCTGCGGCGGGCCGGGCGGCGGGCGGCGAGCGGGGGAAG,7.695225569378401,2.9439636167489285
2127,ENST00000237380.11,ENSG00000118579.12,MED28,17614631,17634105,90.06170004741044,10868,11593.6,1102.02,2.14157,GATCTCTCTTGCGCCATTCCAAAC,42.05405382378836,5.3941729714578095
2128,ENST00000251496.6,ENSG00000109805.9,NCAPG,17810902,17844862,67.84374784591307,4661,3532.15,1839.29,11.732,CTTACGGCAGTCTCGCGGGATTTCCCCCTCTCGCGGGAATTATTTGAACGTTCGAGCGGTAAATACTCCCTGGGGCTGTCATAGAAGACTACTCGGAGAGCGCTGCCTCTGGGTTGGCGGGCTGGCAGGCTGTAGCCGAGCGCGGGCAGGACTCGTCCCGGCAGGGTTCCAGAGCC,5.78279473626944,2.5317668937136895
2130,ENST00000504154.5,ENSG00000145147.19,SLIT2,20253260,20620561,31.828027259207264,6390,6269.31,2509.95,9.02001,CGGATTCATCCTCAGGACCTAAAGTTGCCCAAGGAGCTCCTGCTCTGCCAGAGGAGGGTGGAGAGGGCGGTGGGAGGCGTGTGCCTGAGTGGGCTCTACTGCCTTGTTCCATATTATTTGGTGCACATTTTCCCTGGCACTCTGGGTTGCTAGCCCCGCCGGGCACTGGGCCTCAGACACTGCGCGGTTCCCTCGGAGCAGCAAGCTAAAGAAAGCCCCCAGTGCCGGCGAGGAAGGAGGCGGCGGGGAAAG,3.528602214322076,1.8190968016758355
2131,ENST00000360916.9,ENSG00000163138.18,PACRGL,20696282,20752907,8.023407166664924,2073,1749.1,83.1949,1.07163,ATTGCGCGGCGCGACCAGGTTCAGGGGCGGGCCGCGCGGAGCCTCATTTCCCCAAACGCAGGCGCTCGGTGGCGGTAGCCGCGGTTGTTGGCCGACCGAGTGCCGGTCATAAGCCCCCCCCGGTGGGGGGCAGCTGGTGTGCGGATCGCGGCGGGAGAGAGGCGCGGTAGGAACGGGTCCCCGGAGCCGTGAACCGCGGGTACAGGTGTCCTGTCTGCGCTCTCTGCCAAGCCGGCTTGCTTCCTGATCTGTTGCTAGGGCCGCTGGACCCCGTTGCTAAGGACCCTTGAGATCGTGAGCGCTTGGAGTGTACCCCTCCTTTCCTGGGGTAGAGGGTCAGTCGAGAGTAGCCTTCGTTAACCTTAATTGAAACTGGAGTGAAAGGGAAGCA,7.487105779667352,2.904408137341602
2132,ENST00000264864.7,ENSG00000038210.12,PI4K2B,25160641,25279092,26.026499999658892,3540,2576.28,782.0,6.83874,GGAGGCGCGAGGTGGGGCGCGGCCGGCGGCGAGGCGGGACAACCGCTGGGCGGGCGCCAAGCGTGCCCGTGCGCTGGTGAGGTGGCGTCCGTTCTACCCGGTCGCTCCCGTTCCGCGCCATGCAGAGCCCAGTCTCTGGCACCTGGCTGCTCTGATCTGGTCTCAGCGCGGAGGGAGCAGAGGGAGTCC,3.8057449178735987,1.9281788674313267
2133,ENST00000302874.8,ENSG00000168228.14,ZCCHC4,25312785,25370383,7.346701383504425,2785,2346.13,173.372,1.6649,GGCTTTCGGGACGGCGGCGGGAAG,4.412698290290363,2.1416611092032967
2134,ENST00000315368.7,ENSG00000053900.10,ANAPC4,25377213,25418498,17.392070499481058,2685,1967.14,213.037,2.43996,CCCGACGCCGGAAGTGCCTGGAGCGCGCGACAGCGGCGGGGCGGGGCGGCCTGGAGGCTGTGGCGCGCGGCCGGCAGAGGGAGGGGAGAGGCCACTGGGGCCGTGTTAGTCTGCCGGTGGGGACTCTTGCAGGGCCGTCCCC,7.128014598387292,2.8335002915454948
2136,ENST00000348160.8,ENSG00000168214.20,RBPJ,26163455,26435131,25.570416455978304,1752,1440.39,84.3421,1.31925,ATGCTCCATCGCCTGGGTAGGTTTCCAGGGAAGGCAGCGAGCAGGATCCCCTACTCTGCGGGCGGCGCGAGGCGTCTGGCTCTTCGCGGCGGCGGCGAGGGGAAAGGGAGCGCGGGGGCTGGGTGGAATCGAGGAGTGAGGAAAAAGGGAAGGGGCGGGGGAGAGGGACCAGGGAAGGCGTCGGGGGGAATCTCGCGAGGGTTGGAGTTTTGGCGAGAGTTTGTGGAAG,19.38254042522517,4.2766857687713244
2137,ENST00000264866.8,ENSG00000109680.10,TBC1D19,26576437,26755351,2.800851538271317,2263,1661.01,93.0384,1.26198,TTTCAACCATAGACAAGGCAGGAACAACGGTGTGAAAAGCGTCCTCCCCGCCCCGGTCTTTTTCCGCCGGCGGAACGCAGATGCTGTGGCCTTCAGGCGCTGAGGGGACCAGAGAGGGACGGACACAAGGCTCGGCAGTTGCCTGGTAACGCCCGCTGGAGGAGTCCCAGTGTAATAAGGTCCCGGAGAAGTGTCACTGGCCCTGAGTGGGACCCGGTAGCCCGTTCGCTCCGCGCCGGCGGCCTGTCCCCGCGGCTTGGCGGGCTAGGGCAGGGGAA,2.2194104013307,1.1501764675433621
2138,ENST00000465503.5,ENSG00000109689.14,STIM2,26857678,27025381,1.7057015187071596,3613,3469.87,187.678,1.2186,AGAGCAGCGGATCCCGGTCTCGCCGCAGCAGCAGCGCGGGTGTCGTGCACCGCCTGAAGACGCCGTACCTTTCTACCCCCCACCTTTTTTTTTTTTTTTTTTAAATAACCGGAACCAATGAACGCAGCCGGGATCAGAGCTCCGGAGGCCGCCGGTGCCGATGGGACCAGGCTGGCGCCCGGCGGGAGCCCGTGTCTGAGGCGGCGGGGGCGGCCGGAGGAGTCGCCGGCGGCGGTGGTGGCGCCTCGCGGAGCCGGCGAGCTGCAGGCGGCCGGGGCGCCGCTGCGCTTTCACCCGGCTTCTCCTCGGCGCCTTCATCCCGCCTCGACTCCTGGCCCAGCGTGGGGCTGGCTGCTGCGGCGGCGGCGCTGGGCTGCG,1.399722237573576,0.4851405655753708
2139,ENST00000361762.3,ENSG00000169851.15,PCDH7,30720415,31146805,29.07801752519332,6403,7083.22,794.026,2.52561,GAATGCAGGTGAGAAAAGGCACGGACTCTGCGGCTGCGAACCCAAACTTGGGCACCGCACGGTGCGCACTGCTCAGCCTTCGCCCCCGTGGGCGAAAGGCTGCTGCGGTTTCAGGCGGCTGCTTCGTGACTAATGACCTTGCGCAGAGTTGTTAAGAAAAAAGAGAAACCCGCGCTCTCCGGGGTGAGAAGGGACTGACTCTGGGCGTCTCTGAAGATGGCTCGGGCTTCTCTTTGGCGCGCCGGGGGGACCCTGACACTGACCGCTCTGTGACGCGAGTAGTCTCCCCTGCACCGTGCCCGAAGCGACGTGCCGGGGGATTTTTCATTCTCGATCTGTTGACTGGCTCCCCCGCTGCATGAGCAGAGTCGGAGTTGAGACTGGCTTGTTGCTGGCCCCAGCGCCTGGTGCAGGAAGCGACTCACGTTTGTCTGGGTGGCCGGAGCCGGAGCAGAGCCTGGGTTTGGAGTGAGTGCCTGGAACGTGAATTGGACTCAACTCGAGTAGCAGCAAAGACCAGCGGGCTGGCAGGCGGGGGAGGCTGCAGGCTCATTCCCCACCTCTTCCCAGCCCCACTGCCCGTCTGCCGGAGCGGTTCTGGCCCCTTCCGACAGAGCGGGGACTAGAGCCGGGGATTCTCCGCCCGCTGAGGGGATGACTCTGGGTTGGGGGAGCGCCGAACCCGCGGCGCGCAGTGTCCCGTGAACTGTGAGTACTGCGACTGAACGGCGGCAGGCGAGCGGGCGATTAGCACCCATTGCATGAATTATGAAACAATAACTTTCGGAAGAAGCAGGAGGAAAAAAAGAAGCATCTATCGCTGCCCTCCCACCCCCATTCCCGGCCAACTCTCCACGCCGCTTTTGCCCCCTCCCTCCCCTCCCTCTCGCTCCTTCCTTTCCGGGAGAGGGGAGAGGACTCGGGGGAGGGCAGGCGGCCGGCCCCGGAGGAGGGGGGCGCCGAGGGGGCTGTGGTTAGAAGGAGCAGTAGCAGCAGCAGCAGGAGAAG,11.513265122165862,3.525225129707807
2140,ENST00000381967.8,ENSG00000169299.13,PGM2,37826633,37862937,62.05028873456093,3264,2677.61,1166.21,9.8128,GGCTCTCCCCGCCCCCGCCTCCGCCTCCACGTCTTGGGGCCGGGCCGGAAGGCAGATCTCACCGCCTGCTTCCCTCTGCAGCGGTAGCACAAGCTCAGCG,6.3234029771890725,2.660701162366096
2141,ENST00000261438.9,ENSG00000109787.12,KLF3,38664196,38701042,19.64123286345592,5122,4720.05,594.001,2.83532,CGCAGAGCGAGCGGCGCCGGCGTCATGTGACTGCCCGGAGTTGGTGCCAGGAGCCAGAGGGGAGCCAGGAGCGGAGCCGCGCGGAGCCGGGGCCCGAGCCGGAGCGCAGCGAGAGCGCCCGCCGCACGCGCGCCCGTCCCCGTCCCCTGCGGCCGCCAACGCCGCCCGGACTGGAGCCCTGACATTGCTGCGCTCGGGGGGCTCCAGGCAGCCCGTATCGGGGCCTTTATTTCTCGTCGGCGGCGCCCTGCACCGCGCCTCGCAAAGCCAAACACCAGAGCACCCTAGAAGGTTTAACTAAAAGA,6.927342544564959,2.7923020142585653
2143,ENST00000261425.7,ENSG00000109790.16,KLHL5,39045039,39126857,5.447352426934217,3425,2924.55,179.286,1.38118,CTCCCGCCTGGCCGCCCCGGCCCGCCGTGACCCACGGCCGCCTCCGGAGCCCGACGCGCAGGGCATATACTTCTCTTGTCTTGGTTGGATGCACAAATCTGTGTGCAGTGCTTTTTGCCCGTTGCCTAGACGATCACTTGGTTTCTCTGAGG,3.943984438620757,1.979653859431607
2144,ENST00000261434.7,ENSG00000121897.13,LIAS,39459000,39477653,10.808720272587514,1775,1589.5,92.7489,1.31465,AGCCAATCGTGGAGCAGCTTGGCTGCTTGTCATAAATGGAGCGACGTAATTTCGACCTGTCCTTTCCCGGGAGTTAGCGATCCCTCAACCCCTGCACTGCGCTAGTCCTAAAGAGGAA,8.22174744044994,3.039445055189769
2145,ENST00000261427.9,ENSG00000078140.13,UBE2K,39698044,39782792,152.19001490407487,5245,4207.65,1968.15,10.5385,ACGCGAGCTCGTGGCTCGGGCGTATGGGGGCTCCAACGGGAGCGGCTGCGCCGCCCGGCCGGGTCAACGTCGTGCGCATGCGCCGACCCGGCGCCATTTTGGTGGCCGGGCGCGGAGGTGATTCCACACTGAGGCGAGCGCGGCGGCCGGGGTGGTAGTGGCAGTGTTCGTGTGCTCAGGTCTGAATCGCCGAGGGAGGAGGCGGTGGAGGAAGAGGTGGCGGCGGTGGCGGTGGTCGTAGCGGTGGCGGAGGAGGCGGGTACGAATCAGCTGCGGGCGGAGAC,14.441335569964878,3.85213226724152
2146,ENST00000261435.10,ENSG00000078177.13,N4BP2,40056826,40158252,5.359934197331471,9744,7463.1,361.003,1.08982,TTCCCCGGCCGGACGGAGAGCGGCAGTGTCTCCCCGCCGGGCGCGCTCGCCGTGTCTCCCCCGCGGCCGCAGCTGCTTGCTAGCCTTGCGCGGCGCGGGAGAGCGCAGTGGCGCCGGCGGGAAAGGGCTGCGGACCTGCGGCGCCGCGTTGTGCGTTCGACGACGCGGCACCGGCTTCGACGCCCTCTGCCCGCTCCAGAAGCAGTAAGAAGACATGTTGGATAACAAGAAGAGGTGTAGAGTTTGCATATATCAACTGTGGCCTTAATGAGCATGTTGACAGCATCGATGCTAGACAGACAGTCTTTTTACTGCTGGATTGTGCAAGATATTTAACCCTATTTTGTTTGAATTATGACTTAAATGTCAAACATCTTAACTAAGAAAAGGGAAACATTTTAGTTTTGGAAGTCAGA,4.918183000249098,2.298125417048669
2147,ENST00000284440.8,ENSG00000154277.12,UCHL1,41256413,41268455,1419.6710988289774,1172,1120.55,393.08,7.90335,TTTCCCCCTCGCTTGGTTCTGCCCCTGCTCCCCCTGCACAGGCCTCACAGTGCGTCTGGCCGGCGCTTTATAGCTGCAGCCTGGGCGGCTCCGCTAGCTGTTTTTCGTCTTCCCTAGGCTATTTCTGCCGGGCGCTCCGCGAAG,179.62903057930845,7.488876718518806
2148,ENST00000504986.5,ENSG00000109133.12,TMEM33,41935120,41960572,271.76738550378496,7482,5700.19,1389.2,5.49084,ACGGAAATGAAAGGAGCACTTCCGGGTTCGGCAATAACCTGGAGCCGGCGGCGTAGGTTGGCTCTTTAGGGCTTCACCCCGAAGCTCCACCTTCGCTCCCGTCTTTCTGGAAACACCGCTTTGATCTCGGCGGTGCGGGACAGGTACCTCCCGGCTGCTGCGGGTGCCCTGGATCCAGTCGGCTGCACCAGGCGAGCGAGACCCTTCCCTGGTGGAGGCTCAGAGTTCCGGCAGGGTGCATCCGGCCTGTGTGTGGCGCGAGGCAGGGAAGCCGGTACCCGGGTCCTGGCCCCAGCGCTGACGTTTTCTCTCCCCTTTCTTCTCTCTTCGCGGTTGCGGCGTCGCAGACGCTAGTGTGAGCCCCC,49.49468305464828,5.629201647500027
2149,ENST00000264451.11,ENSG00000014824.13,SLC30A9,41990472,42090457,37.87709533251084,6218,5029.54,1014.84,4.54603,ACTTCCGCTACCTCCACGGCAGGCGTCGCTAAATGACGTTGCCGTTTCCGGGTCACCCAGGCAGCTTGTGGCGGCGAAGCCATCGGTGTTCGCTGATGTCCAGTCTATGGAGTCAGTTGGTACCGGTGGCGGCGCGGAGGCAGAAGGCGGTGTCCGAGTAGGGGCCTCTGCCCCACCAGG,8.331906153833309,3.058646589719201
2150,ENST00000281543.5,ENSG00000151806.13,GUF1,44678427,44700926,31.315583251290395,4449,3664.66,856.251,5.26416,CAAGCTGCGCCGCCGCTTCGGGTTGCTTCCGGATCTGGTACTTGGGCAGAGCTCCCCGGGGTTCATTGTCTTCGCTTCACAGGATCTGTTTGAGTCCTGTCCACCGGATCCTACGGGGGGTACCTTCGAAAAAAAACGGGCTATGCTGCTGTTGCGTGTGGGTACCCTCTCCTGACGCCTCCGCCGCCCGGGTC,5.948828160863346,2.572605504888882
2152,ENST00000295461.9,ENSG00000163293.11,NIPAL1,47914142,48040173,6.688027990681855,5300,4367.12,234.907,1.21189,GGGTGCGTGTGGAGAGGCCCAGGTGAGGAGCAAGCGCCCGCGTTCCGGAAGCCCGCTCCCGGGGCC,5.518675779717512,2.464322130187421
2153,ENST00000264313.10,ENSG00000109171.14,SLAIN2,48341322,48426212,15.957703257193073,6299,5504.64,387.109,1.58441,AATCCCCGCCCCTCAAGCACCGGCCCCGCCCCATAGGCCCCGTCCGTGGCCCCGCCCCGCCGCGAGCTGGCGCCGGGTCCTCTCAGCGCCCGCCGGCGGCCGCGTCCACCCCCGACGCTCTGAGGTCACCGACTGGGCCGGCCCGCGGGGGGCGGAGGGACGGAGGGAAGATGGCGGCAGGGGCCGGATATTGGCGCCGCCTCCCCCAATCCCGGAGCCGGCGCAGATGAGGCAGTTCGGCTGGGGCCAGCGGCGCTTTGGAACCCGAGGTGGGGGGACCCTGGCGGTGGGGCCTGGTCCTGCTATATGCCGGCGCCTCGGCTAGAGTGAGCGGCGGCGACGCCTCTTTCCTCCGTCTCTTTCCCTGTCGCTGCGAGAGCGAGCGGGCGGCGGAGGCGGCGGCGGCGGCGGGGCCGGG,10.071700669140608,3.332235406809555
2155,ENST00000264312.11,ENSG00000109180.14,OCIAD1,48805212,48861817,255.50654734464027,1414,1023.66,723.786,15.93,TGCCTCCGGGTCGCGGTCATTTTGAGCCCCTGTCTGGATGACTTCTTGCGGCTGTTCTACCCCTCCCCCTCCCCGCGGTACCTTGCACTTTTCTCCCTCCCTGCCCCCTCTCGAGTCCACCCTCCGGGCCTTCTGCCCCTGATCGCTTGGTTTTCCTTGCAGTCGCCTGCTGCTGTCGTCGGGAGGAAAG,16.039331283404913,4.00354208866108
2156,ENST00000334635.9,ENSG00000109184.14,DCUN1D4,51843000,51916837,27.77849912757173,4312,3047.35,352.567,2.60664,GAGAGACGCAGCAGGGCGGCCCCTGAGCCGCGGTTTAGCCAATGGAGAAGGCGAGATGGGCGGGCTGGGAGTGCCCGGCGGCGGGTCCTCAGCTTCGAGCCGAGGTGCAGTGAGCTGGTGGGGGGACCGCGAGGCGAGCGCGGGAGCCTGGGCGGCGAGCCGGGTGTGAGCTGCCTGAAA,10.656822241495462,3.4137053997856412
2158,ENST00000337488.10,ENSG00000145216.15,FIP1L1,53377643,54298247,11.450246175580231,2198,1904.48,226.1,2.67477,ATGCGCAGACGGACCTGCGCTGGAGGCTTCATCTTTGCCGCCGCTGCCGTCGCCTTCCTGGGATTGGAGTCTCGAGCTTTCTTCGTTCGTTCGTCGGCGGGTTCGCGCCCTTCTCGCGCCTCGGGGCTGCGAGGCTGGGGAAGGGGTTGGAGGGGGCTGTTGATCGCCGCGTTTAAGTTGCGCTCGGGGCGGCC,4.280833931732534,2.0978918695191724
2161,ENST00000264228.8,ENSG00000128039.10,SRD5A3,55346109,55373096,34.06541565348078,4190,3967.12,284.515,1.61582,ATGCCCAGATTAGGGACTGCGAGCGACCACCCAGCGCCAGCGCGACCAGGACCAAGGACCTCCGCGGCTGAGCGGCGAGTCCGGGAGGGGCTCTGCGCGTCCCCGCCCCGCGCCGCGTCACCGACGTCCCGCTAGGCTGAGACCGGTGCGCCGCGCGCTAGTGGCCGCTCTTCCGCGGGCTAGCGGGCGGTGGGGGCGCCAGCAGCGCGGAAGGCGGGCACGCGGGCC,21.08243223470484,4.397969412077283
2162,ENST00000381334.9,ENSG00000134851.12,TMEM165,55395957,55453397,81.18844386251907,1928,1586.82,609.475,8.65346,GACTCCAGTTTAGCCGCCGCCGGAGAGGACGGGCGCCGAGCCGGGGCTGCGGACTTCGGCCTGCCCCTCACCTCACTCCCGCTGCTTGCACCTCCCGGATGGTGCTGACTGCTCCCTAAGCGGCGGCGGCGGCGAGTCGTGAGGACGCGCCGCGGAGGCTGTTCGGGGTCGAGGCTTCCCGTCGCCGGCACTTCCTCTTGCGGCGCCCGTGCGCGGCCGGCCCGGCAGGCGGG,9.38219438958741,3.229925392327016
2163,ENST00000381295.6,ENSG00000090989.17,EXOC1,55853616,55905034,16.478511563846972,3551,2749.76,305.902,2.5064,CTTCCTTCTCTACGCGGTCAACTTCCGGCGCGGAGTTTGTCACGTGCCCGGATATAGGAAGTGTTGGGGGAACGGCCGCTTCCCGTTCAACGCTTTATTGAGGGGCGTATCCTAGTGGCCCCCATCCGGTCTCCGTTTTGGAAGACCCGCCTCGGCACAGCCAGGCTCAGTCCGGCCTTGCGGTAAGCCTTCGGCCGCGGCTGCCCGGTAGTCCCGGCGGCGGCGGACAGACGAGCTGACAGGCACCAGGGTCTAAGGCGGCTCCTCAGTCCGGCTGCTGTCTCCACGCCTGGGGTCGGGCACCGCTCCTTCTGACCTTCCTTTCCCCGTTTGTCCCGCTGAGAAAAG,6.5745737168237195,2.716897355764389
2164,ENST00000257287.4,ENSG00000174799.10,CEP135,55948871,56033363,8.468977876952254,5562,4072.39,547.736,3.03029,GACGGAAGGAGCTAGTGGGGGACTCGAGGCCTGAGGGCAATGCGGCTGGAGGCGGAGGCAACGGCGGCTGGAGCTGCCGGACTTTAATTTTTGGAAGTGAATAAAACTTGTTTTAGAAGACGAG,2.7947747169255264,1.4827319940260713
2165,ENST00000342756.9,ENSG00000174780.15,SRP72,56466915,56503680,55.90891606569616,3983,3724.85,1321.09,7.99071,GCTAAGTAACTTGTTTATTGTCAGACATCTAGTGAGTCGCAGAGCCAGGGAACTGACCACGGGCATTTTCACCCCATTACCCTTCCAGCTTATTGCCGACTGCTCCCGAAGGGAGCGAAAAGGACAGGCAAAGGGTTTCACCAAACCCTTTGTAATGGGAGATTCTTGCCTTCTTACCTTTCCTCACGTTTGCTTCTCTGCCAGAATGTCTTCCCGCACTTTCCCCAGAACCCAAGTTCTCCTAATCATCTTTCAAGATCCCTTTCCCTCAACCACAGATGAGCCGTGCCTATTTCTCCTTCAAATGACTCCCTATGGCTTCTAGTTGGTAGTCTTTTATTTACCACCTCATAGTCCTTTTATTTATATCCCATAAATGATCGTCCGGCCCCGCACCGTGGGACCAGGACGCTGCCTCGACCATGGCGGTCTCCTGGAAACAGGCTGCTTTGAGCCGAAACTGGTGACCGTTTCCCAACCCCGTCCAGGAGTCCGACGCCTCTTTTCTCCAGGCCAACTTCAAGTGAGGTGTATCAACTCTATCCGCACAAATTTCTTGCCACGAGAGCAGAAGATTATGATCTCTGATGCTGCCTTAGGGCTGAAGACACTCCCAACTCGGCGACGCTTAGCAATCATCGACTTCCTCCTCCTCTTGGCTGCCTCGGAGATCCTGTTCCGGGGCAGAGGTCTCCCCGCCCCGCCCCTCGTCTCCTCCAAG,6.996739471923791,2.8066827729787778
2166,ENST00000309042.11,ENSG00000084093.15,REST,56907876,56935844,14.873450763612292,7300,6209.15,350.871,1.27314,GCAGCGTCCTGTGTTGGAATGTGCGGCTGCCGCGAGCTCGCGGCGCAGCAGCGGAGCGAGCGCCGCCGAGGCCCGGGGCCCCAGACCCTGGCGGCGGCTGCCGCAGCCGAGACGGCAGGGCGAGGCCCGGAGGCCTGAGCACCCTCTGCAGCCCCACTCCTGGGCCTTCTTGGTCCACGACGGCCCCAGCACCCAACTTTACCACCCTCCCCCACCTCTCCCCCGAAACTCCAGCAACAAAGAAAAGTAGTCGGAGAAGGAGCGGCGACTCAGGGTCGCCCGCCCCTCCTCACCGAGGAAGGCCGAATACAGTT,11.682494276837026,3.546276425325182
2167,ENST00000381227.5,ENSG00000047315.14,POLR2B,56977722,57031168,101.04040634815662,4108,3721.89,356.09,2.15555,ACTGAGAACCTACTTAAAGCTATGGCAAAGGCACTGGAGGATTGAGCTAGGTGGGCAGAAAAGAGCAGTGTCGTTATTTGTGCAACAACATTGAAAAACAAGCAGAAATAAAACATTGACGGAACGGATACGACCGCAGATTGCGGGAGCTGTCCTCTCAATCAGCCCGGCAGCGGCGGCCCACAATTTACGCGTGTGCAACCCTAACCCCGGCCCAAGCTTGACCTACAATTTGCGCAGGCGCAGATCCTAACTTTGGCGTCCCTGTGGGCGGCCTTTGGTGTGAGACGCGTGGTATTCTGGGAACGTCGGAGACGGAAGTTACTTCGTCTTTAGCTCCTGGCGCTGCTGGCTTCTGGGCGGTTTTTGTCTTTTGATTTCAAGAGTTAGGAGCTCGAGAACCGTTTGGCAAT,46.87453612681526,5.550732508458346
2168,ENST00000254803.3,ENSG00000132467.3,UTP3,70688479,70690551,87.9781700370409,2073,1824.57,716.0,8.84124,AATCGTACGCCACGCGGAGAGCATGCTGGGGGCCGGAAGGAAGAGGAAATTCCAGTAGCCGATCAGGAGTCTGCAAACTCCGGTGGTAGGGGAGCGCGCTGCTGTTTAGAGCCACGAGTTACCGGAGCGCCTGATTCCTGCGCCGAAGTCAGTGGTGGCCGAAAGTCCGGAGTCGCTGTAAAACCTGAGATTGTGAGCC,9.950885852780932,3.314824963699126
2169,ENST00000381006.7,ENSG00000018189.12,RUFY3,70704204,70807315,8.217069149260068,3098,2855.38,194.118,1.53167,CTGCTTACTGCGCACGGCCAATCCTATGAGAACTCAGCATCCCAGCTCATCTGAGCAGATCCTGGAAGTGATTTCTGCAGCTCAGGATTTTTTTTTTAAGCTACATTGAAAATATAGGTTTATTTTTTGTTCAGGTTTTTCTTTTATATTTTTTTTCTGCACAAAGGAGGAGGATTTTTCACTTACTCATATCGAGGCCAGATTTTTAAAGCCAGCTAAGGCAGCATCAGCTGTGCGGGATTTAAAGCCTATAGCTCAGCTGAAAAAAAAGGTGGGGGGCAGGGAAGGGAAGATAAAAGGAGAGGAAGCTGGGAGAAGACAAGCATCATCTTATTTTGCTATGTGGTAGGAACTGTCTATAAGATAGTGTAGAATTGTTTATCTTGAGCAGTTTGTTCTTAACCTATAAGGTATTTTTCCTTTTTTTTTTTTTTAAACCTCCCCCACCCTTTTCCTGAAAGCTTTGTTTCAGAGCTTTGTATTGGGTTTTTTTGGTGAGGAGGTTGTATTTATTTTTTTGGTGTGTGTGTGTGAGTGTGTGTGTGTCTGTGTGTGTGTTGTGGTCCCAGCTGAGTCATC,5.364777758433649,2.423518407058831
2170,ENST00000309395.6,ENSG00000173542.8,MOB1B,70902326,71030914,33.9842120914913,6963,4832.39,451.875,2.10677,GAGCGCTACCCACTTCCGCCCCCTCCCCCTGCCATTGGAACTAGCTGAGCCGAACTAGTTGCGGCCACCGAGCAGCCGGCTCTCGGCACCTCCTCCTCCGCCTCCCTGTCTCCTGTTCCATTCGCCTTTCCTCTTCTTTCCTGGCCCACGCCGCTCCGAGGCCTCGCGACCGCCGAGCCTGCAGCCTGCCCCGCGGCCAAC,16.130955012408236,4.0117599488105125
2171,ENST00000307407.7,ENSG00000169429.10,CXCL8,73740506,73743716,8.472094390410904,1705,1047.08,148.0,3.18452,GAGGGTGCATAAGTTCTCTAGTAGGGTGATGATATAAAAAGCCACCGGAGCACTCCATAAGGCACAAACTTTCAGAGACAGCAGAGCACACAAGCTTCTAGGACAAGAGCCAGGAAGAAACCACCGGAAGGAACCATCTCACTGTGTGTAAAC,2.6603991780271135,1.41164273029537
2172,ENST00000307428.7,ENSG00000169116.11,PARM1,74933095,75050115,16.979265553435866,5011,5508.91,638.544,2.61148,AGAAGAGCGCGGAGCACCGGAGGGCACGCAGCTGACGGAGCTGCGCTGCGTTCGCCTCGTTTGCCTCGCGCCCTCCACTGGAGCTGTTCGCGCCTCCCGGCTCCCACCGCAGCCCACCCGGCAGAGGAGTCGCTACCAGCGCCCAGTGCGCTCTGTCAGTCCGCAAACTCCTTGCCGCCCGCCCCGGGCTGGGCACCAAATACCAGGCTACC,6.501778896807889,2.7008344957541217
2173,ENST00000311638.7,ENSG00000174796.12,THAP6,75513946,75550473,10.502616346320416,3549,2594.99,258.839,2.24728,AGACGCAGTCTCCGTCGTTGACGTTAGTCGCAGTCTTCGCTGCTAACGTTTTGTTATGAGTTGCTAAA,4.673479204336093,2.2244969743466885
2174,ENST00000514213.6,ENSG00000138768.14,USO1,75724593,75814286,38.43279550324733,4034,3049.45,1569.49,11.5957,CTTCGAGCCGCCACGTAATGCCACGTCCCCGCGCATGCGCATCTTGGCCGCTGCTGGCGGCTGTTTCCGGGCTTAGAGGGCTGGAGTGGCCGCCGAGTTGGAGGCGGTGGTGGCAGCAGTAGGAGTGTGTAGAGTGCGGGATTGGGGCCCAGGCCCTGCGGAGGGCGGGGGAAGTTGTCTTCTTTTTTTTCCGGAGGGGCCGGTAAACCTGGTGGCTGAACGGCAAG,3.3144006401724195,1.7287480040845626
2175,ENST00000296043.6,ENSG00000138771.14,SHROOM3,76435100,76783253,4.069890584429668,11020,13701.7,750.857,1.23466,GTTATTAACTGTAAGACTGTTTGAATTGTCAGGTCTTTGTGGTGAGCTGAATTCTGCATGGCAGTGCTTACTGTGCAGAAAGGTTGCAATGCCTCACTTTGCCTTAATCCATGTTCCTCTAACTTCCTTACTCTTTCTCTCAAGAGGAGGCAAGTGGCTGTGGCGGCCGCAGCAGTGGCTGATCATCACTGAAAATACCAAAGAAAAGAACTGAGCTGCCTCCTTCATATTTTTTCCATTGAGGATTAATTTACCGTGCTTTTTCATTTTCTCTACATCCTGCAAAAGTTTTTTTCTCTCCTAAGAAACAAACTATGAACTGATTGTTGAAAAAAAGAAGTAAAAAGTTTTAGCACAGCTTCTCTGTCTCTTCGGGACAAGTTAGAAAATTCTGAAGTGAGCCGAAGCATAGTAAGTGCTTTCTTTCTTTTTAAGCTACTTCTGGGGAGGGAGGAGGCTATTGTAATGGTAAATTTCACTCCGAGAGGAAGAAAGGGTTGATAATCAATCAAAAATGAGGTATTCCTTTGAGTATTTGTGATTTTCTTACTATATTGTAAGATGCTTTTAATTTTCTCTGTAAAATAGGCAGAAATGGTTTTAGTGTGTGTATGTGTGAAATAAAAGCTCAGAAAAGCAATCTTCAGAGCGCCACTGAAGGAAGTTTTGACGAACGGAGTAGAGATGTATACCACTTGGGGGCTTCAGTGAGAACCCAGAATTCCTGGAGGAGGATTTACATTCAGAAATGTTGAAGTGAAAATTCCTTCTGGTTCAGCATCTTGGAGTTCAGCTTGGAAGAACATTTTACGTATGGAAGAATTTGCTTCTCCAAACCTCTCTTTTGGCCATTGTGTGTCCTGAAGGATGGGACAACTTGTGCTGTAGAAGCACTGCTTGCCTGAGTTTGCTTCAGGCATTTTAAATTTAACTTGAGGGATCATGTGTTTGGC,3.2963654645243774,1.7208762014494758
2176,ENST00000264893.10,ENSG00000138758.11,SEPT11,76949703,77040384,194.75479614905277,5593,5101.78,2923.37,12.9099,CGGGTGGCCATGTTGCTCTAATAAAGCGGGAGGGGCGGCGGCGTGGGGGGAGCAGATGCCGCTGGCTGCCAGCGGGACGCCGGCGAGCAGAGCGCAGCCGCGAGGGAGGCGCGAGGGAGGCGAGCCGGAGCCCGAGCACTAGCAGCAGCCGGAGTCGGCGTAAAGCACCCGGGCGCAGCCGGAGCCGGTGCCGCAGCTGCG,15.08569362652327,3.915109126707712
2177,ENST00000315567.12,ENSG00000169288.17,MRPL1,77862520,77952790,43.153807845590464,1490,1059.56,299.952,6.37808,GTCGCTCTGAGTACACTTGCAGGATCAAAAAAGAAAAAGAATAAGAAGGAAGGATTAAAATAATCACAGCATCGCCAACAGGATCGTATTTTCCCGAAGGTGGTTAACCAGCCATACCGGAACCACGAAACACACAGGGTCCTGGGCAACACGGAGGACTAACAGTAACACCGCCACGCCGGCAGCAAAGCTCATTTTGGTCCCCGCCCCGTTCCTCTTTCTCTTTTTAACTCCTTCCCTCTTTGCGGATTCTAGAACGGAACCTTTTTTTAATTCTTCCCAGTAGAAACGTAGGAACAATTTCGTGAACGCAATCCGGAGTGCCCAAC,6.7659558747445105,2.758293768397811
2178,ENST00000512123.3,ENSG00000138759.17,FRAS1,78057570,78544269,5.043745227039168,15624,18621.0,833.328,1.00826,AACTTTAAAAAGCTGCTTCGGACAAACCAGAGCCAGGATTTCCACTGTCGGGGACCCGGGATCGGAAGGGTCTAGCCCGAGGGAAATGCTGGAAGATCCCATCGGCCAGTGACCAGCAACTTTCCGGCGAGATTTTGACGCGGAGAACTGTGCTCTGCCTCCTCTTATTCTCCCAAAGCTCACGTTGGCGTCCTGCCTTGCGGGGGAACTCGGCGCGCTCTCTGCCTGAGCAGCGAGTGAATTGAACCCCAGCCCGCTCCGGCGCCTCCGGGCTGATGAGTGTCGCTCTCCGCCCGTCCATCTCTTTTTCCCGGAGGTAAAGGCCCGCGGTCCCCCACCTTCAGTGCGCCCGGGTTCCAAGCGCCGGAGCCAGCGTTTTGGCGGAGCCGCTTCTTGGATGCTGAAGGCTGGGCTCCTCCATCGTGGGTGCCGAGGCGGCG,5.002425194929055,2.3226276885754356
2179,ENST00000264908.10,ENSG00000138772.12,ANXA3,78551519,78610451,11.024682253313696,1657,1491.73,141.041,2.13019,ATTGCAGTACATTTGAGAAAGTAAAGGTGTAGTGGAAACCGAGAGCGAAATGAGGGCGTAGGGAGAAAAGGGTGGGGAAGCTTAGAGACCGGTGAGGGAGCAGAGCTGGGGCGCCTGTGTACAGGGATAGAGCCCGGCGGCAGCAGGGCGCGGCTTCCCTTTCCCGGGGCCTGGGGCCGCAATCAGGTGGAGTCGAGAGGCCGGAGGAGGGGCAGGAGGAAGGGGTGCGGTCGCGATCCGGACCCGGAGCCAGCGCGGAGCACCTGCGCCCGCGGCTGACACCTTCGCTCGCAGTTTGTTCGCAGTTTACTCGCACACCAGTTTCCCCCACCGCGCTTTGGATTAGTGTGATCTCAGCTCAAGGCAAAGGTGGGATATC,5.17544550172224,2.3716830549717356
2180,ENST00000273920.7,ENSG00000145293.15,ENOPH1,82430562,82461091,67.08449715056807,2025,1777.55,465.519,5.90035,AAGGGCCGCCCCTTTTCCTGCCCACGTGGTCTCGGGCTCCTGCCCCGTCCTGCTCACGAGTTCAGGGCTCCTGGGCGGCCGCCTTTTCCAGTTCCAGGTGTGCAGAAGTGTCCTCTCCCCACGCGCGGCGGGCTGCACTTGGTCGCTGGCTCCGAGATCGCGCGGGGCCGCCGGAAGCCCAAGACGGTACCGGGGGCCGCAGCCGCAGCCGGCGCCGCCCTCCGCCCTCCCCAACAGCAGGCCGAGTCCCGTAGCATCCGGTAGGGAA,11.369579287765651,3.507106965592127
2181,ENST00000264389.6,ENSG00000138663.8,COPS4,83034447,83075818,126.3522378433782,1744,1290.65,610.711,10.6608,ACACCCGACGCTCTGGCCCACACAGACGCTACTCTGTAGCATCTCAGGTTCCCTCTGGCTGCACTCTGGAGGACCACACTCGTTTTCTTTTTGGCTGCCAGAGGCCCCCGCATCCACCGCTGAGCTGGGAGAAAG,11.852040920322885,3.567063607352603
2182,ENST00000295491.8,ENSG00000163319.10,MRPS18C,83455932,83469735,85.13283833438594,1643,1218.26,435.012,8.04498,AGCGTTCTCCTGCGGAACCTTTGAACGGGGTACTCGAGCCCACAGGGGAAGAGCAGCGGAAGGGGCCTTTCGGAACGATTTGGAACGAAAGGAAGTGGAAGAAACGCGGAACC,10.582106895776736,3.4035549912878778
2184,ENST00000295887.5,ENSG00000163624.5,CDS1,84582979,84651338,14.944563642400668,4461,3900.32,547.0,3.15972,GCGGGGCGGGAGGGGCCTGCGCGGCGGCGGGAGCCCAGAGCCGCGCTAAAGCGGGTCAAGCGTCCTCCTTTTCTCCCCGCCCCTTCTCCTCCTCCTACCTGGGCCTCTGCGTGGAGACGCGCACCTGGCAACCGGAGGCCGCGTCTCCGCCTTCTCTGCTCGCGCCTGGCGCCCGGAGCCTGCCCGGGACCTCCGCCGGAGCCGCGCTCGCTGCAGGCGGCCTCGAGCGCTCTCTCGTTGATGCCGTTTTGGAGGTGACCGGCGCGGCGGCCGCTCTATGGTGGGGCCGCGTTAGTGGCTGCGGCTCCGCGGGACTCCAGGGCGCGGCTGCGAGGTGGCGGGGCGCCCCGCCTGCAGAACCCTGCTTGCAGCTCAGGTTTCGGGGTGCTTGAGGAGGCCGCCACGGCAGCGCGGGAGCGGAAG,4.729711380249094,2.241752149106382
2186,ENST00000411767.6,ENSG00000163629.12,PTPN13,86594315,86815171,8.333138635518536,8119,7531.89,1267.93,3.79274,CGTCCCTGCAGCCCTCGCCCGGCGCTCCAGTAGCAGGACCCGGTCTCGGGACCAGCCGGTAAT,2.19712889244149,1.1356195065530317
2187,ENST00000395146.8,ENSG00000172493.20,AFF1,86935002,87141054,15.848956251554071,9285,9847.8,872.532,1.9962,GAGCTTGCCAGCCAGCTAGCGAGCGACGGGCGCGCGCGGCCCCTGCGCACTCGGCCGCCGCCTGCGCGCGTTGCGGCCGCAGCTGCACCTTTGCCTCCGCGGTTCCGCAGCCGAGCCCCGGGAGGAGGCGCTCCCCTGCGTCGTCCGCACTTGCGCCCTTTCCCACCGCAACAGGTCAGGGGAGGGCGGAGGTGACGAGGGCGCCCGACCCGGGACTAGAGGACGGAAGGGTCTGGAAGATGAACAGACTAGCCACTTTGCATTGACTGGAAACA,7.939563296039511,2.989059656239169
2188,ENST00000302174.8,ENSG00000170502.12,NUDT9,87422582,87459454,28.19857346786489,1701,1694.17,116.157,1.54472,CCGTAAAGCGCCATTACGCAGAGAGAAAGTTACGAGGTTCGTGGCCGCGGTTTCCCCAGGCAGCTGGCGCTGGAGGCTTCGGCGTCACGTGCTGGTCTGGATTTTTCTCGATGCACTGGGGAAAGCGGTGGACTCTTATCGTGGGAGGGCTCTTGATCTGTGATTTATAGATAGGCACAGCTACTCCCGTTCGGGAACCCAACGGCAGACAGGTCCTAGTGCCCATCAGATACCCGCGGCCGGGACTCGGAGCTGTGGGGTGTGGGGAGGCGGAGGCACCAACTAAGAGCGACCTAGCATCGCAAAGCCGCCCTCGGGGCGCTC,18.254812178171377,4.190204920000083
2189,ENST00000237596.6,ENSG00000118762.7,PKD2,88007668,88077777,3.010251697797335,5056,4623.38,241.901,1.1788,GGCTCCTGAGGCGCACAGCGCCGAGCGCGGCGCCGCGCACCCGCGCGCCGGACGCCAGTGACCGCG,2.553657700879992,1.352565155291685
2190,ENST00000264346.11,ENSG00000138642.14,HERC6,88378739,88443111,9.705849739243169,3779,3780.03,224.852,1.34018,GGAGCCTGTCGCAGCGGGACCGACGGAATCCGGAGCAGGCGACAGGGCGCAGAAGCGGG,7.2421986145466795,2.8564277427202462
2191,ENST00000264350.7,ENSG00000138646.8,HERC5,88457117,88506163,21.620977601194184,3513,3057.28,520.448,3.83535,TCAGTAGCTGAGGCTGCGGTTCCCCGACGCCACGCAGCTGCGCGCAGCTGGTTCCCGCTCTGCAGCGCAACGCCTGAGGCAGTGGGCGCGCTCAGTCCCGGGACCAGGCGTTCTCTCCTCTCGCCTCTGGGCCTGGGACCCCGCAAAGCGGCG,5.637289322016031,2.495001612667414
2192,ENST00000603357.2,ENSG00000180346.3,TIGD2,89111500,89114899,10.596647731634157,3217,2683.98,184.0,1.54455,ACAACGTTCTGCGGGGGCGCGCGCGTGCTCTCTAATCCCCCGCCTTCCGGCTCCGGCGGCGACGCTCGTCCCTCTCCGCTCGTCCCTCGCCGCTGCCGGGCCACCAGTGCCAGCCTGCCTCAGGAGACTCCATTTGCGCTTAGTGTGGTCTGGGCGCCGCGCAGGCGGTCCCAGGGCGATGCCCGGGGCCGGCGGACTGGCGTTCCCTGTGCCAAGCGGCCGCCCGCTGGCTGGCTGGCTGCAGCAGTGACATCCTGGTCGCCGGCGTCCAGGCGGAATCCGGGCTCCCTCCGCGGGAGGAAAGACGTCCCGCGCTCTGAAGCTCGCCCAGCGGGGAGAGGCCCTCGCTAACACGGCTTCTCCCTGACCTCTTAATTTCAGGAGGTTTCGGAGCCTCCGAGTATCTCTACAGCCCCCACAGGAACTGCTTCTGTTGGTCCATCGAGGATCGTCTTTCACCAGGATTATTGTAACATCATCTTCACCGAGCCTGCCACCCCATAGCCTCTACCTTGGGTCCTCATTTCCACCGATGCAGTTTTTTTGATGCTTTCTTTAGTAATGTGACATCACATGTCCACTATCCTCCTTTCCAGCTGCCAAATCTAGTAGGTTTAAGTCGCTTTTAAAGTAGAGTTTTCTGCCTGTTCCACTTTCACCTTATTTGCACTGTTCACTTCTGTCCGGGTCATCTTCTCTTGCGTATGATTTCCACAAGCACTCACTTGCGCAACCTATAGCAGAGTCCGTGCCTAGAGAGACAGCATTCCATACAATCCACTGCTTGACAAAGACCACATAGTCAGAGGGTGAGTTTTCCCATTGTATTTTCCTGTATGTCAAGTTTGCAAGTCCTCTCTTGACTTAAACTGTTTACTCCCTAGCACATTTCCTAAAATACTTCCACCTGAGATTTAGTGGCTATTCTGGCAAAGAACATTACCTGCAAGGATGGCAAGAATTGAGTATGCAATAGTACTGTTTTAGAAGCCTTACCAGTACAGTTTCTAGCCTCTAGTGTGATTGCACTTCATGAAAGACCCTGAACCCTGAGGAGGAAGAAAGATAGAAGATAAGAGTTAATTGGCGCTAGGCTTTGTTGTAGGAAGTTTGTAAGTTTTAAAATAGCAAGTAGATTCACGTAGACCTTGTCAGGAAATTGGTCACTATCCATCTAGGCCCTAGAAGTGAGAGGAGGAATCTTACGAACTCATTTTCTAGTTGCTTTGTATTCAAATCTTAGTTGTTAATTATCTTGTTCTAGTAATCACCTAAAATATTAGACACTTAAA,6.860669924336639,2.7783494582244614
2194,ENST00000354268.8,ENSG00000163104.17,SMARCAD1,94207611,94291292,14.85469362887904,4912,3434.94,519.853,3.40975,GGGAACGTGCCTGCGCGTGCTTGGATAGTTCATTTAAAGCCCCCATCCCTGCAAGGTGGTGCTTTCTACCAAT,4.35653453446119,2.123180979514922
2195,ENST00000317968.8,ENSG00000163110.14,PDLIM5,94451857,94668227,59.348991952505855,6083,5463.69,1141.22,4.70591,GTTCCCGCGGGCGGTGGGGACGGCGCCCTCACCGCGAGTCACTTGTCAGCCCTTGTCTGAGGCGGAGGCAGCCCCGCGCCGCGCCGGACCCGAGCATATTTCATTTTCTGTCATTGGACTTTGAGCCATTAGAACC,12.61158669683565,3.6566778912236035
2196,ENST00000408927.7,ENSG00000138698.14,RAP1GDS1,98261384,98443861,24.13258747643441,3681,2932.03,288.152,2.21419,GGGTCCCTCCCTGGCTGCGGGAGAGACGGAGGTAGAGGGAGGACACAGAGCCGCGCCGCCCGCACCACAGACCTTCGCCTCGCCCCGCCGGTTCCTCACCCTCGGGGAGCAAC,10.899059013198691,3.4461316780002544
2197,ENST00000296411.10,ENSG00000164024.11,METAP1,98995620,99062813,66.87164193341916,2791,2411.3,928.672,8.67706,CTCCCGCGCCCAGGCCAGCGGCGGGCCCAGCTCCTCCCCCGACTCGGTCTCTCTCCCCTCCCCTCCGCCCGGCAGTTCCTCCCTCCCGCCGCCGCCTCTTCCTCGGTGAGGCGCTCTTCCAGCGGGCAGGCAGC,7.706716553005182,2.9461163307427194
2198,ENST00000226574.8,ENSG00000109320.11,NFKB1,102501329,102617302,3.9872359281586,4085,4301.66,247.412,1.29583,GTGAGAGAGTGAGCGAGACAGAAAGAGAGAGAAGTGCACCAGCGAGCCGGGGCAGGAAGAGGAGGTTTCGCCACCGGAGCGGCCCGGCGACGCGCTGACAGCTTCCCCTGCCCTTCCCGTCGGTCGGGCCGCCAGCCGCCGCAGCCCTCGGCCTGCACGCAGCCACCGGCCCCGCTCCCGGAGCCCAGCGCCGCCGAGGCCGCAGCCGCCCGGCCAGTAAGGCGGCGCCGCCGCCCGGCCACCGCGCGCCCTGCGCTTCCCTCCGCCCGCGCTGCGGCCATGGCGCGGCGCTGACTGGCCTGGCCCGGCCCCGCCGCGCTCCCGCTCGCCCCGACCCGCACTCGGGCCCGCCCGGGCTCCGGCCTGCCGCCGCCTCTTCCTTCTCCAGCCGGCAGGCCCGCGCCGCTTAGGAGGGAGAGCCCACCCGCGCCAGGAGGCCGAACGCGGACTCGCCACCCGGCTTCAGA,3.076974547709653,1.6215125099551972
2199,ENST00000273986.8,ENSG00000145354.9,CISD2,102868978,102889242,78.47161214385946,2327,1825.13,876.369,10.8182,AGGCCGAGGCCGCCAGTGCCCGCCGGCCGCTTCCGCTCCCGGCGCAGGCGCGGCAGCTTGGCCAGAGCGGAGGGGGCTCGGGAGAGGAGTGGACGCCGCTGGCCAGG,7.2536662424303,2.8587103651774806
2200,ENST00000515279.5,ENSG00000138780.14,GSTCD,105708778,105847728,13.042602223525169,4273,3611.61,456.543,2.84802,ATGACGGCCGGCGCGAGTATTTTCCACATAAGGTGGCTGTCGTTTTTCTCCTGGCGTCTGTGGAGGCGAGTGGTCTGCGGGCAGCAGCTCCCAGAGGCAGCCTTGGAATTCCAGCTCGGACTGGGCGGGAAGGCGCAGGCGGCCCAGGTCGCCGACACGCTCACGCACCCTCCCTGCCTGGCCGCGCCTCTGCGACCAGGTGACCCAATGAAAGAAGAAA,4.579533227830271,2.195200558101211
2201,ENST00000379987.6,ENSG00000168743.12,NPNT,105894775,106004027,20.250574331586403,4598,4609.41,584.238,2.85566,AGCTAGAAGGGAGCGGGAGGGGGCTCCGGGCGCCGCGCAGCAGACCTGCTCCGGCCGCGCGCCTCGCCGCTGTCCTCCGGGAGCGGCAGCAGTAGCCCGGGCGGCGAGGGCTGGGGGTTCCTCGAGACTCTCAGAGGGGCGCCTCCCATCGGCGCCCACCACCCCAACCTGTTCCTCGCGCGCCACTGCGCTGCGCCCCAGGACCCGCTGCCCAAC,7.091381443024171,2.8260667003651365
2202,ENST00000394701.4,ENSG00000164022.16,AIMP1,106315544,106349226,111.25637919171676,2586,1856.86,1014.29,12.3069,GTCCTTTCTCACTGCTATAGTACGCGGGTGGCTGGACCTAC,9.040162769805292,3.1763487488657765
2203,ENST00000394684.8,ENSG00000164023.14,SGMS2,107824563,107915047,26.52907118425706,6149,4743.77,575.515,2.73335,AGATTGATCTCTGTTGCCGCTCAGGGAGGTCAGCTCCAGGCCCTCAGCCTTTCGGCCGGGAGCCAAACTGCCCTGCCTGCCAAGCCCCTCCTTCTCTGCACCTTAAACAGCCGCGAGGGGAGAGTCGGCTGGGATTTTCTTCTTAAGAAGTCGCGCAGGTTTTTCGAGCTCCACTCTGCGCCAGGAGAGCCACGGCAGCAGGAACGGGCACTGCTGCCACCGGGCCGACGGAGCTGCATCCTGTGGCCCTATAACACTCTTCTCCAAAAGGACCTGCCAGAGACTGGGAGTGTTGACTGCTGCAAGGACCAAGGTGGGATAGTAACATCTTTTTGAGGGAAGAATTGGCTTCCTTTCTTGAAAGTGGTGAAGGTACAGCATATAGCTGCATGGAAGAAACAGTAATCGGATGGCTACCTTCTACATTTTGTATTAGGAAACAAAGTCCATTGTAAGAGTCCATGTTGATCTTGGAAATAGAAGGATTGAAAAAAGCTAAATTTCCACAAAGAACAAGAACTTGACCATCTCCTTTTTGATCTGAAGACTAGGGGACA,9.705698569249112,3.278832054888599
2204,ENST00000309522.7,ENSG00000138796.15,HADH,107989714,108035175,119.28012715992628,1912,1746.49,664.314,8.56977,CCCCGCCTTGTGGCGTCACGGGGACGCCGGGGGCGCGCGGGCTGCAGGGCCGCGTAGGTCCCCGCCCCCAGAGTCTGGCTTTCCGCGGCTGCCCGCCTCGCGCGTCTTCCCTGCCCGGGTCTCCTCGCTGTCGCCGCCGCTGCCACACC,13.918708105343116,3.798953405462731
2205,ENST00000394667.7,ENSG00000109475.16,RPL34,108620566,108630412,259.968161528863,441,237.915,4616.9,437.211,CTTTTTTCTTCCTCTTCCGGGGACGTTGTCTGCAGGCACTCAGA,0.5946057201874221,-0.7499947526536925
2207,ENST00000265175.5,ENSG00000138802.11,SEC24B,109433772,109540896,11.577573756479111,5083,4796.62,373.587,1.75476,CCCTTCCCTCCGCCCACCTCCCTGAAGCGGAGCCGCCGTCGCCACCAGCGCCGTC,6.597810388018368,2.721987317430532
2208,ENST00000394650.6,ENSG00000005059.15,CCDC109B,109560205,109688726,45.47464497696377,2278,1799.95,610.039,7.63587,AGCCGCGGCGCGCTGAGCGAGCAGGCGGGGCGGGAGCGCCCACAGCTCGGAGCCACCAGGCGCTGACGAGGAGCCCGGCTGAGGGAGGATGCGCCGCTGACGCCTGCGGGAGCCGCGCGCCTGGGGCGGGAGG,5.955398006640209,2.5741979284115253
2209,ENST00000394631.7,ENSG00000109534.16,GAR1,109815510,109824740,21.857698991885204,1011,840.453,184.474,4.94521,CCGCTGTTATACGTCACTTCCACGGCTCAGCGTCAGGGAGGAGAGAGA,4.419973872067152,2.1440378413925982
2210,ENST00000265162.9,ENSG00000138792.9,ENPEP,110365733,110565285,13.184356781091653,6943,6047.4,344.839,1.28472,GTTTTATATTTAACTCGCTGCAGTGCAGGAGGGGTAGGGGTGGAGATGCGTCGTTTATAAGGGGAGCTGTGACAATCTTCTTGCCAGCCCTCTTCCTCCCACTCGGCTCCTCTTACGGAGTCCTCATTCCACCCCCCTTGTTTCCGCATTCATCCTGAGTGGCTGGTGGGAACGTGAAAAGGGAGAGGAAAAGGCGCAAGAAGCCAGAGAGAGGGGTGTGGGAAAAGCGAAAACAGGCTGCCAAATCAGGGGATTCCTTCCAATTTAAAAAGGAAGTCTGCTGACGTTAGTTAGTTAAATTTAACATCTTTTTATGTGTAACACTTGACTTTGGAAGCAAAA,10.26243600246875,3.3593013201344037
2211,ENST00000309733.5,ENSG00000174749.5,C4orf32,112145397,112195256,22.2139623730548,8901,7450.13,1414.87,4.27872,GAGCCAGTGACAGGAGGGGCCGGGCTGGTACTTCAGGCGCCCAGGCCGGCGGGGCGCGCTCCGGCGGCTCCTGTCAGCGGCGGGTGCGGCGGATCCCAGGGCAGCCTTCGGGCGGCGGCGCTGCCTGGTGCGTCGCGGCGTGGTCCTCCGGCGGCTGTCCGGGGCGGTAGGAGTTGGCTGCGGG,5.191730791698172,2.376215576797881
2212,ENST00000274000.9,ENSG00000138660.11,AP1AR,112231737,112270047,41.1164133385867,2902,2039.33,306.684,3.38818,AGGGTGCTCGGCTCGCGGGGACTGGCCTCCTTCGGCAGCTGGAGGCGGTCACTCACGCTGGGCTAGGAGCTGAGGCGAGAAGGGCCATGCGGACGGCGAGGGAGTCCAGAGCCTTGAGCCCGGTGCTCCTCCCTCGCGCAGCGGTGGCTCTGCGGCCGCTGGAGTAAACACTGCCTTTGTTCCCTAGCGCCTCGTCTTTCGTCGCCCCGTGCCCTCACGCCGCCGGGCTCTGGCCGGCCCGCCCTCGGTCCTTGAACCCCATTTCGGCTCGTGCCGTGCGGATGCAGCTGCCGGGCCTGGGTTTGGGCATTGAGCGGGAGGAGGAGGAGGAGCGGCGGCGCCTGGGCGGCATGCG,12.135250588394566,3.601131994798038
2215,ENST00000310836.10,ENSG00000174607.10,UGT8,114598455,114678224,42.46592617686433,4084,3802.6,637.302,3.77595,AAGCCAACCTCGCTCAGCGGACGACTGGCCGGATCCCAACGCGCTGCCCCTTGCCCAGCCTGCGAGCGCGTGGTACGAAGGCGCGTCTGCATCCATGCCCCAGCCCGGGGAGCTGGAGGCGCTCGCAGTCAGAGGCGAGTGATGCTAGGCTGAGCGCGTGGCGGCCCGTGTCGTGCCCCGCTGAGCCAAGTGCGGAAGGGCAGCGGCGCGCTCCGACTCTGCTCGCCGCACGCAGGGCGGGGCGCGGCTGGGGGGCGGGGGGCCTGGCCGCCCGCTGGGAGCTGCGGACGAGCAGGCGCGCTGAGGACCCGAGGGAGGACACGGTTAAAGCATTGCTATCAACTGTGAACCCAGAGAGCCCTCCTTAGCCAACACGCTAACTCCGAAGCCTCCCTTACGCCCCCGAACCACCGAAGGCGGCGACACCTGATTCAGCGCACAAACACAGGTCCCTTCTGTCCCGGATACAATTACGCGGCAGACACACACTCAAACTCGCGCGGGGCAGCCAAGAGACGAGCT,11.246421742042223,3.491394149114563
2216,ENST00000274030.10,ENSG00000145390.11,USP53,119212587,119295517,21.160299689579567,5936,4448.98,217.709,1.1025,CTGGGTATTGGGGCGTATGCGCATGCTCCGCTCACAGGGTCGGGCTCTGGGCGGCGGAGACCAGCCGCCTGTGCTCCAGTTCCCGGTGAGCCTCGGTACTGTGGCAGCAGTCAGTGTGTCTGGCGGGTGTCGGCGTGAAGCGGGGCTGGGCCAGCGGGAGGTAGCTCTGTGGGAGTGGAAGGCCTGTATTTCTCTACCTGGACCGCACGCTCCTCGCGCAAGGAGGGTAGAGCTCAAGTTCCGTGATGATGGTCTAAGCAAAGACCCTTCGTCCTGTTAAAGATAAATTAAAAAAAAAAAAAAAAAACCAAAGGGAACAAAACTTACTCTGCAAAAGTAATATATGATTTACCTGCTGTTGTCATAAGAATTCCAAATAGACAAACTCGGTATGCTTGGGATTTGCTTTACATTCTAAGTGGATTTGGAGAAGAGACAATAAAGAATAAGCAGTCAATTCTATAATATATTTAGAAGGAGAAAAGTGCCAAGGAGGAATGAAAAAGTAGAACAAGAGACAGCATCTTGCTGCCACCCAGGCTGGAGTGCAGTGGTGCAGTCTTAGCTTACTGCAGCCTCAAACTTCTGGGCTCAAGTAATCCTCCCGCCTCAGCTTCCTGAGTAGCTGAGATTACAGATTTGCTTTGAGGTCACATTGATATGAAATATGGAGTCACCTTTTATAACTTCACCTGGGAAAGAGAGAGAAAACTTTCTTGTTAAAAAAACATAAGGAAAACAAACAACCAAAGGAATCATGCCAAATGCCAACTCTACATCTTTTTGTATTATTAACATATTTTATGCATCAAGACAAATGGCTTATGCATTAAAGGGGATGATTCGTTCATCAGTATTTTTAGCCATTAAAAAAAATCGTTTTCATATTAACCTTATACAGCTCCCATAAAATTTAACACATATAAACATCTTTAACGCCTTGTTTAAAATAGCTTTCTTTTTTAGTGCTTAGAACTTCAATGTTTATGCACCCTATTGTTACTTGTCAGAGTCTTTAAGAGTTTATAACATCAGGAAAGATATGGACTTGGAAACTTACATTATTAAAATAGACTGCAGTGGATTTAATTGGACAATTCAAGACATCCATTTTATTGTCCAAAATATTACATAAAAGTGTACAGTTTTTAGCCTAAATGCAAACAAAGTTGCTTGAAA,19.19301559145539,4.262509499335735
2218,ENST00000243498.9,ENSG00000123737.12,EXOSC9,121801317,121817021,79.95848488296033,1481,1023.52,698.046,15.3657,GATGACGTAATTTTCCTGCGCCTCGGGGCGAGCAGCGGCGCGCAAGGAAAGATCGGGTTCCGTTTTTCCCGCGGATTCTGGTGCCTGTGGGGCCGGTGACCCAACACC,5.2036994658857285,2.379537643147852
2221,ENST00000274008.4,ENSG00000145375.7,SPATA5,122923074,123319450,11.833349652533771,8137,7427.38,507.143,1.53836,TTTTCTCTCAGTTGAAGCGCGCACATTGAGTCGGCTTTTCTACTGCTTCGGCTAGGGTACCTTGTGACC,7.692184958354203,2.943393452653407
2222,ENST00000335251.10,ENSG00000164066.12,INTU,127623271,127726737,4.899921013084069,13233,12012.7,962.261,1.80473,ACATGGCCTCTGCCCCTTCCCAAGCAGAGGCAACATGGCGGCCTTAGCAAGCTATAGCTGCGAGATTTGAATTACTCCACTCGTAGCTATTGCATTCCTGACG,2.7150438088157616,1.4409754769435732
2223,ENST00000296464.8,ENSG00000164070.11,HSPA4L,127781821,127840733,62.07535816829948,10790,8788.15,1069.94,2.743,TTTTCCAGATCTTTCTCGAACCCGCAGCTTCTTGGGCAGCCGTTGCCCGAGTGCTGACGGAAGCGGCCGAAGTCCGGGCCCGGAGCTGGCTCGGGCGCGGAGCGGAGGCTCGCGCGCCTCCCGGGCAGCCGAGCGCGCAGGCGCAGGTCCCAGTAACCGCCGGTTGGAGGCGGCCGAACCGCAGTAGGGAAAGACCCAGGCTGCGGGACGCGGTGCAGGCTGCGGCGCTGACGGCCTCTGCTCCTTCCGCGGGTTTCCGACTCCCTGCCCTAGATTTTCTGCTTAGCGACTTGGGGTCCCCTCTCGTTTGCTTCTGGTAGGAGTCGCAATCCCAGCAGCAATAGCCCAGAAGAGGACACGGTTCCCGTACCGAAGGGTTCAGTACCAGCAGCCCGACCATCACGCGGCGGG,22.63046232894622,4.500194153326224
2224,ENST00000270861.9,ENSG00000142731.10,PLK4,127880861,127899195,24.774833213064493,3841,3144.29,547.386,3.92223,AGCCTATCCGGAGCGATCCATCTCGTTACGTCACCACCAGCCTAGCTCGGACGGCAAGCGGCGGGAGATTTTCAAAATGGGAGCCCAGAGGCACCGCCCAGGCCTCGGAAGGTGTCAGGGAGAACTTTCCGTGGTTTCAGCGTCGTCGCCTGGAGCGGCGGTTTAGAGAGCCGAGCCTGATGGGCGCCAAGGCCGGCTGGCTGCTTGGAGCGCTGCCTCGAAGGGACTGCGTGAAGGAAGCTAATCCGGAGAACCCAGGCCAGAGCCTGGAAAT,6.316517188707571,2.659129302141158
2227,ENST00000394288.7,ENSG00000138709.17,LARP1B,128061268,128222931,9.319658131617896,2151,1786.16,259.285,3.27054,GCCTCCCCAACTCGGGTAAAGCTCCTCGGCCTCGGCGTGCTGCGCCTCCGCGGCTGCCCTGCGCCAGAATTCGGTTCCCTCAAAATTATAAAGGCAGGAAAGCTCAAGACAAAGAAATCCAACAAGGCTAGTGATTTCAGTGAT,2.8495777858145432,1.510748174914005
2228,ENST00000280614.3,ENSG00000151014.5,NOCT,139015789,139045939,24.30161561675333,1952,2237.02,208.095,2.09582,CCGACGCAGCGGTGTTGCACCTCCCTCTCCGGCTCTGCTGCCCGGGATTTCCCCAGAACCTGCGCCGCGCGAGAAGGAGCCTGGGAGCATCCGCCCACACTGCCCGGACAGTCGGCTCGACTCGGTGCCCTCGGCCCCAGCCGGGCTCCGCTCCTCGGGCGCGCGAGGGGCCGTGGTGGCGGCGGCGCCCGGC,11.595278037595468,3.5354655089765785
2229,ENST00000296543.9,ENSG00000164134.12,NAA15,139301455,139420033,101.55139789053575,6222,4923.15,2322.12,10.6268,GTGTTAGGAAGCGTGACCCGGGTGGGAAAACCCTCCGCGTCCGCCATTTTGGCTGCCTCTGTCGGTCTGTTCAGTTACCACGTGAACCGCCGACGGAGACCCGTAGTGGGGGAGGCGGCGGCAGCGTTAAGTGAGAAAGGAAAAAAGACAACGAGGAAAAAGGAGGTGTCCGGGTAGGGCAACGCGGCGACACCCGAGGCCTGGTGGTGGCGGCGGATCGAGATATTCAAGGCTGAAGCAGCTACGGAACGGCAGCGGCGGCGGTCGGACAAACTGACTGACCGAGCCGGGTGGTGGCGGGAGCAGCGGGAGCAGCCGGAACG,9.556159699113163,3.2564309637977433
2231,ENST00000305626.5,ENSG00000172007.5,RAB33B,139453232,139476609,14.051996450090554,4562,3759.07,190.118,1.13947,GCTTCCTCCAGAGGGCGGGAACCTTGGACGTGGCGGGGCTGGGTCAGTCAGGGCGCTGGGCCCAGCCTCTCTGCAGGCTGGCCTTCCGCGCTGCCGTGAAGCCCCCGACAGGTCCCACGCCTGCCTAGGTAGACCGGCGCCAGCCCGAGTGACGCCTGGCGTGTGGCCGCGGGCAGGCGGCTCCGTGCGGCGGGGCGGGCGGGTGCCACACCTGTGCGGGCAAGGGCGGGGCGGGAAGGTGCGCAGGCGCGCTCGGGGCTGGTGGGCGGTGGCTCCTGGGAAGTTGCGCAGCCGAACTGGCCGGCTGGGCGCGCGCTCTTGCGGTGGCGTAATCTCTCAGCCTTTCTGTGTCTCCTTTCCTCCGCCTCAGTTTGGGGCGGGTCGGGGGA,12.332045995147354,3.6243402703117154
2232,ENST00000265498.5,ENSG00000085871.8,MGST2,139665768,139740745,107.3081273569808,801,601.043,282.808,10.601,GCTGGCCGTGGGAGAGGCTTAAAACAAACGCCGGAAGCAACTCCCAGCCCCATAAAGATCTGTGACCGGCAGCCCCAGACCTGCCTGCCTTCCTGACTTCTGTTCCAGAGCAAAGGTCATTCAGCCGCTTGAATCAGCCTTTTCCCCCCACCCGGTCCCCAACTTTGTTTACCCGATAAGGAAGGTCAGCATTCAAAGTCAAGAAGCGCCATTTATCTTCCCGTGCGCTCTACAAATAGTTCCGTGAGAAAG,10.122453292800754,3.339487081008654
2233,ENST00000323570.7,ENSG00000179387.9,ELMOD2,140524158,140553770,96.89487575120944,4409,3020.24,972.047,7.25117,CTCGCTCCCTGACTTCCGGGTCGCGGTGCTTGAAGGGAGTGTTCCGTCGTTTCCGTTGCCGGCTGTTTGCAGTGGGGAAACCGAGGCAGCTCCTGCTCCCCCTAGTTCTTCCGCTCCTGTGAGGAAAAAAAA,13.362653992556986,3.740134668690428
2234,ENST00000262990.8,ENSG00000109445.10,ZNF330,141220887,141234697,69.69893609385781,1899,1534.2,373.544,5.48558,AAGGCGCTGCTGTCGTAAAAGGACGTCCGGTCCGTCTCCTAGTGTCCGGAATCGGCTGTCAGCCTCCCTGGCTGTTAGTACCTTCTTTCCCGGAGTCCTGGTCCACGAGTTGGATTTACTGCTGTCGCGGGTGGGCCTCACGCCATTCCCTGTCCCTCGGCCCCCTGAGTGAGTCCGGTCTCCCGGCGAAAGTGAGCGAGGTTTGCCCGGAGCGCGCACGAGGGGAAA,12.705846253970924,3.667420562033736
2235,ENST00000510377.5,ENSG00000170185.9,USP38,143184917,143223830,14.120480364466683,4135,3835.22,228.048,1.33967,ACTTCAAAATCCGGGTCAAAGGGTGTCGCTTCGGTCTCTTCTCCCCGGCTGATCCCAGCACTCTCCGTGACAGCGCCTCCTGACTCAGCCCAGGACCGGCTTCTTCTCACGACCTGCTGGAGACTGGACGCCCACACCTGACCCGGAACTCGGAGGCGTGCTTCCTCCACCCGCCGGCTAGCAGCCCCGGGCCCTGAGCTCCCGCCGACGCCGCTGGGGGGCCCGACAGGCCCCTCGGCGCTGATGCTGAGTGGGATCGAGGGCCCGGGGCGGCGGCGGAGTACGGGCCTCTGGCGCCTTAGGCCAGCCGCAGGTGTCGGTTCTTAGGCTCTCCAGGCTCGCTAGCTCCCGCCCCGGCTTGGATGGGTCTCCCTGCGCCATAAATGTGGCTGCTGAGGCGGCGGTGGCCGTGGCCCGTCGCGCTGCTGCTGCGGCGCTCCAAGTTCATCTCCGCCCCGGGGCTCTCCTGCCCCACCTCGGGGCTGCCGCCACCCGCTCCTTATCCCCTGGCCCTGGCCTTGCAGCGTGGCGACA,10.540267651337034,3.3978395970004334
2236,ENST00000262995.8,ENSG00000109458.8,GAB1,143336762,143474568,6.511718692630622,7981,6655.82,317.459,1.0746,GTGTGTGTGTGTGTGTGTGAGCAGCGCTGTGTCTGTTTCGGAAAGCGCTCTGGGGAGGTCTTGTCCCTAGGGGGCGGAGCGCAAAGGACAGAAGCTCCGGCACCGAGTCGGGGCAGAGTCCCGCTGAGTCCGAGCGCTGCTGAGGCAGCTGGCGAGACGGCACGTCTGGAGGCGAGGCGGGCGCACTGAAAGGAGGCCGGCGCGCCCGCGGCCCCGGCTCGCGTTCTGTTCAGGTTCGTGGGCCTGCAGAGGAGAGACTCGAACTCGTGGAACCCGCGCACCGTGGAGTCTGTCCGCCCAGTCCGTCCGGGGTGCGCGACCAGGAGAGCTAGGTTCTCGCCACTGCGCGCTCGGCAGGCGTCGGCTGTGTCGGGAGCGCGCCCGCCGCCCCTCAGCTGCCCGGCCCGGAGCCCGAGACGCGCGCACC,6.0596674973298175,2.599238633118354
2237,ENST00000283131.3,ENSG00000153147.5,SMARCA5,143513463,143557486,115.48577079042308,7923,6441.58,3616.93,12.6505,GCGAGTGTTGAAAGTCGGTGGCGTAGGTCGTCGTCCTGGATGCTGGCGAGATAGATGTTATCTTCCAGAGGAAGAGGAGGAGGCGGCGAAGCGTTTTCCCAGCCTCAGTCTCTCTTTCGTTTTCCTTTTCCCTTCCCCCAACCCTCCGCCCTTCTCTAAATCAGCCGGCCTTCCTTGACCTCAGTGACCCGTCTGGCCCCGCCCACCCTCGTCGACGTGATTCCCGCCGTGAGGTAAGCGCCGGTGGAACCTAGAGCCCCGCGGAAGAGCAGAACGTTTGGGAGTGTGCAGCTCCTGGGCCCGGCTCAGGCCCGTCGCGGAGGCGCGGCGCAGGGGAGCGCTCGGGTGGGAGTCTCGCTCCTCCACCAGTTTATTGCGACGTAGCATCCAGGCCTAGGCCTCCCCGTCCATCCCCGCCGGACTCGGGCCTCTGGCAGCAGCGGGTGACGCAGACGGAACATC,9.128949115878667,3.190448793115225
2238,ENST00000296577.8,ENSG00000164163.10,ABCE1,145097932,145129179,80.27303410623736,3921,2977.47,3906.18,29.5574,AAGCCGTGTCGGCACCAGACTCTGTTGGTCCTACTGACACCTCCAGCGTTAGAATGACTAAGGCTCCACTCCTGACCCACCGGCCTTGAGGAAAGCGCAAACGTAAAAAAAGATTGAAACCGGAGAGGCGAATGCATCTGTTTACGCTAGGACCACGCTCGACGTCGGAGAAAAGCCCACACACTCACAGTTTCCAGACCTGGCTGCTTGCCGAAACTCAGATTCTCGGCACCTCCAGCAGCTGGCTTCGCCAACGGCGTTGAACAAGGGTCGCAGCTCAATGACGTCATATCTCCCTACCTACCTCCAGGGTTCCGCCTCACGCTCTATGTCGCGCGCGCGCACTACGTCCTATGGCTTGCGCGTGCGGCGGCTGGGCACCGCCATTTTGGCCGGTGGCCGTGAGAACACGCTGTGTGGCTGAAAAGTGAAGGCAAGAGCTGATTTGGCCTCTGTGCTCCCCTCCGCAAGGGGATCGTTTTCTCCAGAAGAGCTGGATATTCTTTCGCCCAGTT,2.7158354289023174,1.441396059442738
2239,ENST00000302085.8,ENSG00000170365.9,SMAD1,145481194,145558079,15.449506772358978,1966,2056.3,180.979,1.98291,GGGTATTGGCAGCTGAGGAGTGGAGGCTGGGCAGCTCCGACTCCCTGACGCCAGCGCGACCAGATCAATCCAGGCTCCAGGAGAAAGCAGGCGGGCGGGCGGAGAAAGGAGAGGCCGAGCGGCTCAACCCGGGCCGAGGCTCGGGGAGCGGAGAGTGGCGCAGCGCCCGGCCGTCCGGACCCGGGCCGCGAGACCCCGCTCGCCCGGCCACTCGTGCTCCCACACGGACGGGCGCGCCGCCAACCCGGTGCTGACTGGGTTACTTTTTTAAACACTAGGAATGGTAATTTCTACTCTTCTGGACTTCAAACTAAGAAGTTAAAGAGACTTCTCTGTAAATAAACAAATCTCTTCTGCTGTCCTTTTGCATTTGGAGACAGCTTTATTTCACCATATCCAAGGAGTATAACTAGTGCTGTCATT,7.791330303623956,2.9618696772710713
2240,ENST00000296581.9,ENSG00000164167.9,LSM6,146175685,146200000,164.30370545604308,768,485.615,39.1478,1.81626,GAAGAGCACTGATTGGCTGAGGCAGAAAAGTGCCCCTGCCTCGGCGCTTTCGGTTTTGGCTGGGATCATCCGCGGCGGCCGGGCTCGTGGGGCGCCTGGAGTGAGGGTTCTGGTTCCCGCCGGCGAGGATTGTTAAA,90.46265702930367,6.499250465682074
2242,ENST00000296582.7,ENSG00000164168.7,TMEM184C,147617383,147672044,17.1980539012607,4178,3453.76,693.717,4.52536,GAGCTGAAAGTCTTGGTTTGGCCTTGGGTTCCGCTGTAGGGGAGGTCCCGTGCGAAAGAATGAGGAGATCCTGGGGCCTTACCTACTAGCGGAATCGACTGAAGAGACGCCTGCCAGTGCGGGAGGTAGGAAGCTCGATCCCCAAAGAAAAGAGCGAGTGGGCAGGCAGCTGCGAGACAGAACCGGAGTGTGCAGGGTCCCTAGAGGCCGGTTCCTGGTCTGTGCTGCTCTCCTGGAAGCCATGGTACAGGCAGAGCTCAGGGCGATCCCCAGGTGAGGGCAGCGGCTCTGCCTGGGATTCCACCGCAGTACAACCGGGTAGATGCGGGGTGGAGAAGAAAGGATGTTGCCTGCACTGCTCGCCAATAGCACCCTGAGAGGCTACATTTGCAGAAGCAGCAGCAGCAGAAGACACAGCGCCGGTCCAGGAGGCGGCTCGAGCTGTTCGTAAAGTCGCCCGACAGCTTTTTCTCCGTAGTATGCGAGTTGACAAAACAGCCAGAGAACAGGGCTCCCCATTACAATCTTTTCGAGATCTTTTCCCTTGCTAACCGGATCTGATTTGTGCGAAAAC,3.8003725452252857,1.926140850873194
2243,ENST00000336498.7,ENSG00000071205.11,ARHGAP10,147732063,148072780,10.19078909243572,3299,3528.63,384.243,2.45336,GAGCTCGGCGGGGGCTGCCGGGATTGGGGCGCCGCAGCTAGCGCTGGTCTCGGTGGCAGCTCCTCCGCGCCGCAGGACTCGGCTCTACGGGACATGTCCGTGCCGCGCTCGCCGCGCGCCCGGGCCTGCTAGCTCCTCTGTGCTCCCTGAACGCGCGGCGCCGCACCTGGCAGCGGCCTCGGAGCTCGGCTCGGGCAGGAGCGCGCGGCCGTGCGCACCGCGCAGCGACCGCTGCCGTC,4.153809099535217,2.0544349144294523
2245,ENST00000356064.3,ENSG00000164144.15,ARFIP1,152779937,152918463,37.48516736938733,1302,985.245,114.761,2.6243,CTGGTTCTGGAGGCTGGGTTGAGAGGTCGCCGGTCCGACTGTCCTCGGCGGTTGGTCAGTGTGAATTTGTGACAGCTGCAGTTGCTCCCCGCCCCCGAGCAGCCGAGGTGCGTGGGGGAAGGGGAAGAAGGAAAAGGTCCGGGTCGCGTTTCCGCTCAGTTTTTGCCAGGGTTGAGGCGATTCCAGAGAGCGGCGGAAAGGATAAGCCTCGACTTAGAAGCTACCGAGTTACCCTAAGAAAGGAGTCTACC,14.283872792511271,3.836315285812081
2246,ENST00000338700.9,ENSG00000109654.14,TRIM2,153152342,153339320,8.99327957928112,6735,5813.1,980.896,3.80169,CCCAGTTGTCTGCGGGCTGCGGGGAGCTAAGTCCCCAGATTGGAGGAGGCTGGCTCTGGTCTTCG,2.365600451189108,1.2422064237349881
2247,ENST00000240488.7,ENSG00000121211.7,MND1,153344649,153415118,52.17694139266269,968,574.924,178.707,7.00316,AGTCGGCGCCAAAATCAAACGCGTCCTGGCCTGTCCCGCCCCTCTCCCCAAGCGCGGGCCCGGCCAGCGGAAGCCCCTGCGCCCGCGCC,7.450485408396022,2.897334422014083
2248,ENST00000409959.7,ENSG00000121210.15,KIAA0922,153466346,153636711,9.791574958268694,5017,4870.21,303.009,1.40175,GAGCTAGCGGCGAGCGCGGCGAGCAACGGAGAGGAGCGCGAGCAGCAGC,6.985250549861739,2.804311863746453
2249,ENST00000264424.12,ENSG00000061918.12,GUCY1B3,155758992,155807591,22.653745834077668,3124,2528.41,382.804,3.41108,GTAGCCGCTGCCGCCTCTGCCTGGGTCCCTTCGGCCGTACCTCTGCGTGGGGGCTGCCTCCCCGGCTCCCGGTGCAGACACC,6.641223845256537,2.731449126028029
2250,ENST00000264428.8,ENSG00000109738.10,GLRB,157076057,157172090,15.264444182860776,3126,2234.43,108.496,1.09398,CCGCCCGCGGTCGCCAGGTTCCCCCGCGGCCCGCGCTGTCCCCGCTGCGGCCCCGACCGCGGCGCGCCACGGCGCAGGCTCCGCGGCCCGAGCAGGCGCGTCAGCCGAGCTCGGCGGTGGCGCGGGCGGCTGGGACGCAGCTGCCCCCGCTCGGCGCCCGCTGCACCCTTAGCAGCCACTGCCACCTGGGCCCGGAGCCTCCACGATCTCGCCCGGCGATTGTGGGCAGGGGCGCCTCCGGATCGATCTTCTGAAATTCAAGTTTTCAAG,13.953129109180038,3.8025167899932706
2251,ENST00000511912.5,ENSG00000171503.11,ETFDH,158672125,158709623,21.12325237116408,3282,3120.84,209.805,1.51463,GTGCTGTGGGATTCGCGGACCCCTCTGGCCGCGCTGTGGCTGTTTCACCGCTCCCCGGCTGGGACTTGGAGTCCCTTATCTTTCCCTGGTTTGGTACATGACCCGGAAGCCTCGGCTGGCCGTTGCGTCATCCATGGCGCCGGCGCAGAGCGAGAAGGAGGTGGGAACGCCGTGAAGCAAGAGCGGTCGGCAGAGCGGGGAGGCGAACTGCAGCAGAGTTCTTGCTTTCCGGCAGGTGATGGCGCCCCCCGCGGCCTAGAGGTCCAGCGCCCGCCGCGAGCAGCGGACAGTCCTCCTGTTGTGTCCGACCGAGAGTCCTGGTGACTTTGAAC,13.946146828706736,3.8017946707780146
2252,ENST00000264433.10,ENSG00000052795.12,FNIP2,158769138,158908049,5.362160751089107,6925,6420.81,888.477,3.11759,GCGGCCGCCGCCCCCGGCTGCGCGCTGAGCCGCCGGCCCCCCGAGCGCCACGGCCGGAGCTGCGGCGGCGGCATC,1.7199698328160877,0.7823832611899895
2253,ENST00000264431.8,ENSG00000109756.8,RAPGEF2,159104178,159360169,4.757174531856681,6949,6550.58,690.871,2.37618,GTGTTAAGCCTTTTTGAGGGGAGTCTGTGTGCAGTCAGCCATTTTAGCTTTTTTCTTTTTTTTTTTTTTTTCCTCTCCTTTTCTTTTGCCTCTTGTTCTTCAATCTCAGAAATGATCTTGTTCTCTTGGAAGACTGAGAGCTGTGTGAGGTTTTCTCAGTCTTGTCATAGCCTAGGATGGTTAGAGTTTCAATGTTATAAAAATGGAGACGAACACTGTTGTTCGGATTCCTTTTCTGGTCTACAAGTGTGAAGGGTTTTTAAGCTTACCAGTAGTGACACTTTAAGCTGCAGCTTGGTTTTCCCTCCTCCCTTTTTTTTTTTCCTTTTTCTTTTAATTTAATGCTGTAGAGGGTGACTTGCCATCGTGAGAGATTGGTACATGATGTGTAAATTCAGTTCAGCATATGTTTCTTCATT,2.0020261646241786,1.0014608289825404
2254,ENST00000358572.9,ENSG00000198498.9,TMA16,163494442,163520539,67.19593932781387,1978,1356.63,320.135,5.31658,TCTCCACCCGGGCTCCAATCCCCAGCCTCGCACTCAGCACCAGGCAGAGTTCAGCCTCCCGCCGCAAGCTCCCTTCCGCCGCTCCCGGCGAGCACGCAGGTCTGGCTGTCCGTTGGGCTAGAGCTTAAAAGCCCAACACGGGCGAAAAAGACGCGGTCTCAGTTAACGGGGACGCTTTAGAGAAACGCACTCGCCTCTCCTGTTCCGGTTGGGTCGGCGCGGGCTTCTCAGGCGCCACGTGGGATTCGGCCCGGGTGCTCTTGTGAGCTGCTGCTCCTGCGGTTGGTGAGATTACCTGGGTCTAGAGTGCGGAGCTGCTCCGTGGCCACGAGGACGTCACC,12.638940696427754,3.659803647322304
2256,ENST00000261507.10,ENSG00000052802.12,MSMO1,165327623,165343160,109.693598128498,2269,1589.8,549.995,7.79433,AGCTCTCGCAGGCCAATAACGACAGGACGGGCCGCCTGGCCCACCCGGCTCCACCCCCAAGCCAGGCGAGGCAGGTTCCGAGGTTGGAACACCTGGCGAGTCCTCGGTGTCGGTGGCCGGCAGTCATCTCGCGGCCGTTCAGAATTATAAGGCTGTCTGCAGAGATTTGAAAA,14.073512172117166,3.8149105059768473
2257,ENST00000402744.8,ENSG00000109472.13,CPE,165361194,165498320,100.57047960108189,2421,2314.63,1690.12,16.4512,GCCCGTCTCTCCGCCGGCCCCCTCCTCGCAGTGGTTTCTCCTGCAGCTCCCCTGGGCTCCGCGGCCAGTAGTGCAGCCCGTGGAGCCGCGGCTTTGCCCGTCTCCTCTGGGTGGCCCCAGTGCGCGGGCTGACACTCATTCAGCCGGGGAAGGTGAGGCGAGTAGAGGCTGGTGCGGAACTTGCCGCCCCCAGCAGCGCCGGCGGGCTAAGCCCAGGGCCGGGCAGACAAAAGAGGCCGCCCGCGTAGGAAGGCACGGCCGGCGGCGGCGGAGCGCAGCG,6.11326101445985,2.611942166354801
2259,ENST00000507735.5,ENSG00000129116.17,PALLD,168497066,168928457,19.35733749207716,4379,4453.81,493.048,2.49413,CCTGAGTCACCCGGCGGGCGAGGTATAAAGCCCGATACCTGCCCCGCGCCCGGTCCGCGGAGCCCGCTGCAGCTCCCGCTCGCTCCGGACGCGGAATCGGGCAGCAGCGGGAGGCGGCCCGGAGAGCCGAGGGACCCTCTGAAGCTCCAGCAACTCCAGAACCAAATCCGACTGGAGCAGGAGGCCGGCGCTCGGCAGCCTCCGCCAGCCCCGCGCAGCGCGCCGCCCTCGCCCCCCTTCCCGCCGCCGCCCGCCTTCCCCGAGCTCGCGGCCTGCACGCCGCCCGCGTCCCCGGAGCCC,7.761158196275719,2.95627196160587
2261,ENST00000613795.4,ENSG00000109572.13,CLCN3,169612633,169723673,8.046115934082557,5874,5159.12,388.058,1.69466,AGTTTTGTGTGTTGTACTTGGAGCTTAGTCATTGTCATACGTAGCAGGACCTGATTAAGAAGGCTGTGCCGCCTCTAAGCCTTGCTAGATTGTAGCCACTAGCAACCAGGCTGCAATAATTTCCCTTTGATGACATCATCCACTGTGGAAGAACCCAGTTGCTTCAGCGAGTCGAACTACAGTTTTAACCTCATCAAATATGGCATCTCCCTTGCTTGCTGCAGCAGGGATGGAAGAAATGTCACTTTCTTTTTAAGCTAGCAAGCTTTTTCTTTTTCTTTTTCTTCTTCTATTTAAAAATTCTAATC,4.747923438378528,2.2472966712978115
2262,ENST00000265000.8,ENSG00000109586.11,GALNT7,173168753,173323967,53.331996033544826,4307,3484.1,938.71,6.07019,AGAGCCGGAGGAGGGGGAAGGAGGGAGGGGAGAGCGGTGGCGGCGGCTGCGCCGGGCTGTGAGTCTCTCGCCGCCGGAGGAAG,8.785885785048709,3.1351877447738503
2263,ENST00000296504.3,ENSG00000164105.3,SAP30,173369969,173377532,45.14110874270283,1108,966.14,223.887,5.22097,CCCCATGTGACAGTGAGCGGGGTCCCCGCTCCAGGAGACGCTCGAGTCTGCGTCCCGGCCCTCAGCACTGTCCACTGTTTCGGTGCCAGCAGAGACCAGCAGGCCCGGGACAGTTGGTGTTTGGCCGTGCCGCTGTCTAACTTGGTGTGCAGAGTGAATTGCCGCTGCCGGAGCGGAGAGAGGCGGAGCGGCCAGGAGAGAGGGGATTTCTGTCAGCGCCGGCCTCGGGAGCTCGGAGAC,8.646115327746152,3.112052080006403
2264,ENST00000503362.1,ENSG00000129128.12,SPCS3,176319964,176332245,182.1316025558815,4571,3217.0,1420.68,9.94962,GCGCTCCCGGAACGCGCGCACCGCAGACGGCGCGGATCGCAGGGAGCCGGTCCGCCGCCGGAACGGGAGCCTGGGTGTGCGTGTGGAGTCCGGACTCGTGGGAGACGATCGCG,18.30538277400358,4.194196036264486
2265,ENST00000264596.3,ENSG00000109674.3,NEIL3,177309836,177362943,20.38722887439216,2408,1890.9,502.474,5.98698,AGACGCGCGCGAGATTTGAATTTCCTCTGCGTGCGGTCAGTGCCCGCGCAGCGTTGAGTTGCACAGCGGTATTCTCACCAGGCCCTGCAATCGGTGGGCCACAGTGCCGGCCACAGAG,3.4052608952079613,1.767765335037241
2266,ENST00000511685.5,ENSG00000218336.8,TENM3,182143987,182803024,8.789079542070779,10896,11541.9,1201.13,2.34464,ATGGGTCTGGAGCTTGGAGGAGAAGTCTGAACTAAGGATAAACTAAAGAGAGGCCAATGAGACTTGAACCCTGAGCCTAAGTTGTCACCAGCAGGACTGATGTGCACACAGAAGGAATGAAGT,3.748583809058439,1.9063456575976463
2267,ENST00000504169.1,ENSG00000168564.5,CDKN2AIP,183444591,183448198,16.63303532141734,2721,2169.94,237.959,2.47068,GGCGGCGGCGAGGTTATAAAAGGGAAGAAGCCGGCGGTGGGCGGAAGTGGGCGGTTCGGCGGCTCTGGGCGCTGTTGTTTGGTCTTTAGGCCTGCGGAGGGGCGTTATCTGGAGGGCCGCGGGTGCAGGCCGCAGTGACAGGGCCGCTCGCCCCGCTAGTCCTGCCTGTCTCCCGGTGCAGCTGTGTTCGCGGCCTGCAGGCCCAAC,6.732169006677245,2.75107139503307
2268,ENST00000302327.3,ENSG00000168556.6,ING2,183504994,183511096,7.533739310749508,1189,904.703,114.427,2.84961,CGCCCCTGGGCTGGTGCTGCGGGGGCGGGGAGTGAGGGCTGCTCTGGGGGGAGTGGAGATCGGGGAGCGCGGCCGTGCCCTCTCGAGCGGCTGCGGGGTCCCCGCGGCGCCGGGCTGCTGAGCTGAGGGCCCGCGGCGGCCGCGGCCGGTGCATGTGCGGCTGCTGGATGCGGAGGCGGCGGCGACGGCGCGGATCGGCAGG,2.6437790823128453,1.4026016283707432
2270,ENST00000334690.10,ENSG00000168538.15,TRAPPC11,183659267,183713594,11.122888607582766,4552,3818.26,591.715,3.49148,AAAGTGCTTCCTGTGCCGGGGGAGGTGGGTACAGGGAAGTCTCGCCTGTTGGAACTGGCTGTGGGGCTGCGGCGGTGGGGACGGGCCACGGCGTTCTGTGACATCCCCCCGCCTCCCCTCGTCTTCTCCCGGCTGGCGGCGACCGGCCTCAGCTGCAGCGGGCCCGGGGCGTGGGGCCTGGGTTTTTTGTGACATCGTAAAC,3.1857231339096215,1.6716208899981468
2271,ENST00000281456.10,ENSG00000151729.10,SLC25A4,185143241,185150382,78.93088189331115,4440,4696.02,562.504,2.69872,AAGGGGGAGCTGCGGGCCAGGCGGCGGCCCCCTAGCGTCGCGCAGGGTCGGGGACTGCGCGGCGGTGCCAGGCCGGGCGTGGGCGAGAGCACGAACGGGCTGCCTGCGGGCTGAGAGCGTCGAGCTGTCACC,29.247525454034193,4.87024266261885
2272,ENST00000264694.12,ENSG00000109762.15,SNX25,185204237,185370185,3.802032923598271,3264,2758.56,368.206,3.00725,GCGGGGCTGAGCTCCGTCCTGTTCAGGCTCAGCCTGTACCTGAGCTGCGCGGCGGCCGCCTTCCTGCTGGGGATCCTGTTTGCCCTCGTCTGCCGGAGCCCGCGCGCCCAGCCGCCCGACTTCGCCGCCGCCTGGAGCCGGCTGGCCGCGACCTCAGCCGCCCGCCGCCCGCCGGGGAGTCCTGTGTATGGAAACTCACATGAGTCAGCTCAGTCTAGAAGGGTAGTAATTTCTCATAAT,1.2642889429206985,0.3383262173762379
2273,ENST00000226798.8,ENSG00000109536.11,FRG1,189940788,189963204,26.97826672495612,1074,707.524,807.635,25.7179,GGCCCTCTGCGGCCGCCGTAGCTCCCCGGCAGAAACCCGGAAGTGGAACTCTGAGCCATTCAGCGTTTGGGTGAAGACGGAGGCGGGTTCTACAGAGACGTAGGCTGTCAGGGAGTGTTTATTTCGCGTCCGCTTCTGTTTCTCCGCGCCCCTGTGCTGCCCCGACTCACATACTCGTCCAGAACCGGCCTCAGCCTCTCCGCGCAGAAGTTTCCCGGAGCC,1.0490073732674954,0.06902481837186943
2274,ENST00000304312.4,ENSG00000169020.9,ATP5I,672436,674338,454.1951743038084,365,156.57,670.025,96.4149,AGCTCCGCCTTTGCCTCCAAGGCTTTGCTGGCTTGTGCGGCATCCTGCTCCGTCTGCAGGTTGTGCTTCCGGTGCGGAGGTCAGGGACAAG,4.710840070402068,2.235984354388697
2275,ENST00000314167.8,ENSG00000178950.16,GAK,849276,932373,15.36532667549666,4442,6387.51,736.674,2.5984,GAAGATGGTGCACCTCCGGGCCGGCGGTTGCTGAGCTGACCCGGACGGCGAGGGAGCGGGAGCCCGAGCCCGACCACTCCGGCTGCCGCGGGGTGCGGCGCAGCCACCGCC,5.913380032133875,2.5639829970174604
2277,ENST00000382952.7,ENSG00000159692.15,CTBP1,1211448,1249953,70.3972859062102,2467,3096.27,1128.74,8.21329,GCGCGGCTCAGCGGCGCGGCGGAGACTCGGCACGGCGGCGGCCAGGCGCAGGCGGGCGGGCGGAGCAGCGGACGGCGCCGAGGCCGCCCCACGCGCCGGGCTCGCGGCGGCGCAGCGCGCCGGAGTGGTCGGGGCCCGCGGCCGCTCGCGCCTCTCGATGGGCAGCTCGCACTTGCTCAACAAGGGCCTGCCGCTTGTAAGACTTTGACCCCGACGCAGGCTTCAGTGATTGCCGCGGATCAGAAGCCTGAGCACTTTGGCTCGAGACAATTAAGGACGTGGGATGAGGCTCCGAGACAGGACGCGGTTCTGCCTGGGGATCCTGAAGATAAAAAGCTTTGAAAAGTCGAATTCATGGTCGTGGAAGCTGAGCCCATATTAAGAG,8.57114334282732,3.099487664665125
2279,ENST00000489418.5,ENSG00000163950.12,SLBP,1692800,1712555,164.82708779183582,1977,1925.42,379.468,4.4403,AGGCCTCTCCTCAGCCCACGGCGTCCATCTGGCTCCCGAGCCGAGGGCCGGGCAGTCGGGCTTCGCGGCTGCCCGCGGTCCCGAGGCCTCGCCCTAGCCCCAGTCGGCTCGCGAGGCGCGCACAGCTGAGTGGACCCCTGCGGCGTGGCCCGATGGTCTCGCCCGACCCGGCGCGCGCGGGAGGCCGAGGGGCGGGGCCCGGCGCCCACATAAAGGCGGTTGGGGGCGGGGCGCGCAGAGCTCGTGAGCGCCGGCGCGGGGACGCGGGTTTCTGCCTCAGGCCCTGCCCTGCTCTACTCTGCGCTCTCTGCCCGCGCCGCCGCCGCCTCAGCCTCGGCCCTGCGCTGCGCGCCCGGCCCGTGCTGCC,37.12070981506561,5.214152392553393
2280,ENST00000382936.7,ENSG00000168936.10,TMEM129,1715952,1721358,35.47831967235975,2810,4445.29,489.801,2.48246,GCCAGGGTGTCTGAAGCTGAGACCCCGGGCTCGCAGTCGCCCCATGAATTTCGAGTTCCGCAACTGACGCTACTGGGCGGGGCTTCATGGCCAGGGCCTCGCTCAGGCCTAAGTTTCCCCACCTGTGCTCAATGCACAGGTGCGGTGCCGCCTCCAGGGCCGGCCGAGAAGAGAGGCCGCACCCGCACGGGGACTGCATCTCCCAGAGCGCCCCGCGAGCGGCCGAGCGGCGGGACTCCATGCCCTAGAGTGCCCCGCGGGCGGCCGGGCGGCGGGACTCCATGTCCTAGAGTGCCCCGCGGGCGGCCGGGCGGCGGGACTCCATGTCCTAGAGTGCCCCGCGGGCGGCCGGGCGGCGGGACTCCATGTCCTAGAGTGCCCCGCGGGCGGCCGGGCGGCGGCCGCCGCAACCGACAGGTCCGGGACTGGGCGCTGCGGCCTCGTCCGCGCGCCGGGGCGGGGGCCTAGCTCGACAGCTTCCCGGCGGCTGCGCG,14.291597718537156,3.837095305356183
2281,ENST00000302787.2,ENSG00000168924.14,LETM1,1811479,1856247,28.41485616037327,5462,7407.49,1001.21,3.04521,GAACCGGTAGTCCGCGGTGGCGCGGTCCGCCCCTCACCTGGCCAGCGGCGGGCGCTGAGGGGCCCAATGGGAGCCGCGGCCTGGCCGCCCCGCCCCGCGCCTCCGGACGTCTGTGCCGGGACAAGGCCGCCGCTGGTGCCGGGTCCTTGAGGAGAGCGCCTCCCGTCCGAGGCCAGCCGCCTCTGTCAGCCGTCCGCGCGGGCCGGGTCTGAAGCGCCGCCGGGACGGCGAAGAGCCGCGGCCGCCGCGGAGAAGGAGGCAGCGCAGGAGGCCGGAGCGGCCGCCGCGCCCGAGCAC,9.33100054195713,3.2220317862781713
2283,ENST00000243706.8,ENSG00000214367.7,HAUS3,2071918,2242164,25.719879842681227,5620,4519.39,240.078,1.19684,CTCCCGTGAGGCAGTGCGAGGCGCGCGGGGCACGGAGGGCGGTGGCGGCGGGCTCCTGCGAGAAGCAAGCGGAACTTCCTGAGGAGGAATCATTATAGATTCTAAAAATATATTTTCCCTTCTCTGTGGACTTGGTATAAAACGTAGCTTTTTTTCTGCTTGGATTTATTTTCTAAAAATCAACACCGTAAACCCATATCAGATACAACAAAATTGGGGTAGTTAAAACC,21.489823069651106,4.425581699682481
2284,ENST00000337190.6,ENSG00000123933.15,MXD4,2247432,2262294,34.32819554510996,4056,6379.35,745.906,2.63433,ATCCCAGCCCAGCTCTGCATCTGTCAACATTCTCGGCCCGGCCCGAGGCGCTCGACCCGTCCCCATTGGCCCCAGCCCGGCCCGGCGCCCGCCCCCGGGGCGCGAACGCCGCCTCCCATTGGCTCTGCGGGCCGCCGCTCTCCCTTATGTGTCAATTTGAGGGCCTGAGGCGGAGGGTGGCGGCCGAGCGCCGGAGTCCGCGGAGTCTGGAAGTGCGGCGGCCGGGCGCGCGGGGTGGGCGGCGAGCGGAGCCGGCCGGAGCGGGCCGGGCAGCGGCCGCCGCCGTCCCGGGGCGGACGGGCGCGGGCGGGAGG,13.031091603978988,3.703886037249529
2285,ENST00000315423.11,ENSG00000168884.14,TNIP2,2741648,2756376,5.371802841940683,1974,2625.24,190.727,1.63684,GGAAAGTTCCGGGAAGGGCGGCAGCCGGCGGGGCCCGGGCGCGGAAGTTGCCGGCGGCCGCGCGGCCTCCCGGGCGGGCCTACAGCC,3.2818130311702323,1.7144930491237043
2287,ENST00000355443.8,ENSG00000109736.14,MFSD10,2930561,2934859,11.391678767136524,1753,2459.18,113.795,1.04254,GCCGGGCGTGGCCGTCCCGCCCCTGGCGGCGTGCCTGGTGCCCTGTTCCGCGTCTGTGCGACCGTCCGTCCCGAGCGCGCAGCCGCGGCAGGCCAGGTCAGAGCAGCCCACC,10.926850544954172,3.4498057266445863
2288,ENST00000416614.6,ENSG00000087269.15,NOP14,2937933,2963385,50.44888309930387,3538,4150.89,1434.59,7.78659,TCTTAGGGTAGCGCGCGCCTGTCTCTCTTCGGGTCTCGGGCCCTTGGGCGCAGCGGGGCGCGCGCC,6.4789443259891515,2.6957587606819704
2289,ENST00000500728.2,ENSG00000163956.10,LRPAP1,3506376,3532559,185.85400897228456,7819,9796.41,700.87,1.61188,GCTGGAGTCCGCCGGCGGCCTCGCCGCTGCCGGCCGCTCACGGAGGAACTACAATTCCCAGGAGACCGCGCGGTGGGTGGGGGCGGGGTAGTGGGCGGGGCATCGGCAGGCTAGGTTTTCTCCGCGCAGCGCCAGTCGCAGAGGAAG,115.30263355354279,6.8492816548133755
2292,ENST00000382753.4,ENSG00000132406.11,TMEM128,4235542,4248212,13.549823319690187,1221,904.193,82.5442,2.05678,CGGTACCAAG,6.5878816984267585,2.719814648169085
2294,ENST00000343470.8,ENSG00000145220.13,LYAR,4267701,4290169,80.96110236451099,1569,1232.74,1157.07,21.1472,CGCGCTGGGTGGTTCAGAAGCGAATTCTGCACCGCGAAGCCTGAGAGGCAGGTAGCTGCGGCGCTGGGCTGGCGGCGGCGAGTCCACGTGCTCCCCGCGGCCGGTTGAAACCGTTGGCGGGCGCTGGCTGAGAGGCAATGTTTGCTGTCTTCCATTGGAGTGACTGAATTTCTACATGACGGCTTTTTGACAAGACTTAAAACCTGTCTTGGATAGAGAATATTTAGCCATTTACCTAAAA,3.8284549427116112,1.9367622782552592
2295,ENST00000306200.6,ENSG00000168818.9,STX18,4415742,4542346,15.962769499573078,2138,2244.03,497.315,4.99305,CGCGCCGCGGTCGCCGGCTGCTTACGTGGGCGGGCCTAGTGTGGGGCTGAGGGTGCGGGTCGCT,3.1969977267548044,1.676717718281481
2296,ENST00000397890.6,ENSG00000072832.14,CRMP1,5748084,5893058,14.889094780247945,2911,3675.16,500.877,3.07055,CCGATCCGGGCGGTGCTGGCAGCCGGAGCGGCGGCGGGCGGGCCGAGCAGCCGGGGCAGCCGCGCGTGGGCATCCACGGGCGCCGAGCCTCCGTCCGTGTCTCTATCCCTCCCGGGCCTTTGTCAGCGCGCCCGCTGGGAGCGGGGCCGAGAGCGCCGGTTCCAGTCAGACAGCCCCGCAGGTCAGCGGCCGGGCCGAGGGCGCCAGAGGGGGCC,4.848999293366968,2.2776870434937715
2297,ENST00000382599.8,ENSG00000074211.13,PPP2R2C,6320578,6563600,1.6824373479141037,1807,2025.05,91.8078,1.02142,GCGGCCGCCGCCCGCCCACCGCGCGCTCGCTTGACCGCGGCGCCCGCCCCCGGCCGCCCCCGCCCGTCCCCCTGCCGCGATGCCCTCCCTTCGGGGCCCCGGCGGCCCGCGCCCCTGCTAGGCTGCGGCGGCATGGCCCGCGCGCCCGGCGCGACCTCTGCGGATTGCATCGGTGTGTGGCGGCGGGGCATGCCCAGAGCACCGGGCACGGCCTTCA,1.64715528177841,0.7199765682346595
2298,ENST00000264954.4,ENSG00000109519.12,GRPEL1,7058906,7068197,90.71874127215904,2775,2754.41,572.295,4.68116,AAGATGCTCTTCCGTGACCCACAATTATTGGTGACTATTGCCTGTCCATAACAGGAAAAGCGATTACGGATTGGCTGAGGCGAAGTAGTAGGGCAGAAAAGTGGGTATAGCTGCCTGCACGCACGCTTGGTGCGTGCGCGGCGACTGCGACGGGCAGTGGCAGTC,19.37954294921751,4.276462641250635
2299,ENST00000499869.6,ENSG00000071127.16,WDR1,10074339,10116949,99.10398633484708,3054,3810.47,2192.23,12.9619,CGCAACCACAGCGCGCAGGGCAGGCGCGAGCTGGCCTCTGAGCCCCGGCCTCGGACCGCCCACTCCACTCCCGGCACGCCCGGTGCCGCCTTCCGGCTCCAGTCCCCGGGCTCGGCCTCGGCGAGGTGTAATTCGCAGCGCGGGCCGGCCCCGGAGGCTCTCGGCGAGCGCGGCGCGGTAACAAGTGGGCGAGG,7.645791615029207,2.9346658802587746
2300,ENST00000326756.3,ENSG00000178163.7,ZNF518B,10439874,10457410,11.862029548749687,6894,5940.66,521.805,1.97895,GACGCCCCTTCGCCGGGACCTGGCACCCGAATCCGGCCTGCCGGGCCTCTTTGTGCAGCGCCTTGCTGACGCCCAGGGTTCTGATGTAGAAGCCTACACCAGGGCCTGAGGTTGTGAAACTCATGGCAGTCCACGCCTGAGAAGAGAAGGCCTGAAAGAGAAGGAAGAGCCCATGGGACTTGCCACGGTTTTGACTTACATCTGCAACTCCAAGGCTACAGGCAGGAATGTTACCTGGAATGTCAGAGAGCTGAAAGCAGTCATATTTTGGGATCATGCACCTACTGCGGCAGTATATAAAGAAAGATAATTAAGTATGCACCCAAGAAGTAGCTGCGCCCCTACCCATCACAAACTGTATAGAAGGATATCTCCTAAGGATTTTATCATGTGAAAACTTTCTGAATTTTAGTTGGCTCTTTTTAGAAATGCAGATAAG,5.994102705348638,2.5835438037760325
2302,ENST00000288723.8,ENSG00000157869.14,RAB28,13361354,13484365,26.15201718568319,1810,1400.66,99.9433,1.60761,GTGCGCGTAGGGGGCGGGGCCGCGCGCAGAGGGCGGGGAGGTGGGCAAGATGGCGCTTGCCGAGTGATTCTCCTCGAATACCTCCTGCCGGCGCGGAGACACCGGGGCGGGGGTCCTGCCGCAACTACCTCCCTTCCTCCTCTCCCCCGCCCCCGGAGCCTTCATCCTTCCCTTCCCCCCCCACCTCGAGGGGCGGGCCTGGTTCCCGGGACACC,16.267637788818924,4.023932868468337
2303,ENST00000040738.9,ENSG00000038219.12,BOD1L1,13568738,13627723,8.269197250942037,10565,10187.6,1726.49,3.81815,TTCCGGGGTTGCTCTGGATCCGCTGGTTCCGTAACAACATCCCGTTGGCTTCCCTCAGGCGGCGGGACCAGTGCAGCCGCCGCCTCCCAGGATCGTCCGCCGGTCAGGGCCCTTGCCCTCCCCGGCACAGGCCACC,2.1657601851530286,1.1148735020206013
2304,ENST00000341285.7,ENSG00000118564.14,FBXL5,15604539,15681679,10.799563044762843,3385,2582.72,246.719,2.15222,ACCGGGCGCGCGCGCCGACGGGGCGGGCGCATGCGCAAGGGGGCGCGCCGCCTCTGCCCCGCGGCGAGGGTGTCTATGGAGAGGCGGCGGCCGCGGCTGCTGAGGCGGAGGCTGAGGCAGTGGCG,5.017871335069298,2.3270754785913925
2305,ENST00000405303.6,ENSG00000169762.16,TAPT1,16160505,16227410,15.00045055557656,4591,3828.02,236.597,1.3925,GAGGGGCGGGGCGAGGCGGGGAGGGGGCCGGCCGGAGGCAGAGGCTGGAGGGAGGCGGCGGGGACAGTTTGTTGTGCTCGGAAC,10.772316377433794,3.429256601678804
2306,ENST00000281243.9,ENSG00000151552.11,QDPR,17460261,17512234,38.29556925163617,1648,1712.35,104.126,1.37003,ACAGTCCCTCCGGGTGGCGGGGCGCCCCGAGCGTGGCAGCGCGCTAGGCGGCAGCAGCGGGCGCGGAGCGGGGCGCGGCCGCCGCGCGTTCCCTCTTGGCGGGGTTGGCCGGCCGGGGCGGGGCGCGGCGCTCCGGCTCGAGGCATTCGGAGCTGCGGGAGCCGGGCTGGCAGGAGCAGG,27.952358161234546,4.804898094020502
2309,ENST00000382247.5,ENSG00000163257.10,DCAF16,17800655,17810758,207.07615775568416,4548,4359.81,1426.03,7.36923,CGGAAGTAGCGTCGGCGCGGGAGCTGAGCGGAGTGGCCTTGCCACCGGAGGGGAAGGGCTGCTGGCGTTAGGCCTGGCTGGGTCGTGCGGCTGAGCGTGAGGCTAGAAAGAAAAAGCGATCCTCCAAGAGTGAGAACGGGAGATCTGCCGAGGATAACAACCTCCCTTGTGGCCGAAGGGCGGGGGATCCCCACACGAGGGCTCCGCTTCGAGAGACGGCGACAAAGGAAAGTTCGTAGCGCGTTCCGGAGGCCCGGCCACCTCTGAGAAGGGAGACGACGCTGCTGGGTCCGCTGAGCGGGGCGACCCGAGCTTATATAGAATTGGTGATAGGATCACAACTTCTGAGGTCCCAGCAAGAGTCCTAACATCTAGCAGCTCTACCACCAGGACAGGCCCCCTAAAACTAATTCCAACAAGCACCTCTGAAGTCTTCTCATTCACAGGTTAAGGCTACCTTTCCAGATAATCCAACAGCTAAATCACCAGTTTCCAAGGGCATTTGCATCACCTATGGAAAGCATCGGATCCTTATACACCAGATGTTCTTGACAGCTCATCCCGTCATTCCCCCCTGCACAAAAGTTGCTATACCAGCGGACAAGCAAGACAACTACTGAGCTTCTTTTGATTGTCAAGTAGATATAATATCACTGCCAGCAAAACAGCACAAAAAGTGTCTCTTCACAGTATCACTACCAGTTGGGACTATGCTAAGTAAATCAGCTTGCCTAGATGAGGACCCCTTCTATTCTTGGGTAGCCAGGATTTGAAGGAGATACTCTGACCTGTGCCAGTGGTAAGTGACTAATACTTTTACACACTGAACTGGTCCTGGAAACTGAGATGTCTTCTTTGTAAGTGAAGAATATACAACATAATCTTGAAGAACGGCACAGTGGTATGGGCCACAAGCATACTTTATGTGTGTAACGGACTGAAAGACAAATTAATCTTGGTGAAAGGATTTTTCATCTCTTATTTCTATTTGCCAGTGTTAGTCAGTGTTCTGCTGGCTTAGATTATTACCTTTTTCTGGTTCCTTACTGTGTTTTATTCTG,28.10010784785984,4.812503762389578
2311,ENST00000326877.8,ENSG00000178177.15,LCORL,17841199,18021876,3.1455484223552523,5604,3982.37,296.953,1.68,GTGACACGTGTCAATCAACCCCCCTCCGGGGGGCGCGCGCTCCGGGGCTCGCGCCGAGGGCTCGCGCCCCTGCCTCGTGCCTGCGCTGCTCGTATGTAAATGAGGGCGCGTGACGCGGGACGCAG,1.872350251401936,0.9048503380704269
2312,ENST00000334304.9,ENSG00000152990.13,ADGRA3,22345071,22516054,7.554077380970908,4566,4753.79,358.95,1.7012,GGCGGCGGCAGAGGAGGAGGAGGAGGCGGTGCTCGCGCCGGGCGGTAGAGCGGCGCTGGGACCCATGCGGCCGTGACCCCCGGCTCCCTAGAGGCCCAGCGCAGCCGCAGCGGACAAAGGAGCATGTCCGCGCCGGGGAAGGCCCGTCCTCCGGCCGCCATAAGGCTCCGGTCGCCGCTGGGCCCGCGCCGCGCTCCTGCCCGCCCGGGCTCCGGGGCGGCCCGCTAGGCCAGTGCGCCGCCGCTCGCCCCGCAGGCCCCGGCCCGCAGC,4.440440501393668,2.1507028021729395
2314,ENST00000336812.4,ENSG00000109606.12,DHX15,24517441,24584550,153.2665526228587,2994,2671.12,2894.39,24.4133,TCGCCGCCGCCATTTTAGCTGTTGGTTCCGGCCGCACCGTGTGGGCTGTAGTAGCGGGAGGGGTGGGGGTCCTCCAGAGTTAAGTGGCTGTCCTCGACTGTGCCCATACAGCAGCCAGCTTTCTTCCTTAATAACTGCCCGTTCGAAGAGTGCGAGG,6.277994069743079,2.650303666136293
2316,ENST00000382114.8,ENSG00000153012.11,LGI2,24998847,25030879,3.238762383128444,6428,6444.02,299.221,1.04616,GAGTGGGGGTGGCGGCCAGCATGCTGCTCGGCTGCGGCTCGGCCTCCCACACCCGCGGCTCCCTAGTCCTCGCCAGCAGCGGCGGCGGCAGAGCAGCGAGCGGCGCCCGCGTCTGCAGCGGCGCCGGGTCCGAGCGCGCGGCGCGGCGGTGGGGGTCGGGGCCCGGGCGGGGAGCGGGGACCGGGC,3.095857596475151,1.630339111797547
2317,ENST00000303965.8,ENSG00000047365.11,ARAP2,35948221,36244509,1.8493794829839016,7514,6161.46,330.05,1.20686,AGCGGCGGCCGAGGCGAGGCGCGGGAGCACCTGAGCAAGGCGCGGGCGCCGGGCTCGGCGTTTCCGGAGCTGAGCGCGGGTCCGCGGCCCGCGCTCCCCGCCTCCAGGTGCGGCGGCCGCGACACGCCGGCCCCACTAACAGCGCCGCCCGCGCGGCCGCCGCCAGGCAGCAGAGGCGACTGCGGACAGCCGGCGGGGACCGGGAAAGAGGAGGCCTGGCGCCTCCGGCAGAGGGGCGAGGACCGAGCGCCCAAGGCTGGGAGAGACGCCGGCGCTGAGCTTCCCAGCGCCGCCTCACCTCGCTTTTCGAACTCCGCGACCCGAGCGCAAGGCTTAAGCAGGTAAAGCAGTCACTGTGAAGAAAATAACATTTTAAGAAACTTTTCTGTCACAATTGATAGAGGAAAAGCCAGTAGAGAAGTACATCTTCTTGTGTGTGTGTCTCATCGTGCCACTTTTTGTAACTCAGCTTAGTAATGAAGCCACCATT,1.5323894096944977,0.6157829604789564
2318,ENST00000454158.6,ENSG00000181826.9,RELL1,37590800,37686376,19.751984355968865,1350,1436.38,136.54,2.14167,ACTCGATCAGCCCGCCGGCTCCGGAGCGGCTCTGCCTTCCCGAGCGCGGGACGCGGCGCCCTGGGGGAGGAGGGCGAAGCGACGCGGCG,9.222702076402465,3.205189494809747
2319,ENST00000349703.6,ENSG00000035928.14,RFC1,39287456,39366375,19.54895410562995,4859,4295.53,1490.8,7.81925,CTTGCACTTCGCGGGAGAAGTTGTTGGCGCGAATGGATCCTGAGCCTCGATAACAGATTCCTCAACCGGCCCACCCGCCAGCCAGCCAGCGCCTTCATCCTGGGGCTGCG,2.5001060339073375,1.3219892834266722
2322,ENST00000316423.10,ENSG00000109814.11,UGDH,39498755,39528311,36.669670780098365,3216,2612.81,319.447,2.75457,AGTCTCCCCGCCCCTGAGCCGTGAAGGAAATAGGGACCTGGCCCTGGGCCTTGTGTAGCGGGAGGGGGAGCTAGGAAGCAGCTGAGGGCAGAATCCAGGAGGGCCTGGCTGCGGGGGAATGAAGCCTCCGCCTTCGCAGGCAAAAGCCTTTAAATACGGGCTCAGGCCCGGGACTCAGAGTGTAACGCGTGGCAGCCTGAGGGAGGGGCGTGCGCCGAGAGGGAGCTCAGATCGAGCGGGGCGCGGGTGGAGAAGCTGCGGCGGCGCGGCCCGTAGGAAGGTGCTGTCCGAACGATCGGGATAGGAGCGGTCCCTGCGCTTGCTGCTGGGAAGTGGTACAATC,13.312303110866074,3.73468828290545
2323,ENST00000303538.12,ENSG00000121892.14,PDS5A,39822863,39977956,60.413599581423696,7176,6277.32,3202.38,11.4937,GGCCGGCGGAGGAAGGGGAGGGAGCGAGGAGCGCGCGCTGCTCTCGCGTGCTCTCGCGCCGCTCGCGTGACCGGCCGGTGTGTGCGCGAGGCCCCGGCTCCCGGGGCACGGACGGCCGGGCGCGCGCCTCTGCGAGGGGCGTCCGGGTCCGAGTCGGCGGTCCGGGCCGGCGCGAGGTGCGTGCGGGCGGGCCGCGGGGGTCCCGGACGGACACAAGCGCACACACTCCCGGAGGAGCCTTCGAGGCTGCTCTTCCTCGGCCAGACGGAGAGCGGCACTGTCTCCCCGCCCAGCGCTCACTCGCCCCGCGTCTCCCCCCGCGGCGGCTGCTCCTCCTCGGCACCGCCAGCCCCAGCGCCGCTCCCGGGCGGGCGGGCGGCGGCGGCGGCGGCGGCGGGACCCGCGGAGCCGCTTTGTGTGCAGCCCGACTAGGGGCGGCGGCGCAACCACCTGACAGAGGCCCGGGCGCTCGATGCACCTTCCGCCCGCATGAGGAGGAGAGGCCGGTAGAGGACTGTGAACCAAAAGTTGTCCCCCAGG,5.25623598853491,2.394030049603569
2324,ENST00000502486.5,ENSG00000188848.15,BEND4,42110938,42152878,4.827035476448072,8765,8713.64,450.294,1.16428,GCGATGCTCGGGGAAAGCAGGACCCCAAAGCCCCGTAAACACCGCGCGACCACCCGGGCCAAGATCTTCAAGAGGTTCTTTTCAGAAGGATCGGAGAGCAATTCCCGATTGGTAGAAGAACTTGCTGTAATACACACGTACTCTGACGACCCCGCCCCAACGACTAGCCCCTCCTCTGTGCAACCCCGAGAGTTTGGGGTCATGCAGGGGGCGCCACGAGCTCGTTTCGGAAGCCGGACCCCGCCCGCAGCCGCAGAAGCCTCGAGTCCACATCTGGGTCTCTAAAGTCTCGCCGTAGCCAGATCCCGGATCCCCACCTTCTTCACCAGTTCCCGGGCGTCCTCCAGGCATTGGCGAGGCAGCCTGTCAATCAGGAGCTCGGGCGGCAGCCCCCCGCGCGGGGGCTCGGCGATGCCAGCCTCAGCGACAGGCGGCGGCGGCGGCGGCCACGGCACAGACACACACCCTCCCACACGCGCGCACCAGGGCAGACCCGGCGGGCAGGCGGCGGAGGCACCCTCGGAGCCCGGCGCCCGGCGGGGAGGGGACGTGCTCCGAGGGACCGGCCCCGAGGCGCCGG,4.145940389294733,2.051699373396887
2325,ENST00000264449.14,ENSG00000124406.16,ATP8A1,42408373,42657105,4.316175131279076,8209,6533.61,422.635,1.45738,AGCTCTGCGGGCGCCGCCACCTTCGCCGCCACCGCTGCCTTTCTCCTCCTCCTGTCGGCGTGCGGGGGCCGCGCCCGGCGGCAGCTCTGCCCTAGGTGGGCGGCGGCGCGGCCCAGGCTGCAGCTGAGCGCTCTGCGCGGCGCAGCCGGGTCTCCCGCGTGTACCACGCCGTGACAGGTGCAGAGTCCGGGCTGAGGACCCACCTGCAGCCGCCGCCGCG,2.9615989867289767,1.5663763067226204
2327,ENST00000509756.1,ENSG00000163281.11,GNPDA2,44682200,44726595,11.22571310059928,5382,3710.57,274.213,1.66498,GGGGTCGCTCTCGGGTGGTTGGGTGTTGCTTGTTCCCGCTGTTCCAGCATCGAAGAACCATTGGGTCTGCCGGTTTGAACTTGTTCTGGAAGCTGTGCGTCACCGTA,6.74225101839018,2.7532303407966396
2328,ENST00000381571.5,ENSG00000169019.10,COMMD8,47450796,47463719,56.45101096843521,1469,793.1,179.842,5.10888,GGGCGAGTCGTAGCTTTAGACAAGCGGCCAGCCTTGACACGTGACCCAAGCCCCAGCTTCGCGCAGGG,11.049586400235514,3.4659204636446503
2329,ENST00000329043.7,ENSG00000170448.11,NFXL1,47847233,47914667,16.486020286978842,3723,2963.88,159.996,1.21622,GGAACGCGGGCGGGGGCTTCTGGGAGTTGTAGTCTGTTGGGGGCGTGCGCAGTCGGG,13.555130064444624,3.760767051104596
2330,ENST00000507873.6,ENSG00000075539.13,FRYL,48497361,48780322,3.3631759272852544,7033,6139.0,280.542,1.02959,CCAGAGAATCCAGACAGCTCACCCTGCTGGGCGGCAGGTGATGCTGCACTACCTGCTACCATGGATGAACAACATCGAGCTGGTGGACTTAAAACCTCTCCCCACAGCAAGGCGACATGATGAAGATGAAGATGATTCCTTAAAAGACCGAGAACTTATGGTGACTAGTAGGCGCTGGTTACGGGGAGAAGGATGGGGATCTCCACAAGCCACTGCAATGGTTTTGAACAATCTGATGTATATGACAGCAAAGTATGGCGATGAACTGGCCTGGTCGGAGGTGGAGAATGTGTGGACCACACTTGCAGATGGCTGGCCCAAAAACCTGAAAATAATTTTGCACTTTTTGATCAGCATTTGTGGGGTGAATAGCGAACCAAGCCTCTTGCCTTACGTGAAGAAGGTCATTGTATATTTAGGTAGAGATAAAACAATGCAGTTGCTAGAAGAGCTGGTGAGTGAGCTTCAGCTGACCGATCCTGTCAGTTCAGGGGTCACTCACATGGATAATCCCCCGTATTATCGCATCACTTCCAGCTATAAAATCCCTTCTGTCACCTCAGGAACTACTTCCAGTAGCAATACAATGGTAGCTCCCACAGATGGCAATCCTGATAATAAGCCCATTAAAGAGAATATTGAAGAGAGCTATGTGCACCTGGACATTTACAGTGGACTAAACAGTCATTTGAATCGGCAACATCACAGACTAGAATCCCGATACAGTAGCAGCTCTGGAGGATCTTATGAAGAAGAAAAAAGTGATTCAATGCCACTTTATTCTAATTGGCGACTGAAAGTGATGGAGCATAACCAAGGAGAGCCACTGCCCTTCCCACCAGCTGGAGGCTGCTGGTCACCACTGGTGGATTACGTGCCTGAAACGTCATCACCTGGATTACCTCTTCACAGGTGTAACATAGCAGTGATCCTTTTGACTGATCTCATCATTGATCATAGTGTGAAGGTGGAATGGGGAAGCTACCTCCATCTTCTTCTTCATGCAATTTTTATAGGGTTTGACCACTGCCACCCTGAGGTGTATGAACATTGTAAACGCCTGCTTCTGCACTTATTAATAGTAATGGGACCCAATAGTAACATCCGAACTGTTGCTTCTGTCCTTCTCAGGAACAAGGAGTTTAATGAGCCCAGGGTGCTTACAGTCAAACAAGTTGCACACTTAGATTATAATTTCACAGCAGGCATTAACGATTTTATACCTGATTACCAGCCCTCCCCTATGACTGACTCAGGGCTTAGCTCAAGTTCTACCTCTTCTAGTATCAGCTTAGGAAATAACAGTGCTGCCATTTCACATCTGCACACCACTATCCTCAATGAGGTTGACATCTCAGTGGAGCAGGATGGAAAAGTCAAAACCCTCATGGAATTCATTACCTCAAGAAAAAGAGGGCCCCTTTGGAACCATGAGGATGTTTCTGCCAAGAATCCTAGCATAAAGAGTGCTGAACAGTTAACTACATTTTTGAAACATGTGGTTTCTGTTTTTAAGCAGTCAAGCTCAGAAGGAATTCATCTGGAACATCATCTTAGTGAAGTTGCTCTGCAAACAGCACTTTCCTGTTCTTCTCGACACTATGCTGGGAGATCCTTTCAGATTTTCAGGGCCCTAAAGCAGCCTCTCACTGCAACTACACTTTCTGATGTTCTCTCCAGACTTGTAGAAACTGTAGGGGATCCAGGAGAAGATGCACAGGGATTTGTGATTGAGCTTCTTCTCACATTGGAATCTGCAATTGATACTTTGGCTGAAACCATGAAGCATTATGATCTTCTTTCTGCCCTTTCTCAAACCTCATATCATGATCCTATAATGGGAAACAAGTATGCAGCTAACAGGAAAAGCACTGGACAACTCAATCTAAGCACAAGTCCCATTAATAGTAGCAGTTATTTGGGATATAACAGTAATGCAAGAAGTAACTCTTTGAGATTAAGTTTGATTGGTGACCGACGAGGTGACCGGCGGCGGAGTAACACACTGGATATAATGGATGGACGGATAAACCATAGCAGTAGTTTAGCAAGGACTAGAAGCCTTTCCTCTCTAAGAGAGAAAGGAATGTATGACGTGCAGTCCACTACTGAGCCTACCAACTTGATGGCCACCATTTTTTGGATAGCAGCATCTTTATTAGAATCAGATTATGAATATGAATACCTCCTGGCTCTCAGGCTTCTCAACAAACTGCTTATCCATTTGCCTTTGGATAAATCAGAGAGTCGAGAGAAGATTGAAAATGTACAAAGCAAATTGAAATGGACTAATTTTCCAGGACTTCAGCAGCTCTTCCTTAAGGGTTTTACCTCAGCATCTACACAAGAAATGACCGTGCACCTCCTCAGTAAACTCATTTCTGTCTCCAAACATACATTGGTGGATCCTTCCCAATTGTCAGGCTTTCCTCTTAACATCCTTTGCTTATTGCCTCACTTAATCCAGCATTTTGACAGCCCAACTCAGTTTTGCAAAGAAACAGCTAGTCGAATAGCAAAGGTTTGTGCAGAAGAAAAATGCCCAACACTTGTCAATCTGGCACACATGATGAGTTTGTACAGTACACACACGTATTCCAGAGACTGTTCTAACTGGATCAATGTCGTGTGCAGATACCTGCATGACTCCTTCTCAGATACAACATTTAATCTTGTGACTTATCTTGCAGAGCTGTTAGAGAAAGGATTGTCCAGTATGCAGCAATCATTACTACAGATTATTTATAGTCTATTGAGTCATATTGACCTGTCTGCAGCCCCAGCCAAGCAGTTTAATCTGGAGATCATAAAGATTATTGGCAAATATGTACAGAGTCCTTACTGGAAGGAAGCCCTTAACATATTAAAGCTGGTGGTGTCACGCTCTGCGAGTCTTGTCGTACCCAGTGATATCCCCAAGACCTATGGAGGAGATACAGGTTCTCCTGAAATATCCTTCACTAAAATTTTTAATAATGTTTCTAAGGAGTTGCCTGGGAAGACCTTAGATTTTCATTTTGATATATCTGAGACACCAATTATTGGAAACAAATATGGTGATCAGCACAGTGCGGCTGGAAGAAATGGGAAACCAAAAGTTATTGCTGTCACTAGAAGTACTTCCTCAACTTCTTCTGGTTCTAATTCTAATGCCTTGGTTCCTGTTAGTTGGAAAAGGCCACAGTTATCACAGCGAAGAACAAGAGAAAAGCTAATGAATGTGCTTTCTCTCTGTGGTCCAGAATCTGGCCTCCCAAAGAACCCATCAGTTGTATTTTCTTCTAATGAGGATTTGGAAGTCGGTGACCAACAGACTAGCCTAATTTCTACAACAGAAGACATAAATCAAGAGGAAGAAGTAGCTGTGGAAGATAATAGCAGTGAACAACAGTTTGGTGTTTTTAAGGATTTTGACTTTTTAGATGTTGAATTGGAAGATGCAGAGGGTGAAAGTATGGACAATTTCAACTGGGGAGTTCGCAGGCGCTCACTGGACAGTATTGACAAAGGGGACACTCCATCCCTCCAGGAGTACCAGTGCTCTAGTAGCACCCCCAGCCTGAACCTCACCAATCAGGAGGATACAGATGAGTCCTCGGAAGAAGAAGCGGCACTTACAGCAAGCCAGATACTCTCACGCACACAGATGTTAAACAGTGATTCTGCCACTGATGAAACAATACCAGACCATCCTGACTTACTTCTCCAGTCTGAAGATTCCACTGGCAGCATCACAACAGAGGAAGTGCTTCAAATCAGGGATGAGACCCCAACTTTGGAGGCTTCTCTAGATAATGCTAACAGCCGGCTGCCTGAGGATACAACTTCAGTATTAAAGGAGGAACATGTTACAACCTTTGAAGATGAAGGATCCTATATAATTCAAGAACAGCAGGAATCTCTTGTGTGTCAAGGAATTCTTGATTTAGAAGAAACTGAA,3.2665196119671465,1.7077543016104204
2331,ENST00000508632.5,ENSG00000145247.11,OCIAD2,48885019,48906937,146.15572907760162,1163,978.478,213.832,4.9236,AGGCGAGGGGGCGGAGCAAGAGAAGAAAACACAAAGGGCCGGAAGGAAGCCGGGGAGACAGGTGGGGTACTCGGGAAGCTGGAGCGGGCCGGCGGTGCAGTCACGGGGGAGCGAGGCCTGCTGGGCTTGGCAACGAGGGACTCGGCCTCGGAGGCGACCCAGACCACACAGACACTGGGTCAAGGAGTAAGCAGAGGATAAACAACTGGAAGGAGAGCAAGCACAAAGTCATC,29.684728466488263,4.891649011367955
2333,ENST00000381431.9,ENSG00000163069.12,SGCB,52020706,52038482,47.264425153477696,4431,3780.05,860.452,5.12851,ATACAACGCGCCCCAGGCCAAGGTCCTAGGTGCAGGGGCCGCCGCAGAGCCTGAGCCCGCAGGGCTGGGATGCGGGTCGTCAGGGATGCGGGCTGGGGAGGGGAGGGTGTGAGCAGCGGGTGCCCCCAGTCCCCGCCAGGGCGCAAGCGCAGGCGCGCAGGGTGCGGTCGCGGAGGGGCGGGCACAGTCGGGCGGGGAGCTCGGCGGCGGCGGGCGCGGGAAG,9.216015012835637,3.2041430669240927
2334,ENST00000401642.7,ENSG00000184178.15,SCFD2,52872982,53366075,16.422060787842494,3176,3466.46,312.179,2.02899,TCAGGGAGCGTGTCAGAGGCCGACCACGTGTACTGTGGAGACTGTCAAAGTCTCCCGGAGCCCAATTTCCGGAAGCGGTGAGTTCTGAAAGAAGTTCCTGCACCGTAGTTTCCCAAGTCTGCGAATCCCCAACC,8.09371203793143,3.0168015210065224
2335,ENST00000263921.7,ENSG00000109220.10,CHIC2,54009789,54064690,23.46127425588876,1194,1097.94,164.833,3.38241,ACGCGCCCGCCCGCCCGTTGGCCCGGGAAGTCTCGCGATGCCGTAGCCGGCTGCTCCCGCTGCGGGTGGCTCGGGCTGTTGCTGTGGTTTCCTGAGTTGCTGCTGCTGCGGCGGCGGCAGCGGCGTCTGTGCTTGTGGAGGTGTCGGCCTCTGGGCGGATGTTGACATTGTGTTGTTGTTATTGCTGATGGTAATGGCGGCGGCGGTGGCGGCGACGGTCCAGACCCCATCCCCTCTGTAGCCGGAGCCGAGACAGCCGACAGCGAACTCCGCGGCCTCGGAGCCGGCGGCAGCGGCGACTCCCCTCAGCCTCCGCCGCCTCGCCCGCCGGTACCCCGGCGCCAACCCCGGGAGTCAGGCCCTTTGGGCAGGGGAGCTCGGAGGCTCAGG,6.93625972483784,2.7941579205782254
2336,ENST00000309964.8,ENSG00000134852.14,CLOCK,55427903,55547138,2.710792749626452,10304,8374.52,815.547,2.19407,AGCTGATTCTATCACATTGTAAGATGCCTTTGGATAATTCTACAGTCCTCTTAAATGAATCTTTAGAACTTGGCAAGTCTCACTAGATACCTTCAATCATCATTTTGAGCTCAAAGAATTCTGAGACTTATGGTTGGTCATATAGAAGAGTACCTTGAACCTATAGTTTCCTGAAGAATCAGTTTAAAAGATCCAAGGAGTACAAAAGGAGAAGTACAAATGTCTACTACAAGACGAAAACGTAGTATGTT,1.2355087803153282,0.30510526341649113
2337,ENST00000264218.7,ENSG00000109255.11,NMU,55595229,55636698,100.65247734986296,816,577.855,133.902,5.22072,AGTCCTGTGTCCGGGCCCCGAGGCACAGCCAGGGCACCAGGTGGAGCACCAGCTACGCGTGGCGCAGCGCAGCGTCCCTAGCACCGAGCCTCCCGCAGCCGCCGAG,19.27942455252589,4.2689900858947185
2338,ENST00000205214.10,ENSG00000157426.13,AASDH,56338287,56387508,2.218814776006309,3590,2764.6,181.313,1.47761,GGAAGATTTACGTATGGTGCCTCGCTCTGGGATAGCTTTACGGCTTCTGGGAGCTGCTGCTTCGCTGTGAGAAGTATCCGCGACGAGCTATCCGGGAAAGGGCCGAATGCGATCAAACCTAATCCGCGAGACTTGCTAAGGTTCTGTGCTACAAATTGATGTTTAGATAAACTTCAGTGAA,1.5016240929651998,0.5865237029389682
2339,ENST00000264220.6,ENSG00000128059.8,PPAT,56393362,56435615,66.57596055399625,3682,2807.94,1166.87,9.36262,AGTAGCTGGGGCCACCCTCGGGAAGGAAGAGCCTGTCGCGAGCGCGAGCTTCTGAGCTCGACGGGCCGAGCTGGCAGCTGGTTGGTGCTTACACCTTGGCCGCAGCGGCAGGTCCTTCCACGTGCTTTCGGCGGCGAC,7.110825875021763,2.830017128987313
2340,ENST00000264230.4,ENSG00000084092.6,NOA1,56963370,56978823,20.21795356310589,3415,4042.11,601.206,3.35102,AGGATCTGCGCCTGCGCAAATTGTAGGTCAAGCTTGGGCCGGGGTTAGGGTTGCACACGCGTAAATTGTGGGCCGCCGCTGCCGGGCTGATTGAGAGGACAGCTCCCGCAATCTGCGGTCGTATCCGTTCCGTCAATGTTTTATTTCTGCTTGTTTTTCAATGTTGTTGCACAAATAACGACACCTGAAAACAAAACCAGGTATACTTATTATTAAAAAGTGTTCGTCCTGTGAATCCGCAACATTGGGATGCTCAATTTATTTGCCTTTATAAGGACCAAAACACGAAGCTATTTTTTATTTTTATTTATTTATTATTTTTTGAAATGGAGTCTCGCTCTGTCGCCCAGGCTGGAGTGCAGTGGAGCGATCTCGGCTCACTGCAACCTCCGTCTCCCGGGTTCAAGCGATTCTCCTGCCTCGGCCTCCCAAATAGCTGGGATTACAGGCAAGGGTCACCACGCCCGGGTAATTTTTGTATTTTTAGTAGAGACGGGGTTTCACCACGTTGGCCAGGCTGGTCTCGAACTGCTGACCTCAGGTGATCCACCCGCCTCGGCCTCCCAAAGTGCTGGGATTACAGGCGTGAGCCACGCGCCCGGCCGGAAGCTCCTTTCTGTTTTTGTTTTGTTTTGTTTTTTTGAGACAGGCTCGCTCTGTCGCCCAGGCTGGAGTGCAGTGGCGCGATCTCGGCTCACTGCAACCTCCGCCTCCCGCGTTCAAGCCATTCTCCTGCCTCAGCCTCCCGAGTAGCTGGGACTACAGGCGCCCGCCACCACGCCTGGCTAATTTTTTGTATTTTTAGCAGAGATGGGGGTTTCACCGTGTAAGCCAGGATGGTCTCGATCTCCTGACCTCATGATCCGCCCGCCTCGGCCTCCCAAATTGCTGGGATTACAGGCGTGAGCCACCGCGCCCGACCCCGGAAGCTCCTTTTTAAGTGTGATTTATTAAGGGCGGCTTGTGCTAGCAGTGAGGCGTTAAGCCTGAAAGTGAAAAAACCCAAAACACTCACTGCTCTTTTCTGCCCACCTAGCTCAATCCTCCAGTGCCTTTGCCATAGCTTTAAGTAGGTTCTCAGTCTCAGAGCTTAAATCGCGAGAACTGACGGGATTAGACGCAAAACCAACCAGGACAGCTCCCAAGTACCCACGCGCTTTCGTCTCGGGTCAAATGCGCGCCTCGGACCCTAGTGCGCGTGCGCGCTGGTGGCTCCGCCCCTTTGGAGCTACTTCCTC,6.033372991837079,2.5929647746136877
2341,ENST00000322244.9,ENSG00000033178.12,UBA6,67612652,67701179,33.84147783784408,9564,7207.0,853.236,2.66733,CCCCCCACGGTCCCGCCCCTTCCTACCTTCCAGTAGCCGGCGGCGGTGTCTCAGGCGGCA,12.687398198889555,3.6653243413391534
2342,ENST00000254799.10,ENSG00000132463.13,GRSF1,70815782,70839945,139.01107057800164,6666,6275.09,389.377,1.39801,AGTGCCCGCGGCGCATGTGCCAGGCACACCCCACCCCCAACCGGCCCTGGATTCCACTTCCGTTCCACCATCGCTGCTGGAGCAGCTGCCTTCAGGCCCTGCGCCGCCTCCGGAGTCC,99.43496153675699,6.635681290411972
2343,ENST00000449739.6,ENSG00000163626.16,COX18,73052362,73069755,2.423483477440403,3027,2718.04,146.783,1.2167,GTTGCTGGCGCGTGCGCGTATCAGCCTTGGCTGGCCGGTGTATGTCCGCTGGATTGTGAGGCCCGGGATCTGGGCTCCGCCGTGGTGCAGAA,1.9918496568097337,0.9941087580683851
2344,ENST00000358602.8,ENSG00000132466.17,ANKRD17,73073376,73258798,19.923834852673863,10784,10478.4,614.049,1.3203,GAGGCGGTGGCGGCGGAGGCGGCACCGATTGCTGTGTCGGCCCCAGTGCGGCCGAAGTCGCGGTAGAGCGTAGCCCCACGCCCCTCCCCCGTCCGCGCCCTCCCTCTTTCCCTGGGG,15.090384649453808,3.915557675091714
2346,ENST00000324439.9,ENSG00000163743.13,RCHY1,75479037,75514764,36.02121683020815,4686,3651.32,276.003,1.70304,GAGAGAGGGAGGACCCGTCACAGGTAACGATGCGCCCAGTGAGCGTCCTTTCCTCTGGGGCCAACCAGCGTCTCCGCGCCGCTGCCGCCAACCTCGCGCCGAACTACGCCCTGAGATTTGGGCGGGTAGCGATTGGGGGAAAACAGGCAACCTAAGAGTTATTACCGTTAGCAGCGAAGACTGCGACTAACGTCAACGACGGAGACTGCGTCTGCCTTCGCTTCCGCCTCGTAGCCCCGGGAACCGGAAATCCGTCTGCCCCGGGTCACGTGCTTAGGAGCCATATTGTCGCTAGTGGCCGCTGGGGCTGGGAGGGGTGTGCTAGAGAGGCGCAGCTTCTCTGGGCGTGGTTTTTATCCTGGGGGAAGGATCGGTGGAATGTGAGGGGAGGTGGAGGAG,21.151127883201887,4.402662691949671
2348,ENST00000357854.7,ENSG00000138757.14,G3BP2,75642782,75724525,58.49522945929003,2609,2138.5,782.178,8.24061,CCTTGTCGCACGTCGCAGCGCCTGGCGCCCGGGAAGAGGTGGTTGTGAGGCAGACGAACTCGCGGCTCTCCGGCTTCCGAGGCTTCCGAGTTGTCGGAGGAAGGGGGCGGCGAGCAATAAGAACCCGCCGCACCCGGTCCTCAGCGACTCTTCTGACCTCCGCGCGACGTACCCGCCGCCGCCGTTGGCTGGAGCATTTGACATTGTGCAGCAAAGAA,7.098410124892457,2.827495931408616
2349,ENST00000356260.9,ENSG00000198301.11,SDAD1,75913657,75990962,23.216831116436715,3017,2273.89,958.085,9.49284,GCGCTATTTCCGGTCATACCCGGAAACACGAGTCCAAGCTGCAGCTGGCAGGGATTGCGGGGTGCCGGCCGTCTGAGTTTTTTTAAAACTGCTCGCCGCGAAGTCTGTCTGCAGCCAAA,2.4457202603685215,1.2902593989353228
2350,ENST00000264883.7,ENSG00000138750.14,NUP54,76114659,76148515,76.20420033658971,2367,1757.12,844.041,10.8224,CTTGGCGCCTTCCGGCCTCTTAGGCTAGGTCAGAAAGGAGGCGGAACTCGGTGATCTGACTGGCGGTTTCCCGGCCGGACTGAGAAGGGGAGCGCGCTGCGCGTCGCAGGAGTAACCTACTTGGTCTCCTGCTTTCGCGAC,7.041340214424685,2.8158500505506527
2351,ENST00000264896.6,ENSG00000138760.8,SCARB2,76158737,76213893,51.74526409888154,4763,4468.76,1420.65,7.16245,GCCGGCGGTTGCCTCGCGGGGTTGCGGCGAGCCCGGCCCGCGAACGTCACGTCCCTGCGCGCTCCCTGCACTCTCCCGAGCTGCGCTAGGCGGGCGCCACGGCTGCCCGGCGAAGGAAACCGAAACCGAGTCCGGGCCCGTCCCTCCGCGGCCCCATCCGCCCGGTGCACCCGGGGCCGCGCTCGCCAGGCCGCGGAGCCCAGAGCTGCGCGCACGAACCGTGCGCCGGGAGGGCGTGGGCGTGGCGCCGAAGGGTCCCGGGTCTTCGACGCCTCTGCGGCGGCTCCTCCCTCCTTGCAGTTGGATCCCTGGCGGGTGCGGCCCGGCCCGGCCCGTGAGCGGCGCACAGA,7.224520115167512,2.8529017605598552
2352,ENST00000237654.8,ENSG00000118816.9,CCNI,77047158,77076005,53.80509083892623,2772,2493.88,3764.64,34.0102,CTTCCCCTCTCTTCCCCTCCCTCCCCAGCCTTCCCCGCGAGCGGACGCGGCAGCGCCTCTGTCTCGCTTTTTCTTATTTTTCCCCCCTTTCCCCTTTCTTTTTTTTTTTTTCTTTTCTTTTCTCCCCTCCCCCCCTTTCACCATTTCCCCTCGGAGGCGCTTTCCCCGGGCAGGGGCAGAGCCGGTCTCACCCCCCGCCTCTCCCCGGCCCCCGCCGCCCTATGGCGAGAGGGAGCCCCCTCCCAACCCGGGCTCGAGCGGCGGCGGCCTCAGGCCGGGGGTCATCATGGAACTAATTCGCTGACCGACCCAGCGGCCGCAGCCGTGCGTCCCGCTCGAGCGCCAGCGCCCGCGCCCGCGCCCCCCGATCCGCTTCCCCTTTCTCCCTCCTCAGTTGGCCGAGTCGTCCCGCGCGCACCGCCTCCGCGCGCCTATGAGAATGAGGTGGTAACGGGCCCCCGGATGACCCCGCGTCACCACTGTGAGGCCTACAGCTCTGCCGGGGAGGAGGAGGAGGAGGAAGAGGAGGAGAAGGTAGCTACAGCAAGCTGGGTAGCAGGCAGATCCAAAGGATATC,1.5820280633141304,0.6617751917481451
2353,ENST00000504123.5,ENSG00000138767.12,CNOT6L,77713387,77819615,5.2576141005164905,8843,6998.82,703.919,2.266,GTGTGTGTTTCCCCTGCCGCGGGGAAATGGCTGCTGTTGCTTCTGGGCCAGAGGAAGAGAATGAGGTAGAGTGTTCTTTTGCCTCCGAGTAGGACCGAGAGTGTTGGGAAGAGGAGCGCGTCCCCGGGGAA,2.3202180496542324,1.2142603934444818
2354,ENST00000395594.2,ENSG00000163291.14,PAQR3,78887127,78939438,3.4399865176639084,3995,3182.56,288.105,2.03956,GCTGGCGGCAGTGGCCGGTGTGAGCGCAGAGCCGGGCCCTGGGCAGCAGCGGCAGCGCGGTAGGACCTCGCGCAGCGTCCGCGGGCTCCGGGGCGGGGGCGCCAGCGGCGAAGCCCCCTCCCCGGGGAGGCGGGACCTGGGGGAGCTCCCGAGCCGGGGAGCGGCGGCGGCCGGGAACG,1.6866316841200595,0.7541449614692417
2355,ENST00000313899.11,ENSG00000138668.18,HNRNPD,82352498,82374503,429.8129422672095,3033,2660.64,812.836,6.88301,AAAGCGAGGAGGAGGCGAGAGCGGCCGCCGCTGGTGCTTATTCTTTTTTAGTGCAGCGGGAGAGAGCGGGAGTGTGCGCCGCGCGAGAGTGGGAGGCGAAGGGGGCAGGCCAGGGAGAGGCGCAGGAGCCTTTGCAGCCACGCGCGCGCCTTCCCTGTCTTGTGTGCTTCGCGAGGTAGAGCGGGCGCGCGGCAGCGGCGGGGATTACTTTGCTGCTAGTTTCGGTTCGCGGCAGCGGCGGGTGTAGTCTCGGCGGCAGCGGCGGAGACACTAGCACT,62.44549147352823,5.964525508776884
2357,ENST00000621267.4,ENSG00000152795.17,HNRNPDL,82422564,82430408,495.5412572483072,4139,3944.91,277.42,1.58439,GAGGCCGCGCGGGGCCCGGGCTTCGGCCGATCAGCCCGGGAGGCCCCGCCGCGCCCCCTTGGCCCGCGCGCCCGTGGTCACAGTGGAAGAGGCGCCCGCGCTGCGCTGCCCGGAGGAGCCGTCGCGCGCCCGCTTCCTGTTCGGCTGGTTCCTGCCAGCTCGAGGACAAAACACGCGTGCGCGCGGCGGGCGAGCGCGCTCGCCGCCTCAGTCGCCAGCGCCGGGCGCAGTCCGCCTTTTTCCGGAGCAGACTGGCCGCGGTGCTAGTCGGTAGCAGCGGCCGCCGCAGCGGCTCCGCACTGGCGAACCGAGGGCAGAAAAAGGCGGGGTTGACGGCTTTTTGGTAGGAGTGGGCTGGACCGGACGCCAGAGACAAAGGCTCCCAAGGCAAGAGGGACTGTGGCCCTGCGTCGGCTCTGCTCGGGACTGCTGACCCCAGGAATTTACGCCCCTTCGTTTTTCTCTTCTGATTCTTCTCTTCTCCCAAGCCCGCGTCCCCTCACGCGTGGCCTCTCTCCTTGCCGGGAGGGCCGCG,312.7646963489464,8.288933865857596
2358,ENST00000319540.8,ENSG00000145284.11,SCD5,82629539,82798857,64.96551358256166,3101,3377.11,656.765,4.38154,ATTTTCACAGCTCCTCCTCCCCGGCCGCGCGCCCCTCCCGCCCCGCGCGCGCCTCCTCTTTCTCGCGGCCGAGTTCAGCCCGGGCAGCCATATGGGGGATACGCCAGCAACAGACGCCGGCCGCCAAGATCTGCATCCCTAGGCCACGCTAAGACCCTGGGGAAGAGCGCAGGAGCCCGGGAGAAGGGCTGGAAGGAGGGGACTGGACGTGCGGAGAATTCCCCCCTAAAAGGCAGAAGCCCCCGCCCCCACCCTCGAGCTCCGCTCGGGCAGAGCGCCTGCCTGCCTGCCGCTGCTGCGGGCGCCCACCTCGCCCAGCC,14.827095857292562,3.8901641436187564
2359,ENST00000348405.8,ENSG00000138674.16,SEC31A,82818661,82901166,2.3966643733740027,4012,4140.14,810.215,4.40907,GACGAGCGCTGCACTAACGCAGGATCCGGCTGCCGAAGGTCCTCGCCAGCAGG,0.5435759408160911,-0.8794464924123967
2362,ENST00000295888.8,ENSG00000163625.15,WDFY3,84669610,84966391,3.0849549290510176,14247,14297.9,1168.74,1.84165,GCGGCCGCAGAATCGAGCTCGGGCCCCGGCCCCCGGCCCGCGGCGCGGGGCTCCCGGGCCCCGCCGCGGACGTCGCGCCGGTCGCCCCTTCCCCGTAGCCCGTGCGCCCTCGGCGCGGAGCCCCGGCCCGCCGCGGTCCCGTCTCCTGGGCCTGTCCCGCCCGCGCCCTCCGCCGGCCCTCAGGTATAATACTTCTCCACGTCTGCTTCAGGAAGAAAGTGCCTGCCATTCTTATCATTTCTAAGCAGGTTCATGCCAGCCCAGAACAGAGAATCAGCTGGAGCCCAGATTTCAAGTTTTGAGTAAAATACCTTCAAGCGAATGGGCCCTATTGTGCTCACACATTCAGAACCTGTTACCCAAGGAATTCCCTAAAGAATTAGAAGTGCGTCTCACCAACCAGCCAAG,1.6751038085689558,0.7442505042074197
2363,ENST00000273963.9,ENSG00000145332.13,KLHL8,87160103,87240314,21.206477290754,5621,4459.13,445.191,2.24936,GCTCGCGGGGGCTGAGGCGAGAGGACGCCAAGCGCCCGCCGGGGCTCCGCGGGGCCGCGCAGGAGAGCGCGCGTCCGCCGGGTGCTCGCGCGGGGTTGGTGAGGTTCCGCTGAGGGCGGCCGGGGCTCTGGGAGCGTGGTAACGTGGCTGCAACCTTAGCGACATCAGGAAGAACAGGGTCGAGGATCGAGTCACAGCAAACTGTACAATGGCAGTTGAGTGGGTTTTGAAAAACGTCTGAATTGTAGTGTCTACATCTACCTTCTGCCTTCTCTCTACCCTTTGAAAAAAAATAAATGGCATGTTTGAGAAGAGAGCTCTATTAAAAGAGGAATATTGCAA,9.427782698524913,3.2369185062150008
2364,ENST00000358290.8,ENSG00000198189.10,HSD17B11,87303789,87391386,27.042309518097703,1885,1384.81,241.744,3.93304,TGGTGTAAAAGACAATCGCGGCCACACACCGCGTGGGGGCTGCGCAAAGCAGAACTAGGAAGCTTTGCTCCGGTCTGGACTTCGTCCCTCCCAGATCTCTGAGCTAGCAAGCACTGCAGCCCGAGCCAATTGCGAAAGACCAACAAAGCCCAGCCCAGCGGAAGGAACGGTTTCGGAGTTGTTTTTCTTTGATACGGGAGTTCCTCCTTGCTCTCGCCCCTACTCTTTCTGGTGTTAGATCGAGCTACCCTCTAAAAGCAGTTTAGAGTGGTAAAAAAAAAAAAAAACACACCAAACGCTCGCAGCCACAAAAGGG,6.875676199097315,2.781501604595471
2365,ENST00000608933.5,ENSG00000163644.14,PPM1K,88257620,88284769,15.56107819765916,6484,5447.42,362.351,1.49865,GTCAAATAGCAGCCGCGGGGAGGCTCGTTCCCATCGGCATCTGTGACTGGCTGCGATCGAGGGCCCGGGCGGCCGGCCAGCCGTCTCGCCGAGTGCGGACTGGCCGGATCTGCTGTCAGTCAGCGGGAACAGACTTCTCCCTCTCCATCTGGTCAACTGCGGGAGAAAAATTTTCGAGAATTTCCAGCAGGCAAGGCAGTGGCCGCTTTGACTGCTTGCTTCGGAGATCCGAGACGACGGAGAAGGCACTCTTATTTACCGACCAAGAAAGCTCCTCCCCCGTCCTCCGTTAGCTAATTAAAACATTTTTCAGGGACGTAGCCATCCAGAGACATTCCATTATTGTTCCATTGACCTTTCCCTCATCACTGAGTCCTTTGGAGCTGAGTT,10.383397189243093,3.3762066297417497
2366,ENST00000273968.4,ENSG00000145337.4,PYURF,88520985,88523813,145.7141232537404,1361,1108.93,768.0,15.6033,TCCTGGAGGACCAGGGGGCGGGGCCTGCCCGGCTGGCCTGGACGAACGGGAAGCCGGGAGCTCGGCCACGGGTGGCGAGGCTGCGGTGAGGCCTGGTCTCCGGCTGCCAGACC,9.338673437909955,3.223217629113518
2368,ENST00000305798.7,ENSG00000168785.7,TSPAN5,98470367,98658629,16.713509606847747,3365,3376.26,233.799,1.56016,GCGAACGGGCGGGCGAGCAAGCGAGCGGCGTCTCCACCAGCATCTGCCGCGGCCGCCTTTGCCCGAAGCCCGGGGACGAACCGACGGACCGACCGCCTGGCGCACGGACGCGGGCGCTCGCTTTGTGTTCGGGGCTAGCGTCGGCGAGGCTTGAGCTTGCAGCGCGCGGCTTCCCTGCTTTCTCGCGGCCACCCCGGCTCCGGCGGCCTCGGCGCGCGAGGGGCTGGAGGTGCGGGAGCCGCTCTCCGCCGGTCGGTCCCCGCGCGGCTGAGCCCAGGCCGCCAGCGCCGCGGCCCCGTGCGGTGTCCCTGAGCTCCTGCTCCCCGCCGGGCTGCTCCGAGCAACGGTGCTTCGGAGCTCCAAACTCGGGCTGCCGGGGCAAGTGTCTTCATGAACCCAGAGG,10.712689472136029,3.421248815966672
2369,ENST00000505992.1,ENSG00000151247.12,EIF4E,98871684,98930637,27.832866549011463,898,694.337,186.927,6.06547,GTGCGATCAGATCGATCTAAG,4.588740287069504,2.19809815559309
2370,ENST00000296412.12,ENSG00000197894.10,ADH5,99070978,99088801,56.77635206446769,2615,2353.23,761.436,7.29004,GCGCGGCCCACCCCGGATGTCAGCCCCCCGCGCCGACCAGAATCCGTGAAC,7.78820857834356,2.9612915218230262
2371,ENST00000394877.7,ENSG00000145331.13,TRMT10A,99546709,99564032,15.270900106274595,3516,2338.24,119.853,1.15485,CTCTGGGAATTGAAGTTTCTGTGGAAGGAAGCGTGAGCCGTAACCAGGCCAACCCAGAAAGGCTTTCTTTCTGAGATTTCACTTCCCTGTCAACTCTTCAGCTCGAGGCACCAAATA,13.223275842122003,3.7250077192168978
2372,ENST00000499666.6,ENSG00000109270.12,LAMTOR3,99878336,99894490,42.92770154659837,4226,3508.31,204.902,1.31586,GGAAATCCCGTATCGTAGGGCGACGGCGGCTTAGAAAGTGCTTCCTGGAGCGCAGACGAGGTCATGAATCATGTGACGGTGGCTTGAGGAGGAACCTGTCTTTAAAGCTGTCCCTGAAGTGACAGCGGAGAGAACCAGGCAGCCCAGAAACCCCAGGCGTGGAGATTGATCCTGCGAGAGAAGGGGGTTCATC,32.62330456629001,5.027831021631536
2373,ENST00000442697.6,ENSG00000164031.16,DNAJB14,99896248,99946726,10.187775325049136,6075,3944.63,398.429,2.27566,GTCCGCCCGGGCCGTCGCAGCCGCTGCCGCGGTCCCCTGCGCTCCTCCCCGCTGCCGCCGCACGCCCCCAGCCGGTCCCGCCTCGCCTCCTCCGCGGCGGCGGCTTCCGCCCTTCTTAGCTGCGCTGCCGGAGGAAACGGAAGAAGGAGCAAGCT,4.476844223235957,2.1624821189394834
2374,ENST00000296417.5,ENSG00000164032.11,H2AFZ,99948086,99950388,708.0150629990276,979,756.409,4291.57,127.827,CTCAAGGACGCGTCCCGAGGGCGGGTGGCAGCCATTGGTGGGATGAGCAATCCGAGTTCCCGGATGAGGGAACATTCTGCAGTATAAAGGGAGCAGGGAAGGCGGGAGACAGCGCAGTTTGAATCGCGGTGCGACGAAGGAGTAGGTGGTGGGATCTCACCGTGGGTCCGATTAGCCTTTTCTCTGCCTTGCTTGCTTGAGCTTCAGCGGAATTCGAA,5.5388537867510585,2.469587455108325
2376,ENST00000394853.8,ENSG00000138814.16,PPP3CA,101023409,101348278,28.482409980381853,3604,3317.25,340.321,2.31139,AGCAGCGGCGGCCGCCTCTCCGCCGCCGGGGACGCCAAGGTGCGGCTGGTGGCACTGACATCGGCGGCCCTGCCTCTCCTCCCTCGCCCCCGGCCTTCCCCATGTGATCGGTCTTAATCCTGGCCGTGTGTGCGCGCGTGGGGCTCCATTCCGCGGTGCTGGGTCTCCGTGCCGGGGTGGGTGCTCGTGTGTGCGCTTCTCCTCCCCATCCCCCTTCCCCCAAGAATAAAAGAAGAACCGGGAGGCGTGCTCAGAAAATAAATAAATAACCACCACACACGCGCAGCCCGGAGCGAGTCGGCGGGGCTGGCGGCAGCGGCGGAGGAGGAGTGAAGGCGGCGGCGGCGGAGGAGGGACGCGCGGAAAAGGCAGCAACTTTAAAGCCAGCTCAGAGCCTAGACCTCCAGCCGAGCGGTTTGCAGCGCGGCGGCGGCGGCGGCGGCGGCGGCGTTGAGTGTCTGGCCCGCCGGTCCGGTCGGGGTGTGCAGTCGGACGGACGAGCAGCGCGTCGCTGTCCTCCGGCAGCTGGAG,12.322632693046979,3.623238611264339
2377,ENST00000394833.6,ENSG00000138821.12,SLC39A8,102251041,102450010,41.7030107959537,3238,2781.92,125.439,1.0159,AGTGTGGTTTTAGTTTTTCCTAAGAAGTGGCGTGGTTTGGGGCTTTATATCCGGGAGGAGCATATGTACGCAAATCCTGGGGCGTTTGCAAACCCGGATCCGGGGCGTCTGGCCCCATGCCCGGCCGGGCGTTTGAGGGCTACTGCCACGCAGCGTTTCTGGAGCCTGCCGGCTGGTGCCCTGGTGGCCTTTATCTCTGTCCCCCTTTGTCCTCTTTATCTCAGGCTCTCCAGGAGGCCGGGGGGCCCACTCCGCCTATCGCTCCCCTCGGCTACGCTGCCACTTCAATGCCCCGCAGGTCGCGAGCTGCTGTTCTTTCGAAGGCGTCGGAGAACCAGGGGCGTCCCGCGCCACCTCTGACTCGGAGCAGCGCCGAGCACTGACGCTCCCGCCCTTGGGCAAGGACGCCAGTGCGCCCGCGCGCGTCCCTCTGCGCGGCAGCCCGTCGCGGGCCCTCAAGGGGAAGCCCAGGCCAGG,41.05031085338488,5.359321241736698
2378,ENST00000226578.8,ENSG00000109323.8,MANBA,102631488,102760994,6.255031426434524,2904,2512.77,117.544,1.05392,AAAGCCTCGGCTACTTCCGAGGGGGTGAGTGGCTTCACCGCCGGTCCCTTGCAGCGCTGCCTTTCGATCTCTCCACATCTCGGTGGCGCGGGATCTCAAG,5.935015396267766,2.5692517724266333
2379,ENST00000296424.8,ENSG00000164039.14,BDH2,103019868,103099883,27.13988013032064,1126,797.881,209.081,5.90389,AGCATGCATTATTAAGCGCTTGACTTGCTTCCAGACAAAGGTTGTCTCAAGTTTGTTGCTCAAACCGAGTTCTGGAGAACGCCATCAGCTCGCTGCTTAAAATTAAACCACAGGTTCCATT,4.596948813463774,2.20067660198828
2380,ENST00000265148.7,ENSG00000138778.11,CENPE,103105806,103198409,17.50991437586563,8612,5828.4,959.464,3.70886,TAAATTTAAAGGCGGGGCGGCCTGTGAGCCCTGAAGTGCCGGCCGCGGAGGGTCCTGGCCATTTTCCTGGGACCAGTTCAGCCTGATAGG,4.72110416027179,2.2391243130308407
2382,ENST00000340139.9,ENSG00000138785.14,INTS12,105682627,105895986,17.07425770840841,1710,1325.07,386.511,6.5718,AGGGACCACCGGGAACAGACGGATCGGCAGGGCGGGGCGGAACGGTGAGGCCATCTACTGAAACACAGAAGCAATTTTAAAAGAAAATGGAGGAAGTATAACTGATCTTTGCAGAAAGTGGGGAAGTGAGTTGACCAGAGAAGGATGAGAGAATTGCCAAGTTGTACTGAACGCCAAGCTGAGAATGGTGATTCTGAAGATAGAATGCGTTTGCA,2.5981097581192993,1.3774623792652547
2383,ENST00000265174.4,ENSG00000138801.8,PAPSS1,107590276,107720452,40.59310562123767,2731,2813.22,574.106,4.5978,GCGAGCGCTGAAGCTCCGCCCCCAGCTTCTACCTCCGGTTCTATCCCGGCGTTTCGCCCTTCCCCACAGACCTCTGCCCCGGACCCATTTCCGAGGCGCGCCGCATGCGCCGCGCAACCCAGGCCACGAGCACGGGCGCGTGCTTAAGTCAGCGCGCGCCCGCTCCGACGCGAGGAGGCCCCGCCCTCCAGCCCCGCCCCGCTCGCTGGCCTGCCCTCCTCTTGCTACCCTCCCGGCGCAGAGAACCCCGGCTGCTCAGCGCGCTCCGCGGTC,8.828810653190148,3.1422191026174477
2384,ENST00000438313.6,ENSG00000138795.9,LEF1,108047545,108168956,20.105207229048208,1488,1483.29,272.63,4.14104,ACAGCGGAGCGGAGATTACAGAGCCGCCGGG,4.855110607250403,2.279504162938797
2385,ENST00000265164.6,ENSG00000138794.9,CASP6,109688622,109703583,15.76902046206563,1548,1350.38,134.16,2.23835,CCGAGGGCGGGGCCGGGCCCGGGAGCCTGTGGCTTCAGGAAGAGGAGGGCAAGGTGTCTGGCTGCGCGTTTGGCTGCA,7.044930623926387,2.8165854994362354
2386,ENST00000243501.9,ENSG00000123739.10,PLA2G12A,109709989,109730077,20.03856338157439,5226,4593.76,801.105,3.92901,CGCAGGCGCACAGGGGACGGTTGCTGGCCCAGGTGAGCGGGCGCGCTGGTCCAGGTGAGCGGGCGCGTCCCCGCGACGGCGCTGCCTGCCCGAGGCGGTTCACGTAAAGACAGCGAGATCCTGAGGGCCAGCCGGGAAGGAGGCGTGGATATGGAGCTGGCTGCTGCCAAGTCCGGGGCCCGCGCCGCTGCCTAGCGCGTCCTGGGGACTCTGTGGGGACGCGCCCCGCGCCGCGGCTCGGGGACCCGTAGAGCCCGGCGCTGCGCGC,5.100155861546392,2.3505413367398433
2387,ENST00000394607.7,ENSG00000170522.9,ELOVL6,110045846,110199199,49.54028708490218,6454,6101.24,283.264,1.04601,GTAGACGAGTAAAAAGGGTGATGGACAAACGTGCGGGCACTAAGACCGCAAGGCATTCATTTCCTCCTACGGTGGATGCGGACGCCGGGAGGAGGAGAGCCCCAGAGAGAGGAGCTGGGAGCGGAGGCGCAGAGAACACGTAGCGACTCCGAAGATCAGCCCCA,47.36119834887064,5.565633679868177
2388,ENST00000361717.3,ENSG00000145365.10,TIFA,112274542,112285903,60.47000064247753,4157,3738.99,202.971,1.22305,TTTACAAAGGCCCCGGGCGCGAGAGGACGTGCTCTGCCAGCCAGTGGGAAGGCAGGCCGCGCGCGCGGGAGCGCGGGAGGATCGGCGGCTCGCGGTCACTGGTCCCTGGCTCGGTTCCCCGCACCCCGGGGCTCACACTTACCCGCGCGGAGGAGCAGCGGCCGGGTGTCCACCCCCATCCTGCGCCCAGTCTCCTCGATTCCCCTCGCTCTGAGCCGGGAGAGCCGAACAGCTGAAGAGAGTTCACTGACTCCCCAGCCCCAGGTGGGCCTTGTGCACATC,49.44196937367853,5.627664304736718
2389,ENST00000394524.7,ENSG00000145349.16,CAMK2D,113451032,113761927,4.298578118385794,5294,4673.06,548.562,2.64476,AACTGCTTGCCACTCGTCCCGTGCCTGGCTGTTTTTCCATTTCCCGGCCCCCTCTTCTTGAGTACTTTACCCCCTGCATTTGGGGACAGGGACTGGAAAAGGGGCGGGTGGAGCGTCCAGTGGAGAAGAAGGAAGCGAGGCCCGCAGGAGGAGGAGGATCGGCGGACTGTGGGGAGGAGACCCCACGCCACCCTTTCTGGTCATCTCCCCTCCCGCCCCGCCCCTGCGCACACTCCCTCGCGGGCGAGCTACTTTCGGACCAGGAAAGTAAGAGCGGCCCTGGGTGACAGCGCCGCGGGGCCAGTCCCGGGGTTAGCCGCGCGTCTGCTCGCTTCTGGTCCGTCGCGCTCCCAGCCAGGGCACAGCCCGGACCGAGG,1.6253187882400646,0.7007227145143547
2390,ENST00000296498.3,ENSG00000164099.3,PRSS12,118280038,118353003,5.507303130526204,4809,5226.95,646.288,2.78573,GCTGCGTCCGCGCCTTCTCTTTTCCGGTCCTCTCCGCCGGCCGGGGCTCGGCTGAGCTCCAGATTTCCCCACCCGCGGCCGCCGCCAGGGGACAGGAGCCGAGGCGCGGCAGGGCACCAGCGGCGGGAGGCAAGGTTGGGGAGGCGAGGGCGGTCCGCGTGCGGGGGCGGGAGGGGGCTGGGGGATTCGAGGGACGCGGCAGCCCCGCCCCCGCCCCCTCCTCTTCTCCGCTCCAAGCCCGAGAAGCTGGGGAGCATGGACCAGACCCCGCAGCGCTGGCACC,1.9769694588227158,0.9832905837907671
2391,ENST00000280551.10,ENSG00000150961.14,SEC24D,118722823,118838683,8.718063717045217,4030,4022.43,391.905,2.1951,AGCCGAGAAAGGGTTTGACGTGGCAGTTCCCAGCCCAGCTGCAACTCCGAGCGTGAGTCCAGGCTAAGGGGACGCCGGCCGGGGAAGAGGCGCGGCGGGAGAAGCGACCGCAGCGGGAGCCCGGCCACCGAGGGCTGCCGGCACTAGGCGCAGAGCCGCCAGCGCTCGGAAGCCCGCGGGGTGCGGGAGCGGGAACAGACTTCTTTTGTAGAATTATCCTATGGAATGATATTTTCATA,3.9716020760080255,1.989721083156251
2392,ENST00000296509.10,ENSG00000164109.13,MAD2L1,120055608,120067074,275.61369573967545,5468,4484.51,1054.99,5.30022,GGAATCGTCATCTTCTTCCCTCGGCCCCAACTAGTAGACCACGACCAGAAGACACATCCTAACCTACACCTACCGTAGTGTCACACCCGGCACAGCGCGACCAGGTCCACCAACTGCGCCTGCGCGAACCGGCCGCTCCCGCGACATCACAGGAAGGCTGAGAGAAAGGGCAGGTCCCCGCTGCGTGGGGCTGGGCTTAAAGGCTCGTCGCGCCTGCGCAAAGGACCTGACGACGTGCTGCGTCGTTACTTTTGAAACGCTTGGCGGGGAAGTGCTGTTGGAGCCGCTGTGGTTGCTGTCCGCGGAGTGGAAGCGCGTGCTTTTGTTTGTGTCCCTGGCC,52.00042559359336,5.7004515258190525
2393,ENST00000379692.8,ENSG00000173376.13,NDNF,121035613,121073021,8.639161103719797,2885,2705.22,128.0,1.06603,CCGCGAGAGAGTGGAGCTAACTGAGCAGCGCACCCGCCACGGCCGCTGCCGCCCCGTGCGCCCGGCTCTCCCAGCACCCCGCGCGGCGCTCCAGCCAGGCGCCTGTGCGACTAGCGGCGGCCGGCGAAGCCCGCGCCAGCCCCGCGGGTCGCTGCGGCATCCTCCCGCCGCCCAGCCCCCGCACGCTCCCTGCAGTTTAAAAGGACCTCCCGCCGCTTCTCGGCGCTGCCCCGGGATTCCCCAGCCCCGCGCGGCTCCCTACTCCACTTCGCAGCAACTTCGGCGACCGCGCGCCGCCCGCCCTCGCCCGCCTTTGAAGTTTGCTGTGCCGACCGCAAAGTTGGGACACTTCAGCGGATTGAATTTTTCTCTTTTATCTGCCTCCGTCCCCGCCCTCCAGGCTTCTCGTTCCTGGATATTGGTGCTTAGCATCTTGGCAGGGTCCGGGGACGTGGACTATTTCGCACACCACACCACGGGGAGGGATTTTTTTCTATTTTCCCTACGAAAAACAGATCTTTTTAAGG,8.104050639963038,3.0186431891680843
2394,ENST00000296511.9,ENSG00000164111.14,ANXA5,121667955,121697113,286.0287858872516,1762,1601.76,2849.78,40.0845,AGGCGCGCTGAGGCCGGGGCAGGGGCGGGCCCGGCTGGCGCGGCCGGCCTGCGGTTGGGGCCCTGGCGGGGGTGGGACGGGCCAAGCCGGGCAGGGCCGGGGTGGGGCCGCTGGCGTTTCCGTTGCTTGGATCAGTCTAGGTGCAGCTGCCGGATCCTTCAGCGTCTGCATCTCGGCGTCGCCCCGCGTACCGTCGCCCGGCTCTCCGCCGCTCTCCCGGGGTTTCGGGGCACTTGGGTCCCACAGTCTGGTCCTGCTTCACCTTCCCCTGACCTGAGTAGTCGCC,7.135645595860036,2.835043963101237
2395,ENST00000274026.9,ENSG00000145386.9,CCNA2,121816444,121823933,170.02561335814084,2797,2530.53,2857.88,25.4446,CATTTCAATAGTCGCGGGATACTTGAACTGCAAGAACAGCCGCCGCTCCGGCGGGCTGCTCGCTGCATCTCTGGGCGTCTTTGGCTCGCCACGCTGGGCAGTGCCTGCCTGCGCCTTTCGCAACCTCCTCGGCCCTGCGTGGTCTCGAGCTGGGTGAGCGAGCGGGCGGGCTGGTAGGCTGGCCTGGGCTGCGACCGGCGGCTACGACTATTCTTTGGCCGGGTCGGTGCGAGTGGTCGGCTGGGCAGAGTGCACGCTGCTTGGCGCCGCAGGCTGATCCCGCCGTCCACTCCCGGGAGCAGTG,6.682188494145746,2.7403206794304067
2397,ENST00000506636.1,ENSG00000138686.9,BBS7,121824440,121870497,18.24030961056872,2570,2052.72,159.435,1.74991,AGGACCTAGGCGCGGTAGCTGGGGCTGGCTTTTGAGGGGCGCGGGCAGCCTTCTGACTGGGTCGGAGGCCTGCGGGCCCGAAGCCTCTGTCCCTCCTGTTCTTGTCCGGCGCTGCTTAGCCCCTCCGCGTAGTCATC,10.423570132503224,3.3817775884634624
2398,ENST00000504087.5,ENSG00000151458.11,ANKRD50,124664052,124712732,6.104355801066277,8794,7272.89,396.718,1.22896,AGTTACTGCCCTGACGGCGGCGGCGGCGGCGGTTGGCCGGTGGGGGCTGGGGCGAGCACGACCGATTCTGCTGGGAAAGCTGGAACTGGCAGCCGCCGGGGGCCAAGAGGAGGATCCGGAGCTGGGAGCGTGCCCCGGGCCCGGCGGAGGAGGCGGCTGCAGTTGGAGTGGAGTCTTGGGAGCGCTGCTGGCAGCGACTTCTCAGCGAAGCAAGTGTCTGAGACTGAGAGTCCCTAACAGCGGCAGCGGCGGCCACGGCGGCGGCTGGGGCCGAGTTACTTGTGGAAATTGTTGATTACCCGGACGTCTTAAAACCAAGAAACCTGTGAACAGGTTCATTAAGAATCTGCTGTCTTGAAAAATGCATATTATGAATGCTTTGAATTAAGAAGGTGTTAACAGTGGTTGTCATTTCTGCCACATAAGAGACTATAATCTGAAACAGTTCCTGGCAGTTGCCCAGATGCCTGAAACTGGCACGATCTAGTACTCTTGAGTGATCATCCTTCAACGAGAAATACAGAGCTACTTACATACTGTACCTCATACCGTATAAATGTAATCTCTCTGATGCCATTTAATGCAGTGGACCTCTTTTCAGAATCTAATTGTCAGATGCAGAATTAACACTTGGAATCTGGAGAAGCATTTTGTACAAATTGAAAGATTGGGTTTTTTCTTTAGTTTTCCACATGTATTGTCTCATCTCTGTTCTTGAAACATCCACAATCACATAAACTCCAGTTATAACCATGGAGTTATGTGACTCATTAAAATTTAGGAAAAGTGTTGCTGAGCTGTGGAATCAGGCGTTTCTCCCTCAGTTCAACAACTAATACATAGACTGCTGATCAAGAATAAGGAACCAAATAAAGTCATGCACGTTCTGTTGACAGAGGAACTCTGTGGCTGTTGAATTTTACTGTAACTAGTTACTCTGTCTTCAGAGTCAACTTAATATACAAGTTATGTCATAATGGATGGAAAGACCTGTGTTGATGTATCCAGACTCTAGCAAATGAAGATAAAAAACCCGTT,4.967090711712568,2.31240109429737
2399,ENST00000296468.7,ENSG00000164073.9,MFSD8,127917805,127965995,18.0079187650067,4510,3673.23,237.868,1.45898,AGGTTACAAGCAGCAGATCCCACCTTCAGTCCTGGCTCTGACAAGCCCTCCAGCTTCACGCCACCCGGGATGGGAGAAAGCAGGTGTCGCGAGAGTTGGGCGCAAGACGCCTTGTAGGGAGTGTAACT,12.342813996769456,3.625599442078586
2400,ENST00000281142.9,ENSG00000151466.11,SCLT1,128864921,129093607,6.2048391925033695,3055,2319.07,200.479,1.94768,AAGAGGCGCCACCGTCTCCAAGGAGTGGTCCGGGGCACCGGTTTCAAAGTCGCAGGGCGGGCCGAGTGGACTTCCGCTGCTGGCCTGGGGCTTCCCAGCCGTCTTGGCGTTGTCCTCTCCAACCCCCGCCGCTCCGCGTAGAACGCCGCTCTCAGGCTGCCGTCAAGCTCCCGCGGCACTCTCCTAGGTGGCCCGACGAGACCCAGAGTGACCCGCGGGACGCCTGTATCGACCGCGTCCTCTTCCCACCAGCGTGGGATTCGGTTGAACGTGGAGTCCCCAGCAATCTTCAGTCTCTCACCAGGGCCAGGGACTCGTCTGGGGCGCGGGGGAAAGAAGCGTGGCGGGGCTGTAGATGCCGCGTGAGTAGGATGCAGATTGCACCGCTGGAGCGCTTGACAACCAACCGAGCGTTGGCTTAGTTTTGTTTTCCCGCACAGCAAGCTCTCTGTCTTTCAGAGGAAGGTAAAGGTGGTGAAAGCTCTAAACTAAAATTGTATCGAA,3.185759053080264,1.671637156357477
2401,ENST00000280612.9,ENSG00000151012.13,SLC7A11,138164097,138242349,11.817681627996556,9645,7647.0,352.98,1.03997,GGTTTGTAATGATAGGGCGGCAGCAGCAGCAGCAGCAGCAGTGGTGGAACGAGGAGGTGGAGAATTGAGAGCACGATGCATACACAGGTGTTTCTGAGTAGTAATTAGATCGCTGTGAAGGAAAAAGCACACCTTTGAGTTTTCACCTGTGAACACTATAGCGCTGAGAGAGACAGTCTGAAAGCAGAGGAAGACATCGATCAGTAACACCAAGAGACACCAAAGTTGAAAGTTTTGTTTTCTTTCCCTCTGTTTTATTTTTCCCCCGTGTGTCCCTACT,11.36348320431989,3.5063332212213525
2404,ENST00000510408.5,ENSG00000109381.19,ELF2,139028112,139177218,3.123067462837869,1965,1758.2,306.84,3.93192,GGAGTGTGTGCGAGTGCGTGAGTGTGTGTCGGTCGCACGGCGTGTGTCTCCGGCCGCGGGTTCCGCCTCCTCCCCTGCCGCCGCTGCTCACGGTGTAAGTCAATGTGAAGCAGCAGCTCCAGCCCCGGGATAAAC,0.794285606736116,-0.3322702344557598
2405,ENST00000398955.1,ENSG00000137463.4,MGARP,139266163,139302551,9.276366711825862,1339,1079.41,55.6798,1.16218,GTTAGGGGAGGATGGTGAGGACTACAAAGGTCTCCCCACCTCCCGGGGGCCGCGGAGGCGGGGCTGGATGAAGGTCGACGTGCCTCCTCCGGGCGGGGCGCTGCCAGGCTCTCAGCCTCTCTGTGGAAGGGCAGCCTGCGCCTGGGTACCGAGGCTGCTGCGCGGCGGACAGCGGGCGCG,7.981867448954432,2.9967263209033144
2406,ENST00000274031.7,ENSG00000145391.13,SETD7,139495941,139606699,31.76684459070427,7365,7596.4,2604.57,7.72485,GGGAACACGGACAGTGCACGACGGACTTTCAAGTTGCTCCCGGCACAACGGGAGGTCGGGAGCTCGGAGCCCCTACGGGCGGTCCAAGTGTCCGCGAGAAGCCCGCAGCGCCCAGGACCGCGTTGAGCGCTCGGGGCGCGCCAAGCCGCACCTAAGCAAAAGAGAAACGCTGACGGGCCGGAGGCGGGTTGGCTGGGACGCGGAATACGCGCGGCCCCGGAGCGCCTTTCGTTTTAAGGAGCCTTACTTCTGGAAAGGGACAGGGAACTGTCAATCAGCGAGGGAGGGAGCGCACCGGCGCTGGGTGATGTCAGCGGATCAGCTGCTCGATAACAAAGAGAGGGTATTACAGGAGAAAGTTGCAGCAGCGGCAGCGGCCAAGGCGGCACACCGGAGCCTCCGAGGCGAGGGGCAAGTGGGCGAAGGGAGGGGGGACGACGGCTGCTGCCGCAGCAGCTGAAGGCCAAGGAATTGAAAGGGCTGTAGGGGGAGGCAGTGCGAGCCAGCCCCGACTGCTCCTCCTCTTCCTCCTCCTCCTCCAAACTCGCGAGCCCCAGAGCTCGCTCAGCCGCCGGGAGCACCCAGAGGGACGGGAGGCAGCCGCGCAGCCCCGAGCTGGGCAGTGTCCCCAGCCGCC,4.112292742345065,2.0399429695163755
2407,ENST00000325617.9,ENSG00000153132.12,CLGN,140388455,140427968,25.64495433793185,3043,2428.54,222.995,2.06877,TAATCTTGCTGCACTTATTACTGGACGTTGTTCATAAATATGATTTACATAAAATTCAGGACCCAATCATTGCGCAACAGGAGGTAGCACGGTCTGCAGAGAGGGCGGGAGCTCAGAGGAGGAAAAGTCTTCGGACTTGCAGGGGGAATTCCTCCTGGGCTAACCCGGGAGCGGGGTCCAGGCCACAACCGGCCGGCGGCGGCACAGGCTCCATGTGCGGCTCCCCCTGGAGGCGGTTGAGCCCCTCGGAGCAGGAGCGCGTAGCACACACCTCGGGCCGCCACCGCCTCCCGCCCGCCACCGCACGCGCACGCGCGGTTAGTAGTCGCTGCTGCGCGGCCGCCGGCGGGACTGGTCTGAAGAGACGCGGGGACCAAGTGGCAACGACTTGGACATCTGAGCTGTCACTGCCGAAAACAGGCCGCAAGAGAGATAATCAAT,12.396232707324568,3.6318298380599723
2408,ENST00000442267.2,ENSG00000109436.7,TBC1D9,140620765,140756120,4.32705964174995,5306,5662.0,604.0,2.40342,GCGCGCCTGTCGCGGTGGTGGGTGCAGGACTGGACCCACGGGCCCATTGTGCGCCCGCCCGCGGCAGCCAGGACC,1.800375981622001,0.8482982233209028
2409,ENST00000515673.6,ENSG00000170153.10,RNF150,140859807,141212877,9.62843960205566,9805,9438.05,528.493,1.26159,CGCGGGGGCGGGGAGGGGGCCCCGGCGGATAAAG,7.631987889929106,2.9320588821462175
2410,ENST00000322396.6,ENSG00000164169.12,PRMT9,147637785,147684230,8.313452183024172,3528,2987.63,220.812,1.66517,AGCGTGCGCCGCTGGCCAGGTGCGCAATAGTGGGGTATGCGTCACGGTCTGCGCCGCCCGCGGGGCCAGGACGGGGCGGAGCTTCCGCCTGGGCTGGGGTTGGCGAGTTCACCCGCGGCGGAGGGTAACTTTGCTGTGCTGTTTTTTGAGCAGTTGTCTGGTCCCTGGAAGTGTAGCATCGAGAGAGTTTTCTAATTACGTTTACAAAATATCTTCCCTTTGGCCATACAAGTGGTGACTGCC,4.992554623866735,2.3197782123764172
2411,ENST00000344721.8,ENSG00000151623.14,NR3C2,148078762,148444698,6.898447562690606,5712,5785.32,282.778,1.10124,ATTGCTCTACCCACCGTCAGCAGGGCGACTGCCACTGCCGGGATTATCATCCTCTCCATCCTCACCGCCGATCAGCCAATATTGGACTTGCTGGTGGCGGCGGCAGCAGCGGCGGCGGGAGTCTAGCCGTTCCCCTTCCCCCGCCCCAGCCTCCCCACCATGTCCTAGAAAAGCG,6.2642544428922,2.6471428135298996
2412,ENST00000604030.6,ENSG00000109686.17,SH3D19,151102751,151325632,6.785681636733368,5228,5111.2,266.651,1.17539,AGAGCGGGAGTGGGAGTGGGAAAGGCCAGGGATTAAGAGGCCGCCGGGACGCCGCAAGGAGGCGGGGAATCGGCTCGGCCCGCGCCCTGCCGCTGCCCGGCCGGCTGCAGGTGGAGTTCGCGGAGGTGGCCATTTCCACAGCCGCCGCCGACGCCTCCTCTCCGGGAGCCGCCTTCCCCCCGGCCCGAGGGCGGTGGCGTGGGGCGCCGGGTGCAGGCGTTCTGGGGCGCCGGGGCCGCAGCTCGCTGGCCATCCCGCGGCTGCGCCCCGCGCCTCGCCC,5.773132012977283,2.5293542155224
2413,ENST00000499023.6,ENSG00000171566.11,PLRG1,154535006,154550435,66.0401608209002,3351,2864.2,664.976,5.23076,GCAGAGCTTGCATCACATCCGCCGCCTGGGCGCCCAATTCCGGAAGGTGCTGCACAGCTGTGGCGGCGGGTACTGCGTTAGTGATTAGAGTTTCTTCCCTGCCGGAGGTGGGATACACGGTAGCATC,12.625347142843525,3.658251151217027
2414,ENST00000311277.8,ENSG00000164114.18,MAP9,155342658,155376970,15.547282918109705,7333,4696.33,449.142,2.1547,ACTTCCTTCGTCTGGGTGGTTGCCCCAGCGACACGTTGGGCCGAAGAGCGGTGTTGGGTACCCGAGAGACCCGGCGGTGGGGAAGTCACTTCCTCCCGAAGACGCTGTTTCCTAGCAACCGCCCTCCGCCTCTGTTATTAGCCCCTCCTCCTCGCTCGGTCCAGGACCGGCTCTGCGGGCGCCGCCAGGCCCAGACCAAGCTACTATCAGAAGTTGAATTCTAATAATTAGCTATTTTATAAAGGTAACGAGAAAAAATACACT,7.215520916187731,2.8511035521762698
2415,ENST00000274071.6,ENSG00000145431.10,PDGFC,156760454,156971394,2.099173805670876,2987,2457.18,237.51,2.17774,CGGGCAACCCTTGAGTTTTCGCCTCTGTCCTGTCCCCCGAACTGACAGGTGCTCCCAGCAACTTGCTGGGGACTTCTCGCCGCTCCCCCGCGTCCCCACCCCCTCATTCCTCCCTCGCCTTCACCCCCACCCCCACCACTTCGCCACAGCTCAGGATTTGTTTAAACCTTGGGAAACTGGTTCAGGTCCAGGTTTTGCTTTGATCCTTTTCAAAAACTGGAGACACAGAAGAGGGCTCTAGGAAAAAGTTTTGGATGGGATTATGTGGAAACTACCCTGCGATTCTCTGCTGCCAGAGCAGGCTCGGCGCTTCCACCCCAGTGCAGCCTTCCCCTGGCGGTGGTGAAAGAGACTCGGGAGTCGCTGCTTCCAAAGTGCCCGCCGTGAGTGAGCTCTCACCCCAGTCAGCCAA,0.9639230604529816,-0.053010098569874736
2416,ENST00000379205.4,ENSG00000205208.4,C4orf46,158666679,158672255,38.72232289760857,3521,2590.72,359.406,3.12556,GCCCTTCGAGATCGATTGGAGGCTCGCGCAGGAGCCGTGAGTTGCCTAAGGTGAATTGACTCATATGATTGGCTGTCCCGAAAAATGAAACGTCTTTGTGGTCCGGGGCTGAGACCCACGAGGAGACTGGGCGGGATTTCTGGCGTTAGGAGGCGGGGCCTTTCGGCTTTGGGCGCGAGTGGTTAAAAGACAGTTGGTGTCGGTTCGGCTTCTCGGGTCGGATTCCGCGGTCCCAACCCTTCCCC,12.388923232191534,3.6309788977747965
2417,ENST00000307720.3,ENSG00000171497.4,PPID,158709134,158723396,59.26081382361292,1823,1453.86,490.831,7.60626,GGTCAGCGTCGCTGCCGGTCTCCGGCGGAGACGGACTCTGGAGTTTGGGCGGCCCGGGCGGCCACTAGGTACTCTGATATTCCGTACTAAACACGTCTGCAAGTCAAG,7.791058131540721,2.9618192791801206
2418,ENST00000274054.2,ENSG00000145414.8,NAF1,163110073,163166921,35.33508582575194,1907,1784.32,325.305,4.10752,CGGAAAGCGTTGCTGCGTAAATGGCGGGGGCGTGTCTTTTGGCTCCTCCGCGTGTAGTTACCTGAGAAACGCGGGAAGTTGGGCCCAGGCAGTGTTGCTGCGGTTGCCTAAGTTGTTTTTCTATTTCTGGAGAGAGCCGTGAGCTTGTCCAGGGGCCCCAATCCTGAGGCCGACCCGGTTTCTGGCGCGGTGCG,8.602535307375724,3.1047619082259974
2420,ENST00000504480.5,ENSG00000145439.11,CBR4,168863770,169010275,63.21389874316553,1602,1283.41,61.2865,1.07587,CTATTGTGCGGCTGCAGGAGGTGTCGAGCGGCGTTATTTTTTTTTGCGGTTTGCCTTTTTTTTTCTTTTTTTTTTTTTTGGAACCGCGGTTGTTTAAAAGCCTGAGGGAACCTGGAGAGGGGCTCCCACTCCCTACCCTCTTTCCTCCGAGTTTGTGACTCCGAG,58.75607530943843,5.876666127256865
2421,ENST00000284637.13,ENSG00000154447.14,SH3RF1,169094256,169271105,3.912739140100074,5272,5654.42,325.592,1.29732,CGCCCCGGGCGCCGGCTGCGTCCCGGCCTCCTCCTCCTCTTCCTCCGCCCTCCTTGGCTGGGAAAGTGGGAGGCGGCGGCGGCGGCGTGGTGTGTGTGCGCGCGTGAGGGGGGCAGCAGAGAGGAGTCTCCCGGTGCCGCCGCGGCGTCAGAGACACTGCGAGCGGCGAGCGCGGTGGGGCCGCATCTGCATCAGCCGCCGCAGCCGCTGCGGGGCCGCGAACAAAGAGGAGGAGCCGAGGCGCGAGAGCAAAGTCTGAAATGGATGTTACATGAGTCATTTTAAGGGATGCACACAACTATGAACATTTCTGAAGATTTTTTCTCAGTAAAGTAGATAAAG,3.0160169735301037,1.5926445478236864
2422,ENST00000510533.5,ENSG00000137601.15,NEK1,169393275,169612629,4.780990516472719,5377,4281.67,321.716,1.69286,GCATTCGCTCCAGGGTTTTGGGACCCTAGGTTGCGGAGTCCTTACCCTACCCTGGCCTCTCGAGCAGTTGTCCCCATAACTCGGAATCTAGAGCCGCTGTTGCGAGGCAGGAGCACGTGGCAGTCAAGTAGCTTCCCAGTCCCGAACGCCGCCCGTCCCCACCCCGCCGTGGCCACTAGCAACGACCTCTGTGAAGTTGGAGAGGCGGTAACGGAGGCACTCCCCCTGCTGCACCCCGCCGTTTCTACGGGGCTCAGAAACCAGTTTGTTTGTTTCGTCGGGGTAGTGTCGACCTGTCTTACGGGCGTCGCCCGAGACAGGACGGAGTCAAACCCGTGGTATCAACTGAAGACGAGTGTCAGGTGTGGAGAGTCTCAGTGCCCCCTTTCAGTCTGGACTGTGAGCTGCTGCTGGTTAGACAGTCTTGGTTTCTCTTTCAGGATGTCATTTTCAAAATGCGGGATGGTACCTCTGCTTTATTAAGCCCCGTAGGAAGACTGCCACACCTAGACTGATGCTTATTAGTCATCACCGTTATTCCTACTAACGTCCTGTGTCACTGAGTTTTTTAAATGTCTAGCATATCTGTAAAGATGCCTTAGAAAAAGAATC,2.8242090406015374,1.4978468770927178
2423,ENST00000393381.2,ENSG00000056050.6,HPF1,169729465,169757953,31.54546381618803,1230,744.99,502.0,15.1815,TTTGAACCCGGAAGCGGTTGGCGGCGCTCGGAAGCGGCCGCGGATCGGGGAATTCTGCTGGCGCTGCAGCTGCAGA,2.077888470585122,1.055118220530929
2424,ENST00000337664.8,ENSG00000109576.13,AADAT,170060222,170091699,4.966487569934465,2261,1881.55,159.161,1.90582,CTGGCGGCCGCAGGAGCGCGTGCGGCGTGGACTTTGCCGGGCTCGCCACACAGCCCCAGACCCGTTTAGGACCGGGAGACCGAACGCAGCGTCCAGCCGGGGAGTTTCGGCGGCGTTCTCCGGGCACCGCGCGCGGGAAGCCAGACGCAGCGGGGGGACACATCTCGCGGTGGCGTTGCCAGAGTGAGGAGTTAGCAGGCAGGACTTGACGAGGCTCTTTGGTTTTTCTAGTCCTCAACCACTGAAGAAGAAGCTTGATGCTTGGCTGTCAGAAGAC,2.605958364344201,1.3818140340081213
2425,ENST00000296503.9,ENSG00000164104.11,HMGB2,173331695,173335125,637.4061827258955,1889,2125.02,398.656,4.22665,CGGGACGCGGGAACGGTTCCCTCCCGGCCCCCCGCGCCCTTTCCGAGGTTCCCTGCCTTGACTTCCCCGAGTTCTACGACAACCTCAGCGACAGCGGGAGGAGCTGGGCAATCGGTTTTGCAGGGCAAACTCCAGGCTCTCCTCATTTATTATTCTCTGGGCGGCGCACGGGAGACCCTGCAGGGCAACAGAGCAGAGCGACTACAGCTCCCAGGAGCCAACGCTGCAGGGCTGAGCCGACGCGGGGGACAGACAGGACCTAAATGGTGGTCGGAGGAAGGGCAAGGCAGACCTCTTCTGTTACCTTAGCGCCAGCAAACCGAGCCGCCGCCGTCGCCAAGCCAGGAGACCAACCCCCAGTCTCCCGACTAAGTATTTTTAAATCTGGCGGGGCTTTCCTTCCCGAGCCAACCACTCCCACCGTTTACAGCCCCAACCAGTCAGCGTGAGGCCCGCCATTTTTCAAACCCTCTTCCCGCCGCCAATCAGGATCGAGCAGTACATTCCTCTCCTGACCGGTTCTAACGGGTCTGGGAGTTAACGACCTGGGCGACCCACCGAACCTGCTAGGCTGGGGCGTGGAGGGCGGGTCTGGTAAGACACTGACCAATCGTTAGCCTCCGTGGCAAGGGGGCGGGGACTATCTGGGTTTGAATAATCGTCAGAACCAATCAGATTAGTGGGGATGTGGCCCGTGGCCTAGCTCGTCAAGTTGCCGTGGCGCGGAGAACTCTGCAAAACAAGAGGCTGAGGATTGCGTTAGAGATAAACCAGTTCACGCCGGAGCCCCGTGAGGGAAGCGTCTCCGTTGGGTCCGGCCGCTCTGCGGGACTCTGAGGAAAAGCTCGCACCAGGTGGACGCGGATCTGTCAAC,150.80647385657565,7.236554552070318
2426,ENST00000264595.6,ENSG00000038002.8,AGA,177430770,177442503,19.867382886185705,2107,1845.39,118.37,1.44516,AGGGACGCCTGAGCGAACCCCCGAGAGAGCGGGCGTGGGCGCCAGGCGGGCGGGGCACTGGGGATTAATTGTTCGGCGATCGCTGGCTGCCGGGACTTTTCTCGCGCTGGTCTCTTCGGTGGTCAGGG,13.747531682433575,3.7811007063117135
2427,ENST00000357067.7,ENSG00000129187.14,DCTD,182890060,182917936,41.1491499584097,1931,2094.72,476.321,5.12313,GACTTCCTTCCCTGAGCACGGCGGCGGCGGGGACGAGCACCGGCCTGCGCGCGGAGCCGGCACCGG,8.032033143490347,3.005765222457324
2428,ENST00000393593.7,ENSG00000168310.10,IRF2,184387713,184474580,8.801728781222023,2303,2179.62,142.208,1.46996,GGATTTCCAGCCGCGGCTCTTCGCAGTTTCCTCTCCTTGTTTTGCTTTCGATCTGGACTGTTCTCAGGCAAGCCGGGGAGTAACTTTTAGTTTTGCTCCTGCGATTATTCAACTGACGGGCTTTCATTTCCATTTCACATACCCTAGCAACACTTATACCTTGCGGAATTGTATTGGTAGCGTGAAAAAAGCACACTGAGAGGGCACC,5.987733530995417,2.58201001931459
2429,ENST00000308394.8,ENSG00000164305.18,CASP3,184627696,184649509,202.22411490132416,2673,2054.07,377.28,4.1382,ACATCTCCCGGCGGCGGGCCGCGGAAGCAGTGCAGACGCGGCTCCTAGCGGATGGGTGCTATTGTGAGGCGGTTGTAGAAGAGTTTCGTGAGTGCTCGCAGCTCATACCTGTGGCTGTGTATCCGTGGCCACAGCTGGTTGGCGTCGCCTTGAAATCCCAGGCCGTGAGGAGTTAGCGAGCCCTGCTCACACTCGGCGCTCTGGTTTTCGGTGGGTGTGCCCTGCACCTGCCTCTTCCCCCATTCTCATTAATAAAGGTATCC,48.86765137048092,5.610807863732585
2432,ENST00000510146.5,ENSG00000151725.11,CENPU,184694618,184734133,40.50556875733681,1549,1136.95,433.37,8.58776,ATTGGCTGTTCGGAGCGGCGAGGGGCTTGGCGGGAGCTTCCAGTCGCTCGAGAGCGGAGAGCGGCACC,4.71666287336125,2.2377664869579688
2433,ENST00000281455.6,ENSG00000151726.13,ACSL1,184755595,184826818,18.47364152863644,3832,3919.98,289.327,1.6629,GGGGCCGGCGCGGCGAGCGCACCAGCAGCATCCTGGCTCAGCCGCGGCGGTGGCGGGGGCGCAACCAGCGGGCCGAGGCGGCGGCGCCAGCGGCGCCTTAAATAGCATCCAGAGCCGGCGCGGGGCAGGGAGTGGGCTGCAGTGACAGCCGGCGGCGGAGCGGCCGGTCCACGGAGGAGAATTCAGCTTAGAGAACTATCAACACAGGACA,11.109291916914088,3.473694960173183
2434,ENST00000458385.6,ENSG00000164323.12,CFAP97,185159665,185209504,34.7127319653973,4852,3413.06,1410.31,9.30964,TCTCTCCGCCTCCGGAAGCGCGGGCGCGCGGCGCCGGGAGCCCGTTCAGGGCCGCGGGAGTGCGCCAGCGCCGCGCGTGGGGCTGTGGTGGCCGCGGCTCTCAGATATATTTTTGCCATC,3.728686819833775,1.8986676272410838
2435,ENST00000264689.10,ENSG00000109775.10,UFSP2,185399540,185425985,20.3890982886344,1630,1244.07,295.893,5.35863,AGTTGTAGTTGGTCCGCCCGGGCCCCGCCCCTGGGCCGTGCGGTGACACCACTTCAGGGCCGGCCCCCGGAACTTTTGGGCAGGCGTCAGCGCCCGTGTCACCGCCACGTCGCGGAC,3.8049087712035354,1.9278618632136886
2436,ENST00000284771.6,ENSG00000154553.13,PDLIM3,185500660,185535612,28.6468570127084,1672,1724.27,460.846,6.02163,CGCTTCCAAAGTTGGAGCTCTCCGGGGTGGGAGGGGGCGGGGAGGACGGCGGGGCGGTGACGTCACCCCCAGCGGGGATAAAGCGCCCCCGCCCGGGTCGGGGCCAGGACGCCGCCCGGCGCGGAGTGGCTGCCCTGCGCGGGGACACTTAGAGCCCGGTGGGCGGGAGGAAGGCGGC,4.757326008524004,2.250150893235023
2437,ENST00000441802.6,ENSG00000083857.13,FAT1,186587783,186726722,13.801952887228476,14786,15292.7,3107.5,4.57814,AGCGTGAGGCGCCGGCGCCGAGCTGGGCGGCCGGGCGCGGGGAGAGGGCGCGGGAGCGGCTCGTGCGGCAGGTACCATGCGGACGCGCGAGCCCGGCGAGGGCCCCGGCAGGCCCGGTCCCTGCTCGGGGGCGCGCTGAGACGGCGGGTGAGCTCCACGAGAGCGCCGTCGCCACTTCGGGCCAACTTTGCGATTCCCGACAGTTAAGCA,3.014751162530738,1.5920389270347242
2438,ENST00000264932.10,ENSG00000073578.16,SDHA,218241,256700,69.46470282897998,2390,2810.05,1849.81,14.8311,TCCGGCGTGGTGCGCAGGCGCGGTATCCCCCCTCCCCCGCCAGCTCGACCCCGGTGTGGTGCGCAGGCGCAGTCTGCGCAGGGACTGGCGGGACTGCGCGGCGGCAACAGCAGAC,4.683718862996001,2.2276544816602177
2439,ENST00000264933.8,ENSG00000249915.7,PDCD6,271621,438291,172.01078899523787,1135,977.36,665.91,15.3505,GATAATGCCAGGCCCTGCCCCCGGCAGAGGCGGAAGCGGAGTCGGCCTGAGAGGTCTCTCGTCGCTGCAGGCGCCTCAGCCCAGCCGCGTGCCTTGGCCC,11.205549590908301,3.4861415043455204
2441,ENST00000264935.5,ENSG00000112877.7,CEP72,612272,667168,11.363259941425982,2434,3025.08,229.376,1.70834,GGCTCTCGGTTCTGCCGACGCAGGTCCCGCCCCTCTCGTAGCCTCGCCCCGCCCGCCGCGCAGGCGCCGTCCGAGGGCTCCGTTTGAAAC,6.651638398343411,2.7337097418217398
2442,ENST00000166345.7,ENSG00000071539.13,TRIP13,892643,919357,101.90198705625838,2672,2837.61,2005.89,15.9263,GTGCTTCTTGCCCATGGCGGCGCCGGCGGCGGGCCCGAGGCGGGGGCTGGGAACAGCTGGCACCCGGTCGGACCTTGGCCGCCACCGCCCCCTGGCCCTGGCTGGCCGCCCGCGCTCGCTGCGCCGAGGTTGCCGAGCTCGCTGGGCCGCGCCGGAAACGGGGCGAGGCGGGGCCGCGGCAGGAAGTGGCCCTGCCGGGCCCGAGCGCTTCCGGGTCAGGAGGTGGTGCGCCTCGCGCGGCAGATTCGAAGCTAGGGCGGGGCCCGCGGGCTGAGGCAGCGGCTGTGGCGGCGACGCTGGGCGTGAGGTGGCGGCGGCCGCGCCCTGGTTGGGTCCCCACTGCTCTCGGGGGCGCC,6.398346574926906,2.677699140060099
2443,ENST00000296849.9,ENSG00000145506.13,NKD2,1008829,1038943,4.337252307451401,2155,3184.63,182.546,1.29144,GCCGCTGTCCCCGCGCCCTGCGCCCGGTGGCCCCCCACCTCCGCCCCGCGGCCGTACCTGGCGCCCCCTGGCTCCCCCGGCCCCCGCGCGGCGTGGAGCCATCTTCCCTCACCTCCTACCGGCACCCTAGCTTGCTCCCGGCCCATGCGGCCCCCGCGGGCTCCCGGCCCCGGCTTCAGAACTCAGCCCTGCACCTGAGCGCGGGGCCCGGCGGGGCGTGGCGGCGGCG,3.3584621100875,1.7478007526284398
2444,ENST00000274137.9,ENSG00000145494.11,NDUFS6,1801400,1816605,658.7671315268931,1082,1138.19,829.767,16.4249,AAAGGCCAGCGGCGCAAA,40.107832104115886,5.3258120830501054
2445,ENST00000296564.8,ENSG00000164151.11,ICE1,5420664,5490234,7.991992736727971,7927,7440.47,2138.86,6.47656,GGGGCCGCGCCGGGTAGCGTTTCTTTTTAGTGCCTGAGGCAGCTCTGGCTCGGAGAGCCTTTTGCTAGCCCCACGGGGACCTCTGTGCACGGATGGACCCGCCCGGACCTGGCGGGAAGCGGCCTGGCAGGCGGCGGCCCCGGCGGCATCAGCAGAGACAGGACGGGGCCGACGCCGCGGGCCCCTGAGGCGTGCGTGCCCACCGGGCCCGGCGGCGGCACC,1.2339872921316208,0.30332753737785584
2446,ENST00000274192.6,ENSG00000145545.11,SRD5A1,6633343,6674386,19.999759063146843,7132,7087.15,506.033,1.60868,TGGGGCGCTTGCAGGTCCCTCCCCGCGCAAGTGCTCGCCCCGCCCCCGGGGCCGCACCCACAGCCCCGGCTACCCCGGAGAAGCCTGACTTGAGAACCCTTTCTGCAGAGTCCCGGCAGTGCGGGACTCCGGTAGCCGCCCCTCCGGTAGCCGCCCCTCCTGCCCCCGCGCCGCCGCCCTATATGTTGCCCGCCGCGGCCTCTGGGGCATGGAGCACGCTGCCCAGCCCTGGCG,12.432403624802225,3.636033342391696
2448,ENST00000230859.7,ENSG00000112941.13,PAPD7,6713007,6757048,10.545741441873366,5459,6813.8,358.797,1.18637,CCACGCTGCCCTGCGCACGCGCAGCGCGGCTCAGGCGGCAGCCCGGTGACACCGGCCCTAGCGCGCATGTCTGCACGCCGGGGTCTGCGCGCCGCGGCGGGCCGAGGGCGGCGTGCGGGCCTTCCAGCCGCTGCCTATTCCACCCAACGCCGGCCTAGTCAGTAATGGCTCAACGCCACCGCCTCTCCCTCCAGCCCCTCCCAGTCGCGTAGCTTCTGACGCCGTCCTCACCCCGCCCGCGGCCGACGGGGCCCCAACGCGCAGGCGCGGTAACCACGGCGGCAGTGTCTAGTGAGGATTTGAAATCGGTCGCGCGTGCGCACCGGCGACACGGCCCGGCGACCGAGGCCGCGCTTCCTCCTGCCGCCCCCGTCCCCGCCCCCTCCCCCGCCCCTCATTGGAGCGGACGCGGCGGCGGCCCCCTCCTTCCCCCGCGCTGTCGCCGCCGAGAGTGTCTTTTCACCGCCGCCGCCGCCGCCGCCGCAGGAGCGCCGAGCCAGCGGCGCGAGCGTGACTGAGGGCTAGCCGCACGGGCGGCGGCGCCTCCCGCGGGTCCTTCAGCCGCTCGGCGCCTGGGCCCGCCCCCTCGGCCCCGCCGCCCGCCCTTCTCCGATGGCCTCTCCCCGCGGCCCGAGTGGAACGCCGCCGCCGCCGCGGCCCCCGCGCCCGCCCCGCGCCGCGTGAAGCGGGAGCCCGGAGACCGCAGCCGCCCGCTGGGACGCGCCAAGCGCCGGAGCCGCCCGCCGCGGCCTGCCGGGGCCCATCACCGCCGCCGCCGCCCCACGCCGGAGCCCGACGGGAGCGCGGCTAGAGCAGGAGGCCGGGGCTCGGCCCGCCCGCCGCCGCCGCCGCCGCCGCCGCCACCGGCCCAGGCCCGTCCGTCCGTCCGTGCGCGCGCGGCCGGGCCTCGGGGCGCGGCGGGGGCGGGGCCGCGTCGGGGCGGGCGGGCGCGCGGGCCCCGCGGGGGCGGCGCGTGG,8.889083036382718,3.1520346038589193
2449,ENST00000440940.6,ENSG00000124275.14,MTRR,7851186,7906025,21.16605426226201,3215,2950.1,599.763,4.58042,GGTTCGTGCCCGGCTGGCGCGGCGTGGTTTCACTGTTACATGCCTTGAAGTG,4.620985469075326,2.2082005528833855
2450,ENST00000280326.8,ENSG00000150753.11,CCT5,10249921,10266412,703.214009235199,3675,3471.68,1462.67,9.49222,AAAAAAAAAAAAAACCGGAAATGGGTCCTACCATCTTCTCGGAGCCGGAGTGCGAAGAAATAAAGAAATAGTGCTTTAAGTCAATGAATTCCTCCTTGGGACCCACTATCGAGAAACTATCAGTGGTAACGTTTTAAAAAATGACAAATTCAATCTGCTCTTGACTTGTGTGTCCTAAGATTTCCACTAAGTGTCTTCAAACCTCCCCCTCCCCGGCTTCCTGGATAATAGAAGTTCCCGAAGGCCGCCGATTCCAGAAGATACTGTCTGGCGTGAAATTAGTCTCAGTAGAAACATAAGTCCCGCGCGTCTTGTGCTGCGCGTGCGCAAGCTTTTGGGCCCTCCCGAGAAAGGGAAGTGCATTCTCGCTTCCGTAGCGGTCTCCGCCGGTTGGGGGGAAGTAATTCCGGTTGTTGCACC,74.08319752757511,6.211074463431806
2452,ENST00000274140.9,ENSG00000145495.14,MARCH6,10353703,10440388,116.18875207368836,9569,8555.12,2522.56,6.64321,CCTCTCGCTTCCTCTCTCGCACCTGAGCGTACGCACCTGCCCGGGCCCGGCTCCCTCCTCCTCTCCCCTCCCTCTTTCCCCGCCCGGCCGCGGGAGCCTCGTGGCTGCGTCACCGCCGCCCCCCCAGACAAG,17.48985085127346,4.128446081285544
2453,ENST00000344204.8,ENSG00000038382.17,TRIO,14143702,14532128,6.0224305942978935,11100,13571.1,1242.47,2.06269,GCGGCCGCGGGCGCCGCCGCAGCC,2.9196973826885735,1.5458188461193354
2454,ENST00000274217.3,ENSG00000145569.5,FAM105A,14581775,14615007,23.00797085755272,3597,3039.88,371.0,2.74966,CCCGCCCTCCCCAGCCCGCCTCAGGGAAGCGAGCCCGGGCGCCGGCGGGCGGCCGTCGCGTCTGACAGACCACTGCAGACCACGGGCCGAGGCCCAGCGCCCGTCCGCAGCGCGGCCGGC,8.36756939314414,3.0648086103850405
2455,ENST00000284274.4,ENSG00000154124.4,OTULIN,14664664,14699711,35.82558225843494,7800,7904.73,868.15,2.4744,GCCACTGCCTGGCACCCCGACGGGAGGGGCTCCGGATCGTTCGGAGCCGGCTGAACCCCTTCGGCCGCGAGCGACCGC,14.47849266829734,3.855839508553888
2456,ENST00000322611.3,ENSG00000176788.8,BASP1,17065598,17276843,77.56676117654894,1878,2148.47,1102.74,11.564,GGGCACTGGGCAGGAAGGGGAGGGGGAGCGAGCGCGAGAAATGCAGAGGCTGCAGCGGCGGCGGCGGCGGCAGTAGCGGCAGCGGCGACGACGGCGGCGGCAGCGCTCCAACTGGCTCCTCGCTCCGGGCTCCGCCGTCGAGCCGGGAGAGAGCCTCCGCCAGCGGCCAGGCACCAGCCAGACGACGCCAGCGACCCCGGCCTCTCGGCGGCACCGCGCTAACTCAGGGGCTGCATAGGCACCCAGAGCCGAACTCCAAG,6.707606466322115,2.7457980488098275
2457,ENST00000325366.13,ENSG00000082213.17,C5orf22,31532266,31555058,108.61745041631372,3612,3079.59,1384.49,10.1289,AATCCGAAAACGCAACCGGGTGAGGGAGCGCTTCCGCCCGGAGAGAGCTGGCCGGGATGAGGCGCCGGCTTTCCCGGGTCTTCTCCAGCTGCCACCGCTTTACTGCAAAACTGACGGGCGCAAAAAC,10.723518883226582,3.42270649343894
2458,ENST00000265109.7,ENSG00000039560.13,RAI14,34656237,34832627,34.55386010620382,5092,4713.4,2709.73,12.9525,ATCCAGGTCGGCGGGGGCCGGCGCCCGGCGGCCACGTGGTGGTGCTGCCGCTGCCCCCGCCCCGCCGGCCTAGCCCGGGAGCTCGGCGCCCACTGACCCCCGCAGCGGGGGAGGAGGAGGGACTGCGGCGCAGGAAGCCGAGCAGGAAGCGAGCCCGGCGGCCGCGTTTTCCTGGGGAAGCGGCGGGCGGGGTGGAGCAGCCAGCTGGGTCCGGGGAGCGCCGCCGCCGCCTCGATGGGGTGTTGAAAAGTCTCCTCTAGAGCTTTGGAAGGCTGAATGCACTAAAC,2.6677367385604183,1.4156163034366638
2460,ENST00000336767.5,ENSG00000113460.12,BRIX1,34915376,34925996,148.66758020464982,1926,1516.65,2778.63,41.2769,CGCTTACTAGTCTCGGGGTCCCCGAGTGCGGAAACCCTACCTTTGCGGTGGGGTCTGGACGCCCGAGAGCCCTTCTCAGCAAAGTCCCTGAAGAGGAGCGAGGCGGCTCCGAGGAACCGCGGAGGAAGTGAAGCCAGTCCCGCCACTCTTCAGACCGGCCCTCCACCTCGGCCACCGTCACCACAGAGCTGAAGGAGGCCTAGAGAGCCGCGCGTGCCGCGCCACCGAGACCGGAAGGAGGCGGCACAGACCTGGAGGACGACCGCGGAGCTGAGCGCTTAGAGCCGCCGAACCATAGAGATCGGAAATAGGAGCGAGCGGCAGCGCCGGAAAGGAGGCCAAGAGCGCGGGCGGCGAGGCAAG,3.6017137964490993,1.8486835446954715
2461,ENST00000342382.8,ENSG00000168724.14,DNAJC21,34929593,34958964,35.74974953783694,2309,1768.34,820.336,10.4517,GCGCTCCCGCTTGCCGCAGCCTGCGTCGTCTGCCGCCACCGCGCGCCTTCACTGACCTACACCACCGCCGCCGCCGCCGCCGCCGCCGGGCTCGCTGGCTGGCCCGGTGCGGGCGGCGGACTCCCGCCGGAGAGGACTGCCAGCGCCGCCGCCGCCGCCGCTTCGGCCCGGGCCCGGGCCCCGACCCCGTCCCGGGCCCCAGCGCCGGCCGCCCGCCCGGTCGGGCG,3.4204722234504374,1.7741955144095038
2463,ENST00000274255.10,ENSG00000145604.15,SKP2,36151989,36184319,134.70804708431547,3759,3309.1,2235.93,15.2233,AGTGCGGCCGCGAAGCAGAGCGGGCTGTAGAGCCTTGCGCGCGCAGTGGGGATGGAACGTTGCTAGGCTTAGCGGGTCTGGCTGCTGGGGGCCCGAGCAGCACGCTCGGAGCCGCCGCGCGCCAAAGCGGGAATCTGGGAGGCGAGCAGCTCTGCAGTTAATGCACGTATTTTAAACTCCCGGGCCTGCGGACGCT,8.848807228676796,3.145483000817634
2464,ENST00000265113.8,ENSG00000079215.13,SLC1A3,36606355,36688334,63.071657280934616,4170,4263.9,772.047,4.07942,GCTTTATTTTTCAATTCTTCCTAGTCCCGGTTTTGCATTTCTAATGACAGTGAACTGACAAAGCGTGAAAGTGGTCTAAGGAGCAAAACAAAGCCAGCAAGCCTGCTTCTGGTGTGCCAAGATTAATCAATATTCCAGAAACCTCGGGGTTTCCCCCTCCTCCCTGTGCGGTTTCCATTCCCCACTCCTCCTTTCCCGGGCACAGACTCCTCCCCTTTTCTTAAGTTGCCCTGATAGTAACTTGCAGTTTCAGAGCACATGCACACTGTCAGGGCTAGCCTGCCTGCTTACGCGCGCTGCGGATTGTTGCTCCGTTGTACCTGCTGGGGAATTCACCTCGTTACTGCTTGATATCTTCCACCCCTTACAAAATCAGAAAAGTTGTGTTTTCTAATACCAAAGAGGAGGTTTGGCTTTCTGTGGGTGATTCCCAGACACTGAAGTGCAAAGAAGAGACCCTCCTAGAAAAGTAAAAT,15.460937407997857,3.950555888462584
2465,ENST00000282516.12,ENSG00000164190.16,NIPBL,36876759,37066413,16.82903858461076,10435,8874.94,966.117,2.4526,TCCGGTCGGCATTTTGTTCTGAGAGGGAGAGACGGAACGAGAGAGAGACACACACAGGGCTCCTTCCCCCCGCCCTCCCCCCCCTCCCTCCGTCGGTACCGACTCACCCGACACCACCAAGCCGCAGGGAGGGACGCCCCCGCCGACAGGAGAATTGGTTCCCGGGCCCGCGGCGATGCCCCCCCGGTAGCTCGGGCCCGTGGTCGGGTGTTTGTGAGTGTTTCTATGTGGGAGAAGGAGGAGGAGGAGGAAGAAGAAGCAACGATTTGTCTTCTCGGCTGGTCTCCCCCCGGCTCTACATGTTCCCCGCACTGAGGAGACGGAAGAGGAGCCGTAGCCACCCCCCCTCCCGGCCCGGATTATAGTCTCTCGCCACAGCGGCCTCGGCCTCCCCTTGGATTCAGACGCCGATTCGCCCAGTGTTTGGGAAATGGGAAGTAATGACAGCTGGCACCTGAACTAAGTACTTTTATAGGCAACACCATTCCAGAAATTCAGG,6.8617135222257035,2.778568894375332
2466,ENST00000265107.8,ENSG00000082068.8,WDR70,37379212,37753435,29.907658140575663,2983,2666.01,719.736,6.08238,CGCGGTCCCTCTGCGGAAGGCGCCGCTCTTGGCTTCGGCGGCGCCGCTGTAGCTTGAAGGCGGTACTTCCTCCAGCATTTGCCGCAAGTTATTGGCAAGTTCCCCTGCAGTTGTTTGGGCTGTCCCTGTGGCTGGTTCTGGGGTGTGCGGCCAGCC,4.917097935442321,2.29780709007207
2467,ENST00000254691.9,ENSG00000132357.13,CARD6,40841184,40860175,1.1811864357692048,4221,4354.16,194.651,1.0072,CCACAAGGACCCCGGATCAGAGAGTGCTCCGAGCTGGGTTGCCCCACTGTGCTTGTATCTGCACTCTCCAACACTAGGCATCATTGACATGTTAAAGCTTAGCCAAATAGAATTGTTCTTTGTCATTCTTTTTTTAACTTTTACTTATTCATTAGGATGATTTCATAATATATTTCCTGGTTTAGAGGAAACAGGAACA,1.1727426884126337,0.2298865062282948
2468,ENST00000381647.6,ENSG00000205765.8,C5orf51,41904188,41921636,62.38366951956136,5241,4321.01,1856.83,9.68166,GCACCCGCCGATTGTGGCC,6.443488980150238,2.6878420814068344
2469,ENST00000281623.7,ENSG00000151876.12,FBXO4,41925254,41941743,28.621450657911588,1682,1316.25,184.181,3.15261,GGAGGCTGACGCGCTAGCGTGGCTCTAAGACGCGTCACCCACGCTGCGGGCAAGCC,9.078652499964026,3.182478181229415
2472,ENST00000306938.8,ENSG00000172262.11,ZNF131,43065176,43192021,8.012087194972025,2400,1990.72,223.627,2.53091,GCAAGCCTGGGCCGCTCCTCCTTCCCTCAAGCAGCCCGACGGCC,3.165694234473776,1.662521916336985
2473,ENST00000264663.9,ENSG00000112992.16,NNT,43602692,43707405,47.02810409676306,6483,5862.29,577.711,2.22027,GATTTTTCCTAGCGAGCTGGAGGAAAGGCAGGTACCCGGAGTGGAGTTATATTACCTGTTTCTTTGTTCTGATGGGACCCCAGAGAGGACATCACGCTTTGTAACTGGTTCTTCAAGGGGAGAAGCAAATGTGTCCCTGAAAACTTCAGCTGCCGCGTTTGGCACCAGTGATTTGCCTTCAAGGAAACTGGGGAGTCAGAAAATTGGGAACTCATATCAAC,21.181254575688115,4.404716138255379
2474,ENST00000507110.5,ENSG00000112996.10,MRPS30,44808925,44820428,121.41528429078866,1678,1538.93,772.101,11.3036,GCTTAAGTTGACCTCTGGGTCCGGAATCGCGGGCAAAG,10.741293418980561,3.425095821618161
2475,ENST00000281631.9,ENSG00000151883.17,PARP8,50665899,50846522,7.793170661849992,7177,5428.3,358.877,1.48951,TTCTCTCACCCAGGATCACTTCCGAAACCACTTCGCCTTCAGCCCCTGCCTCGGCCAGAGGTTTCATTTTTAACTGAATATTTACGAAAGCTGGAAGCGTGCGAGGGGGGTGGGGTGGGGTGGAAATAGCGGCTGCTTCTTTTCCAGGGATTTATTTA,5.232036483038041,2.387372600796727
2477,ENST00000282588.6,ENSG00000213949.8,ITGA1,52787896,52959210,10.222537938991715,10757,8996.08,601.202,1.50567,CTCCCGAAGGTCCAGCCCTTACCCGCCTTCCTACCACCTTAGGGGATTTGGCCCGGAGAACGAGATCACCCTCTCAATGAAAGGCAGATGTCCCTTTAAGGTTTGCTTCTACAGCCCGTGGACTTTAGCCTAAACACGGACCCGCGAAGCTGGCTTTATTTGTCCATGTCTCGGACAGAGCCTGGGAAGCTGCCAGTGAGATTTCAGAGACCAAGAGCGCGAAGGGGCGGGCGATGTGGCAATCCGTCTGGGATGTGAAAAGCGTGGAGCGCATTTAGAGGAATTCGACGAAAACACAGGAAATCACTCCTCTCCCGCTCCTGGGCGCCGCTGCCACTGGGGCAGAGGACTGGGAACCGCGGCAGCGGGATAAGTGGCCCAGCCAGAGAGCGCAGCTCCCGCGCCCGGTCCTGCCCTGCGAACCAGCGCGGCCCCCTGGCGCTGAGGCTGCTCCGGCC,6.789361506167829,2.763275905074127
2478,ENST00000274311.2,ENSG00000152684.10,PELO,52787896,52959210,51.59204034393792,4349,4312.12,677.816,3.54146,GATTTGGCCCGGAGAACGAGATCACCCTCTCAATGAAAGGCAGATGTCCCTTTAAGGTTTGCTTCTACAGCCCGTGGACTTTAGCCTAAACACGGACCCGCGAAGCTGGCTTTATTTGTCCATGTCTCGGACAGAGCCTGGGAAGCTGCCAGTGAGATTTCAGAGACCAAGAGCGCGAAGGGGCGGGCGATGTGGCAATCCGTCTGGGATGTGAAAAGCGTGGAGCGCATTTAGAGGAATTCGACGAAAACACAGGAAATCACTCCTCTCCCGCTCCTGGGCGCCGCTGCCACTGGGGCAGAGGACTGGGAACCGCGGCAGCGGGATAAGTGGCCCAGCCAGAGAGCGCAGCTCCCGCGCCCGGTCCTGCCCTGCGAACCAGCGCGGCCCCCTGGCGCTGAGGCTGCTCCGGCCATGGCCCCTCGGCCCCGCGCCCGCCCAGGGGTCGCTGTCGCCTGCTGCTGGCTCCTCACTGACAGGGATGGAAGAGAAAACTTAGGAAGTTGAAGTTTGGCATTAAAATAAAGGACTCGCCACCACTCTGTGCACCTTCTTGAGGGAGTTCATTCGTCCGGAGCGCCTCACAGCTTAGTGCGCCTGCGCACGCGCGAACTGCGGCCCCGCCTCTCCTTTGGGGACGGGAGACGTGCGTCGGGTCGCGGGACGGGGGCTGCGCATGCGCCTTCATTTCGTCAGCCCGCTGTTGCGTGCTGCCAGCGGGAACTGTGTAGGGGTAGATTTTCGCTGCAGTGTTCCCCGAGCCTGTTAGACGCAGCGCGCCGGGAGACTGAGAGAGGAAAGGATAGAGGAAGTGCTGCCCTAGGCTGCATGAGTCGAAGCAAGCGTGTTTCCTTCCCGCCAGGCAAGTGCCCTTAGAAACCGGGCCCCGCCCCCTTCCTGGCCTGCATTCCCATCCCCTCTCCCGGGGCGGAGGTGAGGACCTCCTTGGTTCCTTTGGTTCTGTCAGTGAGCCCCTTCCTTGGCC,14.568014418894444,3.864732350242896
2479,ENST00000296585.9,ENSG00000164171.10,ITGA2,52989326,53094779,17.418838829577545,7869,6951.33,665.53,2.15705,TTTTCCCTGCTCTCACCGGGCGGGGGAGAGAAGCCCTCTGGACAGCTTCTAGAGTGTGCAGGTTCTCGTATCCCTCGGCCAAGGGTATCCTCTGCAAACCTCTGCAAACCCAGCGCAACTACGGTCCCCCGGTCAGACCCAGG,8.075306010327784,3.0135169311647556
2480,ENST00000296684.9,ENSG00000164258.11,NDUFS4,53560633,53683340,264.54022033533647,675,420.527,370.988,19.8759,TTTCATCCTGGCGTTTGCCTGCAGCAAG,13.309597066564857,3.73439499079022
2481,ENST00000381410.4,ENSG00000178996.13,SNX18,54517759,54546585,10.738239528294017,5218,5295.54,542.288,2.30718,GGCGCTGCGAAGTGGAGGCGCTGCGAGCGGAGCCGCGCGGAGGGCGCGACCGGCTGGTCCGGGCAGCGTGGGTTTGCCGCCTTCGGGGCTCCAGTCCGCGCGCCAGGGCTCGAGCAGTACCGCGGGCCCCTCAGGTGGGCCTCGGCTCGGGACGCCGGGAGTCGGGACCGCCAGTCGGGGCGCCGGGACC,4.654270376951091,2.2185550225516475
2482,ENST00000503787.5,ENSG00000164294.13,GPX8,55160118,55167071,73.5533482587517,1411,943.232,138.37,3.3051,AAACTAAGCCGGTTTCAAGTTTCAGCTCCTCCTTGAATTCCAGGCTGCTGAGACTTCCCTCTAGAATCCTCCAAC,22.25450009341675,4.476025188539873
2484,ENST00000230640.9,ENSG00000039123.15,SKIV2L2,55307760,55425581,87.1502381076628,4192,3285.38,2578.69,17.6838,GCTGCCTGCCACACGCCAGGCGCCACGCGCCGCCCTCGCTCTTTATCCACTGAGCAGCTTATCCACTTTAGGTCGGAAAGGAAAGGAAAGAAAAGCAGGAAAAAAAAAAAAAGTCAGGGGAACATTTTTGTCGGCTGCGCGACTCGACTACTTTTGTCTCCTGCGGGCCACTGTTGAGCCTTCACGAGACGTCACTGTCTTCGGTCGCGGGGCATCGTGGGTAGGAGGGAGATTTGCTCTCACTGCTCCCAAAA,4.928252870291611,2.301076283093722
2485,ENST00000424459.7,ENSG00000062194.15,GPBP1,57173948,57264679,605.8294061532712,4683,3627.44,996.614,6.18997,CACACTCTTTCTCCCTCCTTCTCCTCGCCCCGCCTTCCCTCCCTCCTCAATCCCTCTAGTTCCTTCCCCGCCTCGCCACTGTGCACGATCTCGCGAGACTTGGCCCAGAACATTGCGGATCGGGTCGGCGCCATTTTGGGACTGAGACTGGTTGTGGGGGAGGGAAAAGCGGCAAAAGGGGATTATTCAAAGTACCGAAAACCTTCTCCCGGGATCAGGCGCGGCGGCACCCCCAGGCCAGGGGCACCTCTGGTGGGGCAGAAGGTGATTGAATTACTCAGATATGAAGATCATCATCTAGGTTTTGTGTAAAAGGCCCTGGATATTTTAAGTGGCCATTTTGGATTTACAGTGTTTTTGGATAATTTTGCCCCAGAAGTTTATTAAAATTGGCAAGAATCGTCTGTGAAGTGAATTGATAGTAGTGAACAATTCAGCAAGCTACTTAAAAAGAGACCCAGGCAGCATTTCTTCAGTATTTTGGTTCAAACGGATTATATAACTGGTTACAGTATTTCAGCTGGTGGTAATTTTTGCCTCCCCTTCCCCCACCCCGTTGTTGGGGTTCTTCAGCCGAAACTGAGAGACGTTGATTTGTGTACTGAGTAGTTTCAGCAGTTTCAAATGACTGAGTATTGCTGAAGTTTCATGGCAGTTTATTTTTACCTTTATTGAAAGTTTTAGGAATTTTTGACTTCAGCTCTTTCATGTCACAATGGGACACTTTTTCTGAATGAAGAGATTGAAAGAATACAGAGTTTTTTTCCTTTTATCTTTTATTTACGTGGAAATTTAAGATGTTGCAGTTTTCCGGCAGCATGGTAGTATTGAGATAGCTATGTGTGTCTCTGTATATGCTGATGTTTAGGAATGCTCTTCAGATGTGAAATTTTCTTTTTGTTTTTGCTTTTTGGCTCGTAAATTGGATATTTCATCTGGAGTGGACAAGTACAACAGTGGCAAGTACATGGAATAATAAAGAAGACTTTGATCTTAAATCTAAAGAACTTGGCTAATTCGGGAGATAGCCATATGAAAACTTTAAAACAGAAGTATGGGTAGCTGACTTGAAGTAACTCTATGTCAAATAGTCGTAGGTTAAGTATCTTCAAAGAACTTCGATATTATTTCAGAGGATACAAAATAAAAATACAAACTGGAAAATAAAGATTACAGAGAAAAAACCAACACCTTCCTGTGCAGTCCTGTTGGAATTTGGACTTGCCATGAGGTGTTGAAGCCTTGTTTCACTGAGTTGGAGAGACTGGACCTAA,97.87275320450199,6.612835378742603
2493,ENST00000296597.9,ENSG00000164182.10,NDUFAF2,60945129,61153037,42.667982018281904,719,443.238,673.25,34.2217,GTTACTAGAAGGGCTCCAGGATGGAGGCCGACCTGACTTCTCCGCCTCGGTGGGCTGGGTCGGCGGCTGGAGCATTACCCCTACTGCGGGTCCCGCTGCTGGCAGCGCTGGAAACTGGGTGGACGGC,1.246810708359956,0.3182424508614994
2495,ENST00000401507.7,ENSG00000068796.16,KIF2A,62306162,62628582,47.34301160348079,2539,2086.54,460.029,4.9673,GCCTCCCCAGCGTCGGCTCCCCGGCGGGCGGTGCGGGCCCTCCCACTCTACCCCGCGCCGTCTCACGGCCCCGGCCCTAGCTTCACCCCGACTACCCGGCGTGCGCGTCCTCCTGCCGGCCTGCAGGCCCGGGGCCTCCGCCTGCTTCCCCACAGCTGCTCCTTGCGGCCCCGCTTGCGTTCACGCTGTCGCCCGGGCCGGCGCGGCCGCGGGCAACCGCTCCCCCTCCCACACCTACCCCGCCCCCTCCCCGCCTTTTCCGCCCTCCGGTCCCCCTCCCTCGGCCCGCTGCTGCTGCTCCAGATGAGGTG,9.530934633197269,3.2526176962509457
2496,ENST00000325324.10,ENSG00000086200.16,IPO11,62306162,62628582,54.24134603056952,4356,3684.97,909.913,5.56324,TTTGGAGCTGCGACGCCAAACATGGCGTGTTCCTAGAAGCCGCTTTCGGCATCAGTAGGCGGCGGCGTGGGGTCTGGCAGCGTGGGGAGAGGGACCAACCGACGCCACTTCGTGTTGGGAAGTGGGAGCGGGAGGGCCGGGCAATTCCCGACCGAACCAAACGGTTTCC,9.749956146161143,3.2853957298511585
2497,ENST00000381070.7,ENSG00000153015.15,CWC27,64768930,65018763,42.04690611032941,2078,1529.89,795.381,11.7132,AGCGGTGCTCGGGTCCGGTAACAACATGGCGGCGTCCGTGAGGGGCTCCTTTGGGCAGGGGTAGTGTTTGGTGTCCCTGTCTTGCGTGATATTGACAAACTGAAGCTTTCCTGCACCACTGGACTTAAGGAAGAGTGTACTCGTAGGCGGACAGCTTTAGTGGCCGGCCGGCCGCTCTCATCCCCCGTAAGGAGCAGAGTCCTTTGTACTGACCAAG,3.5897027379648097,1.8438643799201
2498,ENST00000261308.9,ENSG00000113593.11,PPWD1,65563236,65587549,37.92753684166924,2166,1652.91,767.798,10.4655,AGAAGACTGCGCCGCTGCTTTGGGATTGGTAGCTGAGTTTTGTGTCGCGCCTTTTCTGACGATGCGAACAAC,3.6240539717805396,1.8576044411016763
2499,ENST00000399438.7,ENSG00000113597.17,TRAPPC13,65624716,65666233,11.03271311683913,3221,2390.3,307.378,2.89722,TTTTTTTTTTTTTTTTTTTAAAAAAAAAACTCCGGCAACGTTGGCCTTTGGGAGGCCGCGTATTGTTACCTAGGGGTGGTTTCTTTTCCTGCAGTCGCGATGTGTGATTGCAGATGGAAAACAAAGTATTTTATGCCTACGTTTCTAAGATAGAAGAAATGGACTTGTTGAAAAGAAGCCAGTTTGTAAAGGACACAGTAGGAGAATTTAAGGTACCACCACCAGAGAGAGGTTGAGAGTGCGTTTGACTTTTGGTTTTGCCAAACGCGAGGTTTTCCGTTTCCTTCCGGGGCAAGTTGAACCTGTCCAGCCCCCGTAGGCTGTGGGTCAAAAGTGCCGGTCAAA,3.808034293853808,1.9290464711222328
2500,ENST00000510585.2,ENSG00000253251.2,CTC-534A2.2,65624716,65666233,7.41561278670063,1766,1247.73,116.683,2.10693,GGGAGGCCGCGTATTGTTACCTAGGGGTGGTTTCTTTTCCTGCAGTCGCGATGTGTGATTGCAGATGGAAAACAAAGTATTTTATGCCTACGTTTCTAAGATAGAAGAAATGGACTTGTTGAAAAGAAGCCAGTTTGTAAAGGACACAGTAGGAGAATTTAAGGTACCACCACCAGAGAGAGGTTGAGAGTGCGTTTGACTTTTGGTTTTGCCAAACGCGAGGTTTTCCGTTTCCTTCCGGGGCAAGTTGAACCTGTCCAGCCCCCGTAGGCTGTGGGTCAAAAGTGCCGGTCAAAATGGAAGTGAATCCCCCTAAACAGGAGCACCTGCTGGCGCTAAAAGGTCCTGTTTCCCTCTGATTTGGCAAGAGAGACAATCTTGCAATAATAAATTAACATTCTAGCTCTGAGGAGTTCAACTAAGAAATTTTCTCATCACTAAGAGTAACTGGATTACTGCAGA,3.519629407099728,1.815423530940399
2502,ENST00000380985.9,ENSG00000123213.22,NLN,65722196,65871725,38.63355893683338,8661,7986.31,1054.21,2.97401,GGGGCTGGTAGGCGCCGGCGTGGAGCTGCCGCACGTGGGAGGGCGCTGGCCAGGCAGCCACTGTGGCCTCTGCGGCTAGGCCGGCTCGAGACTCCCGGGCGCCCAGGCGCTGCCGCCCGCCTCGCCGCCCCACGCCGAAGGACCACGCGCCCGCCGCCGCCAGCCTCTCAGCGCTCCC,12.990393084365346,3.699373181738154
2504,ENST00000380943.6,ENSG00000112851.14,ERBIN,65926475,66082549,20.007659332248355,6410,5206.91,1212.99,5.24856,TTTTGTTTTTTTTTTTTTCGGCGGAGATCCTCGTTGGGGCTGGGAAACTCCTGCAAAACTCGAGACCAGGAAGCCAGCCCGCACCCCAACCCCCACCAAAGCCACCTACTCTTCTTCTGTGGGAGGCCAGTCCACATCCGCTCTCACCCGAGAGAGATATTCAGCTGGATCCAAAGTGACTGATGAAGGGAAGGAAATCATGTCAAGCGAAGCCTTGAAAAAGCTGCCCTGAGACGGTGTCCCGCCGAAAGAATGTTGGCTCAATTAAGAAACATCAGGGAGATAAATTCAACCCAGTGTGTCTAAAA,3.8120283148612866,1.930558835291467
2506,ENST00000334121.10,ENSG00000153914.15,SREK1,66139971,66183615,31.405968471221872,6781,5255.16,559.77,2.39986,GGGAGCAGGGGAGTTGTGAAATGGGCGGCTAGATCTGCCCGGCGCTGTGAATTCGCCAGCGGGAGCGCGCTCGCGGCCGCGCGTTCTCCGCTTTCCCGGCTCCGTCGCTGACGCGTCGTAGACGTTGGGGAGCGGGAAGGCAACGGCAGCGGGATCGGG,13.086583580384636,3.7100166073767418
2507,ENST00000521381.5,ENSG00000145675.14,PIK3R1,68215720,68301821,24.54216101814939,7011,6149.06,524.137,1.92043,GCGCCGGGCGCTGGAGCTGCGGGCGCACGGAGAGGAGTCGCCAGCAGCTGGAGCGGAGTTGGAGGAAGCAGCGGCAGCGGCGAGGGCGGCAGGCTAGCTGTCGGAGACGGCAAGCACGGATCGGGCACGGCCGGCGGGTCGCAGCCGGGCTGGAGGCCGGTCGGAACCGAGCGGGCAGGAGGCCACCGCTGCAGCGCGGGCCCCGCAGAGGAAGGAAGCCGGCGGGCGGGGTGAAGCTCGTGTGTGGAGTGCCACGGTACAATCAGACGACAGATGGACAGTGTGACAAAAGTGTCAGAAAGGATTGGGCCTCGCTGTGAGAGTCAGCCTGGATTCAAAGTGTTGACAAGTTGCTGAAAAGGAAGCCAGTGAGAGGACTGTGGCACGCAGAGGAAGTGGAGCCCTGTCTTCGGTCACACCATTGATGGAGGACAGATGGACAGCCGTATGGCCAGTCACCTCTCCTCTTAAACCTTTGGAGAGTGGTCCTTTGTCCTCTGCTGGACACATAATAGGAATTCTAACACATTCTCTGAATTCACTTTTCATAAAAACGTAAAATCAGACTGCTCTGTACAACCAGGCTCAACTGTTGCATGGTAGCAGATTTGCAAAC,12.779513451752674,3.675761005185906
2509,ENST00000380860.8,ENSG00000145740.18,SLC30A5,69093646,69131069,6.622682399467208,1317,1033.42,132.456,2.88773,GCCTGATGACGTGGCTTGGCAACGTCCCTACCGCCGCTGCTTCCCGGGAACCTGGCGCCGCCGGAACTGATCGCGGCCTAGTCCCGACGCGTGTGTGCTAGTGAGCCGGAGCCGGCGACGGCGGCAGTGGCGGCCCGGCCTGCAGGAGCCCGACGGGGTCTCTGCCATGGGGGAGTGACGCGCCTGCACCCGCTGTTCCGCGGCAGCGGCGAGACATGAGGAGACCCCGCGACAGGGGCAGCGGCGGCGGCTCGTGAGCCCCGGG,2.2933869854408853,1.1974798153940474
2510,ENST00000256442.9,ENSG00000134057.14,CCNB1,69167010,69178245,419.63555441390224,2169,1768.16,1933.72,24.6397,CGAACGCCTTCGCGCGATCGCCCTGGAAACGCATTCTCTGCGACCGGCAGCCGCCAATGGGAAGGGAGTGAGTGCCACGAACAGGCCAATAAGGAGGGAGCAGTGCGGGGTTTAAATCTGAGGCTAGGCTGGCTCTTCTCGGCGTGCTGCGGCGGAACGGCTGTTGGTTTCTGCTGGGTGTAGGTCCTTGGCTGGTCGGGCCTCCGGTGTTCTGCTTCTCCCCGCTGAGCTGCTGCCTGGTGAAGAGGAAGCC,17.03087109071548,4.090080322394463
2511,ENST00000283006.6,ENSG00000153044.9,CENPH,69189548,69210357,108.88084886852474,1389,937.119,996.696,23.9624,TTTCCCGGCGTCCATTTAGTGGCGGGAAAAGCGACCTTTTCTGAGCGCGTTTGCCTGTTGAGTGGTAGCCTTTCCCCTCAACCAGCA,4.543820688600672,2.183905903334925
2512,ENST00000256441.4,ENSG00000134056.11,MRPS36,69217760,69230129,149.19803326445776,1286,673.067,378.993,12.6863,ACAGCTGCCCGGGACTCCAGTGATCGCCGCGGCTCGCTCGCGCCCCGGAAACTGCCCCTTCTCGGGGGTC,11.760563226824036,3.555885249031733
2513,ENST00000256443.7,ENSG00000134058.10,CDK7,69234795,69277430,31.03708887574029,1439,1044.4,554.419,11.96,CCCGGTGGACGGAAGTGGGTGTTGGAGGCTTTAAGGTAGCTTTAAATTCGTGTTGTCCTGGGAGCTCGCCCTTTTCGGCTGGAGTCGGGCTTTACGGCGCCGG,2.595074320714071,1.3757758567296825
2514,ENST00000325631.9,ENSG00000152939.14,MARVELD2,69415112,69444330,21.88167125422597,2153,2049.65,175.334,1.92729,GCCCGATACCGGTTTCAGAGTCCTGGGCAGCGTGCGCGCTCTTCCTGGCGGCTGCGCAGGTGTGAAAATCACAA,11.353595594968048,3.5050773550067773
2516,ENST00000358731.8,ENSG00000145734.18,BDP1,71455615,71567820,4.990525630712402,11073,9294.74,2417.58,5.8601,AGTTGCGGCGTCCTGTGAGCGCGGGGATGCTGGGAGGAGGGTGAAATTTAGCCATCGGTGTGTGGCAGGGTCATGAAAAAGCGGCGGCGGCGGGAGAGAGGAGGAGGCGGCGGCGGGGCAGTGAAACTACGGTAGCTGCCCCCTGAGCTGGTGGTGTGGCTTTGTGGGGAGGGCGTAGTTCCTAATCCCCTTTCCGGGCAGCCGCCGGGGCTCGGGGCTGTGAGCGGCCGTGAGGCTGCCTCCCCGGGCCCCCTGCCTCCGCC,0.8516110016403137,-0.23173350734539466
2517,ENST00000340941.10,ENSG00000131844.15,MCCC2,71587288,71658704,126.83517022117854,3665,3741.83,2612.75,15.7317,AGAATCAGAGAAACCTTCTCTGGGGCTGCAAGGACCTGAGCTCAGCTTCCGCCCCAGCCAGGGAAGCGGCAGGGGAAAGCACCGGCTCCAGGCCAGCGTGGGCCGCTCTCTCGCTCGGTGCCCGCCGCC,8.062394415173094,3.0112083620646684
2518,ENST00000296755.11,ENSG00000131711.14,MAP1B,72107234,72209570,54.49304087303402,12036,12275.0,7743.04,14.2118,GTGAGGATGTGCCGGGTGGTCCTTTCCTCCTCCTCTTCCTCCTCCTCCCGGCTCCCTGCCTAGTCTCCATATAAAAGCGGCGCCGCCTCCCCGCCCTCTCTCACTCCCCGCTCCTCTCCGCCGCGCACTCTCCGCGGCGCTGGGAGAGGGCGGAGGGGGAGGCGGCGCGCGGCGCCAGAGGAGGGGGGACGCAGGGGGCGGAGCGGAGACAGTACCTTCGGAGATAATCCTTTCTCCTGCCGCAGTGGAGAGGAGCGGCCGGAGCGAGACACTTCGCCGAGGCACAGCAGCCGGCAGG,3.834351797311672,1.938982708668376
2519,ENST00000337273.9,ENSG00000083312.17,TNPO1,72816312,72916733,89.9542063700079,11183,9030.57,3199.39,7.98204,ACAGTCTGGGCAACCACACCGGCGGGCCGTTTTGCTCACAGCCCCACCGCGCCGGGCAGCGTCTGCAGCTGCTGCGTGCGAGACCCAGAGGCTCCGGTCAGCGCGCCGGCCGCAGGGAGTGCGAGCACTTGTGAGCCCCGCGCCGGGCCGGTGAAGTCTGGTGCTGCCGAGCCCGCTTAGAAAGCACGGCCGCGCGCTGTCGGACGCAGGCCCACAGGCCCAGCCGACCCAGGCAGCAATTTTCCTAGCCCCGCCGCCGTTGCCAAGGCGACCGCCGCCGAATGTTCCCGCCGCGGGCTCCGCCCCCCGGCCAATCGGACCGGCGCTCGGTGAAGCCCAGATTCTCTTTGTTCCGCAGCCATTTCAGGCCCCGGACAGGAGGCAGTGCCGCTTCGGCCGAAGGCCCGAGCGCCCGAGGCGTCTGGG,11.269575994358322,3.494361331573726
2520,ENST00000430046.6,ENSG00000157107.13,FCHO2,72955981,73090522,19.410431178231384,4981,3451.3,450.404,2.94023,GCCGGTCTCTGGGAAGAAGGCGGCGGCGGCGAAAGGCGGGGGTGCTGTGGGGGCCGGGCCGTGTTTACACAGCGGCGGGCGGGCGCGGACGCGGAACCCGGCGCGGCGGCGGCACG,6.60167101833237,2.7228312463995685
2521,ENST00000380591.7,ENSG00000145741.15,BTF3,73498408,73505635,314.61693337188046,1237,1046.55,467.829,10.0714,GCTGCCATCTTGCGTCCCCGCGTGTGTGCGCCTAATCTCAGGTGGTCCACCCGAGACCCCTTGAGCACCAACCCTAGTCCCCCGCGCGGCCCCTTATTCGCTCCGACAAGGTACAAAAAGGCTCTGGACGGCGGCGTGGTAGGAGGACGGGAGCGGGGGCGGGAAGTTCCCTGAAGGAGCGAGACAGGGAGGGACAGGGCAGAGGAGGAGAGGAAGGCG,31.238649380610486,4.965260174038904
2522,ENST00000296792.8,ENSG00000164338.9,UTP15,73565443,73583377,52.09263206714118,3687,3093.76,456.056,3.32119,GTACGTCATCTTCGCGCGACGTTCGGTTCGCTGTGTGTGTCGCCGGCTCCTTGAGGGTCCATGTGATTTTTACGCCAGTGCTGCTGAACTGTGCAGGGTAGGGAGCTGGCACAGTCCGATTAATTGTCCTTGGGTCGAGGTGTCTCGTCGGACCCTTTGGGGCTCAGTGGAGAATTAAGGCAGAGTCACTGTAATTATTTCTAATACCAATTCCAAAATAGTGACTCTTGGACAATAGTGCAATTATATGGAATT,15.6849298194747,3.971307168900097
2523,ENST00000261416.11,ENSG00000049860.13,HEXB,74640023,74722647,97.7687304434874,1901,1605.75,1708.0,23.9646,GCAGTCATCTGACTCGGTGACTCACCCGCGGCCGCGCTTCCTCTGATCCGGGCCGGGCGGGAAGTCGGGTCCCGAGGCTCCGGCTCGGCAGACCGGGCGGAAAGCAGCCGAGCGGCC,4.079714680966401,2.0284682593662966
2524,ENST00000610426.4,ENSG00000164346.9,NSA2,74766991,74780113,135.9310840857295,4594,3288.62,1752.9,12.009,GGAGGCGCGAGCCGCGCCAAAGTCTGCAACGGCCTCAAGTCTCGACGCCAGCCTAGGCAAAAGGCAATGTATCTAAACGAAAAGAAAATAGGCTTTCTCCGCTCTACCGCCTCGGGCAGCCACACCTCCACACTTCCGGCGGTGTACCGGCCAAATGCCGCCTGCCAGCAACTTCCGTCCTCCTAGCTAAAAGCGGAAAACAGAGGCTCGGAACCGCTGCGTGGTTCTTGCTCTTCACTCGGCCGTTTTAAAGGGTGACTCTTTCCTGTCCCGGCCTGCGTGGTGTGGGCTTGTGGGTCTTTGAGACCCGAAAATTGAGAGCGTTTTCGCACTCCAGCGGCTGCTCCTGGCGGCTCTGCGGCCGTCACC,11.319101014716422,3.5006874759270596
2525,ENST00000511206.5,ENSG00000113161.15,HMGCR,75336329,75362104,81.01468877557426,3395,3047.2,190.532,1.40873,CTTTCTTTAATCCAGTAGACAATGAGAAACGCTGATTTGGGTCTATGGCATAATAGGAAGTAGTATGCCACATACTGCATGTGGGAGTTCTGCAGGACAGATTGGGAAGTGCATGCGTGTAAGACTGGGAAGACCAGTTAGGAGAGGCTATTGCACTGTTTTAAGTAAGACATAATAAAGCCCTGCACCAGGCGGAGAGCAGAAGGAACGCACAGAAGACGCAGGAGAGGCACATTTCAGAGAGAATCCAGTATGCAATGGATGTCGCACACAAGAGAGAGAGACGCAGGATCCAAGGATTCTGTAGCTACA,57.50902499100201,5.845716473345407
2527,ENST00000241436.8,ENSG00000122008.15,POLK,75511756,75601144,14.753787671908077,5911,4184.86,353.235,1.90171,TACCTCCGGCTCTCCCGGGTGACGACGGGTAGAAAAGCAGGAGGAGCGGAGAAAGGAGAGGGCGGGGTAGGGATGCAGCTGTGCTGCATTCTGGGAAGGGCGTTGGTCCGTCGCTCGCGCAGCCTCCTGGGAGTTGTAGTCGCGATCCTGAGGTAACGGATAAGTTTATACC,7.758169054118702,2.955716213209024
2528,ENST00000274364.10,ENSG00000145703.15,IQGAP2,76403249,76708132,19.78387206181605,5844,4917.27,259.829,1.19049,CGCGGTGAATAACGGGGCCTGGCTGGAGGAGAAAGGAAACCTGCTGCGGGAGGCGGCGGCGACCGGCCAGGGAGCGAGGGAGGAGAGTTCACTTTTACTTCAGTGTCAGCGCGCGGCGGCCGTGGCTGGCTCTGGCGAGAGAGCACCGAGGGAGTGGGTCGCAGATCTTCGGGCGGCTAGGGGAAATCGGCGAGAGGCGGGATCCGAGCGCGCCGGCGGGGCGCAGAGCCCGCGAGCCTGGCCAGCGAGGGTAGCCGCGGGGGGCGCGCCCCGGGCGGGCCCCCGGAGACGCGCAGG,16.618259760112267,4.054697407988012
2529,ENST00000319211.4,ENSG00000181104.6,F2R,76716043,76735781,31.120678037563174,3821,3753.09,669.607,4.0197,AGAGACTCTCACTGCACGCCGGAGGGCGCCCTTCCTCGCTCGCGCCCGCGCGACCGCGCGCCCCAGTCCCGCCCCGCCCCGCTAACCGCCCCAGACACAGCGCTCGCCGAGGGTCGCTTGGACCCTGATCTTACCCGTGGGCACCCTGCGCTCTGCCTGCCGCGAAGACCGGCTCCCCGACCCGCAGAAGTCAGGAGAGAGGGTGAAGCGGAGCAGCCCGAGGCGGGGCAGCCTCCCGGAGCAGCGCCGCGCAGAGCCCGGGACA,7.74203996257511,2.9527137544992677
2530,ENST00000296677.4,ENSG00000164251.4,F2RL1,76818933,76835315,30.310595154012702,2914,2641.84,648.555,5.53097,GGTCCCGGGGCGTGGCCTCCCGCAGGTGAGTACGCTGCTCCTTCGGTTTCCCTGAAACCTAACCCGCCCTGGGGAGGCGCGCAGCAGAGGCTCCGATTCGGGGCAGGTGAGAGGCTGACTTTCTCTCGGTGCGTCCAGTGGAGCTCTGAGTTTCGAATCGGCGGCGGCGGATTCCCCGCGCGCCCGGCGTCGGGGCTTCCAGGAGG,5.4801590234647275,2.454217757973251
2531,ENST00000312916.11,ENSG00000164252.12,AGGF1,77029251,77065234,36.96626132920873,4509,3565.9,1557.71,9.84192,GGTCCCGCCTGCCGCTGGCGCCGTTGTTTCCGGCTCAACTGGGGAGCTGCTGGAGCTCTTCTGGCCTCTGGTTTTCCGACTGCTTATCCGACGCTCCTCCCTCTGTCTCTGTAGCTGGAGAAGGTAGTTTCCAGGAAAGTTTTCCGGTTTGCAGGCCGCGCACATCGGGCAGGGGCCATCCTCGGTCCCCTTGCTCGTTGCTCGCAGCCCCGTTCGGCTACAAGTGAGTTTCAGGGCGTCATGGCCAGGGGCCACCGCGGCCAGCCGGGTGTGAGGCTGCCTTTCGCTGCCCGCGCGCTCCAGTGGTCTCTGGGTCCGCCGGCGTCCGTTTCGGCCTGAACGCAGCCCCTCCGCGGCGACGAGCAGTCTCGCGCCGGAGCTC,3.7560009966763324,1.9091974458191132
2533,ENST00000264917.9,ENSG00000113231.13,PDE8B,77210449,77429807,1.5491275129383952,5956,5707.96,289.463,1.14255,GCGGCCGCGGGCGCGGGCGGGCGCGCGGGGGAGCCCGGCCGAGGG,1.3558509587662644,0.4391985996642232
2534,ENST00000621999.4,ENSG00000085365.17,SCAMP1,78360583,78479071,82.15949583356223,4509,3115.4,1282.67,9.27608,CGGCGACGTGAGCGCGCAGGGGGGCGGCGGCCTCGCCTCGTCTCTCTCTCTGCGCCTGGGTCGGGTGGGTGACGCCGAGAGCCAGAGAG,8.857135323710256,3.146840161246153
2535,ENST00000396137.4,ENSG00000152409.8,JMY,79236189,79327215,12.678910553350049,9042,8398.89,1185.0,3.17877,AGTCAGGCCGGCTCCGGGCTTTCTGCAGCAGCACCAGGGGCGGGGGCGGGGATCTTGACCTGGGCGAGCGACCGGGACGCATACAGCGCCGGCCTGACCCCGCGGGACCCGCGCCTCACCACCGGAGCGCCGCAGACGCAGCTCCACGGCCTCGCGCGGGGGGCGGCGGGCGGCCGCGAGGCGCTGCGGCAGCGCGGAGCTTGTAAACAGATCCGGCCGCAGGTGACCATGTGAACTACCTGCTCCCGGGACGCTTATTGTCCTTCTCTCGATCCGCGCCACAAAGGAGCTCGGCGGTCGGGGCGCGGAGGGACAGGCGAACGAGCCGGGAGAGCCGGCCGGCGCACTAAGATGGCTGAAGGCGCCCGGCGAGGGTGAGCGGGGGGCGCGGCGCAGCCAGCGGGGAGTCCTCGGGCGGGCCGGGCCGGCGGCCCTTCCCCGCGGCGAGAAGCCGGAGCCACC,3.9886215590778975,1.9958902468289748
2537,ENST00000423041.6,ENSG00000164329.13,PAPD4,79612120,79686648,12.551543982526765,3223,2336.67,175.209,1.68935,CTATTCTCATCCGGGGTCACGTCGGTCTTCCGGGTGTCTTTGACAGGGTTTTCTACGCCGCTTTTTCGGCGACTTTTTGCTCTTCCGCTTTTTGCCACCGCCCCCAACCTTCTATATCCTTGCAGCCCCTACCTTTTCTTGTGTTGCTCCTCCCCTGGCAGCCGTGAGGGGGGTTAGATCTCAGCCGGAGCCGGAGCTGGGCCTAGCTGTCCCACGGGCCACCACTACCTCCTTTGGTTCGGGAGAAAGCTACGACCAAGTACGCCCAGCTCGGGCCTTAGAACTTCTGAACGGGCAGTGCGGGACCAAAAGAGGAAGATAGTCTTGGGACCCTTGCATGGTGTTTCAAAGGGTGGTGAAGAACTAAGGTAGAAGAATACATGTTCACTTCCAGTGAACAAGAGC,7.429806720056096,2.8933246807983957
2538,ENST00000510158.5,ENSG00000039319.16,ZFYVE16,80408013,80479350,27.439757931504925,6680,4811.14,275.065,1.2881,CCGGTGGGGCGGGGAAAGAAGCCCTGAGCCGGGATCTGGCACTCCCAGGACTCCCGGCCGGGGTAGCTCTTCACTCCTCAGCGCGACGTCGTGTCGAGTTCCCAAAAAGCTCCGCAGGGGCTGTAGGGAGGTGATCTCATCCATTAACAGCTGTGTGTTGCCAGTTCCCAAATCTTTATCTATCTCAGACTTCTCTCCTGCATTCCAGATTCTTATATTCAGCTGCCTTTTGGATATCTCTCCCAGGATGTTCTCAAGGCATACAAGAATTAAATTCTGAATAAGTCTGCAGGTAGG,21.30250596343834,4.412951249674993
2539,ENST00000265081.6,ENSG00000113318.9,MSH3,80654648,80876460,22.57191619242646,4092,3237.85,994.282,6.91855,CCGCAGACGCCTGGGAACTGCGGCCGCGGGCTCGCGCTCCTCGCCAGGCCCTGCCGCCGGGCTGCCATCCTTGCCCTGCC,3.26252122083767,1.7059872856205152
2540,ENST00000338635.10,ENSG00000152422.15,XRCC4,83077498,83353787,39.27474821269854,1579,974.683,236.19,5.45959,CGGAAGTAGCTGATACTCTCATTGGTTGCAAAACCTTGATCTGTGAAAGCGGGCGTTTTGGAAGATACCGGAAGTAGAGTCACGGAGAGGTATTAAGAA,7.193717515912099,2.8467375085983577
2542,ENST00000343200.9,ENSG00000038427.15,VCAN,83471465,83582303,38.700442138896506,9455,9000.06,2370.04,5.93297,CTTCTTCTCGCTGAGTCTCCTCCTCGGCTCTGACGGTACAGTGATATAATGATGATGGGTGTCACAACCCGCATTTGAACTTGCAGGCGAGCTGCCCCGAGCCTTTCTGGGGAAGAACTCCAGGCGTGCGGACGCAACAGCCGAGAACATTAGGTGTTGTGGACAGGAGCTGGGACCAAGATCTTCGGCCAGCCCCGCATCCTCCCGCATCTTCCAGCACCGTCCCGCACCCTCCGCATCCTTCCCCGGGCCACCACGCTTCCTATGTGACCCGCCTGGGCAACGCCGAACCCAGTCGCGCAGCGCTGCAGTGAATTTTCCCCCCAAACTGCAATAAGCCGCCTTCCAAGGCCAAG,6.522945866723834,2.705523655788862
2543,ENST00000247655.3,ENSG00000127184.11,COX7C,86617904,86620962,1421.415823825548,666,408.448,1764.13,97.3098,CGCGTTTCCTCAAGGCTCCGCCCCATTTCCCATCTTTCTTTTCAGTCCTTGCGCACCGGGGAACAAGGTCGTGAAAAAAAAGGTCTTGGTGAGGTGCCGCCATTTCATCTGTCCTCATTCTCTGCGCCTTTCGCAGAGCTTCCAGCAGCGGT,14.607118952310538,3.8685997498877747
2544,ENST00000399107.5,ENSG00000113356.11,POLR3G,90471748,90514553,7.093514800926782,3285,2184.33,166.481,1.71714,ACTCCGCGGTCCTGGTGCCGCGTGCAGGTCGGTGCGCGCTTCTCCCGAGGTGGAACGGGCGGCAGTCAAGCGCCGGCGTTCTCTGCCGTCACCCTTTCCTTGCCGGCCGGCACTTCGGCTGCAGAGTTTTGCCCACGCTTCGAGACTTAGGGAGCAGTGCCTTTCAGAATTTGCCCACTCATCTGGTATAACTGGTTCTG,4.131005509700305,2.046492984379946
2546,ENST00000405460.6,ENSG00000164199.15,ADGRV1,90529344,91164221,2.73934832681604,19338,17891.6,1540.35,1.9397,AGTAAGAATCAGCAGCGCGGGCAAGGAGTACGGACGGGAGTCAGAGGCAGAGCGAGGGTGTGTGGAGGGCCGGCGGGGACCGCCGGGAGCGCGCGG,1.4122536097417333,0.4979991882285051
2547,ENST00000327111.7,ENSG00000175745.11,NR2F1,93583337,93594615,19.51068961344753,3732,4993.87,405.831,1.83092,CCTCTTTCTCCCCCCTCTCTCCCTCCTCTCCTCTCTCTCTCCTCTCTTCTCTGAACCTCTCTTCTCTTTCTCTTTTCTTACATATTCTACTAGTTGTTTTCCCCTTCTTCTTCTCCTTTCTCTCCTTTTTCTCCCTCCTCCTTGTCTCTTTTACTCCATTCCTGCAGAAGAGAGAGGGCTAAACTTAAAGAAAAAAAAAAGGAGGAGGAGGAGGAGGAGGCACCCCCTTCGTATTCTTCTTATCGTTATTTTATACATATATGATTTTTTTTGGAGGGAGGGTGTTGGTTGCCGGCTGAAGAGCACTTATTTAAAATACTAAAAAAAGAACATTTTTGGGCGATCTCCAGGGTTTTTTTAACTAGCTCTGTGTGTTATAGCAGAAGAAGCAGAAGAAGGAGCAAGAAAGAGGAAAAGAAGAGGATTATTTATTCGACCTACTTTGGATGTCTCTCTCGCTTTTCCTTTTTCCTTTTTTTGGCAATTATTTTCTTCTGATTTTTATTTTTTCTATTTCGCTGTGATTTCGTCGCCGGCGTGAATTATCCCGTATTTTTCTCCCCCTTCCGTCACCTCCCGAAAGAAGAAGGCAGCGAGAGCCCGGCGCCACCGGCACAACAAAAAGAGCAAAGTGTGTGATCTTCCTCGCCGGCTGCCTCCCGCTCTCCAGCGCTGCCTTCCTGAATGGCTGGCTGCGTCCGGCCCTGGACCTGGCCCCCCGACACCCGCGCGCCCTGATCGCCGGCGGCAGCCTCGCCCAGCGCCCTGCTCGGCTCACCGCGCTCCCCGCACTCCCGAGCCCGGCGAGGGCTCCCGCCGGGACAGCGGCGGCGCCGCGGGCGGCCCCGGCCTCCGCTCGCGCTCCGGCTGCGGCCCCGACTCCTGCTCGGACTCCGGCCCGGGTCCCGGCTCCTCCAGCGGCGCTCGCCGCAGCAGCTCCGGCGGCAGCTCCAGCGGCGCCTGCAGCCGCGACCTCCTCCTCCTCCGCCGCCGCCGCCGCCTCCGCCCTCGCCGGCTTCCTCTATGTCGGCTCAGCCCGCGCGCTGCGCGTAGCCCGAGCGGCCGGCGGGCGGGCGCCCGGCGCGGGTGAGCGACTGTGTGTGCGAGTGTGTGTGTGCGCGGGGGTGCGGGCGAGGCGGAGGGCGAGTGTGTGCGCGCGCCGTGGCCCATGCCCGCCGCCCCCGGCGCTGCGCCCCGCGCCGCTCCCGGCTGCCGCCTGTGCCATTTCTGATTTTGCAACTTGGGGAAGAAGAAAAAAGCGAGAGAAGGGAGCTTGCTCGCCGGGGGGTGGGGAGGGGGGAAGGAGAGCGCGGCCCCCCCAGGAACGGAGCGCGGGGGGAGCGGGCGAGGGGAGCAGGGGTGTTGGGGGGGGAGCCTGAGAGCCTGGGGGGGCTGCAAAAAGAGAGAAAGAAAACAGCAGGAACCACAACAAAACGCCAGCAGGGCGGGCGGGCGCGCAGCAGCAGCGGGGCGGCCGAGGCAGTAGCGGCGGCAGCGGCGGCGGCGGCGGAGGCAGCGGCCGGTGTCCGGCTCGGGCTCGGCTCCTGCGACCCCGGGGCGCCCGGCGGGCCCCCCGCCCCCTCCCCCTCCCCCCTTCCCCTTCCCCTTCCCCTCCCAGCGCGCCCGCGCGCCCCGCGGCCCTCGGCGAGCAGCTCGGCTCCCCCCAGCGCTCCCCGGGCCCAAAGAT,10.656221797482974,3.4136241108249656
2548,ENST00000265140.9,ENSG00000133302.12,SLF1,94618347,94739436,15.369928848555343,5905,4164.89,674.844,3.65058,GCTGCACTGGGTGTCAAGCGCCACGGGGTTTGATGGGGACTCCTTCTGGTTCCACCCTCGCCCACTCACTTCTCGGGCTGGCCATAATGCTGCACAGAGCCCCGGCCAGCCATTAATATCAGGCGCAGGAGAAAACCCAGTAAAATCACTTACCAGTCTTCCACCTCCGGTGCTGATCTAGCAAGAGCCTGACCCGCTGGCCAGACTCAAGCTCTGCACCAGGTATTACCACCCTGGCGACGGCTCCGGAGCGTCACTGACAACCACCCGGAAATGGTACTATCGCTTCCGGGGCTGCCTAGCGCGCGGCGGGAAATTGTTTCCCAGAGCCCGGATTCGTGAAGCAGTTGAGTGCTGCAGCGGCAGTCGTCGCCCCTGCCGCCGCTGCCACCGAAGGAAGCATCCCAGACACCGGGAAG,4.210270381297039,2.0739128853655022
2550,ENST00000504763.1,ENSG00000164291.16,ARSK,95555074,95605064,25.11830509781129,1088,831.375,40.9554,1.10988,CCAAACTGCAAGCTTTGGGAGTTGTTCGCTGTCCCTGCCCTGCTCTGCTAGGGAGAGAACGCCAGAGGGAGGCGGCTGGCCCGGCGGCAGGCTCTCAGAACCGCTACCGGCG,22.631550345813324,4.500263512881671
2551,ENST00000379982.7,ENSG00000164292.12,RHOBTB3,95713522,95824383,29.399441957037773,5537,5102.68,2002.73,8.84272,CCGCCACCGGAGCTCCCGGGGCCTCCGCGGGGAGCGCGTCCCCCGCATCCGCCCGACCCCCGGGGCTGGCACGTGCTGCGCCCGGTCCGCTGAGGGGGCGGAGGCCCCGATCTCCCCGACCCCCCTTCTCTGCTTAGAGGAGGAGGAGCAGCGGCAGCGGCAGCAGGAGGCGACAGCTGCCAGCCGAGGAGGCGCGGCGGAGAGGGGACTGCGGTCAGCTGCGTCCACTTGGGGCTGTGCGGCGGTCCCGCGCCCGGCGATGTTCCCGGGCACTCCCTGAGTAGCGGCAGCTTATCCCCCGCCCGCTAGCCCGCCCTGGTCCCCGGCTCGCTCGCTGGCTGGCGCGGCCCCGGCCCCGCTCTGCGTCGGCCCCGCCGCGGTGGAGGCGCGCGAGGGGGACGCGGCCGGGGATGAGCGGATTGCGGGTGAACTCGCCGCCCGGGGGCCCCGCGAAGCCGTGAGCCGCTGCTTTTCTCCGAGTCGCCGCCCTGCCCTTGGATTTGAGATC,3.3247057417896047,1.7332266583139964
2552,ENST00000437043.7,ENSG00000164308.16,ERAP2,96875939,96919716,6.997809796067844,5705,4835.32,535.256,2.49401,CCCAACTCAAACAGGCAGATAAAGAGAGATCAAAGAGATGAGCATGAGATACAGTCCCCTCGTGCCCAAGGAGACAGGGTGGTTACAGACATGGAAAATCTGAGAATAATCACCTCTGATAAAGATCACAGAAGCTGCCCGGGAGGTGTTTGGTAAGCTTGGAGTTACGTTTGTGGGGTGGATGGGCAGAAGTCAGATTTCATAGCACTGAGGATGCAGCACAAGGAGAAGTTCAAGATCAATTCCTAAGACAACAACTTGGCACTAAAAAACATAAACTATGTTCTGAAGGCTTTACCCTGGGGACAAGGGAAGGGAGGTGATAACAGCAGAAGTGGCAGCCACTGGCGATCCTTTCTTTCCATGGTTTGGCTTCTACTCCAAAGCCACTTATTTGTGCATTCTACAAAAAGTTTCTTGTCCTTTTTGAAATAAAGCTCTTATCCTAAGCTCCATTCACACCTGCGTGATAATGAACCAGCTAGTACTTACTGTACTCAGGAAGCATGCAAAGTTCTGAATCTTAGAACAGAAAGTGAAAGCAAAAGTAAATTCCCCTTCAGTCAAATCTGCAGCAGCATGATTTAAGATTAAATTCATGTATTGAAAATATTGTTCAGACCCCATGTGACATAACTGGAGCCAGTGCAGTGCCATGAAGAACTACGAGATTAGCCTGGATATTAACTTGTCTTCTAGAGAATAGATTTC,2.805846727185474,1.4884362021263984
2553,ENST00000231368.9,ENSG00000113441.15,LNPEP,96935394,97037515,27.741651893866564,12752,11460.4,954.262,1.876,TCCGCGGCCAACCTCCCCAGGGAAACCAGCGATTCGCGGTTCAGATAGCGACCTTCGCCCGCAGGTTCCTGCTCTGCCTTCAGACTTCGGCTTCAGTGGCACCTGCTCAGCGAGGCCTCGTCTAACCAAGCCATCCGAATTAACTACCCACTCACTCGCCATCACATCACCCCGATTTAATTCGCAGCGGGGCACTGACTTTACACTCGTGTGTCTTCTGTGTTTATTTATGGTCTGTTTCTGGAATGTCCGCTCCTGGGACTGGGACCATGATTTTCTGGCGCAGTGCGGGTGTCTCGGCGTCCGGGATCGGGCGGGTCGCAGTAGGGCTCCACATTTGTTGAGTGACTGAACACCGTTCCCGGCCGGGGAGAGCGCCGCAGCCGGGTCCACTTCAGGTAGGGGCTGGGCTTTCCCGGCCCCGCCTAGGCCCCGCCCCCAGCGCGAACCCGCTCCCACCTCGCCTGTCCACGGAGCAGCAGGGGGTTTGACTGTGCTTTTCCCTCTTGCTTCCCTCGCTCTTTCTGCAGCTGCCACGAAAACCCGGAACGGCGGAGCGGCGCCGCCCCTCGCGGCACCTCCCTGGCAGCCCTTGGAGGCCGCGCTGGGCATGCTCAGTCAGCTGGGCCGCCTCAGCTCTCGGAGTAGGAAGCTCGGGCGCTCCGGCTGTAAGGAGCCGCGGCGGGGGGAAA,14.78766092423591,3.8863219634242845
2554,ENST00000308234.11,ENSG00000174136.11,RGMB,98768650,98798643,8.51905964449492,4580,5076.8,351.049,1.5579,ATTTGAGGCTGACTGGGGAGAAAGCTGCCTGGAGGAAGCTGCTGGGGTGCGGGGGGCTGAGGGATTTGGCTCCCCGCCCTCTCCCCTAGATGGCGGAGAAATCGGGCTAGCTGGAAGGGCGCAGCTCCTCTCCCAGAGCTCATTCTGGAGTCGGAGAACTGGGAGAGCGGCCCCCGAGGCGGAGCCTCCCTCCCGCCCCGAGTCGCGCTGCCCCCCACCTGGGGGAGAGGGGCGGGCGCCGCGCTGCCTTCCCTCCGCGCCTCGGCCGCGTGGCTTGCGGCTTATTTTCCCAGCTGGCAAGCGTCGCGCTGCAGACAAGGGAATGCCTGTGGTCCTGCGTGTTCCGAAGTTCAGGGGCCCCCTGATCCCGCTGAGCCCCCTCCAGGAGCGAAAGGGTTAAGA,5.468296838368906,2.4510915596263385
2556,ENST00000312637.4,ENSG00000174132.8,FAM174A,100535305,100586741,13.77460334049493,1356,1310.17,191.48,3.29274,AAGTTAGCAACCGAAGGCGTCCTTAGCAGCAGTGGCCGCTGAGATGTACGAACTTCCGGTTCTCCGGGCAGCTGCCACTGCTGTAGCTTCTGCCACCTGCCACGACCGGGCCTCTCCCTGGCGTTTGGTCACCTCTGCTTCATTCTCCACCGCGCCTATGGTCCCTCTTGGAGCCAGCGTGGCGGGCCTGGCGGCTCCCGGGTGGTGAGAGAGCGGTCCGGGAACG,4.183325540581683,2.064650270874214
2557,ENST00000348126.6,ENSG00000145730.20,PAM,102753981,103031105,7.812550365727574,3622,3664.78,311.784,1.91676,GTTCTGAATGATGACTGACGCGGGTTTGGGTGATACCCCTCACAGCCCCTGTCATTCCGGAGTCATAAGGCACCCGCGCGTCTAGCCCCAGCGCCAGGGCACGCGAGCGGCGCTGGAGGGAGGAAAGCTTCCGCCTGCGGGCCGGACAAAAGTCCCGCCTGCCCACGGCTTTTTGCCCGCCGCTCGTGACCGAGACGCCTCGCCGCGGCCAGCTCGCTGCTCTCGCTGGCGGATGGTGTGTGGCCGCCGCAGGACGCCCGCCGTGCCCGGGCCATGAAGTAGCGGCTGCTGGCGGCGCCGCTGCCCAACCGCCAGCCCCAGCCCCGCGCTGCGCTGCCCGGTCCTCTCCCGGCGGGGTCGTATCGGCGTGGAC,4.075914754965449,2.027123878816129
2560,ENST00000319933.6,ENSG00000181751.9,C5orf30,103258702,103278660,89.86772403174352,3049,2341.2,405.629,3.90348,GGAGGCGGAGGAGGGGGCGGGGACTAAGCAGGGCGGTAGCTGGCGCCGAGCGCGGTGGGAGAGGAGAGGGTACCCGGCTGGCTCGGCTGGCGGCCTCTGCCTGGATCTCGGCGCCGCAGTCCTGCGCCTCTCCCGCCCCTGTCTCCCGCTCCGCAGCCCCGGGCACGGCGGAGGCAGCGGAGCCCTGGGCCATCGTACCTGGAGTAGAACAGAAAAATTATTATGTCTGTGTTCCCTTGGGACTCATTGGAAATTGTACAGTGACATCTTCTGGGATTTAGTCTGGATTGTGCAGACTGGTGCTTAAA,23.02246304111806,4.524970282272358
2562,ENST00000281092.8,ENSG00000151422.12,FER,108747822,109196841,9.620284145328249,12119,10197.9,892.496,1.97177,GTCACACCCTCGAATAATGACGCATACCTATCCTACTGTTACTGATCACCTAGTAATAATCTTGTAGTTCACATTACTCATTTTTCACCAAATTCTTTTGGTGAAGGACGCTTCAGAAACGGCCATCACTGAAGAGCAGACCCGTTTGGGTTCTCCACGCATTCTAGACTCCCGAAGAGCTCATGTTTTTTGGCTAGACCTATGACCATTTTCGCTAGACTTCACTGCACGTTTTCTCAAGTATCTTCTTTGTCCCTAATGTGTGACACCTCATCATGGACACGCTACTTTAGCTAAGGCATGACCAGCAATGAACAGTAGTAAGATATGTGCTGATTAGAAGGCTCACTTGTGCAGTGTGGAGGATAACCAGTGCCTTACAAA,4.879009288775186,2.286588229904059
2563,ENST00000261483.4,ENSG00000112893.9,MAN2A1,109689366,109869625,23.97431963602864,4667,4450.91,668.31,3.38292,GGCGGGGCCAGCCGCCCGCTCGGCTCAGGCGCTGCGGGCGCCTATTGACCCAGCGGCTGCTGCGCCGCCGCTGTCTCCTCCTGCTCGTGGCGGGCGGTGCTGGAGCGCCAAGTGGCGCTGGAGAACCGGCGCTTCCTTTCGCCGCTTCCGCCGCCATCTCCGCGTTTGTGGGGCGGGAAAGAGGGAGGGGGCTAGCGGCTGCAGCTGGAGCGGGCTTCTCTCCGGGGACGGTCCTTTCCTCCCTGCTCTCCTTTTCCTTCTTTCCGCGTTGCCGCCGCCCGCCCCCTGCGCCTCCCCGCGGAGCCTGGGTCCGGGAGGGGGAAGGTAGGGGCGGCGGGGGGCGGGAGAGTCTGGCGAGCGGACGCTAGCTCTGAGGAAACTCATCAATCCGTGAGCCCCGGAGTCCGGGGTGCACATCGGCCCAGCCGCAGCGTCGGCGGCGGCGGCGGCAGCAGCACGAAGGGGCTCAGTCGGGGTAGGCGGGGGCGGTGCCGGTGCCGCGGGGGCGGGCCCGACCGTCCCGCCCAGAAGTTGTAGGGCTTGGCTCCTCGCGATCTTGTTCCTTTCCCCTCCGCTTCTCTGACCTAGCTGCGCGGCCCCGGCCCGGGAGCTGCCGAACCCGCGCCTCCCCTGGGTGAGGAGGACACGCCTGCCCTCGTCGAGAAAACTTTTCCTGCCGACTCAGTTGGGGCGGCGGTGGCAGGAAGTGCGGGCAGCGACCTCTCCTCCGCCTGCCCCGCGCGCCCTGCCGGAGGTCGGCGCTGAGCTTGCGATCAAGTTTGTGGGGGCCCCCCTTCCCAGTTGCCGGCGAGTCTCGCCTCGAGAGGGGCGCCCGACCCCGGGGAGGGCGGCAGGCCAGGGCGAAGGCCAAGGGCGTGTGGTGGCGCCGGAGACTAGGTGCGGAGCAAGGCGGGGACTCGCACCCGCATCCGAGAGCGCGGAGGTCGCGCAGCCCGGGAGAAGGGAGCCTCCGGCGGCTGCTTCCTAGAGTCCACAGTGCGCTGTCTCCTTTGGCTGAGGAGAGTGTCCTGGCCCCGAGTCTATCGAGGAAA,7.086871589049886,2.8251489082833414
2564,ENST00000355943.7,ENSG00000164209.16,SLC25A46,110738136,110765161,59.17199776720014,2385,1925.25,525.844,6.15362,ACTTCCGGTTGTCAGAATTTACCCCTGACGCGGCGGCGGCCGACGGGAAGCTGTGTGTGCTTAGGTCGTGGTGGCCCCGGTGGTGGTGGGCTCCGGGCGGGCTCGCGTCATCCTGCCCCCGCTGCG,9.615803017930931,3.2654073423921757
2565,ENST00000379706.4,ENSG00000145777.14,TSLP,111070062,111078024,9.713795320666785,2411,1829.88,107.0,1.31742,ACCCTCGCCACGCCCCTGCTCCCCCGCGGTTGGTTCTTCCTTGCTCTACTCAACCCTGACCTCTTCTCTCTGACTCTCGACTTGTGTTCCCCGCTCCTCCCTGACCTTCCTCCCCTCCCCTTTCACTCAATTCTCACCAACTCTTTCTCTCTCTGGTGTTTTCTCCTTTTCTCGTAAACTTTGCCGCCTATGAGCAGCCACATTGCCTTACTGAAATCCAGAGCCTAACCTTCAATCCCACCGCCGGCTGCGCGTCGCTCGCCAAAGAA,7.373347391619062,2.8823197304349977
2566,ENST00000512453.5,ENSG00000152495.10,CAMK4,111223653,111494886,13.146400696742344,1640,1496.83,101.603,1.52931,CCCGGACCCAGGTGCTGCCAGGGCGGCGGCTGGCGGCCGGCTTCTCGCTCGGGCAGCGGCGGCGGCGGCGGCGGCGGCTTCCGGAGTCCCGCTGCGAAG,8.596295516763995,3.103715079466677
2567,ENST00000257430.8,ENSG00000134982.16,APC,112707498,112893094,8.248078010920898,10701,9065.71,869.785,2.16158,GGAGACAGAATGGAGGTGCTGCCGGACTCGGAAATGGGGTCCAAGGGTAGCCAAGG,3.8157634743663884,1.9319717465702617
2568,ENST00000505459.5,ENSG00000153037.13,SRP19,112707498,112893094,104.62866607495292,2841,2388.02,293.033,2.76466,CAAACAGGCGATGAGAAATCGCGGACGCGGAACCATTTCTTGGGCAGGACTTCCGGCGGAAAAGCGGGCTGTCTCGGAAACTCAGAGCCGGGTTCCTCCCGGGTTTCTGCCGGGTTTCTCCCTGCGGCTCCTGGGTTGTTGAGACTCTTGTGAAG,37.84503920010161,5.242032296275035
2571,ENST00000389063.2,ENSG00000172795.15,DCP2,112976702,113020970,33.83744119831831,8947,7179.37,1664.35,5.22301,AGTCTTGGGGTCCAAGGCTGAGGGAGCGGGACGGAAGTGAGCGGGTCCCGCCCCTTCCCCTTCTCGTCTCCGTTGGAGTCGTCTCTGCCGCGGCTTCCTCGGCTGCCAGCTCTCCGGCGAGCCGGAGTCCTAGTGCCGTACCGTCAGTCCCCGGCCGCGCGGAGCCGGGATGCACTGTTCCTGCTGTGGGTCCTCATC,6.478532723145908,2.695667104354321
2572,ENST00000161863.8,ENSG00000047188.15,YTHDC2,113513683,113595285,34.80788759808733,6316,5290.38,2018.63,8.59672,ATTACGCCCGCGCTCCTCGCCTGGCCGTGATATCAATGGCGCAGGCTTCACTTCTGCTGTGGCGGTGACTGAGGCCTTTCTGGTGACCTCAGCCCAACACAGGCCGTCTCCGGAGCTTCCCGGTAGTGGCCCCGGATTCCCACGGTCTTTGTCATTGGCTGTCAGCTAGCAGGCCTGGCCGCTCCCGTGCGGAGAGACCATCTCTTCAGGGCA,4.048973049964095,2.0175560404427366
2573,ENST00000316788.11,ENSG00000177879.14,AP3S1,115841481,115914081,40.17465495143692,1730,1455.57,755.848,11.6994,ATCCGTAAGTCCTTCCCCTCCAGCAGCAATTGAAGTAGGAAGCTGCAACACAGACTGCGGCTCCTCCGCCATCTTGCTTGGAGACACTCGAGAGCGGAAGTAGCGACTGAGCGCGTGCAGTGGGCGTGCTTTTCTCCAGGGAGCGTCGCAAAGGAGGCGCCGGAGTAGGGGGACGCAATTACACAGTGAAACTTGGTGTTCCCGGCTAGTCATTCAAATCGAAGCTGTCGCAGACCTCTGAACGTTAGTAACGCAACATGTGTTTCTCCGCGACTACAGACCTCGGGAGAGGAGCGGTGGGCAACGTGTCTGTGCTCGGTCGAATGCGCACACTCCAGTTAGGCCGCTGGCTCGGACCTAGAAATGTTTCCGCTTTCCTTAGTGCCTGCCCCGCCCAGGCCCCGCCCCTTGGGCCCCGCCCGACGGCTCGGGAGCGCGCGCGGTCGCGTGCGGGAGGGGGCGGGTGGGGAAGGATCGCAGGCGAGATTACGAGGCGAGGCTCGCGCGCCCGCCCCCGCCCTGGCCCCCAGTGCCCACCCGGTCGGCCCGGCACAGCC,3.4339072902402616,1.7798510895100705
2574,ENST00000311085.8,ENSG00000172869.14,DMXL1,119037772,119249138,6.359801001729413,11072,8743.54,1148.18,2.9586,GAGGGAAGGAGGGAGGGAAGCAGCCGCTGACCCGTGGCATGAGCTGGATGCGGTGTCCGTTGCAGGACTAGGGCGCCGAC,2.1495981213173168,1.1040669655931479
2575,ENST00000274456.6,ENSG00000145779.7,TNFAIP8,119268692,119399688,70.9947285716043,795,713.176,55.7062,1.75982,GACCTCCCGGCTCCTCCCCGGCCTGCCCGCCACACCCTTGGTCCCTCCTGCAAGTTCCGCCCCTGGCCTCTGCCTCCTTTTCTCCCGCCGGCTCTAACCCGCGCTTGGCTAAGGTCCGCGGGAACCCGTGAGCCACCGAGAGAGCAGAGAACTCGGCGCCGCCAAACAGCCCAGCTCGCGCTTCAGCGTCCCGGCGCCGTCGCGCCACTCCTCCG,40.34203985157817,5.33421212899572
2576,ENST00000256216.10,ENSG00000133835.14,HSD17B4,119452443,119637199,75.79443321378838,2683,2220.87,1895.65,19.2307,GCTCATCTTCCTACCAGAAATCGGCAAGTCACTGACCCTCGTCCCGCCCCCGCCATTCCCCGCCTCCTCCTGTCCCGCAGTCGGCGTCCAGCGGCTCTGCTTGTTCGTGTGTGTGTCGTTGCAGGCCTTATTC,3.9413247158859734,1.9786806144085025
2577,ENST00000339397.4,ENSG00000151304.5,SRFBP1,121961961,122075570,45.67789384406285,2855,1870.48,502.269,6.04986,GTGGCGACGCAGCCGCGGTCTGAGAGACCGGTTCACGTGCAGGCAGCGGCGGATCATATTCCTTCATCTACC,7.550239814485435,2.916522468765429
2578,ENST00000379516.6,ENSG00000205302.6,SNX2,122774996,122830108,130.12669034482005,2128,1719.51,1222.1,16.0127,AGGCCGGCCGGGGGCGGGGAGGCTGGCGGGTCGGCGCGGGCCCAGCCGTGCGTGCTCACGTGACGGGTCCGCGAGGCCCAGCTCGCGCAGTCGTTCGGGTGAGCGAAG,8.126467762764559,3.0226284090679383
2579,ENST00000513881.5,ENSG00000064652.10,SNX24,122843439,123029354,4.627394587596266,1563,1317.91,100.083,1.71095,CGGGGCCCCGCGGGCGCAGCGGGGCGGGAGGCGGGGCGGCCCGGCCGTGGGCGGAGCGGCGGCCGCGGCCGTGAGCCTGCCCCCAACTCGCCCTCAGCCGGCTGGCCGGCGCGGCC,2.7045761638833783,1.4354025259660421
2581,ENST00000510842.6,ENSG00000151292.17,CSNK1G3,123512099,123617045,28.54879211454112,1979,1354.75,242.301,4.02957,CTCTCTATCAATATCAGCTCACATCATTGAAAAGATAATTTTGAAGACATGTTTTGCTGAAAAGACACTAAGAAAAATTTTACGAATGGGATGAACATGCTCCAGTTAATTGACTACCTACTGCAATTTGAATGTTAACATTACCCATCTGGTACAGTTACCTAGTGATGTACCTATTTTCACAATACCCTGTTTCAGTGTGCTTGTCTTGATTAAAGAATTCAAAGTGGAGTACCGCAAACTTGAT,7.084823471124989,2.824731906706405
2582,ENST00000297540.4,ENSG00000164902.13,PHAX,126600268,126627252,73.87779105864935,4288,4035.3,675.772,3.773,GCTGGCGAGTGTACCCTTTCTGCAGAAAGTAAAAATGGCCTTATTCAGTAAGTTAAATTTATGTTGCTATTTCTTTACGACACCGGAAAACAAACATTTCAAACACCATGCTGAGAACTCAGTCCTTGTTTTGGGGAGGGATGCACTTGGAAGATTCGAGCTAAGGTACAATCCTCCCTAGGTATCCGCGGGTCATTGTTTTCAGGACCCCCACAGATACCAACATCCGCCATGCTCAAGCCCCTTACATTATGTGGGGGTGCACGGTGGGTCCTTCCCATCCGCAGGTTCGGCATCCGTGGATGGGGAGTGGATACAGAGGGCGGACTATACAGCTTGAAAGGCTTCCCTGGAAGCAATATGTAGAGTGGATTGTGGAGGAGCAAGAACAGAAGCGGGGAGGCTTGTCCAGAGCATACAGGGGAAGGATGTACGGCCAAGGGAGGAATCCCAGACGACCGCGATACGTGACATATTTATGTTTGCACGAAAATAAAGTTTGGAAGAAAAGTGTTGGGGGAACAAGGGATTCATTTTCCCGGGGTAGTTGGAATGCAATGGGACGCCTCAGGCCGCTGGGACAGGCTGGCCTCCGCGCGGGGGCGCCCGAGCAGCCGAGCCGCCGGGCCTTCCGGCTGCCCCGCCGGAAGTGCTCTCCTGACCCGCCGCTGTGCAGCGCAGCGCACCGCGGGAAG,19.58064963123492,4.291356725212713
2583,ENST00000261366.9,ENSG00000113368.11,LMNB1,126776623,126837020,319.0880684895349,2878,3029.48,1691.37,12.5786,CTGAGAGGAAACAAAGTGCTGCGAGCAGGAGACGGCGGCGGCGCGAACCCTGCTGGGCCTCCAGTCACCCTCGTCTTGCATTTTCCCGCGTGCGTGTGTGAGTGGGTGTGTGTGTTTTCTTACAAAGGGTATTTCGCGATCGATCGATTGATTCGTAGTTCCCCCCCGCGCGCCTTTGCCCTTTGTGCTGTAATCGAGCTCCCGCCATCCCAGGTGCTTCTCCGTTCCTCTAAACGCCAGCGTCTGGACGTGAGCGCAGGTCGCCGGTTTGTGCCTTCGGTCCCCGCTTCGCCCCCTGCCGTCCCCTCCTTATCACGGTCCCGCTCGCGGCCTCGCCGCCCCGCTGTCTCCGCCGCCCGCC,25.367534422712776,4.6649113995086395
2584,ENST00000296666.12,ENSG00000164244.20,PRRC1,127517609,127555089,57.22514088732064,4699,4091.65,1594.92,8.78218,GCAGCCGCAGGAGCATGCGCCGCCCGTGGCCATCTTGTAGGCGGGGACACGCCGAGGTAACTTCCAGGGTGCGCCTTCGTTGTCTTCTCCAAGCTGTAGTTCTACGTCCCGACCTCCCTATCATACCACACTCTTCAGCGACCACGCAGGCACTTTCCCGGTCCCCAGTATACCATAATTGAAGAAAA,6.516051924160133,2.703998100246159
2585,ENST00000262461.6,ENSG00000064651.13,SLC12A2,128083766,128189688,54.51399790655236,6885,5956.12,815.271,3.0839,ACACTCGCGCGCTCGCTCGGCTGCCGGTGGCCTCTGTGGCCGTCCAGGCTAGCGGCGGCCCGCAGGCGGCGGGGAGAAAGACTCTCTCACCTGGTCTTGCGGCTGTGGCCACCGCCGGCCAGGGGTGTGGAGGGCGTGCTGCCGGAGACGTCCGCCGGGCTCTGCAGTTCCGCCGGGGGTCGGGCAGCT,17.676966797416377,4.143798837843905
2586,ENST00000173527.5,ENSG00000066583.11,ISOC1,129094751,129114028,112.08468615167082,1940,1718.99,919.728,12.0545,AGACGCTCGGGGGAAC,9.298161363115087,3.216945463041851
2587,ENST00000379380.8,ENSG00000186687.15,LYRM7,131170810,131205426,128.6634622092715,6351,5175.65,836.567,3.64165,AGCAAACGCCTTTAGCAAACGCCCGTTTAGCAAACGCCTCCTCCGTCCTTTGGAGGAGGGCGGGGCTAAAAGGGAGATGCTGCCTAGTGATTCGTTGTGGCGCATTAGTAACGCGACTACAGGGGGCTGGAAACAGTTCAGTCTTTGATTGGTTGCTGAGAGGCGGGGCTACTCGACTGCTCTGGAGGTAGCGGCCGCGGTGAGGAGAGCC,35.3310895361365,5.142866334468155
2588,ENST00000245407.7,ENSG00000197375.12,SLC22A5,132369752,132395614,16.09961039378257,3237,3647.11,220.915,1.36471,GCGGCCCAGGCCCGCAACCTTCCCTGGTCGTGCGCCCTATGTAAGGCCAGCCGCGGCAGGACCAAGGCGGCGGTGTCAGCTCGCGAGCCTACCCTCCGCGGACGGTCTTGGGTCGCCTGCTGCCTGGCTTGCCTGGTCGGCGGCGGGTGCCCCGCGCGCACGCGCAAAGCCCGCCGCGTTCCCCGACCCCAGGCCGCGCTCTGTGGGCCTCTGAGGGCGGC,11.797092711112667,3.5603594588773935
2589,ENST00000378823.7,ENSG00000113522.13,RAD50,132556019,132646344,46.70864084394046,8306,7231.7,1472.87,4.58865,CCAGGAGAGCGGCGTGGACGCGTGCGGGCCTAGAGGCCCACGTGATCCGCAGGGCGGCCGAGGCAGGAAGCTGTGAGTGCGCGGTTGCGGGGTCGCATTGTGGCTACGGCTTTGCGTCCCCGGCGGGCAGCCCCAGGCTGGTCCCCGCCTCCGCTCTCCCCACCGGCGGGGAAAGCAGCTGGTGTGGGAGGAAAGGCTCCATCCCCCGCCCCCTCTCTCCCGCTGTTGGCTGGCAGGATCTTTTGGCAGTCCTGTGGCCTCGCTCCCCGCCCGGATCCTCCTGACCCTGAGATTCGCGGGTCTCACGTCCCGTGCACGCCTTGCTTCGGCCTCAGTTAAGCCTTTGTGGGCTCCAGGTCCCTGGTGAGATTAGAAACGTTTGCAAAC,10.1791683488478,3.3475477910745393
2590,ENST00000378670.7,ENSG00000164405.10,UQCRQ,132866560,132868031,903.4678564266628,839,693.023,464.636,15.1052,CTTAGAGACAGTAGGAAAATGGTATCTCCCGGAAGTTACCTCACGACCTCCAAGAGCGGCTTCCAACCTTGCCGGAAATGACGAACGAGTCAACCGGATCGGTGACTGTGGAGGGCGAGCTGAGCCCTGGCCGCCGCCACA,59.811710962229085,5.902356082538061
2591,ENST00000304858.6,ENSG00000170606.13,HSPA4,133051962,133106449,257.7280039048284,4825,4566.59,2611.21,12.8828,CTTTCGTAGCTCTGGTGCTGCGGCTCCGCTCTCGTCGCAACGAGATCTTTCGAGATCTTCTCCGCCCCCGCTACCGGCGCCTCCTCTGCGGCCACTGAGCCGGAGCCGGCCTGAGCAGCGCTCTCGGTTGCAGTACCCACTGGAAGGACTTAGGCGCTCGCGTGGACACCGCAAGCCCCTCAGTAGCCTCGGCCCAAGAGGCCTGCTTTCCACTCGCTAGCCCCGCCGGGGGTCCGTGTCCTGTCTCGGTGGCCGGACCCGGGCCCGAGCCCGAGCAGTAGCCGGCGCC,20.005589150249047,4.322331210530492
2592,ENST00000342854.9,ENSG00000081059.19,TCF7,134114711,134151865,11.253603466307638,3045,4117.33,192.684,1.05437,CCCGCCAGCTCGCGGAGCCGCTCTGCCCCGCGCCCTAGCCCGCGCCTGCAGCCCGCCCAGGCGGAGTCAGCCCGCGCTCCGCCCGCCGCGATCCGAGCTCGGAGGTTCGGACTCCGGGCTCGCCGCCCCCCGGGCCGGCTCCGCGCCCCGCACTCCCGGCGCCCAGCGCCCCGCGCCCCGGCGGGCGGAGCGCACC,10.673296344080008,3.415933902241662
2593,ENST00000265339.6,ENSG00000119048.7,UBE2B,134371179,134391992,236.69889265125025,2515,1971.3,673.618,7.69879,CGTCCCTCTTTCTCCACCCCGCCGAGCCTAAACTAGTGACGGGGAGGGAGACGGGATAGTGTTTCTGTTTCGTGGTCTTTGAATCCACAACCTCTAGTCTGAACACAGAGAACACAAATTTGTCTATTACTTCAGGAAGCCCAGGGGGAACCGCGCCCCGCTGAAGGGCTCGGGGAAGGCGCGCTCCCGCGTCCCGCCCCCTCCTCCCCCAGCACTCACACTGTGGTAGCGGCGGAGGGCGGAGGGATCCGGAGGCGGCGGAGGGAGACGTCATTGCAGGGTTGTTTGTCAGTCTCGGCGGCGGCGGCGGCGGCGGCGGCGGCGGCGATCCACAGTGATTCGGCCGCCGCGCCGGGGGGTGGGGGGGCTGCGCGGGACTTTTTTTTTTTCAGACTGACCGCGGGGCAGCTGCGGAGC,30.744947277591706,4.942277427728784
2594,ENST00000398844.6,ENSG00000113615.12,SEC24A,134648789,134727823,27.917063243782867,6299,5171.47,1419.73,6.18519,CCGGCCAGGGCCTCCCTCCTTCTCTCTAGGTTTGGCTGCCGCCTTCTAGCCGGGCGTTCGCGGCCCCGCCGGCCCGACTCTCAAGCCTCAGCTCCCAGGCTAGGCTGTGGCCGCCGGTGGCCTGGGGAGAGTGCGGCGCCATGCCTCGGGCTTAATGCGCCCCCCCCTCTTCTCCCAGTCTTCAGTCTTAAGTCGTTAGCCTCCTCCCTCCGCTTTCAGCAGTGGTCTTTCAGCTCTCTTCTTGTGCGCTGTTGTCGACCCCGACCAGCCCCTTCCAACCCAGTCATC,4.513533657621329,2.1742573656736357
2595,ENST00000297156.3,ENSG00000164615.4,CAMLG,134738501,134752160,92.78296737835991,2221,1916.75,528.347,6.21036,GGGGGCGGGTCTATAGTGGGAAGGGGACGCGCGCCCTGCGGCCCGGCCTCTAGTCATCGCCCTCGCAGCGGCGGCCAACATCACCGCCACTGCCACCCCTCCCAGACTGTGGACGGGAGG,14.940030429533863,3.901111181467852
2596,ENST00000452510.6,ENSG00000145833.15,DDX46,134758771,134859737,89.62378046843111,5689,4557.43,1548.86,7.65691,GTTTTCGTTGGCCGCGCTGGGATGGCCGCCACAGCTGTAGGTGCTGCTAGTGTTTAGCGCTGGTCTTTGCCGGGCGTTGAGGGCAGCTCAGCCTCCTTGTTTGTCCGGTTCGCCTGTGCGTGGTACTCAAGGGCACCAGTATTCCCGCGGTCGGCAGC,11.70495414840074,3.549047377905897
2598,ENST00000358387.8,ENSG00000113621.14,TXNDC15,134873803,134901525,55.814905767540246,3548,3493.56,270.54,1.74472,AGGTAGGGTTAGGGTTGCCAGATGTCACGAAGTTACAGGATGCTCAGTTTTAAGGTATATCCCTTATACTATAAGGGTTATAGTAAAAAATATTCATTATGTGAAATTCAAATATAACTGGGTATCAGGTATTCTATGTGGCAACCCTAGGTAGGGGAGCACAGGTTAGGCAAGCGATTAGAAGATTTGCAGCCTCCAAAGTTTCTGCACCTCGATGGGACACTAGAACAGGAAGGCTCCTGGGCCTTTCTGGCTCTGGGAATGAAGCGTGGAAAACCCTCCTTAGGCGGGCGCAGTGCTTCAAGTAGCCAAGCTCTGACTTCCGAGGGAAGAAAGGAGGCCATGGGCCTCTGCCAGAGCCATGCTCTGCACTCTGGGGTCAGCAGAGTTCAAAACGACCTGCAACGTCTGGCGCTTAGCTCCTAAAGAGGTCTCCAGTCCAGCGCCGACGGCCAGCGGCTAGAGGCCGTCCGCCCGACTCCAAGATGGCGCCCGCCACAGCTGCCAGGTGTTAAGATGGCGGCGCGGGGCCGCGCCCGCGCTCCCAGGCTCTCCTCCCCCAGCCTTCCTCCGGCTGGCAGCACGACTCGCGTAGCCGTGCGCCGATTGCCTCTCGGCCTGGGCA,31.990752537679537,4.999583025121777
2600,ENST00000545279.5,ENSG00000113658.16,SMAD5,136132845,136188747,74.80690200817341,7012,5630.97,1174.75,4.70028,ATCCGGGTCCTGGGCGAGCGGGCGCCGTGCGCGTGTCCCGCGGCCGAGCTGCTAATAAAGTTGCAGCGAGGAGAAGCGCAGCGACGGCGTCGGGAGAGCGCGCCTAGCCGGCTCGCGAAAAGGAAGCTGTTGAAGTTATTGAAGTACCTGTTGCTATATTCTAAGAAATTAAAATGTCCAGAAATCTGCCTCTGACTTGACCCAATGAAAGAAGCATATGGCACTTGTGAAGATAAATGTTACTCCTCCCTTTTTAATTGGAACTTCTGCTTAGGACCTGTGTATGACGTTTCACCTGTGATCTGTTCTTTCGGTAGCCACTGACTTTGAGTTACAGGAAGGTCTCCGAAGATTTGTGTCAA,15.91541397707656,3.9923527784026893
2601,ENST00000394894.7,ENSG00000112984.11,KIF20A,138178719,138187715,84.7036609442358,3201,3327.93,2103.63,14.2415,CGCCCCCTTTCCTTACGCGGATTGGTAGCTGCAGGCTTCCCTATCTGATTGGCCGAACGAACGCAGCGCGTAATTTAAAATATTGTATCTGTAACAAAGCTGCACCTCGTGGGCGGAGTTGTGCTCTGCGGCTGCGAAAGTCCAGCTTCGGCGACTAGGTGTGAGTAAGCCAGTATCCCAGGAGGAGCAAGTGGCACGTCTTCGGACCTAGGCTGCCCCTGCCGTC,5.947664287064972,2.572323217488652
2602,ENST00000434981.6,ENSG00000120709.10,FAM53C,138331935,138349729,22.670782846939343,1686,2361.05,237.018,2.26172,TCATAATCACAATCCCATTACCTCATCCTGCTGGGGGGGAGGGGGCGGAGAGAGAAGAGAGGGAGTGAACAGCCCTGGGCTATCCTGAGCTTTACAAAGTGTTCTGGGTGAGGGCAAATTACAGAACCAAGTGGAAACGTCCCCGCAACCATTATAAGTCCTGGGTTTTTAAGGTTCAGGCCGATCCGGCAGCTGCAAGAGGGGCTCCTGGGACTCCGAGCAGGCCCTAATCCGCGCTTGGACCACACTTCCCAGCAGCCTTCACGCCGCGGACGGGTCCTTTGCTGGGGGAAGGGGGATTCCTTCGAAGAGGTGGTCGTGGAGGGCGGGGCAGCAGAGCAGACTCAGCAGGCATGACTGGAGAGGGAAGTCCCAATGGTGCTAGAATGGTGCTGCAGTGGCAGAAGACGGCTCACAAGTGAGGTCTGGAAGAACAACAGGGAAGACATCCATCATTTGCTCCAAAGTGTGCAAGTCAAATCCTGGGGAGAATC,10.023691193843334,3.325341969331227
2603,ENST00000314358.9,ENSG00000120733.13,KDM3B,138352596,138437028,31.763428833455205,6813,8058.72,1739.77,4.86394,GCGGGGCCCAGGCTGCGGCTCCGCTCCCGGCCACGGGGGGCGCTGCGCTGCGCCGGTGGTTGGTGGTGGCTGTTGGGGGGGGTGGGGGGGAACGGCGGCCGCGGGTGGTGCGGAGGGAGGCCTTGCGGGCGGATCGGGCGCTTGGCGGCGGAGGTGGTGGGAGGCGGCGGGCGGGAGCGCGGGTCAGGCCGGCCCCGGCG,6.53039076005362,2.707169321132299
2605,ENST00000254901.9,ENSG00000132563.15,REEP2,138439017,138446969,18.884414702193425,2099,3109.48,506.905,3.67283,GCTGCTGCAGCGGCTGCTGCTGCTACTGCGGCTCCTGCTGCCGCCGCCGCCGCCGCTCGGCCTCAGGCAGCTGCATCCTCGGCCGGGCCGGGTCCCCGCCCCGCGCCGCGCCCGGCCCCGCC,5.141652268739208,2.3622320436353643
2606,ENST00000239938.4,ENSG00000120738.7,EGR1,138465490,138469315,2.726670359996864,3138,4030.53,361.0,2.01793,GCGCGCAGAACTTGGGGAGCCGCCGCCGCCATCCGCCGCCGCAGCCAGCTTCCGCCGCCGCAGGACCGGCCCCTGCCCCAGCCTCCGCAGCCGCGGCGCGTCCACGCCCGCCCGCGCCCAGGGCGAGTCGGGGTCGCCGCCTGCACGCTTCTCAGTGTTCCCCGCGCCCCGCATGTAACCCGGCCAGGCCCCCGCAACTGTGTCCCCTGCAGCTCCAGCCCCGGGCTGCACCCCCCCGCCCCGACACCAGCTCTCCAGCCTGCTCGTCCAGG,1.3512214794352946,0.4342641669615868
2607,ENST00000302763.11,ENSG00000044115.20,CTNNA1,138610967,138935034,124.0848508627263,3756,3728.18,4073.41,24.6163,TCCTCCTCCTAGCCGGACTGGAGGGAGACAAAGCAGCGCCCGTCTGCTTCGGGCCTCTGGAATTTAGCGCTCGCCCAGCTAGCCGCAGAA,5.040759613050146,2.333641155829196
2608,ENST00000502929.5,ENSG00000280987.3,MATR3,139273752,139331677,13.741746497063916,4373,3591.86,588.718,3.69275,TTTCCCCTCCGGCCTCTGCCGGTGCTGCTGCGCCCTGCGGAGCTCCGAACACGTGCGCAGAGGCTGGCTGTGGCAGATGCAACTGCAGGATGACTTGAAAGTAGGGCATCCTTCACCCATCTGAAGGGAGGAAATAGTGGCAGGTGACAGTCTGCATGTGCAGTTTTCAGATGCCTTCACCTGAATGACATCTACCTCCATCAGGACCCCAGATGTCTGACAGCCCTGTGTGACACCAAGATAAGTAACTGTCTGACTCTGTAGCCCAGGCTGGAGTGTGCAGTGGTGCACTAGGCTCACGGCAACCTCCGCCTCCGGCTCAAACGATCCTCAGCCCCGTCCTCCGTACCAGGAGGTTGACAAACAGCCTTTTCGGGAATGGGACTCGAACTCGTAAGCCACGTCTGTTCCTCCATTTCCCGCCTCAGCTGGATGACGGAGAGGGATCTCCGGGATTAAAGAACAACGACCGCAGAGTTGTCTGCTGGTTCTCAGCTTGAAGAAGATTCTGCAGTCCTTATTGATCCTTTTTCTTGGCGTTACCATTTTTGAAGCAAAGTTAACCTAGCTTTCTAGTTTGAGCTTTCTTTTTGGCCGTCTTTAAAAAAATTTTTTTTTTTAATCTATAAAATAGACAAGAGCTAGTTCTACA,3.721277231619773,1.8957978738779044
2610,ENST00000503811.5,ENSG00000015479.17,MATR3,139273752,139331677,16.23283952700361,2518,1925.4,178.102,2.08406,GCGTCCCGCTCGCTGGGAGAGAGGTACCTCTCCTTTTCCCTCTCCCTTTCCCTAAGGTAGGCGTGAAGCGGGTAAGAGTCGGGGTCGGGTGGCTGGGGGTTCTCCGTGTCCGCCGGGAGGGGACAACGACGGCGACAGGGGCTGCGGGGAGCCGGCGGCGCGCCTTTCTTGCTCGCTCCCGCTCTGCCTCCCTCCGCGTTGCGTATGTGAGCCGCCTGATCGGCGGCCGCC,7.789046153663334,2.9614466667162906
2611,ENST00000265192.8,ENSG00000120727.12,PAIP2,139341587,139369720,492.2614779249446,1459,1034.7,3019.11,65.7398,GAAGTCACTTCCGGGCTGGGGTGTTTGTTTGGACTGGAGAAGGGAGGCGGCGGGCGAAGCGCACGTCGAGCGGGGGAGCGGCGCTGCCTGTGGAGATCCGCGGAGGCCGACAGGATTCGTTGGCTGCCGTCCCCGCTGCTGTGCATTGGGTTAAAAACGACAACCAACATCAGCC,7.488028225290381,2.904585873010222
2612,ENST00000398733.7,ENSG00000131508.15,UBE2D2,139526431,139628433,263.9872634106783,2702,2533.04,1225.79,10.9027,GCTTCGCAGCGTCACGCCCTCCGGGGCCGTGGCGGCGACGGCGGTGCGTAGCTTACTCACAGGGGCGGCCCGTATCCCTCCGCCGCCGGCGCGGCTCGGCCCTCCCTCCCCTGGCCCGCCAATCCCCGCGCCTCCCGACCTGCCCCTCGGTCGGGCCCACCCCGTGCTCCGACGGCCCCACCCCGGCGGCGCAGCCCGCCCGCCCGCGCGTCCCTCGGTCCACCTGCAGCAGGGAGGAAGACAGGCAATCCCTCCGGCTGTCCGACCAAGAGAGGCCGGCCGAGCCCGAGGCTTGGGCTTTTGCTTTCTGGCGGAGGGATCTGCGGCGGTTTAGGAGGCGGCGCTGATCCTGGGAGGAAGAGGCAGCTACGGCGGCGGCGGCGGTGGCGGCTAGGGCGGCGGCGAATAAAGGGGCCGCCGCCGGGTGATGCGGTGACCGCTGCGGCAGGCCCAGGAGCTGAGTGGGCCCCGGCCCTCAGCCCGTCCCGCCGGACCCGCTTTCCTCAACTCTCCATCTTCTCCTGCCGACCGAGATCGCCGAGGCGGCCTCAGGCTCCCTAGCCCCTTCCCCGTCCCTTCCCCGCCCCCGTCCCCGCCCCGGGGGCCGCCGCCACCCGCCTCCCACC,24.21301727193065,4.597710964889983
2613,ENST00000331327.4,ENSG00000185129.5,PURA,140107777,140125619,70.92267218210579,11497,8912.64,1138.0,2.87672,CGACTGAGGCGGCGGGCGGAGCGGCAGGCGGCGGCGGCGCGGCAGCGGAGCGCAGCATC,24.654006014525496,4.6237501831828
2614,ENST00000261811.5,ENSG00000120306.9,CYSTM1,140174642,140282052,242.40059304017217,1336,1754.12,848.002,10.8918,TACTGGCGGGACTACTTGTTGCAAGGTTTATGGGGAAAAGTAGCCAGAGAGCAATCCAGTTATCAGCCTCAGCCCCATTCCGCTCAGGTACAGCTCGGGAAGTAAGCCCCCAACCCTAGTTGGGTCTGGACCAACAAGACACGAGGAGGCAGCAGCCCACAGCCGACCCCTCATGCCACGCACTGAGCAGGGTTCCGCATGGACGCTGGTCTTGCCTCCCAGGCGCCTGAACTAGCGGAGTTGGGGTATCGGGTGGAGTCTCGGAGAACCAATCCAATCTGAGGGGGACGCCTGTGGGAGTCCTAAGTATCCAGCGCAGCTGGGAGGCCCACGTTGGGAAGTCGGAGACCGACCCCGCCTCCCGACTGCGCCGACTGCAAGAGAGCGCTTCCGGCGGCGCTTGGAGGCCGAGCAGTTGGGGGCGGGGCTCGTGCTGTGACGCAAGCCTCGCCTCGCCCCGCGCCGCGCGCGTTGCCAGGGTGATCAGGTGACTCCCGGTTCGCGGCGCTGGGAGCGGCCGTGACGTCAGGCGCCCGGCTGCTCCTCACTTGCTCTGAGACAGGTGCGGCAAGTCTACTGCGGGCTGGTCCGGGCTCCTCAGGTTCAGACCCGACCGTTATCCAGTCGGTTCGTGGAGAGGAGAGGTGCACTTTACAGGTCCCCG,22.255329058573622,4.476078926958727
2615,ENST00000394723.7,ENSG00000131503.20,ANKHD1,140401814,140549578,19.592704316667472,2135,2021.93,196.739,2.19223,CTGGGACGGGGGAAAGGAGACGCTTCTTCCTCTTGCTGCTCTTCTCGTTCCCGAGATCAGCGGCGGCGGTGACCGCGAGTGGGTCGGCACCGTCTCCGGCTCCGGGTGCGAACA,8.937339748414844,3.1598454686676307
2616,ENST00000532219.5,ENSG00000254996.5,ANKHD1-EIF4EBP3,140401814,140549578,11.891308928417615,8246,8758.3,1363.05,3.50633,GATCAGCGGCGGCGGTGACCGCGAGTGGGTCGGCACCGTCTCCGGCTCCGGGTGCGAACA,3.3913832777911987,1.7618738400169647
2617,ENST00000323146.7,ENSG00000176087.14,SLC35A4,140564456,140569103,99.53431427210516,3041,4130.33,254.96,1.39075,GTAAACGGGCGTCTGGATCCCCGAATGGTTGCGTGTTTCCGTGTGTGGGTCCGGGGGAGGCCCACGAACGCCAGCGAAACCGCTGACACCACCGCCCAACTATGAACTCATCAGGCGCCTGAAGACCGACACGCCGAACATGCGCCGCGCGCACTCGCGCACGAGTGAGATCATCGCGCCCCGGTCGTGAGTGCGCTCACACGCAGCCTGAGACTCGACGGGAGGGGGTCACGTGGAAGTATCTGAGAGAGGCGTACTTGGCCACTAGGAAAGCACCTCCCCCTTTCCAAAAATGCTCCGGAAGTGCCTTCGCCCTCCGTAAAGATGGCCGGGGCAGTCGGCACGAGGGAGGCGGGGATGCGCCTGCGCAACAAGTTCGGCGGGGAAGATGGCGGATGACAAGGATTCTCTGCCTAAGCTTAAGGACCTGGCATTTCTCAAGAACCAGCTGGAAAGCCTGCAGCGGCGTGTAGAAGACGAAGTCAACAGTGGAGTGGGCCAGGATGGCTCGCTGTTGTCCTCCCCGTTCCTCAAGGGATTCCTGGCTGGCTATGTGGTGGCCAAACTGAGGGCATCAGCAGTATTGGGCTTTGCTGTGGGCACCTGCACTGGCATCTATGCGGCTCAGGCATATGCTGTGCCCAACGTGGAGAAGACATTAAGGGACTATTTGCAGTTGCTACGCAAGGGGCCCGACTAGCTCTAGGTGCCATGGAAGAGGCAGGATGAGCAGCTCAGCCTTCAGGTGGAGACACTTTATCTGGATTCCCCAGCTGTCATCCATTTGCTATCTCCAACTTTCCTGCCACCTTCATCCTTGCCTCCCTTCCTGCAGATTGTGGACAGTAGTTCCTCAGCCTGCACCCTGGATTCCTTCTTCCCCTTCCTAGCTCCATGGGACTCGCCCCAAGACTGTGGCTTCAAGGACCACCAGCCCCTTACTCTTCAAGCCCTGACTGTGGAGTTGGTAGATGCCTCTGATCCTCAGTATTCTCTCTGGCAATGTTCCACGGCTTCTCCTTCCTGGGAGCTGGCTCCATAACTTGATTTTCCCCAAACGTGTTGCAATCCCTGCTGCCCCTTAGCCACCCAGGGTCTTGTGTGGGT,71.5688040784506,6.161258967171549
2619,ENST00000394671.7,ENSG00000113119.12,TMCO6,140639427,140645408,7.405545224216333,1887,2454.81,114.863,1.0542,GTTCCCGCCCTGTGCTGAGGCTGCGCAGTCGGTGCCATCTTCTACGCCCCTGGGAGCGTTGTGGCTGCTGTTTCCTTCGGCTTTCCTCCTCCTGCTCCACC,7.024801009501359,2.8124573589034414
2620,ENST00000417647.6,ENSG00000113141.16,IK,140647058,140662479,50.28860773085037,1962,2019.39,2602.28,29.0333,GGGAAAAACAGGAAGCGGAAAGGCTGCGAACGCAAAGCAGTGTGGGTTGATTCTGAGGTGCACTGTGGGAAAGAGCTTGTCGCTGCGGTGTTGCTGTTGGAGACTCGATTGTTGGTGACAGCGAAAGAACGATAACAAA,1.732100991993689,0.7925230503884059
2621,ENST00000358337.9,ENSG00000120314.18,WDR55,140664676,140674124,24.993750458035656,4080,5468.5,606.318,2.49801,AAACGGGGTCACAGCAGGACAAGGAAGTAGCCGATCTCCCAGATGCGGTCTCTTCGCTCCGCTCCACCCGCACCAGCAGCGGCCCACCCACCTCTCCTGTAAGAGGAAGAACGTCCCGGAGACACTTCCGGCCCCGCCCCCCGAGGCGGAAGCGGAGTGCCAGGCTACTCCTCCCGCAGTGTGGGTGGTTCCGAGGCTGACTACCCTGCGGCGGCGCGGCTCGCAGTCCTTCTCAGC,10.005464532982517,3.322716245026813
2622,ENST00000230771.7,ENSG00000112855.14,HARS2,140691426,140706676,19.603340637831984,2483,2733.67,321.503,2.64972,AAAAATTATTTCCGGCTCCTCCCGGAAGTGCCGAAGCTGGCTACTAAGGGAACTTGGGAGGATCCCACCTCAGCCTTCGTGACTAGTGAGGTGCGCAAACGCCCGAGTTTTCCCTGGTGCGCGGGTTCCGCCTTTGCAGTGCCCTCCACCCTTCCTGGTGTCTGACCCGCCTCCTTCCCAGGCCTTTTGTTCCTGTCCCGGAAAGCCGGCGTCCTGCCGCGCG,7.398268737010698,2.8871877063163263
2623,ENST00000274712.7,ENSG00000146007.10,ZMAT2,140691426,140706676,161.5374732664217,1647,1677.37,1407.27,18.9021,AGAAACCCTCCAGTCCTTAGCTCGTTTAGAACACAAGACTCCAAGCTTATTGGAGGGCTATCTTGCCTTACGGCTCCAAGCCGCTTTTTACGGCGTTTTTCAGCTCGCCATTCACTTCGCTGTGAAG,8.546006701182497,3.0952504482803125
2624,ENST00000308177.4,ENSG00000240184.6,PCDHGC3,141330571,141512981,13.181923869115144,4725,6690.23,373.52,1.25787,AGAAAGCCATGTCGGACTCGGCGCCCAGCGCCCAAGCGCTAACCCGCTGAAAGTTTCTCAGCGAAATCTCAGGGACGATCTGGACCCCGCTGAGAGGAACTGCTTTTGAGTGAG,10.479559786873956,3.3895062099847846
2625,ENST00000432126.6,ENSG00000081791.8,KIAA0141,141923808,141942047,22.670048945048443,4970,6211.45,353.762,1.28316,CCCTTCTAATTGGCCAGCTCAGAGCTTCCTCGGGTACTCGGCCACTCGGGGCATCGCGGCGGCCTTTCTAGCCGCTGTCCCAAGGGTTGGTCTCGCGCTTTCGGCTGCGAGCTCTCTGTGGTGCTGGCAGCGAC,17.667359444690018,4.143014526360312
2626,ENST00000394520.6,ENSG00000013561.17,RNF14,141958328,141990291,26.713523727868985,4235,3694.54,201.924,1.23137,GCGCAGAGTCCTCCCTATGCCGGCGGTCGCGCCAGCGGGATCCGCCTGGCTCAGCTGACAGCTCCCGAGAACGGAAGAGGCGGCGCGCCGGTTGAGCAGGGCGTCTCTAGGCCTGGTCGGCTGGCGGCGATGGCAGGATTTTCATAATATATGTAGTATGAGTTCCACATCTTGGCCTCTTACCCAGCTTCAGCAGTCTCAGCTCCACCAGTTAGAGAATAAATGGGATTTGCATGAACTCCACTCTGAGCTGAAATACAGACTGCGGTGTTAATATCCTTTTCTTCTGATTGTTATTAACAGGTCCTT,21.69414857262154,4.43923406089172
2627,ENST00000253814.5,ENSG00000131507.10,NDFIP1,142108505,142154443,124.86760264724036,3851,3036.71,1330.26,9.86948,GGGCACGTAGGTGAAGCTCAGTGCTTGGCACGAGGTGCTCATCAGCAGCATCGCCCTTGCTTTGGGCTGGCCTGTTAGTAATTCGTTTTTAGTGGAATCGAATACAACACTTGAGCCTCGGAGGCTCAGGTCGTCGGAGCAACTACACCAGGGCCGGTGCACCTCGGGGCGGCGGCGCAGGACTAGGCTAGGCCGGGCCGGGCCGGGCAGGGCGGCGCGAGTCGGGGGTGGGGCGGCGGCGCAGCGCCGTCGTCGTAGTCCCCGCCTCTTCCCCAGGGGCCGCGTCGGAGCCTCGGCGGCGGCGGCGGTGCTTACAGCCTGAGAAGAGCGTCTCGCCCGGGAGCGGCGGCGGCCATCGAGACCCACCCAAGGCGCGTCCCCCTCGGCCTCCCAGCGCTCCCAAGCCGCAGCGGCCGCGCCCCTTCAGCTAGCTCGCTCGCTCGCTCTGCTTCCCTGCTGCCGGCTGCGCC,12.651892769146944,3.661281328375421
2628,ENST00000506502.2,ENSG00000275740.1,RP11-449H3.3,146203550,146340520,2.1924119650104705,3311,3348.61,584.479,3.93249,ACTGTCTCCCGCCCACCTCAGCCTTCGGGCTAGGTTGAGTGAGGGCTCTTGGGTTAGTTCCTGTTAGGCCCCGGCCGGGGGAGTAGGTTGAAGTCTCCTAAGATGCCCGGTGGGCTGGGGCACCGGGAGCTGTGAAGGGAACGTGAGGGGGCGGCGTAGTGGAGACCCACGGCAGGCCTGAAGAAGAGCGGCGGCCGAGCCCGCCTTCCCTGCACC,0.5575124069000736,-0.8429241837126424
2629,ENST00000265271.6,ENSG00000091009.7,RBM27,146203550,146340520,29.391970804133788,6451,5762.99,1758.48,6.87467,GGGTTAGTTCCTGTTAGGCCCCGGCCGGGGGAGTAGGTTGAAGTCTCCTAAGATGCCCGGTGGGCTGGGGCACCGGGAGCTGTGAAGGGAACGTGAGGGGGCGGCGTAGTGGAGACCCACGGCAGGCCTGAAGAAGAGCGGCGGCCGAGCCCGCCTTCCCTGCACC,4.275400972575235,2.0960597308800026
2631,ENST00000394421.6,ENSG00000113649.11,TCERG1,146447311,146511961,38.80005822980007,3633,3745.5,2637.02,15.8623,TGAACGCGGCCCTCTGTA,2.446055000208045,1.29045684361808
2632,ENST00000340253.9,ENSG00000145868.16,FBXO38,148383935,148442836,8.71165355365198,4424,4121.23,428.18,2.34078,ATGCGAGCGGCGGCGGAAGCGGAAGTGCCTCAGCGGTAGGGGCCGGGGAAGTGTCTGTAGCGTCCCTCCCTCTCAACCACAATAACAGGCGGAGGGTCGGCGTAGGTACTTTGAACTCAAGTAAACAAAAGGGAAGATTTTCTCGTTGATACTGGAGACTGCACAACA,3.721688306313271,1.895957233858634
2633,ENST00000329271.7,ENSG00000164284.14,GRPEL2,149345430,149354583,60.45146279891788,4089,3502.75,1344.3,8.64668,TGTCCGGAAGTCCTGAGAGGGAAACGCCCGCAAAGGCTGGTTTTTAAGCGGGAGCATCTCTTCACTCGCAGCAAGTGCGCGTGCGCTGCCTCTCAGCCCAAATTGGAAAC,6.991291778916056,2.8055590465668243
2634,ENST00000274569.8,ENSG00000145882.10,PCYOX1L,149358007,149369653,22.05267038980432,2546,2794.75,398.213,3.21021,GGAGAGCCGAGCGCCAACCCGCTAGCGCCTGAATCCGGCGTGCTGCCCGCTCGCCGCCCGCC,6.869541366391706,2.78021378310169
2635,ENST00000286298.4,ENSG00000155850.7,SLC26A2,149960737,149993455,24.47018660402267,8080,7017.43,898.217,2.8838,GTGACGGCCTCGGCCGCGGGCGTTTACACTGGCTCTGCCTCCGGCATCTCTTCGCCGGTGCGTCCTCGCCGCGCCCGTAGGTCCCGGCAGCCGGGCCCCGCCTCCTTCGGAGTCCGAGCGATGGGCGGGGAAAGGGACAGGCAGGTATAGCTCTGTCGGCGCCGCGGTGTCCACCTCAGTCAGGCCACGGTGGAAGACGCGTGCCGCGGCGCCTGGTTGCCTGCAGCGGCCCGGACCCGAGAGGAAGCTGAACCATCTATCTCCAGAA,8.485396561489239,3.08498208509792
2636,ENST00000377797.7,ENSG00000070814.17,TCOF1,150357639,150400308,18.562049789007848,5095,7823.55,2508.88,7.225,GAAAGAGGAGCCGGAAGTGTGGCGCGCGAGGTCTAAGGGCGCGAGGGAAGTGGCGGGCGGGGACTAAGGCGGGGCGTGCAGGTAGCCGGCCGGCCGGGGGTCGCGGGT,2.5691418393090446,1.3612865419393692
2639,ENST00000261797.6,ENSG00000070614.14,NDST1,150485818,150558211,5.780445554621738,8030,11731.4,1406.43,2.70104,AACAGTAATGCCATTTTTCCTGGCCCTGGGATTAGGTGCAGCCGTGTTAAGGAGAGGACATTCGAGAGGGCGTGGCGAAGTGAAGAGGAACCTCACGCCACTGCCTGGAGCTCCGCCTTAGCCCCGTGGGCCCCACGGAGTGAGCGGCATGCAGCACCCCCGGGCCTGTCCAGTGTCCTCTGGCCTGCTGCCCTGCACCCCCAGAAGGCCCTGACGCCCTGGGGCACTTCTGCTCTGCACAGGACCACGCGGGGGTTTGCCATGGTGACATAAAGGGGCGCGGAGGAAGGAAGGAGCGTGACCAGCCTGTGGACTGCGCCCCTGGCTGGGAGGAAGGACTGGGGGCCCAGATCCTCCACTCCCAGTGCCCCACAAGGGCGTCGCTTCCTAAGTCTCTGTGAATTTGTTGGTCAGTGGACGATTCTCGTGTCTCCTCCTGTGTGGGGCCTTGGGGTAGCCAGGGCAGGCCGGGCCTCCGGTGGCCAAGGTCTCGGAGGCCAGG,2.140081433307814,1.0976656943806782
2640,ENST00000526627.1,ENSG00000256235.1,SMIM3,150777946,150796734,3.33794403546476,2332,2820.78,180.0,1.43769,ACACTACTGGGCTCCAAGACTGCTCAAGGTCTCACTGATAGTCAAGGCTTGTGCTCCTTTTTTTCAGAAGAGTAAGATTAAAGAAAACCACTGTGAATTAAAAAGTGTGGGTGCCAACATGGGACGGGAGTCCCCCCTCACTCCATGGATGACATAGAGGGGGCAGAAGATTACAGAATTGGCATTGTCCTGCGTGGAAGCTGGGCCACCCACAGTGGCGTGGGAAGCCTCTCAGATGCTGGATTCTAATGGGCTCTTGATCACCTTGGATTGGGCTATTTCATTGTTATCACAAAATAAACAGGATGCTCCAAGTCATGTTATGGCAGAGAACCAACCAGCTTCACACTGGTCCTCTAAACCAATCCTCACAACAGGACTGGGAGACAGGTGTTACCTTTCCCACTTTACAGAGAATGAAACAGAGTGGCAAAGCCTCCGAAGGACCCTACACTTCGGACATCGCAAAGCAGGATCTGAGTCCCGGCTCCTCTGTCCAAACCTACTTGCTAGGCTTTCTTTCCCATGTCTACTCTATAGCTGGAAAGGTCGTGGAGGACACATTTTAGGCCAACCCTCTCGGTTTACAATCCAGAGAGGGGAGACCCTCAGAAGCCAAGCGACATGTCCACGGCTACGCGGCGAGTGTGTGGCAACGTGGAAGGGGAGCCCGAGACGCCCTGGTCTCTCCCTTCTCTCGCAGGTTCCTTTCTCCCCGAACGCAGCCCGCAGGGGACGCTGGAGGAGGAGCTGAGCTGGAGTTGCCGGGGCCCCGGGACCGGGCGTTCCGGGGGCGGTCCCCAGCAGCCGCGCATTCCAGAGCCAGCAGCGCGTCCTGGCCGCTCCTGCGCTCTCCCGCCTCCCGGGGCTCGGAGGAGCCGGGGCACGTTCCAGGAGCTGCCTAGGGCTGAGGTTCCAGGCCTGGGGGTCGCTTCCAGCTGCCAGATCCCGTGCAGTCCTGGGGACCCTGAGAAGCACCGAGCCATCCCTGACCCAGGAACTTTCCGCAGACTCGCCGCCATCTGGGAGTGAAGCAAC,2.321741151058128,1.2152071363286892
2642,ENST00000388825.8,ENSG00000211445.11,GPX3,151020438,151028993,45.46063779953479,1636,2021.89,436.234,4.86099,AAAGGTGGCTGGGAGCGCCGGACACCTCAGACGGACGGTGGCCAGGGATCAGGCAGCGGCTCAGGCGACCCTGAGTGTGCCCCCACCCCGCC,9.3521356348264,3.225295853551395
2643,ENST00000357164.3,ENSG00000196743.8,GM2A,151212150,151270440,29.738569016027903,3896,4301.59,560.931,2.93794,GTGCTAAGCTCCCTTCCGTTCCAGCCGCCTTCAGCCCCGCCGCGCTCAGTTCCGCCCCTTTCTCTTCCAACTCCGCCTACGCCCCAGAGAGGGAAGGCCTTGACACCTACGCTAGAGAGACAGGCTCCAATGAAAAGAGCGAGGGGGCGGAGCCGGGAGGAATCGGTCCAATTCTCGGCCGGGAAGTCTCTGGCCGGGACGGGGCAGGGCGAACCTGCCAGTGACTGGACTCAGCTTCTTTGCGTAACCAATACTGGAAGGCATTTAAAGGCACCTCTGCCGCCACAGACCTTGCAGTTAACTCCGCCCTGACCCACCCTTCCCG,10.122251991540978,3.339458390412754
2644,ENST00000394123.7,ENSG00000145907.14,G3BP1,151771045,151812785,327.665132352175,10240,8642.32,2303.23,6.00438,AGGGTGAGTGGCAGTTATATAGACCGGCGGCGGAGCACGCGTGTGTGCGGACGCAGTTGCGTGAGGGGTTTGTACTATCCTCGGTGCTGTGGTGCAGAGCTAGTTCCTCTCCAGCTCAGCCGCGTAGGTTGAATTGACCAAAGCA,54.57101854848877,5.770063066234718
2645,ENST00000322602.9,ENSG00000037749.11,MFAP3,154038906,154420984,77.23375835088996,2891,2438.7,452.585,4.18122,GGAGCTAGACGGCGGTCGGGTAGGTGACGGCTTGGTTGGGGTCGCTGCGAGGGGACTACTAGGAGCGCCGAGGCGTGAGTCGTAGCCTGTGGCTTGGGGTCGGGAGTGCAGGAGGCGAAAATGTTTGCCATTCTTTTGAAAGTCTGGCCTGGGTGTGGGAGTTCGGTCATCGAACACTTACTGAGAGCCAGATACCTGCCAGGCACTGCCCTGGGCTCCAGGGACACATCAGTCAACGAACGGAAGGGCCCTGCTCTCAAGCAGTGCGAAAAGCAGATTATAAACAAGTCAACAAACGGGATTATCTAAGGTGGTAGTTCTCTACTCACATCTTTTAATCTTGAAGACTAGAAAATATAACTGGATCTACCACTTGTTTGGAAAATTTCTCTACCAAGCAATAAATTACCCGCTGTGCTTTTGTTGTAGTGTAGAAGTTTTTGAGTTCTCCAAATCTAAACAAGATTTTGTCCCATTTTCCC,18.471584454032545,4.20723571789062
2646,ENST00000297107.10,ENSG00000164574.15,GALNT10,154038906,154420984,6.489709199722668,5961,7553.64,437.366,1.30452,GCGGAGTTGGAGCGGGGCCGGCGCCGCAGCCGCTTCTGCTGGCTGAGCTGCTGCCGCCGCCGGGCGGACGGGCGGACGCGCGGAGCTGGGGGCGGCGCGGCGGGGCCGGCGGGGCGCGGCGGGGCTGACCGGCCCCG,4.974787047897057,2.314634770577222
2647,ENST00000297109.10,ENSG00000164576.11,SAP30L,154445957,154461054,21.99133119374355,6226,6652.17,506.379,1.71504,ACTTCCGCTGTCCCGCGAAGGGCGGGGGGAGCGAACTGTTGTGGTGCGGAGCGTTCGGCGGGCGGCGGCCGGGCGGCCCAGGGGCTGCCGCGGGACTCGGGGCGCAGCCGAGTGGCTGCAGGGGTGGAGTGGGCCGGACGAGCCGCGGGGCCCGGGTGCCGCGGGTTCGAGGCCGGGCCCCGCGCGAGGAGGCCGCGCCACCCCGGGGGAGCTGCCCGGCAGCGAGTTTGCCCCGCTGCCGAAAGAAGGCGGGAGCCGGCAGGGGCCTTCGAAACCCCCTGGCAACCCAGGCCCGGAGTCCTTGGGGAGCGGCTGTTTCCTGGGACGCCCTCCCGGACACCCCCGCTGCAGGGTTACGGTTCTGGGCCCCCGGCAGAAGGCTCCTCCGGGTGACCCCCGGCGGGGCCCTGCGAGCCGCGGGAGCCGACCCCGGGGCCTCGAGCCGGGAGGAAGGGGGCTTCCGGAGGCGGAGGGCCGGGGGCCGAGGGAGCCGGGCCTCTCGGACGCGGGGCAGGGCAGCGCCCGGGCTGGAGACGGACTCTGGGACCCTCGGCTGCGGGGGTCTCAGCGACCTGCCCCGCGGCAAGCGCGGCCGCGGAGTGGCCTACCGGGGACCCTCCCCCAGAGGGACCGGCCCGGGGCGGGGAG,12.822634570472731,3.680620807020289
2648,ENST00000336314.8,ENSG00000155506.16,LARP1,154712902,154817607,56.78717773661366,6595,8894.19,5448.8,13.8025,GTGACCCCAGGCCCTGGTCACTCC,4.114267541142087,2.0406356119787814
2649,ENST00000523037.5,ENSG00000082515.17,MRPL22,154941070,154969411,242.9994074894377,3176,2809.93,232.049,1.86057,GGCGCTTGAACTCGGCGGCTTCCGTAGCGGGAGGGCGAAAG,130.60481867891974,7.029064316030694
2650,ENST00000620254.4,ENSG00000055163.19,CYFIP2,157266079,157395595,37.45959473694877,4124,4850.53,1725.95,8.01678,CGGGGCCGGGGCGGGGCCGAGCGCGGCGCAGCGGAGCGGGGCAGAGCATCCTGCGCCCCGGCGCGGGGCCCTGCGGTAGCCTCAGGCCCCTCCCCTGGACCCGCCGCAGAGCCAGTGCAGAATACAGAAACTGCAGCC,4.672648461969615,2.2242405028028958
2651,ENST00000231198.11,ENSG00000113272.13,THG1L,157731197,157741448,37.21008394004631,3107,3231.97,332.288,2.31638,AAGACCAGCAGATAAAAAATAATTTTTAAAAACCTCGTGAGACTGATTTGCCGCAGGACGGGAGGAGGAAGAAGCAAGCGTGGAAGGTGCTAACGGAGGAACCTAAACCTCCATCCTCTTTGCCTGGGAGGTTAAGAACTACAGGGAGAGGCGAGAGAGACTATGACTGCCCTACGGCTAGAGTAGCCGCGAAGAGAACACTTCCGGGGCGGGGCTATCTGGCCCTTTCCTTTCCGCGTGTAGA,16.063894499195428,4.005749794314371
2652,ENST00000286307.5,ENSG00000155858.5,LSM11,157743695,157760709,6.663731908913221,6584,6315.56,364.329,1.2997,CCTCTGGCGGCTTCGTTCCTTCTTCCCATCGGCCTCGGCTTGCGGGCCTTTCAAAC,5.127130806273156,2.3581517050600174
2653,ENST00000296786.7,ENSG00000164332.7,UBLCP1,159263081,159286040,102.47933605490854,2392,1815.1,766.138,9.50974,AGAGCGGCCACCCAGGGATCGGCGCTATCTGCACAGCGGTTACAGTCTCGGAAAGGCCTGGCTTCTTCGTGGCTTTGTGGAGATCCCTTACAGCGGCCATTTGATTAGCACCCGAAGAGATTCAAAGGAAGCAGTTGTTCCGTCCCCAACATATTTCCGTTTCAAACCACCCACTTCCGGTTTTTCAGCCGGTTCCGGTCCCGCCCTTCACTTCCGGTCGCTTTCGGTCTCTCAGCGGCCGGTTTCTGCGTCCGCTGCCGCAGGTTCCACCGCGCTCCAGGTATTTTTTTTTCTGAAGGAAAGCTGCTTCCTCATATGTTTCAAGA,10.776250039949414,3.429783325856824
2654,ENST00000522793.5,ENSG00000113312.10,TTC1,160009113,160065543,87.36623440916887,1432,1196.62,212.111,3.99363,ATCGACGGAAGTGCACCTGACTGAGCGGAAGTAGGAGCTCTCAGAGGCTAAGAAGGTGGAGACCGGAGAAGCTGTGAGCTTTAGCGTCACCTCCCTCACTGGGCAGC,21.87639676413911,4.45130322796331
2655,ENST00000352433.9,ENSG00000164611.12,PTTG1,160421822,160428744,230.5031391450092,753,605.083,1405.05,52.3166,GTGGTTTAAACCAGGAGTGCGCCGCGTCCGTTCACCGCGGCCTCAGATGAATGCGGCTGTTAAGACCTGCAATAATCCAGA,4.405927356613564,2.1394457085845673
2656,ENST00000340828.6,ENSG00000113328.18,CCNG1,163437569,163446151,218.9468146583157,2458,1713.2,5776.32,75.9636,AGGGCAGGCGCGGCCCCTTCGGCTCCGAGCTGACCCTGATCAGGGCCGAGTTGTCTCGGCGGCGCTGCCGAGGCCTCCACCCAGGACAGTCCCCCTCCCCGGGCCTCTCTCCTCTTGCCTACGAGTCCCCTCTCCTCGTAGGCCTCTCGGATCTGATATCGTGGGGTGAGGTGAGCAGGCCCGGGGAGGGTGGTTACCGCTGAGGAGCTGCAGTCTCTGTCAAG,2.8822595908871578,1.5272002777818836
2658,ENST00000393915.8,ENSG00000072571.19,HMMR,163460203,163491945,42.12132018019116,3102,2152.19,922.87,9.66099,GGGGTTTGGCTTTCCAATTGGCTAACGCCGGGGTGGGTGGGGAATGTGGGGAGATTTGAATTTGAAACCGGTAGGGAGTGATAATCCGCATTCAGTTGTCGAGGAGTGCCAGTCACCTTCAGTTTCTGGAGCTGGCCGTCAAC,4.359938285847637,2.1243077140545643
2661,ENST00000321757.10,ENSG00000038274.16,MAT2B,163503114,163519336,100.25246073720515,2103,1636.76,668.603,9.20334,GCAGCGGAAGCCGGAAGCGGCGAGCGGGGTCGTTCTGGGCCTAGGGGAGGCGGGCCGAGGGCGTCTGAGCTGAGGCCCGCGTCGATCCTGGGTTGGAGGAGGTGGCGGCCGCTGAGGCTGCGGCGTGAAGACGGCGGGC,10.893051950401174,3.4453363112785755
2662,ENST00000231572.7,ENSG00000113643.8,RARS,168486445,168519299,145.15558464355294,2146,1724.31,1938.0,25.3221,GAGGCTGACCGTTTCCGCTTCCGTCCACTTGGCGAGTGAGACGCTGATGGGAGG,5.732367562072377,2.5191311188425174
2663,ENST00000265295.8,ENSG00000040275.16,SPDL1,169583634,169604778,59.053246632411785,2668,1979.77,1193.54,13.5826,ACATGCGCAGTAGCTGTAGGAGGGGGTGGGCGCTCCATTGGGCGTTTCTCTTGGTTTTTCCTTTCCGCGCGGCTTGGGCGGACGTCTCGTGAGACGTGGGACTTCTCGCGGGAACTGCATTCAAATATCCCAGGCGCTTACTCGAGAGCTAGCTGAGCGAATGGGCCGGCGACTGTGGAGTTAGCGTCCTCAATGTGGACGCCCTGAGCTCCCATTAGGAGCCGCTGGCTGCGGCAGCAGGGGACTAGCGTGAGAGTTGGCTAAAAAAAAGAAAAGAAC,4.347713002842739,2.1202567096749854
2665,ENST00000296921.5,ENSG00000164438.5,TLX3,171309284,171312134,20.804139572756053,1493,2161.09,105.0,1.09466,GCCGGGCGCTCCATGGCCGCGCCGTAACGGGGACCCAGCCGCCTCCCCGCCCAGCCCAGCCCAGCCCTTCCGCCCGCCCAGG,19.005115353402932,4.248315876692203
2666,ENST00000393784.7,ENSG00000113719.15,ERGIC1,172834275,172952685,35.20973121096454,2881,3851.26,1669.05,9.76405,GGCGAGTGGCGAGTGGCGAGTGTCAGGGGGGCGGCCGGCGGGGGCGGGGCGGCCGGAGGAGGCGTTGGCAGCGGGCTCGGACCCACGCGGCGCCGCGGCCCGCCTGGCCTGCAGCGCTCCCACCCCCGGCGGCGGCACG,3.606058061046855,1.8504226257525116
2667,ENST00000521476.5,ENSG00000037241.7,RPL26L1,172958729,172969771,39.43446632576888,742,540.792,45.826,1.90916,CACGCCGCCGGCCGCCGTTTAGTCCCAGAGATAGAAAAAAGTAGAGGTAGGAGGGCGCGGCGGCTCACGCCTGTAATCCCAGCACTTTGGAAGGCCGAGGCGGGCGGATCACGAGAGGGTCACC,20.655401498967546,4.368447198409391
2668,ENST00000519374.5,ENSG00000113732.8,ATP6V0E1,172983757,173035445,181.72901344495224,1433,1033.34,595.103,12.9751,GGGAGGCGGGGCTTGCACACGCTGGTCACGCGGTCAGCTATTGACACTTCCTGGTGGGATCCGAGTGAGGCGACGGGGTAGGGGTTGGCGCTCAGGCGGCGACC,14.005981722295186,3.80797120477235
2669,ENST00000351486.9,ENSG00000113734.17,BNIP1,173144442,173164387,10.149394279604836,1184,1096.47,256.726,5.27518,CCTGCCGCTGCCCGTAGCCGGCGTCCCCAAC,1.9239901348588744,0.9441014017967972
2670,ENST00000239243.6,ENSG00000120149.8,MSX2,174724533,174730893,17.199392897003467,2241,2283.73,316.625,3.12365,CTTCCCCTCGGAGGAAAGGCTCAGCTCCCAGCGCGCCCCTCCCGTCTCCGCAGCAAAAAAGTTTGAGTCGCCGCTGCCGGGTTGCCAGCGGAGTCGCGCGTCGGGAGCTACGTAGGGCAGAGAAGTC,5.506184398701349,2.461052925704873
2671,ENST00000321442.9,ENSG00000164466.12,SFXN1,175477062,175529742,323.81702142236423,4231,3845.59,2962.88,17.3585,GGCGCGGTCGCTAAGCCAGAAGCGGAGTCGCGGGCGCGGGGCGGGGCCTGGACCCGGGCCTGGACCCGGAGGGCGGGTCCCTGGGCCTCGTAGCTCCCGGGCCCGGACGCGCGCTCACAGGCGCGCGCGAGGACGCGCTCCGGGGACGCGCGAGGACGCCGTGGCGGGAGAAGCGTTTCCGGTGGCGGCGGAGGCTGCACTGAGCGGGACCTGCGAGCAGCGCGGGCGGCAGCCCGGGGGAAGCGTCCGGGACC,18.654666095708976,4.221464632132594
2672,ENST00000443967.5,ENSG00000170085.17,SIMC1,176238367,176345991,15.7074483834125,3572,4008.86,933.221,5.24476,GCTCGGGGCGGGGCCGGCGTGGCGGTGGCCCGGGTTGTAGCCGCCGCCGCTGCCGCCGCCCCGCCGCCGCCACCTCAGAAGCAGGAACCGAAGTCGTCGCCGCCGCCGCCACTGCCTGGGTCTTCGGTCGGGGCCCGCAGCCATGGAGGATTTCATCGTGATCTCGGACGACAGCGGCTCTGAGAGCTCCGGGGGCGCCCGCCCGGGCCGGTCGCGGAGGCCGCGCCGGGCCCTGTCGCGAACCTCCGGCGCGCTGCCCCGCCGGACCGTGACGGTGTCTTGCTGTGTCACTCAGGCTGGAGTGCAGTCGCACAACCTCAGCTCACTGCAACCTCTGCCTCCCGGGTTCAAGTGATTCTCCTGCCTCAGCTTCCTGAGTAGCTGGGATTACAGGCTGAACAAGAAGC,2.99488410974239,1.582500177459877
2673,ENST00000274787.2,ENSG00000146066.2,HIGD2A,176365468,176401865,224.76589571861328,668,619.614,897.534,32.6356,CCGCCCCTTTCATGACCTTCACCGGGAGGCTGAGGTCGGAGTCCCGATTTTCTCCTGCTGCTGTGGCCCGGAC,6.887138453670633,2.7839046801393827
2674,ENST00000261942.6,ENSG00000113194.12,FAF2,176447628,176510074,81.37996590701508,4515,4810.2,1924.64,9.01464,AGTTCCGGCGGGTGACGGTGCGGACGGGTCAGGAGCGTAGAGGCGGCGGCAAA,9.027533646048548,3.174331892177175
2675,ENST00000358149.7,ENSG00000113761.11,ZNF346,177022696,177081189,27.353120633819668,2314,2949.99,341.867,2.61095,AGGCGCCTGAGAGGCTCTCTACCGGTGAGGGTTTGCGGGGAAG,10.47630963205717,3.389058699821388
2676,ENST00000439151.6,ENSG00000165671.18,NSD1,177133025,177300215,10.630366544749176,12892,14467.3,1652.98,2.5742,GCTGGCCCGGGAGGGGGCGCGGGGCACGGTTGATGCCGGCCCAGG,4.129580663798142,2.045995291336306
2677,ENST00000303204.8,ENSG00000169230.9,PRELID1,177303774,177306959,45.7753369172016,1261,1360.12,2155.53,35.7058,ACTGTGTGGCTGCGCCGGAAGTGGCGCGCGGCCGGACAACTCATGGCGGCGGCGGCGGCGGCGGCAGCTGCTTGGGCGCGGTGCGGTGGTGACTGAGCTACGAGCCTGGCGGCGGGTGTGCGCCGAGCCCCGGCCCGGCCCGGCCCTCGCGTGCCTCCCAGGCTCCGCACCCCTGATGCTGCGCGGGTGCTGAGCCCGCTTCGGCCGGGACG,1.2820140402176003,0.3584120619889374
2678,ENST00000355472.9,ENSG00000198055.10,GRK6,177403204,177442901,11.6377643684352,2939,4301.25,422.575,2.21346,AGAGTGCGCGGCTGGCTGCGGCGGCCGGGGAGGCCGGGGAGGCCGCGGCGCGGTCACTGCGAGCCGAGCCGAGCCGCGCCGAGCCGCGCCGATCGCCATCCGGCCTCGGCACTCGCGCGCGATCCCGGCCGGCGGCGCGGCCCGGCGGGCCAGGCGGCGCCACAGCCC,5.257725176165461,2.394438733560122
2680,ENST00000332598.6,ENSG00000184840.11,TMED9,177592158,177596124,284.6023727321071,1473,1875.92,1310.51,15.7394,GCGGCGGCAGGGCGACGTGGCGCGGCCGGCTGCGGCTGCGCAGGCAGGTGGAGCAAG,18.08216150120761,4.176495239492407
2681,ENST00000029410.9,ENSG00000027847.13,B4GALT7,177600100,177610347,12.802990478531983,1747,2402.27,187.072,1.75449,CGGGGCGGACAGGCCTGGGCGGAGCGGGAGGCGGAGGCGCCGCGTAGGCCCGGGAGGCCGGGCCGGCCGGGCTGCGAGCGCCTGCCCCATGCGCCGCCGCCTCTCCGCACG,7.297271844542848,2.867357199336005
2682,ENST00000358344.7,ENSG00000197451.11,HNRNPAB,178204507,178211163,696.8760993993069,1796,1958.39,5692.02,65.483,AAAGGGCGCCACGAGTCGGCATTGTCAGGCGGCGGCACCGCGCGGGACGGAGCTTGGCTGTTGGTCGGTGGGTTCCCGTGCGGCGGCGGCCAAGGAGGAGGAGACACAGTTGGAGCAGCTCCGTGGGCTGACTGGGGCGAGGCCTCAGCAGCGCGAGCTTGAGTGCGGCCGAGCCTGCGGCGCCTTCCCCTGCGGGTGGGGACGAGCGGGCCCCGCGGCGTCATCGGCGGCGAGGAGCCGCCGCGCCTCGGCCTAGC,10.642091831457124,3.4117098527048753
2683,ENST00000322434.7,ENSG00000178338.10,ZNF354B,178859953,178888122,2.513202886843013,2802,2156.15,330.472,3.45316,AGCGGCCGCCTTGCTCCTCTAGGTCCCAGGCGCTCTGCGGAGCTTTCGCTGCCCGGTGAGCGGCGCCGGGCTTGAGGTCGCCCAGACGTCGGAGGAGCCGGGTCACGAGGCTGGAGCTTCCTGCTTGCAGAGTGCGGCGGGGAGGCGCGGCCCGGGAACGCGGGATCCTGGGGAGATCTGCCTTCTGGAGACTGCGCCGTCCTCCCGGGAGAGCCAGAAAGAGGAC,0.7277979841197665,-0.4583900397292774
2684,ENST00000504734.5,ENSG00000127022.14,CANX,179678628,179730925,576.810013543445,2232,2181.36,1010.75,10.4395,AGTGCACGCCAATCCGGCCAGGCGCTCGCGCTGGGTTCTGCTCACGCCCGTAGGGGCCCGCGTTCGCTGCAACGGGCCCTTCCTGATGGCCGATCGTCGGACTCCTACCCCTTTTGCCGGCTGCCGTTTGCCCCGTCAGCGAAGGGCGCGCGATGCGTCCCAAGTCTCGGCTCCAGGAACCAGACGGATC,55.25264749685761,5.787971689510474
2685,ENST00000292599.3,ENSG00000161021.11,MAML1,179732850,179796647,16.689390663140628,5723,7855.94,1361.73,3.9053,CGGCCGCGGCGGTAGCGCGGAAAACAATGGGGCCGGGGCGGTGGGGAGAGGCCGAGGCTTGAGGTAGGCAGCAAGCGCCGGCTGGGGGTCGGGCCGAGCGGGGCAGGAGGAAAACCCGCCGCCGCGCGCGAGCCCGCTCCGCTGCCCTCGGGGGCATGGCGCGGCCGTGAGGCGGAGAGGGGTAGCCGCGGGGAGCGAAGCCCGCAGTGCCAGCCGGCCCCGAGAGGCCCGGCCCCGGGCCCGGCCCGTGCAGCCCGCGGCCC,4.273523330638012,2.095425998574305
2686,ENST00000389805.8,ENSG00000161011.19,SQSTM1,179806398,179838078,137.9420681747004,2986,4229.72,1833.97,9.76883,AGAGTAGTGAAGGGGCCTCTGCAGGGCGGCTCTCGCGCCGCGACGACGGTGGCGGGGGCGGGGAGGGCGCGAGAGACTCCGCCCCTCTCGAGGCGGGGCGGGGCCTCCGCGTTCGCTACAAAAGCCGCGCGGCGGCTGCGACCGGGACGGCCCGTTTTCCGCCAGCTCGCCGCTCGCT,14.120633502138988,3.8197329094095194
2688,ENST00000261951.8,ENSG00000113300.11,CNOT6,180494412,180578405,21.09417230016926,6176,5158.9,1136.72,4.96431,CAATGAAAACGAGGGGGGCGCGGAGGAGGAGGCGGCGGCGTCGGTGGCGGCGGCGACGGCGGCGCGGAGGCGAAGGCAGCGGCGGGCGCAGCGAGGAGGGCGAGGCCGGGGGCCGAGAGGGCGGGAGGGCGTAGTGGCGGCCCGTCGGGGCGGCTGAGGCGGGCAGCCGAAGCAGTGGCTCTCGGAGGGGGAACAAAGAGCAGCGACTAAGGCGGCAGAGGAGCGGCGGCGGTGGCGGCGCTGCAGCAGCGGGCGGGACTGGTATGGTGGTTCCACAGGGCAGACCCCGCTGCACTCACAGGGAGGAGGAGGCGGCAGCGGCGGAGGAAGGCGGCGCACCCCGAGAGGC,4.249164999802441,2.0871793661917746
2689,ENST00000315073.9,ENSG00000146063.18,TRIM41,181222499,181235809,4.814603464739617,3637,5676.02,560.862,2.22625,ATCGGCTGTGGGGAGTACCGGCTGCAGTCGGCTGTGCCGGGAGGGTAGGATGGCGTCTGGCCGATGCGGTGATAGCACCGAAAGCAGACGGCCGCCAGGCGCTCCCCCTACCCCCCGAAGTTTCTCCCCAGCGGCGGGGGATGGGGGTAGGCGGTTCCTCTGTTCTTTCTGCGTTCCCCGCGGCCTCTTACCACAGAGACGCGGGCCTCCACCGTCCTAGCCCTCCCGCCCTGTTCTCTAGTGCGGACTAGAGCGTCTCCTCGCCATTTCCTGTCGCCCTGGGGCCCCGCGGGGAAAAAGGGGGAGTAGCAGGACAGCGGAGGGAAGTCGCGAGCTTAGGTGGTGTGTAGACGCCGGAAGTGTTGGGAAGGAGGCCGGAAGCTAGGGGCGGGGCCAGGAAGTGAGGAGGGGCGGGGGTTTATGAGGAGTCCAAGGGAGCATTGGGGCAGACTTGTACTCAGAGCCACCTGAGGGACTTGGCGGTGGCGCCCAGCACTGTCCCCTCCCCTCGTAGAGACACGGTTGTCGTTTGGGAGTAGGGAACACTGTGTTGGGGTGGGTTGTCGGCAGGACATCTCTCTGGCTGCTCTTGGGGCGAGGTGTGGAGGGGCAGGGCTGGGGGTGGAGCCGGGTCGCCAGGGCGTCGGTAGGGAAGACCCCCGCCCCTCGCCCCCCCACCGAACCTCTACACTGGCTGGCTGGACACTAAG,2.162651752830822,1.1128013699170127
2690,ENST00000467963.5,ENSG00000028310.17,BRD9,795606,892824,11.261092524542118,2156,2378.22,238.986,2.26403,CTGCCGCGGCCCCGCCTCGCCCCGTTTCCGGCGCGGCCCAGCGAGCTCGGCAACCTCGGCGCAGCGAGCGCGGGCGGCCAGCCAGGGCCAGGGGGCGGTGGCGGCCAAGGTCCGACCGGGTGCCAGCTGTTCCCAGCCCCCGCCTCGGGCCCGCCGCCGGCGCCGCC,4.973914888293052,2.3143818209267337
2691,ENST00000264930.9,ENSG00000113504.20,SLC12A7,1050376,1112035,8.141119708787913,5280,7696.56,400.767,1.17316,AGCGCGGGCCGGGCCGGGACGGGGACTGTCGGCTGCAGGCGGCC,6.939479447635373,2.7948274457312525
2692,ENST00000320895.9,ENSG00000049656.13,CLPTM1L,1317744,1345099,77.79458226061392,2500,2817.79,1004.33,8.03022,ACTTCCGGCAGGCGGCGGGGCCCGGAAGCGGCGCGCGGGGCCGGCGAATCCCGCGGCGCCAGGTGGGAGCGGGGCCGGAGCATGCGGGGCGGCCGGCGGTCTGCGGCGCGCGGCGCATTCGTTCCCCCGCGGCGGTGGCGGTGGCGCGCGGCGGCTCTCCAGTGAGCGGCGGAGCCCGGAGCGGCGGGCTGGGCGCCGGGCGGGCGGGGCTCGCGGCTGAGAGGCGGGCGGGCCGGGGGCGCCGGGCGCGGGGCCGCC,9.68772739235213,3.276158268909706
2693,ENST00000505059.6,ENSG00000171421.12,MRPL36,1798386,1801366,184.1810543840588,610,454.884,473.555,23.4548,CCAGTGCGCAGACGCAGGGGTCGGCGCCGGGTGAGAGCGTGCGGCCGGATTCACCACAAC,7.852595391308338,2.973169563471839
2694,ENST00000255764.3,ENSG00000133398.3,MED10,6371881,6378594,100.95207351546097,1141,1041.63,427.383,9.24416,CAGAGGAAACGGAAGTCGTATCTGTCCGGACGGAAGCAGGAAGCGGGAGCGTAGGGCCACGCCTGCGGCGCTGCTGGTTGAGGCTGTGTGGGTCGGGGACGGGCCGAGGCG,10.920632433391564,3.4489845026192656
2695,ENST00000264670.10,ENSG00000037474.14,NSUN2,6599239,6633291,93.2721635236756,3303,3676.83,2346.06,14.3757,AGGCTGTCCGCGGAGCTCCTTGAGCCCGCGTGGGAAACCTGGGCGCTTCGCGCGGAGACGCCTTTGTGGCTGCTTCCTGGAGCATTTTTTTCCCCTTAGAGCTGTTCGCTGTTTTCCCTGTCACGCCGCTTTTCTGAAAGACGGGTTGTGCGCTTTGGGCTTATTCCTGGACGGTCCCCAAAGGTCCCCGAAAGGACCAGGCCCGGACACGTGGGGCCTTGGTTTCCGGCCGGAAGTCCCGGGAGGTGTAGGGCTAGAGTTCTGGCCGTGGCGGGCCGGTTTCTGCGTGCTGCGTGCGCGGCCGCGTGGGCT,6.488182385809081,2.6978143749503682
2696,ENST00000264669.9,ENSG00000124279.11,FASTKD3,7859159,7869037,30.08089815166672,2402,1780.44,183.213,2.31841,GGAGTGATTGCCCGGCAGAGCGCGATACTCGTTTGTAGTTTCATAAACATTGATGTTGGGTCAATCATGTTCTCAATGTATTTAACCATGTGTTTTTAAATTTTTTAATTTAGTTATCAAATTGAGAATCTGATGGT,12.974796585447233,3.6976400155539917
2697,ENST00000296658.3,ENSG00000164237.8,CMBL,10275875,10308026,178.78048218606347,2335,2422.36,639.934,5.95195,ACCCCCTCTCCCTGCACCTTTCTTTATCTTGGAGCCTCTCCCATCTCTCCCTCCCTCTTCCTCCCTACCCCACCCTCCGACCACCCCACTTCTTCCCCTCCCCTCACACTTCCCTCCCTCCCTTCTCTCGTCTCCTCCCCACTGCGCCTCCCTCCCTCCTGGCCTTCCTTCCCTTCCCCGACTTTGCAGATTTCTCTTCCCCCAGGCCTCCCTCCTCCACCTCTCCGCCCCCTCCGGGCTTGGCTCTCCCAGGAGGCTACGACTGGAGCCACTGGTCCCGCAGGATCCCCGCGTCCTCGGTCGCCGCGTCCACGTCCCTCTCGCGTCCCCGCCCGGCGCCACGCCGCCTCCTCTGGGTTCGGCCTCCGCGCGGTGCAGCGCAGTCTCAGGCCGCGGGACAAGCCCGACTTAAATCTCTGCA,30.037295707467884,4.908683026080198
2698,ENST00000230895.10,ENSG00000112977.15,DAP,10679230,10761272,71.22574936444803,2339,2859.95,1318.66,10.3881,GGCTGCGCCACGTCGGCGCGCGGCGGCCGCGCCCCCTTAACGGCAGTGGCACTCACCCGGCTCGCGCGGCCCCGGCGCCCCACGCGCGCGCGTCGTTCTCCCGCCCGCTCGCTCCCCGGCGCTCACACCTGAGCTCACTCGCGCACGCCCGCCCGGCCCGAGAACCGCGCCGCCGCCTCGGCCCCGCGGAAGCCCCGCCGCGTC,6.856475136401078,2.7774670880353196
2701,ENST00000284268.6,ENSG00000154122.12,ANKH,14704804,14871778,29.642941643246697,8203,8689.98,1308.04,3.39129,AGAGCGCTTATAATGGAGCCGCTGTCAGCAGAACCTTCTGCCGCCGCCGCCGCCGCCGCCGTCCCTCCTCTTTTTTTTCCCGGCAGATCTTTGTTGTGTGGGAGGGCAGCAGGGATGGACTTGAGCTTGCGGATCCCCTGCTAGAGCAGCCGCGCTCGGAGAAGGCGCCGCAGCCGCGAGGAGGAGCCGCCGCCGCCGCGCCCGAGGCCCCGCCGCCCGCGGCCTCTGTCGGCCCGCGCCCCGCTCGCCCCGTCGCCCCGTCGCCCCTCGCCTCCCCGCAGAGTCCCCTCGCGGCAGCAGATGTGTGTGGGGTCAGCCCACGGCGGGGACT,8.74090438837336,3.127782557657205
2702,ENST00000308683.2,ENSG00000173545.4,ZNF622,16451519,16465792,47.85687803934596,1699,1673.33,427.0,5.74921,TCAGGAAGTCGGCGTGTCGAGTGGCTCTTCCTGGCTGCTGAGGCGGGTTAAGGTCTGAGGGTCTTGTGGGGCCACGGCGCTGATCACCAGGTGTTTGGCTTGGTCGGTTCTTATTTCTCGCCTGGCA,8.324078967257407,3.0572906514175853
2703,ENST00000306320.9,ENSG00000154153.13,FAM134B,16473038,16617058,18.62573418438705,3268,2762.34,133.939,1.09242,ACCGCCGCCCCGCCCTCGGCGGCACCCACACCCAGGCGCGCCCGCGCGCGCGCCCGGCCCCGTCCCTGTCTGGAAGCACAGCTGAAG,17.04997545301903,4.091697757079144
2704,ENST00000513610.5,ENSG00000145555.14,MYO10,16661914,16936276,13.275366687794833,8038,9694.8,1352.58,3.14329,GCCGCGGCGCGGGACTGCTCACCTCCAAGCGCTCGCGCGGGGATCGCGGCTCCTGCTCACTTTGCGGCCCGCTGTCCTCCTGCCCGCCCCGAGGGCCCCCGGCCGGAGCGCAGAGGGAGGGGGCCGCGCTCGCCAGCACCCCGCCGCCTTCCCCCGCCTGGGGGAAGAATGTGCCACCAGCTGTTCTCCGCTTGCGAGCGCTGCGCCCAGTAGTGAGGAACTTGGAGGAAGAAGAGACAAAGGCTGCCGTCGGGACGGGCGAGTTAGGGACTTGGGTTTGGGCGAACAAAAGGTGAGAAGGACAAGAAGGGACCGGGCGATGGCAGCAGGGGAGCCCCGCGGGCGCGCGTCCTCGGGAGTGGCGCCGTGACACGCATGGTTTCCCCGGACCCGCGGCGGCGCTGACTTCCGCGAGTCGGAGCGGCACTCGGCGAGTCCGGGACTGCGCTGGAACA,4.223398632577596,2.078404424761958
2705,ENST00000511367.6,ENSG00000113360.16,DROSHA,31400497,31532196,23.132203624673743,5305,5448.46,853.66,3.52999,CTGTCTTGGTACCTGCGGTAGTAGCCTGGCTTTGCTCTGACGGCGATCTCGCGGCCCGAGAGCCTTTTATAGGTTGCTTTTCCCGGGGATGTGAAGGATACAGAAATGACTGTGAATCAACCCATATCATCAAGGAGCTGATAATCTAGTGGAAGAGTTAGACGTGTGCATACTTCACTATGATATGAGGCAGTCTCTGAGCTTATATTCTCTGTGGAAGATGTGACATATCCAGGCGGAACATC,6.553050752175995,2.712166705179768
2707,ENST00000265070.6,ENSG00000113384.13,GOLPH3,32124704,32174350,77.97351341493987,2721,2459.93,1783.25,16.3324,ACATCCTCCGGTGACGTCAGCCGGGGCCGCCATATTGGAAAGGCGCCGCCGCCGCCTCCGCCTTGGAGCTCGGGGTGTTTCGGGGACTGCGGCCACAGGCAGGAAGGCGCTCCTCTCCTGCCCCGCCGACGCCCGGCCAGCCCGCTTCGCCCTGACCTGTTTCCTCATGACTGCCCCCGGCCCTGCTGCCGACGGACGTCGCCCCGGCGTCCGGATTTAACACGGAAACCCGGATCGGAGGCCGCGCGGGGAGGAGGAGGGCGACCCGGTCGGTCCTGCGACCCTCTCGGCCCGGCTCGGCGCCTCGGCGGGAGCC,4.774161385646927,2.255247336075566
2708,ENST00000382142.7,ENSG00000150712.10,MTMR12,32226994,32313009,11.453493904426225,5187,4976.16,950.663,4.30422,GGGGCGAGCGGTGTCAGCGGCGGAGCCGGATGCGGGCGGCATCGCGGCGGTCGCGGCCTTGGGGATGGGCGGAGCCCCAGCCGCTAGTGCTGGTGGCCGCCGCTGCTGCCCCAGCTGGAGCCCGAGCCGCCGCCTCTGCGTCCGCGCGTCGCTGCTTCCCAGGGCGGCGGT,2.660991748662063,1.4119640367852444
2709,ENST00000265069.12,ENSG00000056097.15,ZFR,32354350,32444761,78.22488791836905,4738,4527.52,6540.13,32.5453,AGTGCGGTCGGAGGCGGCGGTCTGTTCTCCGCTGAGGAGGAGCGGGGCAGAGGAGGGAGGCAGCGGGTGAGAGTTCAGAGTTCAGCAGCAGCAGCCCGAGCCC,2.403569422262786,1.265178473418744
2710,ENST00000382038.6,ENSG00000113456.18,RAD1,34905264,34918989,99.07429224761437,5770,5310.29,862.788,3.66056,GCTTGCCATCACACCACACGGGGTCATTTACTTATCACCTACTCCGCGCTAGAGTACTATGCTAAGTGCGGAGGACGCAAAAATTAATGTCAAAGATAATCCTTGTTCACAGTATTCTGTCTAGCTTAAGAAGAGTTCTTAGTTGAATGAAAGCTAATTCTAACAACTTGTGTGCACTTCTTTTGAATAAAAACCATCAACTTATTTGAATTCTTAAGTTTCCTCCTAAACTCCAACATTTCAGGAGGAAGAGGTCACATTCTAGTCATCTTTGCAATCTCAAACCCAAAGGAAGCCTAACTTGGTACAGTGCATGGCACATTCAATGTCTGTTGAATACAAGTAAAGCTCATACTACCTAGTCTATTTTTCAGTATCTCTTGAGTTAATGACCTGGTTAACAAGTCAGAGTCACAGTCCCAAGGGCAACAACTTTTTAAAGGCTCCCCTAACGTACTTCAGGATCCCTGACTGAGAGTGGCTGACTATGGCAGTATATGGGCATACTAATCACTGGAGAAATAATAGCGAGAAATAACCAAGGAAAAGCACTACTCTCCAAAAACATTAAAAAAAAAAAACAACTGAACAACTAGTAAGAAAGAACGCTGGATCTGAGCACCCTGTAAGTCGCTTCCCCGTGGGCCGGGTAAAGGTTTTAAAACCCGCCGCCTCCAGGAAGACGGCCACGTGCACAAGGATTAGCTGCAAACTCCGTGCCCAGTCTGGCCGGGAGAATTGCTAAAACCGACCTACCGTTAACACCCGGGCTACTCTGAAATTAAGCAAGGCTGTAGTCAAGTAAGTAACCCAAGAAAAGGCGCACAGAGCCGCCGCCGCAGGTGTAGCCCGGGGACATCCCCTCCTACCTTGCAAACGGGGCCTGGGATCCGGTCCCTCTCTTCTTCCTCCACCTCCTCTGCTGTGGCGTGCCGCTTAGCTGGCGGCTCCGCATCTATTTCGTTTCTTTTTGGCTTCTTCGCCTGAACTGCAAAGCCTCCACGCCGTTTCCTCTTGGTTGCCGCCATCTTGCCTCGCCGCCCGCGCTCTTGGCCTCCTTTCCGGCGCTGCCGCTCGCTCCTATTTCCGATCTCTATGGTTCGGCGGCTCTAAGCGCTCAGCTCCGCGGTCGTCCTCCAGGTCTGTGCCGCCTCCTTCCGGTCTCGGTGGCGCGGCACGCGCGGCTCTCTAGGCCTCCTTCAGCTCTGTGGTGACGGTGGCCGAGGTGGAGGGCCGGTCTGAAGAGTGGCGGGACTGGCTTCACTTCCTCCGCGGTTCCTCGGAGCCGCCTCGCTCCTCTTCAGGGACTTTGCTGAGAAGGGCTCTCGGGCGTCCAGACCCCACCGCAAAGGTGTTTGGCGATCCGCCGAGAAGTTGTTGGCCCCAGGAGCATCCCTCGGGGCCGAATGCGCAGTGGACG,27.06533761162619,4.758374479155731
2712,ENST00000296603.4,ENSG00000164187.6,LMBRD2,36098412,36151961,11.90127127453144,8185,5659.24,751.007,2.98984,ACAACCCCCCGCGGGAGCGGGACTGGTCGGCCCACGGGGTAGGCGGGGAGGCGGAAGCGGGCGGCGCTACGGCTGACTGGGAAATGTCAGCCGCTGGACTGTAGACGGATTTTCCTTTCTCGGGAGCCCGCAGGCCTTCTGGTGATCGCCAGCGCTGTCGTCTCTGAGCGTGGATCCCAGAACCTGGACAGCTGTGGCGGCCGCCGTTTCCCGGTCCCGTCCAGACGCTGTCTGGCGAGATCGGACGGTGAGCCTAAGGCGGAACGCGTGAGGCGCTTTTGAGTCTGGGGTCCGGGGCCGAGAGCAGGCGGAAAGAGAGGGGACCCGGCAGACCCCGAGTGGCCGCCGCTGCGGGGCCCAAGTCCTTGGCTGCTGAGTGGTGACAGTAGCCCAGCCCGCCGGCCAGATATGGTCCAGACCTGTACATGAATAACTTTGGTTAGTCAGAGTGAAATATTCAATA,3.9805712929559576,1.992975501715352
2713,ENST00000425232.6,ENSG00000197603.13,C5orf42,37106228,37249428,4.753277630136511,11199,9463.73,1164.77,2.77295,GGTTCTGAGCAGGCGCCGTGGCAGCGCCCGCGCCCCCTGCCCGCCCTCCGCCGTCGCCAGGACGCAGGCTCGCGTCAGGGCTGGCGGTAGGGCCCGCAGCTGTCGGCCTGGCGTCTTCACCCCGCGCAGTCGGCCTCGCCTAGCCTTCTCGCGCCTGACTGGCCGGACCCTGCCCCTGGCGGAGAATCTTGGGACTGTTTTACTTAATTGGTCATTGATAGCTTAACAAAC,1.7141591554613358,0.7775010663553008
2714,ENST00000231498.7,ENSG00000113569.15,NUP155,37288137,37371181,147.04448462746214,8143,7365.6,4921.72,15.0547,CTCCCAACAGCTTCCTCTTCCCAGGCCAGAACGGCGTCTTCCAGTTCCCCACCGGATGAAGCGGAAGTGCGTCATGTCGAGGCGCCAAGGCGCTCGTTTGGCGCGCGCGCCCTAGGCGGCGGATCTAAGCTAACTTCTTGGATCTTTTCTTGTTTCTCCTTGGTTTTTGACTTTTTCTGGACCCTGGTGTCTACGATTTCCGAG,9.767347381712165,3.2879668079602964
2715,ENST00000263409.8,ENSG00000113594.9,LIFR,38474963,38608354,16.70477321520361,10089,7984.79,1049.52,2.96134,AATCCTAACCCTCTCTCCCAGAACGTGTCTCTGCTGCAAGGCACCGGGCCCTTTCGCTCTGCAGAACTGCACTTGCAAGACCATTATCAACTCCTAATCCCAGCTCAGAAAGGGAGCCTCTGCGACTCATTCATCGCCCTCCAGGACTGACTGCATTGCACAG,5.640950790926949,2.4959383515864006
2716,ENST00000357387.7,ENSG00000164327.12,RICTOR,38937919,39074408,9.750240306353229,9543,7446.27,1213.23,3.67086,GTTTCCGGTGTTGTGACTGAAACCCGTCAAT,2.6561188131264144,1.4093196825562402
2717,ENST00000337702.4,ENSG00000113638.13,TTC33,40512333,40755975,36.540464338856886,2612,1671.19,281.407,3.79377,GCGGTGACTTCTGGGATTTGTGGTCCCGGAGAAGAGATTGGCGGAGGGGAAAGACTGAGTCGTCTTTCCTTTGCCCGCTTCTGTGGACTGTTCGAACGCCCAGGGGTGGGCCAAACCCGTTTCTTAGGAAACCAGGAATCCAGGGAAGGCAGA,9.631702591052406,3.2677908450629194
2718,ENST00000397128.6,ENSG00000132356.11,PRKAA1,40759379,40798374,59.46891673908903,5088,3684.12,1553.3,9.49913,CGCAGCGCC,6.260459298808316,2.6462685044111813
2719,ENST00000274242.9,ENSG00000145592.13,RPL37,40825262,40835335,1706.64699898698,7686,7899.97,2945.34,8.39986,CTCTTGACCCCACCTACACTACGACGACGGACGCTCGAGAACGCTGCACCGCGCCCCGCAGGAAGTGCTTCCCTGGGCGGAAGCTTCTGAGCGTGATATAGCGGAAGTGCCTTCTCTTCCGGTCTTTCTGGTCTCGGCCGCAGAAGCGAG,203.17564804496502,7.666583685634264
2721,ENST00000196371.9,ENSG00000083720.12,OXCT1,41730065,41870519,124.01866222074936,3388,3256.59,2346.72,16.2353,AGCAGCCAGCAGCGCGCCGGTGGCGTGCGGCTCGAAAGGCCGGGAGGACGTCATCGACGCGCTGTCGAGCCTCCAGCCCGCCCGGGTTTCCTTCGCAGTCGCGCACCGACGCTCAAACGCGCGCTCCAACCCGCAGCCTCCTCCTGCCTCACCGCCCGAAG,7.638827876340405,2.9333512839780895
2722,ENST00000325110.10,ENSG00000112972.14,HMGCS1,43289395,43313512,274.16399723287907,3506,2903.7,1404.74,10.8995,GTCCCGCCTCCCAGCGACTCTCGGCGGTGCCGGAGTCGGGTGGGTTGGCGGCTATAAAGCTGGTGGCGAAGGGGAGGCGCCGCGGACTGTCCTTTCGTGGCTCACTCCCTTTCCTCTGCTGCCGCTCGGTCACGCTTGTGCCCGAAGGAGGAAACAGTGACAGACCTGGAGACTGCAGTTCTCTATCCTTCACACAGCTCTTTCACC,25.153814141279792,4.652705271279921
2723,ENST00000306862.6,ENSG00000172244.8,C5orf34,43486701,43515145,27.79551236983665,2507,1851.87,539.793,6.56717,GCGGAGCTCTGAAGCGGCTCCCTGAGGGCGCTGGTTTTGAACTGGTCTTGTGCGGTTTGCGCTTTCTCTTAGTGGTTACAGTTGGCGCTGTCTCCGCTTTCCTGTTTCGTGGCGGGCATCTTGGCCAAAACACTCTCCCTGCCACCTTATTCCTCTAGGGTTGTGATTTTTTTCTTTCACCAAGAAATATCACTCGCTGGTAATTTGTCAAACTGAAGAAACCCCTGAAGAAGCAGTGGTGGGCAGGCGCCGACGCTGCGGCTTCCAGAGCATTTTGGCAAATCAAAGCCAGGGACCGTTGCTGGGCCTCATTTCCGCAACTTTTCGGCTCCGAACTGCTTCTTTGACTTAGAAGATATCTTATCCTGCCGTTGTA,4.23249472296844,2.0815082693844706
2724,ENST00000306846.7,ENSG00000172239.13,PAIP1,43526267,43557758,12.94918832757363,2782,2194.63,816.64,8.38361,CTGGAAAGCCGAGGGTAGCCGAGCGGGGCGGGCGCTCTGGAGCGGCGGGTGCTCGGGCTGCCGTCCGCTCCGCCAGAAGCACCGAGCAGCCGAGCCGGGGCCCGCCGCCCTCCTCCTCCATGAGGCCCGAGTGAGGCGCGGCGGCTATAGCCGACCCGCGGCGCCTTCCCCCCGCGTCCTATCGCGAGCGCAGCGGCAGCGGCCCCTGGAGGAGGAGGCGGAGGAGGAGGAGC,1.5445838162287644,0.6272181603644843
2725,ENST00000303221.9,ENSG00000170571.11,EMB,50396192,50443248,24.498123954063367,4281,3224.21,2090.01,14.6045,GCATAACTGATGGAGGGCCGGGCGCGGTAAGAGCGTCTCGGGGGAGTGGGGCAAGGCGGCCGGGCCCCTCCCATTCCGCCTTTTCTTCAGCGTCCTACCCGCGGCACTGGCTGCGAGCGCCGGGCCACCTGCGAGTGTGCGCAGGGACTCTGGACACCCGCGGCGGCGAGCTGAGGGAGCAGTCTCCACGAGGACCCAGGCGGACCCTCTGGCGCC,1.6774366773298208,0.7462583062009953
2727,ENST00000450852.7,ENSG00000164172.18,MOCS2,53095679,53110063,136.6212846416121,1337,975.564,796.385,18.392,CGCGCCTGCGCCTTTGCGGCCGTGATTCGGTCCCGCTGTCCTAGGCGGG,7.428299512919319,2.8930319866642735
2728,ENST00000504924.5,ENSG00000185305.10,ARL15,53883945,54310582,45.00727801767202,2486,1805.25,207.442,2.58893,GTTGCTGGCTTTTTCAGGAGCTGCTCGCTCGCAGCCAGAGACGCTGCTTTTTTTTTCCGGGTTCGGAGCCGTTCCGGATGCTTTAGGCTGCCGG,17.384509437362933,4.119730452015073
2729,ENST00000251636.9,ENSG00000067248.9,DHX29,55256245,55307722,22.664383793487577,4502,3644.29,1452.17,8.97772,AATTGCGAGGCAGCGGTCGCCCCGGCCCGAGAAGCCCGGATCGAAGCGCAGGGTGGCAGCCCCGGAGCCGGGGAATGTGAAGAGCTCTCGGCTGTGCAGTGGTACCGTCGGGGCCTGGGCCGCGAAGGATCTTCTGCCACAGCTGCAAC,2.5245144416942806,1.3360059304692822
2730,ENST00000307259.8,ENSG00000067113.16,PLPP1,55424854,55535050,25.77897503120984,1597,1556.63,248.658,3.59898,GCTGCTCAGCGGGAGGGGCTGGACCCCGCGTTCCTCCTCCCTGCCGGTCCCCATCCTTAAAGCGAGAGTCTGGACGCCCCGCCTGTGGGAGAGAGCGCCGGGATCCGGACGGGGAGCAACCGGGGCAGGCCGTGCCGGCTGAGGAGGTCCTGAGGCTACAGAGCTGCCGCGGCTGGCACACGAGCGCCTCGGCACTAACCGAGTGTTCGCGGGGGCTGTGAGGGGAGGGCCCCGGGCGCCATTGCTGGCGGTGGGAGCGCCGCCCGGTCTCAGCCCGCCCTCGGCTGCTCTCCTCCTCCGGCTGGGAGGGGCCGTAGCTCGGGGCCGTCGCCAGCCCCGGCCCGGGCTCGAGAATCAAGGGCCTCGGCCGCCGTCCCGCAGCTCAGTCCATCGCCCTTGCCGGGCAGCCCGGGCAGAGACC,7.162855873389082,2.840534913313775
2731,ENST00000381298.6,ENSG00000134352.19,IL6ST,55935095,55994993,20.50795850591164,9057,7018.65,1394.32,4.47581,ACTGGGGTGGCGCGCTACCTCTGCGGAGAAGGATCTGACAGTGTTCCGGAGCCGGGGCGAGCAGCCAAAAGGCCCGCGGAGTCGCGCTGGGCCGCCCCGGCGCAGCTGAACCGGGGGCCGCGCCTGCCAGGCCGACGGGTCTGGCCCAGCCTGGCGCCAAGGGGTTCGTGCGCTGTGGAGACGCGGAGGGTCGAGGCGGCGCGGCCTGAGTGAAACCCAATGGAAAAAGCATGACATTTAGAAGTAGAAGACTTAGCTTCAAATCCCTACTCCTTCACTTACTAATTTTGTGATTTGGAAATATCCGCGCAAG,4.581954664275659,2.195963184101284
2732,ENST00000381199.7,ENSG00000155545.19,MIER3,56919602,56971675,26.97469709107998,5188,3840.32,760.078,4.45915,AAGGTACCAAT,6.049291253059435,2.596766123280876
2733,ENST00000274289.7,ENSG00000145632.14,PLK2,58453982,58460260,4.542493086117404,2960,3016.28,260.981,1.94939,GCGCGCGGCTCCGCTGGGAAGCGAGACCCGGGTGGCGGGACAAGACTTGCTTCCCGGCCACGCGCGCTCGGCCGGCCGTGGGGCGGGGCATAGGCCGTGACGTGATGTCGCGTATCGAGTCTCCGCCCCCTTCCCGCCTCCCCGTATATAAGACTTCGCCGAGCGCTCTCACTCGCACAAGTGGACCGGGGTGTTGGGTGCTAGTCGGCACCAGAGGCAAGGGTGCGAGGACCACGGCCGGCTCGGACGTGTGACCGCGCCTAGGGGGTGGCAGCGGGCAGTGCGGGGCGGCAAGGCGACC,2.3302125721981772,1.2204615698441532
2734,ENST00000502575.1,ENSG00000113448.17,PDE4D,58969038,60522120,3.7664928500486576,1040,886.901,45.9591,1.1675,GAGGCAGGCGACTGAATGCACTAACAGCAGCAGGCTCAGACCTGCTTCCCTGGACATTTCCGGGACCGTGAGCGAGGGAACCACGTTGCCCTGGATTCTTGCCAGCTGTACAAAGTTGACCAGGAAA,3.226118072846816,1.689799240723354
2735,ENST00000265036.9,ENSG00000035499.12,DEPDC1B,60596912,60700190,38.04903937085238,2499,1903.43,902.721,10.6851,AAACTGCTGCTCCTCCGGCTGGCGGGGATCAGCGCTGGCGCGGCTGCGGCCGCTGCTGCCTACGCGCC,3.5609436852114045,1.8322596202815262
2737,ENST00000265038.9,ENSG00000049167.13,ERCC8,60873831,60945073,14.19375526002907,2017,1482.93,135.4,2.05712,GTCATGGCGACGTCCAGTGCTCCAGCCGGTGTGAGGACACGAT,6.899818804945298,2.7865584760010624
2738,ENST00000339020.7,ENSG00000188725.7,SMIM15,61157709,61162474,179.04776887610828,2889,2105.55,760.072,8.133,ACTTCCGCCTTCCTGCTTCCGGTCTGGCGGTGAGTGGGGAGTGGGATCCGATCCCGTGGGGCTATGTAGGGGAAGTTGGTGGCTGCAGCTGCCGTGGTTTTCTCCTGGTGTCCAGCAGAAACGGCGGCGGCGCAAGGTGTGGCTGGGCCAACCCAGGATCTCCCAGGACCCTCCGCTCTGCGCGACAAGGGGCCCGCGCTTGCCAAGGCCGACGGGCAGGAGTGAACGTGGCCTCCGTGGGTCTGCAGCCCCGATAGGCCAATTGTACAGAATTTAAACCGTCTCTCAGATGTGTACAGTAGAACTCAAGAAGACAGACTACCAAGGGTCATCTGAAGTCGTGATTGGGTCACTAATAACACCAGGACAAAGTTAAGGGATCACTACTCAAGCATAAGCCCCAGTTTTCATAAGACTGCTGTGAAG,22.01497219674269,4.460413117147779
2740,ENST00000199320.8,ENSG00000086189.9,DIMT1,62387254,62403939,64.3478109023162,2859,2175.65,1295.4,13.4145,GCTCAGAGCGTACGGGAGGGGGCGGACCCTTGCCCCTCCGGCGCTTGGGCCAGAGTGGTGCGGGCGGCGCGTGGCGGCGATCCCCACGTGGTGGCTTTCTCACGCTAGCCCTCTTTGGTCCTCCTTGACGTCCCGGGCCTGTGGGCCCGCTTTCTGCCGAG,4.796884781565932,2.262097787244269
2741,ENST00000513458.8,ENSG00000153006.15,SREK1IP1,64718144,64768685,36.87810932458443,6876,5170.59,1483.16,6.46263,TGGTTCTGCCGTCGCTAGAGGCGTACAGGCCCTTCCCGACCGTAGCGAGGGTGCTGCTGCGCTGGGGGAAGGAAAACGCCGCTTTGACTGTGCCTTGTTCTCACAGCTGGCGGGAAGCAAGCGCCTTTTCGAAAGCCAGAGGCTCGAGTTACCCCTCTTACCACCGTC,5.70636247542942,2.5125713916611607
2742,ENST00000514814.5,ENSG00000123219.12,CENPK,65517766,65563171,43.17677097263563,1697,869.388,61.0747,1.58274,GCAGAAGTCCGGGGCTGGCAAGCGCTTCCTGCGCAGCGCCTAGGCGACCTGGAGTTTGTGACGCTGTGATGGTCTAGAGGCTGGAGATTCAAGATCTGGGTGCCATCATTTTCTGGTTCTGTTGATGACCCTCTTCCAGTTTTTCTTATAAGGCTAAAAATTCACAAAGCATATATCA,27.27976229363991,4.769759168161435
2744,ENST00000231524.13,ENSG00000113595.14,TRIM23,65589680,65625975,25.32203484147393,4186,3246.7,378.673,2.62775,AGATGCCCGTACCCCCTCACCGCCCTCAGTTCACGCCCTGGCTGGTTTGGATTCGAGAGGAAAAATCATTAAAGGATCTGGAGTTTTCACCCCAAAACTTTAATCGTTTTGTCCCTTCTTTTTTTTTCTTGTCTTTCCTCCAGCAGCTGCAGACTACATAATGAAAAATAACAAAAGTGCCCATGCGCGAGGCTGTGCAACTAACCACCCGACGATTGCGGGGAGGAGGAGTAAGAGTCGGCTAAGCGGCGCCCAGTGTCCTACTGCGCCTGTGCGCCGGTGGCGTGCGCAGAGGCCTCTGGGTAGGTGGCTCAACCCCGCCTCTCAGTTGAGGACTCTGAAGGCTGTTTCTGTGGCGCTTCCCCTGCGAGG,9.636394193311363,3.2684934107104073
2745,ENST00000381007.8,ENSG00000197860.9,SGTB,65665928,65723035,52.24151398512567,5469,4367.91,1150.57,5.93474,GCCCCAGGGGCGGTGCTGGCCAGACCCTGCCGCCTGAGAGAGAGCACAGCCTGGTGGGTTCTGGGGTCTACGGCCTAGGGGCCGGGGAAGTTTGCGCCGCCGCGACCAGTGCTGCGATCCCGAGCCGGGCTCCAGCCCCGAGGACCAGGGGTCGGGCGGGCCTGCCTACGGAACCCCGCGGGCCAGCAGCAGTCGTCTCGCGTCCTCCTGCTTGGAAAAGTGTTTAAGCTTCTAAA,8.80266262466859,3.137939975384137
2746,ENST00000396496.6,ENSG00000183323.12,CCDC125,69280175,69332809,9.43229687122151,4198,3906.09,325.768,1.87901,TGAGCTGGAGTCCGGGCTCCGGTCCCCGCCACGGACCTTGAGAGGGTACCCGGGGTCAGACCTGGCAGACAGCCCATTTTTTCTTATGATAAAGACGGCATTTGGCTC,5.019822604042293,2.3276363815484498
2748,ENST00000380822.8,ENSG00000085231.13,AK6,69350984,69370013,43.28993343204635,1648,1200.47,99.3226,1.86405,GTAGAGCAAAGGGCACGTGAGCGAGGCGCCCGAAGCCGTCGCGGCGGGGACC,23.223590264234513,4.537519118598594
2751,ENST00000217893.9,ENSG00000273841.4,TAF9,69350984,69370013,70.25367796633371,1283,1054.21,1062.87,22.715,GCGGCTGGGCCGCCGGGGCAGGCTAGGGGCGCCGCGGTGGGCTTCGGGGCCTTTGGGGCCGTGGGCTTTTGCTGCCGCCCGCCCCTTCCGGCTCCTCCCTGTAGAGCAAAGGGCACGTGAGCGAGGCGCCCGAAGCCGTCGCGGCGGGGACCATGTTGCTTCCGAACATCCTGCTCACCGGTACACCAGGGGTTGGAAAAACCACACTAGGCAAAGAACTTGCGTCAAAATCAGGACTGAAATACATTAATGTGGGTGATTTAGCTCGAGAAGTCTGATCATCGGATATC,3.0928319597769627,1.6289284508270416
2752,ENST00000261413.9,ENSG00000113048.16,MRPS27,72219409,72320646,142.244008657844,2785,3080.15,1167.07,8.53667,GTCCGTAACCCGTTGGCTGTTCCTTTTGGTACGCTCCAAG,16.66270438682109,4.058550666588393
2753,ENST00000615637.2,ENSG00000251493.4,FOXD1,73444827,73448527,16.92899931965102,2272,3116.63,258.603,1.86943,CGCCGCCACCCGGCAGCCCCGGCGCAGCTCCGGCAGCCGCAGTCGCAGCGCCCCCAGCGTGGCGCCCCCCGGCCGGGCCTGCCGCCCGGGACCCGGGCTGGGGCGCAGAGGGAGCCCGGAGCCCGGCGCCCCCATGCGCCGCCCCGCCGCCGCCGCGCCACAGCT,9.055701106567788,3.1788263412099185
2754,ENST00000296785.7,ENSG00000164331.9,ANKRA2,73552335,73565686,27.31052006296397,2063,1748.53,184.828,2.38153,GGCGGGGCGATCTGGAGTAGGAGGTGTGACCGGAGGGCGAAATTGGGGCTTCCTCTGCTCTGGTGACCCAGAACCGTCAACTGAAATGACCCTGTCTGTGTAGTACTCCGGCAGGATGGGCCTCGGAGCGTAAAGGCGGCAAAAACAAAAATATTAAAAAAAAGGAGAGAGGGACAAAAAAAAGAAAACCCGAAAGTTTCAGCTGCATTGCTGCGGAACGTTTTTTAGCCAGAAGGCGAAAGAAGAAATCGGAAGTGACGTCGCGGCCAAAACAAGCCCGGGCTTGGAGGCCTGTACTGAAGCTGGCCTCAGATGGGAAGGCCCGACTCGCTGTCTGCTGTCGTCGGTGGTCGCGAGACCTTGCACTCTCACCGGGTCGGCCTCCAGCCCCTGTGCCCGGGATCCGCTCGCCGCGGATGAGCGAGAGTTTCTTCCTGGGACTTTTCGGGCACAGCTGGCCGGTGGCGACAGAACGGACTTTCTTTCCTGCAAGAGTCTCCCCTCCAGCGGGAGACAGCGGGCTCCTGTCTCGGGACGCTGGGACACCTGTCGCCTATTTTTAAATATCCAGATTCCAAGAACACACTGGATACTGCTCTTACAAAACCAAGAGGAAATCATGAAGAAATGTTTTAGTTATTGAAACTACAGTTGAAATC,11.467636377859598,3.5194961595334666
2756,ENST00000302351.8,ENSG00000171617.13,ENC1,74627406,74641424,37.54478647700176,5520,6564.12,373.65,1.28248,AGAGTCCAGCCGGGGGTGCCGCACCCACTGGGGAGTGGGGAGGGAGGACACATAGGAAATGCCTGGGGCTGGAGTCTCTTTGGCTCTCTGCCAGCAAGAAACTTAAACGTCCTGGCTTGCTCAACCCGAGTGTCCCTAAACTGTCCAGACTTTTGCCCGTCCATTGCCACTATCTCTCCCCACTCTGGGTGTCCTACCCAAGGCGCTGTCTATGCGTGCCCAGGGCCTGTCCTGCGGATACCCAGCTCGCCCCTTGCAGCCCTTTTTAGAGCATCTCGCGGGCTCTGGCATCACCAAGCGCACAGCCCCGGGCTGCGCTCCCCTAAGGTGGGTCCCTCAGATCCGGGGCTGTCCATTAACCAGGCTGGCCCAAAGAGGCGCAGACACTCGAACCCGGGAAAACTTATTTTATTCTCGGTTCCCGGGGTTGCAGCTGCCAGCGGCTGAGACAGTGCGTCCGCTTTGTCTCTCTGCACTCCCCGCAGCCCCCCTCTCCCGCTTCCTCTCCCGATTAACTCCCCCGACACGCTCTTCTCTAGCTCCTCTCCTCCTCCCACTCCTTCTCCTCCTCTTCCTCCTCCTACACCACAGGCCGCGCTAATGCGCTTCCTCCCTCCCCCGGTGTCGGTCTCTTTGCATACGCGCCCCCTCCCCTCCCCGCCGCGCCACTTATAGCGGGGCGCACGGCGGCGGGGCGCAGACTGCTCTGGCAGCCGGAGAGGAGGCGGTGCGGCGGTGGCGCTGCGGAGACCCGGTCCAGACGCCTGGCGGCCGCCGGCACACAAGGCGCTTTCTAGCTCCCTCCCCCGAGCGCACAGCCCGCCTCCTTCCGCGGCGCCTGCAGTGGCAGGCTTGCTCTGCCCTACCGTGACGCGCTCCGGAGACGCTCTGCGGGTCCTGGACACCGGGTCCGCGGCGTGGGGACGACAGACGGAGGCGAACGCCATCGGTAGCCGGTCCGCGAGCCATCGTTCGGGGCGCAGTCCTCTCCCCGGCTGGCCCTCCTTTCTCCGGGGCATTCGCCACCGCTTCCCTGGGCTGAGACGACCGGTTCGTCGCCTCCTTGCCCGTGACCGTCGCTAGAACTCAGTTGTGCGTTGCGGCCAGTCGCCACTGCTGAGTGGAAACAAA,29.27514384395995,4.871604354339996
2757,ENST00000345239.6,ENSG00000164347.17,GFM2,74721204,74767371,1.66041951803631,2856,2352.46,304.745,2.91861,TGGAGGTGTGGCTGCCCGAGGCGGTAGAGCGGAGAAAGCCTATTTTCTTTTCGTTTAGATACATTGCCTTTTGCCTAGGCTGGCGTCGAGACTTGAGGCCGTTGCAGACTTTGGCGCGGCTCGCGCCTCCTGCTTCAAGAGCCCAGCGGTGAGAGCTGGCCTGCGGCACGCGGCCTAATGCCAGACAGTAACAGTTTGGAGGATCAAG,0.5689076368669709,-0.8137336473646948
2758,ENST00000389156.8,ENSG00000198780.11,FAM169A,74777574,74866951,26.082813032385925,5990,4453.01,588.616,2.97811,ATGGCCGCGCCCACTCTGGGTAAATTTCAGGAGGGCCTACGCGGGGCTGGAGAACTCCACCGGGCTATGCGAACAGAATCCTGCGAAGAGG,8.758176505362773,3.1306305250184248
2759,ENST00000261415.11,ENSG00000113163.15,COL4A3BP,75368486,75512138,6.775109881722279,2262,2033.44,169.838,1.88176,AAATAGTGGGCCAGGCAGGAAGATGGCGGCGGTAGCGGAGGTGTGAGTGGACGCGGGACTCAGCGGCCGGATTTTCTCTTCCCTTCTTTTCCCTTTTCCTTCCCTATTTGAAATTGGCATCGAGGGGGCTAAGTTCGGGTGGCAGCGCCGGGCGCAACGCAGGGGTCACGGCGACGGCGGCGGCGGCTGACGGCTGGAAGGGTAGGCTTCCTTCACCGCTCGTCCTCCTTCCTCGCTCCGCTCGGTGTCAGGCGCGGCGGCGGCGCGGCGGGCGGACTTCGTCCCTCCTCCTGCTCCCCCCCACACCGGAGCGGGCACTCTTCGCTTCGCCATCCCCCGACCCTTCACCCCGAGGACTGGGCGCCTCCTCCGGCGCAGCTGAGGGAGCGGGGGCCGGTCTCCTGCTCGGTTGTCGAGCCTCC,3.6004112542100364,1.8481617067001257
2760,ENST00000428202.6,ENSG00000152359.14,POC5,75674124,75717481,25.61671971563517,2229,1773.39,157.852,2.00544,TGAAACAAAGGACCAATGCCCAGGGCGGTCCTTAATTCCTCCCTGCAGTTTGAAACTGTCAGGTTGCCGTCTAGGTAGCGGTTGTGCTTGCTGAGGCTGCACTTGCTGACACTGCAGCTGCGACGCGGCTAAGAGGCGCAGAGCGAGGAGTCGGGATTTGGTCGCGAGCGGCGACGAGCATTTGTGCAGA,12.773615623322149,3.675095038371836
2761,ENST00000255198.2,ENSG00000132846.5,ZBED3,77072072,77087323,32.62110438592546,6172,6564.9,1179.76,4.04882,TTTCAGAGCGACTCCCCTACCGCTTTCGGGCGAAGGCCACACGTGACGGCCCCCCTTTCCCCGCAGACGTGTGAATGCAGCGCTGTGTCTTTAAGGGGCACGCGCGGAGGTTTTCCGTCCGGGACAAAATGTCAGCGAGGCGCCTGGAGGGGGATCTACCATCTCGGACTCCCGACCCGCCGCCGGCTCCGGCCGCGTTTCCCGGGTAAAGGGCACTGCTGATGGTTCTTCAGAACTCAGGAATCGTGTTGCATGCATTGTTTCTACCCACCTGAGATGGTTGGAAACCCTGAGGCAATGACAGGGACCCCAGAATCCTTGGGAAATTACCCACTGTCTAATTTAAAGCGTGCGGGCGCCGCAGA,8.05694112998984,3.010232214162227
2764,ENST00000296679.8,ENSG00000164253.13,WDR41,77425970,77620611,79.64823444780113,3958,3339.82,678.092,4.57433,GTCGGGTTGCTGCTCCGCGCGCGTCCACCAGGGGCCGCTCGAGCTACCTAAGCTCCGTGCGCTACCCGGCGGCGCTCCCGCGCGTGCTCACTCGGAGCAGCGCGCGCCCCGCAATCGCCGCAGCCGCCCCCGCCGTCGGCCGCCGCACCCCAAGCGACTGCCCAAACTAAGCCTCCGTGGCTGGGTACGGGAGCGCTTTGGGGACAAAAATTCTCCCTCAACTGTGGTCTGCATTCCTTCGGCCCGTGGGCTGATCTGGGGCGGGAAGTATTAGCGTCTCAGTTGCGCTGCAGCCGGGGAGGAAGGAGGAGGCCGAGCCTGGGGCGGAGTTTGGGCTGACTGGGGCTGGACCGGGCAAGACGCCGCCGCTGCCCGG,17.412000106638814,4.122010028961518
2765,ENST00000380377.8,ENSG00000171530.13,TBCA,77691166,77868780,442.10880845245583,683,381.107,3482.19,205.858,GCATGCGCGCCGGCGACCACGCCTAAATAGCCGCAGCCTCTGCGCGTCGCCCTCCACGGTTACCCCGGCTCTCCGCCCCTCCTTCTCGCGGCGCTCGAGGGACC,2.147639676147907,1.1027519630438147
2766,ENST00000255194.10,ENSG00000132842.13,AP3B1,78000525,78294755,42.513407088033645,5838,4662.41,320.114,1.54688,ACTGCGCATGCGCAGGGGGTGGACTGCCAGGTCGGCTCAGGGAGCCGTGACGAGTCCGGAAGCGCCTGCGCGCGCTCCTCCGTACGAGAACTAGTTTTGTTCCGTGCCCTCTGGACTGGAACCTTTTGGAGAGAACCCCCGGCAGGACCAACCCCGCACCCGCCAGCACCGCGGCA,27.483325848180623,4.78048469490739
2767,ENST00000380345.6,ENSG00000145685.13,LHFPL2,78485215,78770021,24.90119511963529,5043,5052.67,244.734,1.09128,GGGCAGGGCGGCTCGGCCGCCTCTTTCTCTCGCTGCCCCCGCCCCTCCTCCTCCTCCCTCTCCCCGAGTGCTAGCCCGGGCGGCCGCCGAGCTTGGCGCTCTCTCGCCTCGCTGCCTCCTCCCCCGCGCCGCGGACCCTCTCCCCTCCCTTGCGTTGCCCCCCTCTCCCGCCGCCTCCTCCCGCTCTCCTCTCGCTCTCCTCCCGCCTCCTTCTTCCAGGCGCGGCCAGCGGGGGCAAGAGCGAGGTGGCTGCGAGGAGGCGTCACTGAAAGCCCTGACTTGGGGAAGGCTGCGGGCTCGGAGCCGGAGACGCCGAGCTGGGGCCGGGTGAGTTGGGAATCAGACTCTTGAGTTGACAGCTGGCCTATGGTTTCTGCATTTTGTTAAGAAGCACCTCATGCAAGCGAGGGACCTGGGACTGCTCACAGCCAGGTGGCATTTTTCTGAAGTTGTTCATTAAGACTTCCCAGCATTCCTACAGATATAAATAGGTGAGGCCGCAGGCGGTGCTCTGGGTCCGGGAGCGCTGTCCCCAGCATGAACGCGGCCGGCGGCGGGAGTGAATGACTGCAGCTGCGACTTCCTTCCCGGGCCGCCCGAGCCTCCTTCCCCACCGACTTTCTTGTTTTGATTAACTCCGTGGACTCCTGACTCTTTCTTCGCCCGGAACATCAAT,22.818337291653187,4.512121765195793
2768,ENST00000264914.8,ENSG00000113273.15,ARSB,78777209,78986087,8.091692690872215,5327,6120.72,400.891,1.47566,CTGCCACAGGCTGGGCTCTTGTGCTAGAAATGACTTGCTAGCTAGACATCATGGTTCAGGATCTGAGTCAGAGGTTTAACCATTTATAAGCTTTTTTCTTATGAAAAATTGGCACTAATTATAATGTCTAACTGTCAGAGTTGTTGCAGGCTTTACAGGAGACGCGGGCTGTGAAGATGCTTTGTAAATTGTGAAGCGTTATTAAAGAACACATCTTTTTTTTTTAGGAAACCACAGTGCAAATTTAATTGCCGGGGAAGATAACGGGCCTTGGTGCCCTCCAAGCGTCAGCTGAGTTTCCAAGAAGCCGGGCAGCGGGCGCCCGCGGGTTCGTCTCTGGCTCCTCCTCCGCCACAGCAGCCGGGGGCCCGGGTCGGAGGCGGCGGGGGCCGAGCGCCCGGCCTCGCAAGCCCACGGCCCGCTGGGGGTGCCGTCCCGCGCCGGGGCGGAGCAGGCCCCGGCAGCCCAGTTCCTCATTCTATCAGCGGTACAAGGGGCTGGTGGCGCCACAGGCGCTGGGACCGCGGGCGGACAAGG,5.48343974280811,2.4550811747708594
2770,ENST00000334082.10,ENSG00000152413.14,HOMER1,79372636,79514217,15.114051529972734,5881,5156.01,904.431,3.95206,GCCTCCCGTCCCTTCCCGCGAGCAGAGGGAGGGACCGCCCTCGCTCCCCGTTCTCTCCGCCCCCTTCCCGCCCCCCGCAGCCCACTCTGCCGCCGCGCTAGCTTCACGCCGGCGGCGCTGACCGGGAAAGCAGCACCCTCTTCTCTGCCAGCCGGCCGGCCGGCGGAGGCGGAGGCAGCGGCAGGCTTCAGGCCGCCGGGGCTGGCGCTGCTCTGCCCGGCGGTAGCCGGAGGCGGGCGCTGATGGAAGTGTGAAGAGGCGGCGGCGGGGCCCGGGGAATGTGAGGCGGCGCGTGGCGGCGGCGCGGAGCGTGAGAGACGAGGAGTAGGGGTGGGGGCGCTGGAGCGGCGGCTGCGCTTCGGCTTCGAGCCCAGCTCTCCTGGCCCCAACGCGGGCTTAGCCTCCCGCCTTGGCTCGGGCAGGCGCCCGTCGACCCTTCGGCCCCTTTCGCCCGCCCTGGAGCTGGGGGCAGGGTGCCAGTGGAAGCGTGGGGCTTGGCTCTGTGATTCATTCATTCTCCGCCGACGGGAGCCTCAGACCCGCTGTGCTCTGAAGAGAGGAGGGAAGAGGGGGCAGCCGCGAATGAAGGGCCGGGCACCAGCCGGGCTCCATTGTGCTCGGCGGCGGGGGGCGGGAAGGGGCTGAGGGAGGTGGGATCGGGTCCCCTCCTCCAGCTCTCCGGCGTGCGCTGCGCCCCCAGCCTGCTGCCAGCCTGGAAATGGCTCCGTTTATTCTCTTCGGGAGAATGAATCGATCCTGCCTAGCCTTCTCTTCGTCCTCCCCACCTCTTCTCTGCTCCGAGTCTTAGGAGGAGAAACATTTAAAAAGACAGATTCCAATGTGGAGTGCCGTGCAGGTTGCGAGCTGCCGGGTTTGCACTTCGAGGAGATTTTCCTGTGTAGTTTTTTTCCTAATGTGAGCGCAGGGAAGCCGTGGCATTACTGCTTTTGGGATTTTTATTCACGTGCACGTCGCGTTTGGTTGCTCGCTCCACCCCCGGAGACCTGGTGTGGTGGAGAAATTTGAACCCGCAGCCTTAGCTCCGAAAAGGCCGAGTTACCTGGCTCTCCCTGAGTGTCGAGGAGGACATGAGTGAAATGACCAGCGAACTCATTTTTTATAGGACTCGGTGAAGCCGGATTCTGCATTTCCCTACTTGTAGACTCATTTTGTGGAATAGAGTTGATCGCTGTCTCCTCCGCAAAGCATTTTAACTCGAATAAGCAAATGCCGCCTCTGTTTGAACGTTTTGGTATTTACAAGAGAGAAATCATTTTACCTAAGAGAACTAATTGAATTGGCAGCATCCTTGAAATACCTCCGGACAAGGATCTGGGGGTGGGGGTGGAAAAGCAACTGCGAAATAGCAGACGGAGAAATTCCTTTGGAAGTTATTCCGTAGCATAAGAGCTGAAACTTCAGAGCAAGTTTTCATTGGGCAAA,3.8243476895524697,1.9352136915170288
2771,ENST00000509852.5,ENSG00000177034.14,MTX3,79976731,79991262,37.73765995970576,1655,1343.18,71.9462,1.2068,GTAAAGGTCGGCCCGCGCAAG,31.27084849163553,4.966746460234976
2772,ENST00000439211.6,ENSG00000228716.6,DHFR,80626228,80654983,5.465784965573519,3917,3669.44,8608.57,52.8558,AGTCCCAGACAGAACCTACTATGTGCGGCGGCAGCTGGGGCGGGAAGGCGGGAGCTGGGGGCGCTGGGGGCGCTGCGGCCGCTGCGGCCGCTGCAGCCGCTGCAGCGCCAGGGTCCACCTGGTCGGCTGCACCTGTGGAGGAGGAGGTGGATTTCAGGCTTCCCGTAGACTGGAAGAATCGGCTCAAAACCGCTTGCCTCGCAGGGGCTGAGCTGGAGGCAGCGAGGCCGCCCGACGCAGGCTTCCGGCGAGACATGGCAGGGCAAGGATGGCAGCCCGGCGGCAGGGCCTGGCGAGGAGCGCGAGCCCGCGGCCGCAGTTCCCAGGCGTCTGCGGGCGCGAGCACGCCGCGACCCTGCGTGCGCCGGGGCGGGGGGGCGGGGCCTCGCCTGCACAAATGGGGACGAGGGGGGCGGGGCGGCCACAATTTCGCGCCAAACTTGACCGCGCGTTCTGCTGTAACGAGCGGGCTCGGAGGTCCTCCCGCTGCTGTC,0.10340936974889263,-3.2735611831432605
2773,ENST00000615665.4,ENSG00000145687.16,SSBP2,81413021,81751797,2.2629639651285847,4465,3713.62,169.541,1.02858,GGCTTAGCCGCCACCGCGCGCTTCGGAAGGCCAGAGGGAGGGGGAGGCCTGTCAGTCTCGCGCGTTGCCTGGGCGAAGGGGGCGGAGCTTTGGCGTGGGGCGGCCAATAGTGGGGGTGGCTGCGTGGGTCGCCATGGGGACGGGGCTGTTCCCGGGGAGGCTGTGATGGGTTGACAGGTGCGTGACAGTGGGAGCTGCTCTCGGCACAAGC,2.200085520940116,1.1375596047672816
2774,ENST00000296674.12,ENSG00000186468.12,RPS23,82273358,82278577,1214.359619441842,3437,3316.01,1616.01,10.9797,TCAAAAGAAAAAGGGGGAAAAAAAACCATGCAAATTAGATATCTCTGAATTTCTTGCAAATTAAATAAGACGCAGATTCTGGCTCAGGAAAGTGATGCAAACGCGTCGTTTTCAAAGGAGAGACCCCAGCCTCGGGTCAGGCGCGGCGCAGACAGCGGCGCGGGGTCCTTGGCTGGGCGGGGCTTGCTCGCGGTGGCTTGTGGCTCCTTCCTGCGGTGCTTCTCTCTTTCGCTCAGGCCCGTGGCGCCGACAGG,110.60043711957904,6.789213277237062
2775,ENST00000296591.9,ENSG00000164176.12,EDIL3,83940554,84384793,33.27534619888546,4727,3606.9,694.251,4.33655,AGAAGCCCCGCAGCCGCCGCGCGGAGAACAGCGACAGCCGAGCGCCCGGTCCGCCTGTCTGCCGGTGGGTCTGCCTGCCCGCGCAGCAGACCCGGGGCGGCCGCGGGAGCCCGCGCCCCGCCCGCCGCGCCTCTGCCGGGACCCACCCGCAGCGGAGGGCTGAGCCCGCCGGCGGCTCCCCGGAGCTCACCCACCTCCGCGCGCCGGAGCGCAGGCAAAAGGGGAGGAAAGGCTCCTCTCTTTAGTCACCACTCTCGCCCTCTCCAAGAATTTGTTTAACAAAGCGCTGAGGAAAGAGAACGTCTTCTTGAATTCTTTAGTAGGGGCGGAGTCTGCTGCTGCCCTGCGCTGCCACCTCGGCTACACTGCCCTCCGCGACGACCCCTGACCAGCCGGGGTCACGTCCGGGAGACGGGATC,7.673230148132838,2.93983402723088
2778,ENST00000256897.8,ENSG00000134480.13,CCNH,87391494,87413019,55.52957729425686,1378,1021.35,717.049,15.8175,GGGCGCCCTAACGAACCCGGGATACGGTCTGTTCCTAGTCCGCTCCGGAAATGCAACTGCGTACGGGCTGGCCGCGTAATCGTGACGACAGCGCGCCAGCGCCGGCTAGCCGGACGCCCTAGGCTTCCGCGAGATCTTCGGTGGGGGTACGGGTGTTTTACGCCAGGACGCTGATGCGTTTGGGTTCTCGTCTGCAGACCCTCTGGACCTGGTCACGATTCCATA,3.5106418393713836,1.811734817944693
2779,ENST00000296595.10,ENSG00000164180.13,TMEM161B,88189633,88269476,20.43188762724449,2594,1865.8,234.306,2.82932,GGCAGAGCCGGAAGACCCTCTCTTTCGCTGTTTGAGAGTCTCTCGGCTCAAGGACCGGGAGGTAAGAGGTTTGGGACTGCCCCGGCAACTCCAGGGTGTCTGGTCCACGACCTATCCTAGGCGCC,7.22148347562117,2.8522952336610534
2780,ENST00000508569.5,ENSG00000081189.14,MEF2C,88717117,88904257,2.748053407579331,1882,2109.15,97.9628,1.04644,GTCACAGACACTTGAGCACACGCGTACACCCAGACATCTTCGGGCTGCTATTGGATTGACTTTGAAGGTTCTGTGTGGGTCGCCGTGGCTGCATGTTTGAATCAGGTGGAGAAGCACTTCAACGCTGGACGAAGTAAAGATTATTGTTGTTATTTTTTTTTTCTCTCTCTCTCTCTCTTAAGAAAGGAAAATATCCCAAGGACTAATCTGATCGGGTCTTCCTTCATCAGGAACGAATGCAGGAATTTGGGAACTGAGCTGTGCAAGTGCTGAAGAAGGAGATTTGTTTGGAGGAAACAGGAAAGAGAAAGAAAAGGAAGGAAAAAATACATAATTTCAGGGACGAGAGAGAGAAGAAAAACGGGGACT,2.626097442356304,1.3929204489787246
2781,ENST00000283122.7,ENSG00000153140.8,CETN3,90392261,90409786,124.56090028563742,2432,1596.26,112.199,1.5836,ATGTTGTGGGAGGTCCCTGAGGCCGCTGAGGTCGTTCGTGTCTGTTGAACGGCTGTGGGCGTCTTGCTGCCTTGGGTAGGGGGTTAAAATCGTTCTTGAGAGGAACGTCTCTGTGCGAAGAGATA,78.65679482548461,6.297499494191445
2783,ENST00000316610.6,ENSG00000176055.9,MBLAC2,90458203,90474768,30.186087591798547,4280,3665.73,395.888,2.43318,CAACCCGCGAGGCCCCACACTTTCTGCGCCAGCTGGGAGTGCGCGCCCTGCAGAGCCAGTGGGTGGGCGGTTCTAGCTCTTCCCACCCTCACTGCGGGCCTCTGCTGTCACACGCCCGGGGTGGCGAAACGGTCGCCACCTGAGTCTCCATTCTGCTGCAGTGGCCCCTGCGTTAAAGCTCTCTCGTGGTGCGGCTGCCGAGGCTGCGGTAGCTCCTGCGCCCCCGTGCTGGTGGCGCAGCCTCTGCTTGCTGCCGACCTGGCGGAAGGGTGCGGGAGCGCACGCTACGGGCAGCGTCGGTCTGCGTCCTTCCTCCTCCTATTCCGACCCCCGCATCCCACGCCCCCGCCTCGCTCTACGCCTCCTCCCTGGCTGCAGGCAGACCGCTTCACACAGCCGCAGTGCCCTGTGTGTGGACAGCCTGTGGGAGACTCGCACGCCCACACTCACCCCGCCTGGCTGCACCCCTGCCCAGC,12.406023225490323,3.6329688258018438
2784,ENST00000315948.10,ENSG00000176018.12,LYSMD3,90515611,90529584,30.91673545861171,4259,2899.87,636.222,4.94302,GACGTTGGCGGCAGAGGCGGAGGCGGACGGGGTCAGCCCAAAGCAGAGGCTCGGCCATGAACTTACCCGGGACAGCGGCGGCGGCGGACCTTTTGGCCATCTTCTCGCAGAGTGCTCCCTGCTAACGGGGACAGATTTTAACATT,6.254624795896378,2.6449233422111957
2785,ENST00000265138.3,ENSG00000113369.8,ARRDC3,91368724,91383359,7.354196889272037,4188,3382.85,275.703,1.83621,ACAAAGCTGCTCTTAAAGTGAGCTGGCAGCTTTTAGCCGCCCGTCTTTGTAAGGAGACCACTGAGACGAGCGGGAGCGCGGAGCAGCAGCCTCTGCTGCCCTGACTTTTTAAGAAATCTCAATGAACTATTTGTAGAGAATCACTGATCCGGCCTGCAAGCATTTTGCACGGCAAAAATATCGATCAGTGTTAAGTGAAGATCACATTTTATATGCGATCTTGACTTTTTTGTCTTACATTATATTTTTATAGATTTTGTTATAAAC,4.005095762070808,2.0018367379680666
2786,ENST00000395965.7,ENSG00000113391.17,FAM172A,93618069,94111699,11.80504456403992,4312,3711.63,566.71,3.43999,GGTCGGGGCGCGGATCCCGAGAGGGAAAGTCATAACAACCGCACGAGGGAGTTCGACTGGCGAACTGGAAGGCCACGCCTCCTCCCGCCTGCCCCCTCAGCCCTGTGGCTGGGGGCAGAGCTCAGACTGTCTTCTGAAGATTG,3.4317089770725846,1.7789272115972279
2787,ENST00000358746.6,ENSG00000198677.10,TTC37,95463895,95555007,42.44437343647616,5706,4822.63,3770.98,17.617,ATGAGTCCTGGGAAAGGCGCATGCGCTCTCATTGCAGCCTCGGCGTTTGTAGAAGAGGAGCATCTGCTCCAGATGGAAAATGGGTAAGGAACAATCAAATTCAATTCGGGAAGAATATAGAGGTGGTAATAATTGGTAAAAGTCTGCAGGGTTTTTTTTAACCAAAGGAAACTGGTTTGAGAAAATTGTGAAATCAGCATTGAAATTTGTTACCTACTCCAATCAAGATTTGCAAACTACAAAAAAATCATTCTGAAGCTTTCACCTATAAATATATACCAAGATAATTTCAGATAAGA,2.4092849768108167,1.2686050495812449
2788,ENST00000237858.10,ENSG00000173221.13,GLRX,95751319,95823005,53.255539064463406,1211,1149.33,139.921,2.74283,GTAAGCACTTTATGCTTCCCCAGAGGTGACTAAACTCTGATCATTGCCAATGGGCAGGCACTCCCCAAATGTCCAAGGACAACAAAGATACCCAGAGTGTCTTTCATAGCTACCAATGATTAAATAGCAAGTATTGCATTCCTGGGCATTGCTAACTAGTGAAGTATACCAGATGGAAATGTCTTCGAAGCTGTCCCTTTAAAACTCGAGCAAGCTACCAGGCAAACTCCGCCTCCAGGGAGGTTCCTTATTAAATAGGAGCCAACTGGCTGGGTCGGGGCTCAATACCCCAAGCAATACCTGCAACTGAGGATTCTTCCCGGGGAGACCGCAGCCCATCGGC,19.416274090797973,4.279194474509026
2789,ENST00000237853.8,ENSG00000118985.15,ELL2,95885098,95962071,5.76448324704386,6046,5065.91,1204.42,5.35652,TAAGTTGGCGCGTCACCTAGACGTCAGCCTCTTACCTCTCGGACGTCCCGTCCCAGGAGCAAAACTCTAGTGACTTTGGGCCCGCCCCCGTGAGAGTGGAGGGCGGCCGATGAGGGCGGTTCTGAAGGGAACAAGACCAATGAGACGAGCCCGGGGCGGGGCGCGGGGCCGGAGGGTGGGGCGGGTGGCGGCGGTGGCAGTCCGAGGTCTGGCTCCGCGCAGTATATGACAGTACGTCAGCAGCGGGATGGCCCTAGCAGTGGCGGCGGCTGCAGAAGCCCAAGCAGCCGCGGCCGCAGTGGAGGCTAGAGCCGGAGCGGCGGCGGCGGCGGCACCCCGGGGAGTTTAAG,1.0761619945494203,0.10589526297087705
2790,ENST00000283109.7,ENSG00000058729.10,RIOK2,97160867,97183260,49.62994240717299,3922,2757.57,670.053,5.4745,GGAATAACGACCTGCCTTACGCTTTGCGGCTGTCGTCGGAGAGGCATCTGGGTTCGGACTGGGGCCGCC,9.065657577344597,3.1804116696293168
2791,ENST00000614616.4,ENSG00000153922.10,CHD1,98853985,98928957,28.32449564676491,8095,6117.5,489.554,1.80297,GGGAGGCGGAGGCGACGGCGACCTCGGTGGCGGCGGCGGCTACGACGGAGACGGTTGCGCTCGCTTGCTTTCTCGGCGTCATGGCGGCTGCCGGGGGCAGATAAGCGGAGGGAGCGGGAGCGCGCGCGCGACGGCGGCGGCGGCGGCGGCGACGACTGGTTACTTATAGCTCTTGCTGCCCTCGCCCTTGGTGCTTCAATAATGAATTGTTAGCTCCACTCCGCAGGGGATCGCGCGTTGGTGCTGCGGACCGGGGCTTCCCCTTCCCCTCCGCGTCTGTCCCCTTCCCCCTCCCCCGCACGGACTCTTGCTTACCCCGAGACGCCGGAGCCCTAGGACTGGGCGGCGGAGATCCCGGGCCTGGGCGCGGGGGAGGCCGTCCACCCGAGTCGGCTCCCTCCGCCCCGCCAAGCCCGCCGGTGAATCAAAGGAGAGTCCCAGAAAACCTGTGACTGTTGAAGAAAATTCATCTGTGAATTTTTATATTCAAGGAGTCAGTATTTATATTCATCTTTTAAACTGGGAAGATTTATATTTTACTTTAAAACTTCTTGATAATAATTTACA,15.709909564088647,3.9736029705025167
2792,ENST00000399004.6,ENSG00000145723.16,GIN1,103086000,103120151,12.712917523740392,3229,2352.12,201.879,1.93372,AAAGGACCCGGGTAGTTCCGCTTCCGGCAGCGCGAGATAAATCACGAGAGGAAGCTTAAATCTGTCGTTTGAATTTAGGACCACCTCGGTTCACA,6.5743321286124115,2.7168443417541694
2793,ENST00000230792.6,ENSG00000112874.9,NUDT12,103548855,103562793,36.02433335331053,3492,2481.4,465.584,4.22731,CGGGAAGACTGCATCCGGCTCCAGGAAAAGCGAGTGGGATATCCCAATCTTTGGACTGCATCCTGGTTGCCTCTACTGTGGTCACCTTTGGGAAGAA,8.521810170843995,3.0911599148542885
2794,ENST00000333274.10,ENSG00000184349.12,EFNA5,107376889,107670895,74.08398702036813,5335,5561.25,826.28,3.34747,GCTTCTCTCCATCTTGTGATTCCTTTTTCCTCCTGAACCCTCCAGTGGGGGTGCGAGTTTGTCTTTATCACCCCCCATCCCACCGCCTTCTTTTCTTCTCGCTCTCCTACCCCTCCCCAGCTTGGTGGGCGCCTCTTTCCTTTCTCGCCCACTTTCATTTTTATTTATTCATATTTATTTGGCGCCCGCTCTCTCTCTGTCCCTTTGCCTGCCTCCCTCCCTCCGGATCCCCGCTCTCTCCCCGGAGTGGCGCGTCGGGGGCTCCGCCGCTGGCCAGGCGTG,22.131337105446242,4.468018711734473
2796,ENST00000361189.6,ENSG00000198961.9,PJA2,109334709,109409994,61.63491586151366,4889,3767.82,847.898,5.07009,CCTCTGCTTCCGCCGCCGCCACCGCCGCCGCCGCCGCCACAGCCGCCAGCCGCTTCGCGTTCGGCGGGGGAGGAGTTGGAGGCGGAGAAGAAGGCGGTGGTGGCGGGTGGAGGTTCGAGCGCTGTTCTCGCTCCGGAGCCGCTGCACATTTCGGAATCTTCTGCGGCTTGTCCATAGTGTGAATAAAAACTAAATCACATCTATAATTCTACTGAACTGGTCACACAGACGCTGCCATAT,12.15657234122346,3.6036645997044685
2797,ENST00000296632.7,ENSG00000164211.12,STARD4,111496033,111512590,41.71226870303144,4606,3307.2,519.457,3.53876,ACAAGTTGGCTGCTGTCGCCTGCGCATCGGCGGGCCGGGAGGCTGAGCAGTACTGTTGAGAGCGGTGTGAGGTGCTTGGTAGCGCGCCGTAGCTGCTTCCACGTCCTTGCTTCACCTCAGGTAAAGAGAGAAGTA,11.78725562146951,3.5591559555142442
2798,ENST00000621003.4,ENSG00000129595.12,EPB41L4A,112142441,112419316,1.7116951476228257,4707,4526.64,237.763,1.18339,AGGATGCGCGGGGACGCGCCACCGCCCTCCGCGCCCAGTTCCGCCGGCGCTTCCCCGGCGGCTCCCGGGCGCTGACTCTCCCGGGCTTTTCCGCCTTTCTCGCTCCCGCCCCGCCGGGCGGTTCGGCGGCCGGTCCCCGGACCCCGCCGGGAGCTGCTCGTCTCACCCTCGCCACGGCGCGGACAATAAATTAATGCATCGCGCTTGAGTGGAGGGGGCGGCTGGGCGCCTCGGTGGTAGCTTTCTCTCCTGGCTGGAGACGACCACAACCGAC,1.4464336758150955,0.5325001720290867
2799,ENST00000379638.8,ENSG00000129625.12,REEP5,112876379,112922539,278.42456339754654,3326,2938.68,2235.54,17.1393,GTCCGATTTGAGAAGGGGACCCACGAGAGACACAAAATGCACGCCCCCACGCCACATCCTTTTTACCCCGCAATGGGTTAAGACTGTCAACAGGCAGGCCACCTCGCAGCGTCCGCGGAGTTGCAGGCCCGCCCCCGCCAGGGTGTGGCGCTGTCCCCCTGGCGCTGGGCGGGGGAGGAGGGGCGCGCGGCGGCCGAGGAGGGGCGCGCGGCGGCCGGGCGGGGCGAGCGGAGGCGAGTGGAGGACGCGTAGACGCGCCGCGGTCCCCGCCTGCCGCTGCTCCGCCGCAGTCGCCGCTCCAGTCTATCCGGCACTAGGAACAGCCCCGAGCGGCGAGACGGTCCCCGCC,16.244803661616668,4.021906401920488
2800,ENST00000302475.8,ENSG00000171444.17,MCC,113022099,113488830,11.598292112679196,8257,8699.34,986.715,2.55545,AGAAACCACTTACAACTCCAGACGATTCGAAGGGGAAACTTCGGCGTGAAGTGCAGCTCCGCTCCGGCTCCCTCTAGCTTTCTTTCCTTCTCTGGAATCCGAGGCGCGGATCTTCCTCGCCCCACCGCCCTAGTTTTTTCGGGAGCTCGCCGGTGCCCTCTAGGGTGTCGGCTCGTGCTGGGAAGTGCCCTCCATCCTGGTAATGGGGGGCGGCGAGGCACCGTAGGAGTGGCGAGGCGGCGCCCAGGGTGGCACTGCCCCGGAACGGGGCGCTGGGTGCGCGCGGGAGGGTCCCCGCGCGGGCTCCGCCGCTGCCGCAGCTGCGAGCGCGCCGCGCCACCGAGCCTCCTGCAGCAATGGCTCGTCCGTGAAACGCGAGCCACGGCTGCTCTTTTTAAGAGTGCCTGCATCCTCCGTTTGCGCTTCGCAACTGTCCTGGGTGAAAATGGCTGTCTAGACTAAAATGTGGCAGAAGGGACCAAGCAGTGGATATTGAGCCTGTGAAGTCCAACTCTTAAGCTCCGAGACCTGGGGGACTGAGAGCCCAGCTCTGAAAAGTGCATC,4.5386495970099965,2.1822631104018666
2801,ENST00000419445.5,ENSG00000164219.9,PGGT1B,115204012,115262872,18.79714401046791,9545,6895.32,907.378,2.9648,GGACGTCGCTTCCGGAGCAGC,6.340105238285183,2.6645067876031785
2802,ENST00000506442.5,ENSG00000164221.12,CCDC112,115267188,115296831,5.815546411684686,2145,1554.87,327.22,4.74139,TGCATCCCGACCCCGCCCTACATCTCGGCCCCGCCCTGCATCCCGGCCAAGCCCGCAGCGCAGGGAGCTGTCTGCAGAGGCCAGGGTGCGCCTGCCACGAATCCCCAGGCACCGGTGGCCGCCGCGGCCCGAGTAGCTCGGCGGGTAAACATGGCCGCACTGACGACGGTTGTGGTAGCGGCTGCGGCCACCGCGGTAGCCGGGGCTGTGGCAGGGGCGGGCGCGGCCACCGGGACCGGCGTGGGAGCGACGCCAGCGCCTCAACAGAGTGATGGCTGTTTTAGTACTTCAGGTGGAATTCGTCCTTTTCATCTTCAGAACTGGAAGCAGAAAGTTAATCAGACTAAGAAAGCAGAATTTGTACGCACAGCAGAAAAATTTAAAAATCAAGTAATTAAC,1.2265488415179273,0.29460468355939434
2803,ENST00000274457.4,ENSG00000145780.7,FEM1C,115520908,115544894,24.11061496838477,5816,4527.55,841.578,4.18787,CCGCCCCGCGCCTAGGCTGTTGCTGGCCGCGGCCGCCGCCCTCCCCCGGCCCAATGGCGTGGCGGCACAGTCAGTGATGTGACGCTCAGGCTTGTCCGGCCCCCGGCTCGCAGCCCATTACACCATCCGTCGCAGCAGTCGCTGCAGCCGCTGCAGTCCGAGCCGACTAAGGGCGGGAGGCAGCTCGGGTGGCGGGGCGTGGCGAACAGCGCGGCCGGATTCATTCCTTTGGGGCGCGGAGCATGGAGGAGCTGTGCGGCCGCAGGCGGAGCAGGGCGGCCCGGGCGGCGGTGGGGACAACGGTTTCCCTTTGAAGGGGACGGACAAAGCCCGAGTGACCAGCGGCGGCGGGGAGGACTAGTCCCCGGGCAGTTTGGTGCCCTGGTTGTCAGATGTTGGAAAGCAGTAGGACGGAACATACTCTTCGTGGTTGTGTATCCGTTCTGGGGTGCAGCAATTAACATTGGACTTTGGTTCCTGTGACTCTTGCCTGTGTCGATAGAGTTAAACTGGAGCTCTGCTTTGAAAGATAAATAAAGCACAGCCTCTCAACTGGACATAA,5.757250098113067,2.5253798850823697
2804,ENST00000456936.3,ENSG00000134970.13,TMED7,115578642,115632992,240.0822303365256,3757,2843.66,1816.68,14.3934,CCCAGGCTGCAACGGAGGCAGAGCCAACGCCTCGCGGGCTTCCACGTACGCACTCCAACGCGTGTTCCCGGAGAAGAACGCATCCGGGTCACGGGAGCCGGTGTCTCAGGCTCCGCCCCTTCACCCCCCGAAAGGCTAATCCCCACTTCCGACCCTCTCAGGCCTTTTCCGCTTCTCTTTTACCTCCCCAGGTCCGCCCGTCTGCGCCCCTCACAGGAAGCCGGAGGGTCGCTCTGATCCCGAATCTCCCACAGGCGTGAACCTGCTCTGCTGTGTATCTTTGCGGGGTGGCCTGCGCTGAGGCCTGCCGCGCGCGGTGAGTCCGCGCAGACCTGACCCTGCGTCTCGCAGCTCGGTTGAGGCCGCCGCCGCCTTCTCGGG,16.680022116840053,4.0600492966096455
2806,ENST00000250535.4,ENSG00000129596.4,CDO1,115804733,115816954,30.00294803393803,1860,1731.52,171.851,2.23608,AGCGGCGGAGGTGGAGCGGGGAGAGGCGTTAGGCCGGGCGGCTAAAACGCGCCGTTAAAGTGGGGGAGAGATTGCGCGGAGCCCACGCGATCCCTGGGACGCCGGAGACAACGGGGCTCTTGGGAAGGCGCGGAGCCCGGGGAAGCCGGGGATGTGCGCGTGAGCCGTGCCCGCAGGGTCTCCCCGCCTCCGCCACCTTTCTTGGGTGGCTCTCCGCCTCGTCCTCCCTCCGAGGGCCGTTGGTACATTCCTAGTGACTCCAAGCGCTTAAAAGGGGCCCGGGAGGATGAACCCCACAGATCTGAACCTGATTTGTGTGTGCACCGCGTCTCCAGCGATCCCGGATCCACTGCGCTGCCAGGGGCCTGGGGGTGGGTCTCTTGCTGTCTCTGCGACGACATCCTTACGTTTCGGCACTCTAATGCTGGGTTTGTGCGTGTGTGTCTGCTTAGCGGTCTAGCGGGCTGTTAGGCTCCCTCGCCCCCAGCTCCTTGGCTCGCTCAGCTCCTCCACCGCAGCCCAGCAGTGAGACGCGCGCGCAGCCAGCTCCCCACGAG,13.41765412415389,3.7460605548541577
2807,ENST00000509910.1,ENSG00000145782.12,ATG12,115828200,115841858,55.38773259136437,4333,3580.98,630.162,3.96472,GGAAAGCGGAAACATTTCTAGGTCCGAGCCAGCGGCCTAACTGGAGTGTGCGCATTCGACCGAGCACAGACACGTTGCCCACCGCTCCTCTCCCGAGGTCTGTAGTCGCGGAGAAACACATGTTGCGTTACTAACGTTCAGAGGTCTGCGACAGCTTCGATTTGAATGACTAGCCGGGAACACCAAGTTTCACTGTGTAATTGCGTCCCCCTACTCCGGCGCCTCCTTTGCGACGCTCCCTGGAGAAAAGCACGCCCACTGCACGCGCTCAGTCGCTACTTCCGCTCTCGAGTGTCTCCAAGCAAG,13.970149869691774,3.804275592735764
2808,ENST00000343348.10,ENSG00000092421.16,SEMA6A,116443616,116574934,19.93642500506376,6878,8207.18,1103.07,3.02809,GGGTCGGAGGAGACGCCAGCCAAAGTAGGCGGAGTTGCGGAAGGAGAGTCCGATCTGCGCAATCCAGTCCGGGACTTGGCTCCGCCCGGGAGCGGCGGCCTCTCCGGTGACAGAGGAGTAGTGAGCGGCACGGGGTGAGGCTGCAGCCAACTCCGCTCCCCGCGCACTCGGCTGCCCAGGCGCTCGGAACCCAGCAGCGGCGCTCCTCCGCGGTGCCGGTCGCCCGCGATGCCCGCTTAGCAGCGTGTAGCAGCGGCCAGCATCACCACACCCGCGGCACCGCGCTGCCGGCCGCAGAGCCGGGCCAGAGCCTTGCACCCCTGCCCCAGCCCCCACCCCGCCCCCCGCCCTGAAATGACTTGTTAATCGGCGCAGACACCACCAAGGGGACTCACCGAAGTGGAATCCAAGTGGAATTTGGATTTGGAGAAGAGTTTCTTGAACATTTACCCTCTTCCTTGTTGGTTTTCTTTTTCTTTTTCTTCTTTTTTTTTTTGGCTTCTTTTTTCCTCTCCCCTTCTCCGCTCGTCATTGGAGATGAACACATCGCGTTTGCATCCCAGAAAGTAGTCGCCGCGACTATTTCCCCCAAAGAGACAAGCACACATGTAGGAATGACAAAGGCTTGCGAAGGAGAGAGCGCAGCCCGCGGCCCGGAGAGATCCCCTCGATAATGGATTACTAAATGGGATACACGCTGTACCAGTTCGCTCCGAGCCCCGGCCGCCTGTCCGTCGATGCACCGAAAAGGGTGAAGTAGAGAAATAAAGTCTCCCCGCTGAACTACT,6.583828421567311,2.7189267387699587
2810,ENST00000510708.5,ENSG00000169570.9,DTWD2,118837322,118988545,11.72191770036966,2307,1672.26,100.429,1.35307,GCTTCAATGCCACGGCCTGACCGGAGTGTCCGCC,8.663201238937868,3.114900230279264
2811,ENST00000231004.4,ENSG00000113083.12,LOX,122063195,122078285,47.70815232613866,5102,4149.38,323.063,1.75415,AAAATCTCTCCTCCTTCCTTCACTCCAGACACTGCCCGCTCTCCGGGACTGCCGCGCCGCTCCCCGTTGCCTTCCAGGACTGAGAAAGGGGAAAGGGAAGGGTGCCACGTCCGAGCAGCCGCCTTGACTGGGGAAGGGTCTGAATCCCACCCTTGGCATTGCTTGGTGGAGACTGAGATACCCGTGCTCCGCTCGCCTCCTTGGTTGAAGATTTCTCCTTCCCTCACGTGATTTGAGCCCCGTTTTTATTTTCTGTGAGCCACGTCCTCCTCGAGCGGGGTCAATCTGGCAAAAGGAGTG,27.19730486340316,4.765391788537558
2812,ENST00000306442.4,ENSG00000168938.5,PPIC,123023250,123036741,69.44065798030586,1380,1120.98,290.912,5.84687,CCGCAACCGGGAGCGCGCAGGCGCAGCCGGCCGGCAGTCCCGTCAGCTGTCCCAGAGCCTGTGTCGCGCCCGTGCCGGTAGCGCCCGTGCCGGTAGCGCCGCTGCCACCGCTCACC,11.876552408434916,3.5700441982736315
2813,ENST00000306467.9,ENSG00000168944.15,CEP120,123344885,123423592,9.026855272007776,4900,3826.94,192.799,1.13505,AGCGGCTACGCAGGCGGCAAAAGGTCCTCGGGTGGCGGGCTTGTCTCTGCTTGCAGACTGGCAGGGCTGCAGCGTGGCTTTTTCCTTGAGTCGGGGCACAGTTAGGATCTGGGCTGGCGGCCCGAGGCAGAGGAGCCGGGCGCGCTGCAGCAGACGGCGGTGGGACCTGGCTGCGGAGCGGGGTCCGGGCATCAGGGACCGGGGGCGGGCAGTGGGGGTCCCGCCGGGGGTCCCGGATTACCCGCGACTCAACTGGACCTCACTTCCCCCCAGCCGCCTTCGCCCCCGGACCGCTCACCGCAACC,7.952826106345779,2.991467625816892
2814,ENST00000306315.9,ENSG00000168916.15,ZNF608,124636913,124748807,6.6920569028072,5958,6719.57,332.607,1.1152,AAAAGGTGATTATCCTTGTGTTGTTGATAAAGGGATTTTCTTTTTAGCTACCGTAAGATGCTTACTGTCATAGGTTTATTTTTCGGGTTTGGTTATTTTCCTTTAAACCTGATATTGGACTGTGAGGACAATACATGAGCCACCTTACTCTCCATCCTTCCCTGTCCCCTTTACTGATTCCCCAATACTAATCGTTTTTTATTCTGGTAACACCCAGACAAGAAATATTCGACTTTTCCCCCCCCCTTCACAGGAAAAGGTGGACCTGGACTGAGGGTGTAAAATCCCTGGACACATTCGTGGGGCAGGAAAAAGAAGAGGAAGATTAGAAGATTTTTTTTTTCTTTGAGAGAAAGCCCAGCGGAGATAAACGAATGTCCCCTCATCTCCAAAGAAAAGTTCATCGGATTTTTATTCTAGAGAGCTCATCTTCAGG,6.000768384870158,2.585147246398705
2815,ENST00000262464.8,ENSG00000138829.11,FBN2,128257909,128659185,60.80675440090793,10724,12136.2,1899.12,3.52559,CTTTCCAATATCCGTCTTCGGAGCGCACGGGAATCCGCCGAGCTCTGCGTGCAGGCCCTTTTTTCTTTTGAGGTTCACATTTTTTGAAATTTTACGCCAGGGCTTTTGTAATTTCCTCCCCCGCCCGCTGACGGTCCTGGAGTCGCTCGGGGCTTTAGGCCGGTTATGCAACGTGTACCGCTCGGGGCTGCCGGCTGCACCTCCGCCGCGCCTCGCCGCTCACTGCGCTAGACCCGGCGCCCCGCGTCTCGCTTCGCGGGCAGTCAGGGGGCCGGCGCTCTGTCGAGGTCTCCAGCTAGAGCAGGGAGCCCGAGCCCGAGGGAGTCCCCGGAGCCGACGAAGGGCTTATTAGACCCTGACTCTTTTCTGAGGCGCGCAGATTTTGTCTTTGATCACTCCCTCTCCGCGGGTCTACGGCCGCGCGCTTTCGGCGCCGGCG,17.247256317639863,4.108294972038476
2816,ENST00000304043.9,ENSG00000169567.11,HINT1,131159027,131171735,1228.8186416373458,1081,929.375,2275.53,55.1637,GCATTCCCCAGGAGACAAGAAAGGAGGATAGAAAAACGACTTAGGAATCTCCTTGGAGCTCAAGACCAGGAACTTCCCCAAGCCGGAGGTCCCTGAGGCGCTCTAGCGCGCTGGCCGCACTCGCAGCCCAGGTCGCCAGTGCGCACGCGCAAGATTAGGTGGGGCGCCAGAGCCGGGGCACCTGCGCAGGCTTGGCTGCGCCCTCTCGCGCCGCACGCTCTGCGGGTTCCTCCCTTCTTCCGAGCCTCTCCTCTGGCCGCCGCGCGGGAGAGAGGCCGAG,22.275856072695372,4.477408971218178
2817,ENST00000509018.5,ENSG00000158987.20,RAPGEF6,131423921,131797063,12.401803946449974,8357,7105.06,718.561,2.27855,CCCGCGCAGACTTGTCTCCGGCCAGTCGCGCGTGGGTAGAGGCCTTAGGCGGGCGTTGCGAAGGGTTGTTTGCTAGAGTTCGGACCTTGTTACGGCGCGAAGTTCCCTCCTTGGGGCGGGGGAAAGGTACCGCACCCGCTACCTAGTGTGAATGAACTGTGGCGTGGGCTGCTAAGGGCAGGCTGCGGAGTACCCGGGCCGTGGCC,5.442849156898015,2.4443620537718576
2818,ENST00000378746.8,ENSG00000131437.15,KIF3A,132692628,132737638,32.92198764786854,6325,5143.02,392.45,1.7192,GCGCAGGCGTAATTCAAGGGCCGAGAGAGCCTGAGACTGGGCTTGGGGCGGGGCGAGCTCGGAATGCGGCTGCGCACTGGGCGCTCTCGCCCGAGAAGCCGCAGTCTCGAGAGCGTCAACGAGGTGTTTCGGTAGTCTCTGGCCATCCTTTCTGCGCACCCGGTGTCGCTGGGCTGCACCCCGGGCGGGGACGTCCGCCGGGCACGGGAGGGGGCCAAG,19.14959728238049,4.2592421473602196
2820,ENST00000296873.11,ENSG00000164402.13,SEPT8,132750817,132807241,4.712958654823994,4394,5212.81,1478.25,6.38909,GCAGCTGGCACCTCCCGCCTCGCCGCGGAGACCCCCGGCCGTCCAAGCGGCGGGGCTCCGGCTGCGCTCGTGGCCGGGCCGGGCGGGGAGGCCGGTCCCGCGGGCGGGGGCAGGGGCGGCTCCGCGGCTTCTCCCGCCGCCGCCGCCAAGGGGAGTTTCCAGGAAGTGGCCATATTGGATCCATTCAGCCGCAGCCGCCCGGGCGGAGCGCGTCCCGCAGCCGGCTGGTCCCTGTCGCTGCCCCTGCGCTCGTCCCAGCCCACCCGCCCGGTGCGGAGCTCGCC,0.737657264935068,-0.4389774371800504
2822,ENST00000265343.9,ENSG00000072364.12,AFF4,132875379,132963634,27.33294533358833,9552,8752.76,4084.16,10.5128,GTCAGTCACAGCCCTGGCTGCAGGAGTCCAGCTGCCGTCGCCGCCGCCAGCGGACGGGGCGGGGATCCTGGTGCCAGGTCTTCGTTAACCCGCCCCCGCCGCCTCAGTCAGCTGTCCCAGCCCGGGCCCGACCGTCATGGAGCGGTGCGGGGCCTACGCCTGTTCCGTGTGAGGCGCATCGCTGCCGCCGCCGCCGACGCCGCCTTCGTTTGTCGAGGCCTCCGGAACCCCCGCCGCCTCCCGGAGCCCCTCGCCCTTGGCAGCCTGTCACCGCCCCCTGGGCGGGCTCGAATGCGCGTCCGGTGAAGGTGCAGGCCCGGCGCCGCCACTGCCGCAGCCAGGAGATGGTTCGGGCCTAGCGGAGCCGGGACTGGAGCAAC,2.599968165815799,1.3784939589072516
2825,ENST00000504170.2,ENSG00000155329.11,ZCCHC10,132996985,133026604,22.022327724183192,325,211.424,12.2725,1.3078,CCTTCCGAGGAGTTTCCCAAAACCCTGCGCGGCCGGCTTTGACCGCGCTAAG,16.83921679475699,4.073753133968835
2826,ENST00000231512.4,ENSG00000113583.7,C5orf15,133955502,133968787,159.3419648601368,2358,1867.91,2979.04,35.9321,ATCCGCAGCCAACTGTGTGGCGGTCCCCACTTTCGCCTAGCGGCAACTCCCTCCTCCCTGCAATCCTTCCTTCTTATTCCGGTTTCCAGAGCACGTCTCCAGGCTTCGACGTCACCACGCTGGGACGTATGTGCCGAGGGCCGCGGCGTCTGACCTCATGGCGTAGAGCCTAGCAACAGCGCAGGCTCCCAGCCGAGTCCGTT,4.434529706310982,2.148781110986431
2827,ENST00000395044.7,ENSG00000213585.10,VDAC1,133971915,134005133,145.84019662553297,1807,1550.48,3196.08,46.4423,GCCGCTCGCTCGGCTCCGCTCCCTGGCTCGGCTCCCTGCCTCCGCGTCGCAGCCCCCGCCGTAGCCGCCTCCGAGCCCGCCGCCACATCCTCTGAGAAG,3.14024491951374,1.6508770847182435
2828,ENST00000517625.5,ENSG00000113558.18,SKP1,134148935,134371047,292.1072544310601,876,597.079,530.878,20.032,GTTGTCGACCCTGTTCTTCGGGAGACCCTACCAGGTTCCGTTCACCTGCCCCGCCCCCGACTCAGCGAGGCCTCCTCTGGCCGGGCGTCCTCACGGCGCTCCATAAACATAAATGAGCATATTCTGATGTACTCTTTGGATCTGAACTCATCTTCACAG,14.582031471199086,3.8661198151877314
2829,ENST00000481195.5,ENSG00000113575.9,PPP2CA,134148935,134371047,371.8543474587533,4649,4320.62,3896.4,20.3179,CTTTTCCCCTCCGCTCCCCGCCGCCTCCTGACGCCGGGCGTGACGTCACCACGCCCGGCGGCCGCCATTACAGAGAGCCGAGCTCTGGAGCCTCAGCGAGCGGAGGAGGAGGCGCAGCGGCCGACGGCCGAGTACTGCGGTGAGAGCCAGCGGGCCAGCGCCAGCCTCAACAGCCGCCAGAAGTACACGAGGAACCGGCGGCGGCGTGTGCGTGTAGGCCCGTGTGCGGGCGGCGGCGCGGGAGCAGCGCGGAGCGGCAGCCGGCTGGGGCGGGTGGCATC,18.301810101376287,4.193914437119967
2830,ENST00000458198.2,ENSG00000237190.3,CDKN2AIPNL,134402087,134411898,231.82027630530877,1223,1007.64,1071.41,23.9559,CGGGAAGGCGGCGGGCTATCCGGTCCTCGGCTGCGGCGGGCACC,9.67695959263934,3.2745538378274945
2831,ENST00000402673.6,ENSG00000152700.13,SAR1B,134601144,134649271,174.09738404994144,6682,5517.72,821.544,3.35454,GAGACCAGGCGGCTGGGAGACCCAGGCGGTGTTAGGGGTTGCGAGCAGCCTCGCTCAACTGGGGAATTGGCGGCAAGACTGCCAGGAGGCGGAACCTAGGGCGCTCGGCGACGCGGTCCTGCGGACTGTCGCTAGTGAGGCACCCGCCGGCCCGGAAGGGGCTGATGCGAACTGGGGCCACGGCAGCCATCGCGCTTTGCAGTTCGGTCTCCTGGTGTACGGCCAACGCCAAGTAGGGGATTGCGTTCCCTCCAGTCGCAGACCCTATCAGATTTGGAT,51.89903356345175,5.697635768611229
2832,ENST00000265340.11,ENSG00000069011.15,PITX1,135027735,135034813,15.269779978111195,2406,3360.91,202.694,1.35877,CCCAGGCCCACCCCACCCAGCACCCCTGGCGCAGGGACTGCTGGAACCTGGCTGTGCGCGCTGTCGCTTTAAGACAGACTCTGCCGGCGCCGTCCGGAGCCTTAGAAACCGGCCCCGGATCGCGAGCCGGAGCCGGAGCCGGAGCCGGGGCCGGCCGGGCTGCTGAGGCCCGAGCGGCAGGAGCGCAGCGCGGAGCGCTGAGCCAGGCGCCCAGTCGCGAGAAGCTGCCGCCGCCTCTGCCCGCCCGGCGCCGCAGCCCCGGGCGGTCCATGGGGCGGGCACGGCGTCGCTGCAGGCGCCGGCAGCCCTGGAGGGCAGCCGCTTAGGCGCTGCGCTCTTGTCCCCGCAGGTCGCAGCCAGGGCGGCGGGGCGCGCCCAGCCCCGGCCCCTGGAGCGCCCGCCGCGGTCCCCACCTCC,11.237943123642113,3.4903060986962138
2834,ENST00000312469.8,ENSG00000113648.16,H2AFY,135333900,135399914,24.84545235556439,1859,1953.29,315.973,3.64456,GCCGGGCGGAGGGGGAGAGCGCGGGCCGCGCGGGCGGGAAGCGAAGAGGCGGGCGGGCCAGCGAGGAGCGCGGAGAGAAAAGGCGCGAGCGGCCAGGAGGGCTCAGGCCGAGACACCTTGCAGCTGCCGCCGCCGCCACCGAGCCGCCGCTGTGCTCACTGATCCGCCTCCAGGGCCACCGCC,6.817133578693832,2.7691652522864
2835,ENST00000314940.6,ENSG00000177733.6,HNRNPA0,137745651,137754376,766.5415196197079,8726,7758.96,2888.0,8.38601,CGCGTTCAGCGGCCTCTTTGTGTGGTGCCCAGATAGGGGAGCGGAGGTGGCGGCGGCGGCGGTAGCGGTGGCCTTGGTTGTCTTCCAGTCTCCTCGGCTCGCCCTTTAGCCGGCACCGCTCCCCTTCCCTCCCCCTTCCTCTCTTCCTTCCTTCCCTCCCCTTCCCTTTTTCCCTTCCCCGTCGGTGAGCGGCGGGGGTGGCTCCAGCAACGGCTGGGCCCAAGCTGTGTAGAGGCCTTAACCAACGATAACGGCGGCGACGGCGAAACCTCGGAGCTCGCAGGGCGGGGGCAAGGCCCGGGCCTTGGAG,91.40717929262043,6.514235576616002
2836,ENST00000033079.7,ENSG00000031003.10,FAM13B,137937960,138051961,1.797475437918678,5465,4755.49,916.852,4.34376,CCGCCTCTGTCGCCACTCTCTCCCCCTGTTCCGCGTCTGCGTCGCCACCACCGCCGGGGGTATCCGGGGGGTCGCTTACCGGGCTGGCCCCGCGCCACAGCCGTAGCTTTAACCTCCCGTCAGCGGCCGCCCCAGGAAGAGGCTTCTCGGCCGCGGAGCCACTTGGGGCCTCAGTTCTCGCCCTCTTGCCGTCGCCGCGGGTCCTGGAGAAGCGGCCGCGGCCAGGGAACGGGGCATCGCGGTTCCAACGATTAACTGCTGAAGTACTGATCGAGTTCTGCATTTCTTCAATGAGGAACTACAGGCTGATCTTCTGCCATAATCTCAAACAGCCATAAATGACAAAAGAATGCTTGCTCAGTGAGGGTAGCTGGTGCAGAAGCCATTTTTTAAACTTAGGTATTTAAGTACTGAAAGAAAAGACAGCTTTGATTTCTGGCTGCAAAAAAGAT,0.41380634241272035,-1.2729723373229436
2837,ENST00000265191.3,ENSG00000112981.4,NME5,138115172,138139443,11.616185553109768,1198,820.906,68.8649,1.89002,AGGTCTCCTAGCAACAAGTTGTACCATATGAGGACGGCCGCTGAGCCATA,6.146064884556654,2.619662997671844
2838,ENST00000230901.9,ENSG00000112983.17,BRD8,138139766,138178986,29.741450621635,3198,3512.4,1263.28,8.10324,AGACTTCGGGGCCAAG,3.670315901001945,1.875904239960967
2839,ENST00000394886.6,ENSG00000094880.10,CDC23,138187648,138213343,67.892532489069,3155,2777.97,1904.05,15.4424,ATGATTGGCTGGAGTGGCCCGAGTCGGGAAA,4.396501352708711,2.1363559126348495
2841,ENST00000323760.10,ENSG00000158402.18,CDC25C,138285265,138338355,32.089728647220966,2128,1962.96,383.427,4.40081,GTTTGAATGGTCAACGCCTGCGGCTGTTGATATTCTTGCTCAGAGGCCGTAACTTTGGCCTTCTGCTCAGGGAAGACTCTGAGTCCGACGTTGGCCTACCCAGTCGGAAGGCAGAGCTGCAATCTAGTTAACTACCTCCTTTCCCCTAGATTTCCTTTCATTCTGCTCAAGTCTTCGCCTGTGTCCGATCCCTATCTACTTTCTCTCCTCTTGTAGGCAAGCCTCAGACTCCAGGCTTGAGCTAGGTTTTGTTTTTCTCCTGGTGAGAATTCGAAGACC,7.291777797092118,2.866270598689497
2842,ENST00000360541.9,ENSG00000120705.12,ETF1,138506095,138543300,141.2085757282883,3742,3403.34,2741.42,18.1482,ACTCGCACCGGCCCCCTCCCTTCCGCCTGCCGCCTTCCACTCCGCCCCTGGCGGAGGAAGTGATGTCACAGGCCCCATGTGAGCGGATTGCAACACATGCAGCTGCCTGGAGAGAGGGAGCCGGTGTCCTACGTCAGAGCCGCCGCCGCCGCGGAGCCGCCGCCGGGGAGGAGCAGCCGCTGCCGCCCAGGACTGGGCCCTTAGGGAGGAGGAGGCGAGAAG,7.780858472371272,2.9599293384385663
2843,ENST00000297185.7,ENSG00000113013.12,HSPA9,138554882,138575444,395.5648248411306,3321,3113.59,10426.6,75.447,GTGACCAACCCCCGCCCCTCACCCCACGTGGTTGGAGGTTTCCAGAAGCGCTGCCGCCACCGCATCGCGCAGCTCTTTGCCGTCGGAGCGCTTGTTTGCTGCCTCGTACTCCTCCATTTATCCGCC,5.24294968442921,2.390378700656333
2844,ENST00000394817.6,ENSG00000120725.12,SIL1,138946720,139293557,21.673982823231253,1923,2452.83,264.62,2.43062,GCGGCGTGACAGCTGCCAGCTCACCGGCTCAGACGGTCGCCGCCGCGTTTGCGCAGGGGGAGCTGGTCGCCGCCGCGGCCGCCTGGAATTGTGGGAGTTGTGTCTGCCACTCGGCTGCCGGAGGCCGAAGGTCCCTGACT,8.91705936066981,3.156568021218234
2845,ENST00000451821.6,ENSG00000170469.10,SPATA24,139396563,139404088,11.438219496768204,646,511.923,29.4945,1.29807,GCGGAAG,8.811712385902304,3.139422406273003
2846,ENST00000302060.9,ENSG00000170464.9,DNAJC18,139408588,139462743,35.77109907622348,5103,5275.05,664.794,2.83937,CGTGCCCCGCGCTCCGCGCCCCCTTCTCTTTCAGCCTCGGGCACGGGGGAGGCTCGGCGGACCTGCTGATTGGGAACCGAT,12.598252103890468,3.655151681313221
2847,ENST00000330794.8,ENSG00000184584.12,TMEM173,139475534,139482935,12.612823827047269,1771,2228.96,109.3,1.10479,TATAAAAATAGCTCTTGTTACCGGAAATAACTGTTCATTTTTCACTCCTCCCTCCTAGGTCACACTTTTCAGAAAAAGAATCTGCATCCTGGAAACCAGAAGAAAAATATGAGACGGGGAATCATCGTGTGATGTGTGTGCTGCCTTTGGCTGAGTGTGTGGAGTCCTGCTCAGGTGTTAGGTACAGTGTGTTTGATCGTGGTGGCTTGAGGGGAACCCGCTGTTCAGAGCTGTGACTGCGGCTGCACTCAGAGAAGCTGCCCTTGGCTGCTCGTAGCGCCGGGCCTTCTCTCCTCGTCATCATCCAGAGCAGCCAGTGTCCGGGAGGCAGAAG,11.416489855128368,3.513047238843333
2848,ENST00000261813.8,ENSG00000113068.9,PFDN1,140245039,140303121,138.8564743853079,1352,1338.16,1603.79,27.0022,CCTATTTCAGTCCAACTCCCACTGCGCAGGCGCTTACAGTGCACCAAG,5.142413373180997,2.362445585952966
2850,ENST00000230990.6,ENSG00000113070.7,HBEGF,140332843,140346631,7.681470108668032,2386,2561.79,187.226,1.64659,ATTCCCGGCCGCGAGCCGGGCAGCGCTCATTCGGCCGAAGGAGCTACGCGGGCCACGCTGCTGGCTGGCCTGACCTAGGCGCGCGGGGTCGGGCGGCCGCGCGGGCGGGCTGAGTGAGCAAGACAAGACACTCAAGAAGAGCGAGCTGCGCCTGGGTCCCGGCCAGGCTTGCACGCAGAGGCGGGCGGCAGACGGTGCCCGGCGGAATCTCCTGAGCTCCGCCGCCCAGCTCTGGTGCCAGCGCCCAGTGGCCGCCGCTTCGAAAGTGACTGGTGCCTCGCCGCCTCCTCTCGGTGCGGGACC,4.66507758984813,2.2219010762663656
2851,ENST00000336283.7,ENSG00000213523.10,SRA1,140537340,140558252,91.3103416315613,2107,2633.04,156.273,1.33718,TTGGGCCTGGGACAGGGCTGGGGGCTAACACCCTGTGTGAGATGAGTGTCTTTGTGTCTGTGCTTGATGTTGGTGGCTCTCTGTAGTCACATGACAGCATGGGTGTGATGGAGATCTGACTTCATTCAACAAACATATTTTCTAAGGAGTTCCCTGTGCCAGGCACTAAGCTGGGCACTGGGAATGTAATAAAATAGTCAAGGTCCCACCTTCTAAGACTGTCCGACAGGGAAACGAACAAGAGTCAAATAAGGCAGAAGATGTGATGTAATACACCTACGAAATCTCAGAGGGTTGTAGGGTCGTGGGAGCTCAAGTGAGACACTTAACCTGGCCTGAGACATTCCAGAAGGCCTCCTGAAGAACTGACATCTGAACTGAGAACTGAAGGAAGATGAGTACTAGTGAGGCTACCGGACGTGAATGTGGAGATTGTGCAGGGCAATGCAAGAGGAGGCTGTAGAAGTCAACCTGGCTAGATCACAGCGGGGTGTATGTGGGGCAGGAGCTTCTTTGTTTGAATTTGCTCCTGAGAGGATGAGGCCTCCTAGAGCACTGGCTCCTGGACAGCAACCTCCTTTGGTGCCTTGTGACCAGGGCCCTGATGGTTCATTAGATGGAGCCTTCGAGTCTTAGGGAGTTGCCGCAGGGTCCCCACAGCGGCTCCCGACGGTTGTGAACCAGCATCCATCCTCCACGGATTCCGGCAACCCGCCTGGCCCTGGACGTGTCTCAACTGGCCCGCGTGAGGGGCCGCCCCGGAA,68.28575182964245,6.0935126791260075
2852,ENST00000252102.8,ENSG00000131495.8,NDUFA2,140638740,140647785,410.5353817120941,804,805.57,262.112,7.3307,GCTTCCTGTTTTTCCCTCCGACCAACCCCGAGCGCAAAGAAATTGACCTCGCAGCGGTCCTACAATACTTTTATATCATTGGCCAAGCTTTACCCCGCCCCTGCCTCATGCAGCCTATGGGCTAGGCTTTAGGGTCCGCGGTTGGTCAGACCGGAGCACTTGGCCTGAAGACCTGGAATTGGCGACTTCGATATTAACAAGG,56.00220738975733,5.8074117886199845
2854,ENST00000457527.6,ENSG00000170445.12,HARS,140670794,140692024,12.128812963971804,1896,2157.43,977.145,10.2043,GGAAGTCATCCTTGCTGAGGCTGGGGCAACCACCGCAGGTCGAGACAGCAGGCGGCTCAAGTGGACAGCCGGG,1.1885982344670192,0.24926114309672437
2855,ENST00000313368.7,ENSG00000178913.7,TAF7,141260225,141320821,273.06103785822035,2334,1944.24,2240.0,25.9573,ACTCACAGCCGCCTCCCGCCCCGCGTCGCGACGTAGCACTTCCGTTTTTGCTGGGTAGGCGACCCGGACGGAGGGCCGGCGAGGTGCGGGGTCTGGTGATGCGAGCTGCGCCTCTCGGCAAGATTTCGCGCTGCCCATCCCGGGCCCTTTCATCAGTAATCGGTAGTGGATCACTCTGCCAAGCGGCAGGAAGAATTAAGGAAACGACAAGGAGACGCTCGGCTCTCTCCCGCTTGGCTCCTTGCGGCCTCCTCTTCCCTTCGCTCCGGCCCGGTGAAACTGAACTTATAATCGTCACTGGATTGTAAGTACCCGAGGCGAAGAGAGCTCGCTGAGCCCTGATTTTTTGAGTGTCTTTGTTCCGGGAGAGTTTGTGAGTTGAAAGTATCTCTGCTGGGCTTTCTGGGCCGAAAACCGTTCCGGGGGAGCCGCCATTTGCTTTCCTGTTCCCTAGCTAGCTAGCTAGCTCTCTCCGCGTTGTCCGGCAGCGGCACCTAGAGGTTGGGACTTGGCATTGCATCTGATTTAATGAACTTAAGTCTGTGAATAAGCCTTTGTGTTAACGACTGGTATTCGGTCACAGCATATTTAGAGAAAAGACTTGGAGCTTAAATAAAAACTAAGGCAAAATAGACGCTTAGCTGCTGATCTACAGAGAACTTCTTGTAATTAAAAGATTTCAATTCATAGCAAACTGGTGTTTTAAACTATTGCAGTAGCTGGAACTTTTTAGTGTAACCAGCATTTATTGGAGAAGTGAATCACAAGGAAATAAAG,10.519624069461013,3.3950112441169127
2856,ENST00000389054.7,ENSG00000131504.15,DIAPH1,141515016,141619055,32.60473255760602,5795,6945.11,2152.71,6.98341,ATTCATGAGGCGCGCGCAGCCCGGCATGCTAATGAGGCGGGGCGCGGCGGCTGGCTAAAGAGCGACTGGGCGGCGGCGGGCGCGGAGCTGCCAGGCGGGAGCGGCGTAGGCGCGGGGTCGCCGGCCAGCGTGAACCGGGAC,4.668884192336698,2.2230778042122283
2857,ENST00000305264.7,ENSG00000171720.9,HDAC3,141620876,141636870,43.913757124863466,1959,2252.39,995.54,9.95813,AGCACGCACGGCCGGGGAGGGGCTGGCGGCGGCCGCGGGCGGCGGGCGGCGGAGGTGCGGGGCCTGCTCCCGCCGGCACC,4.409839711357802,2.1407262177256876
2858,ENST00000311337.10,ENSG00000113552.15,GNPDA1,141991749,142013041,97.08091268907968,2273,2494.2,738.839,6.67391,CGGCGCAGTCGCTGCAGCCGCCGCGGGAGGCGTCCGTGACAAG,14.546332313303548,3.862583535276679
2860,ENST00000394464.6,ENSG00000113580.14,NR3C1,143277931,143435512,21.854200975314185,6795,6057.39,917.175,3.41137,GTGCGCGCCGTGGCGCCGCCTCCACCCGCTCCCCGCTCGGTCCCGCTCGCTCGCCCAGGCCGGGCTGCCCTTTCGCGTGTCCGCGCTCTCTTCCCTCCGCCGCCGCCTCCTCCATTTTGCGAGCTCGTGTCTGTGACGGGAGCCCGAGTCACCGCCTGCCCGTCGGGGACGGATTCTGTGGGTGGAAGGAGACGCCGCAGCCGGAGCGGCCGAAGCAGCTGGGACCGGGACGGGGCACGCGCGCCCGGAACCTCGACCCGCGGAGCCCGGCGCGGGGCGGAGGGCTGGCTTGTCAGCTGGGCAATGGGAGACTTTCTTAAATAGGGGCTCTCCCCCCACCCATGGAGAAAGGGGCGGCTGTTTACTTCCTTTTTTTAGAAAAAAAAAATATATTTCCCTCCTGCTCCTTCTGCGTTCACAAGCTAAGTTGTTTATCTCGGCTGCGGCGGGAACTGCGGACGGTGGCGGGCGAGCGGCTCCTCTGCCAGAGTTGATATTCACTG,6.406282805827039,2.6794874873973953
2861,ENST00000274496.9,ENSG00000145817.16,YIPF5,144158159,144170714,90.19766136933806,3147,2339.23,724.731,6.98015,GGAAGCCGTTCTTTGGCCCTGTGACACGTAGCAACGGGGCTGGTTCAGGGTCTGAAACAGAGTTTGGGGGTTGTTTGGGATTAGTGAAGCTACTGCCTTTGCCGCCAGCGCAGCCTCAGAGTTTGATTATTTGCA,12.922023361867303,3.6917600833077855
2862,ENST00000394434.6,ENSG00000133706.17,LARS,146113038,146182660,113.77068731594498,4766,4299.4,2506.29,13.1336,GGCTGTAGTTAGTAAGGAGCCGGATGATTGCCTCAGCAGGTGTGAAGCGTGTGCTTTAGTTTCGTGGGAGGCCTGGCATCCCCGAGAGGGAGGGGAAAGGTAACCACTCCTTTGTGGAGGTCGCCAGGGTCATTGTCGTGGATTTGCACAGTCGGCTGGGCGGTGCA,8.66256679935014,3.114794572296848
2864,ENST00000343218.9,ENSG00000113657.12,DPYSL3,147390811,147510056,52.853952230494045,5476,6585.6,1964.71,6.72148,TGCTCCGCGCGCTAGCTGGCTGTGTGGCTCGCTGGCTCGCTAGGGACAAGCAGGAATCGGAGCAGCACTGCCGCCTCTGGCGCGAAGGCTCAGGCGCCTCCTCCCGCCACAGTCACTGTGGCTCGGCGCACGCTGCCGGCGGCTGCCCTTTCCGCCTCTGGGGAAGAAAAACCCGCGGGCCGCTTTCGTGCTTGAACC,7.8634396339041475,2.9751605157028576
2865,ENST00000333010.6,ENSG00000176049.15,JAKMIP2,147585439,147782848,1.350361463314842,2992,2729.84,207.109,1.70932,AGCCAGAGGAGGTGTCTGCTGCAAGTTCCTGGCTGCTTCCGAGCTCACCCCATCCTCCGAGAGGGAGGAGGCCCAACTGGTGATGCTGCTGCTGCTGCTGCTGCCGCCGCCGCCGCCTCTATTGCTGATACTCTAGTGGGGCTGGAAGGGTGGTTCCTATTCGCACCATCGCCAACCAGAGACAGAGGGAAAAAAAAAACCGGCAGCCACTGCTGATGTTGGGTTCGGAGGCTGCATCCGACTCGGTCACAAGGAAAATGGATTCAGTTTGCATCTCTCCCTCCTTTAAACAGCTTCTCCGGGTCTCAGC,0.7899992180018031,-0.3400768696805067
2866,ENST00000261798.9,ENSG00000113712.16,CSNK1A1,149492197,149551552,34.39406117243907,6067,5050.49,860.734,3.8397,GGGGGCATTTTGTGTTGGCTGGAGCTGGAGTAACAAGATGGCGTCGTCCGCGGAGTGACAGGGGTCCCTCTGGGCCGGAGCCGGCGGCAGTGGTGGCAGCGGTATCGCCGCCCTAGCTCACCGCGCCCCTTTTCCAGCCCGCGACGTCGCCGCGCAAGCGAGGCAGCGGCGGCCGCCGAGAAACAAGTGGCCCAGCCTGGTAACCGCCGAGAAGCCCTTCACAAACTGCGGCCTGGCAAAAAGAAACCTGACTGAGCGGCGGTGATCAGGTTCCCCTCTGCTGATTCTGGGCCCCGAACCCCGGTAAAGGCCTCCGTGTTCCGTTTCCTGCCGCCCTCCTCCGTAGCCTTGCCTAGTGTAGGAGCCCCGAGGCCTCCGTCCTCTTCCCAGAGGTGTCGGGGCTTGGCCCCAGCCTCCATCTTCGTCTCTCAGG,8.957486567294078,3.1630939749626372
2868,ENST00000401695.7,ENSG00000164587.11,RPS14,150443190,150449756,1124.0085792436364,1599,1705.74,1212.74,16.0183,CTCCCACTCTCTCTTTCCGGTGTGGAGTCTGGAGACGACGTGCAGAA,70.17027894618258,6.132788192420341
2869,ENST00000199814.8,ENSG00000086589.11,RBM22,150690794,150701107,67.55361532461936,2342,2429.87,1621.93,15.0387,AAGAAGCCCTAGACGCGTAAATAAGACGCCGACCGGCGCGGCGCTAGCCTCGGGGCTTGACGGGATTGTGGCGGTCCTCTCTCCCAATTCGGAAGCTACAGCTACCTCCGGACGCTCTCAAG,4.491985033587967,2.16735312096995
2870,ENST00000447998.6,ENSG00000132912.12,DCTN4,150708440,150759109,89.35665760190894,4208,3926.26,2327.22,13.3543,GTGGGAAACCTAACGTCAAAGTCTACGTAGGAAGTCGTAGGGAAGGCAGCGAGGAAGACGCTGGCTCTCGGGTCACGTGATGCGCCGGGAGCGTCATCGCCTCCTCCCTCCCCAAG,6.691227365111532,2.742270867241883
2871,ENST00000354546.9,ENSG00000197043.13,ANXA6,151100712,151157882,93.46408477921239,2593,3161.33,901.342,6.42365,AGAGGGGTGGGGTGGAGGAGGGAGGCGGGCGCGCCGGATTGGCCTCTGCGCGCCACGTGTCCGGCTCGGAGCCCACGGCTGTCCTCCCGGTCCGCCCCGCGCTGCGGTTGCTGCTGGGCTAACGGGCTCCGATCCAGCGAGCGCTGCGTCCTCGAGTCCCTGCGCCCGTGCGTCCGTCTGCGACCCGAGGCCTCCGCTGCGCGTGGATTCTGCTGCGAACCGGAGACC,14.54999646294745,3.862946897306915
2873,ENST00000355417.6,ENSG00000198624.12,CCDC69,151181052,151224145,1.163166789828625,3451,4361.33,246.012,1.27086,ATTTACGGCGGGCGGCCGCCCCAGCTCAGGCTCAAGACAGCGCTTCCAGGTTCAGTTTCAGGGTCTCGCCGGCAGCCCCAGCCGGCGGGCGCGGAGCGGGCAGCGGGGCCCGGATCGCAGGCTCCTCTGGGGGCCCCGGAGTTGGGAAGCGGCGTCCGGGAGCCCCCGGAGGAGG,0.9152595799919936,-0.1277471256368547
2874,ENST00000351797.8,ENSG00000055147.18,FAM114A2,153990128,154038936,17.804476708432624,4443,3540.34,201.085,1.27967,TTCCGGGGCAGTAGGAACGCCGAGTCGGCTGCCGTGGCTGTGCTGAGGGTGGCGGCCGGATAGCTGATGTTCTAATC,13.913334460003457,3.7983963114901163
2875,ENST00000285873.7,ENSG00000082516.8,GEMIN5,154887416,154938209,38.408751513426864,5397,6045.64,1865.58,6.95238,CCCGCTCCCTACCTAAGGCGTGAGGCTACGAGCGGTCGGCTGTGGCAGCTTCTCTTGTCTCTGACGGCTTGTAGTT,5.524547207348687,2.4658562258648367
2876,ENST00000286317.5,ENSG00000155868.7,MED7,157085832,157159019,55.27425208942002,2402,1848.57,89.1344,1.08635,TTCACGTTAAGTCTTACAAGAGCATGTTAAACATTAAAACATAAGATTGTTTCTGGTCAATAAGGGGTCTATAAAAAATAAAGCAATAAGGTGTCTTGTTCAATTTTATGCCTTAATTCAAAAAGAAACGAAGAAACGGAACCCTCAGCTACGACTTTTAAAAGTCAGTAACGGGTGGATGGGAGGAGTCAAACATACGTAGGCGCAACAGCGAGGGATCGGTCTGAGGCGGAGCTAGAATTTCGTTAAAGGACAGCTCTTACAGCCAATCAAGGACAGAGTCGGTGGCTTCTTCCCGGAGGAGACCGGAAGTTGGTTTCGGCTGCAGAGGGGAAGGCGGCTACCAGTGTAAAGCCAGAGCTGAGGTTCTTGATAGTCCACA,50.880703354738365,5.66904670889366
2877,ENST00000411809.6,ENSG00000113282.13,CLINT1,157785743,157859175,51.37187476223471,3440,3036.6,1671.4,12.401,ACTTCCGCTCCACGCAGCGCCTGTGCTGCCGCGTCTCGACGTGTCACCGGCGGCGCCGCTGCTGTGGCAAAGGAAGGAGCTGACTGGGGGAGTTCGAGGCGGCGGGCGGCGGTGACCCCGGCCTGGAACTGCCCCGGTACGGAAGTGTTCCGGGGTCCGTGGGGAGCAGGAGAGGGAGGCGGCGGACCGTCCCGCGCGGGGCACG,4.142559048644038,2.050522261979925
2880,ENST00000307063.8,ENSG00000170234.12,PWWP2A,160061801,160119423,12.26461481833548,3346,3386.51,315.759,2.1007,AGCCGGAGTTGGAGGAGGGAGAAGCTAGGAAGAAA,5.838346655084249,2.5455598742049066
2882,ENST00000408953.3,ENSG00000221886.3,ZBED8,160393148,160400097,14.962580323716066,2851,2246.27,106.512,1.06832,GTGTGGGAGACGCCTCTCCCAGTTTGCGGGCGGGAAGCACCCTGGAGAACCCGGATGGAACCCGGGCCTGGCTGAGGCGGAGGTTGTTGCGGATGCTTCTCTCTCCAGGCGCACCGCAGATTCCTGCCCGGGGGTTGGACCCGAGGAACCGCCGTCTCTACTGGTTCCGACGGCCAGAGGCTGGGCCCTAGGCTGAGCGGAGAGTGGGACTGGAGCCTGAAACGGGCGCCTAAAAGAAGCCCGTGCATCCCATAGGCCTGCGCCTCAGGCTTGGAGACGGGCGGGCGGAGACCGCGCTGAGTCTTTTTTTTTTTTTTCCTAGCAGCTGGCGTTCTTATCTCACCCGGGAGGCTGTAAAAATCTCCGTCCTTAACAGTAACACCATCAGGTCCTATCAGTTAAGAGCTGCTTGTTATTTGCATGCATTCTTATAATTAAATCTCCTAACAACCCTGTAAGCAAAATTCTGTGGCATCTCTGGAATACTACCTGAGAATTTTTGTGTGCC,14.005710202669675,3.807943236449816
2883,ENST00000297151.8,ENSG00000164609.9,SLU7,160401641,160421711,42.68986907981457,3793,3259.11,2086.33,14.4227,TAGTCCCCTGGTGAGGCTTAAGCTCTTGTCTGTTCTGGTCTTTTTTTTTTTTTTTTAACTTCCTAAAATTCTCCGATTCTAAAAGAAAGCTCCTAAATAGAAGCCAAAAAGTAGCCGCCCAACTTGAAACTCCCCACAAGCCGGGTAAATAGCGCGATACGCAGCAGCTAGAGTTCTCGCGTTTCCCACGGCGCAGGAGCACTGGAGGGCCCCCCTCCGCCCCCGGCCCCGCCAGGAAATTAGTGCGCATGTGCCGGTCATCCGGAAGTTACCGCAGTGGCCGCCGGAATTAGGCGAAAAGCCGGAAGTAAACATTACGAGATTGGCTTGGATTCTGTCGGATGGACTTGGGGCTAGCTGCGGCGGGGCTGGAGGAGGCCAGATAACC,2.959908275136734,1.5655524687407967
2884,ENST00000302764.8,ENSG00000170584.10,NUDCD2,163446526,163460140,103.59566243408048,8005,6319.38,639.258,2.2791,AGCGGAGAGGCCGAGGCGTAGCCTAAGCGTGGGATTCCGCGCGTGCGCTCGGCTCCGCCTGGTGCGGCCGCGGCCGGGAGGGACTGGATT,45.454636669773365,5.506355561128538
2886,ENST00000239231.6,ENSG00000120137.6,PANK3,168548495,168579600,27.98301951031765,10506,8506.7,3576.23,9.47166,GCGGCGGCGGCGGCGGTGGCGGCGGCTCCGGGGACCGGGGCCTTTTGTTTGGAGCGGCTGCGGGGGGGCCCCGGAGCGGCGAGGCCGGCGGCCTTCCCCAGCTTGCTCGGTCCCGGCCACCCCTCGCGGGGGTGGGGGGCCGCCCCCTGGGCCGGGCATCTCCTCAGGCGCCGCCGCCCCGCCCTAGGCCGGCCCCGCCCGGCCTGAGGGGAGGAACCGGCCGGGCCTCGCCGCGCGGCCCAGCCACCTCCGGAGTCGCCGCCTCTGCTCTCAGTGCCCCGGATCGGAGGCCGTCCATCGCCCCTCGGGCCGACGCC,2.9543944261425823,1.5628624458229523
2889,ENST00000523843.5,ENSG00000072803.17,FBXW11,171861549,172006873,19.92678513106307,2099,2065.19,107.614,1.17401,AGGGCGGAGCTGCCGGCGGCCCGGGCGGGCTGGCAGCTAGAGTGGGTGCGATAGCCGCCTCCGCCTCTGCCGCCTCCGCCGTCGCCTCCTCCGCCCGGGCCGTTCGCTGCTGCGCGGGGAGAGCGAGGCGGGGCCGCCGGGGCCGCC,16.97326694922792,4.085192370895248
2890,ENST00000176763.9,ENSG00000072786.12,STK10,172042073,172188386,6.616759460168969,6060,7952.74,432.318,1.22475,CGGTGGGCGGGCGCGGGGACGGTCCCCTGGAACGGGTCCGAGGCTCTCGCAGGCAGGGCTGGGCCGGGCAGGAGCTGCGAGGCCGGCACAAGGGAGGCGGCCCTGGGGACCTGACAGGGCGGGGGCGGGGGCGGGCACGCCGCCGCCTGCGCGGTTCCGGGTGCTCCCGGCGCGGCGCTGCCCAGGGCACACTTGACCGAGGTCGGGCTGCGGGGAAAGGCGGGTCTGGGGAGAACCCCGAGAGACGCGGCGTCCTCCAACTCCTCCTCCTTCTCCTCGCGGCCGCCGAAGCCACAGCCCGAGCCCGAGCCCGAGCCCGAGCCGGCGCCACCGCGCCCCCGGCC,5.402538852965069,2.433637542425546
2891,ENST00000393792.2,ENSG00000168246.5,UBTD2,172209640,172284071,16.076176383657867,3301,2816.85,753.65,6.02794,GGCGCCGCGGGCCGGGGGCCGATGGGTCCTGGCGGACGCGAGGCGCCGGCGCGGGGCTCGCCTGGACTCGGGTGTGCGGGGCTGTGAGGGGGCGAGGCGGGCGCTGCGGCCCGCCCGGGATGGGCCAGCCCTGGCCTGGCGGGGCTGAGCCGAAGGCGAGGGCGGCGCGCGGGCCAGGCCTGCCGGGCGGGCGGCCCGGGGGTTGAGGTAGAAGTGGGCGCGGAGGAAGGGGCCGAGCCAAGGCGGTGGGTGGAGCGGCGAGGGGGGCGGAGGCTGGGCCGCGGCGGGCGAGCGGAGCGGCGCGCCTGTCCGGAGCTCGGCGGTGGCGCCGGAGGAGGCTGCAGCGGCGGCGGCGGCGGGCCCGGACGAGCGTCCGGAGGTGGCGGACGAGGCGCCGGGGGCCCCC,2.6669436629524954,1.4151873494342067
2892,ENST00000239223.3,ENSG00000120129.5,DUSP1,172768090,172771195,31.52153249882007,2019,2409.65,471.0,4.4038,GCGAAGGACATTTGGGCTGTGTGTGCGACGCGGGTCGGAGGGGCAGTCGGGGGAACCGCGAAGAAGCCGAGGAGCCCGGAGCCCCGCGTGACGCTCCTCTCTCAGTCCAAAAGCGGCTTTTGGTTCGGCGCAGAGAGACCCGGGGGTCTAGCTTTTCCTCGAAAAGCGCCGCCCTGCCCTTGGCCCCGAGAACAGACAAAGAGCACCGCAGGGCCGATCACGCTGGGGGCGCTGAGGCCGGCC,7.157802919937342,2.8395168217169564
2893,ENST00000329198.4,ENSG00000183072.9,NKX2-5,173232109,173235357,13.933461275877596,1709,2021.14,208.787,2.3274,TTTTTTTGCCGTATGACTATATTAGGTGACACGAAACTGCTCATCGCTCCTGTCATCGAGGCCCCTGGCCCAATGGCAGGCTGAGTCCCCCTCCTCTGGCCTGGTCCCGCCTCTCCTGCCCCTTGTGCTCAGCGCTACCTGCTGCCCGGACACATCCAGAGCTGGCCGACGGGTGCGCGGGCGGGCGGCGGCACCATGCAGGGAAGCTGCCAGGGGCCGTGGGCAGCGCCGCTTTCTGCCGCCCACCTGGCGCTGTGAGACTGGCGCTGCCACC,5.986706743953595,2.5817626022257065
2894,ENST00000265087.8,ENSG00000113739.10,STC2,173314713,173329503,49.6501234385801,5353,6649.48,846.49,2.86811,TTTCTCCTTCCCTCCACGGGCCGGGTGAGAAAGTAGCCGGGGGCTATCCCGACCCGGCGGTTCTTGGGGAGGGGGCCGAACAAGAAAAGGGAGGAGATGGAGATAACTTCCCCGGATTTAGCTTTTTTGTCTTTGTTTTTGTTCTCACCACTTCCATCGGATGACTGGAGAGTAAAAGGGAACCCGGAGCGGGGTGGCGAGCAGCGCTTTGAGAAAATGCAGGAGTGTGTTTGGAGACGCGTAAAGTTGCCTTTCAAGCTCTGGCCTCCGGGCACGCGATGCTCCGCGGCGGGCTGACTCAGGGCTGCCTTGGGCCTCCCTGCCACCCTCCTGGAAATGATGCAAGTCCTGACTGTCACCTGGATCCCTGCAGCCCAGCCTGGAATGCGTCTGGATTAGGGGAAAGACGAGAAACGACACTCCAGGTGTTGCACGGCCCACCAAAGCGGGAAGATAGGGCAGTTGCTCAGACCAAATACTGTATCTAGTGCTTCTGCTCCTATCTTCAATCGTGGGGTTCTTTTTAATGCAAAGTGTCACAAGGCCAGGAATTCCCATGTGTGCTCAGTTGGCCCACAGCATCATTGTGCCTAGGAAACTGCTTCAATTTATCAAGTCCTCTGGGCTGGGAATCTCACTGAATTCCAAACGGCGGAAAGAGGAAACTTTCCCAACCCGATGTGGGTGTGACGCGAGCCAGGGGCCCCAGGGACACTGTCCCAGAGCACACCGTCCCCCTTTAACAGCAACTGGAGCTTGGATTCGCTCTTATATTGTACAGTCCTTTCGACCATTGCCCTGGAGCACCCGCACACGCGCACGCATCTCCGGCCGCGCTCACACACACTCATACACACGCACGCAAACGCGTGGCCGCCGCCAGGTCGGCAACTTTGTCCGGCGCTCCCAGCGGCGCTCGGCTTCCTCCTGTAGTAGTTGAGCGCAGGCCCCGCCTCCCGGCCGTGTTGTCAAAAGGGCCGGGGTCTCGGATTGGTCCAGCCGCCGGGACAACACCTGCTCGACTCCTTCATTCAAGTGACACCAGAGCTTCCAGGGATATTTGAGGCACCATCCCTGCCATTGCCGGGCACTCGCGGCGCTGCTAACGGCCTGGTCACATGCTCTCCGGAGAGCTACGGGAGGGCGCTGGGTAACCTCTATCCGAGCCGCGGCCGCGAGGAGGAGGGAAAAGGCGAGCAAAAAGGAAGAGTGGGAGGAGGAGGGGAAGCGGCGAAGGAGGAAGAGGAGGAGGAGGAAGAGGGGAGCACAAAGGATCCAGGTCTCCCGACGGGAGGTTAATACCAAGAACC,17.311094567007576,4.113625042958132
2895,ENST00000311086.8,ENSG00000145919.10,BOD1,173607514,173616660,29.81017040447985,1562,1550.06,742.355,10.7901,CGAGCAGGCCGTTTCTGCCGCGTCCACCACAACCTCTGCTGTATCAGAGGGGGCCTTCGCCGCCGCCGCCCCCACCACCGCCCCTGCCGCCATCGCCACCTCCGCCGCTGCCGCCTTGGGGCCCTCCTCCTTCACCGCCCCCTTCACCACCTCTACACGTTCTAGGCCTTCTGTCCTGGAGAAGAAGCTATAGTCGTTCTCCCTTGTGGGCCCGGGGCGCAGCC,2.7627334690577334,1.4660963868278514
2896,ENST00000298569.8,ENSG00000122203.14,KIAA1191,176346061,176361968,5.902658919977594,2991,3424.78,1248.02,8.21017,GGCGTTTCCTCTCGGGGCTGGCGGATTCCACACTCGGAGCTGCGGCTCCACAACTCGCTGGGCGGCGAAGGGCATGGGGAGGGGGCGGGTCTCGCGATCGTGGACAACAACTCCCAGCATGCCCTGTGCTCCGCTGGGCCAAGTCTCGCGCGAGATCCCGCGGTCTCCGGAGGCTTTATCTGCAGTGCTGCCTGCCCGCTGGGTGGTACTGCTACCTAGTGGGTCTTGGGGACCTTCGAAATCGCCGCCGCTCTCACAATGGCTTGGGTCCAGACTGCGCCACAGCCTCTCGGGAGACGTGGGCCCTCGGAACCTTTTTAGTGCCGGACTCCGGGCCGCAGGCAGTCCCGCGGCAGCAGGATCACAGAACCTCTGGATGGACTCTTCCTGGGAAGCTTTGCTACTTTGCAGCAGCTGGACCATGTTCCTCATTAACATCTGTCTGTCCGCTTAGTCATCACATCATTTCACTGTGGTGGCAGGGACTCAGCTCGGAATTCTGTATAGAAAAAGCACCTGGATCCCAGTCTTTCA,0.7189447867678251,-0.47604711548128853
2897,ENST00000614830.4,ENSG00000048162.20,NOP16,176383938,176388975,106.89062241316988,1258,1469.05,371.094,5.69126,ACCTATGGGTACCACCGGGTTCTCGCGGGTCTTGCGAACGAACTTTTCCTTGAAACTCTCTGGATTCCTGTAAACAGTGGGGCTCAGCCCCTCAATGACTGGAGGCTTCGATGGTTCAAAGGGGACCTCCGGAATCACAGGGCCGGGAGTCGCCATGTCCGGGCCACAGCAGCAGGAGAAAATCGGGACTCCGACCTCAGCCTCCCGGTGAAGGTCATGAAAGGGGCGGGGAAACGAATAAATTGAGCCTTGTACGCAGGCGCAAATGCTCGTTGCATCCTGGGAGTCGTAGTGCTCAGCACGGTAGTGCTACAAAAGGACTACATTTCCCCAAATGCCCGCAAAGCCTTGTGCACGCCTTCCGGAAGGAGTTTGTTACACGAGGTCTGAGAGACAGAGGCAGCGTGTTTGAGCTGCTGGTGCGGTGGTCAGCGCG,18.781539134246174,4.231243390592439
2898,ENST00000345807.6,ENSG00000175416.12,CLTB,176392455,176416569,39.99169087407576,1161,1451.64,648.944,10.0719,CCGCTCCTCCCGCCGCGGCGCCCGCACCGCAGTGACAGCCAGCCGGGCCCGGTGGCGGAGAGGAAGTGCGGTCCGCGCCAAGCCCGTCCCCGCCGACGCCGGCTCCCCCGCGGCTCGGGTGACAGCGTCGCGGCCGCCGGACGCAGCGCGGGGCAGGCGCGGGCAGAGCCGAGCGCAGCGGAGGCTCCGGCGGAGGCGCGGGGAAA,3.9706203272546152,1.9893644162201614
2899,ENST00000274811.8,ENSG00000146083.11,RNF44,176526697,176538025,16.710805657283032,4155,6475.24,646.339,2.24888,GCGGGGCGGGGCCCCTGCGGGCTTGCAGCGGGCTACTGTTTGCCGGAGCCTCCCGGCGCGCCCCCGCGAGCCCCCTCCCGTCTGGCGCGCGACCCCGCCGCTTCGAATGTTGTGAATCAAATGTGGGGTTTGTTACATTCCGCTGCCGCCGCGGACAGTTCTTAAAGGGCCAGCCGCCGGCTGCCGCGCAGACCCAGCTGCGTCCTGCGCCGCCTCCCGCTCCCTGAGGGCCTGGGCCGAGAGAGACTGATCGCGCGTGGGCCTCGCGAGGCAGACGCCGTCGGGCGGACAACAAAGAGAGAGGCCCCGGAAGGAGCCGGGCTGCCCCCGGACCCGGGGGTGGGGAGGGGAGCACATTGTTCCGCAGGGCGGGAGCTCTTAAAGGATCCAGACAGGCACCCCCCCCCTCCCCCGCCCCCTGCCCAGTTTGGCCGTCCTAGATCGGGAACAAAGGAGTCAACGTGTGGCCGGGCGGCCAAAGGGTTGTGAGTCCCGGCCCAGCCCCTCCACCCCCCTGCCCCCCCG,7.430723585643978,2.893502703710266
2900,ENST00000303991.4,ENSG00000169258.6,GPRIN1,176595802,176610133,25.97521082406651,4211,6415.2,587.959,2.0649,GGGACGGCGGCGCCGAGTCTGCGGGTCCTCCCGCCAGCCCGGCCGGAGGCAGCCGAGGCCGCTCGGGCGGCGGCGGCGGCGGCGGCGGGAGCCGGAGCGCATCTCGCCCAGGAGCCGGAGCAGCGGCACTGCCTGAACCAGACAGCAGCCTTGGGTGCAGGCGTGGTCATGAGGGCAG,12.579403760020586,3.6529916377049694
2901,ENST00000303127.11,ENSG00000169223.14,LMAN2,177331562,177351852,237.16369054047965,1800,2428.88,1862.64,17.2777,CTTGGAGCCTCTAAGGAGATGAAACTGCACTCAACCAGGATGAGAGGCTGCCCGGCCAATGCAGCTGCCGCCCCGTCTGCTGCGGAGGCTTTGCTTTTTGACTCCCTGGCGACAGTAAAGTTGAAGAGCTTCCGGCCGGAGGCCAATAGATGGGACCCCCGGAAGGCGGAAGTTCTAGGGCGGAAGTGGCCGAGAGGAGAGGAGA,13.726577642885317,3.7789000675615054
2902,ENST00000309007.9,ENSG00000113758.13,DBN1,177456608,177474401,57.06632197596501,2995,4360.65,1431.98,7.39858,GGGCGGCGCTAGGACCGAGCGAGCGGAGGGAGCGAGCCGGGCGGAGCCAGCGCCCCCCGCCCCCCGCCGGCCGGCTCCCCTCCCCCGGCCGCTGGCTCGCTCGGCTCGCGACGCTGCAGAGGCTCCGAGGCGGCGGCGGCGACTCCCTCTTTCCCTCCCTCCTCCTCCGTCCGCCCGTCCGTCCGCGCGTCTGTCCGTTCGGCCCGGTCCGGCCCGAAGC,7.713145221916234,2.9473192739895806
2903,ENST00000355841.6,ENSG00000196923.13,PDLIM7,177483394,177497606,24.555654138529643,1689,2353.0,285.864,2.73716,CCCAACGAGGCTCCCTGGAGCCCGACGCAGAGCAGCGCCCTGGCCGGGCCAAGCAGGAGCCGGCATC,8.971216201657793,3.1653035803687826
2905,ENST00000507955.5,ENSG00000183258.11,DDX41,177511577,177517469,20.844112660863168,2607,3401.01,169.646,1.12382,ACACAGGCGCAGTCAGGGAGGCAGGGTGTGTCGAGCGGTTTATCCCGCAACCCCGGCGTCCCCGGCAGGGATGAAAGCGCAGGGCCCACGCGAACTCGGCCCGCAGCTCCCGGCCCTAGAGGACGCACTGTCCGCCGGCAGGGGCGTGCCCAAGACGCCATGCTCTGGGAGAGGTTGGGCACCTGGCAGGCCGCCCCGACTCCGGATCAGCTGTCTCCGCTGCGTACGTCTTCCTCTTCCAATGGGCTTGGATTGAGCCTTCTAGCGCATATTCCAAGTCCTCCAATGTCCCACAATGCCTTGCAGCCGGTTTCGCCCTCGGTCCTGGCAACTGTCGCGTAACCACCCATGAAAGCGTCCATGCCTCGCCGTGCGATAGTATCTCCGGAACAAATTTGTCCCTCTGCGCGATCCGGAACTCCGAGGTCGTTCCTACGCGCCGTCGTTCGCCTCTTCACATCGGATTGGGTCTCACGCAAGGATGAGGCGGGGTTTCGCCGTGGCGCGCATGCGTGCAGCAAAGA,18.547554466785755,4.213157071963749
2906,ENST00000514747.5,ENSG00000146067.15,FAM193B,177519788,177554541,4.689635534631627,2913,4277.02,192.394,1.01347,GCGGCGGCGGCGGCGGCGTGTGGAGCGAGGGAGCGGCGCGAGCGGCGGC,4.627305726495729,2.2101724210402662
2907,ENST00000274606.7,ENSG00000145912.8,NHP2,178149460,178153967,262.6281531947038,865,936.97,1577.07,37.9215,GTCAACGATTGGGCTGAGTCGGAGACTTCCTTTCCTGATTGGCCGTGTTGTACGGCGGCTTCTCGCGCAGCTGATGACCTGGAAGTGATGCCTAAAGCTGTGGACCGCGTGGGCTCGCCTCCCTGGGACTAGGTTTCAGCGGCCGCTGCG,6.92557396713484,2.791933641591399
2908,ENST00000476170.2,ENSG00000175309.14,PHYKPL,178208497,178232791,1.7740978640878975,824,891.162,66.1704,1.6729,ACCGACTGACGGCCACCCACC,1.0604924765902908,0.0847343860505722
2909,ENST00000316308.8,ENSG00000113240.12,CLK4,178602664,178630615,9.263723209573389,2568,1758.07,249.014,3.19116,CTGTCACGCAGGCGCGTTCGCGCGGCGTAGGTGGTGCTAGAGGCGACTCGGGGGATTCTAGGGCGACGGCGCTGCCGCCATTTTGTGGGGTGTTTGTCGCAGCGGCCGAGGAGGGAAGACGGCAGTTTGGCGACATTTCTCGGCCGAAGGGCCATTTGCTTTTGCGGAG,2.9029328550036313,1.537511202734959
2910,ENST00000335815.6,ENSG00000169131.10,ZNF354A,178711592,178730702,2.5367493276134723,2484,2113.54,464.585,4.95241,CCGGCGCGCCGCGGGGTGAGCGGCGCCGGGCCTGAGGTCGCCCAGACGCCGTCGGGGCGGAGCCGGGTCGCGAGGCTGCATCCCGGCCGGCGGTTCCGGAGCCTCGCGGCTGGGGAGGCGCGGCCCGGGACGCTCGAGCTTAGGGAGATCTGCCTTCTGGAGACTGCGCCGTCCTCCCGGGAGAGCCAGAAAGAGGAC,0.5122252252163032,-0.9651497927556559
2911,ENST00000393432.8,ENSG00000169045.17,HNRNPH1,179614178,179634784,474.0989037498233,2279,2020.94,3948.82,44.0226,ACAAGGGACCTTATTTAGGTTGCGCAGGCGCCCGCTGGCCATTTCGTCTTAGCCACGCAGAAGTCGCGTGTCTAGGTGAGTCGCGGTGGGTCCTCGCTTGCAGTTCAGCGACCACGTTTGTTTCGACGCCGGACCGCGTAAGAGACG,10.769443507421718,3.4288717978961727
2914,ENST00000292591.11,ENSG00000161013.16,MGAT4B,179797597,179806952,30.647032574537647,2446,3286.42,769.337,5.27419,CGCGGCTCTCGCCGCCCAGCCCAGCCCAGCCCGGCCCGGCCCGGCCCTGCCGCGGAGGCGAGGCCGCCAGTGTCCCGCGCCCCTGATATCTGCAGTGAGCCTGATACCTGCCTCTGCCCTTCTGAGCCTGTTCCTCTTCCCTGAGTACAGGGCACAAAGCTTGCGCCCTGAGGGGCGGCCGGCGCGCTCCCTGGCCCGGTCCCCGCCCGGCCCCGGGCCCCCCGCCCCTCCCCGACCCGGGGCCGGGGCCCCTGCCGCCGCCGCCGCCGCCTTCCGACCCCTGCGCCCCGGCCCCGGTCCCCCGGGCCATGCAGCCTCGGCCCCGCGGGCGCCCGCCGCGCACCCGAGGAG,5.810756262959364,2.538725940879053
2916,ENST00000355235.7,ENSG00000197226.12,TBC1D9B,179835133,179907859,12.179348792975873,5119,7204.48,1693.39,5.29562,CTCGCGGGCCTCGGCCCGGTGCGAGCGGCTCCGCG,2.2998910029374975,1.2015654901923936
2917,ENST00000521389.5,ENSG00000113269.13,RNF130,179911651,180072118,23.58248614879249,2263,2337.44,767.449,7.39726,CGGCAGCCGCGCGAGAGGGACTTTGTGTTCCGCTGACCCTCCTCGGGGCGCTTCCTCCCGTGCCGCCCTTCCCCTCCCCCGCCGCGTCCTTGCGAGGCGCCTCCCATTCGGTGGGACCGACCCGGGGGGATGGAGGGGGCACGCTTCTACAACCCTCCTGGGACCCCGAAGAGACGCCCGCGTGCGACCTGAGACGCCGCCCTCGCCGAGGGCCCATGGGCGCGTCCCCACAGGCGGGCAGTGGACGTGAGGGCGGCGAGCGGCGGGGCCGCGGCGTCCAGGAGGGCCGCGCTCGGGCTCGGCCCCGCGCAGGCCGCGCGCGCGCGCTCCCGCCGCCGCCCGGGCCGCGCCCGCCCCGCCTCTAGGCGCCGGCCCCGGAGCCCGGTCCGCGAGCAGCGGCGGCTGCCGGAGGGACG,3.188002875225758,1.6726529304802267
2919,ENST00000393360.7,ENSG00000050748.17,MAPK9,180233143,180292099,3.408288036932271,4326,3931.19,476.178,2.72902,GCGGAGAAGGGAGCGGGACCGGAAGGGTCGCAGCGCCCCGGCGCCCCTCACACCCACTGCGGCGGCGGCGGCGGCGGCGGCGGCGGGGCGGAGCGGAGCGGGGCGGGCCGGCGGCGGAGCCGGGGCCGCGGAGCCAGGAGTGACTAGCACGCAGCGCCGCCAGTCCGCCCGCCCGCCCTCTCCCCGTGGCGCGGCGGCGGGGAGGCGAGGGATCTGAAACTTGCCCACCCTTCGGGATATTGCAGGACGCTGCATC,1.2489054814300633,0.32066429629576293
2921,ENST00000253778.12,ENSG00000131459.12,GFPT2,180300690,180353387,5.236724395340292,3093,3627.78,162.426,1.00873,CGCCCTCTCGGAGGGCTCCGGGTTATAAGGGCTGGAGGCCGAGCGGACGGGAGCTGGAGCCCGCGGAGCCCACGGAGCCCACGGAGCCCACGGAGGAGCCCACGGAGGAGCCCCAGCGTCCGAACGGGCAGACCCCCTCGAGCCGCGAAGGAGCCCGAGAAGCAGCCACG,5.191403443280454,2.376124609286848
2922,ENST00000261937.10,ENSG00000037280.15,FLT4,180601506,180649624,7.734439587543942,5857,9070.73,485.67,1.20632,AGGCCAGCCGGCGCCCGCGCGGACACTTTCAGCCCCGAGCCGCGGCCGCTCGGGTCGGACCCACGCGCAGCGGCCGGAG,6.411598570482079,2.680684101333953
2923,ENST00000307826.4,ENSG00000131446.16,MGAT1,180784782,180815652,27.5903556805576,2761,3886.78,436.877,2.53239,CCCCTCAGTCCGCCCCGCCCCGCCCCGCCTGCCGGGGAAGGGCCACGTTGCCCGCCCGGCCGTCCGGCCCCGGCGCGCCGCAGAAAGGGCTGGCGAGTCGAAAGGCGAGGCGGCCGCGGCAGCGCTTGGGACGCGCCTGGGCACCGGGCTCGCTCCCTGCGCCCCGGAGCAGGCCAAGTTCGGGGCCAGGACGTCGGGAGGACCTGGTGCATGGCTGCCTCCTAATCCCATAGTCCAGAGGAGGCATCCCTAGGACTGCGGGCAAGGGAGCCGGGCAAGCCCAGGGCAGCCTTGAACCGTCCCCTGGCCTGCCCTCCCCGGTGGGGGCCAGG,10.894986822944965,3.4455925464597277
2924,ENST00000512132.5,ENSG00000196670.13,ZFP62,180847611,180861285,9.025838184777372,4010,4158.85,404.05,2.18889,GTGCGGTCCGCGCTTTTGTCCCGCTGGCGGCCGGGTTCCCGCGGCGCCGCCACAGCCAGTTGCCTTCTTCCTCATCTCTGCAGTAACTGTCTTCATGGTTTCATAGCCTTCTCCCTGATACCCCTCCCCAGTGTCACATTTGAAGACGAGCACTGAGGATGAGGAACCAACTGAAGAATATGAAAATGTTGGAAATGCAGCATCTAAGTGGCCAAAAGTGGAGGATCCT,4.123477280620485,2.0438614586872266
2926,ENST00000512805.5,ENSG00000204628.11,RACK1,181236909,181248096,2931.3185527522987,1403,1647.45,8501.52,116.264,ATAGGGGCGGGGAAGCAGCCCGGCGGTCCTCATGGGAATGTGCCGTACACTTCACCTCTTTCGCTTCTCGCTCTACATCATCCCTGAGAAGCCTTTTTAAACACTTGAATGTGCTTGTTTCAGAGTGTATTTGTAAAGTGCAGTCAGATTTTGTTGTACGGAAGACGGGACTGTGATGCCTTGCAATTTCCCTCTGCCTTTTGCATTACATGGCGCCGCCATCTTGAGCAGAAATGTATCATGGGGCTCGCCATTTTGCATGGTCGAGCGGGTATTTCCGGTTCCGGCGGGGGGCTTTTCTCTCTCTCTTTCACTGCAAGGCGGCGGCAGGAGAGGTTGTGGTGCTAGTTTCTCTAAGCCATCCAGTGCCATCCTCGTCGCTGCAGCGACACACGCTCTCGCCGCCGCC,25.21260710755091,4.6560734025586905
2927,ENST00000611618.1,ENSG00000183718.5,TRIM52,181254417,181261139,3.84354904368568,3466,3480.37,275.065,1.78062,GCTGCATCTGAGGCGGACGCCGCAGTGTAGGGCACACCCTGAGGGTAGCGAGAGACGTGACAGGACCGAGCAGCTGGGGGCTGCAGCCTGCTCTGTCCCCACCGATCCCAGAGAGAGGCTGTGAGTCTGGATCTGGGCGTTCGCACCCTGAGAGAGGGGGTCAAAGCTCCCCTGCGGCCCCGAGGAAGAAGAGCAAGGTTGAGGACAGCCTCGGGTCACCAGAGTAGTTTGGAGGCAGGCCTGCAGGCGCGTCCCCGCTCCTCAGCTCCAAGCTGACGTATCTACACCTGCCGGCGGGCATTAAG,2.158545362674619,1.1100594119182174
2928,ENST00000344450.9,ENSG00000112679.14,DUSP22,291630,351355,3.54826213662322,1485,1595.14,85.1047,1.20204,GAGCCCGAGCCTAGTGCCTCCCACGCCCGGCGGCCGCGAGCCGGGGTCCGCGAGGGCGGAGTGGGGCGCGGCAGCCAGGAACCCGACTACGAATCCCAGGGTGCGGGCGGGCGGAGCGAGGAGGGACGCTGGGCCTGCCCGGTGCGCACGGGGGCGGGGACCGGCAAGGCGGGACCATTTCCCGGCATAGGCTCCGGTGCCCCTGCCCGGCTCCCGCCGGGAAGTTCTAGGCCGCCGCACAGAAAGCCCTGCCCTCCACGCCGGGTCTCTGGAGCGCCCTGGGTTGCCCGGCCGGTCCCTGCCGCTGACTTGTTGACACTGCGAGCACTCAGTCCCTCCCGCGCGCCTCCTCCCCGCCCGCCCCGCCGCTCCTCCTCCCTGTAACATGCCATAGTGCGCCTGCGACCACACGGCCGGGGCGCTAGCGTTCGCCTTCAGCCACC,2.9518669400545905,1.5616276911646114
2930,ENST00000259806.1,ENSG00000137273.3,FOXF2,1389834,1395597,17.54694316063075,2187,2951.42,548.298,4.18551,AGCCCGGGCGGCGGGCTAGGGCGCTCGCAGGGCTTCTGGGCCGACCCCGCTCCGGCGCCTCCGCTTCCCGCCCGGGGCCCGCCCTCGCGGCCCGGCCTCGCTCCCGGGTCCCAG,4.192307069062253,2.067744392158931
2931,ENST00000380874.3,ENSG00000054598.6,FOXC1,1609972,1613897,163.46108291320073,3926,4305.47,5024.0,26.29,CGAGAAAAGGTGACGCGGGGCCCGGGCAGGCGGCCGGCGCGCGGCCCCCCCCCCCCCCGCCCTGGTTATTTGGCCGCCTTCGCCGGCAGCTCAGGGCAGAGTCTCCTGGAAGGCGCAGGCAGTGTGGCGAGAAGGGCGCCTGCTTGTTCTTTCTTTTTGTCTGCTTTCCCCCGTTTGCGCCTGGAAGCTGCGCCGCGAGTTCCTGCAAGGCGGTCTGCCGCGGCCGGGCCCGGCCTTCTCCCCTCGCAGCGACCCCGCCTCGCGGCCGCGCGGGCCCCGAGGTAGCCCGAGGCGCCGGAGGAGCCAGCCCCAGCGAGCGCCGGGAGAGGCGGCAGCGCAGCCGGACGCACAGCGCAGCGGGCCGGCACCAGCTCGGCCGGGCCCGGACTCGGACTCGGCGGCCGGCGCGGCGCGGCCCGGCCCGAGCGAGGGTGGGGGGCGGCGGGCGGCGCGGGGCGGCGGCGAGCGGGGGCC,6.217614412826197,2.6363611502987587
2932,ENST00000380454.8,ENSG00000124588.19,NQO2,2987967,3028869,6.570670400115994,851,771.482,99.6777,2.91095,ACCTGGCGCAACTCCTAGAGCGGTCCTTGGGGAGACGCGGGTCCCAGTCCTGCGGCTCCTACTGGGGAGTGCGCTGGTCGGAAGATTGCTGGACTCGCTGAAGAGAGACTACGCAGGAAAGCCCCAGCCACCCATCAAATCAGAGAGAAGGAATCCACCTTCTTACGCT,2.257225441905905,1.1745505158612242
2933,ENST00000380379.9,ENSG00000137274.12,BPHL,3118374,3153578,22.82104545003579,1928,1832.51,161.276,1.98283,GCTTGGTCTTAGCGCATGCGCACTCCCGGCAGCTACGCGACCTGTGACC,11.509330325865449,3.524731987118597
2934,ENST00000438998.6,ENSG00000180822.11,PSMG4,3231403,3303373,56.194367326506864,838,868.207,174.225,4.52116,ACCCCCGCCCTTCCGGGGCCGAAAGCGAAAGCGCGCTCGGTCTCTCGGTGCTCGCTCCATCGGGTCTGGCGGGGCTGGCAGCGGCGAGGACCCGGGTCTGGCGCTGTGGGCCGGGAGCCGTGGGGCGGC,12.42919235915271,3.635660648936595
2935,ENST00000480058.5,ENSG00000112739.16,PRPF4B,4021267,4064983,43.49702954672556,6775,5486.55,966.844,3.97027,GGGGTTTTATATCCGGATTCTTAGCGCGGACTCAGAACCCAGCTCTTCCCTACACGGTCGGCACATGCGCGGCAGCTCTTTTCCTTCTTCCTCCACTTCCCCTACCCTCCACCGTCCGGGAGCCGCCGCCACCGCCGCCGAGGAGTCAGGAAGTTCAAG,10.955685519303612,3.4536078543736353
2936,ENST00000397588.7,ENSG00000153046.17,CDYL,4706159,4955551,22.164061285811435,2184,2532.36,271.048,2.41147,CGGAGAGGGGAGCCGCGATCCGGCCGCGCCGCCCGCACGCCGCCGCGCCCGCCCCAGCCCGCCCGGCCCCGCGGCGGGGCGCGATGAGCCCGAGCGCGAGCCGGCCCGCCGGGGAGTGAGCGCGGGGCGCCCAGGGCGCGTTGCGTAGCTGCTCCTGCGCACAACCCCGCCGCGCCGCCGGCCCGCACTGGCCGCGGAGTGCAAGAGGCTCGTCCGTGCCCAGCGCCCGGCCGGCCGCGGGAGCAGGAAGCGCAGGCCACGCAGGACCCAACTGAAACAAAGTGTCGGCCGCCCGGCGCCGGCGCCCGCCCCGACCCTGCCCCTCCCGCCCGCAACTCCGCCGCCCACC,9.191099738255684,3.2002374939413394
2937,ENST00000379938.6,ENSG00000124782.19,RREB1,7107597,7251980,1.683898278546902,8778,11871.9,613.393,1.16408,GAAGCTGGGCGGGGGGCCGAGACGGGGGCCGGGACGACGGCTGGGGCGCCGGGGTCGCCAGCTCCTCGCCCACCTCCCTCCCTGTGGGAGAAGAGGAGGAGGGGAAGTGACTGCGGAGTTGATGAACTTTGCACATCCAGAAACGCCATTTTGATTCCTTTTCCGGAACAAGTTTGCATCTCTCCTCGGTCTCTCCCTGAAGCCCACCGGTCCCCAACGCATCATGCCAGGGAGCCAAGCGTCCTGCCCGGCCGTTGCTCCGACTGTGTGTTCCAGGAGTGGTGGCTCTGAGGTGTGACCCTGCCCACGTTTGGGCCCAGCCAGGTTCAGCCCCCCAATAAGGAGGGCAGCTTGATAACACAAAGAAAACAGTGTCAACGAGTACTACCAAGAGAAGAAGACAAGAGGTCAACACAGACTCATTTTCTACTCCGTGTGAATGATAGCTACAGCAGGGGAAAGTTTCATAGTCTATCAGTGGGTCAGAAAATGGAGTTTTATAGCAGAGGCTTCTTAGAAGCTTAAACCCCTGTCCCA,1.4465485864776493,0.532614781126598
2938,ENST00000379834.6,ENSG00000124784.8,RIOK1,7389496,7418037,56.49694040572681,2810,2543.49,776.993,6.88254,AGCGACCCTACTGTGGGTGCGGTGTCTTCCCAGAGAGTGGTGAAGTTAGGAAGGTACGACCCCCTAGGCCGAACAGCCTGTGGGCTAGCTGGCGCCTCCTGCCGCAGTAAACACAAAGTGGGGTACAGAAACGAAAACTCCGGGAAGAAACGGCCAGCACGGGCCTCGCCGTGCCGGCTACTCAACACGCCTTCCTGAGAGCACAGAACATCCACAGCCCTATACAGCGCGCCATCCAGAGAGCTCCGGACTCCCAGCTCGGCGCAGGGGCGGGACTTCCGCTCAAGTCAGACTTCCGGGCGAGGCGGTGAGGGGCTTCCGGTTGGGGTGGCAGGGTGGTGGATCTGTCGGTCCCGTTTTCCCGTCGCACGTGGTGGCCACTGTTGGCTTCTGAATGGTTTGCAAGGCGGATATCCACGCCAAGGCCTTTGGATCGGCCGTGGGTACATCCGTCTGAGCCGTTCCTTTCCATCGCAGAGCGGCGGCCTCCGGCGGCGCTCTCCAGTC,8.20873404378715,3.037159745806193
2941,ENST00000379802.7,ENSG00000096696.13,DSP,7541575,7586717,37.26485738198517,9796,10142.9,3245.03,7.20809,AAGAAACCGGCCAGGTGTGGCCTAGGCGCCCAGTGCCAGCGGGGAGGAGACTCGCTCCGCCGCCGACCAACACCAACACCCAGCTCCGACGCAGCTCCTCTGCGCCCTTGCCGCCCTCCGAGCCACAGCTTTCCTCCCGCTCCTGCCCCCGGCCCGTCGCCGTCTCCGCGCTCGCAGCGGCCTCGGGAGGGCCCAGGTAGCGAGCAGCGACCTCGCGAGCCTTCCGCACTCCCGCCCGGTTCCCCGGCCGTCCGCCTATCCTTGGCCCCCTCCGCTTTCTCCGCGCCGGCCCGCCTCGCTTATGCCTCGGCGCTGAGCCGCTCTCCCGATTGCCCGCCGAC,5.16986571782333,2.3701268084422815
2943,ENST00000342415.5,ENSG00000168566.12,SNRNP48,7590199,7611967,41.70697881844298,4173,3187.34,1136.23,8.03157,GAGGCCTGCGCGTGCGGTCTGCAGTTCGGCCGCTTCCTCTTGGCGGGTGGGCTGCAGCT,5.19287994980346,2.376534873254481
2944,ENST00000283147.6,ENSG00000153162.8,BMP6,7726797,7881422,10.42570327125497,2780,3259.03,404.0,2.79289,CGACCATGAGAGATAAGGACTGAGGGCCAGGAAGGGGAAGCGAGCCCGCCGAGAGGTGGCGGGGACTGCTCACGCCAAGGGCCACAGCGGCCGCGCTCCGGCCTCGCTCCGCCGCTCCACGCCTCGCGGGATCCGCGGGGGCAGCCCGGCCGGGCGGGG,3.7329444665758307,1.9003140464412536
2945,ENST00000379568.3,ENSG00000111845.4,PAK1IP1,10694695,10709782,65.10927276363267,1800,1425.02,909.0,14.3716,GCTGGCACCTTCCTGAGATATGCCTGCTTGCCCCCGATTTTTTTCTCCTTGCAGTGAGAACCTCCTCATGTGGCATCTTTACTTATTCTCTTCTTGGAAAATCCATGTGACCTCCCCGCGCTTAAAGTGTTTCCACGTTACAGGCGACTTAAAGGCAGCCCTGGAGCCTGACGTATAATTCGAGCGCCGATGCAGAAAGGAGTCAGGTGTTTTTTTTTTTTTTTTTTTGGTTTCCGGTTCTGTCACCTCCAGGCTGAGCCGGGCTGGCGGAAGAGGCACGTGCGCTGCTGA,4.530412254977363,2.179642337501075
2946,ENST00000379542.9,ENSG00000137210.13,TMEM14B,10747759,10979320,70.09687890489761,975,724.228,212.307,6.60467,GCCTTTCTCCCCGCCCTGCCGCGGCCCCGGGGCGCAGCGCGCACGCAATCGCGTTTCCGGAGAGACCTGGCTGCTGTGTCCCGCGGCTTGCGCTCCGTAGTGGACTCCGCGGGCCTTCGGCAGATGCAGGCCTGGGGTAGTCTCCTTTCTGGACTGAGAAGAGAAGA,10.613229564065671,3.407791824381337
2947,ENST00000416247.3,ENSG00000224531.5,SMIM13,11094033,11138733,49.65738245465063,4688,3825.09,605.0,3.56349,CTCCGGGGCGATGAGGGACTAGAGGCGCCCTGAGGCCCGCCTGCCTCCCGCGCTCTGGCCACCCCGGCGGGAAAAGGATCGGGCGGGCGGGCGGTCCCACAGTGCCCGCCTTTGCGCCGCCCCACCCCCTGGGGGCGCTGCCGAGGGGGCGCCAGCCGCCCATGCCGCCCCGGCGCCCAGCCGCGCCTGGCGCCCGCCGCTGAAGCGCAGGACGCGCCGCCGCCCGCGCTCACCGCCGTCCGCGCCAGCCGCCCCGAGCCGACTGCCCTTCTGCCCCCAAG,13.935041898434017,3.8006454350809395
2950,ENST00000379388.6,ENSG00000095951.16,HIVEP1,12007670,12164999,1.962189126404988,9027,9365.54,864.937,2.08072,GCTGCTGGGCGGCGGCAGGGTGGCGGACGGAGCGGGGGACCGGGGAGCGGCGGCCGCCGGAGGAGGTTATGTTTGTGTTTGGGGTTGTCAAGTGAAGGAGGGATCCCAGGCGCCGCCGCCGCCGCCGCGCGGGGGTCGCGGAGATCCCGAGCCGCGGCCGCCGCCATCAGCAGCGCAGCTCCAGGGCCGGCTGCAGCGGCAGCGGCTCCGCCGGGCGTCCTGGCAGCAGCACATGGATTAATTGATGTATGTTGAGTTTATGGAGCTGCCTTTTGGTGGCTTGCTTTATCTGCAGTTTTTAAGAAGAAAAAGAAGGCCCTGAGTCAAAGAAG,0.9430337221754912,-0.08461873337672482
2951,ENST00000451315.6,ENSG00000225921.6,NOL7,13615327,13632739,227.31986939487956,1184,877.234,1077.21,27.6659,CAGAGGTCAGACGGTCTAGCGCTGCGTGGGCC,8.21660851065317,3.0385430296104654
2952,ENST00000379153.3,ENSG00000112149.9,CD83,14117256,14136918,9.635994073134098,2471,2474.24,330.307,3.00772,GCGCCCCGGCCTAAGCGGGACTAGGAGGGCGCGCCACCCGCTTCCGCTGCCCGCCGGGGAATCCCCCGGGCTGGCGCGCAGGGAAGTTCCCGAACGCGCGGGCATAAAAGGGCAGCCGGCGCCCGCGCGCCACAGCTCTGCAGCTCGTGGCAGCGGCGCAGCGCTCCAGCC,3.2037536981946784,1.6797632388665347
2953,ENST00000341776.6,ENSG00000008083.13,JARID2,15246296,15522040,7.962955350268204,5755,6708.73,1000.99,3.36165,GTTTTACTAAAGTGAATTTTTTTTTGTTTGCTTCGTTCGTCTTTGGCTCTTTTTTTTTCCTTCCCAATTTCGGATTTATTTCAAGGCGAATCTGGCTTTGGGGGAAGAGGAAGAAAAGTCGGATTACAAGATCAACCACCACCAACAACAATAAAAACCACCAGGATATTTTTTTGCAAATTTCTGACGGCTTTAAATTCATGAAGCAATTGTCCCCTTTTGCAATCAGCATTTGGATCTCAGA,2.3687639552803543,1.2441344427684597
2954,ENST00000356840.7,ENSG00000007944.14,MYLIP,16129125,16148248,7.937974568667807,1666,1830.85,96.909,1.19254,GGGCAGCTGGCGGGCAGCGGGTGAGGGGGTGGCGGGGACGCGAGTGGCGGCCGCGGGGCCCCGGACAAGGGTCCGCAGAGCTGCAGCCTTCGAGGGCCAGCCCTCTCCGAGTCCGGGGCTGGGTCCCACCAGTGACAAGGCGGCAGCCCCGCGCACACCAAAGAGAAGGCGGCTGTGGCGGCAGCGGCAGCCCCAGCC,6.656359173417921,2.7347332825968405
2955,ENST00000259727.4,ENSG00000137198.9,GMPR,16238580,16295549,6.272187093518566,1515,1583.79,131.838,1.87544,CCGGCCCACGCCAGCTCCCGGCCGCGGCACAGCAGCCCCGGCGCTCCCCGCGCCGCCCCGCGCAGGCGCCCCCGCCCCGCCGTCGCCGCCGCCGCAGCCAGGAGCCGCTGCACC,3.344381634986225,1.7417394860212865
2956,ENST00000229922.6,ENSG00000112186.11,CAP2,17393216,17557792,17.737261231919458,3316,3095.83,428.867,3.1211,ATATTGGGTCTGGGGACACACATGCCGTCTCTTGATTCCTAAGGATCCATTACCCATTTCTCTGCACAGATCTTCGGGTATCCAACCTATCTGTGCCTCCTTCAGCCAGGAGCCTCCGGATCTTTCCAGACTTCTTTGCAATACTGCCTCATGCACTGAATCCATTTCTCGCATAGCCTGGCGCTTGGCAGGCAGGCTGGCGTTCCCTGGCTCTGCCTTCCCCATCTCCCTGTCTTTTCTCCCACGGCCCATCTGCCCCTCCTTTCCTCCACCCCCTTCTCCTCTCTGCTCCCCTTTATTTCCACTCCCCACCCGCGTGGCTTTGCTCTCCCTCTCCCCCCTCAGCTCGTCTGTATTTGGAGCTCCGGAAGCTGCCGGCGACTCTCCCCTGGAGCAGCGTGACTGACACCGGCTCCTATTCAGCTGGGAGGAGGGAGAGGGGAGGAGAAGGGGAGGGCCGCGGGAGGAGGGTACGAGTGGCCGACCACGGATTTGCATTGCCGAGGACGGGACCCCAGGGCAGCGAAGCAGA,5.683015998179955,2.5066567767058707
2958,ENST00000259963.3,ENSG00000137414.5,FAM8A1,17600355,17611719,27.818814796569782,4677,4088.02,1310.0,7.21972,GGGGGAGGGAAACGGAGCAGTGACAGGTATCCCAGAGGGTGCTGCTGAGGCGACG,3.853170870417382,1.9460461643099032
2959,ENST00000297792.9,ENSG00000165097.13,KDM1B,18155329,18223853,7.635736334403386,3811,3374.2,520.591,3.47606,GCGGCCGAGAAGAGGCTGGGGCTCGCGGCGCGGCTGCAGCCGTCCTGTGCGCGCGGCGCGCGGCTCCGGAGAGGCGCCCGCAGTCCAGGGCGGCGCGCACCGCCTCGCTGGCGCTCAGAGCGGTGCCTTTTCCCCGAGACTCCCGGCACCTCTTCAGCGCAAAGATTATTTAATGTA,2.1966641353726306,1.1353143020444363
2960,ENST00000378700.7,ENSG00000172201.11,ID4,19837386,19840684,209.33495195727863,2344,2082.16,1203.0,13.0171,AGGCGCGGTTGTGAGTAGTACCGGGAGTGGGGTGATCCCGGGCTAGGGGAGCGCGGCGGCCGCGATCGGGCTTAGTCGGAGCTCCGAAGGGAGTGACTAGGACACCCGGGTGGGCTACTTTTCTTCCGGTGCTTTTGCTTTTTTTTTCCTTTGGGCTCGGGCTGAGTGTCGCCCACTGAGCAAAGATTCCCTCGTAAAACCCAGAGCGACCCTCCCGTCAATTGTTGGGCTCGGGAGTGTCGCGGTGCCCCGAGCGCGCCGGGCGCGGAGGCAAAGGGAGCGGAGCCGGCCGCGGACGGGGCCCGGAGCTTGCCTGCCTCCCTCGCTCGCCCCAGCGGGTTCGCTCGCGTAGAGCGCAGGGCGCGCGCG,16.081535208093864,4.007333233455308
2961,ENST00000346618.7,ENSG00000112242.14,E2F3,20401906,20493715,42.09122160197023,4749,4903.61,855.609,3.93116,AAATAATAAAGAAATTGAAAACAATACATTAATATACCATAACACTAAAAAGAGCAGGAGCGAGAG,10.707074146554765,3.4204923928147766
2962,ENST00000274695.8,ENSG00000145996.11,CDKAL1,20534457,21232404,29.18539308297424,3272,3037.2,526.991,3.90923,AAATAAACGTGGCGGGACGTATGTGTCATGGCGCTCTCCATCTAAAGTCTGTGCAGCTTCCGGAGAGTGGCGGGTTGATTTTCTCACTTTGGACTGGTTTTTACTTCCCGACTTCTGGACTCATCTTTCAAGAGGACTTTAGACTAATTGCAGATAATTAAGAGAAT,7.465765146326576,2.900290125897993
2963,ENST00000244745.3,ENSG00000124766.6,SOX4,21592768,21598619,350.0205203855408,5852,6872.16,3754.18,12.3079,GAGAGTGAAGCAATCTTTAATTTTGAAAACAGGGAAAACAAATATTTAGAAAGTAAAACCGATTTCCATCCTTTACATGCCATTATACATCCTATACAAAACTCTGGAAATCTGCCTATTGAGGTAATTACGGAGCACTACCTAATGTGTTTCAAGGGAAAGCTCCCCTGTTTGGGCTATGCAGGATTTACAGGGAGTTTAAATCATTAAATAACCATAGTTGACCCTTGCTTGGTTAAGAGAGTAAGCAATTATTGCAAAGTCCTCTTCCCTGCCTTCCACAAACAGCACAAAAACGGTTCTGAAGGGATTTACACAATACATCAACATCTGTGCTGTACCTAGAGTTGTTAAAATAATTGTGATGACAGGTGTCTAGGTACCACTTTCTTAATGGTTTTCAATATCCATTGATTTATTGTTTTGTGGCTTTCTCTTCCCCTTTACAGCTTTGGCTTTAAGAAAGAGCTGGGGAACAGATTTTGCACCAGAGGCTGATTCTTTATTCCAATGCTGAAAAGAACTAATAAAAATAATCACTTGGCTTTTAAGCAGAAAGCTTCCATTTACAGTATTTCACCCTTACCCCGCCCCGTTCCAAGCCCCTTGTTATCTAACATAATGGTTAGAATACATTTCCGTCTCTCCCCTTAATAATTTCATGCATTAACATCCTCTTCACACACTATACACACACGCACGCGCGCACACACACGCGCGCGCACACACACAGCAAAAGGAAAAAAGAGGCAGCAGAAATCTCAGCTGTACTTCTAGCCCTTTTAAAAAGTTTGCTCTGTAAATTGGAATGAGGTCAGATTTGGAGCTTCTCATTGCACGCGGAGATTATTATTGCATCGGGTTCCAAGCCAATGGGAAGCCCGGGGGAGGGGTTTGGCATGAGGAAGCGTTGGTTACAGCAGCTGATTGGCTGCAGCCAAGACTGTGAAAGGATAAAGAGGCGCGAGGCGGAATTGGGGTCTGCTCTAAGCTGCAGCAAGAGAAACTGTGTGTGAGGGGAAGAGGCCTGTTTCGCTGTCGGGTCTCTAGTTCTTGCACGCTCTTTAAGAGTCTGCACTGGAGGAACTCCTGCCATTACCAGCTCCCTTCTTGCAGAAGGGAGGGGGAAACATACATTTATTCATGCCAGTCTGTTGCATGCAGGCTTTTTGGCTTCCTACCTTGCAACAAAATAATTGCACCAACTCCTTAGTGCCGATTCCGCCCACAGAGAGTCCTGGAGCCACAGTCTTTTTTGCTTTGCATTGTAGGAGAGGGACTAAGTGCTAGAGACTATGTCGCTTTCCTGAGCTACCGAGAGCGCTCGTGAACTGGAATCAACTGCTTCAGGGAAAAAGAAAAAAAAAAAAAAAAGACTTGCCTGGGAGGCCGCGAGAAACTTGCATTGGAAGCTTCAGCAACCAGCATTCGAGAAACTCCTCTCTACTTTAGCACGGTCTCCAGACTCAGCCGAGAGACAGCAAACTGCAGCGCGGTGAGAGAGCGAGAGAGAGGGAGAGAGAGACTCTCCAGCCTGGGAACTATAACTCCTCTGCGAGAGGCGGAGAACTCCTTCCCCAAATCTTTTGGGGACTTTTCTCTCTTTACCCACCTCCGCCCCTGCGAGGAGTTGAGGGGCCAGTTCGGCCGCCGCGCGCGTCTTCCCGTTCGGCGTGTGCTTGGCCCGGGGAACCGGGAGGGCCCGGCGATCGCGCGGCGGCCGCCGCGAGGGTGTGAGCGCGCGTGGGCGCCCGCCGAGCCGAGGCC,28.438687378475677,4.829782972071613
2965,ENST00000378353.5,ENSG00000124532.14,MRS2,24402908,24426194,23.932128886261943,1740,1422.52,98.4736,1.55964,GCGGTAGCGACAGGTCAGAGCTGCGGCCTGAGCAGCCAGCGTCCGGCATGAAGGTCTGGGGTCTGGCTGCTGCCTGCTTCTTGCTCCAGCACC,15.344649333347403,3.9396637715929455
2967,ENST00000357578.7,ENSG00000112294.12,ALDH5A1,24494852,24537207,39.18053096895493,5248,5708.61,976.926,3.85561,TGTGGCTCTGCAACCTTCCGCCAGCTCCCACGCTTTCCCCGCGCGTCCCCGGCGCCTCCTCGCTCCTCTTGCTTCCCCGCGACCCCTGCGTTCCCGTGCGCGCGCGCCCGCTTGCCTGTTTCCTGTCGCCGTCGTTGCCCGGGCC,10.161953872138243,3.345105915366836
2968,ENST00000230048.4,ENSG00000112304.10,ACOT13,24667035,24705065,121.52022127957474,4047,3660.01,484.642,2.98332,AAAGTCAGTGAGCAAATCGCGGACCACCGGGGCTGCCAGCTCGCCTGACTCCCGGCCTCTTGCGCTCCTAGGGGCGGAGAAGGGTGCGGGCTCTTCGCCCTTTGTGTCCTCCTTCTTTCACTAACTTCTGGACTTTCCAGCTCTTCCGAAGTTCGTTCTTGCGCAAAGCCCAAAGGCTGGAAAACCGTCCACG,40.73321711367696,5.3481338579312965
2969,ENST00000356509.7,ENSG00000112312.9,GMNN,24774931,24786099,435.20617221049855,1133,724.864,534.555,16.6149,GTCTGCGTCAGTTGGTCACGTGGTTGTTCGGAGCGGGCGAGCGGAGTTAGCAGGGCTTTACTGCAGAGCGCGCCGGGCACTCCAGCGACCGTGGGGATCAGCGTAGGTGAGCTGTGGCCTTTTGCGAGGTGCTGCAGCCATAGCTACGTGCGTTCGCTACGAGGATTGAGCGTCTCCACCCATCTTCTGTGCTTCACCATCTACATA,26.1937280519593,4.711149502392186
2970,ENST00000329474.6,ENSG00000079691.17,LRRC16A,25279078,25620530,5.887904200130794,5431,5760.64,720.891,2.81942,TGGGCGGGAGCTACGCCGGCCCAAGCCCCGCCGGGGACCAGCGAGCCGGGAGGAGGAGCAGGCGCCACAGCCGCCCCGCGCCCCGCGCCCGCTTGTAATCCGGTCCGCTCCTTATTCAGCCGCCGGGAACTGCGAGGAGGCGTCATGTAGCAGCAGCAGCAAATCCGCCTCGCATTTGCAACTCTTTTTTTTTTTTTTGGTGGGGCGGGGGGCGCGCGGCAAAATTCTGTCTCCGCCCCCCCTTTTCTTGCCCACTTCCATTTGCAAGCTGCATCTGCCTCTCTAAAAAAATTGAGGAGTTCGGGGAAGGGCAGGGGGCCATAAATCAGAGTTGGACCTGCAATAACCCCCACACCTACAGGGCAACC,2.088338807318808,1.0623557904451406
2971,ENST00000357085.4,ENSG00000112343.10,TRIM38,25962802,25991226,7.72198432493387,9413,8931.28,446.428,1.12616,GTTAACTTCCTGACCCAGGAAGTGGCAGCAACAGAGGGGACTAGCAGCGAATATACTTTACACCAAATCTCAGAAGATTCAGAACTTAGATGAGTGGGGCCCAGGACAGGAACCCTGGAGCCTTGGAAGGAGGGGAGCCCCATCTCCCCAGAAGAGCAGTGACCCCAGCAGAGAGGGGCCTGGTGTATCACTGGAGGAAATAGCCTGCCAAGGAATACACGTCTTCAGAAGAAATTCTGTGTGGCTTCAAGAGACTGATCAAATTGTGAGAGGAAAACAGCCTACCCGGTCCTCTTTTCTTCAATACAAAATGAGATAATAGGGGTTGGAAGGAAAACCTTCAAGACCTATGGAAGTCAGTTGCAGCCAGCTCATCACATAGAGGTGCAGGTGAGGTGTATTTTCATCACGGTGGAAAATTCTGGCTGCTTCATCTCCATCTCTAGAGCCAATATTGGAGCTTTTCAATAAAAGCT,6.856915824513275,2.7775598117906735
2973,ENST00000377803.3,ENSG00000197061.4,HIST1H4C,26103876,26104310,7669.709596051714,435,216.333,849.0,88.4193,TTTTCAATCAGGTCCGCCAAGTTTGTATTTAAGGAACTGTTTCAGTTCATACCTTCCACTGCGATAGGAATC,86.74248264860401,6.4386668299211305
2974,ENST00000314088.6,ENSG00000180573.9,HIST1H2AC,26124145,26139116,3073.904103428637,1668,1282.66,417.155,7.32737,AAAGCGGCCATGTTTTACATATTTCTTGATTTTGTTTGTTTTCTCGTGAGCTTAGGCCGCTGGTTTTGGTGATTTTTGTCTGATTGCA,419.5098791829315,8.712560975363308
2975,ENST00000304218.5,ENSG00000168298.6,HIST1H1E,26156354,26157107,7780.280132891699,754,667.483,5237.0,176.768,CCGGCTCGAATTGCTCTCGCTCACGCTTGCCTTCAAC,44.01407569747748,5.459893066171911
2976,ENST00000377777.5,ENSG00000158373.8,HIST1H2BD,26158146,26171349,1904.5266662668307,496,311.829,1580.05,114.161,AGTGTTCTAACTATTAACGCTACG,16.682813450012095,4.0602907054986535
2977,ENST00000356530.5,ENSG00000277224.2,HIST1H2BF,26199520,26200715,641.0971877638666,1196,988.206,753.0,17.1676,GCATTTCTCTTTAGGTTGTGGACGAAGTGTTTATTTATC,37.34343692559627,5.222782807864717
2978,ENST00000615164.2,ENSG00000276966.2,HIST1H4E,26204552,26206038,4939.401003936121,1487,1312.65,1381.0,23.7032,AGTCTTCATTTAGGTCCGAATTCCCGGCATATAAGAATACTACCGTCGCTTGTTTTTCAGATTTTTGCGGCTATTTTCGTTGGTGTGTTGGTC,208.38540804347605,7.703110447811687
2979,ENST00000508906.6,ENSG00000186470.13,BTN3A2,26365159,26378320,46.525511157436746,3733,4401.89,254.237,1.30125,ACCTCTGAGCCAATCAAAAAACTAATTCTTCCAAAGAGCGACTCTTACTGTTTCTCATGGTGAGAAGACAATATTTGCTTTCTCTTTTTCCTTTCTTCCGGATGAGAGGCTAAGCCATAATAGAAAGAATGGAGAATTATTGATTGACCGTCTTTATTCTGTGGGCTCTGATTCTCCAATGGGAATACCAAGGGATGGTTTTCCATACTGGAACCCAAAGGTAAAGACACTCAAGGACAGACATTTTTGGCAGAGCTCAGTTTTCTGTGCTTGGACCCTCTGGGCCCATCCTGGCC,35.75447543318866,5.160051932055438
2981,ENST00000356709.8,ENSG00000124508.16,BTN2A2,26383096,26394874,7.251333722459866,3590,4195.96,225.161,1.20899,AAATCTTGGGACTTTTTGGACACCCAGAGAACAGGTCCCAGATACCGAGTCCGCAACTCCAAACATCGCGATTAATAGGAGGCCTCTGGTCTCTGCCTGCCCTGGGTGCTC,5.997844252193869,2.584444059801703
2983,ENST00000429381.5,ENSG00000112763.15,BTN2A1,26457904,26476621,8.591447021490806,3113,3963.19,193.227,1.09846,CGTTTCCTGCATCTCCAAACATGGCGACCTAGGAGAAGGGGAAGAACAATTTTTTCTCCTCTTTTGGGAAGGTTTGTGTCTAGTAGTGCCTGTGCCCCTGGGCAGATTGGAGAGAAGAGGGACGACTGGAGAATCGTCGAGAACCAGCGGAGAAAAGAAAAAGCAACGTTTAATTCTAGAAGGCCTCCTGTCCCTGCCTGCTCTGGGTGCTC,7.821356281968216,2.9674188033902276
2984,ENST00000377575.2,ENSG00000182952.4,HMGN4,26538405,26546254,190.69550647053305,1225,1055.49,599.468,12.796,CTTAGGGCTGGTGCTGGCCCTGCCCACGCCTAGGGCTCCGGCGCGTCACGGGCCTCAGCTGGGATTCCCGCGCCCCTCGGACGGCCACGAGACTCGGACATCTTTCCAGGAACAGCGTGAGGAGGACAGAAGCACCCAACAGGACTGCTCAAGCCACCTGCGAACACTGCTGCTACC,14.902743550369886,3.89750604585352
2985,ENST00000274849.2,ENSG00000146109.4,ABT1,26596952,26600744,39.30363247635216,2949,3132.79,755.0,5.42972,TACGGCCGTCGTGCCGCTCGTGTCAGTCAAC,7.238611286834711,2.855712945683172
2986,ENST00000359193.3,ENSG00000196787.3,HIST1H2AG,27133042,27135291,3380.0962774510776,2250,2256.41,1717.61,17.1502,TGTGGTTGCTCGTAGTGAGTTGCGCTCGCT,197.08786354975902,7.622695129344028
2987,ENST00000615353.1,ENSG00000276180.1,HIST1H4I,27138588,27139881,2.9706621674848184,1294,1277.44,287.0,5.06179,CTGCAGTAGATAATGAGGTAACCGAAGGCAATTGTGCTTCTTTTGATAAGAAGCTTTCTTGGTCATATCAGGAAATTCCAGAGAAAGTCCCTCCCTGTATTTGGGGAAGAGAAACAGGACAAAGTTAGAGGGACCTTGATTCTTAGACTTGTTTCTGAGAACCCTCAATTTTCAAAAACACCCACCATTACCAAGCTCGATATTTGGGGGGATAATTCTCCACCCCAAACACTAGAAATGAAAATAAGTAGAAAAGAACTTAGCAATATACCTGAACGATCTTTAAATTCTATGAGTCTATCTTGTTCTATTGCTAGGAATTTAGCATATGGAGTATATTTCCATTGTATATTAAGGAGAAAAATGCCACAAAATAGCATAGTTCCATACAAATAATGTTAAAGGAAAACATGCATATATGCAGAGATAACATTCTTTTTGCTTTATGTATCTTCTATAATGTTAACATTTTTGTTATGAGGCAGGAATCATGTTAAATGAAAAAAGGAAAAACAGCCTAGGTCTTGAGGATTAAAAAGGACTGAAGGAGAACAAGAGGGAGTAGAGCACAGCAGGCCTGTTTCCCTTTTAGGTCCCCTCCCCCAATGCAGAGGGACTTCCCGCCAAAGCTCTTCCGGTTTTCAGTCTGGTCCGCAGAGGTTACCCATAAAAGAAAGCTGCCATCACAGGCAGCAGACCTTTGTTCTCTGACCACTTGATA,0.5868797732590286,-0.7688631082268074
2988,ENST00000244576.8,ENSG00000124613.8,ZNF391,27374615,27403904,4.506535243411454,4079,3666.85,339.017,2.08301,AGCGCAGAGCTGCGACCGCTGCTGATACGTTGCTCAGTCTCAGTGTGGTCTCTGTTTTGCAACTGGTCGTCCGCGTCAGGAGACTTAGGTCCAGGCGACTGCCCAGACAATGACTGGTCCCGCATACCGAGCAGAGCATGATCAGCAGCAGTCTGAGTGGAAGAGTGCCTGTGATCTTAGGGAACCTGATGGGCGTTGGAGCAGCGGTTCGACGCATGGGTTTCTCTTTAATCCTTCCGACTTCCCCAAGCCCAGCGCACTCAGGTTCCGCTCCAAGTGCGGGACCCGCCCGGGGTGTGTCGGGGGTACTCGGCCGGAGGCGGCCGGTGAGTGAGGCTTACAGGGCCCCGGGACCAAGGAACCCCAGCATGTTAATTGAACTTGATCACCCAGTTGAAGGAAGAATAATAGTAGATGTTGGATCTTCAGGAAGCTGAAGAGGGCAGTGCCCAGAAATACCTGTCTTGATAGGGGGATTTGAGCTGAACCAAAGCATCAACACCAATCAGACTGTTTCCGAAGAACTAGAGTTTTCTGGGTCAGCA,2.1634726877986443,1.113348907944381
2989,ENST00000369163.3,ENSG00000278828.1,HIST1H3H,27810064,27811300,2422.872858095315,1237,1148.03,509.0,9.98908,CTCTGAAGGC,242.55215276034582,7.922151173936985
2990,ENST00000612898.1,ENSG00000233822.4,HIST1H2BN,27837760,27865798,445.1393751820298,1723,1807.04,374.491,4.66913,CAAAACAATGTGGTGTAAAAGCCGTTTAGTTTTGCTTCATCTCCATACAGCATTCCAGTGCCATTGCAAAATGACTCGACTATCAGATAAAACTGAACACAGCTCTACTTGGTGAAAAAGTAGGTGGCTCTGAAAAGAACCTTTTTGGTTTGGACCGAGGTATGAGTAATGAACTGCTCCAGCCCCGCTACTTGCCCTTGGCCTTGTGGTGGCTCTCAGTTTTCTTAGGCAGCAGCACGGCCTGGATATTGGGCAGGACACCACCCTGGGCGATGGTCACTTTACCAAGCAGCTTGTTGAGCTCCTCGTCGTTGCGGATGGCCAGCTGCAAGTGGCGCGGGATGATGCGGGTCTTCTTGTTGTCGCGGGCCGCGTTGCCAGCCAGTTCCAGGATCTCGGCGGTTAGGTACTCCAACACCGCCGCCAGGTACACCGGCGCTCCGGCACCGACCCGCTCAGCGTAGTTGCCCTTGCGGAGCAGTCGGTGCACTCGGCCCACTGGGAACTGAAGACCCGCCCTTGAAGAACGGGTCTTAGCCTTGGCGCGAGCTTTGCCGCCCTGCTTGCCACGTCCCGACATGACGTAAAAAATTCAATCAGTAACGTTCCTGAGACTGACGTAACGCTAAAGCTCCGCTACTTATAGTCAACAGAGGCACGAAAACTAAGCTGTGCTATTGGCTAACATTACAGTTTCGCTTTAACCAATGGGATTGCGGTTTTGAAAAACACTTATTTTGATTGGACAAAGTTAATATACGTTTCCAGGACTCACCACTGGTTAAACGCACAACTTCATTCTCTACCCCACTTGCGTTAAGAAGCAGTGAATAAGCGGTAGGTTGACAGAGCTACCGTCTTCCTGTTTTTTTCCTCCAATTTTCCGGCAGTTACTCCCAGTC,95.33668481752058,6.574959553728149
2991,ENST00000340487.4,ENSG00000196812.4,ZSCAN16,28124560,28130082,10.658777412797608,1328,1225.75,257.724,4.73713,CGGCCCGGAAGTGCCCGGCTGAAGCGGCCGGGCGCCGATTGGTGTCTTTGAGTCTAGTCTTTGTTCGGGGCTGTCCAAAGGACGCTAGCTGTTGCACCTGTTCCTCCCTGCGCGTAAGATAGAGGATAAATCTCCTGGCAAAGCCCAGA,2.2500495896877664,1.1699567978904166
2992,ENST00000527436.5,ENSG00000137185.11,ZSCAN9,28224886,28233482,4.902173626834799,2062,2004.91,118.454,1.33112,CTCTCCCTCCTTGCGCGTTCCGGGTCTCGCAAGCGCCTCCAAGGTTTGTCTTGAAGCATAGCTCCAGCTGGAGGGTACCTTTTAAGCTGTTCAAGGTCAAG,3.682743574459702,1.8807809474047847
2993,ENST00000259883.3,ENSG00000137338.5,PGBD1,28267010,28302549,5.351596917764557,3100,3006.44,302.0,2.26316,GTACCCGCCCAGCTGCTGGAGGCGCCGGCAGCGCCCGCCAGACCCGCCAGCCCAGCGGCCCGGGCTCTGGGGAAACCGGCGCTCCCGACAGGGGAGCACCGGGCCTCTGAGCTCCCTCGGGAGCCTTTCACGAGGTCAGCTACGTCTTTGTTGTGCGCGTTCCTGAACTTTTGGTCCATTAACCAACAATTAGACACGCCGGTATTCAGTGCCTGGCGCGGTGCTAGATGCTGGGTGTAATCTCAGAAAAATACATTCAGGGGCGCGCCTGAGGGTGCTGGCTGCTGGCATCTCAGGTGCTTTACGTGCATTCGTGAAGAAGCCCATCAGTATTTCTTGAATACCAGATCTCTATTTCTGAATATAGACCCCAAGCTAAGTGAAGCTTTAGCCTCTAAGCTCAAC,2.364656903517452,1.2416308729931496
2994,ENST00000376861.5,ENSG00000204642.13,HLA-F,29722775,29738528,32.3538838579084,1544,2010.51,164.039,1.83824,GAAGAGGAAGAGGAAGAAGAAGAAGAAGAAGAAGAAGAAGAAGAAGAAGAAGAAGAAGAAGAAGAAGAAGAAGAAGAAGAAGAAGAAGAAGAAGAAGAAGAAGAAGAAGAAGAAGAAAAGGAAGAAGAAGAAACTGTCTCTACACCTTCATTCTCAGGACAAGTTCATTGTCTGGCACCAAGCTCCTTGGGGTGAATTTTCTTCCAAAAGAGTCCGGGGAGTCCAGGTCCTTCTTCCTGGATACTCATAACGCGGCCCCATTTCTCACTCCCATTGGGCGTCGCGTTTCTAGAGAAGCCAATCAGTGTCGCCGCAGTTCCCAGGTTCTAAAGTCCCACGCACCCCGCGGGACTCATATTTTTCCCAGACGCGGAGGTTGGGGTC,17.6004677615047,4.137541866263322
2995,ENST00000332435.9,ENSG00000066379.14,ZNRD1,30058899,30064909,188.4861255575032,864,780.466,104.61,3.01981,GCCGCGGGCGCAGAGCTGGCGCTCTAGCCCACGGAGTTGGTTAACTCCTCTCACCGGCCCCTGGAAAGGGTTCCAAGTCCTTTAGTACCCGACGCTGTCTGGGAATTCCGGGCGTTTCGGCTCCTTGGTCGCAGAGGCAGGAGGCGTGCGTGGCAGGAGGGTTCGGGTTATATACTCCTAGGTCCTGGGACAGAATAGTTACGACCTCTGGGACAGGAACTCTTCTCTCTTTTGTTAATAAACTTCCAACTCCCTCCTCAGACCCGACCGC,62.41655122590599,5.963856739444399
2996,ENST00000376772.7,ENSG00000204619.7,PPP1R11,30066709,30070333,62.51965926972459,1731,2150.3,610.096,6.39236,CTTTCTTTCAGCGCCTGCGCGCTGTCACGTTACGGCGGAACTAATCCAGCGACGCCTGCGCTTTGACGCATTTGGTGCCGTGGAAGGGAAAAAGGGGGACTGCAGTATGCGTCACACCCGGAAGCGGCGAGCCGGAAGTGGGGTTAGCCAGGTTATCCCCAGGGGTGGAGAAGCGGAGGCCCAGGAGGAGGGGGAATAAAGAAGGTGGAGGATCCTGGCTACCACTCTGAATCCGATACCGCTTCTCTTAGACCTCAGCGACAGAAAAAGGGAAGGGTGTCTCATCCCCCTTCCTCCTCTCCTCCCTGTCCTGAGCCTTAGCC,9.780372080065044,3.2898893514611154
2999,ENST00000442966.6,ENSG00000241370.5,RPP21,30326479,30346884,70.43532966487139,525,334.208,417.083,28.1169,GAGCGCGGCGGTG,2.5050887425310537,1.3248617116607004
3000,ENST00000376630.4,ENSG00000204592.8,HLA-E,30489467,30494205,49.82122913541063,2601,3311.82,1067.83,7.26438,ACGACTCCCGACTATAAAGTCCCCATCCGGACTCAAGAAGTTCTCAGGACTCAGAGGCTGGGATC,6.858290609165632,2.77784903747845
3002,ENST00000376557.3,ENSG00000204576.11,PRR3,30556886,30563723,118.94254057638918,1797,2070.66,615.621,6.69834,AGAATCCCCGCGTGCCCCTTCCTCACTACCCTCCAAATCCCGCTGCAGCCATTGCCGCAGACACG,17.757017496333297,4.150317379019853
3003,ENST00000326195.12,ENSG00000204574.12,ABCF1,30571376,30597179,55.27874188224736,3481,4160.66,2189.5,11.8562,CGGGGGCGGGGTTGGCCGCGCCAGCTTGGAGAGCCAGCCCCATCGGGGTTCCCCGCCGCCGGAAGCGGAAATAGCACCGGGCGCCGCCACAGTAGCTGTAACTGCCACCGCG,4.66243331609178,2.2210830915380266
3004,ENST00000259873.4,ENSG00000204568.11,MRPS18B,30617709,30626395,226.9707879427126,1532,1773.82,1351.09,17.1608,AGCTTCTCCCCCATGCCTTCCCTTTCACGCTTCCGTCCTGACGCAAACGTGGGGCCGCCTTCCGCACTGCGGGCTTGTCCTTGGCCCTGCCCTACTCAGTTTCCTGAAGCATGCGCAGTTGCCTTTCCGTCAATTCCTGTCCTGGGCGTACGTCAAG,13.226119291799487,3.725317913891956
3005,ENST00000376473.9,ENSG00000204564.11,C6orf136,30647039,30653210,15.423601939454583,1402,1733.13,220.564,2.86724,GCGCGGGACATCTCCGTTTCCCTCCCTCAGCCCCTTCCCCCCCTACCCCCCCGCCCCGGCCTCCTTTCCCCTTCACGAAGCCGGCTCTGGGGCGCGCTCACCCCTGTGAGGAGGCCGGAGGTCGGACTCAGGAGGCTCCTTCTCCACTCCCGGAAGATC,5.3792504078677,2.427405148953526
3006,ENST00000327892.12,ENSG00000196230.12,TUBB,30720201,30725426,1047.0371847698334,2670,3187.17,32649.5,230.799,GTACATGACCGGCATCGACTAATCAGGGCCAGGCTCGATGAGGCTTTGTCTCCCTACCGCGCGCGGGGCCGATTCTCCCGCCTCCCAGCCCCGGCGCACGCGCGCCCCGCCCAGCCTGCTTTCCCTCCGCGCCCTCCCCTCTCCTTTCTCCCTCTCAGAACCTTCCTGCCGTCGCGTTTGCACCTCGCTGCTCCAGCCTCTGGGGCGCATTCCAACCTTCCAGCCTGCGACCTGCGGAGAAAAAAAATTACTTATTTTCTTGCCCCATACATACCTTGAGGCGAGCAAAAAAATTAAATTTTAACC,4.536575915709485,2.1816038012141212
3007,ENST00000259895.8,ENSG00000213780.10,GTF2H4,30908184,30926459,24.46730114849708,1735,2286.68,388.83,3.83104,ATTCTCATCCTCTTCACTTTTCCACTCCTCCCCTTACCTCCCTTCTCTTCTGAATTCTCCATTCTGGGCTCTTGCCTGTGAAATCTTTCTTTGCTTTCCCCATCTTTTCCTCGCATTTTTTCACCATCTTTCCCTCAATCTCCAGGAGCCAATGCGAGACTTTGGCTCCGATTAAGCGACGGCCCGAGACTCGGGGTGCGCGAGGAGGATCGACAGAGTGGTG,6.386595062567104,2.675046980377287
3008,ENST00000376257.7,ENSG00000137310.11,TCF19,31158542,31167159,14.718533711026298,3290,3961.27,592.734,3.37122,TCCGAAGGAGGGGTAGGCGCTGCCCGCGCGCAGAGGCCGCGCCCCTCCTGGCCCCGGCTTCTTGGCTGTCAAACAGATGCAGCAACGTCGGCTCCTGCCGAGGAGCCCAAGGGGTCCCGGGATCCGCCGCACAGGCTGGCACTGCTTGAAGAGGAGGCTACTCGGAGACTGCGCCGCGCGGTGGATTCATTGCCCTCGGAGGTTCAACCAGTTATGAGTGAGGGATTGGCCAGAAGATCGGGGCGCAGGCAAGCAGGAGTGCTCTATTAGGATAAGCAAGTTTGACAGGAAGAAGCTACTCTTCTCCGAATTACACAGAGGTGATGTGTTCGTATTGCACGTAGACGTGTGTATAACAGGACCTCCTTCCCCGCGCCCCGCCACCCCGACACACACAGGAGCTGCCTAAAGTATCCTTGCCTTGCAGATTGGAGGCTCCCCAAATATTTTGCGATCTGAGGATCCAGCTCAAGTGAGGTGCCATAGGACGTGTTCCTGAGTTTGCATTGCACGGAGACCTTCCTGGAATTTTTCATTTGCAAGTCGGCTTAACCAATTTTGCATTGAGTCCTAGGCTGCTTGCACTCTGAATTTGGGCTATTCAGGTAGTGTGCTCAAAGTTGAAACCGCATACAGCACAACTCAAGTTTGCATCAGACTGGGAAGCGAACTTAAGCCAGCGGTGCGTGGCCCAGGAGTGGGAAAGGAAATGGATGCCTGAAGTGGAAGAGGTGGTGCAGAGGGGGCACCGCCC,4.365936874789037,2.126291271169936
3009,ENST00000449934.6,ENSG00000204520.12,MICA,31399784,31477506,22.3873628188717,1386,1530.61,338.46,4.98202,CGCCTTCTCCCCGGCCACTGCTTGAGCCGCTGAGAGGGTGGCGACGTCGGGGCC,4.493631663235334,2.1678818736495225
3010,ENST00000252229.6,ENSG00000204516.9,MICB,31494881,31511124,5.43626239473087,2446,2920.84,204.504,1.57745,AAATTTCGACGGGGTCTTCTCACGGGTTTCATTCAGTTGGCCACTGCTGAGCAGCTGAGAAGGTGGCGACGTAGGGGCC,3.4462343622497515,1.785020815828235
3011,ENST00000376148.8,ENSG00000204498.10,NFKBIL1,31546870,31558829,7.996700991180528,1478,2066.93,165.96,1.809,ATTTCCTCCAGCCTGGAGTGTCTCCGCCCTTCCCGCCTCCCGTCTCCGAGCTTCTTAAACACAGGCCTTGGGCCTACGGCTCTGGGGGTACTTGGGGGGGCGGGGGCAGGTCTG,4.42050911618603,2.1442125363810822
3012,ENST00000376007.8,ENSG00000204469.12,PRRC2A,31620720,31637771,97.75305266148467,6861,10916.5,4886.33,10.0847,GGGCTCAGCCGCGGAGTGAGCGAGGGAGACGGGAGGAGCCGAACCCGGCGCCATCCGCCGCCATCCTCCCCCGCCCCACCGCCATCCCGTCCCGGGGAGCCCCTAGGCCCGGGTCCCGGATCCCCGCGCACCCGGCCAGGCTCTGGCACGTTTTGGGGGAGGTGCCTGCAGGACCCAACATACTCAATGAGCTTCCAGCGCA,9.693203829710816,3.276973588786638
3014,ENST00000375885.8,ENSG00000204435.13,CSNK2B,31665236,31673776,413.80899263221386,1061,1044.47,51.8033,1.11744,CCCCACAATGCCCTTCGCCTTCCTCAACGTGGCCCCCGCTCCAAGCCCATTTTCTGGAGCCAGGAATCCACTCTGTGGGTTAGGAAAGGCCCTCAGGAGGCGGAGGGAAACCTGTGGAATGCCGAGAAGCCGTGTAATGAAATAACGTCACGCCTGCCCCTCACCATTACTCTGACCAGGGTTCGAAGGTCACACTTAGAGCCTAAGGGGAA,370.3187577249909,8.532623817846067
3015,ENST00000375635.6,ENSG00000204387.12,C6orf48,31834608,31839766,106.60113448170895,610,425.045,19.319,1.02403,TTTTAGTTCTTTTTGCGAAGTGGGCTCGTGGGTTGGCAGTATGAGAGTTGTAATGGCCCGACTGTTGAGTGAGGGGGAGCAGGGGATCCCAACGGCTTGCGCTGCCTTTGCGCAGCAGCCGGCGGGCGGCCACGTCGCGGCCTGGCTGGGGAGTTGTAAGACGTTCATCGCCGTGTTATCCTTGAGTAAAGAATGAACTCTGGAAGCCCAGCCAGGGACAATGCACCTTCACAGAGATTCTGCACTAATCTGAGTGAAGGTCTAAGGTTTGGAATCTCCCCCTC,104.09962059872167,6.701821000378047
3016,ENST00000375394.6,ENSG00000204351.11,SKIV2L,31959080,31969755,22.641734445830085,3894,5376.75,515.977,2.16209,GGCGGGGCTGTACCGGAAGTTGCCTCTACTTCCGCCCGTTCCGGGGCGGGGCTTACTTCGCAGCGACTACTTGCCGCACTTCCGGGCTGCCAGGCAGCTGCTGTGGCTCCAGG,10.472151689259043,3.388485994891711
3017,ENST00000361568.6,ENSG00000221988.12,PPT2,32153441,32171978,43.52903862110301,1759,2370.54,244.777,2.3264,GGAGTAGAGTAGGGCAGGAGAAACTGGGCCAGGCTGCACTTAGCTCAAGGGGCCTCGAGGACTCTCTGCGTCTCTGGAGACAAGGGCACTACACGCACTTCAGA,18.710900370144003,4.225807077746562
3018,ENST00000375094.3,ENSG00000204308.7,RNF5,32178354,32180793,41.19199576119627,1168,1313.79,914.0,15.6741,GAATTCTTTGTGACTGGCAGGCATTCAGACCAATAGTGATTAGGAAACCTTGAAGCCTGCCCAACGATCGTGGGCAGGAGGTGGTTTCTGGTTTGTTGGGGCGTGTGTATGTGTATTTGGGGGGACTGAAGGGTACGTGGGGCGAAACAAAACCGGCC,2.628029409101401,1.3939814203053524
3019,ENST00000418931.6,ENSG00000223865.10,HLA-DPB1,33075926,33087201,73.11889143404456,1560,1480.02,659.124,10.0337,GTCACAGAAGACTACTTGGGTTCATGGTCTCTAATATTTCAAACAGGAGCTCCCTTTAGCGAGTCCTTCTTTTCCTGACTGCAGCTCTTTTCATTTTGCCATCCTTTTCCAGCTCC,7.287330838478782,2.8653904892811877
3020,ENST00000374675.7,ENSG00000112473.17,SLC39A7,33200445,33204439,89.33491852155728,2153,2762.38,596.598,4.86586,ATATTGGTAAAGGCATTAGGGCGAAGGTGGAACGGAACTTCCTGTTCTCGCGGGATCTAAAGGCGGGACTGCCACGTCCAAGCAAACCGGGAAAGGAGAGGATCCCGGAGCCGCGTG,18.35953326268271,4.198457477812718
3021,ENST00000374662.3,ENSG00000204228.3,HSD17B8,33204642,33206831,18.54176237886348,990,1049.56,58.7172,1.26043,GGGATTCCCACCCACCCACAGCCCGCC,14.710664121659658,3.8787904742739223
3022,ENST00000374656.4,ENSG00000204227.4,RING1,33208495,33212722,13.633826415034966,1752,2321.95,740.589,7.18599,GTGACGTAGGGCCCCAGCGCCCGGGCCATGGCGGCGGCGGTGGCGGGAGCTGCTGTCTGAGCAGCGGTTGCGGACCGAGCGAACTTGGCCCAGGAGCCCGGGCCTAGGGAGAGGCGCGGCGGCGGCGGGAGCGCGAACGGCTGGAGCTGGCCTTCTTCGCCTTCTCCTCGGCTGTGGAGCCCTGGTGGGGGGTCTGCGCCCGGTCACC,1.8972787904011785,0.9239316871716317
3023,ENST00000439602.6,ENSG00000231500.6,RPS18,33272010,33276510,549.0119018614328,613,444.898,15447.1,782.258,CTTCTCCTAGATCGCACCGCCTCTTCCTCCTGGAAGCTATATAATGATATCGCGTCACTTCCGCTCTCTCTTCCACAGGAGGCCTACACGCCGCCGCTTGTGCTGCAGCC,0.7018297056232505,-0.5108070823875605
3024,ENST00000395131.5,ENSG00000204220.10,PFDN6,33289302,33298401,257.5755930614079,884,747.292,244.336,7.36647,ATCTTGAGTGAGGGCACGCTCTCCTTAGAGGGGCGGAACAGTTTTTGGCACCTTATCGCGAGCGGCAGCTTATGCAAGAGTGATTTAAAAAAGAAAGGCAGGTCCGGAGCCAGGGGCTAAGTAGCGGTGCGGTTTCTTTTTCTGGATTAGTTTCCCCATCTTGCCTAAAAATGTCCTAGTCTAGTCTTTTTAGCAGAACTCCACTCCCTAAACATGTCAGAACTACACTTCCCATCAAGGGTCAGAAAGAAACTTCCGGCACAGTCTTTTCCCAGCATTCCTTGTTTACTTCCGGGTTTATTACTACTGAAGGAAGAACGCCAGATCAGAAAAGGGAGCTCAGGTACCTTCCAGAGAGTGAGACCCAGCGCCCTTGTCTCGCACCCAGTAGGCTTTCATCCCCGCC,34.965946112779655,5.127878637219546
3025,ENST00000428849.6,ENSG00000237649.7,KIFC1,33391536,33409924,59.62323591755226,2706,3764.68,1287.91,7.7076,GCGGCGACGTCCACGCATTTTCTGACGTAGCGAGCGACGGCGGGGAGCCGAGCGGAAGTCCAGCACTATTGCCGCTAGAGGAGGGGAGGGGTGAGAAGCATAAGTGGCACCGGAAGTGGAATTAATCCGCCTACCTCTCCTGCGCCTGCGAAACAGAAAAGACAAGGCGCCTGTCGGGCGGGGTGTGGCTTCGGGTGGCGGAGAACGCTGCGATTGGCCCTCGGCTGTGGCGACAGCGACGATTGGTCCCTGCGTGCAGAGCGCGGTGAGAGTGGGTGGTGGCCGTTGGAATTCAAAAGTGGCGGGTGTGGCGCGGGGCTGGTAGCGGCCGGAGCCGTGCGAGTTCTCTACCCTGCTTCGCGAGCGGGCGAGAGAACGCGAGTCCCAGGATCCCCGGCACCCAGTTCTCTTCCACTGCATTCCCCCGGCGCGTGTGGGACCGAGGTGGAC,7.735642212563217,2.951521069104097
3026,ENST00000447654.5,ENSG00000137309.19,HMGA1,34236873,34246231,304.1246465496431,2159,3202.7,712.974,5.01556,CTTTTTAAGCTCCCCTGAGCCGGTGCTGCGCTCCTCTAATTGGGACTCCGAGCCGGGGCTATTTCTGGCGCTGGCGCGGCTCCAAGAAGGCGTGAGTTCGCGGCCGCTCCGGTGGCTTCTTTTTTTTATATCTATAATTTAATTAAATTATTTATTTATTGAGGCCGCGCACGGGCCGTGCCCAGCTTCCTGCCCCTCGCCATCCTTCGGGGGAGGGGGAATATTTTTGTCCCCCCGCCTGGCTGTGACACATAAATACCCCGCGGGGGCCTGGGCGGCGAGCACGCGGCGGCGGCGGTCTCTGAGCGCCTCTGCTCTCTCCCGGTTTCAGATCCGCATTTGCTACCAGCGGCGGCCGCGGCGGAGCCAGGCCGGTCCTCAGCGCCCAGCACCGCCGCTCCCGGCAACCCGGAGCGCGCACCGCAGGCCGGCGGCCGAGCTCGCGCATCCCAGCCATCACTCTTCCACCTGCTCCTTAGAGAAGGGAAG,60.6362293641474,5.922108137862393
3028,ENST00000244520.9,ENSG00000124562.9,SNRPC,34757406,34773794,267.57671391070727,842,842.273,2918.24,78.0604,GCCCCTCGCTCGGCTGCTGGAGGCGAGGGCTTCGGAAGTCTTCATGCTAGTCTCGTGGGGTTCCGCGGTGTCGTCGCTGGCTGTGCGCGTCATTTCCGGGCGTCACGTAACGGAGTGGCCAACGGCCTGCAGAGCAAC,3.4278163308246854,1.7772898090690528
3029,ENST00000192788.5,ENSG00000065060.16,UHRF1BP1,34792015,34883138,6.831491071207791,9570,10770.1,1912.2,4.00014,ATCGTGGCGGAGCGCCAGGCGCCCAAAGAGGGGCGAGAAAGCGCCATGGCGGCGGCGGCGGCTGTGTCCGGTGCTCACGCCGCGGCGAGGTGAGGGGACCGCCTCTTCTCCACAACTGAGGAGGCCACAGCTGCCGGCCCACCCGCCTTCCACGCGGGCCGCGGCTCCGGC,1.7078129943471456,0.7721500083901472
3030,ENST00000360359.4,ENSG00000064999.13,ANKS1A,34889265,35091413,10.383476438577707,6347,8351.15,1084.27,2.9252,TCGTGGGGAAAAGGCAGGGAGGGGGTGGTGTCCCCAGCCGGTTTGGGGGGTGCGTTGCCCGGAGACGGAAAGTTTGGGAGCCCGAGCAGGCTCGGCTGCAGCCTCGGGGAGGGGGTCCAGCGGGTGGCGGCCCTGGGG,3.549663762675273,1.8276823736610144
3031,ENST00000373953.7,ENSG00000065029.14,ZNF76,35258909,35295985,4.768876893002,2716,3996.23,378.721,2.13516,GGCGCGCCAAGAGGAAAGGAAAGTGCGGCGGCCCTGGAACCTGGATATCGCGCGAGGCAAGCTGCGCGCGGGCGGGCGGGCTATGGCGCAGGCGGGTTGTGGGGCCGGCGCTGGTGGCGGGGCCCGGTGCATGGCGGTCTGTCGGCGGAGTCGCCCTCGGGGGCTGTCAGATTTGTGACCCAGAAGGAAATCTCTGACCTCAGCTGTGGCTCTTGGTGCTGGCCAGAAGCCAACTTCATGTCTGAGTGCACGAGCAGCAGTTTGCC,2.2334986104095242,1.1593053570562522
3033,ENST00000360694.7,ENSG00000112033.13,PPARD,35342558,35428191,3.611360844836624,3747,5545.52,375.372,1.52504,GCGGAGCGTGTGACGCTGCGGCCGCCGCGGACCTGGGGATTAATGGGAAAAGTTTTGGCAGGAGCGGGAGAATTCTGCGGAGCCTGCGGGACGGCGGCGGTGGCGCCGTAGGCAGCCGGGACAGTGTTGTACAGTGTTTTGGGCATGCACGTGATACTCACACAGTGGCTTCTGCTCACCAACAGATGAAGACAGATGCACCAACGAGGCTGATGGGAACCACCCTGTAGAGGTCCATCTGCGTTCAGACCCAGACGATGCCAGAGCTATGACTGGGCCTGCAGGTGTGGCGCCGAGGGGAGATCAGCC,2.36804335941131,1.243695497282309
3034,ENST00000229769.2,ENSG00000112039.3,FANCE,35452361,35467103,12.162230433424307,2554,3468.44,390.0,2.53333,AACGGCTGCGGCTTCGGGCGGCCGGGTTTCTCCGGTCTCCCAACGCCGAGGAGAGCTTGTAACAGGCGCTGGAGCTGGCCCGCCACCGCCGCGTCAGGGACGGCGCTGGAGTCCTCCGTTCCCCTCAGCCTCTGAGCTGAGGCCCCACACCAGAGTAGGGGGCGGCGCGGCACCCGTGCCCCGGC,4.800886751202689,2.2633009044603085
3035,ENST00000322203.6,ENSG00000198755.10,RPL10A,35468408,35470785,268.61932244727586,716,654.694,6844.89,235.554,TTTCCGGTTAGCGCGGCGTGAGAAGCC,1.1403725788875412,0.18950525412317115
3037,ENST00000229794.8,ENSG00000112062.10,MAPK14,36027677,36111236,40.284250094353496,3779,3879.25,431.177,2.50421,CGGGAGGCTCCCGTTTGCTGGCTCTTGGAACCGCGACCACTGGAGCCTTAGCGGGCGCAGCAGCTGGAACGGGAGTACTGCGACGCAGCCCGGAGTCGGCCTTGTAGGGGCGAAGGTGCAGGGAGATCGCGGCGGGCGCAGTCTTGAGCGCCGGAGCGCGTCCCTGCCCTTAGCGGGGCTTGCCCCAGTCGCAGGGGCACATCCAGCCGCTGCGGCTGACAGCAGCCGCGCGCGCGGGAGTCTGCGGGGTCGCGGCAGCCGCACCTGCGCGGGCGACCAGCGCAAGGTCCCCGCCCGGCTGGGCGGGCAGCAAGGGCCGGGGAGAGGGTGCGGGTGCAGGCGGGGGCCCCACAGGGCCACCTTCTTGCCCGGCGGCTGCCGCTGGAAA,16.08661018618786,4.0077884443914575
3038,ENST00000211287.8,ENSG00000156711.16,MAPK13,36127809,36144524,13.919811270677547,2052,2581.69,320.877,2.80025,CGTGCCTGGGCCGCACCTGCCGCAGTGGCTCCGTCGGGCCGGGCGGAAGCGCGGGAGCGCAGGGCTGGACAGGCCCGGGCGTGGCGGCCCCGGCGCACCTGGGCGAGCCGGCAGGTGGGAGCGTAGCAGCCCGGGGCCCCCGCCCTCGCGCGGGGGAGGAGCGGGCGGCGCGGGGCGGGCGCAGCGGGGGTCGGGGCGCTGGGAGCCCGTTGGGCCGCGAACGCAGCCGCCACGCTGGGGCCGCCGAGATCGGGTGCCCGGG,4.970917336194106,2.3135121122013773
3039,ENST00000357641.10,ENSG00000096070.19,BRPF3,36196744,36232790,5.783894663423355,6052,8042.15,824.716,2.31044,GTGGCGGCAGCGGCAGCAGCGGCGGCTCCATTCCCCCTCCTCCCCCGGGAGCGGCGGCGGCGGCCGGGCCGGGGCCCCAGCGCGGGCCGGGAGGGGGCACGGCGGAGGCCACGGAGGCAGGCGCGGGAGAAGACCGCGCTCCGCTTCCCGGGCCGCGCCGACCTGCTCGGCGGCCTGCCCGCCCGCGCCCAGGGGCCCCGAACGGTGGGGCCGGGCAGGCGGCTGAGGCCTGTCCCCTCAGTTCCCAGGTGCC,2.5033736705663663,1.3238736535658784
3040,ENST00000373731.6,ENSG00000112078.13,KCTD20,36442767,36491143,30.721266190495967,5619,5879.99,1233.18,4.7251,TAACTTTTCCGTCTGCAACCTTTAATAATTGAGAGGGTATGCGCAACTCAGAAAAGTGCGCCCGCTGAGGTTGGGTGCAGAGTGGACTGGAGGAAAGGCGACACCCATTTACGGTGCGGCCCCGGACGGGGTCCCCAGACACGGCCTTCCCGGCGTGCCACGCGCGGAGGGGACTCTTAACGTGAAGCGCTGGGTGACTCAGCCGCGTGGCCGCGCGGTCCGGGGCGGGGGGCGCGCGCCGCTGCGGCACAGCCGGTCCCGGCTGCGGCTTCTGGCTGCGCGGCCTGCGCGCGCCTCCCGGGCGGATTCCAGCCCCGAGCGGGACAGCGCGGCGGGGAGCGACGAGATTTCTCTCTGATCAAACGGACAGTTCAGGACTCAGAATCTAAGG,6.501717675921348,2.7008209112433836
3041,ENST00000373715.10,ENSG00000112081.16,SRSF3,36594353,36605600,704.5687851211416,4222,3529.89,2872.07,18.3314,TTTCGTGGACGCCGGGTGAGTGAGAGAGTTGGTTGGTGTTGGGCCGGAGGAAAGCGGGAAGACTCATCGGAGCGTGTGGATTTGAGCCGCCGCATTTTTTAACCCTAGATCTCGAA,38.43507779662991,5.264351683520245
3042,ENST00000244741.9,ENSG00000124762.13,CDKN1A,36676460,36687339,58.15975297755117,2180,3143.12,1327.29,9.51406,GAGGCGGGCCCGGGCGGGGCGGTTGTATATCAGGGCCGCGCTGAGCTGCGCCAGCTGAGGTGTGAGCAGCTGCCGAAGTCAGTTCCTTGTGGAGCCGGAGCTGGGCGCGGATTCGCCGAGGCACCGAGGCACTCAGAGGAGGCGCC,6.113031973474118,2.6118881129643516
3043,ENST00000373509.5,ENSG00000137193.13,PIM1,37170203,37175426,12.462099761547517,2650,3370.88,246.418,1.64699,GAGGAGGCCCGAGAGGAGTCGGTGGCAGCGGCGGCGGCGGGACCGGCAGCAGCAGCAGCAGCAGCAGCAGCAGCAACCACTAGCCTCCTGCCCCGCGGCGCTGCCGCACGAGCCCCACGAGCCGCTCACCCCGCCGTTCTCAGCGCTGCCCGACCCCGCTGGCGCGCCCTCCCGCCGCCAGTCCCGGCAGCGCCCTCAGTTGTCCTCCGACTCGCCCTCGGCCTTCCGCGCCAGCCGCAGCCACAGCCGCAACGCCACCCGCAGCCACAGCCACAGCCACAGCCCCAGGCATAGCCTTCGGCACAGCCCCGGCTCCGGCTCCTGCGGCAGCTCCTCTGGGCACCGTCCCTGCGCCGACATCCTGGAGGTTGGG,7.566591030636201,2.919643470501148
3044,ENST00000373491.3,ENSG00000065491.8,TBC1D22B,37257772,37332970,4.4376985714386885,3462,4239.39,400.521,2.12855,ACATCCAAGATGGCGTCCCCAGGAGCTGGGAGCGGGTGACCGGCGGCGGGGAAGCGGCCTGGGTTGGCCCTCAGATTGCGGGGTCTGGGGGCATCTCGCCGGGCAAACCCTTGGCCCGCCTACAAGGACTTCCCCCGGCCAGAGCA,2.084845820600262,1.0599406968210334
3045,ENST00000469731.5,ENSG00000112130.16,RNF8,37353972,37394738,6.947471906860665,1800,1760.35,164.669,2.10754,GGGATGCACAGAGGCAGCCAGAACCTAGGTCAGGGTCTCGCTCGGTGCTGACCGCCCCCGGGGTCGAGTAGGCG,3.296484008303835,1.72092808266517
3046,ENST00000373451.8,ENSG00000137200.12,CMTR1,37433219,37482827,26.688395814080177,4033,4979.94,990.618,4.48171,CGCAGTACTGGACCCGAGCGCGACGGTGCGGCTGGCGGACCCGGGCTGGCTTGTGGGGAAACGAAACTGAGGGAGGAGGCGGCGGCTCTGGCAGCGGCGGCGACAGTGTCGGCCTGACCCCCCCTCCGCTCCCCGGCAGCTCGCTCTCTCCCCTCAGCTTAACG,5.954958222214329,2.57409138670977
3047,ENST00000287218.8,ENSG00000156639.11,ZFAND3,37819499,38154624,38.095065082088034,3366,4410.76,724.569,3.70107,GTTACGGAGACAGCAGGGCCCGGGGCTTCAGAGCGGCCGCTGCGACTCCGGAGCCGGCGGGGGGCTCCGGTCCTTCCCTGCGCCACCGCACAGGACATCTCTCTGGCTGGGGAGCGGCGGTGAGACCCGCCGAGGGCGTCTGTGTCCCTCCTCCCCCGCGGTCCTCGGTGCGTCCGCACGCCCCTCCTCCTCGGCTCCCTCCTTCTTCTCTCCGCGCCTCTCCGCCCCCTCCCCGTCTCCGCAGGCCGAGTGGTGCGGCCCGCCTCCAGCTGACCGGCCTGGAATCCCGGCTCCGAGCCCCGGACTCGCGCCCGCCCGCGCGCCCGCTCCTTCCCCCTCCCCCCGCCCCGAGCCCCCCGACGCCGCCGCCACCGCCTCCTCAGAGCGGGGCCCGGGCCCAGCCGCCGCCACCGCTGCCGCCGCCGAGCTCCGCCGCCGCCGAGCACC,10.292986915159139,3.363589792608464
3048,ENST00000341376.10,ENSG00000001167.14,NFYA,41072945,41099976,35.60794913735542,3811,3766.59,679.809,4.06632,GATTCCCCTTTGTTCGGGTTCGCCATTTTGCTAGGCAGCGGCAGTGGCGGCGGCAGCGGCGGCTGGAGCCTCTGATTGGGTTTCGGAGTCCGGTACTGGAGCCAATCAGCGCGGGCAGCGAACCGGGGGAGCGAGGCACGGAGTGTACCTCACAGCCTTCTAGGATCTCCAGAGTGGACAGGAATCTCACTTGGAGGGACC,8.756799547835739,3.130403687163343
3049,ENST00000230340.8,ENSG00000112578.9,BYSL,41921188,41933046,89.13065351626224,2029,2498.09,919.778,8.29539,TCTCGGCACCCCTCGGTGACGCCTCCACTGACATCATCTGCGGATTCCCGCCCCGAGGTTTCTAAATCCAGACATTCCCGTTTGGCTGAGCACTCTAGGCCTACATCCATGAAGCTAGGAGAGCGACACTCAAAGACTGCACTATTGAGAGAAGCTAACGTTAAAGGCAGTGAATATATTCGGGAGTCCAGCTCCGGAACCCGGGAGCTCTTTTAGTGGGAGGGGCGGCGCTGATGGCGCTTCTGGCCTCCGAATGCTAGGGGGCGCTGTGATCGCCGGGCGGCCTCTTGGGCGCTGGGAGTCCACCGCGCAAGCGCATCCTGGCCTTTCTTCAGTCCCCACGTGCGATCCTTCCCGGCAACTTTTTCGAGAAAA,10.744600738031876,3.425539969094341
3050,ENST00000372978.7,ENSG00000137413.15,TAF8,42050513,42087461,29.069304762988093,794,792.633,124.74,3.54564,CGCGCTCGCGCACACTACGCCAGAACAAG,8.198605826589302,3.035378600209672
3052,ENST00000372901.1,ENSG00000024048.10,UBR2,42564062,42693504,16.679254374152993,7857,7308.74,968.688,2.98609,TTCTGTGTCCTTCCCTGGGTCAGGGACGAGCCAGTGACTTGACTCTTGGGCGCTAAGCTTGGGAGGGAGCGCAGGAGGCCGCTGTCCTTCCTTTCCGGTTCACGTCACCCTTCTCTCCCTCTGTTGCTCCACCTGCAGCCACTTGGACGGCTCCGGGACTGATTGCCTGGGGCAGGGGTGGCAGTCGAGGCCGCCGGGGCCGAGGTGAGGCTGCAGCTCTCCGGGCGGCGGTAGCGCTGGGGAGGAGGAGGAGAGAAG,5.585650256406536,2.481725242585928
3053,ENST00000493763.5,ENSG00000146223.14,RPL7L1,42879618,42889925,14.181963715838792,4476,4507.51,4054.97,20.2681,ATAGGTGCATTGTGGGAAGCACTTTGCTGTCCACAGCCAGGCCGCTTGTGATGAAACTGTAACTTACAAGAAAAGGGCTGGGTTTTGAAAATAACACAGGCTCTAAAAACCCTAAGAAGCGGTGCAACTTTTGGCAGGAATCGGGGTTAGCGGGACCTCAAGGGCTCACTGCGGCTAAGTGAACGCTGACTGGTCCTCCAGCGTGAGCTAGAACAGACGTCTCTATGGTCAAGTAAACAGAGCGTGTGCTGTCTTCCCCATGTGGTGGGGTTGCGCATGATCAGTAGCTGCACCACTAGAAAG,0.6997184598378137,-0.515153541829567
3054,ENST00000372836.4,ENSG00000137161.16,CNPY3,42929192,42939287,39.013682000163016,1704,2294.6,618.0,6.06797,GCAGGCTTCTTCTCGGGTCTTGGTCCTGCATCCTCTCTCTCCCAGAGCCTCCGTTAGGGGGTGGGAAAGGACTTTGCCATAGGTCGCTGAGGCCACCATCTGCTCTCTTACTGGCCAAGGGCGTAAAAAGATAGTCTTCCCATTAGCTAGAGAGCAAACCCCAGAAAGCCTATTGGCTGCGCCGTCCGCGGGCCTTGGTCCGCTTTGAAGGCGGGCTGCGGCTGCGAGAGGAGGGCGGGCGGGAGGCTAGCTGTTGTCGTGGTTGCTCGGAGGCACGTGTGCAGTCCCGGAAGCGGCGAGGGGAAACTGCTCCGCGCGCGCCGCGGGAGGAGGAACCGCCCGGTCCTTTAGGGTCCGGGCCCGGCCGGGCC,6.429445432354315,2.6846943041945726
3055,ENST00000485511.5,ENSG00000112640.14,PPP2R5D,42984499,43012342,56.03740829388299,3044,4234.46,730.447,3.88645,GGCGCCTGGTTGTCAGGCAGTTTTGTAGGAGTTCGGGCCAATTGGAGGCGCAGGCACCGCTCGACCCGGGCGCAGCGCGCAGGCGGTGGCGAAGAGACGCCGAGCGGGCCGAGTGCGGCCGAGCAAAGCCGGAGCCGGAGCGGGGCCGCAGGAGACGGGCCGGGTCCGGACGGGCCGAG,14.418661836350138,3.8498653723895133
3056,ENST00000326974.8,ENSG00000124702.17,KLHDC3,43014103,43021298,71.46312008114063,1909,2357.64,2232.27,21.332,GCACAGCTGCCCGCCGGAAGAACCGAGCTTGGCTGTGTTTATCTCGTTGGGGACTAAGGCGTCGGTTGGCGCGCAACGGGTTCTAGGCTGCAGGCAGCTCGAGGACCCGCGGCCCCGCCCCGGCTCGGCCTGGCAGATAGCAGAGGCAGCAGGCCGTGCCGGGGGGGCATGTTGCTGTAACCAGTGGCCCAGGGG,3.3500431314991856,1.7441796702567998
3057,ENST00000244496.5,ENSG00000124541.6,RRP36,43021645,43034156,143.40872258470517,1159,1042.19,1355.98,29.3135,CTGCCAGCTG,4.892241546888129,2.29049563646847
3058,ENST00000347162.9,ENSG00000137171.14,KLC4,43040777,43075099,17.5792137957365,2404,3488.8,272.981,1.76286,AGACCCGTCAAAACAATTGCCTCGAGCGGCAGCCATCATGGATTTAAAGGGGCAGTACCGGCAAGAGCGGCAGCCACACCGGCAGATTGCAGACCGGGCAAGGTCCCCCAGGCCAGG,9.971985180749748,3.3178807388588227
3059,ENST00000265354.5,ENSG00000112658.7,SRF,43171299,43181507,14.587867063096946,4202,6484.28,1661.0,5.77125,GGTCGGGGGATCCCTCCGCCGCCAGCGCGTGGTCCCGGCCCCCTCCACCCGCCGTCTCGGCCGCGGCCAGCAGCCCCTGCCCCCCGGGGGACGCTGACGGCCGCCCGGCGCGCCGCCCTAGCAGACGGACAGGGGGCGCTGCGCGCGGCCTGGGGCAACCCGGGCCACAGGGGCAGGAAAGTGAGGGCCCAGGTCGGCCCGGGCGTGCAGGGGCCCCGGGTTCGCAGCGGCGGCCGCGGCAGCGATAGCGGCACTAGCAGCAGCGGGAGTGCCGGGTTGAGCCGGGAAGCCGATGGCGGCGGCTGCGGCGGCTCCGATTCCTCGCTGACTGCCCGTCCGCCCTCCTGCATCGAGCGCC,2.5276789366423125,1.3378132254097586
3060,ENST00000372389.7,ENSG00000171453.17,POLR1C,43509702,43529585,108.07909689983616,1355,1265.95,385.024,6.85225,AGGAGGCGGTGCGTTGCCACGGAGACGGAGCAGGGCTACTAGGACGCACGCGCGAGATAGAACCTCTAGTCTCGTGGAGAGATTGAAG,15.7727895070723,3.9793659263619547
3061,ENST00000372236.8,ENSG00000170734.11,POLH,43576150,43615660,19.199513231973445,3540,3627.99,597.279,3.70914,AACGGCCCTTCGCAGCGGGCGCGCTGTCAGACCTCAGTCTGGCGGCTGCATTGCTGGGCGCGCCGCTCTCGTCTGATCCCTGCTGGGGACGGTTGCCCGGGCAGGATCCTTTACGATCCCTTCTCGGTTTCTCCGTCGTCACAGGGAATAAATCTCGCTCGAAACTCACTGGACCGCTCCTAGAAAGGCGAAAAGATATTCAGGAGCCCTTCCATTTTCCTTCCAGTAGGCACCGAACCCAGCATTTTCGGCAACCGCTGCTGGCAGTTTTGCCAGGTGTTTGTTACCTTGAAAA,5.176270842290516,2.371913106628456
3062,ENST00000372171.4,ENSG00000124688.13,MAD2L1BP,43629540,43640952,57.46082677814224,1301,1305.44,344.643,5.94806,ATGATGCCCCGCGAGACCTTTATTCTAACCGCAAGGAGTAGCGGAGGGGAGGTCGTG,9.660431599234412,3.2720876458069594
3063,ENST00000371755.7,ENSG00000112759.16,SLC29A1,44219505,44234151,122.29098466983156,2112,2653.04,868.766,7.3777,GAATGTGCCCCGGCGGGAGAGGGAAGCTGCAGCGAGAGCGCGCGGATCTCAGCGCGGGAGCAGTGCTTCTGCGGCAGGCCCCTGAGGGAGGGAGCTGTCAGCCAGGGAAAACCGAGAACACCATCACC,16.575760015971312,4.05100311582162
3064,ENST00000371646.9,ENSG00000096384.19,HSP90AB1,44246166,44253888,602.8894560707653,2572,2623.09,28116.4,241.496,GGCACGCAGTAGCTCTCTCGAGTCACTCCGGCGCAGTGTTGGGACTGTCTGGGTATCGGAAAGCAAGCCTACGTTGCTCACTATTACGTATAATCCTTTTCTTTTCAAG,2.4964780206329102,1.3198942050203029
3065,ENST00000371477.3,ENSG00000096401.7,CDC5L,44387525,44450426,82.27610395722235,6423,5504.6,4177.31,17.0975,TTTCTTCCATTCTGTTTTGGACATGCGCGGGGCGTAAGGCGCTTTGGCCAGAGTGGTTTGATGGTTTTGTGTTAGTCTTCCTGCAGCTGAGCTTCCACAAGACACTTTTTCCCTTTCAGCCACCCAATATCTCGCGAGACTTGCTATTCTGCGCCCCCTCCCACCTTGCGCTTGCGCAGATCTTCAAAGCAGAAGGTCGCGCTTGGAGGAAGTGGCGGCTTTGAGTCCGGTGGCCCAATCGCTGTTACTACTTCTCTGAAGCTCCTCTCGGCTGCTTGCCGAGACACCCTGCCGCCAAG,4.812171601533695,2.266688089784871
3066,ENST00000321037.4,ENSG00000001561.6,ENPP4,46129993,46146699,46.56608141436922,4651,3276.23,522.0,3.5897,GGAGCGCCCCGAGCGGCGCAGATAGGGACGTTGGGGCTGTGCCCCGCGGCGCGGCGCCTGCCACTGCGCAGGCGCCTCAGGAAGAGCTCGGCATCGCCCCTCTTCCTCCAGGTCCCCCTTCCCCGCAACTTCCCACGAGTGCCAGGTGCCGCGAGCGCCGAGTTCCGCGCATTGGAAAGAAGCGACCGCGGCGGCTGGAACCCTGATTGCTGTCCTTCAACGTGTTCATT,12.972137341384856,3.6973442982838467
3067,ENST00000359314.5,ENSG00000198087.7,CD2AP,47477789,47627263,48.962433706684166,5412,4209.36,2709.13,14.5003,CTCTGTCTGGGTCCCCACCTTAGTCTACGGTGTCGCCTTTTCTAACTGCGAGTGCTAAGGAAGAGGCGAGGGGCGGGCTCCGAGGCTAGGCGGGCGCTCGGGGTTGGAGCCGAGGGTCTGGGCAAACCGGTGGGTCCCTCCCCACTGCGGGAGCGGCCAGGGTGGGAAAACCGCGGTCGGGCGGGCGGGGTAGGGCCCTCCCGCCGCCGTGGCTCCTGGGGAGGCCAGGGGTGAGGAGCTGTCGCCGCCTTTGCCTCTGCCTCGAGGGCCGCGCTGAAGAGACTGGTAGGAGAGCGCCGCGGGCGGATGGAGGCGACTCTTCGCCCCGCCTGAGCTCAGGAGGGGCTAGCGCGGAGCGCGGGTCCCGCCTCCAGCCGCGGGAGCGGCCGCGCGAGCCACCACTGGAGGAGGAGGAGGAGGAGCGGACGTCGGCTTCTCCCCGCGGGAGCCCCCAGC,3.3766497042601995,1.7555925210275207
3068,ENST00000335783.3,ENSG00000031691.6,CENPQ,49463378,49493107,59.43018301092249,1733,1007.01,496.0,11.0971,GTCTCCTCTGTTTACGAATGTTTGGGCGCGAATTACTCTAAGCGCGGCTCTCAGAAGGGTGCAAGAAGAATCAGTGCACTGTGTTTAGATCAAG,5.355469718297798,2.421013116626291
3070,ENST00000529246.3,ENSG00000197261.11,C6orf141,49550646,49561907,5.928042685934682,1450,1711.16,76.5914,1.00844,GCGGTTAGCCTGGGGCTGATCTAGTCTTCAGCTTTCACCGGCTGGGAGTCCGGAGCTGCAGCAGAGGCCACACCCAGGGCTTGGTGGTCCCGCGCTTTCCGGAGCTCAGCAGGCGCTTGCTGCTTGAACCGGTCAAAGAAGGAACGA,5.8784287473074075,2.555430586797411
3071,ENST00000211314.4,ENSG00000096092.5,TMEM14A,52671109,52686588,88.92920650351489,992,680.271,146.0,4.83541,GCTCAGCGCGAGACGGCTGGGCGCCGAGTGGGACAGCGCTGGTGCGGAGACTGCTTCCGGACTCCAGGTACCGCGCTTGGCGGCAGCTGGCCCCAGACTTCTGTCTTTTCAGCTGCAGTGAAGGCTCGGGGCTGCAGAATTGCAACCTTGCCA,18.39124427990902,4.200947185062855
3072,ENST00000323557.11,ENSG00000112146.16,FBXO9,53051991,53100873,39.79214400362785,3418,3129.75,485.62,3.49583,GTCCGGGGTCTCCAGTAGGGCTGACGCTCCGGTGCTCGCACAATCCCCCGCCTCGGCTGGCAACGGGCGTCCCTCCACTCCCCGAGTCCCCGGCAGCCGCCGCCACCCCAGCGCGCCCCGATCTGGCCCCCTGCCCCGCGAAGATGGCTGCCGTACGCCGGGCCCGCAGTTATTGCCGCTGCCTGGTGCGCTTCTCCGACCGAGAACTCTGCTAAGCTCCGCTGCAGAGACAGGCAGGAGTAGACACCCGGACACCCAGCACCCCTCCTCCGGGGGGCGGTGCAGAGGGGGCACGGAGAGCCCCTCGAGCGCAGCAGGCCGCCCCGCCAGC,11.382745729519984,3.50877669932976
3073,ENST00000370888.5,ENSG00000137269.14,LRRC1,53794497,53924121,19.357815538278576,3180,2801.26,367.004,2.95175,GGAAGCTCCGCGCGGCGGCGGGGGCGGCGACGGCGACTGGCGGGTGGGAGTGGAGGCACCGGCTGGCGGGCGGGGGTACAGGGACGGGGCAGGGGCTCCCGCTCCAGGTTCCTTGAAGCACTTCCGACCGCGAAGCCCGGCGCGAGAAGCGAGCTAACCCAAGAGCCAACAACGAGCGCGGAGAGGGCAGCGGACTGAGCGGAGCCGCCGGCCAGAGCGGGCTCGGAGCCCGGGTCTCCGCCGCTCGGGACCCGGCTAGGCGGCGGCGGGGGCGGCG,6.55808098188484,2.7132737168334913
3074,ENST00000306858.7,ENSG00000168143.8,FAM83B,54846771,54942022,5.356169006495621,3167,2614.05,256.0,2.20642,AAACCTTCGGCGGCCGGCGCTGTGCGGCGGGCGCGGTTGCGCGCGGCTTGGGGCAAATACTTCTCACCACTGCATGAATGGACATTTGAAAGTGCCATAGCCAAACACTTGCAAGC,2.427538277615151,1.279494044353087
3076,ENST00000370733.4,ENSG00000168116.13,KIAA1586,57046532,57055239,14.860302808246477,2933,1766.08,619.068,7.8975,GAGAAAGAGGCTCCGGGGAGATAGCGGACCAGTGAGGGCTGCCCCTCTTTTGAAGCGGTTTTCGTCTCTTTCCGCCAGTGGCCTCCCAGCTCACGCAGGGGCGGGTCCCGGTAGCGCGAGGCGGTGCAGGGCGGGAAGGGGAGTGGTGGCGGCTGCGGCAGTAGGGACAGCAGGAGCAGTGGTGCTGTCAGCGCGGCCGTCGGAGAC,1.8816464461217444,0.9119955768741294
3078,ENST00000370708.8,ENSG00000112200.16,ZNF451,57086844,57170307,15.369074386654978,9478,7741.57,839.949,2.44448,AGTAAGGGCCGCTCCTCCTTTGAAGAGGTTTTGCGTCTCTTTCCGCCGGTGGCGTCGGCGCTCACGCAGGGGCGGGTCCCGGTAGCGCCAGGCGGTGCAGGGCGGGAAGGGGATTCGTGGCGACGGCGGCGGCAGGGACAGCAGGAGCAGTGGTGCTGTCAGCGCGGCCGTCGGAGAC,6.287257161709229,2.6524307735084593
3079,ENST00000370693.5,ENSG00000112208.11,BAG2,57172326,57189833,166.66381046377228,6651,5089.09,1284.21,5.68536,AGACGATCCGCTAGCCACATTAGGCGCTCGGTCTCTGCGTCCGCCCCTCCCGTGCCTCAGAGACTTGCGCTCCCCAGGCCCGAGCCCCTGTCGGCCCATCCTCGAGCCCGTGTGGCTCGCGAACCTCTAACTCCAGCCGCTGCAGCCCCCTCCCAGGCCCGGCGTCCCCGAGCCCCGCGGGCGCCGCGCCTGCCCTTCTTTGGCTACGCTGCAGCCGCGGTGTCGGCGAGTCCTCCCGGGTTGCCCCCGCGGGCGTCAGAGGGAGGGCGGGCGCCCGCGTGGTGACGGCGACGCCTGCAGCCCAAGGAGCGCTCCACTCGCTGCCGCCGGAGGGGCCGGTGACCTCTTGGCTACCCCGCGTCGGAGGCTTAG,29.314557119298033,4.873545355728215
3080,ENST00000615550.4,ENSG00000146143.17,PRIM2,57314805,57646849,25.8758955876172,2308,1885.38,808.392,9.66018,GGTTTCATATGAACTCTCCCGCCACCCGGGAACAGTGGCTGCCACCGTTTGTGTTTTCCCGAGTTTGAATTCTTGCAGGTGACCAAG,2.6786142274385365,1.4214868199870931
3081,ENST00000370651.5,ENSG00000112245.9,PTP4A1,63521761,63583587,671.0308232904525,5088,4057.19,1799.49,9.99275,AAAGATGACCGTGGTTAAGGCAGTAGAAAGCAGGCTCGACACTGAGACGCGGTTCCAGCCCTAGAAGGATTGCATTTTACGATTCAGGCAAACTTCGAGTCTCCTCATGTGACATGTGTGCACTCCTGGACCGTTTTAATTATGAGAAACGTGGTTTGCAGCATGATTCCTTCCAGTCGATAAATCGGAATCTCTCTCGCTCCCACCCCTTCTTAACTTCAGGCTTCCTGCATCCCGGAGCACTCCCGGCAGCCCCTTCCCTCCCCCGCCCCGGGGATGCTCCGACTCGGCGCTTAGCCATTCATCAACCGGTTCACACCGGCGGCGGCCGCCGCGGAGTGACGTCCGGAGGGGGCGGGCCTCCGCCCCCGCCTGTCGGCTCCTGGCCCGCGGTTCCAGGCCGCGATTGGTGGCTGGAGGGTTGCACGTCGCGCCGGCTATAAAGGGGAGGGCTTGTGACGCAAGGGCGCCTCGGCGCGTGTATTGGCTCCTTCGGCTGCGGGCCGGCTCGGCTACGCGCTCTGCTCCGAGCCGCTCACTGCATGGTAGAGTCTGGTGCCCCCGCCGCCGCCTGCATCGCCGCCACCGCCGCTCCGCCACGACCACCGCCGCCTCCTGCCCTGCAGCCACCGCCACCGCCTGTGTCGCCGCCGCCTCGGGACCGGCTGTATGATTAGGCCACAATCTTCAATGAGTAAACATATTCCTCAATTCTGTGGTGTTCTTGGTCACACATTTATGGAGTTTCTGAAGGGCAGTGGAGATTACTGCCAGGCACAGCACGACCTCTATGCAGACAAGTGAACTGTAGAAACTGATTACTGCTCCACCAAGAAGCCCCCATAAGAGTGGTTATCCTGGACACAGAAGTGTTGAATTGAAATCCACAGAGCATTTTACAAGAGTTCTGACCTGGATGGGGTAAACCTCAGTGCACTTCTTTTCTGTTGGCCTCAGTATTACTGGATTGAAGAATTGCTGCTTCTTGTTAGGAGGTTCATTTCACTTATCATTACTTACAACTTCATACTCAAAGCACTGAGAATTTCAAGTGGAGTATATTGAAGTAGACTTCAGTTTCTTTGCATCATTTCTGTATTCAATTTTTTTAATTATTTCATAACCCTATTGAGTGTTTTTTAACTAAATTAAC,67.15176736038154,6.069353465180499
3084,ENST00000509876.5,ENSG00000118482.11,PHF3,63635820,63779336,19.14924644386127,7124,5946.55,461.757,1.74949,CCTCTTGCTGCCAGTGGTAGCGCTCGTCTGGCGGAGCTGGGGCTGAAAGACACACAGAAGTCTTC,10.945616404701525,3.4522812973701766
3085,ENST00000370474.3,ENSG00000154079.5,SDHAF4,70566917,70589569,33.31563690750075,1196,964.594,110.81,2.58818,GCGGAGGCTCGGGGAGTCGGCGCC,12.87222562089992,3.686189613452655
3086,ENST00000316999.9,ENSG00000112305.14,SMAP1,70667776,70862015,43.02300905839118,2403,2298.86,608.897,5.9675,AGTCCCCCTCCCCCTCCCCTCGCCGGCTAGGGTGGTGCGTGCCGGCAGGCCGGTCAAGGAGGCGGGACACGTCGGCGCTACCACCGCCACCGCCGCCGCCGCCCCTCCTCCCGTTCCAGCTGCCGCTGCCGCTTCCTGGGCTGAGTCCGCCCGCGGTCCCGGCGGCGCCAGGTGCGTTCACTCTGCCCGGCTCCAGCCAGCGTCCGCCGCCGCCGTAGCTGCCCCAGGCTCCCCGCCCCGCTGCCGAG,7.209553256538111,2.8499098649382986
3087,ENST00000370435.4,ENSG00000119900.7,OGFRL1,71288803,71308950,10.250530369964372,8391,6239.03,1024.72,3.7004,GCTGAGGCAGTGCGGGGCGGGCGCGCCTAGGCTGCCGCCCAGCGCCCTCGCCGCGGCCATGCCCGGGCCCTAGAGCGCCTGCCGCAGCTTGCGCCCCGCAGCCCCGCAGCCCCGCGCCCGCCGCCGCCTCTTCA,2.7701141417047808,1.469945423306513
3088,ENST00000287097.5,ENSG00000156535.13,CD109,73695785,73828316,8.203061480179432,9130,7772.96,431.799,1.25157,CTAAACTCGAATTAAGAGGGAAAAAAAATCAGGGAGGAGGTGGCAAGCCACACCCCACGGTGCCCGCGAACTTCCCCGGCAGCGGACTGTAGCCCAGGCAGACGCCGTCGAG,6.5542170874816685,2.7124234583317652
3089,ENST00000447266.6,ENSG00000112701.17,SENP6,75601509,75718278,22.4223739815423,6501,4735.63,690.913,3.28706,GGGGCGCCTGACGGTCGCAGAGACCTCGCCGCTCCGGCGCGGCGGGTGCGGCCATTTTACGGCCTGGGACGAAGGGAGGCGTGTTTGTGTGCTCGCTTTCATTCTCCTTTCTTGGGAACCCACGGCTGGGGGAAGTTTCTCAGGCAGCCTGGGTGGGCGGTGGATGGGGAGTCGTGGGCCGAGAGGAACCGGGCCCGGGAAGCGCCGTCGTCGTCGTCGCCGGTCGCGTTCCCCCGGAGAGGCCTGAGAAGCTCGGGCCGCGGGCCTCGCTGCCCGCCAGCCCGCGGACAGGCCCGGGCGCGCCTGGCCTGCCTTTGTATAGGCCCGTCTGAACGTGGGAGCGCAGCCCGCCTGACGGCTGAGCCCGAGGCCCGCAACCCTGCGGCGTCTACCCTCCTCCGGCGCGGCCCCTCATCCCGGCGAGCACGGCGGCGGTGTGGGCCATGGATTAAGAAGGAGGCGGCGTGGGAGGAGGAAG,6.821406965964205,2.7700693365327074
3090,ENST00000369975.5,ENSG00000196586.13,MYO6,75749192,75919537,47.14337008447332,5387,4313.19,1580.8,8.25734,GGAGATCGTGGATCCTCCTTCAAAA,5.709268370258863,2.513305879348614
3091,ENST00000369940.6,ENSG00000146243.13,IRAK1BP1,78867472,78946440,41.985295932854335,5656,4285.54,430.155,2.26142,CCATCCCGGCATACTTTGCGCCGTGCACAGGCAAGCCCTGGTGCGCATTGGCCCCTTCGGCCGCCGTCGGCCGGTAGTTACTATGGAAACCCAGCTGCCATCGCT,18.56589927251653,4.2145832912854635
3093,ENST00000369838.5,ENSG00000198478.7,SH3BGRL2,79631283,79703659,50.5489715126248,4653,3911.55,440.0,2.53434,CCGGGCGGCGCTGGGCTTTTATCTGCGGACCCGCCGGGAGGGAGCCAGATCCCAGCGATCTTCCCCGACGGCAGCGCTTTACCCAGAGGCTGCCGGCGGCTCGTAGCTGGGTTCAGCTCTGCGTCCACGCCAGCCCGGAGCCCGGGGGGCAAGGGGTCTGTCCCGGGCGCAGCGAGAGG,19.945615628773094,4.317999748313495
3094,ENST00000369798.6,ENSG00000112742.9,TTK,80003887,80042527,27.32342325542117,3010,2133.9,1985.85,20.9669,AGCATTGACCAATAGGAGACCGTAGTGATAGCGACGGGGAAATTCAAACGTGTTTGCGGAAAGGAGTTTGGGTTCCATCTTTTCATTTCCCCAGCGCAGCTTTCTGTAGAA,1.3031694363697623,0.3820246734060512
3095,ENST00000349129.6,ENSG00000083097.14,DOPEY1,83067666,83171350,5.897387262896364,8210,7249.31,668.068,2.07628,CGAGCACGGTGCACTCTGGGAGCTGTCACTAGGCCCTTCGGCTCCCGGTCTCGGTGTAGCTGCCGTGGTTGCCAGGAGAGCTGCGCCGGCGAGAAGCGGCCGAGCCAGCAGCAGGAAGGAACACACAAGTAGTTATCTTTCAGGCTGTCTTTGAATACTTCCATGACCCTGAACACTAGCTGAGGAGAGTTTCAACCACTGCTAACAGTAATGACTTTACATGAGTTTGGAACTGGTCTCTAGTGGGAAGTTGTGGGAGG,2.8403622165104725,1.5060749208010114
3096,ENST00000369724.4,ENSG00000013392.7,RWDD2A,83193379,83198932,14.955244006324971,3744,3376.92,231.559,1.5449,CTGAGGAACTGCGGCTGCGGTTCCGAGCGGGGTCTGGGGCTGTTACCATTGAGTGACCAGAAAGGCTCTCGGTGCAAAGCGTTCCTGCAGAATTGCTTCCACGTAAAGGGACCTTCGGGAAATTTCGCTGGATACCGGCTGGCATTGACAAACCCAGCGTCCCTGAGCCTTGTGAGGTTTCCAGGCAGGCTGATTGCGAGGCAAC,9.68039614623922,3.2750660874296886
3097,ENST00000369681.9,ENSG00000065615.13,CYB5R4,83859643,83967424,27.215853866745352,9252,8423.65,1166.99,3.12126,TGCGTCAGAATGCGCCTCACCCCTGGCGACCCCGGAAGTGGGTCGGGGGCTTGGCCTCTGCCCGGCCACAGAGCCGGAGCTGGAGGTGCTGTCCCGTCTGGCGGCGATCCCCGGGCAGGGCCCGGGGCCGGGGTTTGAAG,8.719508745425038,3.124246856274728
3098,ENST00000369577.7,ENSG00000188994.12,ZNF292,87152833,87264196,6.450869189493547,10610,7982.5,955.711,2.69743,ATCACGTGACCCAGGTGCGTACGCGACGGAGCGGGGTGTGAAG,2.3914871523982257,1.257908040865864
3099,ENST00000229570.9,ENSG00000111850.10,SMIM8,87322583,87399749,45.605493898063486,2405,1675.85,190.116,2.55591,GGGGCGTCTCGGGCGAGGAGAGGAGGTGACCCCGCGAAAGATAATAAATCATCATTGATCAAG,17.84315327928741,4.15729868875505
3100,ENST00000369552.8,ENSG00000164414.16,SLC35A1,87407983,87512336,35.51452582891887,1851,1440.82,293.605,4.59108,AGTTCCGCGGGGGGCTGTCGGGGAACC,7.73554933238342,2.951503746873369
3102,ENST00000257789.4,ENSG00000135336.14,ORC3,87590067,87667453,35.29951847622346,2501,1866.76,975.967,11.779,GAGTGCATCTGGAATACGCAGAGTCAGTAAGACC,2.996817936685921,1.5834314396009597
3103,ENST00000336032.3,ENSG00000146278.10,PNRC1,89080751,89085160,79.76438656434568,2065,1834.99,753.604,9.25275,TGTTCCGCGATCTTCTCAGGCTCTCCTAGCAGCATCCATCGCCGCCACCCTATCTTCACTGGCTTCATTCACCTTCTCCTTCTCTCTTCGTTGCTGAGCGACAAGCTTCCTAGCGCT,8.62061404061989,3.1077906351851836
3104,ENST00000275072.4,ENSG00000146281.5,PM20D2,89146050,89165565,109.3704984435735,4708,4017.77,1825.68,10.2377,GGGTCCTGGAGGCCTCTGGGCGCGTGCGCGGGCGGTCGCTACCTGCGGCCGAGCCAGGGAGCGAGAGGGCGCAGAGGGCAGCGGGCTTGGGCAGC,10.6831122657993,3.417260097375131
3105,ENST00000358812.8,ENSG00000172469.15,MANEA,95577543,95609457,24.62096812979808,4575,2990.92,656.982,4.94892,GTCTGGGCTCGGGGCGCGGCGGCAGTCAGCTCTATGTTCGCGGTCTTAACCTCTCCTCTGGCCGAGTCCTTGCAAGAAGTGAATTACCCGACCCTGCAAAACACTTACTATTTTGGAGTTTAAAGTATGTCATC,4.975018414077835,2.3147018655255547
3106,ENST00000369278.4,ENSG00000014123.9,UFL1,96521595,96555276,33.438009187690014,4224,2893.31,907.0,7.06275,CTTCTCCCACCGCCTGTCGGCTGACGTGTCTGCAGTTCCTCCGCGTCTACTGCGAGTCAGGCCGTG,4.734417781698348,2.243187020181108
3107,ENST00000328345.7,ENSG00000184486.9,POU3F2,98834592,98839470,74.44708388189292,4879,5220.66,403.0,1.73917,GGGAGAGGGGGGAGCGCCGAGCTAGTCAGAGAGTGAGCGAGAGCGAGAAGGAGGGAGAGGAGGAGAAAGAGAGCGAGGGCGGGCGGGAGGCGGCGGCGGCGGCAGCAGCAGCAGTAATAGCAGGAGCAGCAACAGAAGGCGTCGGAGCGGGCGTCGGAGCTGCCCGCTGTGGGAGAGAGAGGAGACAGAAAGAGCGAGCGAGGAGAGGGAGCCCGAGGCGAAAAAGTAACTGTCAAATGCGCGGCTCCTTTAACCGGAGCGCTCAGTCCGGCTCCGAGAGTC,42.80609939332723,5.419744474166957
3109,ENST00000345080.4,ENSG00000187772.7,LIN28B,104936616,105083332,43.676640644122266,5505,4733.32,2117.52,10.0791,AATTGACAAAGTCACGTGTGCTCAGGGGGCCAGAAACTGGAGAGAGGAGAGAAAAAAATCAAAAGAAGGAAAGCACATTAGACCATGCGAGCTAAATTTGTGATCGCACAAAATCAAGATGTTAGATTGATGCAGAAGATCACTCCGTTCCAAAGGGAAAGTTTTCATCTCACGAGTTTGGAGCTGAGGGCCCGTGGGGCAAC,4.333386973452219,2.115495075694063
3111,ENST00000369046.8,ENSG00000130348.11,QRSL1,106629578,106668417,104.80735052707732,4106,3580.95,577.436,3.63302,AGTGACAATTAAAGATGGCTGCGCCCATGTAACATCACTAGCGACCGGTGACCTCTTTTTCCCCCTTGCCTGGCTCCTGTGGTGGCAGGCTGGGCACGAGGACC,28.84854763449618,4.850426783836007
3113,ENST00000625458.1,ENSG00000130349.9,C6orf203,107028213,107051342,29.483171026382475,1146,871.905,53.676,1.38699,GGGGTGGGGAGGGAGCGAGAGGAATCCGACCCTGTCTCAGCCCACAGCCTCCGAGGTCTCCAAGTAAAGGGAAGGATCTTTAGCTGCATTAGACTTCAAAGCGTTTAGACCAGTTTCTCCATCTTACGGAGCGGTGAACGGGCTCAGGAATGTGGAGCGTTTCCTGGCGTCAAGCAGGTCAAAGTCAGCGCTGCTTTTTTTACAGACACTGCTTTTCTTACAGTCTTCGACTATAAACTCTACAAGAATAGGAATCTTCGTATTTTTTTCCTCTGCTGAATTCCTAGTGCCCAGATTAGTGCTTGGCAC,21.25694563506765,4.409862408891502
3114,ENST00000317357.9,ENSG00000112320.11,SOBP,107489958,107660167,2.551422188172126,5245,6698.4,425.203,1.43017,AGCCACGCCCGCTCGAGAGCCGGGGGGCTGTCCTCGCCCCCCCCACCTTTCCCCTCCCTCCGACCCCCTCCCGGCCGCGCTCCCTCCCCTCCTCCCGCGCCGGCCCCCGGCCCGCCCCCGGCTCGGCTCGCGGGAGGCGCTGGGCGCCGGGGCTGGCGCGCTCTCCCGGGCTCACACACAGCCGCGCACGCACGCCCGGGGCCGCTCTCCGCGCCGGCCCTTGCTCCCCGCGCCCATGCGGACGGACCGAGCGACGGAAGATGGCTGACGACTCCACGGGGCCCCGAGGATGCGGCCCGGCGGCGGCGGCGGCGGGAGCGGCAGCGGCAGCGAGGGCGGCAGGGGCAGCGGCAGCAGCGGCGGCGTTGGCTGCGGCGGCGGCGGCGGCGGCAGCAGGAGCCGGAGCGACGGCGGCGGCATCCCCGAGACTCTCCGCACTATCCTTACCCGTGACAGCCACTGACGTCCTCCGCCGCTAGAAGAGACCCCGCTTCTCGGCGCCTGCCCTCCCCCTCGCGGCTCGGTCCGGCCCCGCCAGCACCGCTACCTCCGCCAGCCTCGCCACCATCAGCACCACCTCCACCGCCGCCGCCGCCGCCACCACCACCGCCGGCGGCGGCAGCAGCCATTTCATCTCCACAGAAACCAGACACAAAAAC,1.783999236574761,0.8351149978871178
3117,ENST00000343882.10,ENSG00000118689.14,FOXO3,108559835,108684774,16.765219007521598,7308,8089.62,1846.49,5.14259,GGGAGGAGGAGGAATGTGGAAGGTGGCGGCGCGCGAGCTGACAGGCGGTTCCTCGGGCGGGCTGCGGCGACGGCCCGAGCGCTTCTCCTTCGCCGAGGTTGCGCGCCCCCTCCTCGCCGTGCCCCGGGCCCGCGCGGGATCGTGCGTCGTCCCGCCGCGTCCCTGAAGGGAAGGAAGCGAGGCGGCGGCGGCGGCGCCCGGGAGCCGGAGCCTTCGCGGCGTCCACGTCCCTCCCCCGCTGCACCCCGCCCCGGCGCGAGAGGAGAGCGCGAGAGCCCCAGCCGCGGGCGGGCGGGCGGCGAAG,3.260073038589815,1.7049042869198285
3118,ENST00000517392.5,ENSG00000183137.14,CEP57L1,109095110,109163932,5.296593442765151,2771,1925.91,98.8146,1.15597,GAACTGGGCCAAGCGCCCCCGGAGGCGCTAAGCTTGCGCCCTGAGGCGGTTTCCGTTCCCGGACGTTTGGACTCTGTCCTGGAGAAGGGGAAGGAAAAAGTAAGACGTAGAAGTACACTGAGACTTCGTCACACATAAAACAAGCACGACAAAGAAAGAGGGCGCGAAGGGACTCCTGGAAGAAATTGAGTCTACATTTAAGATCACCCTAAAAGTAGTGACGGCCTCTTCATTACTCCAAACCCCAGATTTAAGTCGGTAGGACGTCTTCGCGTTGACTTGTGGGGAATGTAGTTTCGATGCTGCCGGCGCGTTTTGTTTGCGACAGAAACTACAACCCCCAGGGGCCACCGCGACGTTGCCTGTGGGTGCCCGCGAACCAACGGTTAGCGGTGGCAGGGGCTGACTGAGAGCGTCTGCTTGATA,4.581947146349084,2.19596081697086
3119,ENST00000258052.7,ENSG00000135587.8,SMPD2,109440763,109443919,11.73079431521937,1645,2140.31,248.008,2.61066,GCGGCCGCGACCGCCGGGGACGAGCTTGGAGGAAAAGGAACCGGGAGCCGCCCACCCGGGGGCGCTCTCCGGACCCCCAGGGTCCTAGCGCGCGGCCCTTACCGAGCCTGGGCGCCCGGATTTCGGCAGCGGATCGCCTTTCCGGGTTGGCGGCCCGCCTGATTGGGAACAGCCGGCCGGTTGCCGGGGGAACGCGGGAGTCGGGCCCGACCTGAGCCACGCGGGCTTGGTGCCCACCTGTGCGCGCCGCCTGCGAAGAAGGAACGGTCTGGGGAGAAGGCGCCGCCGGCCGCCCCCGTCCCCACCGCGGCCGTCGCTGGAGAGTTCGAGCCGCCTAGCGCCCCTGGAGCTCCCCAACC,4.4934209415317845,2.1678142191758827
3120,ENST00000230124.7,ENSG00000112367.10,FIG4,109691312,109825428,14.85344062871345,3011,2764.28,522.793,4.26098,AGTGCCTAATGGGTGTTGTTCCTGGCTGGACTTGATGTCCAGGGCCTGAGGGGTTTTCTCGCCGAGTCTCCTGGGGCGGTCCGGAGGCTCGTGCCCTGTTGTGGGGCCCCCATTTGCCGCCGCC,3.485921226739729,1.801539968466468
3121,ENST00000368932.5,ENSG00000168438.14,CDC40,110180141,110254275,35.87533817866719,3933,3159.77,152.421,1.0868,CGCGCTGCACGCTGGGAGTGCAGGACCGCGAGGCCTCAAGGACCTGGGAGCCTCTTCTTCTTCCGCCCTGGCAGGGTCTCCGCAGAAGATTTGTTGCCGTC,33.01006457367242,5.044834055623693
3122,ENST00000368885.7,ENSG00000123505.15,AMD1,110874770,110895713,56.0344879868321,3438,2684.94,1639.97,13.7614,TCACGCAGCGCTCTCGCTTACACAGTATGGCCGGCGACATTAGCTAGCGCTCGCTCTACTCTCTCTAACGGGAAAGCAGCGGAATACAAGAGACTGAACTGTATCTGCCTCTATTTCCAAAAGACTCACGTTCAACTTTCGCTCACACAAAGCCGGGAAAATTTTATTAGTCCTTTTTTTAAAAAAAGTTAATATAAAATTATAGCAAAAAAAAAAAGGAACCTGAACTTTAGTAACACAGCTGGAACAATCCGCAGCGGCGGCGGCAGCGGCGGGAGAAGAGGTTTAATTTAGTTGATTTTCTGTGGTTGTTGGTTGTTCGCTAGTCTCACGGTG,4.071859548216904,2.0256877989908215
3123,ENST00000329970.7,ENSG00000155115.6,GTF3C6,110958560,110967890,22.364957952848457,952,781.852,528.779,15.2374,TCTCCACGTGGGTACCGGCGCTCTCGGCGCCCGTAGCCACCCGCCCGCCGGAAGCCGACATCTCGAGTTCTGGCAGAAGCAATTTGCGCGGCGAGGAGCGGAGCGGCAGGAACCCAATAAGCTGCTTCGCCTCGGAGCTGAAGCCCGTACTCAAGATGGCGGCTCCGGGCGGGCGTGGCCAGTGACTAGAAGGCGAGGCGCCGCGGGACC,1.4677673325402272,0.5536232932535368
3124,ENST00000441448.6,ENSG00000197498.12,RPF2,110982015,111028263,163.231164090368,1531,1126.17,949.794,19.0015,ACGCGCAGCTTCCGGTTCCGCCTGTTCCGGCGCACGTAATCGCCGAGGGCACGTGCATGCCCCCTGGTTAAGAGTTGCAGGTAGCGGTAGCG,8.59043570720038,3.1027313067625606
3125,ENST00000368850.4,ENSG00000112394.16,SLC16A10,111087503,111231194,6.080084976231102,10051,8195.48,503.08,1.38301,TTCCATCGAGCCTCTGTACCTTACCTATGGAATCATATTTGCCTGCGGCTGCTCCTTTGCATACCAGCCTTCATTGGTCATTTTGGGACACTATTTCAAGAAGCGCCTTGGACTGGTGAATGGCATTGTCACTGCTGGCAGCAGTGTCTTCACAATCCTGCTGCCTTTGCTCTTAAGGGTTCTGATTGACAGCGTGGGCCTCTTTTACACATTGAGGGTGCTCTGCATCTTCATGTTTGTTCTCTTTCTGGCTGGCTTTACTTACCGACCTCTTGCTACCAGTACCAAAGATAAAGAGAGTGGAGGTAGCGGATCCTCCCTCTTTTCCAGGAAAAAGTTCAGTCCTCCAAAAAAAATTTTCAATTTTGCCATCTTCAAGGTGACAGCTTATGCAGTGTGGGCAGTTGGAATACCACTTGCACTTTTTGGATACTTTGTGCCTTATGTTCACTTGATCTCAACATCTGCTGCAATTTGACTGTTCAG,4.396269713328972,2.136279899059154
3126,ENST00000368847.4,ENSG00000173214.5,MFSD4B,111259348,111271167,10.086348075730983,5958,5929.74,281.16,1.06827,GCGTCTTTTGCCACGAACACCTGCGGCGTGCCGAAGTTCCTCTTCTCTGCCCCGGTTCCGGGCGGTCCGCTGGGAGGTGGCGCCCGGAGGGACACCCGTGCCTGGGGTCGGGGCCAGTGCTCTTCTCGGAGCTCCAGAAGTTCTGCTGAGAAGCGCGGCGGCAGCAAGACGACTTCTCCGGAGCCGCCGAGCTGGAGTTAGAGGTGGAGCTCCGTGGGGCCGGGCCCCCGGCTGCGGGGCAGCGGCTCCTGCAGGCGGAGGCCCCGGCGGAGAATGAGCCGGAGCCGGAGGTGGTGGTGGTCTCCTGGCAGAGCGGTGGGACCGGGAGCAAGCTGCGGTGGTTCACCACCTTG,9.441759176735266,3.23905568576328
3127,ENST00000612661.1,ENSG00000277443.2,MARCKS,113857362,113863471,337.4012338376747,4275,4034.18,2784.0,15.548,CCCGCATCTTATTAGCAACCAGGGAGATTTCTCCATTTTCCTCTTGTCTACAGTGCGGCTACAAATCTGGGATTTTTTTATTACTTCTTTTTTTTTCGAACTACACTTGGGCTCCTTTTTTTGTGCTCGACTTTTCCACCCTTTTTCCCTCCCTCCTGTGCTGCTGCTTTTTGATCTCTTCGACTAAAATTTTTTTATCCGGAGTGTATTTAATCGGTTCTGTTCTGTCCTCTCCACCACCCCCACCCCCCTCCCTCCGGTGTGTGTGCCGCTGCCGCTGTTGCCGCCGCCGCTGCTGCTGCTGCTCGCCCCGTCGTTACACCAACCCGAGGCTCTTTGTTTCCCCTCTTGGATCTGTTGAGTTTCTTTGTTGAAGAAGCCAGC,21.700619619094073,4.439664331503294
3128,ENST00000319550.8,ENSG00000178425.13,NT5DC1,116100849,116249497,37.76961428214752,6923,5319.2,792.791,3.35795,CGGTCCTGTCCCGCAGCGTCCCGCCAGCCAGCTCCTTGCACCCTTCGCGGCCGAGGCGCTCCCTGGTGCTCCCCGCGCAGCC,11.24781914029319,3.4915733967308715
3129,ENST00000466444.6,ENSG00000111832.12,RWDD1,116571367,116597675,32.31066649345561,5522,4542.29,541.907,2.68789,AGAACGAGTCGAACGTGGAAGTAGGGAGCAGGCGGAGGCCGGCGCGGAGCTGCAGTTAAGCAAGCCGGGTCTGGCTTTGGGCCCTGGGCCTTCCAGCCGGGGACTCTGCGCCTGCGCCCGCCTGGCCGCCGCCCGCTCTCCCGGCGCGGCAGCTGTCTGGGCTGCTGCGCGCCGCCTAGGTGTCTGGGCGATCTATGGGCAAGAGCAAGGGCCACG,12.020829160961053,3.587464507171868
3130,ENST00000368564.6,ENSG00000196911.10,KPNA5,116681187,116741866,22.052592203217653,11311,8505.2,697.821,1.84851,GGAGAAGGGGCGCAGGTGGCCGCCATCTTGGATTGCGAACTGGGTCGCTACGCTTCACGCCAGGGGCGGAGTGGCGGCCCTTCTGTTACCCGCCACACACGTCGCCGCTGGGGACTGGGAAATCAGGGCATCGGAGAGTGCCACATTA,11.929928538778611,3.5765134960882743
3131,ENST00000338728.9,ENSG00000164465.18,DCBLD1,117453817,117569858,5.62682856874613,3626,4016.62,264.684,1.48466,CGACTGCGCCCCGTCCCGGCGCCGCGCTCGTCCGCAGAGGAGGCGGCCCGGCCCGGGCAGCTGCGGCTCGGGATCCGTCGAGGGGAGGCCGAGCTTGCCAAGCTGGCGCCCAGCGGGGTC,3.7899778863484768,1.922189430626324
3132,ENST00000360388.8,ENSG00000196376.10,SLC35F1,117907526,118317676,19.07473013875584,4852,4625.26,429.544,2.09234,GGGACTGGAGAGGAGTGAGTGGCGGGCTGGGCGGCGGCGGCCGTAGCCGCGGGTGCCTCCCCGCCTCACCGCTTCGCAGGCAGCACCGCCTCCCGGGCCGCGGCCGCCCGGCCGGGTCCTCTGCGCGTTCCCGGGCCCGGAACCGGCACACGATGCACCCGGCTGCGTTCTGATCGCCGCCGCGCCTCAGCCTCTGCCGCG,9.116458194536184,3.1884734364914262
3133,ENST00000229595.5,ENSG00000111875.7,ASF1A,118894220,118909167,109.38821950523666,2362,1672.05,715.643,9.64291,GAAATAGGAAAGCTGCAAAACACTGTGGAGTGCTCCCGTGTAAATAAAAAGAGGAAAAAAGTTTCTCAAGTCGCCGCTGCACGACGTCTGGCCGGCGCTGGAGCGGGGGTCTGCGCTCTCCCGAGCGGCCGCGCGCTGGACTTTATTGTGCCGCAACCAGCCCCAGTTCCCATTGTTTGTGTTTTTTTCAAAAT,11.343901322861736,3.503844983067803
3134,ENST00000282561.3,ENSG00000152661.7,GJA1,121435692,121449727,123.93500759949872,3037,2724.39,985.0,8.14571,GCGTGAGGAAAGTACCAAACAGCAGCGGAGTTTTAAACTTTAAATAGACAGGTCTGAGTGCCTGAACTTGCCTTTTCATTTTACTTCATCCTCCAAGGAGTTCAATCACTTGGCGTGACTTCACTACTTTTAAGCAAAAGAGTGGTGCCCAGGCAAC,15.214758148706341,3.9273994960790004
3136,ENST00000452194.5,ENSG00000025156.12,HSF2,122399546,122433119,24.635362511200565,2643,1935.4,320.336,3.72904,ACTTGTCCGTCACGTGCGGCCGCCCGGCCTCTCGGCCTTGCCGCGCGCCTGGCGGGGTTGGGGGGGCGGGGACCAAGATCTGCTGCGCCTGCGTTGTGGGCGTTCTCGGGGAGCTGCTGCCGTAGCTGCCGCCGCCGCTACCACCGCGTTCGGGTGTAGAATTTGGAATCCCTGCGCCGCGTTAACA,6.606355123892628,2.7238545236210587
3137,ENST00000368440.4,ENSG00000172594.12,SMPDL3A,122789049,122809720,7.634771076195892,1851,1444.19,102.905,1.60536,CGCTAAACAGCAGCTGAAGGTCAGGCGAACTGACTCGCTGCGGAATCTGCCTTTGCACGTGATCAGTCGGACGTCTACACCCGCAGCCGTCTTCTGTCTCCGCCTCACCCTCAGGCCTGACGGTCCGAGTGGAGCTGCGGGACAGCCCGAACCTCCAGGTCAGCCCCGCGGCCCTCC,4.7557999926470655,2.2496880431568074
3138,ENST00000368402.9,ENSG00000111907.20,TPD52L1,125119049,125264407,14.194913677351057,1308,1070.74,87.0015,1.83065,TTGGTTTGGGCCAGGTGGACTGGAAGGGGCGGAGGTAACCAGAAGCGGCTAGTGGCGGCTGCCTGCGTCCCCAACCCCCTCCGCGCAGCGCTCGCGACACGCGTGCCAGGAGTGGGAGCGAGCGGCGGGGCCAGCTGCGTTCTGAGCCTGGGCGCAGCTGCCATCTGCTCTGGGAAGCACCAGGGTGTCCCCGCCGCCCTCAGCTCGAAGTCAGCCACC,7.754029266845686,2.954946180414532
3139,ENST00000368364.3,ENSG00000135547.8,HEY2,125747664,125761269,9.862720701010836,2678,2519.35,150.198,1.34319,GGGGGGGCGTGGCCGGCGCCGGCTCTTGCGGCCGAGCAGAGTTGCGGCGTGGGAAAGAGCCGCTAGGAGCAGACCGCGCCGCCGCCGGAGCCGCGCCTGCCCAGGCCCGGGGAGGGAGGAGGCGGGCGTCAGGGTGCTGCGCCCCGCTCGGCGTCCGAGCTTCCGGCCGGGCTGTGCCCCGCGCGGTCTTCGCCGGG,7.342759178530837,2.8763222844836625
3140,ENST00000368357.7,ENSG00000111912.19,NCOA7,125781161,125932030,6.585568384811536,5521,5007.98,595.296,2.67813,AGAAACCCTCATAAAGTAGATGCAGAGGGCAGTAAGATATAACTCAACTTTGAAAATGTCAGCCGTTATAGTTGAAGAAATCTGACCCAAGAGACTTCGCTCCGCTGCAAGATGGAAGGAAGCTTAAGTAAGACATAAATTTGTAATGAACTTGCTCACAACATCCGCCGCCACTGTGACTTGCAGTCATCATCCATTACCACAAAATTAGTTGCAGGATGGCTACTCGTATCCCTCCACACATGATCATCAGTATTTGCCTCCTGTGTCCCAACCGGCCTGAGTCAAGGTTACGACTCACTGATTAAAAAGAGGGACTTTTTCAAATACTTTGCACTTTTGATTGTGTATT,2.459017443070925,1.298081968745572
3141,ENST00000229633.6,ENSG00000111911.6,HINT3,125956781,125980244,85.65842447892385,3314,2552.96,696.542,6.14703,GCCGGTTTTGAGGCCGGCCTCCGGCTTTGAAGTTCCTCACCGCGTCTCCTTCCCTCTCCCCAAAGCCTGGATCACCGCCCAGCGTCAGGCGAGGGGCGACGTCTCGAGGTAAAACGGAGGAGGTGCGGGACGCGGAGACTGCGCGGGCCCGGTAGCCCTGGAGAGGCCGAGGCTCTAGGCCGCGAGGGGCGGGTGCA,13.934928653174598,3.800633710750348
3142,ENST00000334379.9,ENSG00000066651.17,TRMT11,125986430,126039276,35.86027002461732,1949,1364.33,430.774,7.11362,CGCCTGCCTCGCAGAGCTTCCGCTTCCGGCCCTTCAGGCTCTGTCTCTGTGGAGACTGGGCTTTGGGAGGGAGAAAGAGGGACCTAGCGCGGGCCGCGCAGGCGCACGGTGGGCAGCTGCA,5.04107191902538,2.3337305368668417
3144,ENST00000368328.4,ENSG00000203760.8,CENPW,126340174,126348875,200.37391381651543,750,400.67,285.832,16.0726,ATACGGACCGGATTGTTTTCGCTGGCCCAGTGTCCCCGGAGCTTGTGTGCGATACAGAGAGCACCTCGGAAGCTGAGGCAGCTGGTACTTGACAGAGAGG,12.466801501718168,3.6400194678733575
3145,ENST00000533560.5,ENSG00000198945.7,L3MBTL3,130013699,130141451,6.278629640597065,3165,2772.98,234.826,1.90793,GCATTGCGCCCGCAGCCCTGGACCATTTGTCAGGACTACTCGTGAGACGGAGAAAAAAAAAAGAGAAAATTTGGGGAACCCTTAGGAGAAATCTTGAGAGTGGACAGCAATTGTGAAGATCGCCAGAGAGTTCTGTGTTTCATCACCGCCGAAAGGTTAAAAAATAAATC,3.29080712636054,1.7184414728319581
3146,ENST00000541650.5,ENSG00000118507.15,AKAP7,131135666,131283535,1.925984163834101,2008,1208.35,95.2047,1.77512,GACGCGCCGCCCGCATGCGCCGCGACC,1.0849881494400948,0.11767928521595326
3147,ENST00000360971.6,ENSG00000197594.11,ENPP1,131808016,131895155,21.496983785422977,7442,6909.88,523.132,1.7057,CCGGAGCGGCCGGGGCCACG,12.603027370242701,3.6556984196782167
3148,ENST00000230050.3,ENSG00000112306.7,RPS12,132814441,132817564,242.82258103092565,631,509.262,3219.18,142.418,GCCTCAATCCGGAAACAGAAACTCCCCAGGCCCGGCACTGCGGGAGCCACCTCTTTCGAGGGTGGGAGTGCACATGCGCACAGGGGACCTGAAAAACCCTTAAATACCGGCATGCGTGCGGATGAGGCCTCTTTCCCTGCCGCCGCCGAGTCGCGCGGAGGCGGAGGCTTGGGTGCGTTCAAGATTCAACTTCACCCGTAACCCACCGCC,1.7049992348644527,0.7697710918256898
3149,ENST00000525849.5,ENSG00000112319.17,EYA4,133240598,133532120,12.80206590293131,3456,3305.5,309.495,2.1095,CACAGCGCGAAGGGGAAACTTCGACACTGGAAGGAACGAGAATAAATACTTAATTACGGACGCACTGAACCGCGGCTGGGACAGACACTTCGGGAACCCGAGGCGGACCGGGCGACGAGATAGTCATTTTTACTTGAAGGAAGCTGCTTCTACTTGGGAGTGGCAGGAGAAGTGAGAAAACCAC,6.0687679084765636,2.60140364782241
3150,ENST00000613034.4,ENSG00000028839.9,TBPL1,133952170,133990432,16.962933519703356,1625,1301.95,131.19,2.27022,GGCCGTTACGCGATTTTCGCTCCCGCGGGCAGCGCCTCTCAGGCCACTCCCGAGGGACCCCGAGGACGCACTCGGGCCCCAGGGCGACGGTTCAAACGGGCCATTGTGCGCCCCCGGGGTCCCCCGGCCCCTGCAGGGCTACTTGGGCGCAGAGCCGCGGAGGGTCTCCGTTCCTAGAGGTCCTCCTATCCCGGGCTGCCTGAGTCCTCGCCAGCATCCGCCCTCTCCCACTCCCATCCTTCCTGGATCCGCCTCTCGGTTCCCGAGGGACAGTCCCGACCGCAAACCCACGTAGAGTAAGGAATGTGGGACAGGCGACAGAAGTGGCATACGGTCCTGCGTTATCCCTCCGTCTCGCCACACCTTGTGTCTCCATCTCTCCCCACTTCCTTCCCTCCGTCTGTCATCTGTCATCCCCGGTCGCTCTAAGACCAGGATTCCAATTCGCCTAGTGAGGAATCTCACTAGGGGAATTTATCGCGACATCATAAATTAACGGGTTCATTTTGACTGAAAAAGCGAAGGACTTTTTTCAGGCAGAAAACAAGTCTCGTCTGGACGGATGTGATCTTCGTGGTGGAAAGCTAAATTTTAAAACCACCCCA,7.471933786022216,2.9014816703847472
3153,ENST00000318471.4,ENSG00000112357.12,PEX7,136822564,136913937,14.541129688994712,1464,1193.8,112.039,2.11446,TCTCTCTAACCGCGCCAGTGTGCCTCCGACTCGGAACGGCTTCCGCGGCCGGGGCAGCGAGGGCCGGGGGCGGCGGGCGGG,6.876994452008888,2.781778181704345
3154,ENST00000251691.4,ENSG00000112379.8,ARFGEF3,138161921,138344663,6.056387033049512,14877,16122.6,1434.34,2.00438,CCGCGGCATGGAGCGGGCGTGATTCATCAGCATCCGCGCCGGGGCGGCATGGGGGCGCGCGCGGCGGCCGCCTAGGCGCCCAGGGCCAGGCAGCGGCGGCTTCCCCGGCCCGGCTCGCCCGCGCTTCTCTCCCTGTGGGCGGCGGCCCGGCGCCTGGAAGGTCAAG,3.0215762645054896,1.5953013560820397
3155,ENST00000607197.5,ENSG00000051620.10,HEBP2,138403531,138422197,100.07111732448432,10014,11424.7,759.819,1.4984,GGCTCCCTGTCGCCGCGGAGGGGCGGGGGCAGGACGCGCAACTCCGGCCGGAGCTGTCCGGGGTCGTGAGCCGGCCCCGCCTTGGTGGCGGCGCCCCCTCGCGGTCCAGAGGCAGACGCATCGGGTGGGCTCGGGTCTCCAGCCCGGCCGGGAGGAGGGACCGGGTCTGCGGAGCGGGGACTCGGGGCCTCGGCGGGGCGCGCACACGCAGGCGGGGCGGCCCGGGGTGCGGGGCCTCTGCGCGGCTGACCAGGCTCCCAGAGCGTCAGCGCCGCCC,66.78531588660192,6.06145902653351
3156,ENST00000367660.3,ENSG00000146386.7,ABRACL,139028682,139043302,296.5736089373372,845,533.262,356.0,15.0408,GGGCGGCCCCTTTCTTGAGCGCAGAAACACTTACTTTTCCCCCTACCCTGCTCCTCCTCCTCCACAGCCGTCTTTCTCTTTGCCTCAGCCACTTCCTTCCTTGGCCTCACCCTCCCCAGTGCACTGAAGAAGGTAACCGGGTCCAGACCCACGCGGCGCCAGTTCTCCGGCGGGAAGGAAAACCGCGCAGAGAGGCAGCA,19.71794112928416,4.301437013862774
3157,ENST00000367658.2,ENSG00000112406.4,HECA,139135112,139180802,8.334198086844877,5614,5400.43,831.381,3.46844,GCCTTTTCCCTCCGGCTCGGGAGCGTCTCGCTTGCGCCCCGGGCCCGCGGCGCCCGCGCGGCTGCGAGCCTCGGGTGGCCGCGTGCCGGCTCCAGGAAGCCGGAGAGGGCGCGGCGGCCAGGATGGCGCGGCACGGGCCGTGCGGCTAGACGGGAGCCGAGGGAACCGCCGGCTCGCGCCCTCCGTTCTTTCCCGGAGCCGGCTTCACGCAGGGCCGGGAACGGCCGTGCCTCTGGGATCCGCCTTCGCTGACGCCGGGCACCTACCTGGACGCGAGCGAGCGAG,2.402866443370759,1.2647564625162953
3158,ENST00000620996.4,ENSG00000009844.15,VTA1,142147162,142224689,3.508635077792128,3272,2638.83,582.725,4.97525,ACTTGACGTCGCTGAGCAACGGAAGAGTGGGCAGCATTTGCTCTGAACGCTCGTGCGCGCTACCGCCCAGACGGAAGCGGAAGTGCCGGTGGAGCGCGAGTAGGAAGTGGTGAGTTCGGAGTAGAG,0.7052178438856596,-0.5038591157487491
3159,ENST00000230173.10,ENSG00000112414.14,ADGRG6,142301854,142446266,9.13805196406245,7026,6126.22,759.769,2.79416,CCAGCTCCAGTCACGCCGGAAGCGCGGGCGGAGCGCACGGGTCCGGGGAGAGTCGCCTGCGCCCGCGAGGGGGACCCAAGTACCTAGGGTGGTGGCCGAGTCCCGCCTCCCGCCAGCGGGGGCGAGGACCTGCGACGCGCACCCCTGCCTGGCCCGGTCTCCTCAGCACCAGCCCCACGCACACCCTACTTCCTCAGCTTCTCGCCCTCACCCTGCCAACTTCCCTGCGAGGAGGGACCTGCCGCCAGCCTGCTTCCTCGTCCGCAGGCCCTGCGCTGAACGCTGCCGCGCCCAGGGTTCACCTTGCGCCGTCGGGAAAGCCCATGAACTCTCCAGAAACGGCGTAAAGGAGGGTCCCGCCGCGGCGCAGGGCTGGGGCGCCTGGGTTCCCCCTGGGTGGAGCAGCGGCAGCAGAGCGGGAAAGTGGTGGAGGATGATCTTGCGGCCAAAGGGGACCTCGGCGCAGTAATGTCAAC,3.2704111303799532,1.7094720114042667
3160,ENST00000357847.8,ENSG00000146416.17,AIG1,143060496,143340304,69.07513012376549,1395,1278.0,465.597,8.20807,CCTCACGCCCGCCCTCCTTGCCGCCCAGCCGGTCCAGGCCTCTGGCGAAC,8.415514258987253,3.0730514350990656
3161,ENST00000367591.4,ENSG00000034693.14,PEX3,143450807,143507327,44.18418110614944,1969,1393.36,294.629,4.76402,GAAACAGTTTCCTGGTGAAGCAGTCCCTCACCCCTAGTCAGCCCACACCCCTAGGGCCTAAAG,9.27455827350629,3.21327857102749
3162,ENST00000367582.7,ENSG00000112419.14,PHACTR2,143536845,143938471,9.429347142126325,4367,3888.12,223.134,1.29297,GCCGCGCCGGCTGCGGCCGGCCGGGCTGGGAGACCCGCGCGGGGTAGAAGGTGAGGGGACCCGGCGGGCCGCTCGGCACAGGCCGGGACATGAACGCCTGGAAGTCTGGCTGGGAGCGGACCCATGATCGAAGGACCAAAGGAGCCGCTTGATCGCTGGACCTGGCCCTGCGACCCCAGTC,7.292781071584279,2.8664690852052437
3163,ENST00000367576.5,ENSG00000135521.8,LTV1,143536845,143938471,70.29678892042041,1847,1386.02,1568.0,25.4881,TTATCGCCGGGTCCTGGGGCTGCACGTGTGGTGAGGCCTACAGAAGCGGCCTTCAGCTGGACCTTGGTCTCCCCGCCGGACTTCGAGGGTGTCATCGCCGCCCCTGTTGGGGGTGAGCGCCGCGCGGCTGCAGC,2.7580238982278167,1.463634957832815
3164,ENST00000367495.3,ENSG00000118508.4,RAB32,146543693,146554965,9.319525053795331,1217,1174.02,67.0,1.28576,GGCCGCGAGCACTGGCGGGTTCTGGGTCCTGTGACCGGTCAGGCGGCGTCAGCGGGCGCGGCGGAGGGCTGGCCGGCCTCGGGGGAGTTTCCGCGGCCGCCGGGGGCGCGGCGGCAGAGCGCGAGGCCGGGCAGGGGGCCAGACTCGGAGTCGAGGCGCGCCCGACAGCCGCAGCGCTC,7.248261770311202,2.857635059124526
3165,ENST00000367474.1,ENSG00000203727.3,SAMD5,147508927,147953937,10.168997854612728,6089,5093.44,294.873,1.30432,CC,7.796398011694008,2.9628077430893907
3166,ENST00000367467.7,ENSG00000111961.17,SASH1,148272304,148552050,4.571723948968599,7711,8415.29,417.31,1.11725,ATTTTGAAGAGAGGGGTCCCGGGGAGCTCCCTCCAAGATCTAGAGGCTCCGCGGCCACCCCTGCCGGGTCCTGCCAAGACTTGCTAGAAGGAACGAGTCGCGTGCCTTAGTTAGTTGGTTCCCGTCACAGGAAGAAACGCCTTTGCAGTGGGTTTAATTGCTTCTGGGCCGAGCGAATTCCCCGCCGTACAACTCAGTGGTGCGGACTTTGCCTCCTGCTACCCTGTTGCTGCGCCGAGCGGGGTGGGAAAGTTTCTGGAGTTGTCAGTCGCGCAGCCCGTGGCCACCTAGACCCGAGGTGCGGGCGCCTGCGAAGGGCCCCCGCGGGGTGGCCGGGGCCGCCGGGGCATGCAGCGCGGGGGCGCGGCTCGGTGACGCCGCGGGCGGGGACCCGGCATCCGGGCAGGCTGCGCGCGGGTGCGGGGCGAGGGCGCCGCGGGGACTGGGACGCACGGCCCGCGCGCGGGACACGGCC,4.091943565870306,2.0327862482600554
3167,ENST00000367463.4,ENSG00000111962.7,UST,148747328,149076990,6.771040707801954,4198,4369.42,590.545,3.04503,CGGCCCTCCCCATGTGCAGCCGGCCAGCCGGGCTCTCCTCCTCGCGGCGGATGGGTGACCTTTTCCTGGCACGGGCAGGCTGTGGGAGGCAGCGGAGCAGGCG,2.2236367811817797,1.1529211510187616
3168,ENST00000637181.1,ENSG00000055208.18,TAB2,149217926,149411613,19.705940615238863,4230,4075.13,191.117,1.05662,GCAGGCGAGCGCGAGGGGGGTGGGGGCAGAGGGAGGTGGGGAGGCCGAGCGAGCCGGAGCTGAGGATTGGGGAGCGGCGACGCCGCCCAGCCGTCGTTTTTGATCTGCTGCAGCCGCCGGCGGGGCGACCCAGCCCGACCCCCTCCCCTCCCCCTCAGCCAGGAGCGGTGGCGGCGGCGGCGGCCGGAGGGAGTTGGCGGCGGCGGGCGAGCGGAGGGGGCTGAGCGGGGAGGGAGGGAGGGCTGAGGTGTCCCCCCTGCCGGGTGGAACCGGAGGCGGCGGCGGCGCTGGCGGCGGCCGTGGTGGCGGAGGCGACGGTGGAGACGGCTGCCCTAGTGGGAGAGGCGGCGGCGGCGGCGGCCGAGGAGGAGGAGGGGGAAGCGGCGGCGGCAAAGGAAAATGCTTGGACAGAAGAGATGAGTACTATTTCCACTAAGGCCTAGAATTGCCTACTGTACAAATAGTCCTGATCAGGCAATATACGA,18.649978814747843,4.221102086554171
3169,ENST00000367419.9,ENSG00000055211.12,GINM1,149566294,149591748,50.1327427429499,2024,1599.37,733.721,10.3358,CCCGCCCCTCCCCGTCTCTCCCCGCCCCTCCCCGTCCCTCCCGCCGAAGCTCCGTCCCGCCCGCGGGCCGGCTCCGCCCTCACCTCCCGGCCGCGGCTGCCCTCTGCCCGGGTTGTCCAAG,4.8503979123967085,2.278103106618001
3171,ENST00000367378.5,ENSG00000120265.16,PCMT1,149749443,149811420,215.35021180264744,1293,1344.87,296.603,4.96887,CCGCCATCCCGCCGTCCCGCTCGGTGACCGGAGACACAGCCGGGAACGCGACTGATCAGGCTACCGAGCCGGGCCGCAGGGCGAAAGCGGTGCGGTCCGAGGCCTCAGAAAGGGACACGCAGCAGCGGAAGTGGCGCTGACTCAGCCCGGCCTCCCTGCAGTCCCCTGGCAGCGGTAGCAGCCACAGGGGCGGGCGGCTGGGCCACACGCCTCCCCCGCCCTCGGCCCCACCCGGCCGCACCCTAAGCCGCGCGGCGTCACAGAGCGCATGCGTGCCGCGGGGG,43.33987643119008,5.437623134974154
3172,ENST00000367351.3,ENSG00000131015.4,ULBP2,149942000,149949235,2.7874351865447773,1349,1239.43,150.918,2.74335,AAAACCTTGAGGTGATTCATCTTCCAGGCTCTCCTTCCATCAAGTCTCTCATCCCTAGCGCTCTGGGTCCTTA,1.0160698367123324,0.02299956511793748
3173,ENST00000229708.3,ENSG00000111981.4,ULBP1,149964007,149973710,3.458347445257407,3142,2933.26,560.568,4.30565,GGGAACCATCAGCGCCTCCTGTCCACGGAGCTCCAGGTCTACA,0.8032114652276443,-0.31614823208646287
3175,ENST00000361131.4,ENSG00000198729.4,PPP1R14C,150143076,150250357,54.48083836070101,2152,1988.32,586.0,6.64008,AGAGCAGGTGCCGGGGAGCCCTTCGCATGCGGCTGCCGGGCCGGAGGTGGTAGCGGCGCCGGGCGCGCTCCGCCCGCCCCTCCTCCGGGCCGCACTGAGGCTCGGGCGCGCGGGGAC,8.204846682675662,3.036476375517161
3176,ENST00000358517.6,ENSG00000120278.15,PLEKHG1,150599883,150843665,4.523484099556715,7138,7239.52,384.243,1.1958,AATATTTCTACGGAAGGCGCTGCACAGACTAGCAAAGGCTGTTTCTTTTACCTGACTGAGGTCACTGCATCAGCTGAAGGCAGACGATGTGCTTAAGCCTGAGTGGAGCAGAGATGGGCACCAGTTGCGTCTTGAAGTGCCATCAGCTGTAACCAAAGTTCCACATCCCAAGACGACAGCCAGGCGTTCCTGCCCTCAAGAACTGAAGACA,3.7828099176757943,1.91945828426033
3178,ENST00000367307.8,ENSG00000120254.15,MTHFD1L,150865549,151101887,25.834345050420477,1049,924.602,59.9614,1.4611,TCCTTCCCGCCGCCGCCGCCGCCGCCGCCGCCTGCTCCCCTGGCACGCGCCCCGCCGCCCTCGGCAGCCGCAGCTCCGTGTCCCCTGAGAACCAGCCGTCCCGCGCC,17.68143525454827,4.144163482205912
3179,ENST00000402676.6,ENSG00000131016.16,AKAP12,151239999,151358557,30.66681848853591,8432,8734.69,1310.38,3.37997,GGGACTCGGACTCGCTCCTGGGCGAGCTGAAAGTCGGCTGCAGCAGAAGCTCCTGCCTTGGGAGTTTGCCGCGAGCGCGTCTCCTTCATTCGCAGGCTGGGCGCGTTCGCAGTCGGCTGGCGGCGAAGGAAGGCGCTCTCGGGACCTCGCGGGCGCGCGTCTTTTGGCTCTTGCCCCTGTCCCTGCGGCTTGGGGAAGGCGTAACCCGGCGGCTAGGCGCGGGAGAAGTGCGGAGGAGCC,9.073103751967002,3.1815961562223922
3181,ENST00000367294.3,ENSG00000146476.10,ARMT1,151452258,151470101,88.42225441293218,2576,1734.04,620.878,8.06696,GCTTCCGGCTTTCGCTCGCTTCCATATCCGCTCCTCTAGTCGCCCTCCGCTGGCCCCGCCTTCGTCCCCGGAAGATTGGGTCTTCTGGCGAGCCACTGTTTGCCGTTTGATCGGGCACCAAATAAAGTTTCTTTATTCAAAAGCACTTTTTTTTTAAAGCCACACCACCCCCATTCTCAGCTCCTCCTTCGCGGCGGTACCGCCTCTGTTTCTGCGGCGATTGAACAGCCGAGCTTTGCGGCCGGGATCGCGGAAAGTG,10.961037914274048,3.454312510236784
3183,ENST00000367186.7,ENSG00000213079.9,SCAF8,154733325,155257723,18.160078763465076,4908,4640.58,635.555,3.08562,GCGGATCCCCGAACTGCGCGGCCCGACTCGAGTCCGCCATATTGG,5.8853905417598655,2.55713815255611
3184,ENST00000392185.7,ENSG00000130340.15,SNX9,157700387,157945077,27.16085019452815,4198,4355.92,1383.0,7.15327,AGCGGCTGGGCCTGAGCGTCGAGACTCGGGGCCGAGGCGGAGGAGCGGCCGCCGCGCCGGGGCCCAGCCGGAGCCGCCGCCCTCGCCCTTGCCTTTGCCTGCGCGGCTCAGAATCACCATCCGCGGCGCGGGAGACGAGCCGGCCGTCCCGGGCCGGGGGACCCGCCCGCC,3.7969837842732277,1.9248538376721578
3185,ENST00000355585.8,ENSG00000078269.13,SYNJ2,157981887,158099176,3.9076968184687697,7378,8242.12,614.501,1.67975,GCGGGGAGCTGTCGCGGGCAGCGCGCCCTCGGGAGGACGTGGCCCCGGCCCCCGCCCGCAGTGGGCCCGACCCTC,2.3263561949508973,1.2180720088259125
3186,ENST00000607778.1,ENSG00000272047.1,GTF2H5,158168352,158199344,251.03234604673045,7481,6503.35,498.362,1.72651,ACTCTGCCGGCAACGCCGAGGCGCTTCTGCATCTGTGGGCCGAGCATTCTTCAGGTCATCTGAACCTTCTGAGAAAAC,145.39872114655023,7.183870769873747
3187,ENST00000367097.7,ENSG00000130338.12,TULP4,158232236,158511828,2.569222674187144,11295,13369.3,629.432,1.06072,TGTTTGTTGCACTTTATTTTTCAGTGGGTTTGGTGATTTGGACGGATTAAAATTCTAGACTGAAAAGTAACTCCTACTGTGGTTATGGCTAGAGGAAAGCAAGTTCAAGTATGATGGGACAAGTTTGAATAATGAACTGATTCCTTTGCCTATCTTAATTAACTGTATTTGAGAAATTTTAATTTATTATTCCCCCCCTTTTTTCCTGCATCTATAGGATAATATTGTAAAATAGCAATTGAAACCAATAATTATTAAATAAATATCAAGGAAAATCCAAGCAAAGCTTTCTTTTTGTTGGACTAGTGGTGTGGTGTTTGGAGACAGTCTCTGAATGTGAACAGGAAAGCACCCATCAGCAAAACACTATCACTCTCTAGGGAGACAGCTGGGGGAATCTGACTCTGGCTTCTGCTTTTGTTTTAAGGGATTAACTTCCCTGTCAAGTCCAAGAAGACTTGCGTATGAGAAGATTACCTGATGGACTTAATTCTAAGATTAGCTTTTTTCATCAAGATGGAAAAAGATCTTTAGGAGCAGAAAAGGGGAGTGCTAACTGGGGGAGCGAGAAGGGAGACGAGCAAAAGAAACAAAATCTTGCCACGTGGCTCTGTTTTGTCAGCAAGAGGATTTAAGACTCACCCAGGGCAAACACTGGGACCACTGTAAGAGCGCTGGAACATTCTGCCTCTTGAGTGAAGGGGCCTTCTTTCTAGCCTCTATGGCACTGAGGGGTGCGCCGGCTGGTGGAGGAGCAGTCCGATGGAGCCCTGCGTTCCCCGGGGACACAGGGCCAAGCTTTGAGGTGGAAAGTTTCTGGTTCTGAAACAACAAGGAGAGAGTCTGTTTTTCTTCCTAAAATTTGGACTCTTGTCTGCACAAACTCTGGTCTGTTTTGCACGGTTTGTGTGCCTTTTTTTCCCTTTATGCAATCTTTTTCAGCTTTAGCAGCAGAAATTTGTCTAGTTCAGGAAACATGCTAGAGGGTGGCTTCAGAAGGAAGATGATCCTGTGTATTCTGTCTCTGCATCCGAACTTTTGAAGAGAAAAATTCGAGCTAGAGGGATTCTTAAAGCCTTAAGTTACTTGAAATCTATGTATTTGCAACCCTTTGTCTCTGGAATCATATTACACTAAACTGGAATCTCAGGCTGAATGAGAATAACCAAGTGGAGTAAAAAGAAGAAAACCGTTTCTTGATCACCACTTAATTAACGATGCTCTTTCTCCAAAGGATCAGCACGTTCTTCCTCTGAGAACTTGAAAATACAAATGGACCCCATGTTTTTTTAAGCATTACCTTTTCTTAGAAGACTGCCATCATCTTTTATAGAGGAATTTTTTCACTATGCATTCGGTGGATCTTTATAAAATACTGACCTTCTAATTAGATTCAGGTCAGTCTTAATTAAAGGGGGAAAAAAGCAACGCAAGCCAACCACAAAAACACATATACCAATGAAAGAAATTGGTTTAAATTTCACAGCATTAACATTACTTTTTAAGTAAAACAGTTCATTGAAGAAAGT,2.422149741861324,1.2762880579153384
3188,ENST00000367090.3,ENSG00000146433.8,TMEM181,158536436,158635428,22.21162405749885,5390,5202.87,1068.66,4.62762,CGCGGAGGCGG,4.799794291125643,2.2629725763478805
3189,ENST00000358372.8,ENSG00000146457.14,WTAP,159725585,159756319,96.5149911707808,3656,3404.24,499.358,3.30486,TTACTTTGTTTCCTTTTTTATTTACTTTTTTGGCTATGTAAAACTAAAAGTTCAAAGACAGAGAAATCTTGTCTCCACCCCCCACTCTTTATAGGCAACTAAAAATGTTAAGTTTCCAGGATATCCTTCCAATTCCTCCCCGAAAATAAGCATATACACATAAATATTCATATTAAATATAAATATATATTTTTATGTATTTAAGTAAATACATAAAAGCATATATGCTTATTTTTGCTTTTGAATACAGTGAATACTTACTACACTTAAATATTTAAGTGAATACTTAATACAACCTGAGACTCATTCCAAAGCAACACACGATTATTTCCTGAATCTTTTTAATGGTTGCATTGTGTTCTACTGTATGGATGCACCATTCCCAATCAGTTCCCTATTAACGGATATTTGGGTTATCCCTAACTTTTGCTATGACAAATAGCACTGCAATAACCTTGTATACCTATTGTTTCCATGTGTGGAGCTGCACCTTCAGAATAAGGTTAGGGTTAGAAGTATAACTGCAAGGTATAAGAATAAACACAAGTAATTTTGTACTCCGTGGAACTTGAACCATTTTTCCACTCCCACCAGGAAAGGTAATTTCAACGTGTATTTCCATTGTAAGTGAGGTGGAGCGACTTTCTATGTTTAAAGACCATTACGGTATTTTTTCTGAGAATCATCTGTTCATGTCCTTCCCCATTTTCTCCTTTGGCTTTTGCACTTTTTGTTTTCAATTTTTGAGAGCTCTTGTGATACGAGTTGCAAAGATTTTCTCCAGACCGATCTGATTCACTGGAAATATACTACGACCATCTGGAATGTACTTTAATCTTATCCTAATAAATCACCTTACTACAAGACACTCCTTTGGGGATGAACAGGTTTGATAAAGCCGGCTAAGGACAGACCAATCAAAAGAATTACGTGCTCTTCTAGTAAGTGTTTAGAGACTGTTTCACGTTCTCCAGGTAACACCGCCATTACTCGGCGGTCCAGATGGCAGTCTTACTTCAGGGAGTCTACTCCACTTGCAGGACCTCTTTGATTGAGTTCACTAAACCTCACAGGGCCGCCTTCCCCGTGTTCCAGTTAGCAAGGGGCCCTCAACGCCGCGGACACAGCGCAACCTCCGACGCCAGAGAACAATAGCTCCTCGATGCGTCTCCAGAGATGTCAAGGAGGAACGAACCCAGCGGCCAGGAGACTGCGCCTCACGACTGATGAGAGGGAAGGCATCGGTTTCTAAGTTCTCAAAACTTACAGGTGAGCTTCTGCTAAGAGTAAACGCCCGCGGCTCGCCGCCCACGGCCTCTCTCTTGAGGTGGCACCTGGTCCTCCGACACGCGGAAGCATCACGGATGAGCGTCACGAACACAGAGCGGCCAATCACGCGCCGCCTTCGCCCAGATCCCTCCGCACGAGGCAGCCCCGCAGCCGCAGGTGGCCCCGGCGAGTACTTCCACCTTCCCTTCCCGTGATGCCCTGGGGCTGACCTCCGACCTCGCTGGCCCGCCCCTCCCCTCGGCCGCTTCCCTTACTGAGCTTGCTGAGCTCCGGGGCCCGCGGAGCTCGCGCCAGGCTCCTGGGAAAGGACGGGGAGTGTTACCGGGGAGCAGCTGCTCCATTGTGCCTCGAGGCCCCGATCGGGCTAGGCCGACGGCCTCCCTCCCTTCACCTTTCCTCTCCTGGCGGGGTTCGGCGGCGGGCGAGTGACTGCGGCCACGCCTGAAAGGCGACTCTCCTGATTCAAG,29.20395755668343,4.868091983188573
3192,ENST00000367048.4,ENSG00000120437.8,ACAT2,159760328,159779055,277.4682717308728,3180,3523.26,1112.03,7.11104,GGTGTGATCTCGGCTCACTGAAACCTCTGCCTCCTAGGTTCAAGCGATTTTCCCATGTCAGCCTCCCCAGTAGCTGGGATTACAGGCGCACGGCACCACGCCCGGCTAATTTTTCTATTTTATGGTAGAAACGGGATATCACCATGTTGGCCAGGCTGGTGTCAAACTGCTGACCTCAAATGATCCGCCCTCCTCGGCCTCCCAAAGTGCTGGGATTACAGGTGTGAGCCAAGGTGCCCGACCTGATGTGCTTGTAAGAATTTAAATGAAGAGGGTCAGTCAGCTTAGGAGACGAGGTTAGATGTAAGGATTTCAGACTTGTCAGTATACAGGTGGTGATTGATGCCGTAGGAATGACTGGTATTACCCAGGGAGCTGGTGCAAAGTAGGAGCCTTGGGGAACATGTTAAGGGGATGTGAGAGTAAGCCCACAAAGACTCAGAAGTGGCCAGGGAGTAAGGGGAAAATGGGATAGAATAGAGCAAAAGCCACGGGAGGCATTCCTTGAATTCCTTGGACTCAGATATGTTAGGGGACAGGAAACACATTGAAGACAACTGAAGAGACTTCAGTGTGCTGCTGAGTTCTTAGCAGAGTAGACAGCTGATTTCACCACTATTCCAGACCCTAAAGATTTCTCCTGAAATTGCACTGTTATGCAATTTTTTTCCTTCTCTATTGCCCCACCTCTGGGGCCTACACTCTTTACCTTCTCTGATTTATCTGACCCATCCGCATATCTCTGCAAAGTCTTAATGTAGGTTTCCAGGATTTAATGATTCTTTCAATCAACTTTAAAGTTCTTCAGGAAGATTCTCCAGGTCCGTCAACAGTTTTCCCCTTCATGACTTTGTGACAAAGCTTTCTTGTTCCACTATCCAGGTGTTCCCAACAAGTTGCTGTAACGGTGGCCCCTCATAAGCTTGCCTGGAAACCCTAGAAAGCTCAGAAAAATTATGAACTTTGCCCAGTAAGAGGCTGGGAAGTCAGAAAGGGTTTTAAACAAAACTGACCCCACTTGTTACATGCTCCTTTCACTGTCCAAACGTCAACCAAAGGAACTTTTGTGACGCTAAGACGCTCCCGGCGTCCTCACCCGTTCACAGCCAGAGTTGATCTTAGAAGGCAGGGGGCTCGCACCGAGACGCTCCTAGCAAGCCCCTCACGCGAGCGAATGACTGGCGCCAGGAGAAACGCATAGGACCTCCCGAAGCCGCCGAGAGCAAAAGGACCCATCAGAGCTGTGCTGAGACCCGCCGCGGGCCGGGCTCGCACTCGAGATTCTCGCCCGTGGGATTCCAGTCCTGAGCTGAACGAGAGATAAGTCTTTGTCACCCCCCAGTCTTTACTGTTTCGAGAAACCCTAAGATTTTTTAAAAAAAAGCCCAAGACGTCAAGTCGGGGAACTCCAACATTGGGGTGTCCAGAAACACTGGGGTTTCAGGCGCTCTGTAAATGCGTCCGAGGTCCGCGGTTCTGCCCGCAAGCCCAGACCCCGGCCTCACTTCCGCCCCGCGCCCCGCGCCCCGGCCTCACTTCCGCCCCGCGCCCCGCGCCCCGCGCCCCGCGCGCCTCCGCCCGCCCCTGCTCCGGCCTTGCGCCTGCGCACAGTGGGATGCGCGGGGAGGTGGTGCGCGGGGAGGTGGAGGGCGAGGGGCGGGGCTACCTCAGGTCCCGCCCGCGGCAGGCCTGTGGGCTGCGAGGAGGAGCTTTGCCTAGCTTGCAGGCAGCGCAGGGCAGACGGCGGCAGGAGAAGCAAG,39.019365905813046,5.286118428139989
3193,ENST00000367034.4,ENSG00000112110.9,MRPL18,159789812,159798436,257.4243220361067,978,875.867,1151.43,29.6184,GGAGAGTTTGGGGATCTACAGCAGCCAAAGGCTTGTCCCTGACTTTATATGGCTGCTCCTGGCGAGCGACTGAGTCGTCCGTGAGGAAAAAGAGGCGAGGCTTTTCCGAGATCGTCTCAGCG,8.69136489601419,3.1195827563361607
3195,ENST00000356956.5,ENSG00000197081.12,IGF2R,159969099,160113507,24.6782192887835,14044,16686.4,2052.58,2.7714,CGAGCCCAGTCGAGCCGCGCTCACCTCGGGCTCCCGCTCCGTCTCCACCTCCGCCTTTGCCCTGGCGGCGCGACCCCGTCCCGGGCGCGGCCCCCAGCAGTCGCGCGCCGTTAGCCTCGCGCCCGCCGCGCAGTCCGGGCCCGGCGCG,8.904603914549867,3.1545514402742967
3196,ENST00000348824.11,ENSG00000085511.19,MAP3K4,160991727,161117385,1.3551518438380736,5295,5379.24,359.141,1.5042,CCTGCGGCGGGGTAGAGGCGGAGGCGGAGTCGAGTCACTCCCGCACTTCGGGGCTCCGGTGCCCCGCGCCAGGCTGCAGCTTACTGCCCGCCGCGGCCATGCGGGGCTCCGTGCACGG,0.9009120089337014,-0.15054188837578739
3197,ENST00000361758.8,ENSG00000112531.16,QKI,163414000,163578596,8.796153043933069,6085,5709.14,1720.31,6.78889,GGGCGGAGCGACCCTCGGAAGGGGCGTGGCGACCGGGCTCGACGCGCGCACGCGCTCTGGAGCCCCACGGCTACGTGTCGGGCCACGTGATGCCCACCCCGAAAGTCCCCCGTGAAGCAACAGGACGTTAAAAAAAAATTTCTCTTCTGCGGGGTGGATAAGAGGTTCTGAAAAAACTATAGTAACGGGAGGCGAGGCGGAGGCAGCGCTGGCGCGTCCCGCTGGAATTCCTCTCGCCTGCCGCGCCAGCCCCGACCGCGCCCGCAGCCCCACCCGCCCCGTGCCGTGGAAAGCCCCGCGCCCCCCCCGCGGCCGTCGGCCCCGCAGCCCACACCCACCCGCCCCGGGCGCCCCGCACGGCGGCGACCCAGTCCTTGCGCCCAGGCCCGCCGAGCGCCGCAGTCCGTCACACTCCCGTTGCCCCCGTCGCCCGCCCCGCCGGGGAGGCAGGGAGGAGGGGGCGCGGCGCCGGCGGCTGCCCCGGTCGCGGGGCGGCGGGCAGCAGGCAGCGGGAGCGCGCCGGCCGGGACCCGCTAACGGCCGCCCTGCGCGGCCCCGCCCGCCGCCCGCCCCCGGCCCTCCCCGCGCCGCTGCCCCTCCCCCCGCCGCCGCCGCTGCTGCCGCCGCCGCTGGCAGCGCCGCCTGAACTGAGGCGAACTCCGCCGCCAAGTGAGTGAGGAGGAGGAGGAGGAGAAGGAGGAGGAGGAAGAGGAGGAGCGCAGTCGGAGCGCGGCGGCAGCGGCAGAGGCGCCGCGGCGGGGACCAGCCCAGAGAGACCCCCCGAGCCCGCGGCACAGGCGGCGGCGGCGCTGAGCGGGCTCGACCAGCCGAGCGAGCGGCGGCCCCGGCTCCTCCTCGTCCGGCGCCAGCAGCCCGCGCCCCGCGCCCGCACTCGGCCAGCCGAGACCCGCCTCCCGCCCGCCCGCCGGCCTCGTGAGGGACGCGCCGAGCCGGGCGGCCGAGAGCGGCGGCGGCTGGGAGCGCGTCGGGCCCGGGCGGAAAGTGCCTGCGGGGGGCGGGCGAGCGCGCGGTGCCGGCCGCCCCGGGGCTCGGCGCGGGAGCCAGAGCGGGAGCCGGCGCGGAGCGGGACGCCGGGTCCCGAGCGGCCCGCGGCCGGGGCTCGCCCCCGCCCCTCCCTCCTCTCCGGCGGCGGCGGCGGCGGCGGCGGGCGGAGTGAGCTGCGGAGCCTGGAAT,1.295668812417504,0.3736969961981937
3199,ENST00000349556.4,ENSG00000213066.11,FGFR1OP,166999182,167139696,21.31792872261016,1484,1168.88,241.783,4.66037,GCAAG,4.574299620547329,2.1935508666067642
3200,ENST00000332290.3,ENSG00000185127.6,C6orf120,169702190,169704856,111.99297396476442,2667,2431.67,1232.14,11.4161,AGTGGTGGTGAGTCCGAGGGTGCCACAGCGGCCCTGCCCCTGCCCCTGCCCCTGCCCTGAGTGGGCGCCGCGCTACGGGGGAGGGGTTAACCCACCCCTCCTCCCCGGGGCCTCACGCGGGTGGGAAGGGACAGTCCCAGCGACAGACCAGGCGCCTGGACGCGCCGTGGACCCGCGTGCGGACGGCGGGGACAGGCTCCGGTGCTGAGCGCCTCCGGTGTCCCCAGCAGCACTGACCCACTTGCAGGCCCCGGAGCTGAGCCGCCAGCC,9.810090483156632,3.2942664431722757
3201,ENST00000366773.7,ENSG00000130023.15,ERMARD,169751622,169781584,9.234570777800188,2141,1901.35,98.3467,1.16536,ATTCACGCGCGCCGCAGCGGGGCACCGGAAGTT,7.92422150906174,2.9862692090459637
3202,ENST00000476287.3,ENSG00000112584.13,FAM120B,170290703,170407065,17.256637071911147,5155,5313.34,568.659,2.41127,GTGAACGAGGCGGCTGTGGCGGTGGCTGAGGCGGCTGGGCCTAGGGTGCAGCGGGCGCGTCTGCGGCTGGTGTTGGCGCATCTCTAGATCCTTTCCCGGAGTTCAGTT,7.15665896888824,2.839286233585612
3203,ENST00000230449.8,ENSG00000112685.13,EXOC2,485133,693111,25.306670298234383,4449,4177.4,815.587,4.39872,GTGAGGTGCCGGCGGCTGGCGGCCGCGGAGTCTTCGGCGAGACCTACCGGGCCCTGTCTGTGCCGGCCGTGAGCTGCGGCAGGACGGCTGGAGATTACTTCTCTAACAGGATCACCAGTTTGCTCCACAAAGCACA,5.7531896320371345,2.524362023966413
3204,ENST00000380815.4,ENSG00000112699.10,GMDS,1623806,2245692,31.21516628515316,1752,1892.78,158.765,1.8898,GACGCGAATGACGCTGCGCCAGTCAGGCCGCAGCCCCGCTGCTTGGCCCGTCGGGCCCGCCTTGGCCGGCTCGGCCCGCCCCCGGCCCTCCCTGCACGGCCTCCCGTGCGCCCCTGTCAGACTGTGGCGGCCGGTCGCGCGGTGCGCTCTCCCTCCCTGCCCGCAGCCTGGAGAGGCGCTTCGTGCTGCACACCCCCGCGTTCCTGCCGGCACCGCGCCTGCCCTCTGCCGCGCTCCGCCCTGCCGCCGACCGCACGCCCGCCGCGGGAC,16.51770890313957,4.045941685803104
3205,ENST00000380739.5,ENSG00000021355.12,SERPINB1,2832332,2842006,24.573813744919605,2619,2417.93,299.931,2.79473,CGCTCACTTCTGCTTGCACTTAGGCGACCTCGGGAGCTCGGACTCCTACGCAGTCACCGGGAAGGGCCGCCGCCCCGCCCGCGGCTGCTGGCCCGGGTGACGCTTCCGCCTGCTATAAGAGCAGCGGCCCTCGGTGCCTCCTTCCTGACCTCGCACCCAGCTCGGAGCCCGGAGCGTGCCTCGGCGGCCTGTCGGTTTTCACC,8.79291156745718,3.1363409592714655
3206,ENST00000259818.7,ENSG00000137285.9,TUBB2B,3224261,3231730,174.5698351710876,2020,2447.46,2058.12,18.946,GGGGGGCTCGGGCTGGGGGCGCGGCCTGTGCCGGCCGCCCCACCCTCCTTGCATAAAAGCCGGAGCCCGCGGGGCCGGCGCTCTCAGCCCGTCGGTTCCCGAGCGCCTTCCCGGTGACCCCGCAGTGGGTGTGTGAGGGGAGGACGGACAGACCCAGACGCCGCCGGACCAGGAGGACGCTGACGAGGCACC,9.21407342822166,3.203839095023646
3207,ENST00000380118.7,ENSG00000198721.12,ECI2,4115689,4135597,100.84559125059016,1407,1242.3,315.486,5.72157,ACCCCCGAGCCCCCGCAGCCCTAGAGCCGCCCAAGGG,17.625510349535208,4.139593126474478
3208,ENST00000319533.9,ENSG00000124787.13,RPP40,4994732,5004063,2.8360821121354727,1088,741.007,76.0068,2.31096,GCGGAGGCCGGGAGGACCAGGAACCCAGGAGAGC,1.2272311559418911,0.29540701438136663
3209,ENST00000500576.4,ENSG00000214113.10,LYRM4,5102593,5260939,2.982341465012299,592,402.269,43.5366,2.43837,CAAA,1.2230881552070847,0.2905283911887932
3210,ENST00000244766.6,ENSG00000124785.8,NRN1,5997999,6007605,19.22129185107824,1624,1514.81,388.88,5.78387,CCCCCTCAGCCTCTCTCTCTCTCTCTCTTTCTCTCTCTCTCTCTCTTTCTGTCTCTTCCTCGCTCCCTCTCTTTCTCTCCTCCCTCTGCCTTCCCAGTGCATAAAGTCTCTGTCGCTCCCGGAACTTGTTGGCAATGCCTATTTTTTGGCTTTCCCCCGCGTTCTCTAAACTAACTATTTAAAGGTCTGCGGTCGCAAATGGTTTGACTAAACGTAGG,3.3232579312948323,1.7325982706883436
3211,ENST00000244763.8,ENSG00000124783.12,SSR1,7268306,7389743,234.78051346653007,9669,8926.91,961.369,2.42634,CGGAGCCCGGATGAAGAGTAACGCCATTACCGCCGGAGCCGCCGAGAGCCTTAGCCGACGGAAACTGGACACTGGACCGGCAGCGCC,96.76323741377138,6.596387133352163
3212,ENST00000379757.8,ENSG00000239264.8,TXNDC5,7881517,8102578,267.17607998524767,2964,3363.33,4190.66,28.0721,CCGGAGGCCGCGGCGAGAGCGCGCCCAGCCCCGCCGCG,9.517495306202518,3.250581953285565
3213,ENST00000397457.6,ENSG00000188428.18,BLOC1S5,7881517,8102578,42.82634541496332,2684,2282.32,253.986,2.50724,AGGCGCAGCGTGGCCGCGGGTGGGCGGAACTGGTCGGG,17.08107138325941,4.0943265634546115
3216,ENST00000507463.1,ENSG00000124802.11,EEF1E1,7881517,8102578,144.75034370076534,654,388.523,236.759,13.7294,CTGCAGGTCTCGCGTCTGCCAGGAGCTACGGCCGGAAG,10.543093194223006,3.398226290257137
3218,ENST00000379660.4,ENSG00000124786.9,SLC35B3,8413068,8435483,9.57201550062821,2137,1807.88,156.0,1.94409,GCGGTGGAAAGTGCAGGAGTGGGCGAGGAGGAGGAGGAAGAGGAGGTGATGGCGACGGACCAGGGGAGGGGGAGATGCTCCGTCTAGCTCAGACGCCACGCAGGCTGCCGTCACCCTTCCGGGTGACATACCGGCCTTGGGGTACGCGTGCCTTCGGGGCCTTTCCTGTGTTTGGGACCCAGATCTCCTCTCCTCCAGAAAACCTTGACACTGCCCATCTTCCTCATCCAGAAGGAGCGTTCGAGGAATGGATGAGGTCGGGATGGAAGAAACGGGTGATTCCCTTTTTTGAAAGAGCGGAAACCGGCCGGGCGGTTTCCAGGGAGGAGCATCTGTTCCTCCTCGCCCGTTTTTCGCCCTCGGGCTGGCGAGAACTCCCTCAGGTCCCAATCCGTGGACTCGCAGGGGCCATGATTGATTCCGGAGCGCAGTTAATCAAGGCATAATGGC,4.9236483396489925,2.299727724299666
3219,ENST00000379613.7,ENSG00000137203.10,TFAP2A,10393186,10419659,45.15461042905935,3317,3799.16,801.637,4.75393,TCCGAGCGCACACGGGAGCTCTTTCCCTTCTCTCCTCCTCCTCGCCCTTCTCCTCGCCCTCCTCCTCCTCCTCGCCCTCCTCTTCCTCCTCCTCCTCCTTGCCCTCCTCCTCTCCCTCCTCCTTCTCCTCCTCCACCTCCTCTCCCTCCTCCTCCTCCTCCTGCGCTCACCGCCGGCAGCCAGCACTTTGCGCTCACCCAGAGAGTAGCTCCACTTGGGTGCGAGACCGAGAGGGGCATATCCGTTCACGCCGATCC,9.498375118914108,3.2476807336136586
3221,ENST00000354666.3,ENSG00000197977.3,ELOVL2,10980759,11044314,30.862319862080305,3997,3513.79,1140.0,7.30955,GATAGCGCCGGGCAGAGGGACCCGGCTACCCTGGACAGCGCATCGCCGCCCGCCCGGGTCGCCGCGCCACAGCCGCTGCGGATC,4.222191497709203,2.0779920136756256
3222,ENST00000356436.8,ENSG00000145979.17,TBC1D7,13264861,13328583,13.570457012978563,1116,837.841,119.53,3.21422,GCGGCGGCGGCAGCGGCAGCGGCAGCGGCGCTGAGTTTTGTCTCCCGGGCCGTCTGGGCGCGCGCGGGTGTCCCAGAATGAAAT,4.222006276166088,2.077928723305382
3223,ENST00000011619.5,ENSG00000010017.12,RANBP9,13621498,13711564,37.641471399063526,3113,2891.23,1378.32,10.7406,GAAGCAGAGGAGGAAGGAGAGAAGAGGTGGAGGTGGCCGCAGGCTGAGTCGCGGCCGGG,3.5045967077317397,1.8092484353254434
3224,ENST00000379170.8,ENSG00000050393.11,MCUR1,13786557,13814568,24.8655130087298,5471,5279.78,1163.84,4.96637,GCGCGCCCGGCAGGAAAGGGCGGTCCTGCGCTGTGGCCCACGCTCGCTCCCGCTGTCGGACTCTGGGCCTGGACCGCGCGTGGCCGGCGCCAAAAGCGAGAGGCATGAGCGCGCGCCCGGGCCAGTGAACTGCTCGGGG,5.00677819186444,2.3238825431817274
3225,ENST00000344537.9,ENSG00000047579.19,DTNBP1,15522801,15663058,38.55641617661097,1403,1461.15,329.708,5.08391,ACGCGGAAGGGGCTGGGGTTGCGGCGCGGCGGCGAGGACCAGACCGGGGGCGGGGCCGGTAGTGGGAGTGCGGGGCGCGCGGTGACAGCGCGGGGTTGGCGGCGTGGGACCCAGGGGGCGACAGAGGCAGCAGCAGCCCGAGGCCTGAGGAGAGGAGACCGGCGGCGGCGGCA,7.584008406248532,2.922960563345659
3226,ENST00000309983.4,ENSG00000137364.4,TPMT,18128311,18155074,18.045249147778257,3181,2760.39,493.824,4.03054,ATTGGTGGCGGAGGCAATGGCCGGCAACCAGCTGTAAGCGAGGCACGGAAGACATATGCTTGTGAGACAAAGGTGTCTCTGAAACT,4.47712940394544,2.1625740175339176
3227,ENST00000397239.7,ENSG00000124795.14,DEK,18223868,18264823,456.0932596226535,3427,2793.39,5424.17,43.7486,TCCGCGCTGCCAGGCCGCCTCGCCTCCCGCTCCCGCCCGCCCCGCGGGACACAGCCCGCCCGCACTCCGGGGCCCGAGCGCCGACCACACTCCAGGCGCAGCCGGGGAGAGCCCCGCGCGCGCATCCCTCCGCCCGCGGCCGAGGCGACCCCTCGCGGTCCCGCCCGCCCGAGCTTCCCGCGGAGGCACCCGGCCGCCCCGCCTCCCCCGCCCCGCGCCCGCCAACTCCCAGCTCGCGGCCCTGATTGGTCGCCGCATTCCCGCTCTCCTTCCCGAACCGCCATTTTGAAAATCTTGTTGATTCTGGGGAGCCGAGCGCGCGGCGCGAGCGTCACGCCAGACAGCGGCCCGCGCGCCTTCTCCTCGGCGTCGGCCGCCGCCGCCTCCCAGAACCTCCTCGTGCCCTCGCGTGCCAGGCCCGCGGCGGCCGAAATCCGCGGTTCACAGC,10.42532240169179,3.382020094397095
3228,ENST00000378454.7,ENSG00000146038.11,DCDC2,24171756,24358052,15.088777678375092,4707,3924.71,330.324,1.89625,GTCCACCTTGATTCTGCCCGTAGCAGGTGAACCTGGTGTGGTGCGCGCACTGCGGGTCCTGATTGGCTGTGCACGCCACGGTGAAAAACTTGAGCGTCTACTCCGAGTCCTGCAAGCTCCTAGTGTCTCCTCTGGGTGGACGCCTAGGCGCACGGCCGTTACTTCTCTTTCACCTGTGGATTCGTCAGTTTCTCGTTCGTTTCAGGAGGCGATCCCGCGCCCTGGGTGCGGTGAGGCCGCTGGGACAGCGGAGGTGCCTCCCGACGCGAAGCAGCGAGCTGAGGCGGCGGCCAGCGGGGAAG,7.957166870599917,2.992254854224544
3229,ENST00000378198.8,ENSG00000111802.13,TDP2,24649977,24667033,37.18984753461596,2071,1577.47,684.55,9.77698,GCACCCACCGCCCCGGCGGCTCCCTTGCGGCGCAGCTGCACCAGTTTTCCGAGAGCAGCGCATTTCCCCGCCGGGCGGTTGATGCGGGAGCGCCATGACACAGGCGCCTGCGCAGAGCCGCGCGTTGGCCTCCTGTTCCGCTTAAAGGGGCGGTGCAGAGGCGGCAGGAAG,3.8038174911492053,1.9274480267109384
3230,ENST00000378119.8,ENSG00000112308.12,C6orf62,24704861,24720836,65.69317025756712,4134,3946.67,1990.1,11.3607,AAACGCGACTCTGCCCCGGACCCGCGAGGCGCCCGAGGCCTTCGCCGCTTCTGCAGCCACCGGCGGGGGGGGGAACGAGGCAGTACTGCCGCGGACGCTCACCAACCGCTTCGGCTTTTCCCCCCTCCGGGTCTCCTCGACCTTTCCTGAGAGCCGGAATCCGACTGTAGGGGGAAGAAAGACTCAAGAGCAGATGCTTGAACTGAAATAACTTTATTTTGGGGGGTTACTTTGCTGACCCTTAGCGCAGGGCTTCCTTTCCCTTCCCCCTCCGCCGCCAGTACCAATCCAACTCCCCATCTTTCTCTTTGTTTTTCCTCTTTTTCTTTTTCTCTCCCTGTTGCCGCTGTCTCCGCGTCCTTCCCCTCCGTTGCCGCCCAGGGCGCCGAGCCAGACTATGGGTCCCAGGTGGGGGCTGAGCGGCGGCAGCAGCGCGGGCGGTCCAGTCACGGTGCGCACTGCAGCGGGGATGGAGGGGCTCAGTTGGCTGGTGGTTTTCTCTTGACATGGCTCCTGCCCGTGCTACCAGCAGCGCCCCCGCCGCCGCCGCCTCTTCCGCCGCCGCCACCGCTCCGCCCGCAGGCTGCGGCTAGAGGGCCCAAACCCCGCCCTAGAGTCGGTCCGTGAGTCCCGGGCTCCGCGGGGACAGGGAGGGGATTTCCCCGTCACCCACCCCGCCCTAGCTGCCTCAATTCCACCCCCTGCCCCTCGGGAAACAACTAACGACCCCACCCTAAACAATCCAAACTCTGGAAACATGGTCTGTTCAACGTGAGAGAGAGCTAATCCGGGAACTTAATTTTTTGGGGGGAGGGTGGGTGGGCTTACTTTAGAAGTAATATTAACACAATTATTTTCTTTTTTTCCCCCACTGAACCTTCCCATTTACCCTCTCCCGCCCACTCCACCCGGGCGGGAATTGTTTCCACGATGAAATGAGTGAAAACCTGAGTGATCCTGTGTCTCCCGTGGTGCGAGTGAGTCGCTGCCGCTGAAGGCAAGGGGTGGGGGTGGGACCTGCGGGGGTGGAAGGCAGGTGGTCTCCGGGCACCGCCTGGGATTTGGGAGAAGAACCCGCCACCTTTGCCTCGGCAATGCTCACAAGAAGATAAATCGCACTCCCCACCATTTTGAACGGGGGCAGATCCACAGGGAAGTCTCCCTTGGGGAATGTAGGACTAGTTGCAGGCTGGGGGTGTTGGGAACCCGGGCATTAATCAGGTCTAACCACAGAGCCGGAATAATTAATACCGTATTATATACCCCTTTTCCTTCTGCCGTCATGATTCTCCTTGGCAGCAGCGTTAGCAGCCGCCTGAGGGTGAAAATGTGGGTGATGGGGAAGTTGGTAATGACTCCGCTGTTTTTTCTCATGGCTCCTTTGGGCCACAGCTGCCCGCCCCCGGTATACACTGTAGTTGATTGCAGGGAAACCCTGTACCTCTCCCTTTCCTTCTCTACCGATTTTGCACTTTTCTCTATGCTCACCACCAAGTGTAATCAATAACAAGCACTGACAATACATAGCAATAGTGAAATCTGAAATAACTAAGAATTAGGTACTACAGCCATGGAGCTGGCTGGGTAAAATCTAATTGGATATTTCAGTTTCATTCACCTACCCTGTTTTGGTGTTTGGTTTTGGTTTTGGTTTTGGTGAGTTTTTTTTTTTTTTTTTTTTGGAAAGCAAGGATCACACTTCCCCCTCCCTGTTCCTTAATCCCTTTTCTAAAAAGGGGGGAAAATCCGGATGGATTTTAGGGATTGGTCTGGTGTCAGCTGTGTTTTATTGCACACCTAAATCCTGATTATAGGCTTTTCATTTCTCCGCAAAGCCTTTATTTTGGCAGTTAAGCCAAATGTGTTTTCCAGAAAGTTAGTTATTTTCTCCTCTTTCTTTCCTTTCTTTCCTCCCTTTTTCCCGTCTGACCCCAAACGTTATTGTCCAAACATGACTGGACAGCAGCTTTTGTTTCTTGACCCTGTAATATGACAGTCTGCTAATATTGACAGAAGGTGCAGTTTTTGGGTTATAGTCGTGATTTTCGCTAATCAATCATATTAGCAGGAAAAAAAATGACTTGTTTCTGTTGTACTTGAGTCTTAAGAAAAAGTGCCCATAGTTTAGTGACAATTTCCAAAGGCTTTAGTACCACCTGTATTTCAAA,5.782493178903335,2.531691659042506
3234,ENST00000635200.1,ENSG00000282988.1,RP1-34B20.21,26195595,26199293,1429.6571839373082,948,997.089,807.602,18.2484,ACTTTTACATTTTTGTCTTCATTGCTTAACATCGTTTTTAAGAATTCAAA,78.34424847862323,6.291755460256035
3235,ENST00000634956.1,ENSG00000158406.4,HIST1H4H,26277609,26285638,5226.474993393972,2163,1999.09,160.942,1.81384,GGGTGGGGCCAAGAAGCAGGACCAAAGTTCCGGTATGCGCGCTTTCAGTCTTCAATTAGGTCCGAATTCCCGGCATATAAGGGCGTTGCTTTGCCTTGGCGTTTAGGTTTCTTAAGTTGGTTTTAGAAGTTGCTTAGTC,2881.442130173539,11.4925753301198
3236,ENST00000377401.3,ENSG00000185130.5,HIST1H2BL,27807444,27807931,430.48881409763766,488,350.03,321.043,20.6642,TTGGTTTTGCCACTATTGTTTCATT,20.83259037841473,4.380770333869443
3237,ENST00000377294.2,ENSG00000187626.8,ZKSCAN4,28244623,28252224,13.055482429554374,2375,2680.97,154.712,1.30015,CCAAAGACATCCTTTGGTGATACTTACTGTGGGATTCAGAGTGGGGTGCAGAGGACGACCCTGCAAAGGCACGGACTATAAGAGAGATCTGTGCAGCTGCGCCTCAGGGGGTGTCCTGGGCCCCTGGGCATGACAGGAGGGGGACCACTTGCAGTTCTACTGGAAAATTTACCACCCTTCCAGAATCCTCTGAAGATATACAGGTCGCAACTAGAGTGAGACCCGAGTACTGCCTTGGGTCAGA,10.041520155023939,3.3279057858992713
3239,ENST00000361028.5,ENSG00000158691.14,ZSCAN12,28378955,28399734,6.411409199788235,5495,5039.51,269.316,1.20403,TCCGGGTCCCAAAAGGGTTCGAGGCCTCTTGCCTTCGCTCCGTAGGAGGGAGTTCTCTTCTGGCCCTGGGGGCCGCAGGACTGTCCAGGAATACAGTTTCCAGGTGAGATCTTACTTGAAACACCGGTAGTTCTAGCACAGCTAAA,5.324958015820399,2.4127701505766943
3240,ENST00000452236.2,ENSG00000232040.2,ZBED9,28571630,28616212,3.988684262254813,4877,3874.17,214.872,1.24958,GAGCGTGGCTCACCGGGCCCGGCCGGAACCTACGGGCACAGCTGCGGGTGTGTCTGCGGAACCTCCACCTGAGCTGTAGAGTGTTTCCCTCGACCCACTAGTCTGGGTTCCACAGGGTCTGAGCTCCTCAGAGGTGGGAGCTGCGGCCGAGGGAAGGGTGCATGTGCGCGGCGACAATCGGGCCTCTTCCCCAGGCAGCTTGTGAGCCCCTCTCCCTCTCCGCCCTCGCCCAGGCTGCTCCGATCTTCGTTTCCTTGCCTAGGCTCATACACCCAGGCTTTATTTAGGGCCAAAGTATCCGTCATAACCTCGGTTTTCTGTCTCGCAAGTATCTTGCCGCTCAATTTGTGACCCTGAAGCTTTAGTGAGTCGCTCTGTGCTCACTATTTCTGGTCTTTTCAGAGGATGGCTTCACTTTCAATGGAATTGCCCGAGTAACTGCCCTGTGTTGTCACGTAAACAAGTCCTTTTAAACTGAGTCTGTAGTTGTCCTGTGTTGAGTGTTTTCTTATATCAAAAACTTTCCTGACCAAGAACAAAAAAGGAGCTCAAGTAAAATCACCCATTTGCCTAGACCCCAACTGGAGAGAACCTTTGCCTGAGCTGTCTAAGCTCGGG,3.1920199284998265,1.6744696586586683
3241,ENST00000377199.3,ENSG00000204713.10,TRIM27,28903002,28923989,86.94873689505005,2967,3617.58,1231.2,7.66781,GTTTACGCTGCCGCCGGCATCCGCTCGGACGCGGCCACGTTGTCTTGCGCGCTTTGCCCGCCTGGCCCTGGGACTCTGACCCTCGGCTACCCTTTCCTGCCCCACTAGCGTGGCCGCGAGCCTCGGTGAGCCGGCCGTATTCCCGCTCTCGCTTAGGGGGCACAGGCGCAGGCATCGGCCCGGCCACTCCAAGCCTTCGGTGCGCGGGCGCGTCTGGGATACGGGCCCGGGAGGCGCCGCCCTCCGTCCGCCCGGTGCCTCTCAGGAACAGCGAACCGGAGAGAGCGCCGGAGAGTTGGGCTCAGTGCAGAGCTCGGCGCCGGGGCCCATGCCCGTGCGCCCCCGCAGGCCGGCGCC,11.339448538115843,3.5032785754963522
3243,ENST00000376621.7,ENSG00000204590.12,GNL1,30541377,30557174,24.492657392812816,7490,9643.99,1053.19,2.46043,TGCCTCCCTCCGTCTCTGCCAGGCATGGCGGCAACCTCACACCTTCCCTTTGCTGCGTTTCTATAAATGCTTTGAAAAAATTACTCTTTTCTTCCCTCGCTGGAAAACACCACAACCAGCTCCTCAGAGTGTGTCACAGAGTCAACAGGCTCTCGGGCCAGAGGGCCTGAGAAGAGGACTGTCGCACCGTAAGATCGCCACATCCGGTCCTCGGTTACTATGGTAACAGCTGCAGGCACAACTTCGTGCCCTTTGACCTCCCCCCAAAAGTCCTTGTCCCGCTTGGGTTTCCCTTCTCGCCCGCTTTTGCACTTATGATCTGTAAACCTGCTCCTTATCATCGTTCCCACAAGGAATTTGGGTCCCAACAGGTCGGCACCCAGGACTCTCAGACCGCCGCCCTCCCCTAAAGACCTCTGACCGTGCCCCCGGTGTAGTCCAGCAACCTGGACGCAGTCTCGGCTTTCCACTAAGGTCAAGCCCGGGGCTTTGTAGTATAGCCTCAGCGTGTCCACGCCCCCTCTCCCCTAGGTAGTAGGCCCCGCCCTCCGCTCCGCCGCCCCCTCCAGGTGAGTGGTAGGTTCTCCCGGGAGCGCAAGGTAGTGATGACACGCGCCCCCCCTCCTCCGAACGCGAGTTGGTAGCGTCCGTGACGGAGTTAGCCTGGTCCTCCCACGCGCGCCTCCTTCCTCGCCGCCGGGGCGCCCTCTCGGTGCCACTGGCTCTCACGTGCCAGTAGCCCACCCCGCATCATCCTCTCGCCTCGCTCCTGGAGGGAAGTGACTATATCTCCCCCGTCCGCCTTCCATCGCCGCCGCGGCGGTAATTCTGTCGGGCCCGCCCGCTGACGTCACCTGCTAGCCCCGCCTCCTCTAGGGTCCCGGGCCCCTGCGGCGGGGGCTGCCCCGGGGGGCAGTCAGTTGAGGCGGCGGGAGCTCGGCGGAGGGCGGGCCAGGTGACTGGTCCGGGCC,9.95462475779145,3.3153669342002594
3244,ENST00000376511.6,ENSG00000204569.9,PPP1R10,30600400,30618612,42.62090409936615,4525,6313.98,2043.95,7.29338,CATTCTGGGGTTCGTTTAGAGGTTTGAATTTTCTCGGAGAAAGACAGGCCGGCCACGAGGAAAACAGAAACAAGCCGCAGCAACATCTAAGCCCTTGAAAGGATCCTGAGAGAGGGGGGAAAGGGAAAACAGCAGCCACCAGCCCAACCACTTGTGTCTTCTGCCCCTTCCCACCTATCTTGCCCACCCCACCAGCCCACGCTGCTTGGGACTTGAAATCTGTGGCCGAAGGACCGTCACTACATAACTTCAAAAATAATCAACCACCCTCCCTTCCCAAACCACCCAAATTCACTCATCCAGCGTTTACTTTTTTGAATCCACTCAGAACTTTTTTCTGCGACCCCCCTCCCTAAATGGAGTTGGGTGGGGGGGAAATGAATACTGAGTTGGCCTTTATTTTTTAAAAGACTTTTTGATCCAATGAGGCCCCCTAAATAATTGAGTTTTGGGTCCTGGTTGGTTGTTTTATTTTTTTTCCTCCAAAATTTTACCCCCTCCCCCCTGAGCCCGAGGTGCTGACGTCGCAAAAAAATTGGATAAAACCACCATC,5.843779440995279,2.5469017282120676
3245,ENST00000376442.7,ENSG00000204560.9,DHX16,30653119,30673037,118.32259151274894,3445,4415.12,1153.9,5.88827,GGCCGAAAAAGTACAGCCCCTTCCGGGCTCCGCGGTACGGGAAGACAGCTTTGGGATGTCGGAAGATCCTAGAGGTCCCAAGGTAGCTGACTTGCGAAGCTGAGGCTCCAGCCGAGGGCTCCAGGCCTCTGACCGGCCCAGCAGTGAGCGCGGCTGCCCGACGCTTCAGGGCCGGGAGCAGGGAGCGTGAGTCGCC,20.094627371494333,4.328737919644975
3247,ENST00000376406.7,ENSG00000137337.14,MDC1,30699807,30717889,31.81913024940879,7576,10779.7,6442.05,13.4641,TTGGATTTAAGAAAATGACCTCAAAATGTCCGTCAGAGACGTATTCCCAGGAAGAAAGATATTACTTCTACTACAAACCAAATCAAAAGGAAATGAAATTCCAATGCAACAGGAGTGAACTGCCACGCCTACGGGCTGTTCTCCAAACTGCAGCCTCCAGCCACGACTGCAACGCGCAACCCACTTTCATTTCTCATGAGTCAGCGGACACCATGTCTAGGAGGACCGAGGAAAGGCGCTCTGGCCTTACCAGACACGTCGGACGTCTATGACACAGCCCCTCTATCCGTTGCCGGCAGCTGGCGCCAGACTCTCTGGTCGCGGTTTGGAACTGCGCGGGAAGTGGGTGGTGGGCGGGCAAGCGGTAGTGGGTTGTCCCTTGGAGCTGCCCAATCGACGTGCATTATTCTGTTGGCGCACGGCGGCCTTCAATTACCGTCTCATTAACTGATCTCAGCAGCCTGGGAGACACCACCTATTTGAACTCTAAGGGGGCGGGGCTTTGGGTGTGCCTCCGCTCGACTGGCTGCGGTTGTGAAAGACAGCGGCAGAAGCCAATCAGCAAATAAGCTCTTTTTCGGCACACGCAGTCGCTCCACCTGGGTCGCGACCGTTACTGGTGGCGCGCGCGGGGACTTAAAGTAGATC,2.363257124457542,1.2407766043431154
3248,ENST00000376389.7,ENSG00000137312.14,FLOT1,30727709,30742733,47.732843220538456,1912,2300.08,1415.44,13.8647,GGCGGGGCGAAGTGGGGGTGCTTAGTCCGTTGCGGGGGGCGGGGTCGCGTCTGCCGCAGCAACGGGGTGCGGCAGGGTGGGGAACGCGGGAGCGGGGCCAGCTCCCAGGAAAGCTGGTCTGCGAGCGGCCCCTGCCCGGCTCCCAGGTCCCTGCGCGACCCCGCCCTTCCCGAGACCCCAGCCGGGCTGCCGCCCGCGTCCCGGAAGCTCCAGCCTGAACC,3.442760623781146,1.7835658733592932
3249,ENST00000259874.5,ENSG00000137331.11,IER3,30743199,30744554,13.423861013997504,1244,1587.33,304.424,4.32091,GACCCTCACTTGGCCTTACACTCCGCTCGGCTCACC,3.1067208097362604,1.6353925972669854
3250,ENST00000376228.9,ENSG00000204525.15,HLA-C,31268749,31272130,252.94597352082369,1536,2247.35,2423.87,24.2997,TCCCCAGAGGCCGAG,10.409427833299327,3.379818866238673
3251,ENST00000412585.6,ENSG00000234745.9,HLA-B,31353872,31357188,77.90193749632246,1547,2070.36,1531.63,16.6675,CCGGACTCAGAGTCTCCTCAGACGCCGAG,4.673882555651565,2.224621482835366
3252,ENST00000396172.5,ENSG00000198563.13,DDX39B,31530219,31548427,697.0882935292409,2133,2229.46,550.654,5.56468,CTCAGCTAGGGCCTGCCGGTTCCTAGTGCGTGCCCAGCAGTCCTCAGGTCACCTTCACTACCGGGCCAAGGACCCCGTGGGAACTCGCAGCCTTCGCCACACTCGTTCCTCGCGCATCCATGGAGGGGTGCCTACAGAGAAGACCTGCGTGGCAAAAACCTAAACGAAGAGATGAGGGGCATGGAGAGGAGTAGGATAAGAGAATAAAGATAACAGTGGGGGGGAGACGTTAGTTTCCTTTATATCTTTTGTTACTGGCGGTAGCAGTGAAGTTAGAAACGGTTTTAAAACAAATTTCAGACAGGCATTTTCCAAAGGCAAGCCTGGAGCGCACGGATCTGTATAACCGCGGAAGGCCCTGTTTCCGGTCCCTTGCGCCTGCGCTCTTGCAGCCAAGAAGGCGGGAGGCTGGAGTAGAGGGAAGCCTGCAACCGGAAGTGAAGGCAGATTTCCCTCCTTCGTCGCTGTTGCTGCCGCCATACGCGCTCTCCCTGTTTAGCTCTTCTGTTAGAAATAGTATCTTTGTTTTCCTTTGCTGTTCCTCAATCCCCTACTCTTCACCCCTTGTTTTCACCTATTTTGCGAGAACCCATCCAGATCCCCCTTCCCTTCTTCCCCTGCCGGCCCAGTT,125.27014914231202,6.968898862893825
3254,ENST00000362049.10,ENSG00000204463.12,BAG6,31639028,31652705,88.25024540373502,3626,5087.12,1949.69,8.63488,TGGGGCGATGCTTAAGTGTCCACGCATCCGTAGTGCGACGCACGCAGGCGTAGTACGGTCCCCCGGGCGACAGCGGTGGCGGCTCCTCGGGGTGCTCGGCTCCCTCCCACCTAGGCCGGCCCCGGCCCGACTCGCCCTCAGAAACTCACTGTTTGGGGCTGCGGACTTTCTCGTCGTGCCCCACAAAAGTAAAGCTTGGGGACCTGGGGGGAGCCGGAAGTATCGCTTCGAGATCCCCAAATACTATCGGGGAAACGGAAGTGGCCGTCGGTGGCAGAGACCTGTCGGCC,10.220205191471685,3.3533522565001688
3255,ENST00000375911.1,ENSG00000204439.3,C6orf47,31658298,31660772,16.6897201773238,2475,3496.96,264.0,1.70089,GGTGCAGCTGCTTCCGGGCTTCGCGGCTCCCGGCGGCTCCCCAAGGCCGCGGCCCCGACGCTGGGCCCGGGAGCGGTCCCCGCGCACAGCGCCCGGACGCGTAGGTCCCGAAGTAGGCCCGCGCTTTGCTTCGTAACTGGGGATCTCTGAGGACATCTTAGTTCTGACCTTGTGGAGGCCGCGTCTCTGCTGCGTGTTCGCGGGCCAGTCGGGCCACTTTGTAGAAATCATAGCCCTCTAAATCAAGGGACGAACGCTGCTGGCTGGAGTTTGCTGGACACTTTCATTCCACCTCCTAACAAAGAGAATTCCTATTCCTTGAGGTCCCTTGGGGCAGCAGTTAAAGACTACACGATCCAGGAGCACCTAGGACCTGGGGCCACCTTCCTGCCCGCTTTATTGGATGGAGCACTGCCTCCCCAGTTTCTGGGACACCTTGGGGTGTGGCCTTGGTGAGTGAAACTTGGGGTGCTGCCTGCTGGGAAGGAAATCCGGAAACGCAGAGAGGACTCTCTGGTGGTGACCCAGGCCTTGTCAGATCTGAGATTCTTGGAATCTCAGATTGTGGGGGTGTGGATGGTGAATGAATTTGGGTATGCCCCCCTTTACCCCAGAACTGAAGAGGAAGCAAACTACTTGCCACACTTGAGGCTGCATGACTATTCAGAGAAGGGAGGAGCCACTTCTGAATTCAGAGTAGGACTGCATCACCAGGCAAATACCTGTTCTGAGCCAGAAAGACTCTGGCTTCTGAGGAGATCCTGAGAGTCTGAGTAGTGCCAGGAAGCAGCCTCAGAATTTGGGGGCCCATTACACACCCCAGCC,9.812345405830946,3.294598019312215
3256,ENST00000395952.7,ENSG00000204427.11,ABHD16A,31686949,31714072,15.496958147152393,2103,2621.36,168.127,1.44501,AACTGCGCGAAACTCTTCTCAGGAAGCACTGAAAATGTCGCAACTCGCCCGGAGGCGGAGCCGGTACGGGCTGACGTCAAGGGCACACAACACCTCAGAGGCAGGGAGGGCGGGGCCGGCAGGGGGACCTGCTGCTGGAAGAGCAGCGGCCCGAGCCGGGGCC,10.724464292394098,3.422833679021594
3257,ENST00000375784.7,ENSG00000213719.8,CLIC1,31727038,31739763,209.66190174048575,1254,1387.89,1636.88,26.572,CAGGTTCAGGGCGGGGCCGGTCGGTGAGTCAGCGGCTCTCTGATCCAGCCCGGGAGAGGACCGAGCTGGAGGAGCTGGGTGTGGGGTGCGTTGGGCTGGTGGGGAGGCCTAGTTTGGGTGCAAGTAGGTCTGATTGAGCTTGTGTTGTGCTGAAGGGACAGCCCTGGGTCTAGGGGAGAGAGTCCCTGAGTGTGAGACCCGCCTTCCCCGGTCCCAGCCCCTCCCAGTTCCCCCAGGGACGGCCACTTCCTGGTCCCCGACGCAACC,7.89033199384637,2.9800860043957846
3258,ENST00000375663.7,ENSG00000204394.12,VARS,31777518,31795953,99.35021679593169,4312,6245.54,2896.65,10.4493,CACAAGGTGCCCGTGGCGGCGCCTGACGGGAGCGTCGTGCTCAGGGGTGTCCTCTCGTCCTGCGTCCGCGCCCAGCGCCCCGCGCCCCGCGCTGTTCCTCGTGAGACCGGCGGGCGGCGAGCCGCGCGGCCCCCGGGGCAGTGTCGGACACGGCGGGCGCGCACTCGCAGGCGGGGCACGGCCGCCCCCGCCAGGACCCGCAGGCCCGGAAACGCTCCCTGTCACAAAGGGGGGAACACGTGGGCGCCGGCTGCCGGGGCGGCGATCTTAGGGAACTAGGGTCACCTGGAGAGCCGCCCACCGTCTCTGCCCGCTCGACTCCTCCGCCCGGGCCGCTCGGCCGGTCCAGCCGCGGCCGGCGCCTGGCTGTGAGGTGGATTCCCGGCCCAGTCTGACCATCTCCCTCCAGTTTTTCCACTTCGTTCGGACCTTCTCATAACT,9.507834667961653,3.2491168164286797
3259,ENST00000375661.5,ENSG00000204392.10,LSM2,31797396,31806984,217.9652265907513,876,958.819,564.986,13.2759,CCCTTTCCCGGCTTCCTCCTCCCCTCTACTCTACCCAGCTTGCGCTCCCCAGCCGCAAGTCGGCCGCGCTTTGCCCGTCAGCGCTTGGAGCTTTCTGCGTCGCTTCCCGCTGCGCCTGCGCGGTCCCGCCTCGCCCCACGCGCGGGCTCGCGCTTCGGTTTCCCCAGACCTGCTCGCAGCACCCTGCTGTCTTCCCGGTCCGGCCCGCTGCCCGCGGCGCCAGCACC,16.4181130161233,4.0372164181834265
3260,ENST00000375631.4,ENSG00000204386.10,NEU1,31857659,31862906,63.90968077264508,2045,2523.71,935.674,8.35308,CGGGAAGCGCGGCGGGGCCTCCAGACCGGGGCGGGCTTAAGGGTGACATCTGCGCTTTAAAGGGTCCGGGTCAGCTGACTCCCGACTCTGTGGAGTCTAGCTGCCAGGGTCGCGGCAGCTGCGGGGAGAG,7.651031807745775,2.9356543208169583
3261,ENST00000375537.8,ENSG00000204371.11,EHMT2,31879759,31897687,4.585037593656246,3965,5841.12,413.586,1.59526,AGCGGCG,2.8741632045285694,1.5231419851351766
3262,ENST00000375527.2,ENSG00000204366.3,ZBTB12,31899607,31901992,35.63382521520114,1875,2714.96,299.0,2.48124,CGCCCACGCGGAGCCGGCCCCGCGCGCGCGCGCGTCCCGTGCATCCCCGCGCCTGCGCGCTGCCCAGGCCCTGCCCGTGTGTGGGGGTCGCTGCCGGCCCCGGGGGGGGGTGGGGAAAATAAGGGATTAAAAAAACAGCGCGCGGAACCGGGCCAGGGTTGCCCACCCCCGCCACA,14.361297260724935,3.844114169054115
3263,ENST00000375429.7,ENSG00000204356.12,NELFE,31952087,31959110,75.88128219664794,1584,2071.21,407.075,4.42805,AAGTAGAGGCAACTTCCGGTACAGCCCCGCCGAGAGCGTGAACTATCGCTGCGGAGGGGCAGACCTGGACCGGTGGAAGGCCGGGCGGAAGTGCGCGCCTGGGGCCGCCTTGGTTACCGCGTTTTCCGCTCCTCGCTACGTCATCGTTGTGAGCCCGCTATCAGCGGCCAGCGCGGGCGCGGCCGGAGACCGTGGGGCCCCCGGTTGCCGCCCCCTCGGGAGCCACC,17.136500761429513,4.099000639021134
3264,ENST00000337523.9,ENSG00000204348.9,DXO,31969810,31972292,18.942550340803628,1628,2225.02,231.873,2.34789,GTGATGACGAAAGGAGCGTCAACTTGTCGTCCCTCAGGCCCGTCAGTGCTGGGAGGGGCGGTGGCGACGCACATACCAGCATCACCTCCGCCAGGCCGGGCCCCACGCCGGCCGCGGATTGGCTCCCTCCAAGGGCACGCACGCCCGGGGACTCGTTGGCGGCGTGGAGGGGCGCCGGTGGCCACGTTGGTGTCAACCTCCTTCGTGAAGCTCACACCTCCCCCGCCCCGGGAGGGGTTTGCCCGCCACTGTCGCTGAATGATTGCATCATCGAAAGCAGAAAACCACTTTTGCATCCTTCGGCCTCTGGCGTGCCTGCCATGACGTCATAGCTCTGCGGAGGTGGAAGTTGGGGAGCTTTGAGGACCTC,8.067903667038758,3.0121938578830534
3266,ENST00000375201.8,ENSG00000213676.10,ATF6B,32041154,32128253,17.035188429808304,2624,3859.11,240.478,1.40395,GGCGGGCCTTGGGAACCGTCTCCTGGTTGGGGGGTGGGGGGGAAAG,12.13375720631668,3.6009544436646035
3267,ENST00000375156.3,ENSG00000204315.3,FKBPL,32128707,32130291,18.09248557904729,1345,1442.55,149.0,2.32711,AGGGTTAGTTGTCAGTATCTTTCCCAGTTGTTCCGCCCCCTACCCCCGCCTCCCGCACCGCGCCCCTCTCCGGCTGCCCTCTCCGCGTGGGGCAAGGCTCCGAGGGCAGCATTCAGTAGCCATTTAGCTTTGGAAGGAGAGGTGATTCGAATGGCCCGGCTCCTCCTGTCACCATGCTAGGCACTTTGGCCGCGCAGGTGCTGACCTGAACCTGGTTCATCCCTTTCTGACCAAAACTGTTCACTCACCGTGGAAGGGACTAAGCATCCAT,7.774658515947802,2.95877930956248
3268,ENST00000375050.5,ENSG00000204304.11,PBX2,32184733,32190186,7.711632730868088,3205,4216.63,1890.55,10.1015,CTCTCTCACACACACCCCCGCTTGGGCCTCCTCTCTCTCTCCGGCTCCATTTTCTCCGCCGCCGGGGGCCGGGGTCTCCTGTGGGGGGCCCAGCCGGTATCCCAGGTCTCCCTTCAGTGCCGGGGTGAACCCCCGGGGGAGCCGGGAGCCGGGGGCAGACGGGCGGGGGTTGGGGCGGAGGGAGCAGCGGCCCCAGCGAGTTTGGGGGGAGAAGTAACCAGGCGGGGGGAGGGGCGGAGCAGGGAGGGGGCCTCAGGGCCCCCCCCCAGCT,0.7634146147471255,-0.3894612892333158
3269,ENST00000374975.3,ENSG00000198502.5,HLA-DRB5,32517343,32530287,3.5958417621596306,1260,1373.25,87.0,1.42735,ATAGTTCTCCCTGAGTGAGACTTGCCTGCTCCTCTGGCCCCTGGTCCTGTCCTGTTCTCCAGC,2.5192431864361446,1.3329903943751087
3270,ENST00000360004.5,ENSG00000196126.10,HLA-DRB1,32552713,32589848,14.62339780517816,1229,1359.67,171.993,2.84996,AGTAACTTCCTCCCTATAACTTGGAATGTGGGTGGAGGGGTTCATAGTTCTCCCTGAGTGAGACTTGCCTGCTTCTCTGGCCCCTGGTCCTGTCCTGTTCTCCAGC,5.131088789027973,2.3592649903280125
3271,ENST00000434651.6,ENSG00000179344.16,HLA-DQB1,32659467,32668383,29.59049130367196,1642,1955.48,168.089,1.93664,ACAGGTTTTTATTCTTTCTGCCAGGTACATCAGATCCATCAGGTCCGAGCTGTGTTGACTACCACTGCTTTTCCCTTCGTCTCAGTT,15.27929367547503,3.9335059475252736
3272,ENST00000374897.2,ENSG00000204267.13,TAP2,32812763,32838822,34.16397828285289,5684,6773.45,631.507,2.10054,GAGCCCTGACGCCCGCCCTGGCCGAGCGTAGCTGGCGGACCAGAGCCGGTAGCGAGGTTGGGAGAGACGGAGCGGACCTCAGCGCTGAAGCAGAAGTCCCCGGAGCTGCGGTCTCCCCGCCGCGGCTGAGCC,16.26437881823383,4.023643817791028
3273,ENST00000354258.4,ENSG00000168394.10,TAP1,32845209,32853978,15.106445633289352,2959,4157.32,499.062,2.7046,GAGAAGGGTGTGCGTGATGGAGAAAATTGGGCACCAGGGCTGCTCCCGAGATTCTCAGATCTGATTTCCACGCTTGCTACCAAAATAGTCTGGGCAGGCCACTTTTGGAAGTAGGCGTTATCTAGTGAGCAGGCGGCCGCTTTCGATTTCGCTTTCCCCTAA,5.585463888667216,2.4816771056123312
3274,ENST00000419277.5,ENSG00000231389.7,HLA-DPA1,33064569,33080775,16.938451710766092,1704,1836.35,199.343,2.44573,ACGCGTAGCATTCCTGCCGTCCCTGGAAAAGTGCTAGAGGCCCACAGTTTCAGTCTCATCTGCCTCCACTCGGCCTCAGTTCCTCATCACTGTTCCTGTGCTCACAGTCATCAATTATAGACCCCACAAC,6.925724307575281,2.7919649592922493
3275,ENST00000374680.3,ENSG00000204231.10,RXRB,33193588,33200688,9.034920964417092,2908,4086.48,392.669,2.16491,GGCGGGAACTCGCGCCGAGACTTCCCGTCTGTACAAAGATGGCTGCCACATTGGCGCTGTCATTTTGGTACTGAGCAGAGCGACGGGCTTAATTCGACCCAATCCAGGCCAGAGTCTTTCTCTCAGGGGCTTCCTCGTGCTCAGCTAATCCTCCGATCAATCCTTGGGAATCCCTGGGACCTCTTCGGTATCCCTACTCTCAGCCAGGGATC,4.173347143491919,2.061204930513656
3276,ENST00000445902.2,ENSG00000223501.8,VPS52,33250272,33272047,44.82999013758359,2960,3418.78,1018.96,6.71505,AGCGAAGGTTCCGGGGCTAGTTTGTGTTTCAGACTTCCATATTTCCATTTGCAGTTGGGTGAAGTGGTTAGAGCTGAAAGGGGACAGCTGGAGTCAAACAACTTAACTCAAATATCTGGGAACGATTTCGCGCTGAGGAAGACCCTTTGGGACTTGTAGCTCCACTCCGGGGAACGGACTCGCCGGGACTGACAGTTGCCGGAAGTGAGGCTGCGGGGA,6.676047108745816,2.7389941349452966
3277,ENST00000374617.8,ENSG00000227057.8,WDR46,33279108,33289527,53.09329165868792,2358,3150.24,800.014,5.72158,GTAGTTCTGACATGTTTAGGGAGTGGAGTTCTGCTAAAAAGACTAGACTAGGACATTTTTAGGCAAGATGGGGAAACTAATCCAGAAAAAGAAACCGCACCGCTACTTAGCCCCTGGCTCCGGACCTGCCTTTCTTTTTTAAATCACTCTTGCATAAGCTGCCGCTCGCGATAAGGTGCCAAAAACTGTTCCGCCCCTCTAAGGAGAGCGTGCCCTCACTCAAGATGGCACCTAGAGAGCTTCATACCTGGTACGCTGCTGATTGGATGAAGGACAGAGGGCTTCCGGGAGTTTTCAAGCCGACTGTGTGGCAGCTGAGAGGAGTTTTGCACGTGGATCGCCGTTCGGGTGGGCGAG,9.27948078305082,3.214044084159547
3278,ENST00000434618.6,ENSG00000231925.11,TAPBP,33299694,33314387,31.938608147839272,3759,5155.61,1822.35,7.96369,GGGGACGCGGCACAGATAGGGGGAAGCCGGAGTAATGGTTTTCGGGCAAGTGGATGTTGGAGAGCACACACAGGAGTTGGGGGGCGGGGGAGGGCCTGGGGTTGGGGAGGGCTCGAACTCGGGGCTGCTGGGTAGTCCAGGAGGGCGCGGTAAGGCTGGGGTGTCCTGGTGAGAACTGGAGAGGATCTACCCGGGTCCCTGCCTGGCCAGTGGGGAAACACCGGTCCCCCAGGCACCTTCACCTAACCAGAGCGGGGATTTCCACCGCCCCTCATGCCGCCCTTTGGAGGAAAGTGAAAGTGAAAGGAGGAAGAGGAGGCTTCATGGCTGAGGAGGTCGCAGCGCC,4.0105288060985895,2.003792474993797
3281,ENST00000374542.9,ENSG00000204209.10,DAXX,33318558,33329269,185.49708702099875,2613,3355.49,943.925,6.33786,GACAATATGGCGGCGCTTAGTTGCATGAAGGCGGAAACTCTGTGACTTCCGGTCCGTAGTGGGGCCTGCGGTGGGAGTGGGAAGGAAGGCGGAGGGAACCATGCGAGGTTCTGAGAATTGCGGCGAGGGTCGCCTCGAGAGACGGTTTCTGAGCAGGAATTCTGAAATCCCCACCACTTCCTCCCTCCGGGGGATTTGATCCCCT,29.2680947545384,4.87125692954274
3283,ENST00000488034.5,ENSG00000112514.15,CUTA,33416442,33418317,134.85371991280587,769,692.689,473.022,15.3853,TGCGCGCTGTTTTCTAATCACGTGGCTGCCACCCAGGTAAGAAGAGGCCGCTCTTCCTGGGGTTGTTTCTCCGTGTGACGTGTGGCCTTTGAGATCAACTCTCCTGTACCAGCGTAGGCCGC,8.765101747304627,3.131770838215825
3284,ENST00000374467.3,ENSG00000030110.12,BAK1,33572547,33580293,17.923658352212875,2136,3115.14,680.557,4.92208,GCCGGGTGCCGCTGGCACCTCTATGATCACTGGAGTCTCGCGGGTCCCTCGGGCTGCACAGGGACAAGTAAAGGCTACATCCAGATGCCGGGAATGCACTGACGCCCATTCCTGGAAACTGGGCTCCCACTCAGCCCCTGGGAGCAGCAGCCGCCAGCCCCTCGGGACCTCCATCTCCACCCTGCTGAGCCACCCGGGTTGGGCCAGGATCCCGGCAGGCTGATCCCGTCCTCCACTGAGACCTGAAAA,3.6414805025950154,1.8645251206157063
3285,ENST00000607484.5,ENSG00000137288.9,UQCC2,33694293,33711727,141.21266046585163,1314,1553.18,474.06,6.87658,GCCGACTCCTCCCGCTAAGGCGGGAACACGCGGGGCCCAAG,20.535303954269658,4.360034396481036
3286,ENST00000293760.9,ENSG00000161904.11,LEMD2,33771202,33789136,26.23173278957883,2958,4334.78,262.788,1.36584,CGGGGGGCGGCGTCCTGGCC,19.205567848048698,4.263452715327685
3287,ENST00000394990.8,ENSG00000186577.12,C6orf1,34246380,34249470,3.6887567635412073,792,1007.73,89.5872,2.00292,CGGCTTTTCCGGGGCCCGGGAGCCAACCGAGGGCGTTCCTGTCGGGGCTGCAGCGGCGGGAGGGAGCCCAGTGGAGGCGCCCTCCCGAAGCGCCACTGCCCATGCTGACCACCCAGCCCTCCGGCTGCTGATGTC,1.8416895150785888,0.8810298622912007
3288,ENST00000607016.1,ENSG00000272325.1,NUDT3,34279679,34426125,30.80765813521559,9905,10515.8,1881.16,4.03037,GCCTTACGCCGCTGACGCATCGCGCCCAAGATGGCGGCGCGGTCGTCGTCGGGGGTGGCGGCGGCAGAGGGGGCGGCGGCCCTGGCGGCAGCGGAGACGGCAGCCGTGACGGTGGCAGCGGCGGCGCGGGACCTGGGCCTGGGGGAATGAGGCGGCCGCGGCGGGCCAGCGGCGGAGCCGTGTAGCGGAGAAGCTCCCCCTCCCTGCTTCCCTTGGCCGAGCCGGGGGCGCGCGCGCACGCGGCCGTCCAGAGCGGGCTCCCCACCCCTCGACTCCTGCGACCCGCACCGCACCCCCACCCGGGCCCGGAGG,7.643878387149466,2.9343048254566493
3289,ENST00000374023.7,ENSG00000196821.9,C6orf106,34587288,34696859,29.43421969508626,4418,5954.56,1419.98,5.37274,GGCGGAGTGGCGAGAGGCGAGAGGCGGCGGAGGCGGCGGAGCTGGGGGGGGTGGGAGGGGGGGGAGAGTGAGTGAGTGGCAGAGTGAGTTTACCCCTATGAGACTGTGAGAGGCCCGGGGCCTACCTCAAAGGAGCGGGGTCGCGAAGCTAGCTAGCAGCGGCCCCCCTCCAGGTCCCCGGGCCCGGCGGCGCGGCGGCGGCTTGGTTGTGAAGAGGCGGGGAAGCGGGTGTCCGGTCCCCGCC,5.478437388573848,2.45376445281512
3290,ENST00000361288.8,ENSG00000064995.16,TAF11,34877778,34888089,42.85212414927131,1580,1414.48,636.26,10.1344,CAGGAGAGCGGTAGGGGTGATGTCATCGCTGCGCGACGACAGGAAGTAAGATCCTGGCCTGTGCAGCTCGGGTTTCCGAGCTTCTGCCTCAGGCATCTCCGCGATCTCCTCTCCCCTCCAATCCTATCCGTG,4.228382948104605,2.080106041884461
3291,ENST00000338863.11,ENSG00000007866.18,TEAD3,35473597,35497076,4.204844950446852,2983,4590.65,251.229,1.23299,ACAAACTTTCCGTCCCGCTCGCTCCCTCCTCCGCGCTCGGCGCCTCCCGCTCCAGCCCGGCTCATTCCGCACATTCCGGCCAGCCCCCTCCCCACGACCCCCCTTCCCCGGCCCCCCTTGCGGCTCCCTCGGGCCCGGCGGAGCGGCCCGGCCGGAGCGCCCCCGCGAGCTCGGACCAGGCTCAGCCGCCCAGTGGGCTCAGGCCCAGAGCCCAGAGCAACCAGCACA,3.410283092682708,1.7698915044862096
3292,ENST00000539068.5,ENSG00000096060.14,FKBP5,35573585,35728583,59.97031836400193,3827,3681.23,178.497,1.09244,AGTCTCGGGCGGCGGTGTCCGGCGCGCGGGCGGCCTGCTGGGCGGGCTGAAGGGTTAGCGGAGCACGGGCAAGGCGGAGAGTGACGGAGTCGGCGAGCCCCCGCGGCGACAGGTACCGGCGCCATGGCCACGGAGATGGGGCGGCCGGCCGCGGCGCCCCGGGAGCCGAACGCCCTCCTTCCAGGTTCTCTACTTAAAAGACA,54.89575479111158,5.778622681665799
3293,ENST00000373825.6,ENSG00000096063.15,SRPK1,35832966,35921342,141.25710488737596,4592,4186.61,306.496,1.64939,AAATAGAACAAAACTAACCTTGCCAGGTTTCCAAGCTTGGATCTCTAACACTCCTTCAACGTTCACCCCGGCGTTCCTCCCCGCTGCGCCCCCTCCCTCTCCTTGCCGCCCCCTCCTCGGGAGCAGGTGGTAGGCTCCGCGCCCAACGCGCAAGCGCGCGGCATCGTGGGGCGGGGGTGGGGCGGGACTGAGGGCGGAGTGTGAGCGGGCTCGGTTTTGGGCCGCGGCGGGAGCGGGAGTCGCCGCCACTCGAGTGCGCAGGCGCCTGGCGATTACCGGTCTCACC,85.6420281967127,6.420247057293306
3294,ENST00000229812.7,ENSG00000112079.8,STK38,36493892,36547470,21.931407692670856,3576,3461.73,757.0,4.9268,CTCGGCCCCGGGCTGCCGCGCCAGCCCGTCTCCGCGGCGGGGGACCGGGCTGCCTTGGCCCCTCAGCGCTCGCGTCTTTTCCGGCAGTTGGAACGCTTCCTGTTGTCCTCACCCGTAACCGCCTGTTGCCCCCTGTCTCAGAGTCCCTCACGCGTCCCCTCCCGTCTTTGGCTCGTTGGCTGCCGCCGCCGGGGCTTCGCCAGCCTTCAAGTCGAGACTACTGGCCGAAGGGGCGTCTGCGGCTCTCCGCCGTCCCCAGCCCTGCCTCTCCCTGGGCTCTGCAGCC,4.451450777922964,2.1542756032715733
3295,ENST00000373699.5,ENSG00000137168.7,PPIL1,36854827,36875024,207.9681175499932,1739,1583.19,1467.13,20.8784,CGGTATCGCCACTTGGAGACCACCGCGAATGAAGTTTGCATTTTCCTCTGTTCTTGAGCCCAGCTTCTTCTCGTCTCCCACCCCAGCTTCCCGGCATTGGAAGAAGGGACCGTCCTCTTCCTTGTCTTGGCCACCCAAATCCTGGTATCGAAAGGGTTGAACGGACCGGAAGTGTGCAGCAGCGACGGGTCCCCAGCTAATCGACGCCGGAAGTAGCAATTACTAGACAAGCATTCCGCCGCCGGCTTCGCT,9.960922175549525,3.316279312223639
3296,ENST00000373616.9,ENSG00000137409.19,MTCH1,36968141,36986298,34.301656081210126,2006,2722.08,969.113,8.02115,CCCGCCGCACCACGCTCCCGAGCTCCCCCGCGGCCTGGAGTGGTGCGCCCCGGCCCCGCCCCCTGACGCCGGTGAGGGGGCGTGGCCCCGTCACGTGACGGGGAGTGACCTCGCCGCCGGGCGCC,4.276401274282382,2.096397234081601
3298,ENST00000373408.3,ENSG00000198937.8,CCDC167,37482920,37499922,101.32279579684736,619,639.044,254.0,8.95498,GCGCACATAGCGACTTGGTGGGCGCGTCCAGTGATGACTGGGGGATCCCGGCAAGTAAC,11.314687000623938,3.500124770619574
3299,ENST00000373365.4,ENSG00000124767.6,GLO1,38675925,38703141,1102.581666766363,2012,1481.11,7830.0,119.107,CTAGTTAAGGCGGCACAGGGCCGAGGCGTAGTGTGGGTGACTCCTCCGTTCCTTGGGTCCCGTCGTCTGTGATACTGCAGCGCAGCC,9.257068575032223,3.210555409272401
3300,ENST00000394253.7,ENSG00000164663.14,USP49,41789896,41895361,1.81085403785248,9034,9549.29,621.856,1.46717,GGGCCCCAGAATTTAAAGGATGAGATGGGGAGTAAGGGAAGAGAGGGGGCTAAGAGAAGCTGGGGGAGTCCTGATGGATGTAGAACTGGGGTAGACTGCAGGGGGGTGGGAATCGAATGTGCGTGTTATGGGGAGTTGCTCCAGAAGGTCTGCAAGGGTCAGGGCAGAAATGCTGTAGTGAAAGATCAAGTGTAAGAGAGCCTTTGGTGCAGAAGACGAGGAACCATGGTAATAGAGAAGAGGAAACCTAACCAATGACTGTGGAATAATATGGAAGAAGATGGAAAAAACTTGTTTAATGGGTTGAGAAAGTGGCGACTTCTATAAGAC,1.234249635592658,0.30363421912904587
3301,ENST00000265350.8,ENSG00000124641.15,MED20,41905354,41921139,49.27543990424984,2438,2562.68,319.773,2.81132,GGAACTGAAGGAGTTTCTGTGGGCGGACAGGGAACCCTGCGTTTCTACTGTGTGATTCTGCCACCTTCCTGGCCCGACGCC,17.527510174668784,4.1315491672097835
3302,ENST00000372991.8,ENSG00000112576.12,CCND3,41934933,42050357,26.85834139569576,2085,2815.41,563.073,4.50594,ATTCCACGGTTGCTACATCGTCGCGAGGGGCGGGGCGCCTGTCAGGGAAGCGGCGCGCGCGCGCGGGCGGCGGGCGGGCTGGGGATCCGCCGCGCAGTGCCAGCGCCAGCGCCAGACCCGCGCCCCGCGCTCTCCGGCCCGTCGCCTGCCTTGGGACTCGCGAGCCCGCACTCCCGCCCTGCCTGTTCGCTGCCCGAGT,5.960652249185689,2.575470207395336
3303,ENST00000053468.3,ENSG00000048544.5,MRPS10,42206801,42217865,70.45128434745352,2110,1746.48,1102.52,14.2228,GGTCGGGACCGGCAAG,4.953404698614444,2.3084204955599703
3304,ENST00000372876.1,ENSG00000124659.6,TBCC,42744481,42746096,51.53232482497376,1616,1813.88,323.395,4.01686,GAGAGAGGAAGCTTGAAGCCAAT,12.829006941982982,3.681337594595945
3305,ENST00000408925.3,ENSG00000221821.3,C6orf226,42890265,42890816,41.8620044051686,552,463.867,48.0,2.33136,ACACGCCGGTCAGGATTCGCGACCCGAC,17.956044714316363,4.166397688871087
3306,ENST00000304611.12,ENSG00000124587.13,PEX6,42963870,42979220,6.032052321556181,3478,5128.09,254.614,1.11864,ACACTAGTCGTCTGGCTCTCTGGCTCCGGAAGCTGCGCTCCTTCACCCTCCTCGTTGGTGTCCTGTCACC,5.392308804938301,2.430903118662974
3307,ENST00000244711.3,ENSG00000124733.3,MEA1,43012094,43013968,139.57540153963274,1089,1211.72,2062.54,38.3496,GCGGGGCTGGAGGACTAGGCACCTCTGCACGTCCTGCCCCGCCGGAAGTGGAGGCCGCGGGCTCTGAGCGGGTGAGGCGCGCGGGAACACCGGCGCCGGGATTCGGATGGGGGCGGGTGGGGGACGCTGCAGCTGGGGCCATTTGAGGGGAGCCC,3.639552995067295,1.8637612714678147
3308,ENST00000265348.7,ENSG00000044090.8,CUL7,43037617,43053945,4.214778463742378,5254,7430.3,505.449,1.53261,GTCGCCGCCAGCGTCTGTGCCGCGTCCCTTGCTCTGTGAAGGACAGGCCTCGCGCCAGGACCCCGGTGGACTTCTGAGGTGCCAGG,2.7500658769956985,1.459466178374265
3309,ENST00000388752.7,ENSG00000112651.11,MRPL2,43054029,43059806,91.40335538903643,1588,1969.5,231.451,2.64767,TTTTGGAGGCTGGAGTTTTGTAAGGTTGGTTGGAGGGGGTTTGTTCATCTTTCTGGTAGTGCGAGAATAAGAGATGGCAGAGACCTTAACCTTCAGCCCCAGGATACCCTCAAAGACTCACCTGCAATCTGCCGGTGTGGCTGCCGCTCTTGCCGGTACTGCCCCTTTAAATCCATGATGGCTGCCGCTCGAGGCAATTGTTTTGACGGGTCTGGGGGGGCGGGGCCTGTTTCCTAGTCACGCGACATTAGAGCTGCCCGCGGATTGGCTCTCACGGCGTTCAGGTAGGAAAGGAGGTGTGTATCCAGCTTGGGCTCCAGTTTTCTGCCCGCCTCCTTTTACGTTATTGCGGAGCGACGGCGCCGGACAGTCAACGTCATCTAGGAGCACCGAGCAGCTTGGCTAAAAGTAAGGGTGTCGTGCTG,34.522185691206396,5.10945190314817
3310,ENST00000230431.10,ENSG00000112667.12,DNPH1,43225629,43229484,176.00676703464717,657,659.997,774.857,26.451,GGCGCCGGAGAGCGCGGGCGGCTGGGGA,6.654068543141929,2.7342367274082804
3312,ENST00000361428.2,ENSG00000171467.15,ZNF318,43299710,43369478,7.632475352561227,8006,9002.21,1608.47,4.02556,CTGCGGCGGCGCGCTCCGAGCCTGCGTCTAGGGCGCCCCCGGGTCAGAGCTGTCGCCGTGGCCGCCGCTGCAAGAACC,1.8960033765640625,0.9229615335124857
3313,ENST00000372422.6,ENSG00000137207.11,YIPF3,43511827,43516990,79.19703961818307,1576,1959.55,971.006,11.1642,CCCCCGTCCACGTCCCCAGCTTCCGGAAGTTGCTTTTGTCCAAACATCCGGGCTTCTCCTTTTTGTGTTCCGGCCGATCCCACCTCTCCTCGACCCTGGACGTCTACCTTCCGGAGGCCCACATCTTGCCCACTCCGCGCGCGGGGCTAGCGCGGGTTTCAGCGACGGGAGCCCTCAAGGGAC,7.093839201929657,2.8265666286650024
3314,ENST00000265351.11,ENSG00000124571.17,XPO5,43522330,43576075,86.41165017816193,5364,6063.33,3298.22,12.2555,ACTTCCGCGGGCGCGTGCGCAGTGGCGGGCCGGGCGCGTGCGCAGCGCCGGCTTCTTCCCAGCGCGAGTTGCTGCTAACGCTCCTCCTCCAGCTTCCCACCCCCGCCGCCCGCCGCGGCCCGGTACCAACGGGTGGTCTCGCCGAGGGAGCTGTCGTGCCTCGTGGTCCCGGGACTGCAGTGGTGTGCGCTCTCGGCGCGTGGCGCTAGGC,7.0508465732252406,2.8177964878191193
3315,ENST00000372133.7,ENSG00000096080.11,MRPS18A,43671303,43687791,163.55069173886162,1062,1314.38,1051.24,18.0194,AGGTTTTTGAAG,9.07636723413996,3.1821149823194506
3316,ENST00000372014.4,ENSG00000180992.6,MRPL14,44113454,44127457,244.7328372143984,959,1020.43,917.0,20.2464,ATCGCGTCCGCCGGGCTGGGCCTGGCGCGCAGGCGCTAGGAAGAGGCCGCGTGGGGCGAAGGCGGCGCTTGGCTGGTGGGGCCCGCGGCGGGATTTTCCCGGGCGGCGAGAGCGGATCTATCTTGGGATCCC,12.08772113632045,3.595470377917679
3317,ENST00000393812.3,ENSG00000157593.17,SLC35B2,44254096,44257890,35.42557823883235,2043,2732.84,633.437,5.22217,GGGGAGGGAGGCGGGAAGAGCGCGGCACTTCCGCTGGCCGCTGGCTCGCTGGCCGCTCCTGGAGGCGGCGGCGGGAGCGCAGGGGGCGCGCGGCCCGGGGACTCGCATTCCCCGGTTCCCCCTCCACCCCACGCGGCCTGGACC,6.783689201774808,2.762070073596633
3318,ENST00000244571.4,ENSG00000124608.4,AARS2,44299654,44313326,18.94086127196385,3854,5607.44,705.632,2.83515,ACG,6.680726336159939,2.7400049626709535
3319,ENST00000296861.2,ENSG00000146072.6,TNFRSF21,47231532,47309905,35.69716173761228,3595,4297.82,819.318,4.29503,AGTCCCTCGCCGACCAGTCTGGGCAGCGGAGGAGGGTGGTTGGCAGTGGCTGGAAGCTTCGCTATGGGAAGTCGTTCCTTTGCTCTCTCGCGCCCAGTCCTCCTCCCTGGTTCTCCTCAGCCGCTGTCGGAGGAGAGCACCCGGAGACGCGGGCTGCAGTCGCGGCGGCTTCTCCCCGCCTGGGCGGCCGCGCCGCTGGGCAGGTGCTGAGCGCCCCTAGAGCCTCCCTTGCCGCCTCCCTCCTCTGCCCGGCCGCAGCAGTGCACATGGGGTGTTGGAGGTAGATGGGCTCCCGGCCCGGGAGGCGGCGGTGGATGCGGCGCTGGGCAGAAGCAGCCGCCGATTCCAGCTGCCCCGCGCGCCCCGGGCGCCCCTGCGAGTCCCCGGTTCAGCC,8.31127180429759,3.0550692574242535
3321,ENST00000274813.3,ENSG00000146085.7,MUT,49430360,49463191,38.7663170349036,3749,2978.8,813.0,6.14909,CCTGGCTGTGTGGATGTCTGACAGGTGAGGCGGGGGACGCAGAAGTGCAGCCGCCCTCTCCCACAGCGGAGTCCAAAACAGGCCTACCAGTCAGTTCTTATTTCTATTGGGTGTTTCCATGCTCCACC,6.304399030572589,2.6563588516104897
3322,ENST00000596288.5,ENSG00000112118.17,MCM3,52264009,52284881,241.6689192094049,3169,3728.68,722.123,4.36333,AGAGAACTCAGCCAATCATAATGCTTAT,55.38634923542452,5.791458541972662
3323,ENST00000370963.8,ENSG00000170899.10,GSTA4,52977948,52995378,52.24409224135698,1334,1120.16,344.271,6.9244,AGTCTCCATTGGTGAGGTCGTCCCGGAGCCTCGCCCAGCTCCCGCGCGCTAGAGCCGCCTGCTGGTCTCACCCAGCCGGGACCGCTGACCTGGCGCTTTGTGCGGCTCCAGGCCTCCGAGTGGACTCCAGAAAGCCTGAAAAGCTATC,7.544926959932554,2.9155069345421327
3324,ENST00000350082.9,ENSG00000112144.15,ICK,53001279,53061802,14.110187222527603,6116,5540.14,703.145,2.85947,GCGCCGTGCGGCCCGTGCGACTCGCCGGACCTCGCGGGCGTCCCTGTACGGAGCCCTCGGCCGGTCCTAGCAGGGATTGTCCCCATTTCCAGCTCCGGAGCGGGCGGCTGCGCCCCGCTCGTCGAGGAGCTGCGCTCACCTCAGGGGCGGGCCCCCGCCTGCGTTCGCGGCGCCAGCAGAAGACTGATTTTTGGAAATATGTATTTGGGAGACAGTCACGTCCTATTGAATACCTTGTGCTGGTGCTGCCATCGAAAAATCTGGTTACACTCTGGGGAGGACTGCTACCACTGCAGAACTGAACCACTTCGGCCGTGAGATGAGTGTCCGGCCTGAGCAGGCACACC,4.9345463398908205,2.3029174558520014
3326,ENST00000304434.10,ENSG00000012660.13,ELOVL5,53267398,53349179,257.20378447382865,2827,2498.01,2978.8,26.8664,GCGCCATTGTGACGTCACGGTCAGCCCACGTTCTGATTGTAGATAGCCGGCGCCTTCCTCTTCCCATCGCGCGGGTCCTAGCCACCGGTGTCTCCTTCTACATCCGCCTCTGCGCCGGCTGCCACCCGCGCTCCCTCCGCCGCCGCCGCCTTGCTGCTGCTCAAAGCTGCTGCCGCCCCTTGGGCTAAAAGGTTTTCAA,9.573436875570552,3.2590369469898803
3327,ENST00000229416.10,ENSG00000001084.10,GCLC,53497341,53617171,26.3312071672691,3813,3433.98,643.393,4.22125,ATAAAACCTGGAGCGCAGGATCGCGCCCAGGAGCGGCGAGCTAGCGGACGCAAAGACTGGGCATGCTCCGCGGCGGCGCAGGTTTTGGTCACAAGTAGGAAGAAGCCAGTGCACCAGACCGGCAAAGAGAAGCGGGAGCCGCCGCGGCAGCGCGGCCGTGGGGTCCGCCGCCGCCGCATCGGAGCGGGAGGAGGAGCAGCGGGGAGGGCGAGGCCGCCGGGCCGAGAGCCGTCCCGCCTGCTCTCGGTCTTCTGCCTTCGCCTCCGCGCGGTGCGTCGGACCCAGGGTCTGTCACCTGGGCGCCAGGGGCCGCCGCCGGGGAGCCGGAGCGGGCAGGACCCTCCCTCCGCCGACTGCGGCCCGAGAGCGCCCCCGCGGGGTGGAGCGGCAGCCGCCTTCTGCGGGCGGCTGAGTGTCCGTCTCGCGCCCGGAGCGGGCGACCGCCGTCAGCCCGGAGGAGGAGGAGGAGGAGGAGGGGGCGGCC,6.237774869356019,2.6410314846253833
3328,ENST00000421834.6,ENSG00000151914.19,DST,56457987,56954628,6.094366323178274,18030,16460.6,923.929,1.26461,CGGCGGCCAGGAAATGCCGCAGATGCGCCGCGCAGCATCCCCGGTGAAGGCAGCGCGCCGGTCCTCCCGCACCGCTGCCGCGGCCTCGGCCCGGCCCGAAGCACGCGCCTCGTGCAGGGCCAGCAGAGCGGTCAGCGCGGCCGCAGAGGGTCCGGGCGCCCGCCGGCCCCCGCCCGCCCTCGCCGCACGCCCCGCTCCTCCGCTTGGCGTGGCGCTGCTCGTCGCCGCCCCTGGGCTCGCTGAGATTTGCCGCTGCTGAAACCCGAGAGGGACTCGGGCTCCCGGAGCCGGGCGGCCCACCATCGGCCTGCCCGGAGGCCTGGGCGTTTCCTTTGCCGGCCCTGGCGCCGGCAGCCCCCTGCGCCCCCGCTCTGCGTCTTCGGCTTCCGTGCTTCTCCCCAGCGTGCTGCTCCTTCCTCTTTTCCAGTTCCCAAGGCTGTGTCTTGCTGACTGCGATACTGTCCGGGGGTTACGAGGGGGAGAGGGGAATTTGTCAGTCATCGCTTAGATAAACTTCGGC,4.819166638867536,2.268783687965491
3330,ENST00000370577.7,ENSG00000168216.10,LMBRD1,69675802,69797111,53.36188721786678,2209,1712.92,259.537,3.4137,ACTGCGTCCGCACGCGCCCCGCCCCTGAGCAGTCCTTGCTGCCCCGCCCCCGCTCGGCTCGCCGCCAGGGGACGCTAGTGGGTCCAGTCTCCTTGGCAACCACTTGCTCCTCCCCCTCCGCCCCTTTAACCTTTAGGGTGCGCGGGTGCAGTATATCTCGCGCTCTCTCCCCTTTCCCCCTCCCCTTTCCCCACCCCGGGCGCTCAGGTTGGTCTGGACCGGAAGCGAAG,15.63168621081723,3.966401507055429
3331,ENST00000355773.5,ENSG00000119899.12,SLC17A5,73593379,73654155,16.569210558214284,3455,3278.7,434.39,2.98497,GGCTCACTTTGCGCCAATCCTACGAGAACTCCCAGAACTCCGCTTCCCTAGTCCAACCCAAGCCAGAGTTGCCCACACCTAAGATGGCGGCGGGGGCGGAGTCGGCGCGGCCGCCTCTGGGCGGGACCGCGGGGACTAGACGTGGCCGCGGGGCGGTGTCATCGCCCCCGCCCCGCCCGGTCCAGCCAGCTCGGCCCGGGGGCTTCGGGCTGTCGGGCCGGCGCTCCCTTCTCTGCCAGGTGGCGAGTACACCTGCTCACGTAGGCGTC,5.550880095349127,2.472716529757122
3332,ENST00000370089.6,ENSG00000112695.11,COX7A2,75237675,75250323,946.8589002027494,773,650.061,217.206,7.52799,CAGCCTTAGCTCCAGGGACCAGCCTACTGAACATCGAAAAGGTCAGGAACGAGATCACGGGACTGAGACGGCGAGCCGGCTAGAGCGGATAGAGCCGTACTGCCGCTCTAGTTTTTCTTTTGCTCTCTATGGTTAGGAGCGCAAGCCTCTCTTCGGCCCGGAAAGATTTAAGTTCGTGA,125.7784481917151,6.974740931144487
3334,ENST00000230461.10,ENSG00000112697.15,TMEM30A,75252924,75284968,140.29784041110346,4594,3386.01,1273.0,8.47037,CCCGTCACAGGACAGATGATCAGGGTGCGTCCGCCTTTTCGTTCCCGCTTCTATCCTCCTCCCCTTTCCCCTCCCCATGTCCCTCCTTCTTCTCCCTCCTCCCTCTCTCCCTCCCTCTGGCGTCTCCAGCCGACTTTCGCTTCCCGTCAGCAGCCTTTGGCGGAAGAGTGTCCCGCCTCTTCCGCTCTACAGCGGAGGTGGCTGTGGCGGTGGCGCTGGTGGCTGCGGCGGCGGCGGCGGCAGCGGCGCTCGAGCGGTTCCTGTCAGGGTCAGCCGGCGGGCCCCCTGGGTGGTCCACCTGCAAATCGCGGAGCGGCGCCCCAGGGATCG,16.56336622970466,4.049924001382342
3335,ENST00000275034.4,ENSG00000146247.13,PHIP,78935867,79078236,32.44841483098664,10460,8084.03,5670.81,15.8044,GTTGTTTCCTCCTCCTCCTCCTCCGCCTCCGCCGCCGTTGCTTGAATGGTGGAGCCGAAGCTCGGCTCGTGAACACACACTGACAGCTATAGGGCAGGCGGCGGCACCGTCCCCGCTTCCCCTCGGCGGCGGGGTGTCCCGTCGGCGGCCCTGAAGTGACCCATAAAC,2.0531253847654227,1.0378217358028772
3337,ENST00000344726.9,ENSG00000118418.14,HMGN3,79201245,79234738,309.1967637538526,872,534.806,917.927,38.67,GCAGGTCGAAGAGGCCGGGCTACGTCGTGCCCTGCGCGTGAGCAGCTGCAGAGGCAGAGGCAGCATCCAGCGGCGGCGCCAGCAGTTCCAGTCCGTTGCTTTACTTTTTGCTTCACCGACATAGTCATT,7.99577873684646,2.99923854966245
3338,ENST00000369816.4,ENSG00000118402.5,ELOVL4,79914812,79947580,75.47557587399717,3042,2315.45,452.0,4.3981,AGATTGGAGGGGCGGCTGCGCGAGGCTGCAGACTGGTGCAGCGCACTGTGCTGGCGGCTGGGCCTCCTCCACCTCCTCGTCTTTCTCCCGGGAACCTTGACGACGCCTTCCGCTTGGCCCTGCCTTCTGCCGCATCCCCGCCGCCGCGGCGCCTTGAGGAGCAGGAGAAGACGCAGCCGGGCCGCCGCCGTTAGAGGGGTTCCCGGCCGCCGCTCGCCCCGTCGGCCGCCACCGCCTCCGGGGTCAGCCCTCTCTCTGGGTCTCCGCTTTCTCCTGCCGCCAGCGCCCGCTCATCGCCGCG,17.160950381755114,4.101057547088338
3339,ENST00000320172.10,ENSG00000112773.15,FAM46A,81491439,81752774,12.55975495355931,5609,4940.32,257.79,1.17564,AAAAAAAGTACTGAAGACATTTTCCCCGCACAACTGCTAAAGCTCCAGAGACACGAGCGTGTGTGGCAGCAAGAGCCGCCAGTTCGGGACCACCGCAGCTGGGGTGGCAGCGGCGCAGGAGGGGTCGCGGGGAGGGAGTGGTGAGCGCAGGCGGCAGGGGTCTGGGAAAGACGAAGTCGCTATTTGCTGTCTGAGCGCGCTCGCAGCTCCTGGAAGTGTTGCCGCCTCTCGGTTTCGCTCTCGCTCGCTGCGCTCCTAGAAGGGGCGGCCGCCTCCAGGACTGACCAGGGCCAAGTGGCGCTCGGCGGGCACTAC,10.683334144431381,3.417290060542243
3340,ENST00000306270.11,ENSG00000005700.14,IBTK,82169983,82247754,20.25525355182745,6054,4566.51,1036.96,5.11609,CTTCCTCTACATCCCCGTTCCCGATTCCTGTAGTAGCGGCTGTATTGCAGCCGCCTGCCGAACTGACCCGGGTCTGGGGACTGGCCCCTCTGGCGCCGTTCGGTTTCTCTTATTGCCTTCACTGAGGATGAGTCCCTTTGTGGCTCTATGTGGACCCTGCGGAATCCACCGGCGCAGTTTCATCTAGCGACTGGTCACCCTTGCAATTATGGATATTTAAAAGGGTCAGACAGTGTGGAGGGGGAGTTCCCCTCCTCACTCCCCCTTGGTGCTTGACTCCAGGAATAATTTATAAACTGTGGAATTTTTTTAAATGAAGAACTTGTATTTGATATGAACTTTATAGAGCTATTTATAATTTTTTTGATTTAAGTGCCAAAAAATTGTATAAAGATATATAGTTTTATACTATTGTCAGGAGGATTTAAATTATCCTAAAAAGGTAATTTATTCTCTGTAACTTCCTCAATAGCACCTTTGTGTCCTGGCTTTTTCATTTTTTAAAATTAGTTTTCACGATTCTGAAGTAAGTGGTATAAAAACAGTTAGG,3.9591276838029534,1.9851825957385272
3341,ENST00000369747.7,ENSG00000118420.16,UBE3D,82892398,83065841,17.68202541564111,1917,1596.61,168.845,2.3826,ACAGGCGCCTGCGCCGCAGCGGGGCTGCCGCTGGTTGGTCCGCACGTGGAACCTCTCCTGGTCCTGTTGACCCGGGCCCCTCGGAACCTCCAGCTTGGTCCGGTCTGGGACTGGAAGCCTGCC,7.42131512450311,2.8916748681772595
3342,ENST00000513973.5,ENSG00000013375.15,PGM3,83161150,83193936,91.07660787344862,6107,4876.6,1367.67,6.31866,GAGCCGGAAGCCACGCAGGGCCACGTCTGCGGTTCTGAGGACTGGGTTTGGGTGCAGACGTTGTTGCTTGGGCGCTTCTCCGCTGCGTGTAGGTGAAGGGGGCTTCCTGACCGAGAC,14.4139117903873,3.849390016432373
3343,ENST00000369705.3,ENSG00000065833.8,ME1,83210389,83431071,78.89103271394924,3371,2681.45,1247.0,10.4775,AGTGCGGCCGCCGCCGCCACAGCTGCAGTCAGCACCGTCACCCCAGCAGCATCCGCCGCCTGCACCGCGCGTGCGGCCCGCCCCGGCCTGACCCCGCCGCCGAACCCGGCGCCAGCC,7.529566472340659,2.9125668016555704
3344,ENST00000403245.7,ENSG00000135315.11,CEP162,84124241,84227635,4.392170510412604,5156,3654.86,190.631,1.17513,GACAACTGGTGGACCCGCACAGACCTTCCGGGAAAGCGCGGAATTCAGAGGCAGAGTGTTTCCAATGTTTGAGGTACTTTAGAATGTTTACTTTGGGAGGTCAAAATTGTTGACT,3.737603933532974,1.9021136976539648
3345,ENST00000369663.9,ENSG00000112837.16,TBX18,84687351,84764519,19.342910390476504,6245,5867.01,877.81,3.3709,TTTTTTACCCATGTTAGTCCTCTCTGGCGCATCAGTTGAGGCAGACCTCGGAGCAGCAGGAGGAGGTGGAAGGGGTGGGAGCAAAGGAGTGCATCAGTGAGAGAGCGCGCGAGAGAGACCCAGGAAAGGAGACTTGGCCGGCGCGTCGCCGGTTCCTGGATCCCAACACAAGCGAGAAAGCGGAAACGCCAAATCTGTTTTTTGCCCGCGGTGGGGAAGGGGGCAGATCTCGGGAGGCCCCGAGAGCCTTTTAGTTTTTGGTGGGGGAAGAGCGAGAGCGCGCGTGTGCCCGCGTGAGTGTATATGAGAGAGGGGCGGGCGGGCGCGGGGCGGGGGGG,5.738203562988076,2.5205991486754518
3347,ENST00000369627.6,ENSG00000135317.12,SNX14,85505496,85643792,27.938036196982868,3111,2291.74,121.431,1.19378,GCGGCGGCTAACTGCCGGTAGGCGTCTGTGTGCGCCGCCAAGTCGGTGGGGCGGGGACGCGAGGTGTGGATGGGGGGTCGCCTTGACCTCTGCCTCAGCCAGTAGCGCAGTCTCGGCCTCGCCGTTACGGAG,23.403002393223932,4.548621721275296
3348,ENST00000355238.10,ENSG00000135316.17,SYNCRIP,85505496,85643792,145.43432320699847,6449,5158.01,5814.3,25.3967,CGCGGGGGCGCGCGCGCGCACCGGGAGCGCGCTCGGAGGCGAGTGGAACTGGATCGGGTTTGCTGCCAGCGGCGTGAGCTTCGGCCGCCATTTTACAACAGCTCCACTCGCGCCGGACACAGGGAGCAGCGAGCACGCGTTTCCCGCAACCCGATACCATCGGACAGGATTTCTCCGCCTCAGCCCAACGGGGAGATCTCTGGAAAC,5.726504750892772,2.5176548393061853
3350,ENST00000627148.2,ENSG00000135346.8,CGA,87085498,87095406,7.712704329186241,1010,816.768,69.3861,1.91397,AAAGTGTCAGCTTTCAGGATGTTATGTGTATGGCTCAATAAAATTACGTACAAAGTGACAGCGTACTCTCTTTTCATGGGCTGACCTTGTCGTCACCATCACCTGAAAATGGCTCCAAACAAAAATGACCTAAGGGTTGAAACAAGATAAGATCAAATTGACGTCATGGTAAAAATTGACGTCATGGTAATTACACCAAGTACCCTTCAATCATTGGATGGAATTTCCTGTTGATCCCAGGGCTTAGATGCAGGTGGAAACACTCTGCTGGTATAAAAGCAGGTGAGGACTTCATTAACTGCAGTTACTGAGAACTCATAAGACGAAGCTAAAATCCCTCTTCGGATCCACAGTCAACCGCCCTGAACACATCCTGCAAAAAGCCCAGAGAAAGGAGCGCC,4.029689247577674,2.010668588563543
3351,ENST00000369536.9,ENSG00000146282.17,RARS2,87514378,87590003,31.65248419701584,1818,1367.92,1484.79,24.4548,CGAGGCCGGAACTGGCGGACTGCGGCGCACTTCCGTAGAGGTGGAC,1.2943260299416002,0.3722010659663144
3352,ENST00000257787.5,ENSG00000135334.8,AKIRIN2,87675072,87702209,168.82463758042593,1662,1791.29,1230.79,15.4804,GGTTGGACGTGTTCGCTTGGGTTCCTGCTGCGGCAGCTACCTCGCAATCTCTCTGCATCGATCGCCGCTCGCAAGCTACTGACCGTACTCGGGCGTATTAGGAGCCGCGTTCCAGCCTCACACCCCACGGTGCTGTTTTCGACTTCAGAAAGGATCTAGTCTCAGCACAGAAGCGCCTCAGGCGCGGCGCAAAGCTCGAGCGGACGGCGGGGGCGGCCGGAGCCTCTCTCGGGGGAGCCGCGCCTGAGGAGGCGGAAGAACCCCCCTGACGCGACTGGCGTGTGCTTCTGCCCGCCACCGCCCCTCCCGCTCTCACCCGGGCCGTCCCTGGCCACTGCCCCTGCCGCGGAGGCAGCGGCGGCAGCGGCTCTCCTTTCCACAGCCGGCGCTCCGCGACCCGCTTGGCTCCTGAGCCCGTCGGGTAGGCTCTCCTCGAGTTCCCGCTCTTCACCCCTTCCCTCACCCTCTTCTTTCGTCACCCGTCCCCGACCCCACCCGAGCCCGGCGCCTCAGCTGCCCCCGGCC,10.905702538721606,3.447010805396322
3353,ENST00000369485.8,ENSG00000111880.15,RNGTT,88610272,88963721,27.22813794736721,4553,3717.72,963.537,5.83921,ATTCGTCGCGTCCTTAACTCTTTGCTATCCTTCCGCTGAGCTTCCTCTTCTTTCCCTCTGACCTCGGAAAGGGGGCGGGGCTTTCGGGGGCGGAAGTTGCGGTGCATTGTGGGTTCTCCTGGAGCTGTGGAGTTGATCCTGAATGAAAGTGGCGCGCCGCCCCTGACGTTACCCGGATCGGAGAGGTTGGAATTCAGATTACGGCTGCGATTCGGGTGTCTCGGACCCCGGTGTGCACCGGACCACGGGGAGGCGGCTCCAAAGGCGCGGTGAACGTTGGTGAGGGAGGGCAGCTCTGCGCAGCCCCAAGAC,4.6629831685051935,2.2212532221380448
3354,ENST00000452027.2,ENSG00000154548.8,SRSF12,89095959,89118081,17.66476042786119,3599,2842.72,361.643,2.86621,CCGTGCGTCCAGGCTGGCGCCGCGCTGCGCCCCCTCTGCGCCGGCCTCTGCGGCTGCGCGCTGGCGGGGCTGAGGCCGAGGGGTGGGGGTCGCGCCGGGGGCCGGCGGAGCTCCTGTGGTGGTAGCAGCGGTAGCGGGAGACGGAGCGAGTCCAGCGGCCGCGGGCAGACCCGGAGGGAACGGAGGAAGCGGTC,6.163107528011272,2.623657962090675
3355,ENST00000435041.2,ENSG00000198833.6,UBE2J1,89326625,89352848,38.85157451316231,4290,3646.49,2128.0,13.148,CCGGGCGCCCGGTTCAGCGCCGCCCCGGCCGGCGCCGGTGCCTGCCAGGCACTCAGGGAGGCGGGGGCGCAGTGGAGGAGGCGGCGCCATCGCGAAGCGAGCGCCTCGCCCGCACTCAGCCTTGCCACCCCGCCCGCAGTCCAGGCTGGACTGGGCGGCATTTGCCGAGGCTCCTCGGCCAGGCCCCGTCCGCCCGAGCCGCGCTGAGACCCGGGCAGCGGCCGCGTGGAGAGGAGGTGGCAGCGGCCCGGGAGGCCGGAGCCAAGCCAGCGACCCACC,2.954941779218308,1.5631297054754008
3356,ENST00000369415.8,ENSG00000025039.14,RRAGD,89364636,89412270,10.219664987598357,4900,4367.12,627.592,3.23776,CTCTCTCTCTCTCCCTCCTCCGGGAGGAACTGCCGCGCTCCGGCTGACTCCTCCGCCGGCGGGCGGGGCGGGGGAGGGGGCTTCGGGCGCGCTGGGAACCGCGGGACCCGGACCTGGGCGCCGCCCGCCGGGGGACGCGCGGCCCCCGCTTCCGCCGGGCCCCGCTGAGCTCTAGACAAACCTCCGCTTCAGAAATAGGCTGCGGGCGGCCGGCTAGGAGGCTTGGCCCCCACCCCGGGACCCCCGCCGTCCCCGGGCCGGCCGGCCGGTGGGCACG,3.156399791089629,1.6582799493607052
3357,ENST00000523377.1,ENSG00000083099.10,LYRM2,89568144,89638753,111.39166115943004,5353,4614.3,912.134,4.45364,TCCTGCGCGCTGAGGCTCCGGCGGACCTCTGGTGGAC,25.011375225530138,4.644512479735572
3359,ENST00000369393.7,ENSG00000112159.11,MDN1,89642499,89819723,14.913278134760052,18413,21172.4,2950.04,3.13921,CGCCTTTCCTGCGGGCGTAGTTGCTGGCTGCTCGGGCACTGGGACCTCGGCGGCTTGGGGACGCTGGCCGCGAAGTAGGGAGCGCAGGTGGCCGCTCGGGGTGAGGGCCCTGGGTC,4.750646861713633,2.2481239683169063
3361,ENST00000369332.7,ENSG00000135341.17,MAP3K7,90513573,90587045,9.217365173420358,4830,3823.32,1181.53,6.96249,GGACACGGCTGTGGCCGCTGCCTCTACCCCCGCCACGGATCGCCGGGTAGTAGGACTGCGCGGCTCCAGGCTGAGGGTCGGTCCGGAGGCGGGTGGGCGCGGGTCTCACCCGGATTGTCCGGGTGGCACCGTTCCCGGCCCCACCGGGCGCCGCGAGGGATC,1.3238604541507935,0.4047510581611713
3362,ENST00000369303.8,ENSG00000135333.13,EPHA7,93240020,93419547,62.0870211848516,6588,5490.19,1913.57,7.85271,CGGTGCGAGCGAACAGGAGTGGGGGGGAAATTAAAAAAAGCTAAACGTGGAGCAGCCGATCGGGGACCGAGAAGGGGAATCGATGCAAGGAGCACAATAAAACAAAAGCTACTTCGGAACAAACAGCATTTAAAAATCCACGACTCAAGATAACTGAAACCTAAAATAAAACCTGCTCATGCACC,7.906445187056646,2.983029191063987
3363,ENST00000229955.3,ENSG00000112218.8,GPR63,96794126,96837463,13.71774574850071,5952,5342.78,297.777,1.2557,CTCCCGCCACCGCCGCCTGTATCGCCGCCGCCGCCACCACCTCCTCTTCGTTGTCCTCCTTCCTCCTCCGCCTGGCAGCGTTGTTCTCTGCAGCGGAGGAGAGAAGTGCTATGTCAGGAAAGTTCCGGGAGGGACTACATGGAGCCATGCTCCCTGGGCTCTTCCGCGGGCGCCCGCGCGCTGCCCTTCGCTTGAGGCAAAAGGACTCTTGTGGAAGATGGAACTCATTGTCCATTTTCCAGAATGTATTTCCAAGCCCATCAATGGGACCTGATACTGCTGTTCTGTGTTGAAATGCTTGAAGAACTCCTGCATCTCTGCTTGCATCTTCCATCCTACTGAAACC,10.924381419527522,3.4494796859866215
3365,ENST00000316149.7,ENSG00000123545.5,NDUFAF4,96889313,96897881,140.00181478882618,2399,1698.09,756.021,10.0308,ATGCTCCGGGTGTCCCGGAGTTGTCCTGCGCCGGTGTTCCCACGTGCGGCCTGAACCTGAGCGCATAATGTTATGAGGAG,13.957193323446404,3.8029369515175806
3366,ENST00000275053.8,ENSG00000146263.11,MMS22L,97142161,97283217,22.759839238013843,8643,7057.68,1206.81,3.85245,GTTTGCGGTTTAGACCCCAAAGATTCCTGTTGGTGGTCTGGGTCACAGGAGGCAGGTTTCGGGAGCTGGAAATGTGAGCGGGTACGACAGGCACCGCGGGTAACCGACGCCCCGGGTCCTTGCTGCAGCCGGGTACGCGGGATACCGGCACCCCGCCTTCTCCGCCCGAGTGCTGCCAGGCGTGGGCCTGGAATCTCTTCACACCTTCTCTTTGGAGCCCTTAATGATACGACGAACCCCAAGTGTTTCAGAACATGAAGTAAACA,5.907886990879529,2.5626422297491134
3367,ENST00000369244.6,ENSG00000112234.8,FBXL4,98868538,98948006,18.89230239712597,8035,6394.94,403.674,1.42218,CGGGCTTGCGGCGGTTGTGCCGCATCTAGAGAGTCGGGGAGCCGCCCCCGCACCCAGGCCTTCTCGCGCTGCCTGGTCGCTGGTGAAGCCCGCGGCGCGCGCCTCTCCCGGACCCTGCAGGATTTTTCTTCCTGGCCTGGTTCCCTTGCCTTCTCCATTTGCTTCATTCGCTTGGATTTTCAAGAAGCTTTGAAGCTGGATAGGAGTCTCCAGTCTTCCTCTTGATCCATATGTTTCAGGTAAAAGAATGTCACATGTCAGCATTTGTACCTGAAGTCAGCATGCAAAGTTCAGGGTACCTGGATGAATGCCAACTTTTGCATTTCCCATGTGTATCCTGTGACCATTCTATCTGGGAACATCCTTCAAAGAGTTCATGCATCTTACTGAGGACACCTGACCTTTTGAAGCTTCATAATTCACATCTAG,13.284044493050086,3.7316225549540825
3369,ENST00000254759.7,ENSG00000132423.11,COQ3,99369400,99394204,55.85305344920341,1335,1087.76,253.121,5.2427,AAAAGAGGTGGGATCGTTTGTCGCG,10.653490272036052,3.413254255218746
3370,ENST00000369239.9,ENSG00000132424.14,PNISR,99398051,99425331,93.48568737679538,5112,3989.62,814.151,4.59764,ATCTTGTCTTGTTCCCGAAGAAGTAGAAGCATCGAAAGCGTTGGAGAGGTGTTACCGGAACGGCGGCGACAAGGGTGTTCCCGAACTAGAGTGGGGCATACATAATCTTGCTGCTATGCTTCGAAGCTGTAGTCTGAATCAACCTAAGTTTTAAACAGAAGGTGAACCTCTGAGATAGAAAATCAAGTATATTTTAAAAGAAGGG,20.333407438771932,4.3457800947771705
3373,ENST00000500704.6,ENSG00000123552.17,USP45,99432379,99521728,4.521272278596376,5826,4368.86,357.315,1.84266,CCAGGTTGTAGACGCTGCGGCCCGGCCCGGCGGGTAAATAACAG,2.453666047234094,1.2949389063828116
3374,ENST00000520429.5,ENSG00000112237.12,CCNC,99542380,99568973,82.45834760675942,2473,1885.13,111.244,1.32952,AACAGAACCCCGTATCTGAGCCACTTCGCCTAGGTTAGACCCACTCAGCAACTCCCGTGCTGAAGACAGGAGACCGAGCGGCTTGGGCCCCCGGCCAGAATTCTCAAGACGCTCTCGCGAGAGCCTTCCAACCGCCGCGAGCTCTCGTGAACACTAGTTCTCTTCAATCTCAGCACCTCCAAGGGTCAGCACCTCCCCTCCGGCTCCCTCCGCTACCGCGGGCCGGAACTTTTGTCGATAGGAACGGGTTTGCACAGTTGAGTGTTGTCGGCCGGCGTGAAGGAGACTAGGGGGCCATCCTCTTCCTTTCGCCGTCGCCGCCGCGGAGCGGAGTCGAGCCGAGCTGATTTGATCGAGGAGCGCGGTTACCGGACGGGCTGGGTCTATGGTCGCTCCGCGGGCCGCTCCGCCGGCTGGTGCTTTTTTATCAGGGCAAGCTGTGTTCC,62.02114116881236,5.95468816620133
3377,ENST00000369162.6,ENSG00000112249.13,ASCC3,100508194,100881372,30.10044389333571,8146,6670.23,3346.24,11.3026,AGCGGGGCGGTGACGTGTAGGCCGGCGCCAGCTCCACTCTGTCCCTCCTCGCCGGGTCTGTGCGTCTTTGCGTCTGTCTGTCTGACTGATGGTCCTCACACGCGGTTCCCTGTGACTGGGCGCGACCCCGGCAAGCGCGGCTTGGAGGGCGGACGGGGCGCGGCGATACAGCTGCCCGCTCGCATCTTTGGCCCTGCGCTCAGCTCCTCACCCGGCGTGGGAAGTTAAAGTAAAACCGAAAGGGAAGAAGGCGCGGTGGCAGGAGCTGACAGAGTGATGGGAAACGCGTGAGCCAGGCCGAGAGTTTCAGGTTTCTTGCTGTATGGATCACTGATTGAATAATAG,2.6631433381112055,1.413130080676579
3379,ENST00000262903.8,ENSG00000085382.11,HACE1,104728093,104859919,6.620054786320058,4576,3745.2,216.448,1.30209,AGAAGGCCACGCGAGCCCGGGAGGGACGCGGCGGCGGGGGCTGCAGGAAAGGCGCGAGCAGAGGCGGCGGCGGGTGTACTGTAGGTGGTCGGTCCGGCAGCAGCCCGGCCCCCGGACGCAGGACGTGGCCCCAGGCAGCCCTCGCAGCTCAGTGCTCTAGCCGGGGCAAGCCCGCGTCTCCGCCTGCTGGACGGGCCCAGGCGAGATGTAGGGCTCTGGGCGCGGAGGCCGCCGGTGGGGCGGCTGATCGCGGAGGATCGCGGAGGGCGCGCCGAGG,5.0841760449124545,2.346013986032285
3380,ENST00000314641.9,ENSG00000112276.13,BVES,105096822,105137174,14.303555390829535,5567,5412.26,406.77,1.69329,GTCGCGATGCCTATTTTAGTCAAAGCGGCTGCGGGCTTGGGGACCCGGCCCGGGCAGCGGAGCTTCCGGACCCGCCGACCCGCCGAGGAGCGCGCGTCGGGCTCCCGTCGAGCAGCTGAGCCCGTGTGCCCCGCGTCCCGCGCCCCGAAGCTGCCGCTCCGAACTTTGGTCGGCGCTGCCCAGGCTCCCCGCCAGGGACCAGCCGGGAATTTTCAAA,8.447197698462482,3.0784728162996595
3381,ENST00000254765.3,ENSG00000132429.9,POPDC3,105158280,105179995,3.2840741660656403,1345,1087.25,51.8419,1.07427,AAGCTCCGGGCAGGGCTGGGAAGGAAAGGAAATACCAAAATATTTGCAGACTGGATCCAAATCAGGAGCCCAGATGAACTTAAAGAAGCGAGCATGGGATTCTTAGTTTTTCAAGATCCGTACACACGAAGCCTTTAATCAGCATCAACTCCAGTGTCCGTTTTCTCTGGTTTTGTGAAGACTGCACAAAACTCTCATGATGGAGAACCAAAGGACTTAGTTACCTGTTTCAGTGTCATCTAAAGTCAACTGAAAAGTGAAGCAGGCAGTAATACAGCC,3.0570286483525,1.6121300722256742
3382,ENST00000369110.7,ENSG00000085377.13,PREP,105277565,105403084,53.89283252352223,2905,2828.06,1114.64,8.87988,CTGCTTTCTGCACGTCCTCGCCGCCGCGCCGCCAGTCCGTTTGTGCTAGCTCTGGCCGTGAGCCGGCCGCCCGCTGCCGCCGGCCGCCCCGCAGCTGCCTGCGCCCCAGCCGCGCCTCGCGGCCAGCCCGGCTAGCTCAGGTCCGCTCCCGGAGCCCGCGCCCCTCCACGCTGCCCCCTGCCTGTCCCCGGCC,6.069094686360877,2.601481328852262
3383,ENST00000369076.7,ENSG00000057663.13,ATG5,106045423,106325820,18.717218242613463,3216,2309.04,428.472,4.18074,CTGGACTTGTGGTGCGCTGCCAGGGCTCCGCAGCGTTGCCGGTTGTATTCGCTGGATACCAGAGGGCGGAAGTGCAGCAGGGTTCAGCTCCGACCTCCGCGCCGGTGCTTTTTGCGGCTGCGCGGGCTTCCTGGAGTCCTGCTACCGCGTCCCCGCAGGACAGTGTGTCAGGCGGGCAGCTTGCCCCGCCGCCCCACCGGAGCGCGGAATCTGGGCGTCCCCACCAGTGCGGGGAGCCGGAAGGAGGAGCCATAGCTTGGAGTAGGTTTGGCTTTGGTTGAAATAAGAATTTAGCCTGTATGTACTGCTTTAACTCCTGGAAGA,4.4770108264597805,2.1625358070198692
3384,ENST00000369063.7,ENSG00000130347.12,RTN4IP1,106571971,106629487,55.37857027714159,1682,1291.38,109.0,1.90166,CCGGCGGCTAAGGAGAGCGGGCAGGCAAGGAGATTCCGGGCCAGGGTCGCGGCGGCAGTCGGCAAGCGTTCGATTCTCTGGCGTTGGATCGCGAGCGGTGTCTGCTTGTCCCGCCGAGGGCTCCCAGGACAGGGCAGGGATCTAGGGGGTTTGCGCACCTGCTTTTTAATGCCCCGCCCCCCCTTTTTTTTTTAAAGTGGAGGGGGTGAAAGTGAGGGAGGAGAATGGACAGAATACTGACTGGAACGTTAATTCGAGCATTTCATATGCGAAGAGCGGAATAACAGTTCCGTATTCTTCTTTCAGTTTCTCCATTAGATTAGCTTCATTTTCGAATGCTCCGTTTTGCATGCTTAATTTTGAAACTAGCCCGTGGTTTGGCAGAATTTGACTGAATTCAGGGGTGAGAGTTTGATCCAGTCCAAGTGTATTTGAATTTGAGCACGCAGTTCAACCAGTGTTTACA,29.121173226098037,4.863996574509732
3387,ENST00000369042.5,ENSG00000178409.13,BEND3,107065182,107115269,15.810676767492703,6200,7724.09,386.845,1.12837,ACACAAAGAGAGGGGAAAATACACGGCGCTCGCCCGCCCGCCGCCCCCAGCGCCTCCCCGGGCCGCCCTGGCCAGGCCCTCCGCGCGCGGCCCCCACTCCCCGGCCCCGCGCCCTCCCCCCCACGTGGCGCCCAAACTCGGCGCGGGCCCGCCCGGCAAAGTACAGAACTCGCGTCCCAGCGGAATAGAAG,14.011961295933693,3.8085870031098845
3388,ENST00000369037.8,ENSG00000164494.11,PDSS2,107152557,107459564,13.96036735712171,3540,3041.8,267.977,1.98485,TGCCTCCAATATGGCGTCCTCCACATAGGCAGTGGCTGTGGTTTCTACCCCGGGTGGCCGGGGGCAGTGCTGAGCTGGGACTGTTGTTTGCCCAGCCTGGGCTGCAGAAAGCAGCAGTTAAAGTTCGTTTCTGGTCACTGCTCCAGGAAGCCACCTTACTCTGAGGGTCAAGAATTGCCGCTTCCTTTTAGTTACTGTAAGTTCCTCCTCTGCCCCTGGTTTGTTTCCCGCGGCACTTCTGGATACCCCCAGGTCCCAGACCCTTCCAGACTCAAACC,7.0334621543802855,2.814235016954159
3389,ENST00000369002.8,ENSG00000025796.13,SEC63,107867756,107958189,63.56086325895744,6411,5398.68,2204.26,9.19894,CGGCGGCGGCAGCGGCAGAGGTGGCGGCGGCGTGTCCGTGAGAGTGGCGTGGGGGCGGGGAGGAGAGGCGGCGGCGGCAGTGTCCAAGCTACGCCACTCGGGCCGGGGCGTTGGGAGCGGGAGTGCAGAGCGTGGTCGTGGCGGCGGCGGTGAGAAGAGCGAGGCGGAGGAGGGGGTGCC,6.909585589095856,2.7885991857966177
3390,ENST00000193322.7,ENSG00000081087.14,OSTM1,108041409,108165854,46.59757483598129,4467,3384.15,677.889,4.51306,GCGGAAACCGGAAGCGGCGGCTGTCCGCGGTGCCGGCTGGGGGCGGAGAGGCGGCGGTGGGCTCCCTGGGGTGTGTGAGCCCGGTG,10.325051037651015,3.368077007920367
3391,ENST00000230085.12,ENSG00000112335.14,SNX3,108211222,108261260,189.29690201525236,1755,1557.7,1364.85,19.7407,AGTCCGGCCGGAACCTGTTTGCGACCCCGAGTCCCATGACACCGCTTCTCCTCACACCCCAGTCCGCAGTGCCCCTCCCCAGCCTCGGCCGGGCCTCCCGGGAGCCGGGCGTGGCGTTCCAGCTAGTGAGCCGTTTCTCCCCTGGGCTCGGAGGCGGAAGCTTGAGGGGCGCGGGGAGGAGCTTCGCGTGCGGGGTGAACGCCCGCTCTACGTGCTCGTTCTCTTCGCGACCGCTGCGCGCGAGCCCCGTGTCCCCACGGCGGGCAGCAGCGGCGGCGGCGGCGGCTGAACGCGGAGGGGGCGGAGGGAGCCCGCGGCGGCGGCAGCAGCTACAGCGAA,9.589168672602915,3.261405747057777
3393,ENST00000356644.7,ENSG00000080546.13,SESN1,108986437,109094819,33.02607234505571,2676,2165.45,528.08,5.49432,GCCGTCCGTGCTGACTGAGGCGCTGCAGCCAGGAGCCGCGGCCGGCTGCCCAGCGCTCGCCGCCTCCGCGCGTCCGCAGCCGTCCCCGCGCCGAC,6.010948096407874,2.5875925626683722
3394,ENST00000310786.8,ENSG00000135535.15,CD164,109366514,109382457,298.650129055337,2993,2266.27,2178.97,21.6621,GGATTGAGGGGTTGACTGAGCGTTGCGAGCCTTAGCTTTCTCCCGAACGCCAGCGCTGAGGACACG,13.786757934611003,3.785211330450692
3395,ENST00000230122.3,ENSG00000112365.4,ZBTB24,109444062,109483237,13.900314727736236,5519,5087.03,934.469,4.13868,CGCGCTTCCGGGTTGGCTGTGGCTGTGGCTGCGGCGGCGGCGCAGGAGCAGAAACCGGTGCGGCGCAGAAGCCCCAGAGGCGGGCGGGGCGGAGCGGAGGGCCAGCGGGCCCCGGCGTGGGTCTCCCGCCAGGCCGCCGGATTTAACCCTTAGTGGCTTCTGAAGAAA,3.358634812968443,1.7478749387218646
3396,ENST00000392587.6,ENSG00000112290.12,WASF1,110099819,110180004,30.61895524642836,2675,2503.19,1353.02,12.1779,GTCTCGCGCGGGGAGGGGGCGGGGGGAACGGCAGCTCGCGGTGTTGTTCACTCGCGCGTCGAGCACACGGTGGGTCCGGCGGCGGGTTGGCGCCCCAGGCGGCGTTCCCTGTGGCCTGGCGCCTGGGCCGCTGCCCTGAGCGGGTTCCGCCCCAGAGCCCGACCCTCCTGGGGGCTCTAGGCGGAGTCCCGCGAGCCGAGGGGGACCGGCGACCGCTGCCGAAGCATGAAGAAGGGGTAAGGCGTGAGCCCCCAAGATTTCACGGTGAACTGGCACAAAGGTTAATCTCAAG,2.5143050317729956,1.3301596860078022
3397,ENST00000368911.7,ENSG00000155111.14,CDK19,110609978,110815958,5.385364552942199,6246,5989.19,393.908,1.4818,TGTGGCCGCCGAGGAGTCCCTTGCTGAAGGCGGACCGCGGAGCGGCGGGCGGCGGGCGGCGCGCGCGCGCGCGCGAGAGGCGGCTGTTGGAGAAGTGGAGCGGCGGTCGCGGGGGGAGGAGGAGGAGGGACTGAGCGGCGGCGGCCCCCGCGTCCCGTGCCTCTATGGGGGAAGCAGACA,3.6343396902025904,1.8616932700033406
3398,ENST00000368682.7,ENSG00000010810.17,FYN,111660332,111873452,5.636083639893794,3234,3083.77,315.409,2.30438,CCCGGGCCCGCCGGGGACCCCCCGGAGCCGCCTCGGCCGCGCCGGAGGAGGGCGGGGAGAGGACCATGTGAGTGGGCTCCGGAGCCTCAGCGCCGCGCAGTTTTTTTGAAGAAGCAGGATGCTGATCTAAACGTGGAAAAAGACCAGTCCTGCCTCTGTTGTAGAAGACATGTGGTGTATATAAAGTTTGTGATCGTTGGCGGACATTTTGGAATTTAGATA,2.445813468218694,1.2903143798516132
3400,ENST00000368662.9,ENSG00000074935.13,TUBE1,112070777,112087529,12.894527615920207,2142,1595.84,144.865,2.0452,CTCTAGCAGAGCGCCGTTGCTGGGGGAATGCAGAAGCGGCCGCGGGCTAGCAAGCTCCCGGAGCCGGCGGCGCACCACC,6.304775873225214,2.656445085488669
3401,ENST00000519065.5,ENSG00000196591.11,HDAC2,113933028,114011308,293.87462092763155,9874,8222.72,402.676,1.10332,GCAGGTTGTTCACCCTAACAGGGCCTCTAACCTCGAGCCCGAAACGGCCTCCTTCTCCAGCCGTGCCCCTTCCTCCCCCGTGGAGGCCGCAGTGGATGCGCTCACCTCCCTGCGGCCTCCTGAGGTGGTTTGGTGGCCCCCTCCTCGCGAGTTGGTGCCGCTGCCACCTCCGATTCCGAGCTTTCGGCACCTCTGCCGGGTGGTACCGAGCCTTCCCGGCGCCCCCTCCTCTCCTCCCACCGGCCTGCCCTTCCCCGCGGGACTATCGCCCCCACGTTTCCCTCAGCCCTTTTCTCTCCCGGCCGAGCCGCGGCGGCAGCAGCAGCAGCAGCAGCAGCAGGAGGAGGAGCCCGGTGGCGGCGGTGGCCGGGGAGCCC,266.3548389656958,8.057205680879898
3402,ENST00000420283.2,ENSG00000187189.10,TSPYL4,116249961,116254140,48.10724495557101,4180,4768.25,994.0,4.69666,CCTGACATCACCAGTTGCCATGGTAGCACCGCCGAGAGTAAAGGAGGGGTGGTGCTAGACGTTTCGGGCAGAGCTCGGCCGCTGCGGAGGACAAGGAACTCTCCCTCTCCCACTAGTCTGACTTCTTCCAAA,10.242863003830598,3.3565471172682972
3403,ENST00000368608.3,ENSG00000189241.6,TSPYL1,116276578,116279903,399.86583582741457,3326,3564.84,3562.55,22.5155,GCGGCGGTTAGCTCCCAGTTCGGCCTCTGAGGAAAACGGGCGTTCGCCTGCGGTTGGTCCGACTGTTAGCAAC,17.75958054795206,4.150525602896574
3404,ENST00000368576.7,ENSG00000153975.9,ZUFSP,116635618,116668794,30.020789578908968,2195,1550.68,493.117,7.16458,TTTTCCGTGGGAGTAAGGAAGTGCTTTTGAATGAGGTACTGAGGGCCAAGGTGTTGGAAGTTCCTAATTCTTTCCTCGGTTAACTGTGAAACTCTGCGTATTGGGAAGGCCTGGCCTCAGTCATCAGGCCAGGAGAGGTACTGGACGCCGCGCACGCACTCGTCTGCCAGCGAGGCCCAAAGGGGAAGCCTAGCGGAGCTCAGTGTGGCAGCTGCTGGCCTCTGGGCCGCTACTTGTCAATACC,4.190167403938398,2.0670078830671743
3405,ENST00000052569.10,ENSG00000047932.13,GOPC,117288300,117602542,36.62122524805443,4590,3735.2,1137.48,6.86107,GGGGCAGGCTGGGAGGTGGGACTGACTGAGTCTTCCGTGTGTCGCCGCCGTTGCCGCCTCAGCTTCAGCCTCGTTACTCCTGCGGTTCTGTGACTGTGCTGCTGGCGTTAACGGCGCGAGGTGAAGGGAGGTGACGGAGTGTGCCCGCGCGCGCGGGGGTCCCCTCAGTCCCAGCAGTTCCCTTCGTGCGCGGGGGGCGGCGAGGGTCTTCAGCAGTCGGGAGAGGCCCTTGACGGCGCC,5.3375384958985155,2.416174569911883
3406,ENST00000368488.9,ENSG00000111860.13,CEP85L,118460772,118710075,2.2398343171434623,7118,5379.3,332.979,1.39461,GCCTATCATTTGAAGACGTTCCTTGAGGAGGTTTGAAAAAAAACAGCTGACCCTTGGCTAACATTAC,1.6060650053731598,0.6835302870218116
3407,ENST00000316068.7,ENSG00000111877.17,MCM9,118813442,118935162,7.333213365017099,2442,2028.95,90.4609,1.00451,CCGGCGTCGGTCGAGAGCGCAGGCCCGGCAGAGCCGCAGGCGCTAGGCCGCCCGACACAGCCCGCGCGTCCCCGCGGCCGGTGGCGCCTCGAGCGGCCACGTGCACGCGCGCACTCCGCCTCACCAGCCTTCTTGCGCCGGAGACGAACCCGCTGCCTGGCTGGAGCTCTCTGGGCCCTTCGGCCTCGGGAGCAACGCGTTCCCGGCGACTTCTGACACAGCCATTACCTAGATTCAAG,7.300289061350409,2.8679535898995527
3408,ENST00000368468.3,ENSG00000111885.6,MAN1A1,119177209,119349761,40.27648701271921,5014,4481.98,1030.0,5.17761,AGTGCTCGCGGGGCCGCGGCGGAGTGTACCGTGCTGCTCTACTCGCTGCCATTCGCCCGCAGGTCGGCGCGCTCGCCCACCTGAGCCGCGCCGGGGCTGCGGGACCGTGGGACAGCGCGCTCAGCCCAGCCTAGGAAAGAGGCAGCAGTCTCAGCGCGGAGATGGGGAGCGGGCGAAGTTGACGAGTCTCCCGCCCACGCTGCGCCCCTCCTGCCCAGAGGGGCTGCAGCCAGCGGTCTGTCGCGCGTGCCTGTGTGCCCGAGGAGCCGCCCCGGGGAGAAGACCCGGCGCGGAGTTGTTCCCCCAGGGAGGATCCGCAGCCCAGCCGAGGGGGTCGGGCGGCCTGGCTACGCAGGACCCAGCCCCGCAGCCGCGGACTCCCAGCGGCGGCGAAGTTTGGCTGCTGAGCGGCGCGGCGCCGGACCACTGGACAGCGGGAGCG,7.778972733118024,2.959579649981608
3409,ENST00000339697.4,ENSG00000111897.6,SERINC1,122443354,122471822,170.27108494317574,3137,2342.37,1952.71,18.7821,TCGCAGATAGTAAATAATCTCGGAAAGGCGAGAAAGAAGCTGTCTCCATCTTGTCTGTATCCGCTGCTCTTGTGACGTTGTGGAG,9.065604215885111,3.180403177742337
3411,ENST00000398153.6,ENSG00000111906.17,HDDC2,125219962,125302078,235.77344902237107,918,699.236,1355.0,43.6594,GCTTCGCCGCGGCCTGCTCCGCCCAGCCGGGGTCGGTGGCCGC,5.400290636664065,2.433037053348449
3412,ENST00000454859.7,ENSG00000093144.18,ECHDC1,127288710,127343609,141.27286860005623,2341,1689.15,629.435,8.39546,GTGACACGAGGGAGCGCGAAGCGGAGGGCGCCTCGCGGCAGGAGCGGGATTTCCGGGGTCACGGGAACCGGCAGGGGAACGGGATAAAGTTCCCGGAGAAAGGAAAGGAGAGCGTGGGATAGTAAAAGAGAAGACGCGGAGAAGAGGAGAGGACCTACAAGAACGGAGGACAGGGGCGCACGATGGTCCCGGGGGGAGCGGAAACAAAGGCACGCAAAACGGAAAAGCGTGTGTAGGGGAGCGGAAAAGGAAGTCACCACCGTGGCCTGCGACGAA,16.82729339429361,4.072731238242686
3413,ENST00000368226.8,ENSG00000152894.14,PTPRK,127968779,128520674,19.9244832599188,6087,5654.0,1106.14,4.40774,AGAAGCGCCCGGAGCCCGCGGGGCGACGTCACCCCCGGCTCCGCCCCCGTCCCTCCCCGAGCAAAGTAACTCTTGACTAACAGGAGCAGCCTCCGCCGAGCATGGAGAGCTGCCGCCGCGGCCGGCCGGCGACGCTGGCGACGCTTTCGCCCCTGAGGTAGTTTGGCGACCGCGAAGAAGGAAAAAGGGCGGGCGGGCGGCTGTCCTCTCACCGTCCTCACCCCGCGAGGCCCGGCCCGCTCCTCCGTCGTGGATTTCGCGGCGATCCCCCCGGCAGCTCTTTGCAAAGCTGCTTGAAACTTCTCCCAAACTCGGC,4.520339961050062,2.176431277436381
3414,ENST00000368149.2,ENSG00000146376.10,ARHGAP18,129576132,129710225,6.862812962559009,4462,3496.56,219.0,1.41112,AATGCTAATGAGCGAGTTGCCAGGCGAGACAGGAACTTCTTTCCCCTTCTCTGTGTCAGGATCGCAGAAAGTATGTCCCTTCTCTCACC,4.863380125403233,2.281959358099689
3416,ENST00000628542.2,ENSG00000079819.17,EPB41L2,130839347,131063322,32.08129548275749,4247,4406.73,416.488,2.12935,GTCGCGGGAGGGGCTTCCGCCGCGAGGGGGCGGGGCCGGCCCTCAGAGTCCTCTGACGGCCCCAGTCAGGGAATTTCAATTTGAAACCTAGCGGAGGGAGGAGGCAGGCGCGGCTGCCGGCGGCTGGGACTGAAGAGGGACGGGTCCCGCGGCGAGCGAGCTCCTGAGCATAAGCTGTGGCC,15.066238750208978,3.9132473914713723
3417,ENST00000368068.7,ENSG00000112282.17,MED23,131573966,131628229,15.193110326102085,5233,4550.59,783.112,3.8772,GTTCCTGCTGTTGGCTGGGCTCGGGAGGGAACGCTCCAGGTAAAGCGCTGGGGGAGGAAGCGACGCCGAGGAGCTACGGTTTCCTCCAGAGGTCTCCGCCCCTCTGCCCCTATATTCCCAGAGCTCGAGTCTGATCCGGGCCTTGCCGGGCACCCTGGAAAGGCGGGGGTGATAGTACAG,3.9185779237857434,1.970330186348067
3418,ENST00000367963.7,ENSG00000079931.14,MOXD1,132296055,132401545,26.50878021927925,3059,2880.51,1076.3,8.41833,GCGCGGCCGGCCCGAGGGGCGGTCCCTGGGCTCCCGCTCGCCGCCGCTGCCGCTCCTCGTTCTGCTCCTCACTCCCCAGCGGCTGGAGGCCGGTACCGGCGGGCAGGAGGCGCCCGAGG,3.148935741326279,1.654864317455602
3420,ENST00000367941.6,ENSG00000079950.13,STX7,132445867,132513198,71.30564247211933,15791,12390.2,1066.17,1.93871,CCGGGGTAGGTGGGTGACGGCGGTCGGAGGTGTAGGAGGGAGCCGTGGAGGTCCAGGTGACTGCTTAGAAAACTGCACAGCATCTGATGAAATTAGCGAATAAGAACATCAACC,36.77994257631071,5.200847322191959
3422,ENST00000275227.8,ENSG00000146409.10,SLC18B1,132769370,132798553,24.765912525884392,2368,2070.7,404.68,4.40309,GCGGCCGCCCGCCAGAGTGCCAGTGGCTCCTTGGAGGTCGAGTCCAAGGACGTGGCTTGAAGCCGGGAGCTGGGGCGCCGGAGTCCACGCACCGGGG,5.624666433319417,2.4917675409047426
3423,ENST00000275230.5,ENSG00000146411.5,SLC2A12,133988697,134052636,4.525892892666218,4468,4174.83,187.119,1.00982,AGAAACAAAGTTGGTCACAAATCACATTAGCTTTGCCCGAAGTTTTTCCCCACACTCTTCTTTAGCATGCTATTATGGGGAAAGTGACCACTCCTGGGAGCGGGGGTGGTCGGGGCGGTTTGGTGGCGGGGAAGCGGCTGTAACTTCTACGTGACC,4.48188082298451,2.164104286872586
3424,ENST00000237305.11,ENSG00000118515.11,SGK1,134169246,134318112,2.9775805322114337,2401,2125.15,99.9106,1.05921,TTTTTTATAAGGCCGAGCGCGCGGCCTGGCGCAGCATACGCCGAGCCGGTCTTTGAGCGCTAACGTCTTTCTGTCTCCCCGCGGTGGTG,2.811133327868349,1.4911518802187667
3425,ENST00000367822.9,ENSG00000112339.14,HBS1L,134960378,135103056,2.072050616432773,2793,1753.65,187.71,2.41162,TGACCCTGAGGCATTGCCGTCGCGCGGTGCACAGCTAAGACGTCGCGCTTGCGCAGGCGCTCGGCGCAGAGGCCTGCGGGAAGCCAAGATGGCGCATAGGGGTTCTCCAGGCTGCAGTTGGCGCCTTATCAGTATCTAAGCGGAGTGTTTTGGAAGGAGTTAAGGGGCTGTGGCAAACGCCCTCTCCGCCGTC,0.8591944901903174,-0.21894335319414943
3426,ENST00000327035.10,ENSG00000135541.20,AHI1,135283532,135497776,1.9516537313201685,3638,2726.73,391.404,3.23404,GCGGCACAGAGCCGCGGCTTGCTTTCAGGACACGGGTCGCTGGCGGGTTAGGTGGCTGCGTGGCCGCCTCACTTCGCGCACGCGCCGCTAGGCTGGGGGAGTTGATTTGCACTGCTCCGGGTGTCGGCTCCGGCGGGACGGGCGGTTCTGCGTACCCCTCTCCAGTGTCAACCTGGGGCTGAATCTTCAACCTGTCAAAGCCTTCTTAATTATGTCTGAGAAAAGGATCCTGATTGAGTCAATGCTTTGCATTCTCAGTCCTCTGCATAAAGCTGAGAG,0.6034723538732263,-0.7286404147829257
3427,ENST00000451457.6,ENSG00000146410.11,MTFR2,136231024,136250335,19.51791942564724,1524,1026.08,102.13,2.24249,GGGATGCGGAAGTAGCAGTCCTGTCATGCGGAAGTAGCAGTCCGGTCCTAGGGACTAGCAGGCACCAAGAAACTGATAATGTTCCTTTGAATTGGCTTCTGTATTTGCTTCATCA,8.703681811578754,3.12162581563602
3428,ENST00000531224.5,ENSG00000029363.15,BCLAF1,136256863,136289851,41.96032486906368,7263,5916.32,1229.29,4.68129,GCCCCAGATCGGAAGTGACGGAGACGTGCTAGCGCGTCGAAGGTAGCTCTATGGTTTTCCTCGCGTTCTTGAGTCGGGAAATGGCCGCTGTGTGGTTGCAACGGAGATAAATTCCCGGAACCGCGATTCGGCGTGTCAGGAATTCGAATTTAGAGTTTAATTTCTCAGAGCATTCTCTCCAGGAAGAATTTTTACAGTATCTCAAAGACTTCACTTGACTTCTTGATCCTGCATAAAACCAAGGAGAAAAGAA,8.963410698560372,3.1640478016582527
3430,ENST00000354570.7,ENSG00000135525.18,MAP7,136342281,136550819,16.78909507396097,4152,4340.11,478.075,2.48175,GGGAAATAGCGTCTCCGTACCCTCGCCCCACCTGGGCTGCTCCTCGGACCGCCGCTCGTCCCAGACTCCAGGAGGCGCCACCAGGCCTCGCTGACCCCGCTCCATATCTCCGGGAGCCCTCAGCTGGTCGGCCGCGGCGACCGGAAGCTCCGGACTGAGGTACTGGTTCCGCCCGCCGCTCTTCCAGCCGAGACTCGGCAGCGGCGGTCGGAGCGGCTGCCACGCCGCACCTGCCCGCGAGGGGGCGCGCCAGGCCCAGGCCGCAGCCGACTGCCGCGCTCTCTGTCCCCGCCCTCCGCCATCCCCGGACTGCGCTCACCTGTCTGGGCCGCTGGCCTGGGAGGCGGGGGCCGGCGGGAGCCAAGCCGAGGAAAGGGCGGAGCGGCTCTCCGGGCGCGTCATCGGAGCACC,6.765022695259784,2.758094774155075
3431,ENST00000359015.4,ENSG00000197442.9,MAP3K5,136557047,136792518,6.162324268670916,5197,5031.7,480.0,2.14926,CGAGCGCGGCGCCCTTGAGCTGCACCGCGGCGCAGGTTTGCGAGCCGACTTGTCAGCCGGCCAAGAAAAGGAAGCTCCGTCCCTTCCCGCTCACCCGGCTTCCCCACCCCTTGTACTCTAAACTCTGCAGAGGGCGAGCGGCGCGGCCACGGAGGCGCCGAGGAGGAGCGAGCCGCCGCCGGGCAGCGGCGTGCCCTCGGGGGAGAGGGCGCCGGAGAGGAGGCGGCGGCGCGGCGGCGAGGGCGCGGCGCGCGATGGCAGCTGCTTAGCCCGGCGGGCGCGGAGCAGCCCCGAGCTGTGGCTGGCCAGGCGGTGCGGCTGGGCGGGGGACGCCGCCGCCGTTGCTGCCCGGCCCGGAGAG,2.8671841790527512,1.5196345818269639
3432,ENST00000367739.8,ENSG00000027697.13,IFNGR1,137197484,137219449,46.1033510946017,2139,1607.91,580.561,8.13483,GCCTCCTGCCGACGCCGGCACAGACCCCGGTGACGGAAGTGACGTAAGGCCGGGGCTGGAGGGCAGTGCTGGGCTGGTCCCGCAGGCGCTCGGGGTTGGAGCCAGCGACCGTCGGTAGCAGC,5.667401911853315,2.5026875168425704
3433,ENST00000421351.3,ENSG00000112378.11,PERP,138088505,138107511,164.01780666704772,4290,4142.63,2384.0,12.9656,GGAATCTAGGTGGGGCCGCCCGGAGCGGCGTCCTCGGGAGCCGCCTCCCCGCGGCCTCTTCGCTTTTGTGGCGGCGCCCGCGCTCGCAGGCCACTCTCTGCTGTCGCCCGTCCCGCGCGCTCCTCCGACCCGCTCCGCTCCGCTCCGCTCGGCCCCGCGCCGCCCGTCAAC,12.650228810625634,3.6610915747452495
3434,ENST00000450536.6,ENSG00000135597.18,REPS1,138903493,138988261,12.010253050988146,4537,4030.13,353.56,1.97654,CGCTGTCACTGTTGGTGCGGGCGCGTCGGGGCCGGGCCGGGGCACTGTAAATGGCGGCGGAGGGAGGCGGAGCGGCGGCCACGCTCAGCCCAGATCCCCCGAAACTTTAGGTTCGAAGCCCCACAACTTTCCGGGAAGCGCTGCCGCTCCGGAGGCGTGGACGGAAGGGGAAGCCGAGGCGGGAAGTCTGGGGGAATCGGCAGGGAGCCGGGGAGACTCGAACCCGCGGCGGGGGCGGAGTCCGCCAGTGCCTCGCGCCTCCGCGGCCCCCGCCTCTTTCTCTGCACCCTCCCCGCGGCCGGAGCCGGAGCCGGAGCCGGAGCCGTAGTCGCAGCCGCAGCCGCAGCCGCGCGCCGGGCCTCGCAGGCAGCGGCGCGGCGAGCGCAGCCGGGCCCCCTCCTCGCGACCTCCGGGCCCTGTTGCTCGGGCGCACCTGGCGCGTGTGAGGCCGGGGCCGGCGTTTTCGGGAAGCTAGCAGGAGGCCGGGCCACGCGCAGCCCCTGCCGGCCCAGGTTCCTGGGGCCGGGCCCCGAGTAGTGCATGCGGGGCGGGGCGGCCGTGAGCCGGAGGCGAAG,6.07640272951124,2.6032174914025514
3437,ENST00000367651.3,ENSG00000164442.9,CITED2,139371807,139374620,148.3530682428782,2354,2311.41,719.442,7.01263,GTCCTGCCGAGCTGTGAGGGCAACGGAGGGGAAATAAAAGGGAACGGCTCCGAATCTGCCCCAGCGGCCGCTGCGAGACCTCGGCGCCGACATCGCGACAGCGAAGCGCTTTGCACGCCAGGAAGGTCCCCTCTATGTGCTGCTGAGCCGGTCCTGGACGCGACGAGCCCGCCCTCGGTCTTCGGAGCAGAAATCGCAAAAACGGAAGGACTGGAA,21.15512557241409,4.4029353441439705
3438,ENST00000367604.5,ENSG00000010818.8,HIVEP2,142751467,142945201,2.2338881829745705,9621,10391.4,638.909,1.38525,GTGGAGCCTTTGAATTTTTTAAAAGACCATAGTAATCAGATCTACTTGAAAAATTAAGTGAATTGATTTGGTTGGAATGCTCTTTTACCGATGCTTTAACATACAGCCACTAGATTCCCAGAAGTTGTGCATGAGTTCCTGTGAGGAGAGTTGGCATCTTGGAAATCAAAGACGGTTGTGATGCAGTTTTTTGATATGAGGATAACAGGAAGCGTCAGGACAATCATGCCCATAAGAACTCTAAACTGTTCAGATCATTTTATCTTAGTGAAACTGGCAATTGAACTTTGCTCTAGTTGATGGGCAAAATTTCTCCTAGACTATTCATCATCCCAATTTCATCCTAGTTGAAAATTTTCAAATGCCATAAGAAATCTTTATAGATTTGCACTTAGCTTTTGGATGGACGTTTCTACAATGGAGAGAACTGTGTTATAGCCCTGGTCCAAGGACATTACTAGCTAATGCCCATCGACTGTGGTGTGCGTGTGGAAGGTTCCAAAGAGAAGGAGCAATCAGCAAGTTTGCAGACACCCTGGAACATGGAAGCAACCAAGCTTTAAGAAGCACAGCTTTGGAGACACTCCATGAGTCTGCACTGCTTTCAGGGGAACTAGCACTTAAGACCTTGTGTAACAAA,1.6126245681101392,0.6894106066466046
3439,ENST00000002165.10,ENSG00000001036.13,FUCA2,143494811,143511690,89.07515475071311,2356,2142.5,1506.98,15.847,CAGCGCTCCCGAGGCCGCGGGAGCCTGCAGAGAGGACAGCCGGCCTGCGCCGGGAC,5.620947482218282,2.4908133355502278
3440,ENST00000367569.3,ENSG00000169976.6,SF3B5,144094881,144095573,1380.136356524043,693,664.349,884.0,29.979,ACTCTCCTGTAAAACGCTAGAGCGGCGAGTTGTTACCTGCGTCCTCTGACCTGAGAGCGAAGGGGAAAGCGGCGAG,46.0367709571381,5.5247147405318
3441,ENST00000237281.4,ENSG00000118496.4,FBXO30,145793502,145814753,25.97645811626404,9009,6531.54,557.0,1.92133,GAAAAGGCGGCGGCCCGGCTGGGGAAGAGGGGCGGAGGAGGCGGTTCGGACGGCTGTGTGGGGTACGGAGCGTCGCCGGGACAGAGCGGAGCAGCTGGGCACGGCGTCCAGGGCAGCTAGGGCCTGGGCCGCGGTTCGGCCGCGCCGGCCGAGCTGGACTGGCCATT,13.520039824633999,3.7570274961167316
3442,ENST00000367505.6,ENSG00000146414.15,SHPRH,145864245,145964423,13.090298319433275,7201,5876.31,958.169,3.67367,GTGCTCTGACGAGCGCGTTCGCCTTGACCCCACGCTACAGCGCGCGCCCGGCAGCTAGGCGCTGTGGTTTCTGGGTCTCCCGGGGGACCCCTACACGTTCCGGCAAAAAGCGCTCGTGCCCACCTCAAGCCCATGTTCGGTGGGTGGCGAATGCGTGCCCGTGATCTGCTGGGTCTGTAGAGGAGCGCAGGCCTGGTGCAAACAGACTCAAGAGGCTCGGAGAACCAGCTTGGAGTTCACAGTTACCAGCCAAGAAAACTTGAAA,3.563275503633499,1.8332040333897612
3443,ENST00000253329.2,ENSG00000131013.3,PPIL4,149504733,149546038,64.800375917893,2232,1541.51,1481.8,21.6574,CCCGGGGTTTGTAGCGGAGGAGGAGCGGGCGCC,2.9920662645512857,1.5811421265894898
3444,ENST00000543571.5,ENSG00000131023.12,LATS1,149658153,149718256,17.41443769304691,7517,6834.58,888.444,2.92874,GCGACGCTCACGAACGATCAGAGCTGCGGGCGACGCAACGAAGCCCGGAGGCCGCAGGCTGCGCGCTCCCTCGCAGCAGCCGGGCGGGCAAAAGCCCCCAGTCCTCGGCCCCCGCGCAAGCGACGCCGGGAAATGCCCACATCCGGGAAACCTGCAGCGGAGTGCGGCGGCGGCGACACTGAGTGGAAGGCAAAATGGCGGCGGCGGCGGCGGTGGCCTGGTGTTAAGGGGAGAGCCAGGTCCTCACGACCCCTGGGACGGGCCGCGCTGGCCCGCGGCAGCCCCCCCGTTCGTCTCCCCGCTCTGCCCCACCAGGGATACTTGGGGTTGCTGGGACGGACTCTGGCCGCCTCAGCGTCCGCCCTCAGGCCCGTGGCCGCTGTCCAGGAGCTCTGCTCTCCCCTCCAGAGTTAATTATTTATATTGTAAAGAATTTTAACAGTCCTGGGGACTTCCTTGAAGGATCATTTTCACTTTTGCTCAGAAGAAAGCTCTGGATCTATCAAATAAAGAAGTCCTTCGTGTGGGCTACATATATAGATGTTTTC,5.946051098099152,2.571931861270698
3446,ENST00000340413.6,ENSG00000120253.13,NUP43,149724315,149749665,144.10022238387455,3874,3387.04,1630.57,10.8463,GTTCCGCGGGAAGAGGCGGTGCTGAGAGGCGCGTACTGTGCTTGCTTTTTGCAGTACCTGCTGCGGCCGCTTTCGGC,13.285657079729914,3.7317976770421097
3447,ENST00000239367.6,ENSG00000120256.9,LRP11,149796151,149864026,70.9517917761261,3260,3262.37,814.058,5.62191,GTCGCC,12.62058477921669,3.6577068545366704
3448,ENST00000367339.6,ENSG00000131019.10,ULBP3,150063150,150069095,25.38334271468649,988,966.97,161.516,3.76326,CCTTGTGTCCCGGGCGCTCCTGGTCTACA,6.745040925869191,2.7538271968235652
3449,ENST00000325144.4,ENSG00000181472.4,ZBTB2,151364117,151391548,9.81415535030982,3090,2965.41,673.0,5.11319,ACCGACCGCGGCGGCAGCAGCAGCAGCAGCAGCGAGAGGCAGAGGCGGCGGCGGCGGGGAGGACAGCACGGCCGAGGCTGCCCAGAGGCGCCTCCTCCACACCCCCCGCCGCAGCAGCACCGGCGACAGATTTTTTAAAAA,1.91938014239835,0.9406404724711777
3450,ENST00000367303.8,ENSG00000155906.16,RMND1,151404763,151452181,27.50369785061218,1854,1479.0,329.401,5.01788,GAGATGGGTTGGCTGCAGTAGTGAGAGGCTGGGGGTGCGGCTCTTTCCCTGCAGTCCTGCCGAGGAAGCGTGCGTCCCTGGCGCTTCCTTCTTCTCTTCCGGCGGAGAGCTTGGGATGTGGTA,5.481139016997653,2.4544757259271566
3451,ENST00000229758.7,ENSG00000112029.9,FBXO5,152970519,152983579,54.5393754175426,2037,1500.29,1236.49,18.5685,GTTGCTCAGCTGCCCCCGGAGCGGTTCCTCCACCTGAGGCAGACTCCACGTCGGCTGGC,2.9371987730588147,1.5544409024358468
3453,ENST00000367166.4,ENSG00000029639.10,TFB1M,155257509,155314493,20.2040375489904,1424,1082.86,145.494,3.02715,GGAGCGGCGGTGAAGGTCCTGGGTGAGGTAGGGTTGGATGGTGCTTGCCGCGTATC,6.674276976360735,2.738611558280886
3454,ENST00000400788.8,ENSG00000215712.10,TMEM242,157289386,157323601,72.57372196682914,4043,4080.44,427.68,2.36142,AGATTGCACAGGAGGAGGCGGTAGCGGAACCTTTCTCCTCCGCCTGGTTCTCGCTTCCACCCGGGCCCAGTTGGGGACGGACGCACTAGAGGCGACCTAAAC,30.733085163515657,4.941720695098125
3455,ENST00000367104.7,ENSG00000122335.13,SERAC1,158109515,158168270,9.23659810514678,3948,3447.94,275.068,1.79739,GAGGGGGCGGGGTCACGAGCCGCCAGCCGCCGGGTGGAGGGTCCCGGCCGGGAGCCGCGGAAAGAGTAGGGCTCCCCAGACAACGGGGTCCGACGAGCAGTTGGGCACGGGCTGAGTCCGCCTGCCGGCAGA,5.138894789192539,2.36145811552817
3456,ENST00000367089.7,ENSG00000146425.10,DYNLT1,158636474,158644739,433.1570181730822,726,506.993,800.346,35.5662,AGGGAGCCGGAGGGGACGCGCCGGAGGAAAG,12.178895079403539,3.606311346705255
3457,ENST00000337147.11,ENSG00000092820.17,EZR,158765741,158819412,116.43288618249994,3068,3332.09,257.3,1.73975,GGCGCGGCAGGAGGACGAGGCAGGGCGGGCGGGCGCTCTAAGGGTTCTGCTCTGACTCCAGGTTGGGACAGCGTCTTCGCTGCTGCTGGATAGTCGTGTTTTCGGGGATCGAGGATACTCACCAGAAACCGAAA,66.92506749964072,6.064474783835191
3458,ENST00000367069.6,ENSG00000130363.11,RSPH3,158972871,159000187,3.643750557032949,6561,6449.1,329.391,1.15073,ACGTAACAGAGCTGGGAGCCTGGCTGCCAGGGGCGTGTTATCGCGGGGGCAGCCTGGGAGCGCTGCTGCGCCGCGGCAGGAGAAACAGCCGAGGACACCCTGGAAGAGCAGGAGCACGTGGGCCTGCGAGAATGGCGCCAACACCAGCCCTGCAAAGCCACATTCCAAAGCCGGGCCAAGGACAGCCACCGTTGCCCCGCAGGCCTCAAGGATGACGGTCAAGCCAGCCAAGGCCGCCTCCCTAGCCAGGAACCTCGCAAAGCGCAGGCGCACCTACCTGGGTGGCGCGGCTGGGCGGAGTCAAGAGCCGGAAGTCCCTTGTGCCGCAGTCCTTCCCGGGAAACCTGGGGACCGGAACTGCCCGGAGTTCCCGCCCCCAGACAGAACCCTGGGTTGCTGGGCAACCGATGCGGCCCCCGCAGCTGGTCTCTGTGGTGCTGGGAGCGAGCCCAGTATAGCTCCCACCTCCTGCGCTGGTAACCTCCCGTCCCGCCCGCCTCCCTTGTTGTCGCCTCTCCTCGCGTCGCGGAATCCTTGCCCTTGGCACTACTTACATCTCTCCGGGTCCCACAACACCTTAGCGCCCACCTGCTTCAAAGCCAAGCTCCACCGAAAGCGAGGCAGTCAGCCCCCGGAC,3.1664687259678193,1.6628748305150372
3459,ENST00000538183.6,ENSG00000112096.16,SOD2,159669057,159762529,120.45800248808588,14266,14065.4,890.093,1.42575,CGGGGCGGCGGTGCCCTTGCGGCGCAGCTGGGGTCGCGGCCCTGCTCCCCGCGCTTTCTTAAGGCCCGCGGGCGGCGCAGGAGCGGCACTCGTGGCTGTGGTGGCTTCGGCAGCGGCTTCAGCAGATCGGCGGCATCAGCGGTAGCACCAGCACTAGCAGC,84.48746448401604,6.400665397603831
3460,ENST00000321394.11,ENSG00000120438.11,TCP1,159778498,159789749,287.836063228322,2499,2148.78,3384.51,35.4866,AAAAATGCCGACCCCGCCCCTTCCCCGGAGCCTCACTTCCGTCACAGTCCTGTTTCTCTCCCTGTTGTCCCTGCCTCTTTTTCCTTCCCGCCGTGCCCCGCGGCCGGGCCGGGGCAGCCGGGAAGCGGGTGGGGTGGTGTGTTACCCAGTAGCTCCTGGGACATCGCTCGGGTACGCTCCACGCCGTCGCAGCCACTGCTGTGGTCGCCGGTCGGCCGAGGGGCCGCGATACTGGTTGCCCGCGGTGTAAGCAGAATTCGACGTGTATCGCTGCCGTCAAG,8.111119781222264,3.019901099559309
3462,ENST00000320285.8,ENSG00000026652.13,AGPAT4,161129979,161274061,16.005378127167482,7865,8994.47,403.19,1.00994,GCTTTTTCTTTCCAGTGTTGGCTGACTTACAGCTCTTATAAACTAGTGGCAATTTCTGAACCCAGCCGGCTCCATCTCAGCTTCTGGTTTCTAAGTCCATGTGCCAAAGGCTGCCAGGAAGGAGACGCCTTCCTGAGTCCTGGATCTTTCTTCCTTCTGGAAATCTTTGACTGTGGGTAGTTATTTATTTCTGAATAAGAGCGTCCACGCATC,15.847850493264433,3.986215270078271
3463,ENST00000366882.5,ENSG00000112541.13,PDE10A,165327287,165988048,3.654908290836167,8233,6828.95,610.203,2.01318,CCAGGCGGCGGCGGCCAAACTCCGCGGCGTCCCCAGGGCGCCAGCTTCGCCCTCGCCGCCGCGGCCGCGCTGCTCTTCGGCTCCGACATGGAAGATGGACCTTCTAATAATGCGAGCTGCTTCCGAAGGCTGACCGAGTGCTTCCTGAGCCCCAA,1.8154900658839084,0.860359035927582
3464,ENST00000361731.3,ENSG00000198818.9,SFT2D1,166319728,166342591,143.45545573107594,1079,790.139,404.209,11.5256,GGGCGGGACCGGACTTCCGGCTGGTCTGTGGGGTTTCGGGTTCGGGGTTTCCTGGTGGGCGTCAGGGGCAGGCAACAGAGTGGCGGCCGCTACGGCCCTGTAACAGGGCC,12.446680062736512,3.637689074469994
3465,ENST00000360961.10,ENSG00000060762.18,MPC1,166364919,166383013,194.87561991518356,962,633.108,388.56,13.8275,GTCGTGAGGCGGGCCTTCGGGCTGGCTCGCCGTCGGCTGCCGGGGGGTTGGCCGGGGTGTCATTGGCTCTGGGAAGCGGCAGCAGAGGCAGGGACCACTCGGGGTCTGGTGTCGGCACAGCC,14.09333718424759,3.8169413650940496
3466,ENST00000474018.1,ENSG00000184465.15,WDR27,169457212,169702048,4.7243531023994265,951,877.786,43.4101,1.1142,CGAGGGGCGGCGGGCTAGTAACCATAGCGGCTCGCGTGGGTCGGCTGGCAAGTAACCATAGCGGCGAGCGTGGGGCGGAGTGTGGCTCGGTAGTCCTCTGCGTGCCCTCCTGGGAGCTGGGTGCTGTGAGTCCTCCCCTAGCGGGCTGGTCTCGGCGCGGAGTCGGCGCCGAACCCGAGCTGCTGCTCTGGGGCGTGTGCCTAGGGCGCAGGGCTGGAGCGCGGGGGCTGCGCGGTTGCTCGCGGCTCCGCTGAGGTCTCTAGGAAAGGGGGCGATTTGAGGGTTCCGCCGTGACCGCTTCCAACGGCGGACACGCGCGCTCTGGACCAGAGCCGTTGCCCGCTGTCTCGTCACCCGAAGCCTCCTCCTGACGCCGTGCTAGTGCGAGGGTCTCCAGGGGAATTCGGGGCACAAGTCGGGCCGGAGCATCCGGGCGGCCGCTTGAGATCGGCGCTTTGAGAACTGAGCGCATGTGGAGTTCGGAGGAAAAGGGCTCAGTTGTGGAAGCTGATCGAGGAAGCCTAAGCAGGCTCTGTGAAGTGGGAATAGTGGTATTTGAGTCAAGGTTTGCTTAACTGGAAAGCCCGTGAGAAGAATGGAGCAGTTGAGAATGTGGAAGCTCCAGAGTTTTCGGCAATTTCTCTTCTTTTTTCTTGGGATGAGGAGAGGTGAATAAATAGATTGAAG,4.2401302301197505,2.08410857598249
3467,ENST00000612128.1,ENSG00000130024.14,PHF10,169703905,169725854,26.104778644741675,4395,3387.62,2224.05,14.7915,CGGCGGCAGCGGCGGCGGCGGCCGGGACAAGGCGGAGGCGACGGCGGCGGCGGCGGCGCGGGGCGCTCGGGCTG,1.7648499911937043,0.8195455624436615
3468,ENST00000262193.6,ENSG00000008018.8,PSMB1,170535117,170553341,699.6377657714085,928,828.692,2263.85,61.5484,AGCGAACTTCAGGAGAAGCCGGAAGTGGCGTAACGTCCGGTCAAGGCAGCCATCTCGCCGTGAGACAGCAAGTGTCGGATCCGCAGGCGCAGCCGTGCG,11.367277878408025,3.5068149083518163
3470,ENST00000542896.5,ENSG00000071994.10,PDCD2,170575295,170584692,40.84368841172355,1082,929.908,204.643,4.95815,GGGCTGCGCCCCACGCCAGCCCGCGCCCCGC,8.237687123568982,3.0422393320999075
3472,ENST00000313766.5,ENSG00000177706.8,FAM20C,192969,260745,4.668200482578621,2751,3819.69,175.225,1.03354,GCGGCCGCTCCGGAGAGGCCGAGCGGGGACGGGCCCGAGATGGCGCGGGGACCCAGCGCTCCGGCGGCGGGCGCCCTGCACGCGGCCCGGGCCCGGGGACAGCCCCGGAGCTGGTAGCCGCCCGGCACCGATGGACCTTGACCCGCGAGGCGGCGCCGCGCTCGTGCCCAGCTGCAGCTAGAGGGGCGCGCGGGCAGAACGCGCTCCAGGCCCGGGCCGGCCCGCGCGGCC,4.51671002823173,2.1752722960511677
3473,ENST00000297440.10,ENSG00000164818.15,DNAAF5,726701,786475,71.6052548705656,3410,4741.85,894.605,4.25056,TGACCGGCGACGCGGGCAAG,16.846075545472974,4.0743406358186895
3474,ENST00000452783.6,ENSG00000164828.17,SUN1,816615,896436,7.342067267968107,3717,4086.78,270.255,1.48989,AGAGCGTCTTCTCGGGCCTGGGCGGCGCAGACGAGGCCTGAGGCGGCGGCGCGAGGCAGTATGGTTTGAAGTGGTGAAC,4.927925731408432,2.30098051339155
3475,ENST00000265857.7,ENSG00000239857.6,GET4,816615,896436,35.7913815140562,2090,2928.4,511.863,3.93808,GTAGAAGGGCGTCGGGCGGCCGTCGGGACGGAAGCCGGGAGGCGCTGCCGACCGCGCCTGCGACAGCGTCAGCCCTGCGCGGAGCGCCGGCCCG,9.088535914470047,3.184047907284576
3476,ENST00000360876.8,ENSG00000106263.17,EIF3B,2354086,2380745,227.63728351247977,3055,3719.69,1966.46,11.9108,GGGAGAGTCGGAAGCGCGGCGGCCGCGGAGCCCTGCGAGTAGGCAGCGTTGGGCCC,19.111838290667276,4.256394646895994
3477,ENST00000258796.11,ENSG00000136295.14,TTYH3,2631951,2664802,28.064839570737828,4840,8122.36,684.23,1.89794,CGGCGAACAAAGAGGCGGCGGGCGCGGGCGGCCGAGCGGAGCCGAGCGCAGCCGAGCCGGGCCGAGCCGGGCCGGGCCGGGCCCAGGAGCGCGCGGATGATGCGGGCGGCCAGGCGGGGGTCGACGGGTCCCTGAAGCCCGCGCCCCGGGCCAGCAAGGGAGCCCCGCGCAGGCCGCGCGCATCCGGAGGCGGCCGGGCCCCGCC,14.78700041662952,3.886257522378797
3478,ENST00000401525.7,ENSG00000157954.14,WIPI2,5190188,5233826,8.130323432474553,2112,2326.56,291.385,2.82173,TCGAGGCCGTGCGTCGCGGGGGCGGGGCCGCGCAGGCGTACCGGGTGCCCCGGCTCTGGAGCATAAACAAGAGCGGGGACGGGATGAGGCGGCGGTTGATCCCAGGGTGGCGAGTGGCGGCGACCGAGGCGGCGAGCGGGGCCCGGCGCCGACCCTGAGTGCAGCCTGACCCGCCCTCGCGCGCGCGCCCTCCCCGGCCGGGCCCACTCGCCGCGCGCCCAGCC,2.8813257939188204,1.5267327964565418
3480,ENST00000382361.7,ENSG00000075618.17,FSCN1,5592823,5606655,132.7972648715254,2777,4143.34,1620.46,8.81152,GCTGCGGAGGGTGCGTGCGGGCCGCGGCAGCCGAACAAAGGAGCAGGGGCGCCGCCGCAGGGACCCGCCACCCACCTCCCGGGGCCGCGCAGCGGCCTCTCGTCTACTGCCACC,15.070869143067872,3.9136907150239253
3481,ENST00000223029.7,ENSG00000106305.9,AIMP2,6009245,6023834,141.33936926726668,1225,1288.79,695.903,12.1654,GTTTTCCCGAACGCCCGCAGCAGGGTCAGAAGGGAGGTGGCCGGTCTCCGTCGTGACCTCTGACGGTTTCTGAGCGTTGGCCTTTGGCACGCGCTACCCCCTTTTGCTTTGGTTCTGCC,11.618144020522685,3.5383077138665837
3482,ENST00000306177.9,ENSG00000106346.11,USP42,6104884,6161564,17.908904250703426,5155,5879.93,493.607,1.89134,AGGGGCGCGGCGGGCGCGGCGCTGACCCGGAGGCGGCGGCGGCGGTGCCCGGATGGAGGCACGTCATTGTCCCCCGCCGGGCGGCTGGGCTGTGTGCGGCGGCGGCGGCGGCGGCCGAGGGGGATGGAGCGAGCGCCGAGCCGGGTCAGAGTTGAACA,9.468897316560442,3.2431964290141146
3483,ENST00000344417.9,ENSG00000146576.12,C7orf26,6590017,6608726,6.269093376838018,2182,3092.09,191.452,1.39499,CGGCATTCGGCCGCTGTTCGGCTGCGCGGCGGCAGCTCCCGGCGGCTCCTGGCGGCGCCGCAGTCGGACCTTCGGGCGCCTGCTGGCCGGCGGCAGCAGCGATGGCCCCCTGAGCAGGCAGGGAGCAGGCGGCGGCAGGCGGGCAAGCGGGCGGGTGCCGCAGCCCAGGCCCGGGTCGCGCCTCTTTGTTTCCACGGGTAGCGGCGCAGTCCCGGGCCCCGGGCGGAAGTGAGACGCGCTCGGCGCGGGGGCCGCGGCGGCCGCACC,4.494005961933791,2.1680020384578755
3484,ENST00000340080.8,ENSG00000164654.15,MIOS,7566872,7608929,10.485403233611915,3453,2874.72,242.948,1.90406,GCTGGGAAACTCCCCTTCCAAGGCCGAGGCGCCGCTGCGCGTCCTCCAGGCGTGGTGGTGGGGTCGTGGGTCCCAGCCCAGTGGTCCAGGTCACGGGCCGCACGGCCGCGGCCGCCATCTTGCCCGCGTCCGGGCTCCTGCGGCGGGCGGGGCGGTGTCCCGGCCGGAAGCGGCTGTGCGGCGGCCGCGCTGCCACCTCAGGGAAATTTGGATATGTGCAGTGCATCTCCTCGAAGATGCTGATGGTGGAAATTTCTTGAAACCGCTCTCGTAATTTGCCACGTGCTGTTGCAAATATTCTGGTGAATGAACACAGAATCAGCATGGCTTTCCTTTGCTGAGAAATCACTGATGGGAAGTGAGACTTGTTAAACTTGAAAGTGAATGGACCTGAGTGGACCCTTTGATCACATCAGTAAAC,5.50686597775906,2.461231497616229
3485,ENST00000223145.9,ENSG00000106415.12,GLCCI1,7640711,8094272,8.87040647859122,4743,4558.57,255.907,1.26478,TTAGTTGCCATTCGGAGTGAGGAGTGGGTAGAAGCGGCGGCGGCGGCGGCGGCGTTTGCGGTGGCGCGGACTCCGAGGAGCGCCAGCACCTCGAGGCCCTTTCTCTCTACCCTGGTCCCCAGAAGCAGGGGTCCCGGCCCTCCTTGCAGCTGCCGGGTTCTCCCGTGCGTGCAGCCCTGCGAGGGCTGAGGAGAAGGCTGCGAGCGGCCCTCGGGGCTGCGTGATCCGGGCCGTTGCCCTGTCAGCACGATGCCTGGAGCGGTGGCGGCGGCGGCTCCGGGCTCCTTGCGGCCCCGGCCGTGACCGCCACACCGAGCCCAGCCGGGCGGTTGCGGCCGTTGGACGTTTGTTTTCGCAGCCTTCCCCTCCCCCCTCGCCGAGGCGGCGGGGGTGTGCGTTGGGGAGGGGGAGCCCCGAGACTCCTCCCCCACAGCGATACCCCCGCCCCTCCCCCTTACACACTCGCACGCACTATCGCGCCGGCTCCCACACGCTCGCGCGCCTCCCGCCCCGCGCCTCCGTGTCGGCCGGCGGCGTCCAGGGCCCGCAGAGCCACC,7.013398755982241,2.810113756661096
3486,ENST00000634607.1,ENSG00000106443.15,PHF14,10973872,11169630,18.798452547397435,3407,2906.17,610.886,4.73589,CTTTCCCTATTGTCTGAGGCAGCCGCCCTCGCGCTGTGCAATTTCTGGTCTTTCGTTGCTTCTGGTCCAGGCTAATAAAGTTTTTCTTTCTTTAATTTTTTTTCTTCTAGTTTTAACGGGAGAAATTAACTCCCCGGGGCCGCCGGGTTGACTGCGCTGCCTGGGCCGGAGGTCTTCTCCGGCCAGGGAGCGCTGTGGGAAGGGGCTCGAGCGGCCAGGGCCAGGCGAGGCCGGGGGGGCGGGGGGTTAGGGGACCGCGGGGCTACTCTTGGGAGCGCCCCTGTCCGGCTGGCTGCGCGCCGGTTTTAAATAGCATCTTTCGGACTTGTCTTCGCGGCCCCAGTCCCCGACCTCGGCGCTGCCTGGGCTCCTGCAGCCTCTCCCTAAGTCTTCTCCAAACGACCACCTCACGGATTCCTT,3.969360045819779,1.9889064297501702
3487,ENST00000396668.7,ENSG00000106460.18,TMEM106B,12211241,12243367,89.62319763663858,2126,1421.9,232.138,3.67824,AGCAGCGCTTGGCCTCTGCTGATGCCGTCGTTATCCTACCCCTCCCCCGTCCCAGCTCTACGGCGGCCGCGCGCTCCAGGCCGGTCGCTCCACCCCCCGGCTCCCGGGACTGTGGACTCCACGACCCTGTCCTCGGCCCTGTCCGCGCCGAAGCAGCCCGGGACTGCGCAGCGCCCCGCGTGCCGAC,24.36578299312676,4.6067846790901
3488,ENST00000258761.7,ENSG00000136261.14,BZW2,16646131,16706523,124.04327561955157,1860,1630.26,650.878,8.99509,GGCGGGGCTGCGCCGGGTTCCGTGTGTCTATGTCAATGTGTCTGTCCTTCACTCCTCCATTGTCTGCCGCCACTGCTGCTGCTGCTGCTGCTGCCGCTGCTGCTGCACGAATCGCCGCAGCCCCCAGCCTTGCGCGTCGTCGCTACCTCCTCGGACAGAAATTTT,13.790109450772762,3.785562002316518
3489,ENST00000262067.4,ENSG00000106537.7,TSPAN13,16753535,16784536,96.2881919844371,2093,1842.21,610.0,7.46025,ACCTGCTCCTGGGGAAACTACACCAAGGCCGCCGCTCTGGCCTGGGGCTCCCTCCCACACGGCCTTGGCCCTCTCCCCCTCGCCCCGGGACCGCTCCGCCCCTCCCGGATCCCGGTCGGCGGAGCGCATTTATTTGCATATTTCTACCTTTGTTCCCTGCCAGCGGCCAATCAGCGCGCGGGGCGAGACGAAGGGGCTGGGCGGGGCTCGGGCTCCTGCTCCGGCTCAGCTGCGGCGGCCGCAGGTTCCAAAGCGGGTCCGAGCCGCCGCCGCGCGCGCGCCGCGCACTGCAGCCCCAGGCCCCGGCCCCCCACCCACGTCTGCGTTGCTGCCCCGCCTGGGCCAGGCCCCAAAGGCAAGGACAAAGCAGCTGTCAGGGAACCTCCGCCGGAGTCGAATTTACGTGCAGCTGCCGGCAACCACAGGTTCCAAG,12.906831806499394,3.69006300583555
3490,ENST00000242057.8,ENSG00000106546.12,AHR,17298622,17467256,13.60985202575876,6276,5385.73,677.046,2.83228,ATTCAGCCGGTGCGCGCGGCGGCGGGAGGCAGTGGCTGGGGAGTCCCGTCGACGCTCTGTTCCGAGAGCGTGCCCCGGACCGCCAGCTCAGAACAGGGGCAGCCGTGTAGCCGAACGGAAGCTGGGAGCAGCCGGGACTGGTGGCCCGCGCCCGAGCTCCGCAGGCGGGAAGCACCCTGGATTTAGGAAGTCCCGGGAGCAGCGCGGCGGCACCTCCCTCACCCAAGGGGCCGCGGCGACGGTCACGGGGCGCGGCGCCACCGTGAGCGACCCAGGCCAGGATTCTAAATAGACGGCCCAGGCTCCTCCTCCGCCCGGGCCGCCTCACCTGCGGGCATTGCCGCGCCGCCTCCGCCGGTGTAGACGGCACCTGCGCCGCCTTGCTCGCGGGTCTCCGCCCCTCGCCCACCCTCACTGCGCCAGGCCCAGGCAGCTCACCTGTACTGGCGCGGGCTGCGGAAGCCTGCGTGAGCCGAGGCGTTGAGGCGCGGCGCCCACGCCACTGTCCCGAGAGGACGCAGGTGGAGCGGGCGCGGCTTCGCGGAACCCGGCGCCGGCCGCCGCAGTGGTCCCAGCCTACACCGGGTTCCGGGGACCCGGCCGCCAGTGCCCGGGGAGTAGCCGCCGCCGTCGGCTGGGCACC,4.805263612975681,2.26461557828325
3491,ENST00000222584.7,ENSG00000105866.13,SP4,21428034,21514822,12.576299275107884,6126,5025.83,527.817,2.36612,ATCAAGGGCGAGTCAGCCGGGCTCGGGCGGAGAGAGGAGCTGCTACGCCACAGCCCAGCGGCGGCCATTCGCGGAAAAAGAGGCAGAGCCTGTGCCAGCTACAGCCTCCTCCGAGCCACCGCGGGCGGGCGGGACCGGCCTCTCCTCCCGCCTCGCCCCCACCCCCACCCACCTCTATCCCAGTGTCTCCGTCTGAGGGTTTGTCCTGTTAATGCGGG,5.31515699757742,2.4101123062965875
3492,ENST00000322275.9,ENSG00000122550.17,KLHL7,23105758,23177914,21.36176634458306,969,678.286,40.3838,1.34139,GGGTTCTGCCCGGGGACGCAGCCCAGTTGGTAGCGTCGCTCCCTGAGCGTTTCTAAGGGGGCCGCCCGGCCTTGTCTTTCGGCAGTGGCCGAGCCACCGCCGCCTGCCGCGCGTTCCAGAGCTGGGCGCTGCAGCTGCACTGCCGATCGCCGTGTTTGGTCGATAGAATCCCCAGTGTGCCCAGAGAGTGCGACCCCTCGCCCGGCCCGGCGAGCCCCGGGCGTGAACCGAGCTGAGGGAGG,15.925097357653671,3.993230287273164
3493,ENST00000258742.9,ENSG00000136243.16,NUPL2,23181827,23201011,24.28496386178717,1795,1448.87,202.302,3.14581,ACGTAACCGTTCAAGCATCCCTCCTTCCCAGGACACACTCAAAGCGTCAGAGCGGTCCGCTCTTCTCAAGTCCTATTGGCTCAAGTCCATGCGTCTCATGGCACTGCCGGGTGAGAGGCGGAAAAAGGCCTTCCCAGGCGCGAGAAGATGACGTCACAGTAGCCCGGCCGGGCGCCGAGGTTGCCTTAGGGCTCTCTGCCCAGTAACAGGCATCGAACGGTGCAGACTGAAGACGCCCTCCGTCAGCGACGCCGTCGCA,7.719780870995759,2.948559896610646
3494,ENST00000466681.1,ENSG00000156928.4,MALSU1,23298739,23311729,81.86541825856217,3044,2362.46,385.701,3.67831,AGCTCTTCCGGGTCACTGCAGTCTTCACGGGCTCCAGACTCCGCCCATGGTCCGTCCTTCAGGCCTTGACTCCGCCCACGCATCGACGTAGAATTTCCCGGCCGGGCTCCATGAAGTACCACCCACCCGCGACGCCGACGCAAGGCTGCTGCT,22.25625851506865,4.47613917743953
3495,ENST00000409653.5,ENSG00000188732.10,FAM221A,23680130,23703249,5.051786659116393,761,519.393,26.9901,1.17077,GGTCCGCAGGGAAGCCTTTGGCTTCCCCACCGGCA,4.314926637269825,2.1093360307954807
3496,ENST00000222644.9,ENSG00000105926.15,MPP6,24573268,24694193,24.82349310703717,8452,6255.9,676.303,2.43564,GGCTGGCTGCGCGCGCGGAGGCAGCGGCGGGGGCGACCGGAGCTGGGGCAGAGTGGGGAGCGAGGGAGGGGGAGGAGAGAGAGGGAGGCGGAGGGCAGTGAGAGACGCATTTCCAGTTCTCAACTACGAGCCACGAGTTTGCAGATGGGGCTGCTCGGCGGCGCCTGTGGCTGAGGGAGAGCAGCGGCGGCGGGGAGCGACCGGGAGCGGCGGCAGCGGCGGCGCGGAGGCGGCTGAGGTGCGAGCCGCA,10.191774279875997,3.349333326170589
3497,ENST00000056233.3,ENSG00000050344.8,NFE2L3,26152240,26187125,6.188130665495224,3686,3459.72,344.488,2.24334,GGGCTCGGCGCTCAGGTGGCTCCTTCTTCGCTTCTCCCGATCCCCGGCGGTGCCAGGCACGGTGCCGGCTGCCGAGGGAACGCCTTTGTGCCCGGTGCTGGGAACCCGCGACGGCCGCCACGCGCCCCGGTCCATTGTTTCGCTTATCTGGGTTCCAGGCAGGTGCGGGCGGCGCGCGGGGTCCGCACGTGTCACCCCGGCGGCTGGGGCGCCGGGACCCGCGGGCGCCGGCAGGGGCGTTCCCGGGCGCGCGGCGGCG,2.758445293845438,1.4638553688775646
3498,ENST00000337620.8,ENSG00000122565.18,CBX3,26201162,26213356,145.90681077438893,2128,1617.66,130.771,1.82131,AGCCTTCCCTTTTTGTTTTCCGTGCCCCAACTCGGCGGATTGACTCGGCCCCTTCCGGAAACACCCGAATCAACTTCTAGTCAAATTATTGTTCACGCCGCAATGACCCACCCCTGGCCCGCGTCTGTGGAACTGACCCCTGGTGTACAGGAGAGTTCGCTGCTGAAAGTGGTCCCAAAGGGGTACTAGTTTTTAAGCTCCCAACTCCCCCTCCCCCAGCGTCTGGAGGATTCCACACCCTCGCACCGCAGGGGCGAGGAAGTGGGCGGAGTCCGGTTTTGGCGCCAGCCGCTGAGGCTGCCAAGCAGAAAAGCCACCGCTGAGGAGACTCCGGTCACTGTCCTCGCCCCGCCTCCCCCTTCCCTCCCCTTGGGGACCACCGGGCGCCACGCCGCGAACGTAATAGCTCTTCAAGTCTGCAATAAAAA,80.1109150964904,6.323926917830404
3499,ENST00000396319.6,ENSG00000106052.13,TAX1BP1,27739331,27844564,30.67812817232108,2892,2201.46,504.813,5.16633,GAAGAGGTTCGGCGGCTGATGGCGGATCAGGATCGGAAGCCTGCGTAACTTTCTCCCTTGATCCGGGAGTCTTTCCACTGGATTCACA,5.938089160452599,2.569998755563892
3500,ENST00000357727.6,ENSG00000146592.16,CREB5,28299321,28825894,7.716972724836944,8532,7941.32,1136.56,3.22449,AACATTTACAACAAAGTTGATTCTGTGTAGGGTTGGAGGCTAGACAGTTCCACAAATTTTTAGTCACATTTTCCATGTCAGTTAAATCTAGGGAGTTCAAGACTACTGGAAAAATTAGTCTCATTACTAAAAGAAACTTAGAGAACGAGGGAGGTACCAGAGTCTAGGAGGTACCTCTGGGTTGCAGAAGTAATTGTAAAATACCAGACCTGTTCTTTTTACTAAAAGCTAGTTTCACTATCTTCTGGTCTGAAATACTGAGGCAAATACTCAAGACTTATTTTCTTCCTAATCTTGCTGGTGAAACAGAAGTTACTAGAAAGAAAGGAAGAAAAAACTTGATTTGGTGACTGCAGGAAGCAACACGTTGCTGCTTTTATTCTACAGATA,2.393238225219165,1.2589640112668434
3501,ENST00000323037.4,ENSG00000180233.10,ZNRF2,30284307,30412502,12.066425097429995,3460,3740.86,216.539,1.30415,GCGGGCCACGTGCGGGAGGAGGGGCCGCCTTCTGGTTGGCGCCCGGTGTCCGTTCCTCCTATCGGCGTAGGCCCCGCGAGGAAGACAAGGGCGCGCCCTGGCTGGGAGGGCGTGGCCAGAGACCTGTCCATCACCGAGTCCACGAGTGGCAGCACCTACCACACCGCAGTACCTTGGCGAGGCGGAGCAGGGGCAGGCAGGTCGCGGAAGGGGGAGGCGGAGCAAGGCCGGCGGGAGCCAATCGGCCTGGCGGCACGAGGGGGCGGGGGCGGGGTCAACGCGCGCGACCCAAACACACGGGCCGGGCGCACCCTGCAGCCGCGCCGCTCCGCGGCCTTCCGGCGCGGGGCCGGGGAACCTCCTCCCCATCTGCGCACCCCCCGCCTTCGCGGCCCAGATCCTCCCGCCAGCCCGGCCCCTCCTTCGCAGGGGGAGCGAGGCGACGGTTGCCGGGAAGCGCGCGCCACCTCTCCCTCCCATTTTTCGTTCTCCCCTCGCGCGCCACCCGTTTTTCCTCTTTCTCCGTTAATAACAGCTGGGTGGCTGGGGGAGGAGGGAAGGTGGCCCCGGCGGAGTCTGGGCGGGCGCCTCCCACTCAGCCGCCAGCCGCCGTGGGAGCCGGAGGATGGCGGCGGTAGCAGCGGCCGCCCGAGAGGAGGCGGTGCCGAGATCGGGGGCGCCGAGCGCGGCAGCAGAGAGCGGTAGCGGCCCGTCGTGGCGCACCAGAACCGAAACCAGCGGCAGCCGCACGGCCACTTGAGCCGCCCCTTCCTGCTGGAGCCAGCGAGGGGTGCCTGCAGCCGGGACCCCTTCCTCTCCGCGTCTCCTCGTCTCCCGCGCCCGCGTCAGGCCGTCGGCCTCGCCCGCCGCCCCAAGAAGAGCGCGCCGGGCGCCGACTGCCCCTCTGGACGCCGGGCGGCGGCCCTGGACGTGCGGGGGCCTCTCTGGGCCGGCCGCGGCGCCTGGGCCCTGCCCTCTAGCTCCCGCGCTCGCTCCCGCCCTCCCGGCTCTCGGGGCGCAGCGCGCGGGCCCGGCCCGGGGCAGGGCGGAC,9.252329177954987,3.2098165948711106
3502,ENST00000389266.7,ENSG00000106105.13,GARS,30594681,30634033,109.69883256999336,2634,2649.9,2850.1,24.2322,GCAAATCTGTTCGCTCGCAACCCTACCTACCTCTCTCCCGAACCGGAGAAAACCTTCGGCGGGGTCCTTCCGGGTTTTGTGTCGAATCTGCGGCGGCGACCCGGCGCCGCGTCACGCGGTGGTGAATGTGCGGCAGCACGCGCGCCGCGTCGTTTACGCGGCGATTTCATCATGCTCCGAGCCGGGCGGCGCGCGCCGCTTCCGTCGCCACCCTCTCTGGACAGCCCAGGGCCGCAGGCTC,4.526986099899859,2.1785508768008333
3503,ENST00000265299.6,ENSG00000106125.14,FAM188B,30697985,30925516,2.057731083512918,2733,3421.71,188.331,1.24006,ATACTGCGCCGGACAGACCCAGTTGCCTGGTGCTGCGGCCCGGCGTGGGCCTCGTGGGCAGAGCCAGAGCCAGAGCC,1.6593802586269357,0.7306445278688702
3504,ENST00000318709.8,ENSG00000105778.17,AVL9,32495426,32588721,10.2892040196822,6982,6684.49,422.866,1.42527,GTGTCAGGTGACAGCCCGGAAGCTGCGGAAGCGGATGAGGGAAGGGCGGCCGTGGCCCTGGGGGCGGCGGGAGCTGCTTTGCCTCCACCGATCTCCCTGTGCGGCCCTCATGTGCTGTGCTCGCTGACACCCGAAGTCCGCGGCTTTCCGCACACGGTGGGGTCGTCAGACCCGCTGCCCTTGGCGGTCGAAGTCGTCGTGCGGGCCCGCGGCGGCCGCCC,7.2191262144591555,2.851824227368146
3505,ENST00000242209.8,ENSG00000122642.10,FKBP9,32957404,33006931,6.470453820819247,3462,4088.11,332.453,1.83219,CCCTGGAGCTGCGGCCGGGAGGGCGGGCGGCCGGGGAGACGGGGTGGCGGCTGCAGCCCGGGTAGGGCCAGGAGACCCGGTCCACGTTTGCAAACGCAGCCGAACGCCCAGGCCGACCCGTGCCGCCCGAGCGCCGCGCTGCGTCCGCGCCACTCTTCTCGCCGCCCCG,3.531540845010205,1.8202977824859885
3506,ENST00000265748.6,ENSG00000011426.10,ANLN,36389806,36453791,34.74207051476696,4787,4001.28,2111.58,11.8897,AGCGCGCATGCTCGCGGCTCGGCGCTGAAATTCAAATTTGAACGGCTGCAGAGGCCGAGTCCGTCACTGGAAGCCGAGAGGAGAGGACAGCTGGTTGTGGGAGAGTTCCCCCGCCTCAGACTCCTGGTTTTTTCCAGGAGACACACTGAGCTGAGACTCACTTTTCTCTTCCTGAATTTGAACCACCGTTTCCATCGTCTCGTAGTCCGACGCCTGGGGCG,2.9220308767056324,1.546971422985607
3508,ENST00000199448.8,ENSG00000086289.11,EPDR1,37683796,37951941,27.59759238049125,2599,2857.75,365.847,2.88428,TCCCCCCTCTTAAAACACGATGCCTCCCAGGATGCTAGTGGCACCACTGCCACTGCATTTCCTGTTGGCAGCAGTGAGCAGTGAAAACCGAAGCGGCAGAAGGCAGTGGCAGCAGGCAGTGGCAGCAGGCAGTGGCCCAGGCAGAAATAGCTCCCGCGCGATTCACTGGAGCCTTCCCCGGGCCCTGGTCCCGGCTACCGGGACTCGCGCGTCCGGATCTCAAAAGCGGCAGAGGCCACCGAAGGGACAGGAAGCACTTTGGTCCAGACCACACTCCCGGCACAGTGCGGAAAGAGCCGGCGGGAGCCACTCTGATCCCGGACGCCTCAGCGCCCCCTTGGGCTTGGGCTTGCCCTCGGGCCGGGGAAGGCTGACCGCG,9.568277830339374,3.2582592811156035
3509,ENST00000009041.11,ENSG00000010270.13,STARD3NL,38178222,38230671,22.31352933964375,1728,1434.6,250.454,3.93333,GTGTGCGTCGACGTCAGCGTGCTGACGTCACGGGCCGGAGGTCCCGGGGCTGCTGGGTGCGGGCGGTGGGCTGCGCGTTGTCCGCTGGACTGGGTCCCGGTCACGCCCCGCCAAGCCCCGCCCCTCAGGCCGGGGCGCGACCGCGGATCCGCAGTTCCCGGGCCAGCCTGGGGCGGCCGGCCAGGAACCACCCGTTAAGGTGTCTTCTCTTTAGGGATGGTGAGGTTGGAAAAAGGCTCCTGTAACCCTCCTCCAGG,5.672935995617898,2.504095587025655
3510,ENST00000223273.6,ENSG00000241127.7,YAE1D1,39566376,39610320,27.572369775333737,899,636.757,285.741,10.1102,GTTGGCGCTTCCGGTGGCCTGCGACCCCGTAATTGCCTCGGTG,2.7271834162859028,1.4474117317411164
3511,ENST00000005257.6,ENSG00000006451.7,RALA,39623483,39708124,63.76747243326752,2880,2508.37,824.847,7.40872,AGGCCCATGATCACCCTCCTCTCAGCCCACGGACAGGAAGTCGCTCCCCAGCTGCCCCGCCCCGCTCCCCAGCGCCCCGGAAGTGATCTGTGGCGGCTGCTGCAGAGCCGCCAGGAGGAGGGTGGATCTCCCCAGAGCAAAGCGTCGGAGTCCTCCTCCTCCTTCTCCTCCTCCTCCTCCTCCTCCTCCAGCCGCCCAGGCTCCCCCGCCACCCGTCAGACTCCTCCTTCGACCGCTCCCGGCGCGGGGCCTTCCAGGCGACAAGGACCGAGTACCCTCCGGCCGGAGCCACGCAGCCGCGGCTTCCGGAGCCCTCGGGGCGGCGGACTGGCTCGCGGTGCAGATTCTTCTTAATCCTTTGGTGAAAACTGAGACACAAA,8.607083603276616,3.1055244822408614
3513,ENST00000340829.9,ENSG00000065883.14,CDK13,39950037,40097134,6.832111156464909,5066,5586.26,558.573,2.25279,GGCGCTTTTCCCGGCCGGCTCTGGTGCTCGGTGTCCCTCCGCCGCCGCTCCCGTTTCCGGCGGGGGAGATGGCCAGGATCTGACCCGGGAGGAGGCCGCACCCGCGCCGCGCTCTGCGGCTGGCTCTAGGCG,3.032733258077721,1.60061861231369
3514,ENST00000223324.2,ENSG00000106591.3,MRPL32,42932200,42948958,161.2616033096826,1035,833.888,1125.29,30.4031,TGTGGCCGATTTCCTTTCATTTCCCCGCCCCTCACCTTTCCTTTACTCTCTATGATTGGAGGAGAGTCAGAGCTGCTCCAAGAGCATGCGGGGTGTTGTAGTTCTAAGAAGCGAGGCTTGCCCGATTCTGTGCCTGTGCGCATGCTGAAAGCAGGGGCGGGACCGGGGCGGTCTTCCAGCAGGGAAA,5.30411712324344,2.4071126327764576
3515,ENST00000319357.5,ENSG00000164543.5,STK17A,43582758,43626786,35.343724586605795,3368,2853.13,479.772,3.78857,GCGGGGCGCGGGGCGGGCCCGAGCTACCGGTAGTCTGCCTGCCGCAGTCCGAGCGCCGCGCTGGGGAGAGCGGGTGTTTGAAGGCTCCGCGGACCGGCACTAGGAGCCGGGGGCGGGTCCGTGACCCTCCGGCTGCTCGGAGTGAACAGGCGGCCAGGAAAGAAGCGGGCCTGAACACC,9.329040927475484,3.22172877236368
3516,ENST00000265523.8,ENSG00000106605.10,BLVRA,43758680,43807342,98.7251603275453,1071,1044.93,465.047,10.027,GGTCCGCAAAGCCGGTGGCGCCCGGAGGCTGCACGGAGAGCGGTGCCCGCGTCAGTGACCGAAGGAAGAGACCAAG,9.845932016310492,3.2995277781599928
3518,ENST00000494774.5,ENSG00000136279.19,DBNL,44044640,44069456,38.0948376770674,2117,2832.66,499.332,3.97152,GCGGAGACTGCGGGGCGGGCC,9.592004491244511,3.261832334262423
3519,ENST00000223369.2,ENSG00000106636.7,YKT6,44200968,44214294,104.86220606064283,2696,3669.78,1176.03,7.22006,GCGGCGGTCCCGAGGGGCGGCGGCCGCGCTGCTCCCTGAGAACGGGTCCCGCAGCTGGGCAGGCGGGCGGCCTGAGGGCGCGGAGCC,14.52373055911486,3.8603401658421608
3521,ENST00000222673.5,ENSG00000105953.14,OGDH,44606572,44709066,24.544170276610384,4181,5651.0,936.909,3.73537,CTGAGCCGGAGACAGGCAGTTGTGAAAAACTTCAGGACAAAA,6.570746747072013,2.7160573381393234
3522,ENST00000265346.11,ENSG00000122515.14,ZMIZ2,44748581,44769881,6.958091788469763,3643,5781.88,564.011,2.19776,CAGATAAAAACTGTCAGACCCGGCCTGTAGGCTGCTCCATTGCCA,3.1659925508107176,1.6626578609959155
3523,ENST00000468812.5,ENSG00000196262.13,PPIA,44796680,44824564,2.2252960236431734,2238,2377.88,1755.56,16.6336,CGTTTTGCAGACGCCACCGCCGAGGAAAACCGTGTACTATTAGCC,0.13378318726211844,-2.902031273210113
3524,ENST00000258781.10,ENSG00000136280.15,CCM2,44999475,45076469,3.2770262862933466,1894,2359.07,223.624,2.1357,GGGGCGCGGCCGGGGCGGAGACTTCGGGCCCGGCTGGCGGGCGGCGCCGGGAGCGCGGGGGCGGCGGGCCCGGGTCGAGCATGTAGCGGCTGCTGGCGGCGGGGCTCCCGGGGCGGGCCGGGCGGGCCGCGGGAGCCGCACGCGGCGAT,1.5344038424373023,0.6176782382543305
3525,ENST00000395564.8,ENSG00000183696.13,UPP1,48088628,48108733,7.519704434821103,1375,1554.29,110.23,1.59783,TGAGATTCACCTCGCAGGTGGTTCCCTCATTCGAGTGCTCCGGCGCACAGACCCGCGCCCCGCCGTCTGCGAGCCTCCCGAGAGCCGTCCCTTCGTCCGGCCCTGGAGCATTGCGTTTGTCGCCGGTGTCGCAGTGCGAGGATGGCGCCGCGGGTGTAGCGGCTCTCTGCGCAGGCCGAGTGGGCCCAGAGAAGCGAGGAACTCCGCAGCTCGTCGACACGTCTCGTCTCCTGTCCCAATTCAGGGCTTGGTGAGGTGACTCGCGGTCGCGGGTGACTCGCCGGCAGGACACTGCCTGGAACGCCTGGAGCGCCTCCCACTGCAGACGTCTGTCCGCCTCCAGCCGCTCTCCTCTGACGGGTCCTGCCTCAGTTGGCGGA,4.706198052872397,2.234562035369799
3526,ENST00000254770.2,ENSG00000132434.9,LANCL2,55365448,55433742,23.120828063926403,4353,5171.47,327.561,1.42706,GGGCTGGCGCAGCAGGGGCCGGTGAAATGCAGGCTGACGACGGCGCGCCAGGGGCTGAGCTCGCCCCGGTCGGCGACGCGCACACACCTTGAGTGACAGCGACCTCTTCTCTACAGGTTTTCCCCGCGGGAGCGTGGCCCTAGCGGGCGTTCGGTTTTCTTTGGAAATCGCGGAGGGGGCTGGCCGGGCGCAGCGATCCCCACCCCGGGACTCCAGCCCCGGCCGTGCGCGTCGCCGCGGACGGGCTCTGCGGGCCACGGGGAAGGTGCGAGGAGGCGCGAGCAGGCTGTGAGCCGCTGGGCGCTCCCGCGAGCCCGCTCCTCTCCGTCGGGAGCAGGGCAAAGGCGCCAGGAACAGGGCAGAGGCACAGCGCCCACCGCCTCTGCGGCCGCCTGATGTGCGAGCAGCCCGCGACGAGGCAGTGCACGCTCAGACGCCCCGCTCCTCCCGCCAGCGCGCGGCCTCGCTCCTCCTAGAGGACGCTCTCTGCGCGGGCCCTCGGAGGAGGCGGCGGCGGGGCGAGCTGCAGCGCCGGGACAGGAGGTTTGTCCCCGCCCGCGCGCCGTACCGCGGCGGAG,16.201721065635926,4.018075169785752
3527,ENST00000322090.7,ENSG00000146729.9,GBAS,55887277,56000181,129.89339973232188,1999,1572.99,1314.02,18.8209,GGGCGGTGGGAGCCGAGGCGCCGAGCAAG,6.901550921173901,2.7869206017256767
3528,ENST00000275603.8,ENSG00000146731.10,CCT6A,56051630,56063989,298.67658421650515,2719,2505.6,5223.58,46.9698,CAAGGCCGAGGCGCGAAGGGTGGGACCGCAGGAGCCGTGCAGCCGCGGACCAATGAGCGGGCGCCGGACGACCTGTGGCCCAATGGCGGCGGCGCGCGGGCACGCTGGGGGCCGGCCAGACGGGCCGACTTTTCCAGAAGACCCGGATAGTTCCTCCCGGCCACGCCGCGCCGGCTCTGGGCACTCAGCATCGTTTCCTTTTCCTCCGCTGGAGCAGCT,6.358906876684703,2.668778781369919
3529,ENST00000434526.6,ENSG00000129103.17,SUMF2,56064002,56080670,61.5595785420015,2052,2281.4,756.255,7.46843,TGTGCATAGGGGTCGACTGCCGCTGCGGTGC,8.242639824166726,3.043106455286133
3530,ENST00000620827.4,ENSG00000196247.11,ZNF107,64666083,64711582,16.484766303730503,5685,4168.51,274.554,1.48391,AATCAGGCACGCAGCTGGAGCGGACAGGACGGCTTCCGGGATTTGGCGGGGCCTTTGTCTCTGGCTGCAGCCGGAGCTCCTGCTCTCCTCCTCACTGCTCAGTGTCCTCTGCTCCTAGAGGCCCAGCCTCTGTGTCCCTGTGACCTGCAGATATTGGGAGATCCACAGCTAAGACGCCGGGACTCCCTGGAAACCTAGAA,11.109006815595624,3.4736579353529415
3531,ENST00000440598.2,ENSG00000197008.9,ZNF138,64794388,64833681,7.433405132506344,2230,1688.78,82.8938,1.10589,GTCTCGCTGCAGCGGGTGCTGCAGGTCTGGCCTTCACTTTTCTGCGTCCTCTTACTCCTAGAGGCCCAGCCTCTGTGGCGCTGTGATCTGGTTATTGGGAGATTCACAGCTAAGACGCCAGGATCCCCCGGAAGCCTAGAA,6.721649650965597,2.7488153477653947
3532,ENST00000395375.3,ENSG00000198039.11,ZNF273,64870172,64930966,3.526600665938579,3757,2699.24,142.17,1.18667,CGCAGCTCCAGGTCTCGTCTTCACTGCTCT,2.9718461458860337,1.5713594286918677
3533,ENST00000328747.11,ENSG00000146757.13,ZNF92,65373799,65401135,5.842611716904735,3210,2317.38,289.927,2.81873,AATCAGGCACGCAACTGGAGCGGACAGCACAGCTTCCGGGATTTGGCGGGGCCTTTGTCTCTCGCTGCAGCCGGCGCTCCACGTCTAGTCTTCACTGCTCTGCGTCCTGTGCTGATAAAGGCTCGCCGCTGTGACCCTGTTACCTGCAAGAACTTGGAGGTTCACAGCTAAGACGCCAGGACCCCCTGGAAGCCTAGAA,2.0727816133168964,1.0515681232096765
3534,ENST00000360768.3,ENSG00000196715.5,VKORC1L1,65873267,65959563,43.15527231987148,5899,5619.71,1083.14,4.34243,GGCGGCGGAGGCGGCGGTGGCGGCGGTGGCGGCTGGGTCGGGCCCCGACGGGCGGCGGCGGCTGAGGTGGAGGCGGAGGGAGGCGGCGGCGGCGGCGGCGGGAAG,9.938046743383653,3.3129623275882842
3535,ENST00000395326.7,ENSG00000241258.6,CRCP,66075798,66154568,31.32083797230961,3009,3177.39,652.902,4.62955,GTTGCAGTAAGCCGAGATCCAGCCTGGGCGACAGAGCGAGACTCCGTCTCAAAAAAAAAAAAAGGTTAAAGAAAAAAAGAAAAGAAAACACAAGATAATCCTGTCCGCAAACGCTTAGCAGTCTTAAATCGGCCTGGTGGAAGGATGCAGGGACACTCCCCCACCCTGCCCCCCGAAAAAGGGGAACGCGCAGCGCGAGGTTCCGGGTCCGCCAAGCTCCCGGCATGCAGCGCGGCGATCCCGGCGAGCACCTTGGCGCGCGGAGCTGGCACCTTGGCGCTGTTGGTGGCGGCGGAGACAGCTGTGAAGTGTGAGGTTCTTTGTCTGCTGGCAGCTAGGGGCGACGAGGCGGGACGTC,6.765417367197592,2.7581789386382676
3537,ENST00000304842.5,ENSG00000169902.13,TPST1,66205199,66420543,6.1581528153538425,2116,2022.75,152.707,1.7009,TCCTTCGGTGGGCAGCCGGCCGGAACTCACGAATCAGAGCAGCCGACACATCGTCCGCTCAGCCAATCGTAGCAGATGTGTGATCCCGCCACCTCCCCGGACCCTGGCGGTTGTCGCTGAGTTGGCGACCGCGGGAGACGCTGCTGAGGCGGCTTCGGTTGCGGGTCGGAACGGCGCTGCTCTGCGGGGCCGGTCCAGGCTGGCAGCTGCCGGCGCTTGGCGGTGAGGGCGGGCTCCCGAGTGGCCCCCCACCGAAGGCGGTGGGACCAGCGGCTGAGGCCAGGATGCCGTCCAGGCGGCGCGGCGGCTCCTCACTCATCCCAGATGTTGGTTATCTTTCTGAAGTAGACTGTCCATGGCCTGAACATTTTCCGAAAATCATTTTGAGCAAAATATCTGTTTAATAACAAGATAACCACATCAAG,3.6205260834580764,1.8561993445050096
3538,ENST00000284957.9,ENSG00000154710.15,RABGEF1,66628881,66811464,12.832171104876878,3733,3268.95,204.03,1.4062,AGACCTACCCGGGCGAAGCGGGCGAGCGGTGGTTTGGACGCCGGCGGAGACGCGGGCGAGTGGTTAGCAGGAAGAAG,9.125423911873758,3.1898915793022393
3539,ENST00000341567.8,ENSG00000106609.16,TMEM248,66921225,66958551,53.29770916988991,4229,4356.3,938.008,4.85122,ACCCGGAAACCGCGGTTGCCGGAGCCCGAACTGAGGCGGCGGCGGGAGCCCGGTTGGCGTCTGGTCTTCGCGTCGGCCCCGCGGAGCCAGACGCTGCCCCCGGCGCGGGGAGAAGATGGTGCCTAGCGGCCTCGGGCCCGCCACGCGCCGCCACGAGTGAGCCCAGCGCGACCGCGGGCGTCCGCCGAGCAGCTGGCCCGGCTGGGCCCGGGGCGCGCAGCTGCCCGCCGGGGCGGGGTGGAGCTGATCAGAATA,10.986454782485625,3.457654013216016
3540,ENST00000359626.9,ENSG00000198874.12,TYW1,66995173,67239519,7.236122563476623,3348,3294.42,438.61,2.99958,GAACCAATCAGGACCGGCCTGGCAGTGTCATGGCTGCCCACAGGTCTGCAGGCACTCGGTACGCCGCTAACGCGGCGAGGTAGCTCGGTGCGTCTCGCGGTACCAGTGCGAATCATCGGGCTATCCAGGTCCGAGATCCTAGTCTCCTGTCGGCTCTGAGGAGG,2.412378587494457,1.2704563348667635
3541,ENST00000265758.6,ENSG00000071462.11,WBSCR22,73683025,73705161,132.91890689485203,1230,1294.22,807.507,14.0573,GACATAAAAACCGGGTGCCGGCAGGCGCCAGTCGCAGGTGTGCTGCTGAGGCGTGAGA,9.45550759355296,3.2411549074659347
3542,ENST00000336180.6,ENSG00000106683.14,LIMK1,74082933,74122525,3.7297553849801472,3219,4877.25,362.253,1.6734,CCCGGCCGCCCCCAGCCCCAGCCCCGCCGGGCCCCGCCCCCCGTCGAGTGC,2.2288486823115496,1.1562986746106814
3543,ENST00000265753.12,ENSG00000106682.14,EIF4H,74174245,74197101,70.73841923918845,2679,3120.85,326.222,2.35506,GCGCGCGCGTGCGCGTGCCTGCGTCCAAGGGATTTGCGATCAGGCGGCGCGGCGGACAGCCCCGGCGGCGGGGCGGGGGGAGTTATATTGCGGGGTCCTTCCTCGCTCACCCTGGTTCCTCTCGGAGCGGAGACGGCAA,30.036780056214468,4.908658259073909
3545,ENST00000614986.4,ENSG00000263001.5,GTF2I,74657667,74760692,9.652628653855242,4415,4282.03,1503.09,7.90858,CGCCCCCCCGCTTCCCCGCACGCGCTCTCCAGCCGCGGCCGCCCGCCTGCCGCGGTCACCCCGGCCTCTGCCTCTGTCCCCCAGTGATCGGATCAAGGCGCTGAGCGAGGCCCTGCCTGCGGGGCGGCCATGCGGCGGTGACAGGAGCGCGACCGACACGCACGGGCCCCTCGCCCCCTCTCGCCTCCCGTCCGCTCGCCAGCTCCCCTCAGCCGAGGCTGCTCCGCGGCGGCCGCAGCCCGCGCGCGGCCCACACTCGCCTCCCCTCGGCACCCCCGGCCCCGGAGCTGCCTGGAGGCGGCCGCACTCGGGGATC,1.2205261442452682,0.2875031986577991
3547,ENST00000616305.1,ENSG00000274070.1,GATSL2,74964818,75024798,7.288613733986464,1257,1454.41,73.9309,1.14525,GCCTCCTCCCTTTTGTCCGGCCCGGCCCGGCCGCCGCCGCCCCCCGCGCCCGGCGCCGAGCTCCCGGGTCTCCGGGCCGGCTGTCGGTGCCGGCAGGGCGCGGAGGGGGCGGGGGCCGCGGCTCGTCCCCCCGCGGATGAGCCGCCGCGGACGGGGCGCGGGCGGACG,6.364211948471045,2.6699818827959834
3548,ENST00000006777.10,ENSG00000005486.16,RHBDD2,75842602,75888926,31.872074714599314,1802,2518.39,261.68,2.34104,ATGGGGCGGGGCCTCTGGGAGGCGTGGCCTCCGGCCGGCTCCTCTGCTGTTGCCAAGGGAAACTGCCGCGAGGAGGCGGAAGGAGCAGAGGACCGGCAGCCGGCGTCGAGGCGGGGCGCGGGAACGACGGCGGCC,13.614493863667137,3.767071444220938
3550,ENST00000461988.5,ENSG00000127948.14,POR,75899200,75986855,41.820656520178304,2522,3384.94,507.283,3.37645,ACGCCCCCACCCCCGCGGCCGGCGAAGGCGGTGGTAGCGCCTCAGTGGTGTGGGCCTGAGCCCTGCCCAGGTGCCCGCAGAGAGCAGCCGGGCTGCCAGCGTTTC,12.385984249782553,3.630636611502311
3551,ENST00000315758.9,ENSG00000146701.11,MDH2,76048051,76067508,434.9677503142605,2209,2561.47,4353.21,38.2897,AGAGAGCAGGCGCTGGGCAGTGTGGAGGTCGTTGGAGTCACTTCCCCGTCACCAGCTCCTGTGCCTGCCAGTCGGTGCCCCTCCCGCTCCAGCC,11.35991533791752,3.5058801777914286
3552,ENST00000248553.6,ENSG00000106211.8,HSPB1,76302544,76304295,11.430152820722585,909,1197.45,236.173,4.4436,GCTGGGGGAGGAGTGCATGGGGAGGGGCGGCCCTCAAACGGGTCATTGCCATTAATAGAGACCTCAAACACCGCCTGCTAAAAATACCCGACTGGAGGAGCATAAAAGCGCAGCCGAGCCCAGCGCCCCGCACTTTTCTGAGCAGACGTCCAGAGCAGAGTCAGCCAGC,2.572273116554727,1.3630438320049687
3553,ENST00000248594.10,ENSG00000127947.15,PTPN12,77537275,77640071,10.594683579138628,3406,2939.4,250.01,1.91629,AGCTGGGGGTTGGGGTTGGCGCTAGCGCAGCGGCTCGCCTGGTACTGTGGGAGAGCGGCGGCTGCTCCTGGAAGTTGTGGTGTCGGGAGCCCAGCCGGTGCCGCCGCAGCCGCCGCCTAGGGCGGTGGGGAGGAGGAGGGAGCCGCGGGGCTTGGCGGGGTCGGGAGGGAGGGACGTGCTGGGGGAACGAGCTGGGGAAGACGGAGCGGGCTCTGTGCCGGGCGGGCGGGCGGCGGGGGGGCCAGCGACCGCAGCCGGGGGGACGCGGGAGG,5.52874751688869,2.4669526891703812
3554,ENST00000334955.12,ENSG00000187257.15,RSBN1L,77696443,77783022,13.688947762893688,6422,5204.87,456.944,1.97795,GGAGAGTAAATACAACAGGAGCGCAAA,6.920775430568866,2.7909336920761065
3555,ENST00000307305.12,ENSG00000006576.16,PHTF2,77798792,77957503,8.718906853257065,4793,3705.0,794.239,4.82975,TCCGGCGCAAAATCCTGCGGGAGAGGGGGTGGGGCAACCCTCTGGAGGCAGCGCGCCCGCGGGCAGCCTCGTTGTGGCTCCTTGGGCTCTGTTGGCGGCGGCGCTAGCTTCGGAGTCTCCCGCGCGCACCTCAGCCGCCTCCTAGCGGCGCGGCGCTCGCTCCTACGCCTAAAATGACCAATGTGTGATTTCAGTGGAATAA,1.8052501378450367,0.8521987526946757
3556,ENST00000351004.7,ENSG00000127955.15,GNAI1,80133955,80219402,40.29654498122181,3347,2646.52,481.045,4.09517,GGAGGGGCGGGCAGGGGCGGGGCCGCGGCGGCGCGCGGAGGCCGAGCTCGGCTGGGCTTGGCGAGGCTGCGGCGCGGCCACCGGCGGGAGTGCAGCGGCCACTGTACCCAGAGATTCAAAACCCCAAACCCGGGACTTGGGGGCGCTGAGCCGGGCCGGGAAGCAGAGCCTGGTCGTGAGGAACAGCCGCCCGTTGCTGTCTGCCCCTTTGCGGACAGCGTCTCCCTCGACTCCGCTTAGGAAGTGGTGGGGGCGGCGTGGCCCCCGTCGGGAGGCGTTCGAACGCCCGCTAGGAGAGAGAAAGGATTCCCCTGTGCTTGGAGCCCGCACTCGGGCGCGGAGGGAGCGGCGGCAGGCTCTCGCTTTCGGCACC,9.840017625940266,3.298660899795596
3557,ENST00000331536.7,ENSG00000005469.11,CROT,87345681,87399795,10.011317494768592,3175,2619.93,118.442,1.01854,GGGAGCGAGCCGGTGCTGCTGCAGGCTGAGGCTGCGGCAGAGGCGGCGAGGCGCGGGCGGTGAGGACGGACAGTCACCGACTTAGTCCAGTTCCCTGTGATCTCAAAACAATTGTTGCAGCAGGCTCCTGGCAGTCTCAAGCAGTTCATCTTCTTGGTGTACTGGTTTCCTATTGTGATTTTATC,9.829086235954005,3.2970573022084717
3559,ENST00000431138.5,ENSG00000006634.7,DBF4,87876216,87909541,4.181314530311481,2342,1628.31,569.186,7.87553,CTTCCTCCTCCGCGCCTTGGAGCCGGATCCGGCCCCGGAAACCCGACCTGCAGACGCGGTACCTCTACTGCGTAGAGGCCGTAGCTGGCGGAAGGAGAGAGGCGGCCGTCCTGTCAACAGGCCGGGGGAAGCCGTGCTTTCGCGGCTGCCCGGTGCGACACTTTCTCCGGACCCAGCATGTAGGTGCCGGGCGACTGCC,0.5309248431929636,-0.913420444831387
3560,ENST00000398209.7,ENSG00000008277.14,ADAM22,87934143,88202889,2.635689391250567,9144,8164.8,411.101,1.1344,CATGAGGAGCTGAGCGTCTCGGGCGAGGCGGGCTGACGGCAGCACC,2.323421536715944,1.2162509250284659
3561,ENST00000297205.6,ENSG00000164647.8,STEAP1,90154375,90164829,7.2763317890456785,1313,1022.16,104.267,2.29821,GCGGACGCGGGGCGCCAGCAGGTGGCGCTGGACGCGCAACGGACAAGGAGGCGGGGCCTGCAGCTGGCTTGGAGGCTCCGCGCTCTGGAGGCTCAGGCGCCGCGTGGGGCCCGCACCTCTGGGCAGCAGCGGCAGCCGAGACTCACGGTCAAGCTAAGGCGAAGAGTGGGTGGCTGAAGCCATACTATTTTATAGAATTA,3.1660865582543276,1.6627006981337265
3562,ENST00000222511.10,ENSG00000105793.15,GTPBP10,90335223,91210590,28.33910761950337,7531,5498.61,374.009,1.53247,AAAAAGGCCGCGCTGTACTGCGGCTTGTGCCGCTTCCGCAAGAAGGTTTCCTGGCCTGTTGCAGCC,18.492438755410134,4.208863592659571
3563,ENST00000380050.7,ENSG00000058091.16,CDK14,90335223,91210590,8.50504134783089,4995,4285.49,461.868,2.42817,CGTCGCTTCCCGGCCCGCCGAGGAGGTGGTGGAGGAGGAGGCGCCGCTTTCCCCGCGGCGCGCGCCCTCGCCGTTGTCTGAGCTGTGCCTGGACCAGTTTGGGGAAGTTGTCGGGGCTCCGCGTCGCCCAG,3.502654817344292,1.808448819186758
3564,ENST00000356239.7,ENSG00000127914.16,AKAP9,91940867,92110673,6.221378657363358,12471,9204.84,1023.81,2.5059,TACGTGGAGACGAAGATGGCGGCGGCGGCGGCGGTGACGGCGCTTCCCGTGCGGCTGAGGACGATCCGCCAGTGAGCGCGGAGACTGCTTCCACTTCGGGCGGGGGAGCGCCGGACCGAATCGGCTCTCTAGGCCGTGGAGCTTGCCGTCCCACCTCCGTCCAAATCGACCTTTCCTTTCTATCCCCAACCACCCCTCAACCCCTGTTTTCCCCTGCCTTCCTTGCAGAGGCC,2.482692309095877,1.3119054730943518
3565,ENST00000265742.7,ENSG00000001629.9,ANKIB1,92246234,92401384,3.691656967285506,6081,5445.99,714.037,2.95397,CGCAGCGGCCGGAGAGGGATGGGGGGCGCCCACCCAGTCTGAGCCTCGCCGCGGGCGCCTTCGGCTCACGCAGCGCTTCCCGCGGGCCGCCAGTGCGCACCCTCGGCCACATCAGCCTCCGCCTGGCGGGTGCACCCGGGCCGGCGAGGAAGGGGCAACCGTCCGGGTGGGTGGGGCGGGCTGGGTACCTGAGGTCACCAGCTCGGCTGTAGAGGCAGGGGCGGCGGAGGCGGAACTGCGGAGTTGCTGGGTCCACCGACCCTTACCCTCAGCGAGAGAAGTAACCAATGTGAAAGATGTTGCAGAAGTGTTCCAGAAGTGGCTGAAGATAGAAGGAAAAAAGTGCCACTGCCTATCAGAAAAAACAAAACAAAAC,1.2497273050455848,0.3216133280252516
3566,ENST00000287957.3,ENSG00000157259.6,GATAD1,92447453,92491610,25.633913316529384,3361,3376.11,535.734,3.57516,TCCGCGTCCCCCCCACCCCGGCCAGATCCCTTTCCCAGTCCTGCTTCCCAGTGCCTCGGGCCAGGGAATCCTGGCCTCCGCCTGCGGAGCCGGCGGAACCCGCTTCCCGCCTCCACGGGGCAGCGCCAGCGGCCTGGTCCTTTCACCGGCAGCTCCGTGCCGACGCTCTCACCGCTCTTCCTATCGCCGGGAGTGGCGGGCCGACCAGGGGGCGGCCGGGCTACCGTCCGCCATTCCCGTGTCTCTGCGCCCGCGGGGGCCGCCCGAGCCGGCCACC,7.170004507918355,2.841974025977307
3567,ENST00000305866.9,ENSG00000004766.15,VPS50,93232340,93361121,16.258089992271717,3613,2784.59,462.93,3.74555,AGGATACCCTGGGTCGGCTCCTCCACGTGACCACCCACTATGGCTTCCTAGTGTCAGGGCCAGCTGTGTAGTGGCTCGGTGTGATTTGTTAGCTCTTTGAGGCAGGGTACCCTCCTCAGGATTTCGAT,4.340641559256109,2.117908292889244
3568,ENST00000248564.5,ENSG00000127920.5,GNG11,93921699,93928610,60.60945889714055,3055,2607.19,143.0,1.23574,GCGCGGAGAACACAAAGTAAAACTTCTGCTGTTCCCAGTCCTGCAGCCCCAGCCCAGCCGTCCCCCGCGGGCGTGGCAGGTCCTGAGTCAGGGCCTGTCCGTGGCCAGCATCCCTGCTGGGCGATTGAGCAGCGGGAAGCTGCTTGGACCCAGTCTCAAACTTAACCCTCATCTAGCACCCGGGCAGGCCTCCTGGGTTGCAGGGACTTGAGAAAAGGCAGAGTTCTCAGGTCCTAGGAAGCTGGGGCACGCTGGCGTGACAAGCGTCCCGGAGAAAGCCAAGCCCTCGGGGAGCTGGGGACCGCAGCAGGGCTGCAGTCACATCCTGCGCGGGTGGGCGGCGGGCCAGGCCTTCAGTTGTTTCGGGACGCGCCGAGCTTCGCCGCTCTTCCAGCGGCTCCGCTGCCAGAGCTAGCCCGAGCCCGGTTCTGGGGCGAAA,49.04709639336798,5.616095825768532
3569,ENST00000297273.8,ENSG00000127995.16,CASD1,94509219,94557019,3.789447093116177,3942,2920.01,251.513,1.94061,AGGAAGGGGAGGAGACAGGCGTCCAGGGCGCCTGGGGAACCGGCACGGCGGAGCAGCGGCGGCGGGGCTGGGGGGAGGCCGCCGAGTCGGCCGCGGCCGAGGAGGGGCAGGCGGAGGTCGGGGGCGCCGCGGCCGCGGGGTCAGGTTCCCCGGCGGGAGGCGCAGGTGGCGGCCTGGGGAGCTGGCGGCCGCTCCTCGCCTGGCTGCAGCGGCGGCAGCCCCAGTGCTGCCCCTGTGCGGCGCCCCTTTCCCGCTCCGCCGCGCACTGTTGTCATGGAGGAACCAAG,1.9527092476675774,0.9654771524119934
3570,ENST00000482108.1,ENSG00000242265.5,PEG10,94656325,94669695,487.1371495225509,6618,6613.26,5151.63,17.5506,CTCCTCGGTGCAACCTATATAAGGCTCACAGTCTGCGCTCCTGGTACACGCGCTTCAACTTCGGTTGGTGTGTGTCGAAGAAACCTGACTGCGCCCTGAGGAGAACAGCGGAGAAGGTCCACCGAGCCTGGCGAAAGGTCCGCTGAGCGGGCTGTCGTCCGGAGCCACTCCGGGCTGCGGAGCACCCAGTGGAGACCGCGCCTGGCTCAGGTGTGGGACCCCATCCTTCCTGTCTTCGCAGAGGAGTCCTCGCGTGAAATAAGCGGGTTTTGAAAACAAAAAAAAGAAGGAGTGGAAGAGGGGGCCAGGATCCAGGCCTCCATCCCCACAGAAGTGAAGCTACAGCTGGGAGGTCTCCTCCCACCCCAACCGTCACCCTGGGTCCCGACTGCCCACCTCCTCCTCCTCCCCCTCCCCCCAACAACAACAACAACAACAACTCCAAGCACACCGGCCATAAGAGTGCGTGTGTCCCCAAC,27.75615360856899,4.79473575090435
3572,ENST00000518156.2,ENSG00000006377.10,DLX6,97005548,97011039,9.80644213454539,2304,2498.14,134.228,1.21056,AAACCATTCGACTCGTGGCGTCTGCATCAAGTCTGAAAGCAGACGCGCAACTTTCGCAGAATCCACCTTAAAATCTCTGCCTTAAACTGCACCAGCCCCCAAAAAATCCAAGGGGGGAAAGCAGGCGGGGGGAGAGCAGATTCCCCCCTCCCCCTCTCCTCTCCCATCCCTCCTCCTTCCTCCTCCCTTTGAGTTAACAAGGCCCCGCTCACTATATCTCTTTATATTAAATATATATATATATTAGAGAAGAGCGAGGGAGAGGGAGAACCACCTCCACCCCCCTCTTTAAATTCTTTTTTTTTTTTTTTTTTTTTTTTGCAAGGATCCAAAGAGCTAAGGTGGCTGCAGAGGGGAGAGCGGCGCGAGCCAAGTGGGGGAGGGTGGAGGAAACCCGGGAGAAGGCTTTCTCCAGCCCCCAAAGTTTTTG,8.100748525100276,3.0180552220165797
3574,ENST00000360382.4,ENSG00000196636.7,SDHAF3,97116590,97181763,88.9884961256084,731,358.208,108.564,6.82829,T,13.032325241840697,3.704022608999672
3576,ENST00000297293.5,ENSG00000164715.5,LMTK2,98106885,98209633,6.975334444673773,8946,10825.7,1145.64,2.38425,GCGGCGGGAGCGCGGCTTCCCAGGCCCGCCGCTCCGCAGGGCTGCTGGCGTTGCTGCTGTTGAGAGGCGGCGGCGGCGGCGCAGGCGGGCGGGAAGGATGGTGTTTCTGCGACTGGAGCGGCAGGTGCGGACCGGGAGCCGGACCGAGGTTTGGCAGAAGCAACGTGTGCTCGGGAGCAACCGGCGCGGGTGCCACTGAGGCAGCGGAGGGAGGCAGGATCGACTGACGGGCGAACGGACGGACGGACGGAAGGCGACTCGAGGGCCGGCCCCGGAGCCGCGCCGTGGGCGAG,2.925588526653569,1.548726873953371
3577,ENST00000609256.1,ENSG00000180535.3,BHLHA15,98211427,98212979,3.973742899362809,796,860.512,39.0,1.0211,CCCGGGGCGGCTAAAGCGACGTGTCCTTGTCCCCCGTGGGCAGCCTCGGCGCGTGTGGCCGCGGATCCCCAGCTCCAAGGGCCTCACCTTCCTGCCGCCACCTCCTAGGACAGCCAGTCCAGGGCC,3.8916295165633232,1.9603743719746303
3578,ENST00000297290.3,ENSG00000164713.9,BRI3,98252379,98310441,25.265785322196628,780,826.238,234.087,6.38313,GCGTCTGCCTCAGAGGGGCCCGAGCCACCCGGTCCGCCGCGTCCCCGCCGCCGCCGCCGCGTCCCCCGCCGGGGCCGACCGAGCCGAGCCGGGCCGGAGCGGCGGGCGCGGCCGGGCCGCC,3.958212557506525,1.9848490877332414
3579,ENST00000265634.3,ENSG00000106236.3,NPTX2,98617297,98629868,19.008283206250077,2700,3637.59,332.828,2.06143,AGCGCGGTGGGTGCGGCTGTGAGACGGCAGGAGACTTCTGCCCCGCGGTGCACGCGACCCTCGAGACGACAGCGCGGCTACTGCCAGCAGCGAAGGCGCCTCCCGCGGAGCGCCCCGACGGCGCCCGCTCGCCCATGCCGAGCTGAGCGCGGCAGCGGCGGCGGG,9.220921014174664,3.204910858704581
3580,ENST00000355540.7,ENSG00000196367.12,TRRAP,98877933,99048240,16.23322851000997,12590,14927.2,1785.95,2.69558,CGCGCCGGGGCCTGGTGCTCGGTCGGCGGGTGCTGCCGCTTTAAGCGGGGGCGGGACTGCGCGCGGCCGAGCGGTTGCGACGAGGGCTCGGCTGGGGGTCGCCGGGGTCGCGGGCCGGGCCTGCAGGAGCCGGGCCGCCGAGGTCGGGGCTGGTTGAACTCATGGACCTGATACTTTTCTCTTGAGAAGCAAACCAGCCCAAAAGAAAA,6.022165363302134,2.590282323728559
3582,ENST00000262942.9,ENSG00000241685.8,ARPC1A,99325898,99394801,99.26806816064048,1565,1555.36,2065.35,29.9175,GTCCTCCGCCCGCGCCCGACGGAGCCTGTTCGCGTCGACTGCCCAGAGTCCGCGAATCCTCCGCTCCGAGCCCGTCCGGACTCCCCCGATCCCAGCTTTCTCTCCTTTGAAAACACTAAGAATA,3.318060271100208,1.73034009245039
3583,ENST00000252725.9,ENSG00000130429.12,ARPC1B,99325898,99394801,59.16785531974204,1551,1842.83,359.24,4.39199,GGCAGGCCCCGCCCCCCGCCCACGAGGAAGTGGCTGCTGCTCCGGCGCGGAGCCCAGAGCCGGTTCGGCGCGTCGACTGCCCAGAGTCCGCGGCCGGGGCGCGGGAGGAGCCAAGCCGCC,13.471764580461713,3.751866927480319
3584,ENST00000403633.6,ENSG00000106245.9,BUD31,99408641,99419616,165.85066615010206,1139,1059.56,633.057,13.461,GCCGCCGCCGCCGCTTCAGTGGCCGCAGTGGCCGCAAGGACCCGGACCTCAGGGAGGCCTCCGCACGAAGTCGGACCGTCCTGCGCGCCGCCTAAGTCCAGGCTTGCCCGTCTGCTGCCAGGCAACAACGCCCCTAGTCTCTCCGTTCGGGAAGACGCGTGGCCCTGCCTGCCACCCACCGGAAGTGAGGGCAAATGGCAACAGCGGCTCTGGAATTCTATACAGGCATTGCTGAGGACACCTAAGATGACGCAATCTCCGCGCGGGTAGGGCGGGGCTCCGCAAGGACCTCATGCCTTAGAGATCGCCTGAAGAGCGGAAGCCTTCTGTCGAGAAGCAGCTACCCAAGCTCCAGGAGCTTCCGAAGAAACAGGACCAGAGAGGGAAGGTGACCTGAAAGTCACAGAATAATTTTTTAGAGCTGAACAAGAATCCAAGCCTGCAACTGCAGAGACGAGAGATCTTTCTGCTGTCTATACTCTTGGAAAGCACATCCTAAGATCTTTGCAGATTATCCTGTGGAAGGAAA,12.320828032843181,3.623027311856344
3587,ENST00000292476.9,ENSG00000160917.14,CPSF4,99438922,99457371,19.32892963852726,1691,2080.24,262.212,2.83988,CGCCGCCGCC,6.806248728300935,2.7668598742722836
3588,ENST00000454175.1,ENSG00000196652.11,ZKSCAN5,99504651,99534700,10.545044715626911,5626,6229.66,368.382,1.33228,GGACTTGGTTACTTCCGGCGAGGAAGTGTTGGGGAGTGTCGGCTTCGGTTTCTCTCCGTGGGAAGAACCGCATCTTCCCAGCCTCGGCTGCGGGGAGCTTGATGTTCCAGGAGAGCTCCCCTAGAGTGGGGCCTTGAGGGGAGGGGGCAGGGGCTTCGTGACTGGACGGGGGTCCTGTCCCTAACCTTGACCGGGCCACAGTCTCTGTATCTCGGGGTCAGGGGCCATTCTGAGGAATCCAGGTCCAGATCTGTACCTTATAAACGCTGCTTCTCTTTGGGACCGATGGAGTCTCCCCTTGGCCTGTCAAGCTCTTGTAGCTTAGAGAACAGGCTCAGTTTTGACCATTATAATGATTTTCACCCTTATTCCGACTTAAGTTCGTCTTATGGTAGAGAGAAAGAGCGGCTGCGTCTGGACTAGTTAGTCTCGTCCCGTTATTTATATGGAATGTAAAGTTCTTCACTCTAAAACTGTGTTTTAGGTTGGGCCTGATGTCAGATTTGTATGGCTCTCTTTTACACTTTTAAAATGTTGGGGTTATTCCTTATTATCATTTTGTGGGTGAAGTGATGGCTACCTTGTAGTACCTATTTTTAAGTAAATTACTTTGTTGAGTGGTCGTCTTTAGTATAGATGACCTCTTTGCCATCTGTCTTTGCTAATAATGATGCCCAATACATCAGTAGGTTGCATGCTACTGAAAGTGTCCTTCAGAAGATATTAAAGAGCAGAAAAACAATTGTTTCAGTGTAACACAGCCAGCCTCGAAGACTTCCCTCTGAGTTGGA,7.91503641548842,2.984595987927043
3590,ENST00000252713.8,ENSG00000197343.10,ZNF655,99558406,99610813,1.807261553462567,2535,2023.03,92.5719,1.03095,CCTCATCCGGGGCTCTCACCCACATCCGGGACCCTCATGCCTGGGCGGAGGAGGGGGGGCCCTCATTCGGGACCCTGCACTCCGTCGCCGGAAGTGCCACCGAGAAGCGCCGGCCTCGGGGCTGTCTACAGCGGCCCGGGAGAGGCTGTGGTGGCCCCGAGCGCGAGTGTGTAGGTGACAGGACAGCGGCCAGGCCCGCCCCTCCCCTCGTGATGGTCATTGTCCTCCAGAGCAGTG,1.7530060172293194,0.8098309481864413
3591,ENST00000394152.6,ENSG00000197037.10,ZSCAN25,99616946,99632407,8.887710566647293,4349,5577.3,254.556,1.0283,AGCTCACTTCCGGACCGCGGATAGCACTGGCGACCCTAGCGGGTGAGAGGCCCTTCAGGGCCGCGGCGGGTTGAGCGCACCATCACATCTAAGCCATCAGCAAGTTTGTTGGTTTTAATCTCCAAAATACGTCTTGATTTTGTCTGACTCTTTGCCACCACCCTGATCTAAGCCCTTATCATCTGCTTGAATCACTAACTTGTCTCCACTTGCAGTTTTTAAAAGAGTTGCTTCCATTTGACTTTTTCTGTCTGCTGTACCAGCATATGAGTTTCAGGAGGGGTCATTGATGCAGTCATTCTCAGTCTCCTCGGAGGGAGTCTGAAG,8.643110538410282,3.1115506122424925
3592,ENST00000324306.10,ENSG00000106261.16,ZKSCAN1,100015572,100041689,22.47004865106332,9418,9659.92,1879.92,4.38457,ACGCTTCCGGCCTTTGTGACTCATTGTGTCTGTGTCGAGGCGTCGGGAGGGCCTAAGTCCGTGTGCGGTGCCCTTCGGCCGGCCTGAGCCCCAGAGTCAGCTCCCCTTTCTCGCCCAGCGCCCCCAGGCCGCTCCCGGGGCTCACGGAATAGTAAAGAAACACATCATAAAACCTCCCAGGACATAAAGGTGAGCACAGACCCTGTTTGGATCAAGTCAGTTCCTGGAGCCTGA,5.124800984147435,2.35749598027497
3593,ENST00000292450.8,ENSG00000166529.14,ZSCAN21,100049774,100065038,10.24051407799799,2005,2326.05,206.275,1.99797,ACTTCCGGGTGCGCGGTCCCGAGGTACGCGGTGCGGTCTCCCGGTACCCGGAGCGGCTCTGATTCATGGTTTAACTTGTGGCCCTAAAGAACTGGAAACCCAAAGGAACGAATATTCCTGCCCCACAGAGTCCCATCTTTGGTGAGGCTGTTTCTGGAGTTTAC,5.125459380269969,2.3576813150447142
3594,ENST00000303904.7,ENSG00000168090.9,COPS6,100088954,100092200,423.53853934287264,1432,1607.24,1889.89,26.4923,GAAGGGGGCGGGGCCGAGGCTGGCGGGCGCGGGGAAA,15.987231736877229,3.998848246011542
3595,ENST00000262932.4,ENSG00000166997.7,CNPY4,100119613,100125511,13.986268788815911,1502,1704.54,120.696,1.59532,TGATCCTGCGCATGCGCCGACCTTCCTCGGCTGGATTTAAGGTTGCCGCTAGCCGCCTGGGAATTTAAGGGACCCACACTACCTTCCCGAAGTTGAAGGCAAGCGGTGATTGTTTGTAGACGGCGCTTTGTC,8.767061648331314,3.132093392761982
3596,ENST00000341942.9,ENSG00000188186.10,LAMTOR4,100148907,100155944,387.0833184672291,605,641.897,387.395,13.5972,GTGACCGGGGCCTGAAGCCGGAAGCTACCTATCTGGTAGGGAGCTCCCCCAGCACCGAAGACTGCG,28.467869742831546,4.83126263480849
3597,ENST00000310512.3,ENSG00000146834.13,MEPCE,100428790,100434126,38.930158467526695,3030,4488.98,783.21,3.9309,ATTTAAACTCCCAGAGCCGTTAAGTTGGTTCGTAGTCTGATGCGCGCGCAACCAGGGTGGTGGCGGAGTGCGCATGCGTGGTTCCCGGGCGAAGGGAACGCGCGCTCACCGTGCGCGCTCGCGGCCGGGTGGTAGTGGCGGAGGAGAAAGGGGTCGGCGCACGCGCGGTTGAGTCCTCGAGTAGTTCGGGTCTCGCGGGCCTCTTGTTTTGGTCTCGCGGGCTAGTAGGGCGCACTTGGCGGGGAGGCGCTTGGGCGCGAGACTAGGCGTGAAGAGCAGAGCTGCGCGCGCACTCGGGAAAGGGGGGAAGGGAGCAGGGTCCAGGCAGGGGGGGTTAGGCCCCCTGATCCCCCTCGTTACCCCGACTGGCACGGAATAAGGGGAGGAA,9.903624734164364,3.3079566493242747
3598,ENST00000303210.8,ENSG00000172354.9,GNB2,100673531,100679174,233.64982050049596,1878,2598.77,144.023,1.24861,TCCAGTCCCAGAGGGGGGATGTCTTACTCCTTTCCGTGAAGCAAACCCTTTGAGTACGGTTTGCGTCCACAAAGCGTAGGGTGAGAACCTTGGGAGCGACTGGGCCCGTCTTTGCTCCCTCGGTGGGGTTTTGTCTCCTGGCTTCCCCCAAGTGCGAGGCAGTTGGTCTCGCCCAGCCGGGTCCTGGGCGCGGCGGCGGCAGCCGCGTCACTGGCGGGCGGGATCCCTCCGCTCTGGGGAGGCAGCGCTGGCGGCGGGGCTGGGGCCACTGAGGAAATCCATCCGCGCCGCCGCCGCCGCCGCCGCCGCCGCCGCCGCCGCCTCCGCCGCGGAGGAAGACAGCGCCGCCCGCGCACCGCCAGCGACCTCCGCCGCAGAGTCCCACCGCCACAGGCCTCGGGCCAGCGGCCAGGAGCTGCCTCCCCCAGCCCCCGTCCCGCGGCCCCCAGCCGCCCCCAACCCTGCCCCACGGGCCCGGCGCC,187.12794267264874,7.547881193277425
3599,ENST00000303151.4,ENSG00000172336.4,POP7,100706053,100707495,310.3493204402354,927,1032.53,1082.67,23.6242,GGAAGGGGCGGGGCGAACGGAAGCCGGGAAGGCGATTCATAGCTCGCGGGGTACGGGCGCGCGTGCGCACTCCGCAGCCCGTTCAGGACCCCGGCGCGGGCAGGGCGCCCACGAGCTGGCTGGCTGCTTGCACCCACATCCTTCTTTCTCTGGGACCTGGGGTCGCGGTTACTTGGGCTGGCCGGCGAACCCTTGAGTGGCCTGGCGGGGAGCGGGCCTCGCGCGCCTGGAGGGCCCTGTGGAACGAAGAGAGGCACACAGC,13.136924020294249,3.7155556064558715
3600,ENST00000200457.8,ENSG00000087077.12,TRIP6,100867138,100873454,82.97633990443151,1942,2881.07,1028.48,8.04273,CGGGGCCCGGACGCATCCGTGGACTTGGAGGCTGGCTCGGGCCCGCACCTCCCATCCCCAGCTGCCCGCAACCCCCAGTGACTCGGGATCCCCCGGAGAGCCCTCCCCTCTCGGCAGGAGGGGGCTGACTCAGGGAGAAATGGCAGTTTAGGGCCTAGGGGGCCACGTGACCCTCCCCCAGGAATGTGGTGACGTCATCGGAGGCGTGGTCGTCCCCAAAATTAGGGAGGAAGAGGAAAAAAAAAAGCCAGAAAAAGTTTTCTTTTCTGGAGTCCCAAACGAGGTGCGGGACGGAAGAGGGGGTGAAGGCCAGAGGCTCGGGGCTTCAAGACCGCTGTCTGGAGTCCCCCTTTCCAGGCC,10.316937147514775,3.366942827476143
3602,ENST00000611405.4,ENSG00000087087.18,SRRT,100875111,100888664,64.53975607205109,2905,3819.0,746.999,4.40689,GTTCGCCTCTCTTCGGCCCTCTACTCAAGAGCTCCGTCTCCGTCTCGCCCTCCTCGAAGTCCTCGTCGCGCGCCCGCGACCCAGGTCGCCCTGAAATCTAGCCCGTCCGAGCGCGAGTCCAACGGCCGCGGCCGCACCAAGGCCCCCTCAGACCGTGCC,14.645193338624539,3.872355333979254
3603,ENST00000337619.9,ENSG00000106367.13,AP1S1,101154397,101161596,195.9302478586232,1306,1551.78,473.382,6.87296,GGCGGGACGGGGCGGGGCTTCGGGCGAGAGGGAGGGCAGCAGGAGAAAGGATAAGAAAGGGAGTGGGACTGGCGCCTACGGTGGCCGAAGTGGGACGCGCCGAGCCGGAGGCTGCAGG,28.5074040673339,4.833264765881991
3604,ENST00000305105.2,ENSG00000106400.11,ZNHIT1,101217668,101224190,168.30723430080852,1225,1376.95,834.264,13.6504,GAGAGTGCGGGCGGAAGACGGGGAGAGCGAGAGGCTGGCGGCGACAGGGAGGGAGGAAGCCTAGGAGTCCGCCGCGGGACGGAGGCCTGGGGGAACTGGGAGTTCAGCTTTCTGCAGAGGGCCACTAGGAACCTCGGATTGCCCACGGAAGCCAGCCACTTTCTTTGACAGTCCAGCCCACCTCCTCTTCTGCCCGGAGAAGCTCCAGGGGCTGCCTTTGTGATCACAGCATCTTCACAAGGACCAAAGGAAAATAAGATTTCTTGTAAGAACACCGTGACCACATCTTTAAAATGACCCATTTCGTGGCTCCCACAAGATTTACACCTCCACACTGAGGCCGGAAGTGGTTTTGCCCCTATAAAACATGGCGAAAAGCTTTCTTGTCTCCAAGGAAACGCCACGTAATGAGTCAAAGCTGTGGCGCACGCGCAGAAGTACAAGCTACCGGAAGTGATGGCGCCCCTACTAAAGCCTTGGGGTTAGTACGCGTGCGCAGCAGTTTCTTCCGACAGTTGTGTTGTGCCA,12.329839001114145,3.624082056525059
3605,ENST00000360264.7,ENSG00000257923.9,CUX1,101815904,102283957,1.9787428348877372,13762,17054.1,1591.43,2.10243,CCGTCTCAATATGTCTCAAG,0.9411694253258074,-0.08747364071624907
3606,ENST00000462601.5,ENSG00000128563.13,PRKRIP1,102363872,102426676,1.2693559508097028,884,917.96,51.5367,1.26489,TTATCACCAAGCCAAACATCATCATGGAGTGGAGGTGAAGGAAGTGGAGCAGGGAGAGGAGCCGTGGATA,1.003530702914643,0.005084756476404311
3607,ENST00000478730.6,ENSG00000160991.15,ORAI2,102433106,102456821,5.887184634960587,5531,7660.5,394.95,1.16157,CGCTCGGCGCCCCGGCCGGGCCACTGGGCCACAGGCCACGCGGCCACGCAGTCCGAGCGGGAGCCGAGCCGGGCGGGGCGAGGGCAGCTCCGGAACGTCCCAGGGATGGAAGTGCTTGGATGCGGTGCTGCTGGCTGCGGATGTGCGCAAGGAGATGGGATGGAGAGCCTGAGTTGGCATTCGTATAAATGACCTGCCTGGCTCCCACC,5.068299486867418,2.3415017761465764
3608,ENST00000292616.9,ENSG00000161036.11,LRWD1,102464929,102473168,42.796961251978495,2215,3214.7,640.162,4.48654,GCTTCCTTCCGGTCGTTAACGCCCACGGGCTCGCGCGGCGCCGCCTCCTGGGCTCAGTTACCGCGGACGCCAGTGCCGGGCTCCAGGAGACGCAGGGCGACGCCACACGCCGGGGTGGCCGACTGGGTCAGCGCGGGCTGCGCCTCCTCGCC,9.538967946787167,3.253833184616971
3609,ENST00000323716.7,ENSG00000170632.13,ARMC10,103074881,103099764,13.109556335947577,2635,2510.84,132.526,1.18917,ACCGCCCCGCGCTCCGCTGCCAGGGGCGGGAGGGAGGAATGGTTGCTTCACGCCCCGGGGGAAGAGACGGGAAGCTCGGCTCTGGGTTGCGGGCCCCGGCGTCTCCGCGTGGGGCGCACCGTCCGACCCCCCCCTCCCGGTGTGCAGCGCCCCGCACCGCCCCGCCTCGCCTGGGAGAAGCCGCCGGGACGCGCCGGGCTGGAGTGGGCGGTTATAGGCTTTGAGCTAGGCCGTTTCCGGGAGGCGGAGCTCAGACCCCATTTCCTTTCTCCACATCCAGGTCAGGTGGCGTTTGCTGTGGCGGCTAGGCCCGCGTGCGCTGGAGACCTCCGCGCTGGCCCCCGCGAGCCTCCTGCCCTGGCCCGGCGCTGCGGCTCTGCCGCGGCGGCAGC,11.024122989940526,3.4625919834692263
3610,ENST00000249269.8,ENSG00000105819.13,PMPCB,103297422,103329511,197.50085504495587,2472,1842.38,1604.89,19.6259,AAGCACATCCTTCATCCTCTACCTTCCTTCTAGCAGAA,10.06327633611482,3.3310281797851475
3612,ENST00000435765.5,ENSG00000161057.10,PSMC2,103344254,103369395,233.6386573632061,3054,2390.0,235.658,2.22149,AGTTTTCCTGTAAAAAGGATTATATTCCACGTCCCAGTGCAATACATAGAACATAACCTTTAAAAGCAGTTCTTTTTATATTATCTTTAAGTTCTTACTGCTTTATGTATTAATCTGAACCTAATCAGTGATTTTCCCAGGAGCGCTATACTTTTAAGTAAAAAATGAAAATACCTGTATGAACCAGTATCGACGACTAGTATATACATTTGCGGAGAATTACGTAATCAGTCCAAAAACCAGCGTGCCAAAGCGTTTCCCCAGGGCTCTGTCCGGACTCTGAAGCACTGCATAAAGGGGTCTGTCTGAGCCCAATTTACTTCCGGTGGGGAAGGGAAAGGGAAGACACCACCGGAAGCAAGGAAGGTGCTGTGTAATCATTAAGGAGCGGAGGCTTTTGGAGCTGCTAAA,105.17205000391903,6.7166075419493705
3613,ENST00000311117.7,ENSG00000005483.20,KMT2E,105014179,105114361,3.064684595851805,6874,6879.95,969.744,3.17566,GCCGCCGCCGCCGCCGCCATTTTCCCAGAGCGAGAGGCAGTGACACTGAGCGGGCGCAGGGGGCCGAGTCGGAGACCGTGCCGGAGTTCGGGAGCGGCAACAGAGTGGGCATAGACACTCCGAGCAGCCTCGCCGTCGTCTCTGCGTTCCTGTTGACTGCCTGGCTGCCCCCTCCCCTACTCCTCGGTTCCTGGTGAAGAGGCTGCGCGCTGCTGTTTGGGGAGGGGGTGTGTGGAGCCGGGTCCTGTGTCCGCAGTGGCTGCTGTCGGGGGGTCGCCTGTTCGCGGAGGTGCGGAGAGACTCCTTGGGGGTCGAGCACATAACGGGGTTCGGGTGTCTCGTGTGTGAACATCACAGGTCTATTCTGGATAAGCAGGTTTTGTGAAGACATTTATTCTTTCTTGGACCTCAGATTTACCAGACATCTCATGGGTTTGTGGATGCACTTAGATGTTTGCAATGAGCACTGTGGCTGGCATGCCCCAGTGTTTTGGATACCAATGCATAGGACTCCATAGTAATCGAATTTACCAGAGGCGAACGTC,0.9650543810898538,-0.05131785393864578
3614,ENST00000257700.6,ENSG00000135249.7,RINT1,105532085,105567677,43.80217618107061,2976,2407.16,1125.98,10.5387,GGCCGTTCCGACCTCCGGTCAGGAGGGGGAGGAACAGAGCACGGCCGGCGGCTGCACGGGCAGGGCCTCTCTGGGCTGAGAGGAAGAAACCAGTGAGACATCGAGAGGAAGTCGCTGTGGCACTCAGTCCTACGGCCTCCGAGGCTGGGTAGTGAGTGTGTCGCTGGCCTTAGCCAGACTCCACAGGCCACGCTGGCTGCGAATGGAGCCGAGGACTCGCGCGGAGGCGAG,4.156316830450682,2.055305633139596
3615,ENST00000265717.4,ENSG00000005249.12,PRKAR2B,107044649,107161811,42.49272252475341,3745,3084.75,1062.0,7.7565,GCCGCGGCTGGAGCGGGAGGAGCAGGAGATGCTGCCAGCCCTCCCGGGGCCGCGCTCGCTCAGCCGCCGCCACCACACGGAGCAGACGCGCGCCGGGAGCCGCGGGCCGGGCCAGCCGGGCCGCCGGGGCCCAGTGCGCCGCGCTCGCAGCCGGTAGCGCGCCAGCGCCGTAGGCGCTCGCTCGGCAGCCGCGGGGCCCTAGGCCGTGCCGGGGAGGGGGCGAGGGCGGCGCCCAGGCGCCTGCCGCCCCGGAGGCAGG,5.47833720424849,2.4537380699725877
3616,ENST00000468410.5,ENSG00000105856.13,HBP1,107168961,107202529,10.341277949841883,2704,2318.23,147.724,1.43567,AACCCCCAGGGGGTTGAGGGGAGGGGGAAGACGAAGCTTGAAAGACTTGGTAATGGCGACGGGTTTGTCAGAGCACCATAAC,7.203102349315569,2.8486184037759434
3617,ENST00000265720.7,ENSG00000105865.10,DUS4L,107563484,107578464,10.774670505251736,2220,1750.05,105.78,1.3618,GAATCCCGGCGCCGCCCGCCCACCCAGCCCATGGCTCCAGGCCCACCTGGCGAACTGACTCTCAGCCCGCGCCTGGGCTAAGCCTGGCTAGGAGCCGCGCAGGTACTCGAGCAGTGGGCGCCCAGGGTCCGAGTGCTCTGCGCCCAGCGCACCGAGGGAGCCAAGGCCGTCGGGCCGGCGCTTTCAGCTGTCTCTCGCAGCAGCTCAGGGCCGCGCCCCCTGGGCTGGCGTCGTGCCCTAGCCAAGGAGAAGTTTCAGTCACGTGCCAGACTTTTTCTTAATTACAAACTGATAGATGGTCCACATCTCAACTAACAGTATTGACGCTGTAAGAGCATCAGATTTGAAACATATCTGTATTA,7.912079971546289,2.9840570082469435
3618,ENST00000005259.8,ENSG00000075790.10,BCAP29,107579977,107629550,57.58723566720104,4572,3417.44,426.732,2.81331,AGACCTGGACCCCGGCACCCTCCCGCCGGGGCCGCACTTAGCAGTGGAAAGTCTGTCCTCCTGAAGAAGTTGCGCTCCGACCTCCAAGCATCAGGTCAAAAGTCTAACTCATTCTCTGACCTGCCGCCAATTAGAAAACAACTGTTGCCAATAAACGTGGTCGCGCCGCCTGTGACCTCAGCCGGGACGGACCCGCGGGCGGGAGCCTGCGGGGCGTGAGGCGGGGTGGGGCCCTGGCTCCCCTCCCCCGCCCAGCCGCGGCGTCTGACGTCCCGCGCGTCGGCGGCCGCGGAGCAGCGCAGGGAGCCAGGCGGGCTGCCGGCGGGTGTGAAGAAAAAA,20.46956633545576,4.355408632895254
3619,ENST00000440859.7,ENSG00000105879.11,CBLL1,107743697,107761667,21.78960966016969,4432,3865.07,615.592,3.58838,GTTACTCCGCCCGCCGGGGTGGGGCCAGCGCAACGGCCGAGCCTGCGCAGCCAGCCGGCTCCGGGGGCCCCGCGCACTACAAGTCCCAGAAGGCAGCTCTCCGCGGGGCGGGCAGTCGCCTTATCTGCTTCTGGCTCATTTTTACCACTGCTCTCCCCTTCCCCGGTCCCCCTGGTGTCCTTTCCACAGTTAAAGGCTACTTTCTCTTGAAGCACATGAGGAGAAGCCTTAGCAACCTCAATACCGAAGTTCTTCGCGCGCTCGCTCTTTCTGCCTCCGCCCGAACTATGCCTGAGTCCCTCACAGGAGTTGGATAGTAGAGGCGAGAGAAGGAAGTCTTTGCAGGCCAAAATTGGGACAACCTGCTTGGACTTCCGCCTCCCGGCCTCCGGAAGGCAGTGCGCACGCGCTCGCTGCGACTCCGGCGCGGTTGACTTCCGCTCCCACTGTGCTCTGCGAGCCGAATC,6.072269285908875,2.6022357711273703
3621,ENST00000205402.9,ENSG00000091140.12,DLD,107890970,107931730,354.8993434714433,3755,3007.64,1306.42,9.78629,AGTATAAGAATACATTGTAGCTCGACATTTTGGCACCAGCCCCTAAAGCATTCCCACCACCACCCCCGCTGCGACAAAGCCCTGCGCTCCTTACGACAGCGTACGACGCCGAGCCTGACAGGAACGCCTCGTGCGGTAGAACCGCGCGGGCCAATCGCGCTGCTCCCGGGTGATGACGTAGGCTGCGCCTGTGCATGCGCAGGGAGGGGAGACCTTGGCGGAGCGGCGGAGGCGCCCAGCGGAGGTGAAAGTATTGGCGGAAAGGAAAATACAGCGGAAAA,36.264952650232445,5.180504060124018
3622,ENST00000249356.3,ENSG00000128590.4,DNAJB9,108569568,108574850,25.609235499366516,2715,2152.22,156.075,1.63384,ATGACTCGGGTGAGGCCCCTGGAGACCGGGGCCGGCGACGGATGCAGGGCGGCCCTCCTCACTGAGGATGCGCCACAGGTCCAGGCCTCTCGAGCCCCTGCGCCTGCGCTAGCATTCTGCCGGGAAAGCCGCCTCGTCTGTCGACTCACTTCCGCCTCCTCCGGTTTAAGCACCGCCTTTTCGGGGGTTGAAGCCGGAAGTGGCGCACAGCCCTAGCAGCAACAACAGTTTTCCACGTGCGCGTAGGGCGCCGGGATCACGTGGGGAGGCAGAAGCCAATGGGGAAGCGTTTCGTGTAGGTCTTCTGAGGTGGTGGCGCCAGCGGCTACCTCCTGCCTGTGAGGAGCTGGCTGAGAGGGGACTGGGCGCCGGCGGGGAAGGAGGAGCGCTAGGTCGGTGTACGACCGAGATTAGGGTGCGTGCCAGCTCCGGGAGGCCGCGGTGAGGGGCCGGGCCCAAGCTGCCGACCCGAGCCGATCGTCAGGGTCGCCAGCGCCTCAGCTCTGTGGAGGAGCAGCAGTAGTCGGAGGGTGCAGGATATTAGAA,15.674261555211352,3.970325571360959
3623,ENST00000361822.7,ENSG00000198839.9,ZNF277,112206588,112343096,31.089194465526763,1849,1216.94,99.6111,1.84417,GTCCAGAGCGCGGCGTAGGTGTGGAGAAAACATTACGTCGACGGGGAGTTCGCCTCCAGTAGCGTTTCTACTGGTGCCACCCCGCCTCCGACCCGCCCTGCGGCCCTCCCTTTTCTTTTCTGCCGGGTA,16.858095764233646,4.0753696782225095
3624,ENST00000403825.7,ENSG00000006652.13,IFRD1,112422968,112491062,111.53789791480712,2290,1714.6,845.083,11.1045,GCTACTTAAGGCGTCGTGGCCTCCCCTGCCCCGCCTTAGCTCCCGCGCTAGAGAGAAACATGTATCGTTTTCGATCACAGCTCTTCACGGGGATTTCTGCTGCCGCCACCGCCCACTCTTACCCCCGCCGCTTCTCGACTCTGTTGTTAGCCGAAGACTCGCCTCTCAGCCGCCCGCCGCACAGACGCACGAGTAAAAAGTGCAGCTCCATCGGCTGATCCTCGCTAAGCTCCGACTCTGGGCGGCACCGGGCGTCCCACG,10.044387222730165,3.32831764724185
3625,ENST00000614186.4,ENSG00000135272.9,MDFIC,114922154,115019916,16.55195246452888,5312,4339.7,200.49,1.04087,CCCAGGCCGGCTCTGGCCTCCTGACCCAGACAGCGCAGGGCGCGAGGGATCGCGCGGCCGAGCCCGGGTCGCGCCGCTCCCAGCATCGGGGCCGCTAGCCAAGAGTTCGAGGCCTTCCCGATCCGGATGTGATGAAAAAGAGCAACAGAGGGAGAAGTGTTTCAGGATTGTAGGAGTGGAAGAGGGGAAAGAGAGGCAGAGAGGGGGAAGGCCCCCTCGCAGGGGAGCCGGCTGGAGTGAGCTGGCTGGAAAGAGGGGGCGGA,15.902036243266577,3.9911396081939126
3626,ENST00000358204.8,ENSG00000135269.17,TES,116210493,116258783,80.13677733832066,2782,2564.97,1813.75,15.9315,ATTGGCTGCCCGGCCCCCTTTGTTCCCGGGTCCGGGCCGCAGGCCCGCTGCGGCGGACTGGGCGGCGGAAGTTCGACGGCGCCGGGCGAGTGGCTGTTGAGCGGCGCCGCGGGAGTTCCGCAGGTTTCCCGTGTTCGCAGCGGAGCCGGAGGCCAGCTGAACCCGGCCGTGGGATCCCGGATAGGAGGAGGAGGGGACCCATAGGACGCGTTAAC,5.030083629182479,2.330582386194593
3627,ENST00000222693.4,ENSG00000105971.14,CAV2,116287380,116508541,43.59712804640623,3301,2647.83,918.822,7.81813,CTCCCTCCAGGAAGGCCGTTGTCTTCCCTGGGACGACTTGCCAGCTCTGAGGCATGACAGTACGGGCCCCCAGAAGGGTGACCAGGAGGCCCTCCTCGTCCCAGCTGCCGGCGTCGCCGCCCACTGCAGGGCCCGGGCTGTGACTCGTGGGGACGGTTCCCTGCGCCCCGGCGGGGGAGGTGGGCGGGGAGGGGCGGCGGGGCGCCGGGGCGGGGCTCGGGACGGCCGGGCTGGGAGCTGGAGCCCACAGCGGGAAGCGGCCGCCGCCCGGGCCTCGCAGGGCTAGGCGAGGCGAGGGGGGGCGGGGCCGGGCGCTACGGGAAGGGGAGGCCGCGCGGACCGGGAGCCGCACCGCGCCAGCCGGGCTGCAGCGGCCGCGCACCAAGGCTGCG,5.576413803096934,2.479337621738104
3628,ENST00000341049.6,ENSG00000105974.11,CAV1,116524785,116561184,117.29272688008216,2704,2404.63,555.557,5.20525,GGGAGAAACGTTCTCACTCGCTCTCTGCTCGCTGCGGGCGCTCCCCGCCCTCTGCTGCCAGAACCTTGGGGATGTGCCTAGACCCGGCGCAGCACACGTCCGGGCCAACCGCGAGCAGAACAAACCTTTGGCGGGCGGCCAGGAGGCTCCCTCCCAGCCACCGCCCCCCTCCAGCGCCTTTTTTTCCCCCCATACAATACAAGATCTTCCTTCCTCAGTTCCCTTAAAGCACAGCCCAGGGAAACCTCCTCACAGTTTTCATCCAGCCACGGGCCAGC,22.53354341867963,4.494002291310103
3629,ENST00000397752.7,ENSG00000105976.14,MET,116672390,116798386,39.16962368099481,6635,6120.04,2080.64,7.65956,AGGTGACCCGGAGGCCCTCGCCGCCCGCGGCGCCCCGAGCGCTTTGTGAGCAGATGCGGAGCCGAGTGGAGGGCGCGAGCCAGATGCGGGGCGACAGCTGACTTGCTGAGAGGAGGCGGGGAGGCGCGGAGCGCGCGTGTGGTCCTTGCGCCGCTGACTTCTCCACTGGTTCCTGGGCACCGAAAGATAAACCTCTCATA,5.113821640015198,2.3544018431073472
3630,ENST00000361183.7,ENSG00000198898.12,CAPZA2,116811070,116922049,129.8154244546163,5182,4466.2,796.672,4.01886,CCCGGGGTGCGCGTGCGCGGCGGCCTGAGCGGCGGGCCCCTCCCTTAGCGGGGGCGCGCGGCGCTGAGGACCGCACGGAAACGGGGAAGTCAGGTGGCCGCTGCCGCCGCCGCCGCCGCGGTTTGTCGCCAGAAGGAAG,32.30155428519936,5.0135316810325525
3632,ENST00000422922.5,ENSG00000004866.19,ST7,116953214,117230103,3.329741594141647,1887,1848.54,266.224,3.24475,GTCACATGGCAGGAGGCTTCCCCAGAACGGTTCGTCAGTCCAGGGAGCCGTTTCATTTTCTGGCTGATAGAGTTGTACTTGGAAAATACTCAGTTTCCTGCTTACTGCTTCATT,1.0261935724298166,0.03730289434039831
3633,ENST00000249299.6,ENSG00000128534.7,LSM8,118184032,118192824,265.7790819487758,1305,783.384,592.506,17.0404,GTCACCGCTGTGCGGCTTCTGTTTGGTTGGCCAGTTCGTCCCAATTTCCGACTCACAGGGCTGCGGAGCAGCAACTCTCACGATATTTGCTGCGACCCGCAGGCGCTATCCGCTGCCGGGTTCTGGCGCGCCCTTTCAGTTCTGCTTGCTGTCGGCACCGCTGCGTTACCCGGAACCGCCGGGCCGAACAGC,15.596997837420234,3.96319645590556
3635,ENST00000339121.9,ENSG00000071243.15,ING3,120950749,120977216,50.34945207614722,1222,750.122,121.461,3.64809,TTTTTTTTTTTTTGCCGGAGTCGAGCGGGTGCTGCTAGCGGAGGCGCCATATTGGAGGGGACAAAACTCCGGCGACAGCGAGTGACACAAATAAACCCCTGGACCCCCTTGTTCCCTCAGCTCTAAGGGCCGCG,13.80159263509048,3.786762851323493
3637,ENST00000000233.9,ENSG00000004059.10,ARF5,127588345,127602144,215.2390072635905,1103,1320.82,1264.08,21.5622,ACGGGGGCGGGCCCGCGGTGACGTCGGGAGGGCAGCGACGCGCGGAGGCGGCGGCGGAGCCTCCTCCTGCTGCTGCTGCGCCCCATCCCCCCGCGGCCGGCCAGTTCCAGCCCGCACCCCGCGTCGGTGCCCGCGCCCCTCCCCGGGCCCCGCC,9.982237770894923,3.319363268376126
3638,ENST00000354725.7,ENSG00000197157.10,SND1,127652180,128092609,132.11519361394576,3476,4458.12,3133.04,15.8335,GGCGGAGATCGCGTCTCTTTCGCTCCGTGTCCCGCTGCTGCTCCTGTGAGCGCCCGGCGAGTCCGTCCCGTCCACCGTCCGCAGCTGGTAGCCAGCCTGCCCCTCGCCTCGACTCCCTTTCACCAACACCGACACCCACATTGACACCTCCAGTCCGGCCAGCCGCTCCACTCGTTGCCTTTGCATCTCCACAC,8.344029659515948,3.060744286040867
3639,ENST00000257696.4,ENSG00000135245.9,HILPDA,128455840,128506602,104.32383717063118,1349,1587.26,125.948,1.78774,GACGGCGCTTTTGTCTCCGGTGAGTTTTGTGGCGGGAAGCTTCTGCGCTGGTGCTTAGTAACCGACTTTCCTCCGGACTCCTGCACGACCTGCTCCTACAGCCGGCGATCCACTCCCGGCTGTTCCCCCGGAGGGTCCAGAGGCCTTTCAGAAGGAGAAGGCAGCTCTGTTTCTCTGCAGAGGAGTAGGGTCCTTTCAGCC,58.355150732562436,5.866788096293308
3640,ENST00000542996.6,ENSG00000128595.16,CALU,128739292,128771807,50.04665892319458,4225,3889.93,223.759,1.29599,GATTGGTCGGGAGGCCGCCGGCGAGGCGGATGAGGGCGGGGTGCGGACCCGCTTCCGGTTGGGCGGTGCTTGCGCGCGTGAGCTGAGCCGGTGGGTGAGCGGCGGCCACGGCATCCTGTGCTGTGGGGGCTACGAGGAAAGGACCTCCCACCCTCCCCCACTGAGCTGCCTTCCCAGTGATGAAAGAAAAAATGTAAAAGCCTGAAAACCCTTCTTCTTGATTTTTAATTTTTTTTTTTCCCTCTAAGACCTTAACCACTCTGGATAGTATCACGGGGTATCAGTAGAGTGTGCTAAACAGATGTGTACTCTGCAGCTTCTTTGCAGGTTTTTTGTCACATTTTTCAGTCAAGTGTTCCAGCTTTGTGCTTGTTCATTAGAGTCACCTGTGACTACAGAGATTCTGAAAGTTTGAATCAGGGCCTGGGAATCTGTACTTTGAACAGTACTACAGGTGGTATTTATGCCTAGGCAAGTATGGGAAACAACTGTGCAGAAGGATAAAGACGTTCTTATCTATGACTAGACCATCTGAATGATTTGGCCTTTGAAGGTGACTCAAGGTTGAGCCTGGATGTTGGAGACTTGGTGCTATAGACCAAGGAAGCTGCCAAGTATTTCGCTGGTTCCTAATCTCATGAACATCAGAATCACCTGAAAAACATTTAAAGCTACGAATGTCTGAATTCAGCTTCAGAGACTCTAAATCAATAGGAGAAACTTAAAGCTTCCTAGATGATTCTAATAACCAGCCATGTTTGAAGACCAGACCACCAATGCGTACAAGAAGTAAAGGATTTGGAGTCAACATTTAAACCTTGGTTCTTTCACTTTTAATTCTTATGAACTTGGGCAAAAGGATTAAAATTCTACTTTGGTATCTTTTGAAAGAAAACAGAAAGTGGACATTTTAACTATAAGTTTCTTATCAGCCTACAATCAG,38.61654713631631,5.271147267668632
3641,ENST00000249289.4,ENSG00000128524.4,ATP6V1F,128862826,128865844,328.41010249589294,704,686.859,2255.78,73.9931,GCCGACGGGGCGCCGTACGGCGGAGGCGGGGTTTCAGTGGCTTCTGGTGCTCTAGGGTGAGCTCTGCCCGGCTGCAGGG,4.438388207763872,2.1500358597209845
3643,ENST00000486685.2,ENSG00000158457.5,TSPAN33,129144892,129169697,11.013545543866018,1863,2241.23,259.837,2.61202,CTCGGCTCATGCCCCCGGGCGCGGGGCACACAGGCCGGCCGGCAGCCGCTGGGAAATAGGCCCCCGGGGGCGGTGGCGGCGGCGGGGCC,4.216485916595592,2.076041135729195
3644,ENST00000249373.7,ENSG00000128602.9,SMO,129188872,129213545,7.060037383458713,3738,5553.7,738.862,2.99739,GGGCTGAAGACAACTTGGATTGCGAGGCTAGGGCTTGGGGAGTCGTGCATCCCGTTCCGGGCCTCCGCAGCCCAACATGGGCCCCGGGTTCCAAAGTTTGCGAAGTTGGGCGCCGAGGGGCCGGGGCGCGCGGAGCGTCCGGGGGGGCCCGGGCCCGGATTCTCTGGGCGCACAGGTCGCCTGAGCCGCCTCCGCGGCCGCCGAGGTCGTGCGTGTGGCCGGGGGGCTCCGAGGAGCAGGCGGGGGCGCCGGGGCTTTTGCTGAGTTGGCGGGGTTGGCC,2.355394988125907,1.2359690129707481
3645,ENST00000249344.6,ENSG00000128578.9,STRIP2,129434433,129488399,2.9416915226831266,5115,5226.88,286.041,1.23296,AAAGCGAGCTGAACCCTGAGGGGAGCCGCTGACCAGCAGC,2.3858775002296317,1.2545199716382862
3646,ENST00000335420.9,ENSG00000128607.13,KLHDC10,130070510,130135720,23.759485120488563,6437,6338.05,1119.4,3.97918,TGGTCTCTGGTGGGACCGGGCGCTGCCCCCTTCCCCTGTCTCCTGGGTCTCTGGAGGAGCCCAGGAAGGAGGCTCCGCTGGTTCCGCTGGGTCAGGCGCTGACGGGACCGGGCTGCGGCAATCGTTAGCGGGTC,5.9709500752638895,2.577960505998966
3647,ENST00000352689.10,ENSG00000128585.17,MKLN1,131110096,131496636,38.54329946974066,11156,8917.41,1331.92,3.36512,GCTGCCAGCGGTCGGTGGCGGCCGCTACGGTGCTGACAAG,11.453766721466295,3.5177502204342876
3648,ENST00000253861.4,ENSG00000131558.14,EXOC4,133253073,134066589,32.74500026537243,4185,4133.68,1348.22,7.34831,GGAGCCTAGCGGCTCTCCCCGCGTCCAAG,4.456126682920622,2.1557902475395734
3649,ENST00000344924.7,ENSG00000172331.11,BPGM,134646808,134679813,51.82513186131168,1753,1502.14,499.41,7.49046,CGTCTGGTTCAGGGGCTAGAAAAGAGCGTCGATGCCGGCGGCAGTGATGAGTCCTAGGAGGCGCTGGCTCTTTGGCGGCTCGGAGGAGCGGCTGCTGCTGCTGCTGCTGCTGCTGGTGGCCCCTTTGCAGATGTATTGCTGTCCTTGAATATTAGCCCATTTGAAAACGCCTGGGAAGTTCAGCCATCAGT,6.918818318409241,2.7905256575518007
3652,ENST00000361901.6,ENSG00000122786.19,CALD1,134744252,134970728,31.98053997479635,4114,3483.5,879.444,5.68794,CTGTGCTCCTGCTTAAAGAAATCAGTCCTTCCTTTCCGACTTAGTCCTCGGGAAGAAGTTTCAGACTACAAGGTATCATTGGAACATTTCAAGATCATCAAATCAAATTCCACAGGGATTGGTGACCAACCAGAAGGCTCAGACATCTGATTGCTGACCTGTCCAGACATCATCTGGTCTCCCTGAACCTGAAATCACACC,5.622517110728374,2.4912161464922713
3653,ENST00000285968.10,ENSG00000155561.14,NUP205,135557919,135648757,81.91148984529401,6266,6023.61,4878.58,18.2473,AAGGGCTCTGTTAGTGCGCCTCTAAG,4.48896493428036,2.1663828266305085
3654,ENST00000507606.2,ENSG00000243317.7,C7orf73,135662496,135693418,70.62671616986471,2450,1812.57,817.391,10.1601,GACCGGCCCGCGGAGCTGCTGCAGTCCTTCGCGCCCTCCTCGCCCTCCCCACCGACATC,6.9513800228211045,2.7972994173239645
3655,ENST00000343526.8,ENSG00000122779.17,TRIM24,138460334,138589993,27.343793941546515,8410,7942.64,823.81,2.33681,GACAGATACCCTCCTTCCGGCCGCGCCACTCGGGAGGCGGATCCCGTGGGCCTGAGGAGGCTTCCCCCGCCCGGTTTGCTTTCCCTCCCTCGCTGGCGCTGCCGCGAGTCCACCGAGCGGCCTCTGAGGAGCAGCCGCAGGAGGAGGAGGAGGTCGTCGGGGGCGGCGGGCGGAGACCGCGCTCTCGCTTCCCCGGCGGCGGCAAGGGCAGGACA,11.701333844662816,3.5486010880634056
3657,ENST00000464848.5,ENSG00000105948.13,TTC26,139133744,139191986,17.693996479175222,4299,3554.91,279.015,1.76832,AGAACGTGCTGTGTGGATGCGGCGAAACGCTGAGGCGCGGCCTTCGCTGTGTGGTGGGGACTCACAAGACCGACGTCAAG,10.00610550080032,3.322808663671714
3658,ENST00000297534.6,ENSG00000164898.12,C7orf55,139339457,139423457,256.85375705911906,1210,1114.07,111.732,2.25958,CAAACCCTTGTTCTGGGTTAGAGGTCCTGGTACCTTCAGTTAACAGTCGGGTTTCGTTTGATTTTGTTACGGCGCCCCTGGGCCTTCGATTAATAAGGTTCGGTCAACGGACAAGTGAGCGGTTCCACTGCTCGTCAGTCGATAGGGGGAGTCGGTAGTCTGTCCGACCGTACCATTAGGCGCCTGGGCCGGAGGAGGGGTTTTCAGGGTCGTAGGACGCCGTTGGGCACCACGCTCGGAGAAGGACAGGACA,113.67323000695663,6.8287487299903065
3659,ENST00000354926.8,ENSG00000146963.17,LUC7L2,139339457,139423457,245.444779274247,2645,2440.34,1229.82,11.3541,GACGGTGGCGGCGAGCGGCGTCAGAGCTTGAGGGGGGGTTGACGGCTTCTGGCGGGTGGCGGTGTTGAAGGCGAGAGCTTGCTTGGCCCGTGTCGCTTCTGTCCCAAGAACCGGACGGAGAGTGAGGGCACGAGGGTCGCTGTCGGGGGCTGTCGTCTTCCACGTACACGTCGTCGTGAGGAGCGCAGTCCGGACTCTTCCCGCAACCCCTCCGGCTCCCTTTCCGCACGCCTCGAGGCGGCGGCGGCCACCGAGACAGCAGCGCACCTTCCCCCATCCCTTCCCCTTATCCCCCAGCCCAAAAGGGCCCGGTCTGCGCCCCACCCCCGCCCGTCCGCCCGCTACGCCGCCGCC,21.617281799019473,4.434113221955517
3660,ENST00000072869.8,ENSG00000133597.9,ADCK2,140673153,140722790,27.991632772858267,2377,2947.2,517.883,3.95899,GGCGCGGGCCTCCGGCCTGAGGCCCGGCGAGGTGCTGGAGGGAGCGGGGCGCGGATCCGGCCCAGATGGGCAGCTCCGTCCGCGGGGTCAGGGCCGGGCTTCGGCTTCACCGCAGCCTCGCCTGAGCGGGCGCCTCTGAAGTGGAGGGCGGGCCGCCTGGGCCGCGGGCCTCGGGAGG,7.070397442998913,2.8217913144586513
3661,ENST00000565468.5,ENSG00000261115.5,TMEM178B,141074232,141480380,7.124753174471936,10558,12116.4,672.926,1.25128,CGCCGCTTTGTTCCGGGTGCGGCGAGGGAAGGCGAGGCTGCGGCGGATCATGCCCATGGTGTAGCCGCCAAGCGGAGGC,5.693971912339314,2.5094353764611537
3662,ENST00000355413.8,ENSG00000006530.15,AGK,141551189,141655244,53.664129249371214,3849,3914.86,731.989,4.2126,ATGAAAGGAAGAGTGAGCCAATAAACGAGGGAACGCCGGGAAAGGCAGCCTCAAGCCGGTGGGCCCTGCCACCCCCACCGTCCCTGAGCATCCGAGCCGGTTCCCGCCCCCGGCCCGAACTGGCCCGCGCGCGCTCGCAGCCCCGCGGCGGAACCCGAGGGCGGCGGCAGCGGTTTCCCTTGAACGAGCCGGGGAATCTGGAGGGAGCACACAGGAAAGGCAGAGCCGCGAGCTGGACCAGCCGTGCAAATCTCTAGAAG,12.738956760521106,3.671175229777567
3663,ENST00000265304.10,ENSG00000106028.10,SSBP1,141738321,141788640,692.3475367896137,687,412.653,1448.14,79.0654,CTGTTTCCTTTTTCCTCTGGCGAGCTTTGCGTTCCCTGTGCGCCGGAAGTGATCCCCTGCGTGGCTGGGCTGCTCGGGTTAGATCGTCAGGAAAAGCCTAAAGATTAGACTGTAAGAAAAGAAAATAGAAGCC,8.756643699894186,3.130378010767304
3664,ENST00000358406.9,ENSG00000197448.13,GSTK1,143244093,143270854,63.40330106992116,1044,965.229,415.879,9.7073,AAGCTGGGCAGCCTCTGCCGGGTTCCGGGAAAAGGAGCTCCTGCTGCCACTGCTCTTCCGGAGCCTGCAGC,6.531507326436925,2.7074159720826088
3666,ENST00000310447.9,ENSG00000106144.19,CASP2,143288215,143307696,50.45320982139898,4225,4662.3,825.717,3.99019,CTTTTGTCTGTCCGCCGAGCACCCCACTTCACCCCATTGGACCGCGCGGCCGCCGCTAGAGCTCTGCGCCTGCGCACGCACCGGGCCGGGGACTGGGTGGCCTGGTGTGTGGGCGCGGCAGGGCGCAGGCGCAGGCGCAGTGTGCGTCCGCGTCTGAGGGGAGGGATGTGGGGGAAGCGACGGCCCCCGGTTTGTTTGGGCTGTGGGCGGTGCGCAGCGGAGAGCCCGGGAAAAGCGGGAA,12.64431263207992,3.66041670648374
3667,ENST00000322764.9,ENSG00000159840.15,ZYX,143381080,143391111,45.59543529111493,2493,3907.08,713.755,4.11585,CTGAGCCGGGCTGGGGCGGCGGGGGCGGCAGTGAGTGGGGTGGGGGCGAGCGGACCTCGGCGGAGCCTCCGGCCTGAGGCAGGATCAGGGCCCCTTCCTGGGGGAGTTTCCTGCCTGGTCCGCCCTTCCCCGCTCTCCCCGCCCCCTCTCCGGGCCGCTCCTTGTATGGTCTGGGCGCCGCTCTCTCCCCGCCCCCTCTCTTCTCCCTCCCTCCTCCTTCCGTGTGTCCCTCCCCGCCCGGCTGGAGGCTGCTCCGGACCGGGACGCAGAGTCTGCGGACCCGGCGCCGAGGCGGCCACCCGAGACGCGGCGCGCACGCTCCGGCCTGCGCAGCCCGGCCCGGCC,11.078011903037023,3.469627088640542
3668,ENST00000463592.3,ENSG00000174469.18,CNTNAP2,146116002,148420998,38.68997279435407,6076,5656.01,777.077,3.09539,AGTGGTGCGGGGTTTGATCCCGAGAGCGGTGGACTCAAAGCTGCCCGCCGGGACTCGGGCTGCCGGCCGACAAAGGACGGTCCTCGGGGGTTCTGAAGTCTGACCCGGCCAGTGGGAAAGCCACCTGCATCACAAAGCGAGGGGCACACCTGAACCGGGGCTGGCGGGAAGAGAAACAGGGAAAATTGACCAAGAGATTCACAAATACAACACCCCAGGATTCACTGGTTGCCTCTCCAGAGTCCAGTTCAACCAGATCGCCCCTCTCAAGGCCGCCTTGAGGCAGACAAACGCCTCGGCTCACGTCCACATCCAGGGCGAGCTGGTGGAGTCCAACTGCGGGGCCTCGCCGCTGACCCTCTCCCCC,12.499223940877908,3.6437666176624153
3669,ENST00000610704.4,ENSG00000170265.11,ZNF282,149195485,149226248,33.97278055988302,3722,5424.86,1089.48,4.52472,CCTACGGGCTGTAGATGGAGCTGTCCGGCCCCGGAGAGGGGGAAGGCGCCTGGAAAACGTTCTTCTTCTCCCTGGCCGACCCGAGCGGGGAACAGCACTCCCAGG,7.5082614084148895,2.9084788800647097
3670,ENST00000335870.6,ENSG00000170260.8,ZNF212,149239651,149255609,7.07099936257209,2810,3620.45,251.569,1.56552,AGAATGCACCTGGCATCAACACGGCGGCGGCGGCGGCGGCTTCCAACAGGCTCTGGGGCGCCGAGCGGACAGGAACGCAGCACGGGGGCTCCGAGGCGGGGTCTGGGTGTTGAGGGGCGACTGGAGCC,4.516709695546585,2.1752721897872673
3671,ENST00000359623.8,ENSG00000127399.14,LRRC61,150322639,150338150,38.01905368579552,1877,2639.48,333.056,2.84289,CCCTGGCGCATCCCGGAATCCAGAGCGCCCACTACGGCCTTTGGCCAGGCCCCCTGGGCGCGTTCCGGGAGCTCAGGCCTGCGGCGCTGGGAGAAGCACGCTGGCCAACAAGTTGGGTGGTGGGCACGCGGCCCAGGGGTCAGGGGCCGCCAGGCGGCGGGCGGCGGGGCTGCGGCTCTTACCTGCCGAGGAGGCGCCGGCTCTGCGGTGCGGAGTTGCGCCGGACTTCCCAGCTTGGCCAGTGGCTCCGCAGGCTGCCGGCTCCACCCCTCAGATTCATTTGGATTCAAGGTTGGCTCTCAACAGTGCCAGCTGCACTGTCATCCTAAAGTACTTCTGTGGAAGAGAACATGGTGGTGTCACTGTTGTACCAGTGATGACACAAAATCCCAGATCTACCTGACGGGCCTGCGAGGGTTGAAGATTGTGAAGCAATAGCCTAAGGGACTGGCTGGCTTCGAGCAGGGCATCGGAACCAGGCCTCCTGGCACTGGCCTGGGTAGAGCCAGGGCGAGCACCAGCTGACCCCCAGTGGAACCCTGTGACAGTCCTGCCAGGGCCCAGGCCATCCCAACCGACTTCCATCTC,13.373381905664841,3.7412924400166885
3673,ENST00000035307.6,ENSG00000033100.15,CHPF2,151232489,151238827,36.23390123441145,3978,5889.55,689.33,2.63698,AGGGGCTGTGAGGTGGCAGCGGCTGCAGCGGCGGAGCCGGCGCCTCAGCGGGCACTGGGGTCTGTTCCCCCTTCCCCGTCCCTGCTCCCTGCCAGGCGCGTGCGGGACGCCGCTCTTGGTCCCCACGCCTCCGCCCCGCCCCCTCCCGGGACGCCGGGAGACCCCGGCCGTCCTTTATCCGGTGTCCGCCGGCCCCCGGCCCTGAAACCCGGGCCTCCTCCCCGAGGGCCTTGGGCGTCCCTCCTGGTCCTGCGCTCGCGGCCTCGATGCTGTCTCTGGCGCGGCCTCCGCTCCCGCCGACTGGCCTGAGAACGAGGTCTGTGCCCCAGTCTCCCAGCCGCGACCTCCGACCCCGCCTCGCAGAACGACCCGAGCTGGTCTCCCGAGCCCCCTTCTCAGCAGCCCGGTGACGTGGCCAGTTTATTTCTGTTTTGAGACGAACGGCGAAGACTCGCGTCGGGTCTTCGTTCTAGGGCTAGACTTGGTCTCTGATCGCCGAGAGGTAGCGCAGGGGCTGTGGGCCCCCGGCAGGGGTCCTGTCGGAAGCTGGCCGCGCTTCTGTTTGCGTTCCCAGGACCCTGGCATTGTCTCTAGTTGCTGCTTGTGCTCTCTCTTTGCTTTTGGTTTGCTTCATTTGGCCCCTGGGGCCCTGGTAAAACCAGGCACCGAATCGCTCGCACACAGAGTTCCAGTCCCCGCCTGCTGTCTCCTCAGCAGCTGGGGTTCCGAGGAGAATGCCCTGCAAGATGGCTCCATCGGCCATGGCGCTCCTGAGAGGCTGTCAGTGCTGAGTCACCGATCTACCTCATTCGGGTGGGCAGAACTTATGTGTGCCATGCGAGTGGCTCCAGACCGCTCCTGAGTGGGAGGAGGGGTTCCTGTAGCCGTTGCGTCTTCTCAAACACGGGGAGCAGAGTAGAAAGAGGCTCTGGCCCCTTCCCTTGTGCCCACCGGGCCTGCCGCAGTGGCTCAGCAGCCCCTTCAGTAGCCCGCCTGAGGACCGATGCCAGAGGCAGGCATTCTTCCGGAAAGGCCCACTGAGGCAGGCTCCGGCTCCTCTGGTTGGGGCTGTTGTTTTGATGGATCGTGTGCTTTTCCCTTACCTCTTATCACTTGCTGTCATCTGTTGACTTAGGCCCAGTCTGCAGATGTGTGTAGTGTTCCTTTTTGGGTTAGCTTTGGCAGTATTGAGTTTTACTTCCTCCTCTTTTTAGTGGAAGACAGACCATAATCCCAGTGTGAGTGAAATTGATTGTTTCATTTATTACCGTTTTGGCTGGGGGTTAGTTCCGACACCTTCACAGTTGAAGAGCAGGCAGAAGGAGTTGTGAAGACAGGACAATCTTCTTGGGGATGCTGGTCCTGGAAGCCAGCGGGCCTCGCTCTGTCTTTGGCCTCATTGACCCCAGGTTCTCTGGTTAAAACTGAAAGCCTACTACTGGCCTGGTGCCCATCAATCCATTGATCCTTGAGGCTGTGCCCCTGGGGCACCCACCTGGCAGGGCCTACCACC,13.74068109519657,3.7803816120207476
3677,ENST00000413040.6,ENSG00000013374.15,NUB1,151341699,151378449,78.71287118061908,3180,3179.5,708.612,5.02125,ACCCTCTTTCCAAGCGGCGGCGGCGGCGGCGGCGCGAAGGCGACAGCGGCGGCGGGGGCGGGGCTGGCCTCACCCGGA,15.675951442493218,3.970481104084373
3678,ENST00000430044.6,ENSG00000178234.12,GALNT11,152025674,152122347,8.469200169119429,2727,2944.5,578.434,4.42593,GACTGGGCGAGGGCCCTGGGCCTGAGGAGGCGCGGCCGCCACTGCGCCCAGCGCCTGCGCGACGCCTGGCTGCTGGGCCCCGGGGCAGTTCAGCCCGCGCCGCTCCTGCGGGTCGGACTGGGGCTGTGGCGGGAGAGAAGATGCCGCAGCCCGAGTCCCAGAAGGCGGCGATCCTGGGCTGCGGGCAAGGCGGAAATTGACAATGGCCCTTCAGCTATGCTAGGTCTATA,1.9135413730265567,0.9362450941158759
3679,ENST00000256001.12,ENSG00000133627.17,ACTR3B,152759749,152855378,5.82826740090873,2216,2084.45,140.192,1.51529,AGCATCCGGGCTCCCGGCAGCGGCGCTGCGGCGGCTCGCGGGAGACGCTGCGCGCGGGGCTAGCGGGCGGCGGAGCGGACGGCGACGGGGCGCTCTCGGGCTGCCGGCGGGGCCGAGCGCCGCGCGTCCCGAGC,3.8463049323289464,1.9434731430521917
3680,ENST00000340368.8,ENSG00000186480.12,INSIG1,155297776,155310235,126.38833533513768,3010,2916.6,1314.04,10.1506,CACGCCCCTGGGCGGTGCGCGCGGGCGGTGGGTAGGCCGGGCAGGCTCACGTGATGCGGGCCCCGCGGCCCGCCATATAAACCCGCGCGCCCGCCAGGCGCTGCGGCCGTCCCGGGCCGTGACTCCTCCTTTCCCCCGCCCCGCCTCCGTTCGGAGAGCCGGCGGGCGGGCGCCTCTCGGCCAGGAAGCGCCTCTTGGACGCGTGTGACCG,12.451316703952246,3.638226407607944
3681,ENST00000297375.4,ENSG00000164778.4,EN2,155458129,155464831,12.593964209923914,3395,4086.67,369.0,2.03432,TCTCTCATCGTCTGGGCGAGCGGGGCGGCTCGTGGTGTTTCTAACCCAGTTCGTGGATTCAAAGGTGGCTCCGCGCCGAGCGCGGCCGGCGACTTGTAGGACCTCAGCCCTGGCCGCGGCCGCCGCGCACGCCCTCGGAAGACTCGGCGGGGTGGGGGCGCGGGGGTCTCCGTGTGCGCCGCGGGAGGGCCGAAGGCTGATTTGGAAGGGCGTCCCCGGAGAACCAGTGTGGGATTTACTGTGAACAGC,6.190748854616734,2.6301139334293104
3682,ENST00000401878.7,ENSG00000184863.10,RBM33,155644451,155781485,8.954976538544658,10149,12154.5,1287.11,2.38583,ATGTTGCGGTAGTTTGTTGTTTTCTTCCTGCGGAGGCGAAGGGCCAGCTGTGGACCGCGAAGCGCCCGGCTTCGCCTCTGCCTCCTGCAGCCCCCTCCCTTCTCTGTCCTCCGTCACCCGTACCCGGGCCCGGACCAGGCACGTCGGCCCACCAGCTGGCTTGGTGGGGGAGGCTGAAGGCCGGGCCCCGCGAGTGCC,3.753400929045514,1.908198403588065
3683,ENST00000275820.3,ENSG00000146909.7,NOM1,156949723,156973182,17.40769935813895,6077,6514.68,757.167,2.61855,CACGCGTTTCGAAAG,6.647839208011667,2.732885487913079
3685,ENST00000348165.9,ENSG00000009335.17,UBE3C,157138913,157269372,32.19346672256381,5229,5653.74,2518.61,10.0366,TCTGCAGGGCCGCGCACGCACTGACGGCTGACCGCCATCTTCCCTCCCGAGGCGGCAGTTCCAGGTGCAAGCGCCGGGTTTGCTGCCCGCTGGGCGCCCCTGCAGCGGCCCGAGCTGTGGCCGGCGTGGATGAGGGGCAGGCGAGGCAGGGCCGCCCCTCCAGTATTGCCGCCCCTCCCGCCCCAGGGCAGGGCTGGGAGGGTACAGCCCGGGGGCGGGCTCGGGTCGCCTCCCGGCCGCCGCGTCCTCGCTGCCCCGGGCCGGGCGGGCGGGCGCCGAGAGCCTCCCAGCCCGCCCCGTGCCCCGCCCGCCCGGCTGCTTCCGCGGCGGCGCTGCCCGCACATGGGCTAGGCTGCCAGG,3.2076068312539916,1.6814973159318576
3687,ENST00000262177.8,ENSG00000105993.14,DNAJB6,157335381,157417439,15.514756778703186,2527,2552.76,501.944,4.43004,AGTTGACGCCGCCGTGCCGCCGCCGCGTGACGCATTTCCTGTTTGTTGTTGGAGAAAGGAGAGAAAGGAAAGCGCGAGGAGCCGCCGCCACCACCAGCGCAGCAGTCCTGGAGCTGTGAGGAGATTCGGGCCGTCACCCTGCCTCCCCTGCGTCCCGCCACCGGCCGCTTCTGTCCTCGGACCCATTCCAACAATCTCGTAAAAC,3.502170810806039,1.8082494498175048
3688,ENST00000407559.7,ENSG00000126870.15,WDR60,158856578,158956747,4.872943581655996,3769,3996.35,437.606,2.46707,CTGGGCAGTGCTTCTGGGCCCTCTGCTGCTCCTGCTTGTCGGTTGCTAGGCGCTGGGACGCGCCTCCCGAAGGGTGCGGGGCACAGGTGGCCTCTTCGGGGTGGACCGCGCCTGGCCGGGGCCGAGGACACCGCGGCCGCCCGGGCCTGCGGGAAGCG,1.9751946972141023,0.9819948684092565
3689,ENST00000402802.7,ENSG00000197461.13,PDGFA,497258,520296,5.195821160413499,2305,2782.67,150.651,1.21976,TTCTTGGGGCTGATGTCCGCAAATATGCAGAATTACCGGCCGGGTCGCTCCTGAAGCCAGCGCGGGGAGCGAGCGCGGCGGCGGCCAGCACCGGGAACGCACCGAGGAAGAAGCCCAGCCCCCGCCCTCCGCCCCTTCCGTCCCCACCCCCTACCCGGCGGCCCAGGAGGCTCCCCGCGCTGCGGGCGCGCACTCCCTGTTTCTCCTCCTCCTGGCTGGCGCTGCCTGCCTCTCCGCACTCACTGCTCGCGCCGGGCGCGCTCCGCCAGCTCCGTGCTCCCCGCGCCACCCTCCTCCGGGCCGCGCTCCCTAAGGGATGGTACTGAATTTCGCCGCCACAGGAGACCGGCTGGAGCGCCCGCCCCGCGGCCTCGCCTCTCCTCCGAGCAGCCAGCGCCTCGGGACGCG,4.2597077789183935,2.0907544632291426
3691,ENST00000403562.5,ENSG00000188191.14,PRKAR1B,549197,727650,36.41583346472347,1917,2579.57,133.593,1.16681,GTGAGGGCCAAGCAGGAACAGGGGTCACGGGGCAAGGAGCACGTGGCAGCGCAGGAAACAGGAAGGAAGCAGCCACCCTCGCC,31.20973720204958,4.963924304150379
3692,ENST00000344111.3,ENSG00000240230.5,COX19,897901,975599,36.04031304028975,3666,4668.96,251.3,1.21265,GTGCTCGGCGCTCCCGGGGTGCCTGCTCGGCGCTCCGCCGGCCGCCCTGCGTACGCTCGCAAGGCGCTCGCAGACTCCGGAGTCGCCAAC,29.720292780513546,4.893376423109578
3693,ENST00000357429.10,ENSG00000146540.14,C7orf50,996986,1138260,82.06061945956024,1294,1713.94,668.905,8.79287,GCCGGAAGGCGGCGTCCGCGACGCAGCTGTTCACGCTTAGGTGGGCGACGTGGGCGCAGGTGGGCGCAGG,9.33263194606087,3.2222840006975946
3694,ENST00000404767.7,ENSG00000164880.15,INTS1,1470277,1504367,17.1985444328089,6959,10769.8,1871.17,3.91442,GTGGCCGGGTGGCGGCGGCGGCGCTCCGGTCGCGATGGGCCAGAGGTGACGCCGCAGCCGCCGGGAGCCGCGAGGGACGGGGCAGG,4.393637993063826,2.1354160060546294
3695,ENST00000288607.2,ENSG00000157778.8,PSMG3,1567330,1571005,36.82207045072245,1391,1798.51,233.984,2.93112,CGCGGGCTTCCCCGGGCGGCTGCGTCCCCAGTAGCCCGGCCGGCCTCGGCACCGCGTGTCGTGGGGGTCCCGGGCCGCGGCTGCAGGGCCGGGGCGGCGGCGAGGCCGAGGGGCGGGAAGCCACTGCCCGGCCTGGCAGTGTGAACGTGCAAGTCGATCCCCTAACCCAGAAAGCCCCAGGCGCGGTCTCTATGGGCGGCCCCGCTCCTGCTTCTGTTTTATTTTTTTACGGACAGGGTCTCGCTCTACCGCCCGGGTTGTAATGCAATGGTGTGATCACGGCTCACCGCAGCCTCGACCTCCCGGGCTGAAGCGATCTTCCCGCCTCAGCCTCCTGAGTAACTGGGACCACAGGCGCGCCCTGCTGGTTTTTTTTTTTTTTTTTTTTGGTAGAGATGGGGGTCTCGCTATGTTGGCCAGGCTGGTCTCGAATTCCTGGCCTCAACGATCGTCCTGTCTCGGCCTCCCAAAGTGCCGGGATGACAGGCATGAGCCACCGCGCCTGGCCCCTTCTTTTGAATGGGCCTCCTTGCGTTTCCGTTTCAATGCCCCGTGCTACTTTTTTGGGAGCCCCAAGGCTGTACTGTTTGATTGACTCCTTTTTTTCCCCTTTCTTTTTAACCTAAATTAAAGCTGCCACTGCAGAGCCCCGCC,12.56245750795684,3.651046811325108
3696,ENST00000242257.12,ENSG00000122687.17,MRM2,2234231,2242198,37.16087524890303,1601,1788.91,322.029,4.05572,GCGGCGCGCTGCAGGCGCGGGGAACACCA,9.162584016870749,3.1957545221869195
3697,ENST00000340611.8,ENSG00000106009.15,BRAT1,2537877,2555727,32.884546533255524,2915,4247.54,466.819,2.47612,TGGCGGGGGTGATCTGTCGGAGCGACCGGCTTGGCGCCTGCCTGTCCCCAGCCCCTCTCAGCTTGAACTCCTTCCTTCAAGTCTGGGCCCTCGAGGCTTCCAGAGCGGCCTCCAGGGGTGCAGTCTCAGTTCCCCACGCCAGCCGTCTCCGTCCTCCGCCTCCTCCGGGCCTGGCAGGTGGCACTGTCCGGAGGCGGAGCCTTGGGCGAGGGGTGGTTGCGGCGGAGGACGCAACCGAGCGGGCCTGCGGCCTCACC,13.280675626890266,3.731256637563927
3698,ENST00000275364.7,ENSG00000146535.13,GNA12,2728112,2844324,6.12227285117299,4378,5423.19,245.025,1.01793,GGCGACGAGTGCGGGCCTCGGAGCGACTGCAGCGGCGGCGGCGGACGCGGCCTGAGGCGAGCGGCGGGGCGTGGGGCGGTGCCTCGGCCCGGGCTCGCCCTCGCCGGCGGGAGCGTCCATGGCCCCCGGGCGCCGGCGGGGCGCGGCCGCGGCCTGAGGGGCC,6.014434048680155,2.5884289878457496
3699,ENST00000430969.5,ENSG00000182095.14,TNRC18,5306790,5425414,7.647932597962864,10562,17036.0,1164.89,1.54056,GGCCGCGGGATGGCGGGCAGCAGGGGCGCCTAGCTGCGCCGGGAGCCGGGGCCGCCGCCGGAGTCGTTGTCGCCGGAGCCTGGAGCCGTGAACCCAGCCGCGCCAGACGCCGTGTGCGCCGCCTCGCGCAGCTCCGCCTGGCCGCCCGGAGGGGCCCCACCGCCGGCCGCCTGTGCGCCCCGGGCCGCGGGCCCGCCGCCGAGCGCAAGCCCCGCTGGCCGCCGCCATGCACGCCGCGGAGCCCCCGCCGCCCGAGGACTCTGGGACTACGCCGAGGCCGAACTTTTAGGTCCCACTGAGCTAGGCCTGCGGGCCGGGTGGGGGGCTGATCGCGGCACTCCCGCGGAGG,4.964384767852511,2.311614936814031
3700,ENST00000331789.9,ENSG00000075624.13,ACTB,5527151,5563784,1021.766994797538,1917,2349.1,18017.2,172.801,GAGTGAGCGGCGCGGGGCCAATCAGCGTGCGCCGTTCCGAAAGTTGCCTTTTATGGCTCGAGCGGCCGCGGCGGCGCCCTATAAAACCCAGCGGCGCGACGCGCCACCACCGCCGAGACCGCGTCCGCCCCGCGAGCACAGAGCCTCGCCTTTGCCGATCCGCCGCCCGTCCACACCCGCCGCCAGCTCACC,5.912969223543487,2.563882768028187
3701,ENST00000425013.6,ENSG00000011275.18,RNF216,5620047,5781739,7.878975930172801,5639,7422.59,455.452,1.38245,AGGGGGCGCTGTGCGCAGGCGCGAGGTGACGCCGCGGCAGGGCCGGAAGGAGTGCAGCGGCTGCCACGGAGCTCGCAGCTGCGGCTTCTGAGGAGTAAGCGGCGCGGTAGCGAAGGCCGCCGAACCTGCCTGGCTAGCCGGCGACTTGAGTGACGATTCTTTTGAAACAGATGGTCACCATGTTTAGATATTAGCAGTCCCATATATGCATGTCTGCATTTGAAA,5.699284552911715,2.5107808251108374
3703,ENST00000265849.11,ENSG00000122512.14,PMS2,5973239,6009125,6.615917583244038,2855,2756.77,348.184,2.84558,GGAGCACAACGTCGAAAGCAGCCAATGGGAGTTCAGGAGGCGGAGCGCCTGTGGGAGCCCTGGAGGGAACTTTCCCAGTCCCCGAGGCGGATCGGGTGTTGCATCC,2.324980349610286,1.2172185228272951
3704,ENST00000199389.10,ENSG00000086232.12,EIF2AK1,6022244,6059230,66.98091103615761,4469,4586.78,3988.2,19.5898,CCCCCAGTGAAGGTGCGCGCGTGGCGGAGGCTGGTTTTCCGTCTGGTGAGGGGTTACTTCCGGGTCGGACGGCGCTAGCTGCAGCATCGGAGTGTGGCAGTGCTGGGCTGGCCGGCGGGCTGGGCTGCGGCCCGCGCGCGGCCGGCG,3.419172785641385,1.773647330255757
3705,ENST00000350796.7,ENSG00000008256.15,CYTH3,6161776,6272644,7.26842375142337,4505,5923.63,329.476,1.25314,GGAGGAGGCCCGGCCGCGACCCGGGCCGCGCGCTGAGGAGCCGCCCGGTCGCCTGCGCGCTCCCTCCGGCGGCGTCCCCAGCCCGCGGCCCCTCTGCTGCCGGCCCCCGGCTCGCCGGCTGCGGGAGTGGCCTCAAG,5.800168976669303,2.5360949309732685
3706,ENST00000297056.10,ENSG00000164535.14,DAGLB,6409126,6484242,19.45090948530612,2897,3659.93,234.579,1.44403,AGTGCGCTTGCGCCGATCTCGGCCTCAGCGTGAGCATGCGCAGGTCCCCGCCCTCGCTGCGTTTGCGCTTGAGCGCCGATAATTTGGTGGCGGCGTCCGGAGGGTGCTGGTTTGTTCTCGGTGAACGGCGCGCGGGGTCTCTCCTGAGTGCGAGCTACGGGACCTTCGCC,13.469879078208985,3.751664994384588
3707,ENST00000258739.8,ENSG00000136240.9,KDELR2,6409126,6484242,188.2895773025972,2884,2656.37,2012.66,17.0704,GGCGGGGCCTGGCCCCGCTCTCCCAGGGTGCCCCGCGCGCGCGCGCGCCGGCAGTTCGGCCACGTCCCTGGCCACGTCGCGGGCGATCTCGCCATCTTCGCCGCTTCCTCTCAGGGGCCGCCGCCTCCTGAGCCGCCCAGCCCCGGGGCCGCCGCGCTGCGCCGACCGCCACCGCCGCCGCCGCC,11.030179568293491,3.46338437268681
3708,ENST00000405858.5,ENSG00000164631.18,ZNF12,6688433,6706923,9.597854514931448,5051,4420.57,396.044,2.01849,CCAGGTCACCGCTCGCCCTAGTTCCCAGGCTTTGGCCTCCGGTGGGCGAGAATCGCGGAGCCTGCGGGGCTGGGCGCCGAAGAGCCGGGCCGGCACCCAAGCGGGCGCGGGGCTGTGCGGGCCAGGCGGAGGCTCAAGCGGGGATCCCCGAGCACGACCCCCGGAGCCGACGGCGCTGGGGCCCAAGGGGCCGGCCGGGCGGTGACGACGGCGGAGGCGAAGGGGCGGCGGGACCCGGGCCCGGCCCGTGTGCGTCCTCGACGGCCCGGCCCCGGCTCCGCAGGACGGTGAGCCCCAGGGAGACGGATCTGGGCTCCGGGAGGGACGCCCCGCCTGGATTTGTCCCGTAGGCCCGGCCCGGGCCCCTCTGGAGCAGAACGGCCTTGGTGAGGTGGACAGGAAGGGACCTCGCGAGCAGACGCGCGCCCGCGACAGCAATCCCGCCCCGGCCTGTCGGGAGCGGTGGGGCAGAGGCTGCGGAGCCCCAGGAGGATCTGCCTCCGCTTTCACAGTCCTCCAGATTTTTCCAAGAGCAGCAGAAA,4.754967582168576,2.2494355052910837
3709,ENST00000223129.8,ENSG00000106399.11,RPA3,7636518,7718607,314.3557356077406,2020,1894.03,201.529,2.39725,AAGCTACTCAGATAAGAGGCTCCAAGAGGACATTTTTGGATGTGAAAAACAATGAGAAGGAGGACAACACACATTTACAATCGTCTTAATTTTGTACTCAGAAAAAGGATGTGAAGACAATGCACAGGGAATACAATAGTTTCAGATCTGTGTACAGTTTCCTTTTGCTTCATCTCCTGCAACAATGTAATGAAGACACCATGATATCATTAACATTTCACACAAAAGGAAAATGAGGCTGAAATGGTGTGGGCAAGGCCCAGGAATCTGGAGCATCCCTAACCAAGCAGGAGAGCACCTGGGATAGAGAAAGTGCTCAAGAATGTTCACTTACTGATTACTACAATCAAAAAAAGATACGACACTAATTTACCACATTCTTCTTACTTATTTTATGAGATACTATTCTTCCAAGGTGGAGAAAGTGGAGAAAGTAGAGTGACGCAGCTAAGGGAGTAAATCGACCCTCAGCCAACAAGTGGCAAAAGCCTGAAGAAAGTGATCAAGATCACTGATGACCCCGCTGCCCATCTCCAAGGGGGCGGGTATCACAACCCCGACGCCACACCACGTATCATTCCGCAAAACTCCCGCGCCTCCCACGCAGAACTGGCAAGAGGGAAGGCGAGACAGCAGTGAACAGCTGGTACGCAGCACCCACAGCACCGCGGCAGCAGCTAGTGCCGACTCCCGCCTAGCTCTTTTGACTCTGTTCGCGGGAAGAATGGGGAAACAGTAAGGTTGCGGCGCCTCCCGCGAGACGAGGTACCTGAGGCTGGCCCCGCAGTCCCCCGCCGCACCAGCACCGGAGCTTCACACCCCACTTCCGGGGTCAAGTCACCGCCGGGAATCCTGTGATCGCAGAAAGGTAGTCTCAGGTTCCGCCCCTATCCAAGTCCCGCCTCCACTGCCTCTCGCCCTGTATCTGTCAACTTCCGGGACGCCGCGCGTCACTAAGCAGCCAATCTCCACTTCCGGACTCATCCAGCCCCTTCTCCACCCCTTTCAGAGACAGCGCGATTGCGATTTAGGTTTCCGCGCATTTAATTGGCGAAGCTGGAGCGCTAGTCTTCGCTGATTGGTGCCGAGAAATCTGCCCCATAGACACCCGCGGGGCGCACAGTTTCAGTCGTCCGTGGGTTTCCCGCCAGCCGCAGTCTTGGACCATAATC,131.13181170413623,7.034873906001735
3710,ENST00000339600.5,ENSG00000189043.9,NDUFA4,10931951,10940256,372.4014384034029,2130,1619.92,590.926,8.21868,AGATCTAAGCAGGCACTATTAAAGACAGTCGCATCCGGGCCCTCCTGCCGCAAGCTGCCCTCCCAGCCAAGGGTCCTTCAGGTAGGAGGTCCTGGGTGACTTTGGAAGTCCGTAGTGTCTCATTGCAGATAATTTTTAGCTTAGGGCCTGGTGGCTAGGTCGGTTCTCTCCTTTCCAGTCGGAGACCTCTGCCGCAAAC,45.31158755461983,5.5018081334555875
3711,ENST00000306999.6,ENSG00000106524.8,ANKMY2,16599776,16645817,19.64133180145276,2555,2135.03,265.322,2.79983,CAATGACAGGCGGCAGGCGGTGACCGCCGCAGGGCCTGCGGAGACCGTCCGCCTGGCTCGCCCGAGCTCGCCCGCTGTCCGCCAGCCCGCGGGAGGGAGGAGAGAAGCGAAGCGTTTCCGCGGTTGGCTACTCAGTGTCTTGGTCTCAAGTTGCCTCATTGCGGCTGGCGTTCCCAATACAGACGCATCGTTTCTTTTTTAATACTCCCTAAGAAAGGGAATAACCTTCAAGCTGGCGGGAGCA,7.015187279746542,2.810481619020521
3712,ENST00000428135.7,ENSG00000071189.21,SNX13,17790761,17940501,4.3910601469512285,6357,4579.54,250.321,1.23151,GCTCTTCCAAGATGGCGGCGCGTCCGTCGCGAGCGACCGGGCCGAGGGGAGGCCAGCGAAGCCGAGTAAAACCGCCGCCCGGGAGAAGACTGAAGGAGCAGTTGCCGCCGTTGGCGGCGGCCCGAGCAGTTTTCGCTGCTGCTACGGCTGTTGCCATGAGGCGAGGCTAGGGAGGACCTCACTTCCCCGGGGTGTAATA,3.565590329718174,1.8341409533173687
3714,ENST00000242261.5,ENSG00000122691.12,TWIST1,19020991,19117672,22.308041821175376,1666,1951.87,129.923,1.49968,GAGGTATAAGAGCCTCCAAGTCTGCAGCTCTCGCCCAACTCCCAGACACCTCGCGGGCTCTGCAGCACCGGCACCGTTTCCAGGAGGCCTGGCGGGGTGTGCGTCCAGCCGTTGGGCGCTTTCTTTTTGGACCTCGGGGCCATCCACACCGTCCCCTCCCCCTCCCGCCTCCCTCCCCGCCTCCCCCGCGCGCCCTCCCCGCGGAGGTCCCTCCCGTCCGTCCTCCTGCTCTCTCCTCCGCGGGCCGCATCGCCCGGGCCGGCGCCGCGCGCGGGGGAAGCTGGCGGGCTGAGGCGCCCCGCTCTTCTCCTCTGCCCCGGGCCCGCGAGGCCACGCGTCGCCGCTCGAGAG,14.875201257051756,3.8948372826750908
3715,ENST00000222567.5,ENSG00000105849.5,TWISTNB,19695462,19709087,38.28167522782252,3942,2999.29,803.065,6.03245,AAAACGAGCGCCGGGGACATGGGATTGTGCTTGCGTCAACGGCGCGCGCCGTGGGAACCTTGACAAGCAGC,6.3459581476551845,2.6658380065424367
3716,ENST00000406877.7,ENSG00000164649.19,CDCA7L,21900900,21946084,36.38610555627913,3066,3104.38,326.484,2.36946,AACTGCAGCCCCCTCTCGCGCCGCCTGCGAAGACAAGGTCAGTGGCCGCGAAGTTGGAACGTGATCGGAGCCACGAGGCCCAGTGAGGCGGCACCGAGGGGGCAGCGCAACGCGCTCCCCCTGTCCAGGGCGTCAAGTGCGCCCCTCCCGGGGCCCGCCTGTGCTCCGGGCGGAGCGCGCTAGCTGCTCGGGCGCGGGGCGTTCTTGGTGCGCCGGGCCGTGGTGAGTCCGGGCTCCCGTGGCCGCGTGCTGGGAGGAGACTGGAGCCCGGTTAGGAAGA,15.356286055168319,3.9407574347960215
3717,ENST00000344041.10,ENSG00000136237.18,RAPGEF5,22118238,22357144,5.8680370453614605,6621,6465.86,416.874,1.45258,GCTGCGGCCGCGGCTGAGGGACCTGCCCGCGCTGCTGCGGAGCGGGCTCACGCTGCGGAGGAAGCGGAGCGCCGCTGGGGGCCGGACTCTATCAAGAAGAATATCTAATCCGTACCTTGAACATACGCCTTCCCAGATTTATGGAGAGAATTCTTCTTGTGCAGGAAGAGCATTGAGGAATATTATTATCGTTCAAGCAGCTGACCTGATAAAGGACAGAGTGAACCTCAAGGGGTTTTACAGGAGGAGCTGCGTTGGGTCAGAGCTGGTAGACTGGCTTCTAGAACACTGTCCTTTCGTCCAGTGCAGATCT,4.039734159468987,2.0142603574734186
3718,ENST00000358435.8,ENSG00000196683.10,TOMM7,22812628,22822852,397.8300938882088,778,539.798,581.703,24.2791,CTCCTTTCCCTTTCGGATTCCCGACGCTGTGGTTGCTGTAAGGGGTCCTCCCTGCGCCACACGGCCGTCGCC,16.385701854195947,4.034365564526163
3719,ENST00000409923.5,ENSG00000122591.11,FAM126A,22889371,23014130,12.251774470095874,3130,2793.51,128.586,1.03706,AGTGAGAGGAGGGGGAAGATGGCTCACCGGGACCCGTTCTGCTAGGAAGAAGGGGAGCAGGTGGTGCTGCTACTCGGGAGGAAGCAGAGCAGCCTCCGTCGCTGTCGCTGAGAGCCTCACGAGTCGAGGTCCTGCAGGTGGAGCTCCGGCAGCCGCCCTGGTTGAAGGTTTAGAACAGATGTGGAAAA,11.813949501567771,3.5624194452098648
3721,ENST00000258729.7,ENSG00000136231.13,IGF2BP3,23310209,23470467,26.674772800328565,4250,3679.32,901.65,5.52118,GGCCGAAGCCAAAGGGGTTGGGAAGGAAGAGACAAAAAGTAGTTTTTTCCCCTCCTCCTCCTCCTTTCTCTTGCTAATCCCGCCTCCTCCTAAGACTTAGGAAGACTGGTGGATGCGTTTGGGTTGTAGCTAGGCTTTTTCTTTTCTTTCTCTTTTAAAACACATCTAGACAAGGAAAAAACAAGCCTCGGATCTGATTTTTCACTCCTCGTTCTTGTGCTTGGTTCTTACTGTGTTTGTGTATTTTAAAGGCGAGAAGACGAGGGGAACAAAACCAGCTGGATCCATCCATCACCGTGGGTGGTTTTAATTTTTCGTTTTTTCTCGTTATTTTTTTTTAAACAACCACTCTTCACA,4.831353587517263,2.2724274417350974
3722,ENST00000297071.8,ENSG00000164548.10,TRA2A,23504780,23532041,219.47725420361985,1845,1538.41,942.592,13.8043,GCCCGCCCCCTTTACGTCGTGCTCTGAGGAGGCCAGGAGATTTCTGGCGGCGCCGGCGCCATTTTGCTGGAGCCTGCGACCGAGTGGGAGTGGAGTGGAGCGGCTGTGGTTGCCGACTCTTTCCTCTTCCCCACGGTCCAGTCAGCGGGTTAATTAGGCCATCGGCCCTCGAGCCGAGACTTGTCTCTTATTTAGTTCTGGGGAGCGCCTCGTCGAC,15.899194758417295,3.9908817945192463
3723,ENST00000313367.6,ENSG00000070882.12,OSBPL3,24796539,24981634,4.274827030274825,6760,6133.6,599.228,2.2011,GGCGCGCGCCGAGAAGTTCTGGGCAAAGTACTCAGAACTGGCCGCGTGCTGGTGGCGCCCGCCAGCCGGCCCGGGAGAGGGGACTTGAGCGCTTCGCGGCCGGTGCGCAGCGCGGCTCCGGCCCCGCAGTCTGTCTGCAAGTGGCCATCCCCGCCCCCGACTCCTGCGGCCGGTGCGGGAGCTGTCAGCTGCACGTTGCGGGGGTACCGGAGAAGCCGGGGTTGCCTTCTCCCGGTTCTGTGCGCTAACCCCGGAGCCCGGCCCCGGGGAACTAGGGAGCGTCTCCGGCTGCACAGCGCTCAGGTTTTAGGGTTTCCTTTGGGCCACCCAAAATGTTTTTTAAATACTTTGGATAAGAGCTAAACCACCTGCCACTGGGGACTTCCATACTCTCGGCTCCCTTGTCATCTGATGGCATTTTGATTGTCTCGAGGCCAAGTGACTTGCTGTCC,1.9421321295147085,0.957641355294254
3724,ENST00000305786.6,ENSG00000172115.8,CYCS,25120091,25125361,211.2811118702336,4098,3777.68,2825.27,16.8499,GTAGCCGCCAGCTCGGCCGCACGTCAGGGCGCGGGAGCGCGGAGCGAGTTTGGTTGCACTTACACCGGTACTTAAGCGCGGACCGGCGTGTCCTTGGACTTAGAGAGTGGGGACGTCCGGCTTCGGAGCGGGAGTGTTCGTTGTGCCAGCGACTAAAAAGAGAATTAAAT,12.539012805431105,3.6483518643373776
3725,ENST00000354667.8,ENSG00000122566.20,HNRNPA2B1,26189927,26201529,1518.351676926559,3664,3012.49,322.856,2.4146,AGTAGCAGCAGCGCCGGGTCCCGTGCGGAGGTGCTCCTCGCAGAGTTGTTTCTCGAGCAGCGGCAGTTCTCACTACAGCGCCAGGACGAGTCCGGTTCGTGTTCGTCCGCGGAGATCTCTCTCATCTCGCTCGGCTGCGGGAAATCGGGCTGAAGCGACTGAGTCCGCG,628.8212030674063,9.296506054070468
3727,ENST00000345317.6,ENSG00000005020.12,SKAP2,26667062,26995239,64.15152386258966,3998,3221.01,1027.15,7.18461,AGGCTCTTTCTTCTGGGGCCGGGAAAACCGAGGAATACACATGCGCAGTTGGACCCCTCAGGCCCTTCGTGTCCCTTCCCACCCATCTCCCCGCCCCGGCCCTCTGGGCGGGGCTGGGCCGACAGTCCAGCTGCAGCTCGCTGGAGATTCAGTGACTTCCTTGTTGTGAGCCCCGGCCCGGCAGTGTCCCGACTCGTAGCCCCGCTGTTCTTAATCCGGGCCGCTAGCCTGAGTCTAGGTCGCAGCCGCAGCCCCACCCCGTCGGTCACCTTTTCAGCGCAGGTCCTTTCCCCGCACGCCCTGCGCTCCCTAAC,8.929019649304507,3.1585017851194968
3728,ENST00000343060.4,ENSG00000105991.7,HOXA1,27092993,27095996,21.151655727858085,2517,2705.73,162.529,1.35334,AGGAAGTGAGAAAGTTGGCACAGTCACGCCGGGCTTCGCAGGACCAGGTCACTCAGTGACAG,15.62922527070661,3.9661743616567446
3730,ENST00000317201.6,ENSG00000105997.22,HOXA3,27106184,27152598,8.107246028203631,2761,3458.07,207.545,1.3522,ACTAACGCTGGACTCCATTTGACTCTTTTGCAGGCTACGTGTGCCGCCTGGCCATTCAAACTGTCAATTTTAGGTCCAGAAGTGTCCAAACCACAAGTTCTCAAAACTCTCTGAAAAATGGCTCCCTCCGAGTTAAGCAATTCTGAAAGGCATTCTCTGGGAAAAGTCTGTGGAGGAGAGAGGGATCTTCTTGCAAATAATGTGGTCTCAGGCAAGGACACAGCATCTTGGCTGTCTGCTAAAAAAAAAAAATGCCTAGACTCTCAGTGGAAATTGAGTGTCAAGCTGCAAAATCTCAAATGGCAGACTATCATCATTTAAGAGCGCCTGGACACCGGAAAAGGCGATTCCCTGAGCGCCTGGAGTTGGAGACAATTCCTGGTTCAGAATTTAAACATCTTTCTAGGTCTGCGCGGGGCGGCCATTGGCGGCGGAGTGTCACGTGACCGCGGGGGCGTGCCAATGTGCGCCCTCACGGGTGTCAAACCCCTGTCAGAGTGTGCGATCAAGATCGTGAAACAACGCG,5.9955968260639185,2.583903372512836
3731,ENST00000222726.3,ENSG00000106004.4,HOXA5,27106184,27152598,46.27077240414767,1657,1813.99,804.547,9.99263,GGGTGCTATAGACGCACAAACGACCGCGAGCCACAAATCAAGCACACATATCAAAAAACAA,4.630489911479527,2.2111648404554676
3732,ENST00000222728.3,ENSG00000106006.6,HOXA6,27106184,27152598,6.074262687828023,989,1094.11,122.745,2.52758,CACAGTCCTGCAGAGGGGCGCGCAA,2.403193049410117,1.2649525453632675
3733,ENST00000343483.6,ENSG00000078399.16,HOXA9,27162435,27180261,572.4668670463458,2060,2022.47,1161.0,12.9334,AGTTGTTACATGAAATCTGCAGTTTCATAATTTCCGTGGGTCGGGCCGGGCGGGCCAGGCGCTGGGCACGGTG,44.262673933099244,5.468018702680096
3736,ENST00000396344.4,ENSG00000253293.4,HOXA10,27162435,27180261,52.59672333362322,1570,1627.44,392.758,5.43728,AACCAAAGTCTCTCAAGTTGCTAGAGAGAGTCTAGCCAGGAGGACTGCTCGCGGGCGGGCGGCGGGCGGGCGCGGGTTTGATTTCTGAGCCCTATAAAAGCCCATCCTCCGATGGCTGTGACAATGTGGTCGTAAACCCGTCCGGGGCCGGCCAATTTGCATATTTGGAATGCGCCGCTATAAACCCGGCTGGGGTTTTGCAGCGATTTCTTAGATGTAAAAATGAGATCTCAATAGCAGCGGGCTGGGCACATCCTCTCCTCTCTCCTTCTCTCTCTGCCCGGAGCTGGTTTCCGTCTCTCGGCTCGGGGCTGGAACTCCGGCCCAACCTAGGCGCGCAGCCGCCACGAGATGGCGCACTTCCGATCAATGTCAAAGCCGCCGGGGAGCCGGGAACCCCAGCATGATTCTTGGCCTTTGTTCGCTTCTGATACTAAGAGCAGCACGGTACATTATTTCACTTGTCCCGCTCCCCTTCATAACAGAAAAAGGGGACTCACCCTCAAGAAGTGATTGGTATGGTAATTTAAAGCAACGCGCATTCGCTAGGCCTCGCGAGCGTCGCCGCGCGGAGAAGCCAGCTGTCCCTTGGCAGTGATTTCGGAA,9.673351994678077,3.2740158967483497
3737,ENST00000006015.3,ENSG00000005073.5,HOXA11,27181510,27185223,54.53066264095681,2295,2987.87,471.367,3.55435,CTTCAAAGAGGCAGCTGCAGTGGAGAATCATGTTAAGCTCGGCTACTGCGGAGAGCCCAAGGTAGCCCAATA,15.341950747944578,3.939410029843922
3738,ENST00000222753.5,ENSG00000106031.7,HOXA13,27193503,27200106,81.70215289962196,5030,4428.39,1289.12,6.55856,ACTGGGGTCTTCTCCATGCGGCTCGGGCT,12.457331014677301,3.6389230986948333
3739,ENST00000265395.6,ENSG00000106049.8,HIBADH,27525442,27662995,35.239561550679745,1990,1806.48,563.746,7.03092,GGATTGACAGGCCCTGCCGCGTCAGGCCGCTCCTCTCGGCTCCGCGCTCCTTCCCTCGCGCGTGGGCACCCGCCCCCGAGCGGTGAGAGCGCGTGCGCGCGCGCCCTTCTCCGTGGGCGAGCCAGCCAGTCCCGCTGCACACGCTCGCAGTCTGTGGGCCCTCCGGGAGGCGGCGGAGGTCACCGCGGGGAGAGGGGCGGGCGCAGC,5.012083987682941,2.3254105901582682
3740,ENST00000283928.9,ENSG00000153814.11,JAZF1,27830573,28180743,8.879981219802678,3125,2799.26,303.421,2.4421,ATCTCTCTCGCCCCCTCTCCCTCCGTCCCGTCCTCGCCGCTCCCCTCACCCCGCCTCTCTCCCCCTCCCCCAGCCCCTCCTCTCCTCACCCCACCCGGCCTCCCTCCCTCCCTCGCCCGCCCGGCGCTCGCAGAGCCGACACCAGGGGGGCTCTCGATGTAGCACC,3.6362070430378273,1.8624343478983238
3741,ENST00000265394.9,ENSG00000106066.14,CPVL,28995231,29195451,148.36113782359456,2091,1638.77,467.135,6.42224,GTGACTGGGTGGGGCTGCCTCACTTCTGCCTGATTTGGGAAGCGCTGCAAGGACAACCGGCTGGGGTCCTTGCGCGCCGCGGCTCAGGGAGGAGCACCGACTGCGCCGCACCCTGAGAG,23.10115128422397,4.52989284742271
3742,ENST00000242059.9,ENSG00000136193.16,SCRN1,29920103,29990289,44.73438607340723,5257,5856.42,1792.58,6.89617,TCTGGGTAGGGGGAAGCGCCCGGCGGCCGCCTCCGCCACTGCAGCTGCAGCCCCCGAGGTCGCCGCAGTAATCCGGACCCGGCAGCACCCGCACCCTCGGCGGCCGCAGCCTCAGCACCGCAGAGCGGAGAGCGGAGCCCGGAGCCCGCCGCCCCAGG,6.486845027516321,2.6975169728529043
3743,ENST00000222803.9,ENSG00000106080.10,FKBP14,30010587,30026684,44.00670934784929,4960,4218.0,351.591,1.87799,AGGTTCGTGACCCTTGAGAAAAGAGTTGGTGGTAAATGTGCCACGTCTTCTAAGAAGGGGGAGTCCTGAACTTGTCTGAAGCCCTTGTCCGTAAGCCTTGAACTACGTTCTTAAATCTATGAAGTCGAGGGACCTTTCGCTGCTTTTGTAGGGACTTCTTTCCTTGCTTCAGCAAC,23.432877357094174,4.550462210588086
3744,ENST00000275428.8,ENSG00000006625.17,GGCT,30496621,30594809,85.63201526788787,1173,988.518,510.466,11.6344,ACGCTTCCCGCCAGTCCCCTAACCCTGAGGCTGCCGCGCGGCGGTCACTGCGCCGGGGTAGTGGGCCCCAGTGTTGCGCTCTCTGGCCGTTCCTTACACTCTGCTTCAGGCTCCAGTGCAGGGGCGTAGTGGGAT,7.360243353149958,2.879753467176117
3745,ENST00000450169.6,ENSG00000106355.9,LSM5,32485332,32495283,163.43183147248018,2258,1512.95,339.392,5.05406,GCTTTTCAAAGTCGTCCCACCATCAATGAAGGCAGGCCACTTCCGGCGTAGCC,32.33674144598208,5.015102401510388
3746,ENST00000304056.8,ENSG00000170852.10,KBTBD2,32868172,32894131,29.549886623111565,3745,3337.1,399.222,2.6953,GCGGGGGCGGCGGGGGCGGCGGGCCCGGCGTCTCGCGGCCCCGGACTGACAAGGCGGCGCGGGCGGGCGGGCGGCGCGGCTCCCGGGGGAGGAGTCTGGCGGTGGTCGGGCCCTGAGGAGCGTGCGGCGGCGCCCGCAGAGGACGCTGCTTTCCGCGCTGGACGGACCAAGCGAGGGAGGGTGCGAGGGGAAACCGGAAGGAAGAGGCGGCGGCGCCAGCCTTCCTCGGCCGGAGGCGGAGGCGAGACCCCAGGCGAGGCCGCGGCGGGAGGGCCACGCCCCCGCCGCCGCGCCGGAGGGGCCCAGTGTGGACGGGGCCACCGGCTGGAGCGGATCCCACACCTCCGGACCGAGGGACGCGGTTACTCCACAGGATCCGCTGAACATAGGATGTTGCCACAAAATCTACCTCGTGTATTTTTCTCTTTCACTCATGAGCTGCACAATTGCAGATTTGAGCACAATGTCTGCAGACTGTGTTGAAAAACTCTGAAGAACCTAATTAACACAGGATGACCTAGGAGTGATTCTAAGTCTGTGTAACAAGATATTACTCATTAGTGAATGTGTCAGTCTTGGTACTGAATGCTGCAGATAACAGCAAGTAGGTTCTCCTTTATTTCTGAAGTATTCACTTGACCTTCCATCAGTAAGACGGACTTTTCTAATCTGTTCCTGGAGATATTAATGGAATACAGTC,10.963487041558107,3.4546348290837403
3749,ENST00000405342.5,ENSG00000122643.18,NT5C3A,33014114,33062797,32.64021265816965,1759,1182.85,64.1283,1.22147,CGTGATGCTCTGGGATCCCGCGCTTCCGAGACTCGCAGTCTACGCGAGCTGCCTGTTTTTTTCCTGCTTGGACGCGCATGAGGGCCCCGTCCATGGACCGCGCGGCCGTGGCGAGGGTGGGCGCGGTAGCGAGCGCCAGCGTGTGCGCCCTGGTGGCGGGGGTGGTGCTGGCTCAGTACATATTCACCTTGAAGAGGAAGACGGGGCGGAAGACCAAGATCATCGAGATGAAGATTGGATAACCAAGAA,26.722074760878,4.739960121076033
3750,ENST00000297157.7,ENSG00000164610.8,RP9,33094797,33109401,13.409263432264389,1121,1010.17,273.248,6.09431,GGCGCTGCGGGGGCTGAC,2.2002923107397536,1.1376951997684723
3751,ENST00000396081.5,ENSG00000122557.9,HERPUD2,35632659,35695571,11.10888123958449,3057,3012.51,258.528,1.93348,AACAACAAAACCGGCGCGCCAGCGGTGGCGCAACGGCTCTCGTCCCCGCCCTCCTGCTACCTGTAGTCGCCTGGGCCGCCCCCGGCCCAGCCCTGCCTTGCCGCCACCCTGCGCTGTCCAGACTGAGGGGTCAGGCGGAGAGCCGGGCCGCGCCTTCGGTCAGCTTCTCTCCCTTTCACCCGCGCCTCCTCGCGAGACCCGGGGCTGGGCCGTGCCGGTCGCCGCGCAGCAGGAAGGGAGCGGCTGCCACGGAAAACGCCTGGCCGGACGGTGTGGCTGGCGGCCCTGCCTGGGCGCGGAGGGCGGCGGTGGCGGGCCCCGCGGCCTTCTCTCAGGTACCCCAGTGCCCGCTGACCGCCCTGAGCGGCCCAGCTGCTTCCCCGATCCGCACCGCGGGGCCGTGGCGTAGGGGCCTTGTTGCGTTCCAGCTTGGGGGTCGCGGTGGGGCGGGGCAGTGACCCCGGGCCGGCCGTTGTGCCCTCATCCCTCCCACCCTTCCTTCGTATAGCTTCCTTTCTCCTCACGACGGCCTCCACAGTCCGGAGCCCGGCGGAGCCCGGACCTGGCGGGGAGAGCTGCCTCCACGGCCGGGCACCCAGACCCCACCGTCGCAGTCGCCACCACCTCAGTCCATCCTTGGTACCGGCAATGGGCTTCGTATCCTCCAGTGCACTTGTAACTGACTTGGACACGGAATACTAAGAACTCACTTCTGTCCTCATCCCAGTCGCGCCGGCGGTGACCATCTCGGCTCTTTTGGGCTTAACTGCCGCTCCTCTGGACTCTGTCTGACTTTGGGGGCACC,5.745537186619199,2.522441785863688
3752,ENST00000325590.9,ENSG00000078053.16,AMPH,38383704,38631567,4.92920506644558,3145,3337.73,166.744,1.12554,CCCGCTCCTCCGCGCCGCCGCCAGCCCCGCTGCGCGCTCTGCTCTTCGCAGCTCCCCGGACCCGCAGCC,4.379413496140146,2.130737672824912
3753,ENST00000310301.8,ENSG00000006715.15,VPS41,38722963,38932394,13.67061823143848,5903,4995.37,425.639,1.91971,AAGTGTGTGGTTTCCTCTTATTTCCGGGTCTGTCAGGTGACTCTCCCGTGGCGCC,7.121189258501794,2.8321181954147674
3754,ENST00000306984.6,ENSG00000168303.6,MPLKIP,40126023,40134659,161.05083453542233,7668,7237.01,528.44,1.64512,TGGTAAAGGACTAGCAGTTCTCTGCGGAGGGCCGGTTGATACAGTTCCGGTGGGAGAACGCGGCTGCGAGGTTTTCGGCTTTGGCTCCTGAT,97.89610152172628,6.613179503978248
3755,ENST00000395925.7,ENSG00000106571.12,GLI3,41960950,42237870,4.046569951217535,8208,10076.2,719.542,1.60887,GTCTATGGGAAGTTCGGGGACTTGACAGCCGCTGCCGCCGCAGGGCATTTTTGGTCGAAGAGAGCTGAAGTAATGAGAAGACATC,2.5151627858170857,1.3306517768462727
3756,ENST00000442788.5,ENSG00000256646.7,RP11-111K18.1,42908726,42932223,628.4347959370211,2430,2261.2,312.355,3.11223,GGCTCTTCGGGTAAAG,201.924278069751,7.657670571197488
3757,ENST00000445517.1,ENSG00000106588.10,PSMA2,42908726,42932223,5.725617206855651,683,331.18,611.0,41.5661,GGCTGTGCTTTGGCTCTTCGGGTAAAG,0.13774727979905863,-2.8599042658125797
3758,ENST00000415076.6,ENSG00000106603.17,COA1,43608456,43729717,245.43464690622235,1737,1452.99,143.873,2.2309,AGGACCGCGGGCATTTACCCGTGCTTTCCCAAGCCTGGAAGAACTCGTCATGCTCTTTGTAGCGTGGTGCTTCTGTTGCTCACAGGACAACTTGCCTTTGATGATTTTCAAGAGAGTTGTGCT,110.01597871093385,6.781569265641735
3760,ENST00000317534.5,ENSG00000062582.13,MRPS24,43866558,43926411,173.2703922883272,707,802.289,862.587,24.2234,GTCCGCGGTCGTCCCCACCCCTCAGCGCGCTGTGGTACGTCCCGCGCTCCGCTTGGCCCAAG,7.153017011993659,2.838551872685839
3762,ENST00000402306.7,ENSG00000106608.16,URGCP,43866558,43926411,13.923164672844347,3563,4857.47,317.749,1.47379,AGGAAGCGAAGGAGGCGGGAGCGGAGACCTCGCTGCGCTC,9.447183569466713,3.2398842916639667
3763,ENST00000452185.5,ENSG00000106628.10,POLD2,44114681,44124358,39.432368654211146,1659,2315.06,1083.7,10.5465,GGGATGCGGCGCGCCGCGCGGGTGAGACATCGGTATCCAGGCACGATAAATTTCCAAGTGGACACAATGTCTGGTGTCAACTACAGCTGTTCTCCTTCTTTTCCCAGTATCCTTTGGGTGCAGTGAGACACCAGGAGAGCTGCTGCTTTGGGGGATGGACAGGGGCAGCAGGAATGCCTTTGTGTTTTCGCAGTGAACCTCCTTGGCCTGGGCGAAGCTGTGTGGACCAAGCAAGTCAGGAGTGTGGCC,3.7389056705268238,1.9026160736620223
3764,ENST00000258772.9,ENSG00000136271.10,DDX56,44565417,44575051,127.81627891362643,2336,2902.2,238.877,1.85443,CCGGGAAGTGACTTCGTCTCCGAAGCCGATTGGTTGTTGCTTTGCTCCCGCTCGCGTCGGTGGCGTTTTTCCTGCAGCGCGTGCGTGCTGCGCTACTGAGCAGCGCC,68.92483346021496,6.106951971211878
3766,ENST00000481238.1,ENSG00000158604.14,TMED4,44577894,44582287,104.36818065623524,1755,1834.35,399.283,4.90412,GCAGGCGCTTAGGGGCTGAGGCGCG,21.28173467538218,4.411543844672649
3770,ENST00000350771.7,ENSG00000105968.18,H2AFV,44826791,44848083,163.5255046804933,687,520.916,57.5177,2.48769,TCCGGCTCCGGCGGCGGCGGTCGGTGCTGCGAGAGCGGCGGCGGCGGCGCGGGTCGGCAGCGGGAGGGCGCGCGGCCGAGCGGAGGCGGAGTCGGCGCCGAGAAC,65.7338754750364,6.03856513948016
3771,ENST00000395699.3,ENSG00000146676.7,PURB,44876293,44885361,44.435201319569714,9069,7894.37,2039.95,5.82188,GGCGGCCTAGAAG,7.6324488514998095,2.9321460163108855
3772,ENST00000258770.7,ENSG00000136270.13,TBRG4,45100100,45112047,27.98307744876412,2243,3023.99,801.999,5.97524,AGCGCGCCGCGCACCTCATGGTTCCGGGGACAGTTAGGGCGGCGGATGGAGGTCAGCGGTGGTGCTCGCTGCGGTTTGGAATCACTTGCTAGGAGTCTTGTCTCTCTGCCACCCAGGACATC,4.683172131791212,2.227486065822095
3773,ENST00000398812.6,ENSG00000106070.17,GRB10,50590063,50793462,18.074584028898727,4705,5444.7,643.936,2.66459,AAATGTAATTTGAAGAAGGCAGAAGGAACCC,6.783251467917664,2.7619769772264893
3774,ENST00000395535.7,ENSG00000132432.13,SEC61G,54752250,54759974,874.9118899087077,459,238.049,31.5784,2.98872,GGCAGAAACCCGGATTCCGGTTCCGGTGGGCCTCCATCAGCAAGCTCCAGTGCTACGTGTCCCTGGCATTTTAGGTGTCGGTTGGGCAGTC,292.7379914842166,8.19346618037652
3776,ENST00000395471.7,ENSG00000146733.13,PSPH,56011051,56051604,29.98787919242949,2178,2113.73,249.037,2.65446,GTTCCCGGCATTCCGTGCTCCTTGGTTCCGGCGTTGGAGCTCTTTGGGGCCCAGCTTTGCGGACCCGGGAGCTCGGGACGCAGGCGGGGCTTGTGCTCCGCGGGGGCAGGGCGTAGGGTGGGCCTCCTACCTCCCCTGATCTCGCGGTTTGTTCCGTTTCATTGGAGCTTCCCGGACCGTGTGCTCGACGGTGCCCTAGGTGCCGTGGGGCCACACGCGAGTCTGATAAGCACCCTCCCCCGGAATCATGCGGTGCTGTGAGGCCTAGCGAAGATGAAGATAGAATGCAAGGTAGAAAGTGCTGGATACCTTTAGAAAGCTGCAGGACTGGTGCGATGGGAGTTGAGACGTAAGAACCTGCCCGTCCGTAGGGCTCTGGATGCTGCTGAGGCCCGAGGCCCCTATGGCAGATTTGAAAATTCACCCTTGTAGAGTCATTCCTGCCTTTGAGCGGACTCCCTTTTAAGTTTACAGAAGCACTTGCAGAACTCATCAGAAGCCACCCCGCTTATCAGCAGATCTCAAGAGAGCGTTCGGTGGAGGCCCTGGGTCTGCACAGCTCACCTCCCTGGGAACTGCTCGCCCGAGCGTCGGAGCCGGCGCTGGCCCCCTGCAGCCGGAAGGTTGCAGCCGCAGGAGCCCCGGAGGCCCAGGACACAGGGCTCTTGCTCTTGCAGAATCCACAGGTCTTTCTTGAGGAAATCTGTAGACAGAACTTTGTGCTGCGTTTTTATCTAGGGAAGGAACAGAAGAGTGTCGTCTCCTAGAAATCTAGCACTGGAGAAACGAGGAAAATTCTTCCAGCG,11.29716748130674,3.4978891885079415
3777,ENST00000395422.3,ENSG00000106153.12,CHCHD2,56101569,56106576,611.5890179514154,901,963.409,2509.92,58.6965,CTTCAGGCCTGCGGAGACGACGGAGAACGGAAGTTCTCTGCCTGTGTGCTGGTTGGTTGCGCGTTGAGGCCAGCCCCGCCTCCCATCTTCCGGTCTCCTCAGAAGTCGCTTAGCTCTTCGGTGGTTGTCCCACGTCCGGAGGCCTAGCCGTCGCTTACCTAGG,10.419514246188706,3.3812161161746297
3778,ENST00000309683.10,ENSG00000173041.11,ZNF680,64519884,64563106,3.7530530902420094,3022,2010.68,328.072,3.6761,GGACAGGACGGCTTCCGGGATTTGGCGGGGCCTTTGTCTCTAGCTGCTGCGGGAGCTCCAGGTCTAGTCTTTACTGCTCTGTGTATTCTGCTCCTAGAGGCCCAGCCTCTGTGACTCCGTTATCTGCAGGTATTGGGAGATGCACAGCTAAG,1.0209333506275697,0.029888686139672195
3779,ENST00000304895.8,ENSG00000169919.16,GUSB,65960684,65982314,22.572217401562,2300,2793.59,642.394,5.18084,GTCCTCAACCAAGATGGCGCGGATGGCTTCAGGCGCATCACGACACCGGCGCGTCACGCGACCCGCCCTACGGGCACCTCCCGCGCTTTTCTTAGCGCCGCAGACGGTGGCCGAGCGGGGGACCGGGAAGC,4.356864408389759,2.1232902152986193
3780,ENST00000246868.6,ENSG00000126524.9,SBDS,66987677,66995601,86.94625413727609,1631,1296.02,2096.73,36.4495,GTAAGTAAGCCTGCCAGACACACTGTGACGGCTGCCTGAAGCTAGTGAGTCGCGGCGCCGCGCACTGGTGGTTGGGTCAGTGCCGCGCGCCGATCGGTCGTTACCGCGAGGCGCTGGTGGCCTTCAGGCTGGACGGCGCGGGTCAGCCCTGGTTCGCCGGCTTCTGGGTCTTTGAACAGCCGCG,2.385389487846914,1.25422484958846
3781,ENST00000438747.6,ENSG00000130305.16,NSUN5,73302517,73308867,13.592550485125932,1663,2271.56,254.804,2.52723,GCTTTTTGACCCCGGAAGTCCGGGCGGGCGCCGAGCCGGGTGCGTTTTGCCACAGAGCCGTAAAGGCGCGCGGGAAC,5.378438244689218,2.427187313351464
3782,ENST00000404251.1,ENSG00000009954.10,BAZ1B,73440398,73522278,36.39170090465891,5428,5878.07,849.928,3.25769,CGGGCCCGGGGGAGGAGGGGAATCTCCCGCCATTTTTCAATAATTTCCTCCGGTGCTGCTGAGGAGGAGTCGTGACTGCCGGCCGCCGGGACCCGAAGCGGAGGTCGGCGGGGGGCTGCTGGGAGGCGCGGCGGTGTGCGCGGGAGCTCTGCGCCGTGGCGTTCCGCTCCATGACTGTCGCGCGGCCGCGCCGGCGGTGAGGGAGCCGGAGTTCGCGCCGCCCTCTCACCCCTCCCTTCCCCCACCCCACCCCCGGGCGCCTGGCGCTCGCTCCGGGCCGCGGGGCCTAGTGCTGCGCCGCGGGGCCGGCCCCAGCAGCCGCCAGTCCCCACCGCCGCCGCCGCG,11.17101409423822,3.481688253163404
3783,ENST00000223368.6,ENSG00000106635.7,BCL7B,73536356,73558002,16.062716358551175,1975,2637.79,237.094,2.02509,GGAGGACAGAGATGGCGCAGGAGTGCGGTTCCACAGGGTCAGGTTCCTAACACGCTGGCCAGAGCAGGGAGCCGACCTCCAAACTCTCAGGGAAGAGAACCAGGTTGCCCACCGGCGGCACCTCGCACCTCGCCCTGACCACAAGCACGTGCGCCCAACCCGCCTCGCACCCCGGCCCGGGTAGGGGGCTCAGGGGACTCCCGGGGCACTCAGGAGGGACGCCCCGGGCGGGGCGCGCAGGCGCGCTGAGGCCGTGAGCCCCAAGGGGCGGGCGGGTGCGCGCGCTTTCTCGCGCACGCGCGCACGGAGGGGGCGACGGCCGCTGTGACGCTGCGGCGGCGGCGGGCGGGCGGCGGCGCGTGAGGCGCGCGATCCCCGGTGTCTTGGGAGCAGTGCCCCGGCCCCCGCCGCTCCCGCCGCCGCC,7.931853082357414,2.9876579555146483
3784,ENST00000305632.9,ENSG00000106638.15,TBL2,73568932,73578791,50.12626371627525,3161,3878.21,203.066,1.17969,CCAGGCCCCGCCCCTCGAGCGCCACAACAGCCGGGCCCCACCCCTTGAGGTGCTTTAACGGCCAGGCCCCGCCCTGAAGGCGTTGTAACAACCAGGCTCCGCCCCCAGGCGCTCTAACGGCCAGGCCCAGCCGCTTGAGGCTCCCCAACGGCCAGGCCGCGCCCCCGCGTGCGTGCGCGGCCCGGCAGAGCCGTGCGGGCGCCCGCGTACTCACTAGCTGAGGTGGCAGTGGTTCCACCAAC,42.491047407603055,5.409087001521153
3785,ENST00000395176.2,ENSG00000176410.7,DNAJC30,73680969,73683453,30.52397200572494,2485,3257.19,181.407,1.2548,CTCTTGCACCGCCTGCCGAATCAATTCAAC,24.325766660603236,4.604413369164897
3786,ENST00000222800.7,ENSG00000106077.18,ABHD11,73736094,73738867,14.180184360635804,1483,1727.96,124.744,1.62648,TGAAGACGGAAATGGGCGGGGCTGCGAGCTAGGGCGGGAGAAGGAGCGCGGGGAGGACGTACCTTGTGAG,8.718326914954876,3.1240513020793226
3787,ENST00000055077.7,ENSG00000049541.10,RFC2,74231499,74254458,84.19437106766976,1695,1835.71,892.546,10.9544,GGGGCTTGCGTGGCGGCGTCAAGGGGCGGTGCCTCGGGTGGCGGGAAGAGGAGGCGCGAGA,7.685895262877909,2.9422133166614244
3788,ENST00000610322.4,ENSG00000274523.4,RCC1L,75027122,75074228,32.539666699311404,2300,2906.33,304.315,2.35907,GTTAAGGGTCACGCAAGATGGCGGCGCCCAGAGGCTGCTGAGGCGCGGAACGGAGG,13.793429910647587,3.7859093407023034
3789,ENST00000615331.4,ENSG00000272391.5,POM121C,75416787,75486271,204.9861872686193,5835,8268.59,1355.18,3.69257,GTCATCGCTTGCTCTCGTTCCCAGGCTTTGGCTTCTAGTGGACGAGAATCACCGAGTCTGCGGGGCTGGATGCTGACCGCCCGGACCAGCACCTAGGCGGGCGGGAGCTGTGCGGCCCAGGGTTCGCGCGGGCCGGGTAGAGGCTCGAGCTGGGACCCCCGAGCGTGAACCCCGGAGCCGGCGGCGCTGGGGCCAGAGGGGCCGGGAGCCCCAGGGAGGCGGATCTGGGCCCCGAGAAGGACACCCGCCTGGATTTGCCCCGTAGGCCCGGCCCGGGCCCCTCGGGAGCAGAACAGCCTTGGTGAGGTGGACAGGAGGGGACCTCGCGAGCAGACGCGCGCGCCAGCGACAGCAGCCCGCCCCGGCCTCTCGGGAGCCGTGGGGCAGAGGCTGCGGAGCCCCAGGAGGGGGCCAGTGTCATTCAAAGATGTGGCTGTGGATTTCACCCAGGAGGAGTGGCGGCAACTGGACCCTGATGAGAAGATAACATACGGGGATGTGATGTTGGAGAACTACAGCCATCTAGTTTCCTTGGCTTATGAGGTGGCAACATCTTGTACTTCGGAGATTCTGAAGCCGAGCAACTTGCCCAAGTCCTTCTTCTTTTCCCATTAACAAGATATGATATCACCAAGCCAAACGTCATCATTAAGTTGGAGCAGGGAGAGGAGCTGTGGATAACGGGAGGTGAATTTCCATGTCAACATAGTCCTGGGATCGTGGGACTTTACCAGATCGGTTTGTAATAACACCTCGAAGACGCTATCCGATCCATCAGACCCAGTATTCCTGTCCGGGGGTACTTCCCACAGTGTGCTGGAATGGTTATCACAAGAAGGCTGTGCTGTCCCCTCGCAACTCCAGG,55.51314863864985,5.794757618225373
3791,ENST00000336926.10,ENSG00000127946.16,HIP1,75533300,75738962,7.130395736416525,8013,9754.72,939.234,2.16931,GCCCCTGACTCGGCTCCTCGCGGCGAC,3.2869418093386957,1.7167459157666851
3792,ENST00000307630.4,ENSG00000170027.6,YWHAG,76326794,76359031,270.500608662745,3750,3838.15,2625.0,15.4088,GGCCGCAGGGGGTTGTCCGTCAGTGGCACGCACAGCAGCCGCAGCCGCCTCGCGCCCGGTCCCGCGGTCGCAGCTCCAGCCGCCTCCTCCGCGCAGCCGCCGCCTCAGCTGCTCGCTCTGTGGGTCGGTCCTCTCCGGCACTTGGGCTCCAGTCGCGCCCTCCAAGCCCTTCAGGCCGCCCCAGTGTCCTCCTCCTTCTCCGGCCAGACCCAGCCCCGCGAAG,17.55494319238,4.13380542256691
3793,ENST00000257663.3,ENSG00000135211.5,TMEM60,77793728,77798580,62.834809596174416,1023,754.342,100.0,2.98671,AAAGGTCGGTTGGTTTGCACTGGCGGACAAATGGTCCAATTACCGCGGAAAAGGGACCTCTGAATCCAGATTGGCGTCCTCTCTACCTATAGGGTAGGCTCAGGGGCGGTGAGAACCAGCCCCGGATGTGGGCGCGGCACTGAGGTAGAACTGAGAGATCCTCTACCGCAGTCGTTTGAGGAGGCGGAACTGAAGTTTTTTCTTAATTATCATGTGACGGGTTCTGGATTTAATGGGGGGAAAAGGGCGGAAAAGGACAAGGATCCAAACTGGCGAATTTGCTGATCTTCGCGTCCCTCTCCGCTTTCCGGCCGGCAGCGCTGCCAGGGTATATTTCCTTTTTTCCGATCCTGCAACAGCCTCTTTAAACTGTTTAA,21.038135472199986,4.394934944754896
3794,ENST00000265361.7,ENSG00000075223.13,SEMA3C,80742538,80922359,14.77254357671325,5174,4279.34,500.892,2.63711,GGACTGCGAAAGGAGCAGGGTTGCGGAGCTAGGGCTCCAGCCTGCGGCCGCGCATTCTTGCGTCTGGCCAGCCGCGAGCTCTAAGGGTCGGCCCCGCCCGGTCCGCCCCCGCGGCTCCCTGCCAGGCTCTCGCGGGCGCGCTCGGGGTGGGGCCTCGCGGCTGGCGGAGATGCGGCCGGGGCTGCGCGGTGGTGATGCGAGCCTGCAGGGCGGCGCGCCGGGGCAGCCGGAGCCGCGCGCCGCGGCGCTGTAATCGGACACCAAGAGCGCTCGCCCCCGGCCTCCGGCCACTTTCCATTCACTCCGAGGTGCTTGATTGAGCGACGCGGAGAAGAGCTCCGGGTGCCGCGGCACTGCAGCGCTGAGATTCCTTTACAAAGAAACTCAGAGGACCGGGAAGAAAGAATTTCACCTTTGCGACGTGCTAGAAAATAAGGTCGTCTGGGAAAAGGACTGGAGACACAAGCGCATCCAACCCCGGTAGCAAACTGATGACTTTTCCGTGCTGATTTCTTTCAACCTCGGTATTTTCCCTTGGATATTAACTTGCATATCTGAAGAA,5.601792711230571,2.485888598904614
3795,ENST00000356860.7,ENSG00000153956.15,CACNA2D1,81946444,82443798,4.17197109474747,7563,5907.79,604.385,2.30489,AGGGAGGAAACCGAGAGGGAGAGCGAGAGCGCGCGAGCGCCGGCGGGCTCGCCGAGGTCTGTTTCCAAAGTCGCCCTTGATGGCGGCGGAGGCAAGGCGGCCGCGGCGCGGAGCAGCCGACGCACGCTAGTGGGTCCGCCCGCCACCGCCCCTTCCTCGGCGTCCGCTCCCGCCCTTGCCGTCCCCCGCGCGGCTCCGCGCCTCGGGCCCCGGGCGCAGCCAGCCCTCCAGACGCCCGCGGTCCCGGCGGCGTGTGCTGCTCTTCCTCCGCCCGCGGTTTCCAGCGCCGCTCCTTCCCCCGCTTGGGCAGGGAGGGGGCATTGATCTTCGATCGCGAAG,1.8100521477152796,0.8560312620413424
3796,ENST00000433078.5,ENSG00000135185.11,TMEM243,87196160,87220587,19.024552690005525,1273,1091.22,58.0641,1.19883,GGGCGGGCCGACTTGCGACGGAGGCAGCGGGTCCGGGTCGGGGGACCTGAGAAGGAGCCGGGAGGTGATCCGCAGCGCTGCGACGGGACCGCGCGATTCCTCTCCCACGCATCTGGCCCGCGTTCCTGGGCCTCGGCACCGGATCCCGGCGGGGGTGTGGACCCAGGGCCCACTCTCCCCGGCGCGGCCAGGGCCCCCCAGCGTGCGAGCGCCTAGGGGATGCCGAGCTGCTCAAGATGAGGAGGTGCGCGGGGCCGGGGCGGAGCAGTCGCGTTCCCCGCGTGTGAGCCCCCACCCATCCCTGGCGCCAGCGCTTCCCCGACCACTCGGGTTCGGCTATGCGGGAGCCGTGAGGAGGAGGCTTGCAGTCGTGGACCTGAGACCTCGGGAGGTCATGCTGTCTTGCTTTTAAGTGGCTTGGGGAAAGTGAAGAAACCCCAAA,15.869266443119978,3.988163536019967
3797,ENST00000622132.4,ENSG00000085563.14,ABCB1,87503633,87713323,23.37499835091624,4778,4430.47,888.642,4.51896,TGCAACGGAAGCCAGAACATTCCTCCTGGAAATTCAACCTGTTTCGCAGTTTCTCGAGGAATCAGCATTCAGTCAATCCGGGCCGGGAGCAGTCATCTGTGGTGAGGCTGATTGGCTGGGCAGGAACAGCGCCGGGGCGTGGGCTGAGCACAGCCGCTTCGCTCTCTTTGCCACAGGAAGCCTGAGCTCATTCGAGTAGCGGCTCTTCCAAGCTCAAAGAAGCAGAGGCCGCTGTTCGTTTCCTTTAGGTCTTTCCACTAAAGTCGGAGTATCTTCTTCCAAAATTTCACGTCTTGGTGGCCGTTCCAAGGAGCGCGAGGTCGGA,5.172649979401508,2.3709035711924678
3798,ENST00000341119.9,ENSG00000075303.12,SLC25A40,87833568,87876357,38.741951066237526,4045,2857.86,319.866,2.52168,GCCTCGCTCTGGCCCTGCAGGTTGTGTTTCCGCCTCTACCCCGCCTCCATTCCGTTGCTCTCTCAGTCTCAGACCCGGGCTCTCGGTCCGCCGCTTCAGGTCTTGGCGCAGCCTCAGAGAGTTGGCGCGGCTCTGTGTTGACCAAACCTAGTGGATGCAGTTAGCGCCGGAGCCCGGCCCCGCCCGTCACCAGGGTTATTCCCGCCTTCTAGGTTTGCCAGGACTGCCGGCCCTGCAGCTGCCTTCTGCCCCAGGTTTTTGGCTACTGATGTTACAAACAATAAAATATTGGAGCATAGAGTTGAAGAACAGACTCAAACCAGGTTTTTATTTAATTAGTTAAAAAT,15.363547740489485,3.9414394956213603
3800,ENST00000265729.6,ENSG00000075142.13,SRI,88205118,88226993,139.6072447879293,2010,1445.5,493.506,7.69193,GGGCGGAGAGGCCTGGCGCACAGGGCGAGGGCGGCTGCGGCGCAGTCTGCAGC,18.149832979230087,4.181884367012236
3801,ENST00000351870.7,ENSG00000127989.13,MTERF1,91692008,91880720,26.3190981008561,1997,1469.84,141.394,2.16732,CTAGCCGCTCCGGACCCCAGAGGCGGAAGTAAAAGCGAACTACAGTGGATGGGTGCAGTTCAGGAGATAGCTGTTCTCCAGCCTTTCTGGAGGG,12.143614279781525,3.602125966849887
3803,ENST00000003100.12,ENSG00000001630.15,CYP51A1,92112151,92179531,62.10431644584707,3210,2729.61,1060.24,8.75116,TTCTGTGACGCACGGGGTGGCGCGCGTGGGACCCGAGGGGTGGGGCTGGGTTTAGTAGGAGACCTGGGGCAAGGCCCCCTGTGGACGACCATCTGCCAGCTTCTCTCGTTCCGTCGATTGGGAGGAGCGGTGGCGACCTCGGCCTTCAGTGTTTCCGACGGAGTGA,7.096695346199483,2.8271473742621196
3804,ENST00000265734.8,ENSG00000105810.9,CDK6,92604921,92836594,43.78842365465804,11612,10271.9,1980.18,4.34325,AACCTCTCCGCGCGAAGACGGCTTCAGCCCTGCAGGGAAAGAAAAGTGCAATGATTCTGGACTGAGACGCGCTTGGGCAGAGGCTATGTAATCGTGTCTGTGTTGAGGACTTCGCTTCGAGGAGGGAAGAGGAGGGATCGGCTCGCTCCTCCGGCGGCGGCGGCGGCGGCGACTCTGCAGGCGGAGTTTCGCGGCGGCGGCACCAGGGTTACGCCAGCCCCGCGGGGAGGTCTCTCCATCCAGCTTCTGCAGCGGCGAAAGCCCCAGCGCCCGAGCGCCTGAGCCGGCGGGGAGCAAGTAAAGCTAGACCGATCTCCGGGGAGCCCCGGAGTAGGCGAGCGGCGGCCGCCAGCTAGTTGAGCGCACCCCCCGCCCGCCCCAGCGGCGCCGCGGCGGGCGGCGTCCAGGCGGC,10.081948691569226,3.333702612291436
3805,ENST00000379958.2,ENSG00000205413.7,SAMD9,93099513,93118023,4.346281296178073,6852,5030.73,335.602,1.50299,GACAGAAGCAGAGAATACATAGACTTCCGTTAAAACCAGAATGAGGAAAATACTTTTCTCTAGCATCGTAGGAGGAAGAAAACAAACACATCAGATATTTTCAGCACTAAAAGAGATGGTTTTCCCCACATATATGTAAAAGAAATTTGCAAGACTACTGGATTTTGATCTCATGGTTGCAGTGGGTGAATAGGTGGCCTTTTGTGATCTCCTACATCACCCTGGAAGTGAGACTTCTTCGGTTTCTTCTAGAGTCAGTTTGGTATCAGA,2.8917566292377677,1.5319461399217806
3807,ENST00000222543.9,ENSG00000105825.11,TFPI2,93885397,93890991,27.86752594942672,2444,1878.55,309.043,3.70645,ATTACTGACACAAACGCTCCCTCAGGGCGTCCCCGTCTGGACTACAGGAGAAAGTTTGGGAGGCAGGTTCAACTTTTCAACTTGGCGGGGAATTCCTCTCCCTCTTACACAGTTTGCAGCGCGGGGGCGGCGGGGTGACAGTCCCCGTGCATGAATCAGCCACCCCTCAGGCTCCGCCCCGGCGGGGGTCGGCCGGACGCTCGCCCCGCATAAAGCGGGCACCCGGGCCGCCTGGAGCAGAAAGCCGCGCACCTCCTCCCGCCAGGCGCTTTCTCGGACGCCTTGCCCAGCGGGCCGCCCGACCCCCTGCACC,7.518656922237376,2.910474972450612
3808,ENST00000222547.7,ENSG00000105829.11,BET1,93962762,94004382,77.94929866705581,1504,982.799,351.479,8.05744,CGGCGCGGTGTTTAGACTCCACTGATGTCGTGGCGCTTTAGGGGAAGAAGTTGGTGTTTCGCTGGGCCCTGGTACTGAAGACGCGGTCCGGGTCGCCCCTAGCTGTTTCCTACTCACCCAAAGCCCCGCACCCGCCTTTTCTCTCTCTCCTCTGGCAGG,9.674201566137112,3.2741425972666107
3809,ENST00000265735.11,ENSG00000127990.15,SGCE,94585230,94656209,44.90185713972159,1694,1494.7,628.102,9.46756,CGGGATTACCGAGGGGGTGCGGGATGCTGATGCTGAACTGGCCAAGCTGGGAGGGAAGAAGAAAGGGAGGGGAGGGGAGAATCGAGGACGGACGGCCTAGCCAGGCCAAGA,4.742706372045341,2.245710551801982
3811,ENST00000633531.1,ENSG00000105854.12,PON2,95404863,95435329,38.98039826806522,1653,1298.4,572.607,9.93594,GGACTCGGCCTAGGCGGAGGACGGGGCGGAGCGCGGCCGGCACCATCGAGCCGGGAAGATGGCACCGCCCACGGAGCTGCTGGCCAGGCCGGAGCGAGGCAGCGCGCCCGGCTCCCGCGCC,3.92317166448924,1.9720204641656789
3812,ENST00000265631.9,ENSG00000004864.13,SLC25A13,96120220,96322147,64.5863054626703,3136,2829.32,1343.42,10.6978,GGCCAGGAACGCACGCTGCCTGGCCGTATCGCCGCCCCCACCGCCGCCGCCGCCGGGACTAGAAGTGAGCCGCCCGGGTCCCAAACGCCAGCCAGCCAGTCAGTGGGTCCCGCAGTCGCCCGCAACCGGGGCGAATC,6.03734463746474,2.5939141587073165
3813,ENST00000248566.3,ENSG00000127922.9,SHFM1,96481626,96709891,745.2078102052765,1314,790.647,429.296,12.2331,ATTCTTTCCCCAAGTCTCTATGGTAGCGTCAGCGTCGGAGGCGGTAGTGACGGTGGCGTTTCCTTGAGGAAGAGTGAGGGTTCCAACTTTTCTGCTTATCTGGGAGGTGTTGGGCGCGGACAGTCGAG,60.917331682507005,5.928780844776859
3814,ENST00000005260.8,ENSG00000006453.13,BAIAP2L1,98291651,98401068,39.09141114852305,3622,4287.19,804.836,4.22957,CTCCTCTGCTCCTCGAAGAAGGCCAGGGCGGCGCTGCCGCAAGTTTTGACATTTTCGCAGCGGAGACGCGCGCGGGCACTCTCGGGCCGACGGCTGCGGCGGCGGCCGACCCTCCAGAGCCCCTTAGTCGCGCCCCGGCCCTCCCGCTGCCCGGAGTCCGGCGGCCACGAGGCCCAGCCGCGTCCTCCCGCGCTTGCTCGCCCGGCGGCCGCAGCC,9.242407892178885,3.2082687609000606
3815,ENST00000361368.6,ENSG00000198742.9,SMURF1,99027438,99144100,7.164575312468985,5581,6828.37,452.346,1.49251,CGGCTCGGGACTGGGCTCGGCTGGAAGCAGCGAGGGTCAGAGCGCCGCAGCAAGCGCCGATCTCCCGGCTCGACCATCCGCCTGCCGCCCGGACGCCTGGGCCGCGGAGTTTGTGTCCCGGCTCGGACCCCGGCGCCCAGCCCGGAGCCGTAACCTTGAGGCGGCGGCGGCGGGGCCGGGCCGGGCCGGGCTGGGGGGCGGTGGCGCTGGATCCGCGGCTGCCCGATCGTTGGCGGGAG,4.8003533058197165,2.2631405920413252
3816,ENST00000350498.7,ENSG00000106244.12,PDAP1,99392048,99408829,54.11795958426855,2546,3174.54,1406.62,9.98288,CTCACTTCCGGTGGGTGGCAGGCAGGGCCACGCGTCTTCCCGAACGGAGAGACTAGGGGCGTTGTTGCCTGGCAGCAGACGGGCAAGCCTGGACTTAGGCGGCGCGCAGGACGGTCCGACTTCGTGCGGAGGCCTCCCTGAGGTCCGGGTCCTTGCGGCCACTGCGGCCACTGAAGCGGCGGCGGCGGCTGGCCCAGGAGGAAGAAGTCGAGCCCAAGCTATTTCCGGTTCCGGTGTCAGTTCGAGGCGCCGCCGCCGCCGCCGCAGCCGCCGGAGCCGCA,5.421076841980325,2.438579456796062
3818,ENST00000292478.8,ENSG00000106246.17,PTCD1,99416739,99466331,30.28297843091752,5582,7986.67,555.113,1.56595,CTTGCGCCTGTCCAGGCACTGCCAATCGAGACTCCGCCGTTCCGCTAGTCCCAGCTAGCCGCCAGCCGAACACCGGCCTCGCCAGAAACCTGAAACCAGCCGCGTGAGTCGGCGACGCGGATTGCGCCTGCGCGCTTGGGGAGAGGGGGACCCGAGGAAGAGACTGGTTCGCCGCGGGGACCGGGCAGGGCTCCCCGTCGGAGTGCACTGCGCCGGACACTTCAAGCCCTGGAGGGACAGGAAAGCCAGAA,19.338406993146346,4.273397052176591
3819,ENST00000359832.8,ENSG00000241468.7,ATP5J2,99416739,99466331,265.31223106642665,323,121.681,118.184,21.8826,ACAGCGGACACCAGGACTCCAAA,12.124346789980471,3.599835117796098
3823,ENST00000337673.6,ENSG00000160908.14,ZNF394,99486519,99500324,48.57269510905121,2179,2489.53,181.924,1.6464,GCTTCCGGCACGGGATGTTTTCGGTTGTTTGACCGAGAGAGTTGTAGGCGCAAAGCTGAGGAAAGGAGAGTGTGGAGAGGGGCCTGGTGTGGTGGGGCCCGGTGTTTGGGACCGGAGGGTGTTGACGGCTGATGAGTTCCTTGGGTTTGCTCTTTCTTCACCTGAAAAGAAGACTCCAGGAAGGGCAGCACATGCCGGAGAAAG,29.502365833971822,4.882758745635789
3825,ENST00000449309.1,ENSG00000221909.2,FAM200A,99546308,99558536,27.06602745610707,2480,1885.43,194.926,2.32929,GTGACGCACTTCCGGCTTTTGTGACGCTTTCCCTGGGCTCTGAAGGCCAGGGGGCTTGGATGTGAGTCTAGTGCTCCTGGTCCCCAAAGTCACAACCCCTTCTATCCCAGCATCCCAGACTTCTCCGGGCGGGGACAGAGTTGGACGTGCATGGCTGTGTCCTGCAATCCCCTCGCCACGACCGCCCGGGACGGAGTGGAAGCGGGTCCGTGCCCCCGTTCCTCGCGCCAGCCTCGGCGGTGGCAAGCGCTGTCCCCCAGCAGAGGTGTCCCTGGATACAGGATAGCAAAACCTGATCTCATAAAACCTAGGTCACAAAGGACAGCCCTGCAAAACAGACCCTATTTGGATCAAGTGAGCCAGTTCCTGGAACCTGAATA,11.61986161281209,3.5385209819001493
3827,ENST00000349062.6,ENSG00000146833.15,TRIM4,99875987,99919600,21.361393015597272,3374,3530.8,439.23,2.80272,CGGTCTTGCGCGCTCAGGCCGGGCAACGTCCGTGCGTTCTTTTTGGGTCCTGAACCCCGGAAGAGAAACTGCGTTGTACCCTTTTACGTGAGGCGGTGACGGCGGTTCGGAAGTCGTCTGGCCTCCCCGCGGCCGCTCGCAGCTTGCTGGCCTCTCCCGCGCCTCACGTCGGACTCCGTCTCCGCGGCAGGGAAGCAGC,7.621665030968942,2.9301062036920253
3829,ENST00000299667.8,ENSG00000166526.16,ZNF3,100064033,100082548,9.352439455700848,2799,3170.55,422.28,3.00074,GGGAACTTCCGTTCTTTGTTCTGTCCCCGGTGTGTGGGTCTGTGACAGGGTCCAACAGGGCCTGGTCCGTGTCCGGTCCCCCAAATCTGTCGTCCCTGCCCCCAGGCATTGGCATCAACAAAAGTCAGAATTCCCGGGAACTTGAACAGAGGCTGCTAAATTCCCAGTAATTGCTCCTTTGGCCTTCTAGGGACTGACTTCAAAGAAGGAAGGAAAGAATCAGGCAGTGCTTCCTCATTCTCTTTTAAAACCCGCTTCCCGCTGAGTCTGCACCCAGGAGACCAGAGAGCACCTTGCCCTTCC,3.116711029846254,1.6400243997070372
3830,ENST00000303887.9,ENSG00000166508.17,MCM7,100092728,100101940,466.6205513973021,2957,3919.47,8720.05,50.1249,AGTCCCGTCAGCTTCCGGTAGAAGAGCTCGGCCACATCCCGGCCGCCACTGTCCCCGCGGACTGGCGGGTGGAAGGACTCAGTGAAGGATCCTGCGACACAGGCTGGCCCTGGGCGCCCCTCCCGCCCGGCCCCTCCGCCCCTTCCCAGCCCCAAGGGTCTAGGATACAGTCTTTGTAGATGAGCGGGTCCCCCTTGGAGGACAGAATGAAGAATTGGGAAATCATGGCCGTTCTGGAGAGTAGACAAGAAGACGGCGAAAGTCGGGCCTGCCCCGCCCTGCGGCCCCGGAACAAAAGAACGCGTGTGCGCTGGCCCTTTAAGAGCGATTCTCCTCCGCCCGCGCCAGCTCGGACCGCGGGAAACCCGGCGCCTGCACTACCCCGCCCGGAGATTCCCTTCCGACGCCCGCACCGCCTCCCCGTCACTCATTCTAGGCCCGCACGGTGATTGGCTTGCGGCTAGCGGGAGGTGAAGAAGGCCGCCTTGTCCGATTGGCCCGCACGCAGTGGCGCCGGTCACGTGGGGGGCGACGTTTCGCGCCAATTTCGGTTGGCCGGCCACAGTCCACCGCGCGGAGATTCTCAGCTTCCCCAGGAGCAAGACCTCTGAGCCCGCCAAGCGCGGCCGCACGGCCCTCGGCAGCG,9.309156754373618,3.2186504909440474
3831,ENST00000453269.6,ENSG00000106290.14,TAF6,100107070,100127139,28.86479487787724,2464,3391.57,342.63,2.27607,GACTTGCTCTTAGGCTCTGCCAGGACCTGCTCCCACGAGGGGGCGGGGCCAAGATGGCGCCGAGCGCCGGGTGAGCAGCGTCTCGGCTGCCGCTAGAGTTTTCCTGCTCCCCGCGCTCGGGTGGCGGGGGCGGGTCTGAGTGGTACCCCGGAGGAGACCCTTTGAAGGTCCCTTGTGGGGACTGGAAAGAGGACGGGTCTCCGTCTCTCCACCGGGGGCTTCATCCTTCCAGGGAGGAGAAGAGGGACTCCAGA,12.681857270592399,3.664694139959144
3832,ENST00000292330.2,ENSG00000160813.6,PPP1R35,100435282,100436565,54.03862611986931,1031,1225.26,152.428,2.80283,GGAAATGACGCCTGGGAGCGACAACAGGGTGGGTGGGGCTGCTGACTCCGCCCCCGAAGGAAAGGGTTAACGGTTTCCGGTAGCGGCGTCTAGGAGGGGCGGGGGAAAGGAGGCGGCAGCCAGGCTGTGTCCCCTGACCGTTGGAGCGTCTGCGACCCCCGCATCCCCGCACCCTCAAGGCACCTCCAAAG,19.280022734118482,4.26903484761606
3833,ENST00000300181.6,ENSG00000166925.8,TSC22D4,100456615,100479279,177.54096553404014,2383,3993.8,398.939,2.25051,GGAGGAGGAGGAGGAGGAGAGGAGCAGTCAGCAGGCCCGAGGAGGCAGGACTTCCTGGTGTGGGGGTTGTCAACAGCCCAGAAAGAGAAAGACGGAGAGGCAGAGACCCAGGGGAGCCGAGGAGCGGAGACACGGACCCAGCAGGGTCACGCGGGAGGAGACTCGGGACACCCACTCGCTGGCTGCCACCGGGAGCAGAGGGGGGCTCGGCCGCCCCCTCCCACATCAGTCTCCAGACCCTTGGGGCTTCAGAGGCCGCTCCTAGGCTCCTCGGAGGAGGCGCGGGTTTCTTCTTTTCCGGAGAGCAAACTTTCCTCGGAGATGCCTGGCAGGATGAGCCGCGGCCCCCGGAGAGGACGGGACAGCCTCTGATCGCCGCCTGCGTGCCCCGCCACTGCCCATGGCCAGGAGGCCCCAGGGAACGGACAGCCCGACCTCTTAGGCGCCGGGACCCTCAGGCTCAGATCAGTGGCCGAGGCCCCAGAGTTTGCAAACTCAGCTCTGGAGTTCAGCAGCAACAGCAGCAGGAAAAACCTGCCCCTGCTCCCCCCTCCCGCCACCTCCCCTCTCCTCTTCTCCCCTCACCCAGCAGGCACCCCCGGTTCCCGCCAGGCCCTCCTGCCATGTCGGACCCAGACGTCCCCAGGGGCTCGGATGTCCCCGCCATGTGGCCCCCTTGTTCCAGGGGTGCCTGAGCCCCTTCAAGGAGCCCCAACCCACCCCCAACCTTGGCCCAGCCCTGAGCCCCAGGGACC,78.88921423767952,6.301756162813211
3836,ENST00000310300.10,ENSG00000077454.15,LRCH4,100572228,100586153,6.331152129920957,2552,3922.99,320.629,1.8414,GAAGGAGGGACGGCCGGTCCCGTCAGTCAGGCAGCGGGAGCCGCCGGGAGCGG,3.4382275062023226,1.781665010554909
3837,ENST00000275732.5,ENSG00000146830.9,GIGYF1,100679507,100689448,4.871344853062485,6530,10043.2,802.959,1.80129,CCTCTGCCTGGGGCCCCAGGGATGCGCCTCCTCCTGAAAGTCCCCTCCATCCTCCCTTAGAGGAACAGGCTGCCGCCGCGCCCCCATCAGCCTCCATTGCCCTGACCTTATTTCCACCTGATGGTGCCAGAGGCTGCTTCCCAGCTGGTATCCTGAGATCCTCGTTCCCTTGGTGGCTTGGTTGTTTAAGCCTCCATTATTGATTGGGGGCGGTGGTCTGGGTGTGATTCCTGTGGGGGAAACCAGCCCGAGGTGCCTTGGCTCAGGCTTGCCTGCCTGGAGTCCTTGTCGTGTACCCGTCTGTGGCCCTAGAGTCACCTCCTGCTCCTTTTCACTGGGTTTCTCCCCAGACCAAGCCCCTGGATTTGAGCTTCTGAGCAGCCAACTGATTTTTTTCATGAGGGAAAGAATTTTGCTCCTAGATTTATTTCTAATCCTTTTCTCCGTAACTGACCTTTTCTCTGTAAGCTATTTGTGGCTCTAGTGGGTTTTTGTTTGCTTGCTTGTTTTTGTTTTATCTTTGCCCTGAACGTCCATCCTGGCCTCGGCTGCCTCCCTCCCCGAGTTCTTCACTACACCTCCTGTCTCAGCCTCCCAGAGAGGGTGGCGAGGGTGCTGATGCCCAGAGACACCATCCGGCGAATGGACCTCTCCTGTCATGCGGGGCAGGGCAGGGCTGCCGGCAGAGCCATGTCCTGAACCCTCCCTCCTCCCCCCTGCTCTCCTTAAGGGTCTTTCCCAGATGTGAAGGTCCCTCCCAGGCTCTACTGAGGTCAGACCAATTCCCAGTGGCTTGGGTACCCTCGTTCACTCCAGCACCAGCCCCTGCCCTCCTTCTTCCCGGGCCAGGCTGCCAGGTGAGCCCCGGGCCAAGGGTGGTTGCCCTGCTGAGGCCGAAAGGACTCGAGCTTCCCATCTCCTCGCCTCCCCCAGGTCTTTCACCGTCTGGACTCATCTCTGGGTAACTCATGGTGTGAGTGGCCACGTGGCTGGCTCAGGTGAGTCCTTTTAGACCCCAGGTGACCCACCAGCTAGTCCGGGGCCCATTGTTGTGCCCACTAGGATGTCCCCCATGGTGTCCTCCCTGCGCTTTAAAGTTCTCCTTCGTGTGCTGTTCTTCATGGCCCCTGTTCCCCCACAGGTGTTTGGACAGTGAACGCCAGGTCCCCTCCTCCCCACCCCCGGCCTCTCAAACACGCCCAGCCCCACG,2.704364568205278,1.4352896506173392
3838,ENST00000358173.7,ENSG00000196411.9,EPHB4,100802565,100827521,15.797031632392374,4329,6539.46,651.338,2.24402,CCCGGCCCGGCCCGCCCGGCTCCGCGCCGCAGTCTCCCTCCCTCCCGCTCCGTCCCCGCTCGGGCTCCCACCATCCCCGCCCGCGAGGAGAGCACTCGGCCCGGCGGCGCGAGCAGAGCCACTCCAGGGAGGGGGGGAGACCGCGAGCGGCCGGCTCAGCCCCCGCCACCCGGGGCGGGACCCCGAGGCCCCGGAGGGACCCCAACTCCAGCCACGTCTTGCTGCGCGCCCGCCCGGCGCGGCCACTGCCAGCACGCTCCGGGCCCGCCGCCCGCGCGCGCGGCACAGACGCGGGGCCACACTTGGCGCCGCCGCCCGGTGCCCCGCACGCTCGCATGGGCCCGCGCTGAGGGCCCCGACGAGGAGTCCCGCGCGGAGTATCGGCGTCCACCCGCCCAGGGAGAGTCAGACCTGGGGGGGCGAGGGCCCCCCAAACTCAGTTCGGATCCTACCCGAGTGAGGCGGCGCC,7.039612673858689,2.8154960526018242
3839,ENST00000388761.3,ENSG00000176125.4,UFSP1,100888723,100889718,29.775087640295972,996,1177.85,60.0,1.14769,AGCATTGTGGGAGCTCCTCGGTCGGTGCCGGTCGGTGGCTGCCTATTGCGGCCTGCGGTGATCAACGAGGCCCGGGGAGCGCGTCCCCAGTCTGCGCGCCGGTCCTGCGGCAGCTGGCCCAAGACCCGGAGCCGAAAGGAAGTGTTGGAGCCTGAGGTCGCTCCGCGCCGCTAGGAGGACGCTGTGCCTGGCCTGGGACCTCCGCTCCCGCCCACCGCCCTGGAGCCGCTGAGGGACGTCCACGTGGGCCTGTCCCCGCCGAGCCGCGGCCCTGTCCGCCTGGCGCTGCTCTCGGGCCACTACCTCTACTACCACTACGGCTGCGACGGCCTGGACGACCGCGGCTGGGGCTGCGGCTACCGCACTCTGCAGACGCTGTGCTCGTGGCCAGAGGGCCAGCCCGCGGGCGTACCTGGACTGGCCGCCGTACAGGCGGCCCTGGAGGAC,25.94349313864891,4.697300837951104
3840,ENST00000223127.7,ENSG00000106397.11,PLOD3,101205977,101218420,23.192834979715133,2920,4202.66,436.93,2.34234,ACTCTCTGGGCAGGGCTGCGGCCAGGACCCGCCCCCGCGTCCCGCCCGACCCTCCGCCAGGGGTCACTTCCCCTGTCCAGGTTTCAGCTTCCACATGTGTCAAGCGGCTGGCTCAGCCCAGAGTCCCTGTCTCCCGCCCGCCGGCCCGAGCCGCCGCCCCTCCCCCGCCTCCCGTGCGCCCGGGACAATCCTCGCCTTGTCTGTGGCGCCGGCATCTGGAGCTTTCTGTAGCCTCCGGATACGCCTTTTTTTCAGGGCGTAGCCCCAGCCAAGCTGCTCCCCGCGGCGGCCGCACAGCAGCCCGAGCGCCCCCTTTCCAGAGCTCCCCTCCGGAGCTGGGATCCAGGCGCGTAGCGGAGATCCCAGGATCCTGGGTGCTGTCTGGGCCCGCTCCCCACC,9.901566373675527,3.307656769715527
3841,ENST00000223136.4,ENSG00000214253.8,FIS1,101239458,101252316,139.42270050279188,734,793.305,459.629,13.0536,AGTGGTTCTCCGCCCCTGCCACTGGGCCATGGAGACTGTGGCACAGTAGACTGTAGTGTGAGGCTCGCGGGGGCAGTGGCC,10.680785415731437,3.416945834957559
3842,ENST00000422177.5,ENSG00000128581.15,IFT22,101313367,101321823,22.837500261954133,1785,1638.58,75.9373,1.04412,ATGGAAACGAAAGCGGCCAAGTAGAGCTCCGTCCTGACGCGCCGCCTCCCGTGGGCTCCGGCCGGCTAAGCCGCGGCGGACAACT,21.872486172043573,4.45104531089391
3843,ENST00000292566.3,ENSG00000160993.3,ALKBH4,102456238,102464876,35.681106788761,2105,2840.01,247.373,1.96243,CCCACGGCCGCGCCTGCGCACTGGCCACGCGGACGGCGCG,18.182104222194422,4.18444726775567
3845,ENST00000379263.7,ENSG00000105821.14,DNAJC2,103312474,103344873,56.14846582240756,2167,1570.92,1159.62,16.6311,AGCCGGATCTCAGTCAGTATAGAACTAGGTTACCGCACACGTTGGCGGGGGTGGGAGGGTGTGAGACTGGCCTCCACACCACGAAAGATCCATCCCGGAAGTGCTTACTGGTCGTCTCCATGCGCCGGTTCCTGGGCGTCTTAGAGCCAAGGCGCGAGGCTCGGAGTGAGAGGTAGAGCTGGAGGGGACCCTAAGCGCCCTCCGCCCGGGACGTGAGCCGCTGCGCCCACCGGGCTAGACCCGGCGCCATC,3.376112573576466,1.7553630102751847
3846,ENST00000297431.8,ENSG00000164815.10,ORC5,104126341,104208047,70.14834071502591,1958,1459.33,885.942,13.6778,AGCCCGGCAGCGCAGGCTCCTCCCACGACGCTGCGGGTCCGGTTTCCGGCGGGAGCGTGGGCCGCCAGACTCGGGAGAGGCTCCGTCTTGTGCAAGGGTCCTGTGGGCTGGCTGCACTGGCCTCTGCGGTGGTGCCTGCCAGA,5.128627463117308,2.358572779614542
3847,ENST00000393651.7,ENSG00000135250.16,SRPK2,105110704,105399308,14.397469006790098,3650,3167.83,977.679,6.95339,GGCGGAGCGAGTGGAGGCTGCAGCCCAGCTCGTCTCGGCGCCCGCGTCGCCGTCGCGAAGCCCCCCGCCCCGCTTCCGCCGCGTCGGA,2.0705683136988,1.0500268019392103
3849,ENST00000356362.6,ENSG00000091127.13,PUS7,105439661,105522267,55.0692197623225,3480,3044.61,766.555,5.67248,CGCGTCGCTGCGCCGCACGTGTGCGAGCCCGGCCGCCGGTGAGTCGGCTGGAGCGCATCTGGTCCTCCGCGCGGAAAGCGCTGCTTTTGCCTGGCCGCCCTAGCCGCTGGCTCATCCAAGTGGCCTTCGCCGCTCTCTTGCGTCCCAACCAGAGCGCTGGCCACCTCGCCGCCCAGCTCACGCCGCGCCCGCGCTCCCAGGCTCCGGCCTTAAAG,9.708138197459046,3.2791946457129586
3850,ENST00000455385.6,ENSG00000008282.8,SYPL1,106090503,106112576,275.66966244723415,2151,1551.74,661.46,9.60389,GCCTCCGAGCCCGGCCAGCGCGCCAGCCCCGCCTGCCCTTCCTCGCCACCGGGCTGCTCTGGTCTCGTCGGTCCCCTCCTCCGCCCCGTCGTCCTGACTCTCTCTCCCTCCTTTCCTCAGAGG,28.70395875496639,4.843177817234313
3851,ENST00000222553.7,ENSG00000105835.11,NAMPT,106248285,106286326,37.07654474152962,4582,3459.04,2471.26,16.0962,GCTGCCGCGCCCCGCCCTTTCTCGGCCCCCGGAGGGTGACGGGGTGAAGGCGGGGGAACCGAGGTGGGGAGTCCGCCAGAGCTCCCAGACTGCGAGCACGCGAGCCGCCGCAGCCGTCACCCGCGCCGCGTCACGGCTCCCGGGCCCGCCCTCCTCTGACCCCTCCCCTCTCTCCGTTTCCCCCTCTCCCCCTCCTCCGCCGACCGAGCAGTGACTTAAGCAACGGAGCGCGGTGAAGCTCATTTTTCTCCTTCCTCGCAGCCGCGCCAGGGAGCTCGCGGCGCGCGGCCCCTGTCCTCCGGCCCGAG,2.303434645539296,1.2037866654941434
3852,ENST00000297135.7,ENSG00000164597.13,COG5,107201555,107564514,11.718260670736615,4060,3657.58,262.812,1.61888,ATTGGTCCTTTTATGGTTCAGACTTCCTTCTTCATCGACTCTCCCTAATTCTCTTCACTGTTCATCCCCAGCAACTTTTCTTCCCAAGCATTTCCTGCGGGCTTTTATTACCCCAGGAGTGCCAATCAAGGCGTGGAACAGATAAAGCTGTGTAGCAACTAACGCGTGACTCTTGTGAGTGTGGAGGGCAAACGAAGCTCCCTGAAACCTCCGCTCTGCTCTCCTGCCTTACGCCGCGCGGCCCCTGTTCTGAGGTTTAATACTTGCTTCACAGATAAGCGCTGCGGCCACGTTCCGGTGCCCACCTTCTCCTTGGCTAGGGCACGACGCCAGCCCAGGGGGCGCGGCCCTGAGCTGCTGCGAGAGACAGCTGAAAGCGCCGGCCCGACGGCCTTGGCTCCCTCGGTGCGCTGGGCGCAGAGCACTCGGACCCTGGGCGCCCACTGCTCGAGTACCTGCGCGGCTCCTAGCCAGGCTTAGCCCAGGCGCGGGCTGAGAGTCAGTTCGCCAGGTGGGCCTGGAGCC,7.238498635313682,2.855690493440754
3853,ENST00000222399.10,ENSG00000091136.13,LAMB1,107923799,108003255,61.90339975757144,5725,6210.12,1789.95,6.49387,TTGCGGCCGCCCGCCCCTTCAGCCCCGGCTCTCCGTATGCGCATGAGCAGAGGCGCCTCCCTCTGTTCCTCCCAAGGCTAAACTTTCTAATTCCCTTCTTTGGGCTCGGGGGCTCCCGGAGCAGGGCGAGAGCTCGCGTCGCCGGAAAGGAAGACGGGAAGAAAGGGCAGGCGGCTCGGCGGGCGTCTTCTCCACTCCTCTGCCGCGTCCCCGTGGCTGCAGGGAGCCGGC,9.532589928281817,3.252868236071951
3855,ENST00000379024.8,ENSG00000091129.19,NRCAM,108147623,108456717,3.848377184942732,5782,5465.41,272.559,1.12357,CGTCGAGAACGGAGGACACCGGCGGTCCAGGGTCCTGGGCAGTCGCGCCAGAGCTGAGCGGAGGGCGCGGCGCGAGAACGAATCTTTGTGACATTCTCTCTCAGCATTCTTTATCCCCTGTTTGCTGAAGACTTCGACAAAAGCTGGTCTTAGCTGTTGGCATTCTCCTGAGAAAAGGATAGCTTCAGAAATCAGAAAAACATTTGGGAGGTGTCTAGCCCAGTGGACCTTCTGAAGAGCAATGCTAAGAAGACGTTTGGTTTAAAGAATTAAAAGGAAGAACAACTTAAGAGCTTCTTCAAAGTTTCCCGCATGAAAATTACTTAAACGTTGCACACAACGTTTCACAAAATCTTTTGTGAAAGAAGAAAAGGAAATTCAGTGTGTGAGTCTCAGCAGGAGTTAAGCTA,3.425133445128236,1.7761601973795387
3856,ENST00000257694.12,ENSG00000135241.16,PNPLA8,108470422,108569750,10.735608679370232,3490,2573.13,231.952,2.03095,ACTTCCGCTGGGGGCGGAGCGGGGCGGGGCTGAGTGGGTGGCGACCTAGCTGCTGCGCCAGTGTTTGTGTTGGAAGCTCAGCTGATGCAGGCCGGTTGGAGTGGACGTCATTGCCGGGAACGAGCGAGTCGCCGCTGCAGCCCTAGTGACTGCGGCCTGCATCCCGATTGTCTTCTCCTCCAAGGTCTACATGATTACCTGAAGTTTAATAAGTAAGACCATGAATTATGGCATTTCTTAAATGAAGCGTTCAAGAAGTGAGAGAATGTCATAGAAAATAAATGATTTTTAAGTT,5.286003436505198,2.4021773628961296
3857,ENST00000415914.3,ENSG00000177683.13,THAP5,108470422,108569750,17.444190043534878,3306,2260.8,863.121,8.60144,GGCGGAAGTGAGTCGACAGACGAGGCGGCTTTCCCGGCAGAATGCTAGCGCAGGCGCAGGGGCTCGAGAGGCCTGGACCTGTGGCGCATCCTCAGTGAGGAGGGCCGCCCTGCATCCGTCGCCGGCCCCGGTCTCCAGGGGCCTCACCCGAGTC,2.0280546098717047,1.020096500630379
3859,ENST00000437633.5,ENSG00000128512.19,DOCK4,111726110,112206411,8.634607035172055,6212,6421.03,642.109,2.25303,CAGAACAATGACTGCGCCGCCGGGTACCCGGGAGCGCGTCGGAGGACTGTGAGCAGCCGCCGCCGGGAGAGCTGCGGGCGGCGCAGTGTCAACGCTGGGCTCGGGAGCCTCCAGCGCAGATCCTGCCCAGCGCCCGCAGCCCGCGCGAAGCCGCTGGGCTCCGGCACTGCAGCGCTGCTCGGGGACTGTGCATTGTTGTGAGCCGGAGAAGGGGCGCGGGGATTACAAAGCCTGAAGACCCCGGAGCCCCTTTAGCC,3.8324421047087944,1.9382639977861005
3860,ENST00000454074.5,ENSG00000146802.12,TMEM168,112762382,112790592,20.853834532165628,2659,2097.16,114.052,1.22528,GCGGATTTCGGCGGCGGAAACATGGCGGTCGCGGCCGGGCCGGTAACGGAGAAAGTTTACGCCGACACTGGCCTGTATTAGCGCGTATGGCCTCGGGCCCTCGTTCCCCAAGGCGTGCCGCCTCCCTGTTCTCAGTCGCAGGCTGAAGCCTTGTCTGCTCTCCTCCTTTTTGGTTTGGTTTTGGAACTGACTCCGAGGGTTGGGAGAGCGCGTTGGTGGCGACGGCCGAGTCAGGCTGTCTTTTGAAGAAGATCAGAATGGGGAAGAGTTTTGTAAATTAGCCATTTAAAAACAATCTGCCATGTTGATTTTGGTCCATAGGAAGATCACTATAAACAAAATTTCCACAAGAGAAAATGTTGAAATAGGAGTTGCGGATACATTGGATATACTGGATGAAATACAAGCGGTTAATTTTTGTAACGTGAGGGAAAAGCCCACATTGCTGGTTAC,17.019648188304412,4.089129310393356
3861,ENST00000297145.8,ENSG00000164603.11,BMT2,112819147,112939916,9.546605875038884,3981,2767.09,303.598,2.47194,AATCAGTTTGCACTTTTGGGTGAGGGTCCACCTCCAAGGCTGTCGCTCCGGTTCCTCTGCCTCCTCTGGCTGCTGCCTCCGCAGCTCCCTCCTCCTACCCCACCTCCTCCATCTGGGGAGCGTCTGCGGGGGCCTGAGGGGCGGCGGCGGCGGCGGCGGCTGCGAT,3.8619893181221565,1.9493441739432746
3862,ENST00000397764.7,ENSG00000214194.8,LINC00998,113116718,113118613,193.29901900290275,1070,651.123,995.98,34.4627,GGAGTCGGCGGCGGCAGGGATTGTGGGAAATGTAGTTTGGAGACTCCGCCCTCCTCGCCATTCCTGTAATGGCTGCTTCCTAGAAGGTCGTGTCACGTGGAACCTCTTAATCTCAGCATCCGGAGCTCCAGGAAGGGAAAATTTCAAGTCAGATAGAATTCTATATATACCATTTCTTTGGAACCTTCAGCCCTCAAGATTCCAACATC,5.608934268147962,2.487726675982324
3863,ENST00000160373.7,ENSG00000077063.10,CTTNBP2,117710651,117874139,2.40391429953497,5970,6253.09,291.637,1.05078,GGACAGCAGCGGGTTAAGTGCCGCCCGCGCGGAGACGGCTGAGTCCGGAGCCGCGGCTCCGAGCTCGCATTCGGATCCGCTAGAGCAGGAAG,2.2877427240097545,1.1939248179969275
3865,ENST00000222747.7,ENSG00000106025.8,TSPAN12,120787320,120858402,23.612704539148535,2798,2461.77,389.894,3.56829,AAGCCTGCTTCTCTATGCTTATAACCCAGCCTCCATTCCTTCGACGCCACCATTTTAAAGGGATTTACTGCACGGACTTCTCCCAAGTTCCTAGGCATTATCTTCTGGACCCTATCCTGCAGAGGTGAAGCGTCCCTTTGGGGACTCTCGCTGGGTGAGAGGGACAAGAAACACCCACTAGGACCCAACCCCGGCAGCCAGCGGCTCGAGCATGCGCTGAGAGTTTGTGCAGCTGGCCCTGGCTGCCGCCGCTGCCTCGTCCGGACTCGGAGAGGACTTGGGAGGGACAGCGGCGCTGGGAGGTGGCTTAGCAGAGACTTTCCAGCAACTGCTGCCCAGGACTTTTTTTTTTTTTTTTCTTTTTCCCAGGAGGCGGCGACGGCGGCGGCGGGGGGAGAGGAAGAGAAAGAAGCGTCTCCAGCTGAAGCCAATGCAGCCCTCCGGCTCTCCGCGAAGAAGTTCCCTGCCCCGATGAGCCCCCGCCGTGCGTCCCCGACTATCCCCAGGCGGGCGTGGGGCACCGGGCCCAGCGCCGACGATCGCTGCCGTTTTGCCCTTGGGAGTAGGATGTGGTGAAAGGATGGGGCTTCTCCCTTACGGGGCTCACA,6.617372618018304,2.7262585186406487
3866,ENST00000417368.6,ENSG00000008311.14,AASS,122075647,122144280,28.304187476115413,3163,3116.11,514.825,3.72227,AAACACCTCCTACTTCCCGGCCTTCCATCCCAGTTTCTTCTAGGAATTCGGAGCCTCCCCTGCAGCGACTCGGAAGATTCGAGGCGGCGGGGGACAAGTCGGCGCCCCAGAGCGGACGAGTCACCAGGTGTCAAG,7.604012464468029,2.926760896848574
3867,ENST00000412584.6,ENSG00000081803.15,CADPS2,122318425,122886759,10.846920244323398,4308,3917.03,258.23,1.48529,TTTTCCTTTCGTTCTGCGGCCGCTGCAGCCAGCCCCGCGGCTCCCTCAGACCCGCGGGCGCAGCCGCCGGGGGTGAGGCGCTTGGGGACCGCGGGCCGAGCGGCGGGGATCCCCGAGCACC,7.30289724183385,2.868468930731491
3868,ENST00000355749.6,ENSG00000128609.14,NDUFA5,123536997,123558255,115.93572872319956,1901,1369.85,345.848,5.68819,GTGCGAAGAACTAACTTGCTGTTGAGAGATCAATTCAGAGGATGCTCAAGCTCCGTTATCACTTTCATTTTACTAAACTGAGAAAGGAAGGTTGAGGAATGCATCAACGGTTAAGCACAGTGCAGGTTCCTACAGCGACTGGAGTTTTTTGGTAGTTGGGAGTGTTTCCCTCAATCTTTGGGCAAGCCGTCAGCAGTGGCAGGAACAGGAACAGACAGCTGGGAAACCCTTTCTTTCCCCAATCGTCTTCTAGCTTAGCTTTAGGCTTGTATGCCCATCGCGCATGCGTCAATTTTTCTCTTTTAAGATGGGCGGGGCAGAGTCTTTGCTCCTTTGGCGATCCTGAAGGGGTGGAGCTAAGCTGTTTCCAGGGTGACAGAGTGGCGACCTCGGTGGTCGATTGAGCAGGTCTGAGAATTGTTCCCAAAGGGTTGTGCGTCACCGAGTCGTTGGCGCTGTC,20.381831254441142,4.349211774605589
3869,ENST00000223023.4,ENSG00000106299.7,WASL,123681935,123749067,38.54257703938873,4435,3818.69,1160.0,6.84392,ATGTTGGATTGTGCGGCCGCCGCCGCCGCTGCGGGAGGGTTGGGGGAGGAGTTGGGAGTTTAGCGCAGTCGCCGGAGTGCGAGGACAACGACCATCCGGCCCTAGCCTGGCCGGGCGGGTGCCGGGAGCTTCCCTTTCTCAGCGCGGCGCGAAGGTGGCTCGCCGTCAGCGCCTGCTTCCCTCGACCTCGTCCTCCTCCCCGCTCCGGAGGAGCTGCGAGATGTGGCGCCTCTGACTCCACTTCTCCCCGCCCCTGTCACCGAGAGGGGGAACGAGCTCTCGCCCACTCGCCGGAGGAGACGGCCCTGGACTCCCAACCCCGCCGGCGAAACC,5.631652187545841,2.493558235467092
3870,ENST00000357628.7,ENSG00000128513.14,POT1,124822386,124929983,49.62059679717649,4080,3074.41,322.955,2.3667,CAGTATTTCGCCAAACCTCCAGGCGCCATCAGTGTGTGAACCGTTACGCAGCTGGTCCACCGCGGGCGGAGAACAAGCGACTATGCCCAGGGATCCTGCACGCATGCGTGGAGCTGAACCGTCAGCGTGCGTGTGACGTCACCTGCGCGCCCGCCTAAACTCTTCCTAGGGTTCTTTCTAGAGTACGGCAGCAAGTTGTCAGATTCCCTAGTTGAATTTGCTTTGGACATCAGTGTGAAGCAGAACTGATATGCCACTTGAATTAATAAAGGAAGTCAATGGGGTGCCTGAAGTTCAGCCGCTGAGTAAATTACATAAAGTAGATTTCGGATCCCTACAGCCAGGTTACAATTATAGCAAGAAATATATTCAGGGAAAACTTTCACTTATCTCTTCTTTAACTTATCGTGGAAATAAAACAGCTGTTTTGCAGATTGGACTACAAGGACACCATTGCAGTGGCTAGATTTATTGTTTTTTTAGCTTCTTCATCTACAAGCAGAGATGGTAAACCTTGCATATTTTTGAAAGCATTTGAAGACCTCAAATCAACTGTTTATGTTTATGTCAAATCTTTAAGAGATTTTTCTACAGAATCA,20.966154052975238,4.389990338412048
3872,ENST00000265827.7,ENSG00000048405.9,ZNF800,127346790,127431924,15.99090771494296,4203,3265.06,197.624,1.36368,TGTCGCTGCCGGAGAGTCTCTGCTTCCCCCTTCCTACGCGCTCCGCGGCGGTAGCTCGGGCTCTCCGGAGGAGGGGGCGACAGAGTAAAAGAGAGGCTGACTTAATAAAGTTTCCTGAAACAACAACTACCACCGAAAAGGCCCAAGGTTGGGGGAGACCCCCATTTTTCTCCGCCCCTCTCCTAAAGCCTGAGGGACCGTTGCAGGTGGAGCGGCGCTGGTGGGACCCGGGTTGCGGCGGCAGCCGTTGCCCCGGCGAGGGAAGCCTCAGGTCCTGCCCGCTCCGGTTCCGGCTCCTTCGGTGGTGGCGGCGGCAGCTGCTGCCGGGCGGTTCCTCCTGTCAACTGCCTCCGCCCGCGCGCCTCCCGCCTAGCCACACAGCGCGGAGGACGCCGTGAGCCGCCGCCGCAGTCGTCTCGGCCCGCGGAGGGACGTGGTGAGCTGTGGCGCTTCCGCGTCAGCGCCGGCGGGGACTCTTTGGGAGCGCGTCGGGCCCGAGTCCGGGTTCCCCCGCGTGGTCAGCGGAGGCTGCGCCAGGTGGGGCCCGCAGCCGCCTCCCACGCCAGGCTGTCCCCGCGGCCGCCCGGCCTGCCTTCCTTCCTTCCGCCCGCCCGCCGGCCCGCCCTAAGAGTTGACCACGCCGCAATGAAGAGCTTCTTACAGTGAAAGCAAAGTAGGTCGAGTCCACTGAAA,11.726290416331514,3.551674787334157
3873,ENST00000321407.2,ENSG00000179562.2,GCC1,127580618,127593611,9.283777482150324,4149,4819.94,358.0,1.67341,ACGGAAGCGCCGTTGTCGGCAGGCAGCTTTAGTTAGGATGTCGTGATGGGACCGAGCTCAGCGTAACCCTCTGGCCGACGTGGGCCGAGGGGGCCGGCCCGGGCTGCTGTGGCCCAGACGAGCGGAGAGTGCGGAGCGGCTTCTGGGCCAGCGCTAACGAGCCCTGGCAGTGCGCACCTCTGGTGCCAGTGTCGCCCCGCCTCCGGGGTAGAATCCGCCCCAGCCCTCCGGGCCTGGGACCGGGCGGCCGCTTTCGCCAGTCCGTCCGGCCGTTCCGCATTAGGTCCGGGATAACTAGGTGGAGTAGGTGTGCGGCCCGCCGCCGGACAGCCCGCTCGCTGTTTCTTTAAGCCCCCGCCTGCGTCTTCACGGCCCTCTCCCGTTCTGCTGGAAAGCTGACGTGGGGCAATCCGTTCAGACCCTCC,5.5478200095316295,2.471920982404054
3874,ENST00000223073.6,ENSG00000106344.8,RBM28,128297685,128343908,52.07750964231143,15507,17684.0,1437.34,1.83122,ACTTCCGGAATCTCTCGGCGTGTGAGCTTGGTTGTCCTACCAAAGCCAGCGTTTCGGCTCGCGTGCGCCGGCCTAGTTTGCTCGCGTCCTCACGCGCTTTGGGTTTCCCGGTCTC,28.438696411305813,4.82978343030715
3875,ENST00000496200.5,ENSG00000106348.16,IMPDH1,128392277,128410252,54.22600830192335,2283,3210.5,529.611,3.71661,GTCAGCAGTAGCAGCAGCAGCAGCGGCGGCAGCGGCGGGCGGCCGCGCGGGTGTTTATGTCGGGTCGCGGGGTCTCGCGGCAGC,14.590179841824497,3.8669257612349606
3878,ENST00000265388.9,ENSG00000064419.13,TNPO3,128954180,129055173,52.35517942607972,4153,4420.99,968.218,4.93419,CCCTGGTAACGGCCAAAGAGGAGGAGATGGCGCCAGTCAGGGAGCGGCCGTGGCCCAGACAGTGAGGAAGCGCGAAGGCGGAGCAACCGAGGAATCCTCCGGAGAAGAATCAGAGCCGTCGCTACCGCCACTACCGCCACCACC,10.610693837505188,3.4074470926291487
3879,ENST00000355621.7,ENSG00000186591.11,UBE2H,129830732,129952949,58.01667318130556,5151,5651.53,877.897,3.49977,GGGGTAGGGAGGCCGACTGAGCAGGAGTCGTCCGCTTATAGTGGAGGCTGCTAGGAGCCGGTCAGAGGGTGAGTGGGGAGCAGGCGAGCGAGCCACAGCAGGCAGGAGGGAGCGTCGCGCGGCGCAGAGGAGCGCCGGGGCAGGGCCGCGGCGGAACCACAGCCGGAGAGGGGCAGCCCGAGCCGGGCGCCGCAGGGTCCCCACCCCCACCCGGCCGGACAGTGCCCGGTGTTCCCCCGTGCGGGGGGCGGCGGCGGCGGCTGACGGGACCGCCGGGACCGCGGGGGTGTTGCCACCTCCACCGAGGAGCCGGCGCGGCCGCGGGCTCCTCAGAGCCGGGGCCCCGGGCCCGTGACAGACGGGCCGAGGAAGGGAGAGAGGCGGCGGCGACACC,16.577281701741992,4.051135551845765
3880,ENST00000358303.8,ENSG00000091732.15,ZC3HC1,130018286,130051451,44.36474014337038,1972,2221.74,469.688,4.76297,GCCTCAAGAGGCGGATATTAACCTCCCAGGACGGAAGTTCCGGAGCCTTCAAACTCTCGGGGAAGCAACTCGGCAGCGGACCAAG,9.314511773823975,3.2194801513523728
3881,ENST00000397622.6,ENSG00000146842.16,TMEM209,130164715,130207770,85.25750058304797,3545,3083.68,1178.05,8.60713,GAGAAGAGACTACCTAGTTCTTCCGGTAACTTTAGAGCCGCTTGCCGGTGGCCTCCCGCTTGAGCTTGGCTTTGCGCATGCCCAGAGAGAGTGGCGCGAGCCTGCGTTTTCCGGCCAGAGGAC,9.905450548910958,3.308222597517243
3883,ENST00000223208.9,ENSG00000106477.18,CEP41,130393771,130442433,30.849012075293366,6513,6654.45,336.301,1.13862,AAGGCTGGAGCCGGCGAGCCCCAGCCCAGAGAACAAAAGGCCTCGCTAGCCGGCGTCCCGCGTTGCCCTTGGCAACCATTGAGCGGCGTCTTGCCCTTCTGCGACCCTGAGATGAGAGAGTAAACGGGGCCCCCATTGGCCGGCCGGGGAAGACGGGCCAATCGGAGAAGAGGGTATAGGGAGGCGGCTGAACAAGGTTGTGGGGGTAGGAAGCTAGGGTTAGAGGCAACCCGTGAGGCTAGAACCCCGAACGTGGTCGGTTGGAGAAAAT,27.093334102065104,4.759866037210543
3884,ENST00000425248.5,ENSG00000158623.14,COPG2,130506238,130687432,57.34935171428635,3134,2878.19,1168.4,9.1461,CTTCCTGCAGCCTCTTCCGCTCGCCGGCTGCGGCGCCTGGGACGGTTGCGGTGGGTCTGGGCGCTGGGAAGTCGTCCAAG,6.270361324967619,2.648548579665178
3885,ENST00000322985.9,ENSG00000128567.16,PODXL,131500262,131558217,34.08581472810331,2011,2766.94,236.452,1.92533,AGACGCCGCCCAGGACGCAGCCGCCGCCGCCGCCGCTCCTCTGCCACTGGCTCTGCGCCCCAGCCCGGCTCTGCTGCAGCGGCAGGGAGGAAGAGCCGCCGCAGCGCGACTCGGGAGCCCCGGGCCACAGCCTGGCCTCCGGAGCCACCCACAGGCCTCCCCGGGCGGCGCCCACGCTCCTACCGCCCGGACGCGCGGATCCTCCGCCGGCACCGCAGCCACCTGCTCCCGGCCCAGAGGCGACGACACG,17.703881790707726,4.145993818257706
3886,ENST00000262570.9,ENSG00000106554.11,CHCHD3,132784868,133082088,75.64165685489007,1598,1674.79,2155.63,28.9985,CGCCTTCTCCTTGCTTCTGGGGGTCGTGGCCTTGCTCCCGCTGTGCGGGAAAAGAATCCAGGCCCTTCCACGCGCGTGTGGGTGCGGGGGCCCCGAAGTGCTCGTGGTTCCCCGCTAGGTCTCCGCTGGGGCAGGAACCGGAATC,2.6084679157504724,1.3832026882737054
3887,ENST00000378509.8,ENSG00000205060.10,SLC35B4,134289332,134317051,36.032754691812535,6797,6824.46,1243.04,4.10371,CGGAAGCGGGAACGTCGCATCCTGAGGTAAAGGTGCACGGCATCCTGGGACATGTAGTCTGGCCGGGGCTCGGACGCCCCCTCGGATGAATGGGACCGAAGCTGACTGCGAACTACAGCTTCTTGGCAGCGTCGGTGTTGGCCGCGGGAGAAGGGGAGACCGCGGCGGCCCCCAGTGAGAGCGGCTTTCCAGGACGGTGCGATGTGCTGCGCAGCGAAGAGGCAGGAGGCCGGCTTCCTGGGGTAGCGGTACAGGCGGGCGCTTACTCTGTGCGCTTGCTTCCCCAACCCTGCACCGGCC,8.780531443940369,3.1343082618943585
3888,ENST00000393114.7,ENSG00000122783.16,C7orf49,135092363,135170795,18.09733832374205,1482,1664.71,102.731,1.39036,CAGAGTTTGGGCGCCAGGCGAGACGGCAGGGCTTAAAGTTCCGGGAATCAAAGATCAACTCCCACTGAGGACAAATGGACCTGTAATTCCGGGTGTGACGAGAGAACGAGATTTACCTTCCTGAATTAAAAAACAGGTCATTAAGCTTGGGCCCTGACTCTTCTTTGTGAGAAGGTACAGAG,13.016296731596169,3.702247140402161
3890,ENST00000541284.5,ENSG00000080802.18,CNOT4,135361795,135510127,2.513804265973822,3563,3476.45,196.775,1.27525,AGCGTGCGCCTGCGCACGGGAGGCCGGAGGAGTCTTACCCTAATGTAAGATGGTGGCCCGTCTGGCTGTGGAACCCACCGAAAGCTGAGAGTCTCTCTCTCAGCCGTAAAGGTCGGACTCGCTGAAGCAATCAGGCCCGGTTCTGAAGAGTTTTTTCCCCGACGCTCGTTCGGTGGTTTCTTGTGAGGACGCGGCAGCCCGTGGAGTCGGCTGAGGGAAAAGCGAGGCAAGGCAGGCGGGTCGTCAAAGTCCTACATTTTAGCTTTCAGTGCTGAACTTCCTTCTCCCTTAAATTATTATAAACTTTTGCTGCTGTTTAATAAACGTGAAG,1.9712246743570454,0.9790922198659031
3893,ENST00000393085.3,ENSG00000105887.10,MTPN,135926761,135977353,404.2485450034763,3738,3062.55,3123.08,22.9753,CTGCTGGGCCCGGTGGCCGCAAAAGAACTTTCTTTCTCCCGCCCGAACGGTCGCCGCGGCCAACTGCCTCGCCCGCCTGGCAGCCTAACCCTCCTTCTCTTCTTCTCCTCTCCGGCTTCGCGCGGCCCTGCCTCCCTCTCGCCCGGCGGCATCCGCTTGCTGCTGCCACCGCCTCCTCATCTTCTGCCCGGCCAACCGGCCTGCCCCGCTGCAGTG,17.594919108933347,4.137086976328792
3894,ENST00000330387.10,ENSG00000182158.14,CREB3L2,137874979,138002067,29.022283801402416,7412,9037.63,803.7,2.00356,GTTTGTGTCTGGAGCCGTAGCGGCAAGTGGGCTTGCGGCTAAGGGATTTTCCTGGGATGAGAGCGGGTCTTCTGCCTTCATTTTGGATGCACATCCCGCTTTAGCCCCGGCAGCCTTTGGTCCGGCTCGTGTCCCTGGGGATTCTCGGATCTCCGAGGACACCGGACGGGAGCGCTTGGCCATCCTCTCTCCGGCAGAGGAGCAGACGTTTGCTTTCCAAGTGCAAAACTACAGACACGCGCGCGCACACACGCAAGCACACGCGGAGAGAGAGGAACCTTGCCGGTCCGAGGCAGCTCTGCGCGTCCCCTCCTGCGCTTAGCATCCTCGGCCCAGCGCGGCCCGCACCGCC,14.485357963526134,3.85652343195152
3895,ENST00000422774.1,ENSG00000122778.9,KIAA1549,138831381,138981318,3.4305548801165378,6283,8191.5,381.647,1.04969,GACCCGAGAGCCGCTGAGCCGCGAGGCCGGGCCGGGGCGCCGGCCGGGA,3.268160009256578,1.7084786196249029
3896,ENST00000242351.9,ENSG00000105939.12,ZC3HAV1,139043520,139109719,27.313291441348543,7100,6751.57,2394.01,7.98883,GAACCGAGAGGGGGCCACCCCAGGCGGTCACCAGCAGATTTGCCCGCGCGTTCTCTTTCTTTCCACCCAGTTGCCCTTGCGGCCGGCTGTAAACCTGCCACTAGGACCCGGTCGGTGAGATCTAGCCTCTTGACCTGAGAGCCGAGAGTGGATCGCTGGGCTGGGCTAACGGCGACGGAGAGCGCGCCCTCGCTGACTCCGGGCGCGCCCAGCAGTAGCACCGCCCGCGCCCGCCCCTGGACACTTGTAAGTTTCGATTTCCGATTTCCGCGGAACCGAGTCCCGCGCCGCGGCAGAGCCAGCACAGCCAGCGCGCC,3.4189351183275325,1.7735470447791222
3897,ENST00000406875.7,ENSG00000064393.15,HIPK2,139561570,139777778,4.341563887203515,15049,18435.3,2062.15,2.52019,CTCAAGATGGCAGATTCCGACTGAGGCTGGGGGGGCCGAGCTCGCGCGCCGCTTTCCCGTCCCCGTTGCCATGAACCGCGGACACCCCGGCCCCG,1.7227129252967097,0.7846823093649393
3898,ENST00000397560.6,ENSG00000006459.10,KDM7A,140084746,140177035,6.303152883993214,9272,7759.2,376.31,1.09268,GCCGCCGCGGCTGCTGCAGGAGGCGGCGCTGGCTGGCGGCTGCGCTCGCTCCAGTCGGCGAGCGGAGTAGCGAGCGAGCGTGTGTGTGTTTTTTAAAG,5.7685259032774585,2.528202697772916
3899,ENST00000326232.13,ENSG00000157800.17,SLC37A3,140293693,140404433,18.24932453245924,3349,3334.46,472.933,3.19548,GGGTCACGTGGGCGTCCGGAAACCCTGGTCGCACCGCCAGGGGTGAGCTGGCGGCGGGGGAGGCGGGCAGCGGAGCCAAGCTGACCCGGCGAGCGGAGCCGGGGCTGGAGAGCGGCGACCACTGCGGATCTCGGAAGGAAGAAATGATGTAAATCACTCATCCAAACCTTAAGGTCAAAGGTGAGAAGGAAGGTCAGGAAGAAC,5.71098067659921,2.5137385031686508
3900,ENST00000255977.6,ENSG00000133606.10,MKRN1,140453040,140479569,12.651499960011916,3151,3476.8,637.482,4.13095,ACCAATGAGCGGCGCCGTGGGCGGGCCGCGGGCGCGCATGCTCTGGGCCCGCAGTTGAAGTGGCGAGAGCGCTCAGATACGCGACGCGTAGCAGGCGGGGACCGAACGGGTGCCTCAGTGTCCTTCCCCTCCCCTCGCCTGGCCTCGCCGTCCTCTCCCCGCAGCCGGACCGGAACTATGTGATCCCGGAAGTTCCGGGGCCTTTGCTGTGTGGGATAAACAGTA,3.0626127065231765,1.614762937388711
3901,ENST00000288602.10,ENSG00000157764.12,BRAF,140719327,140924764,9.53951137778354,2480,2250.53,388.434,3.88862,CGCCTCCCTTCCCCCTCCCCGCCCGACAGCGGCCGCTCGGGCCCCGGCTCTCGGTTATAAG,2.4531868317767076,1.2946571120094592
3902,ENST00000479870.5,ENSG00000198420.9,TCAF1,143851375,143902198,8.28274583708073,5733,6183.59,1753.98,6.39068,GTAGTTTCGAGCCCGCTGCCCTTTGCCTCCTGGGCGGAGAAGCTGCTTCCTCCTGGGAACAACCGCCTCCCGCTCCTAGCAGGTTGCTACTGCCCCGAACCCGCGCTGCAGGGAACAGCGGGGCAAACAGTGAGTGGGGTTCAGCGTAGACTCTGGACCAGGAGAGGCCCGCGGTGACCGAGGCCTGGGCCCCGGAAACCAATAGAGCC,1.296066433788068,0.37413966979674496
3903,ENST00000460911.5,ENSG00000106462.10,EZH2,148807383,148884321,33.520097551840685,2591,2359.16,1012.73,9.67157,AGGCAGTGGAGCCCCGGCGGCGGCGGCGGCGGCGCGCGGGGGCGACGCGCGGGAACAACGCGAGTCGGCGCGCGGGACGAAGAATAATC,3.4658382818757127,1.793204339039618
3905,ENST00000286091.8,ENSG00000155660.10,PDIA4,149003062,149028641,259.47142695148284,2903,3294.78,3321.36,22.7118,GGCGGCGGAGCCGACTCGTCGCGGCCGAGGCGCGCGCGGTCCGTGCCGGCGTCAGTCTGGGATTGGCCGGCCCGCGACTTCCTCCGCCCCCTGCCAATCGCCGGGGACGACTTCCGTGGGTTTTTCCGGCTCCCCCGCGTCGCTAAGGAGCGACGGGCTGTCGGCCAGACCCCGAGTTCTCGGTGCGCTCAGCGGCCGCCGACGCTAGGAGGCCGCGCTCCGCCCCCGCTACC,11.424520599489377,3.5140617224682758
3906,ENST00000247930.4,ENSG00000196453.7,ZNF777,149431363,149461123,12.450786666566396,3233,4780.74,600.0,2.8276,CCCTGGCTCCCCTTGGAAGCACAGCCCGCGTCCCTGGAACCCGGGCTGCACTGAGCTGGTCACATGAACTCCGGGCTTTCTCTGGTGTGACGGGTTTCTTAGATCCCTTTGTGAGCGCAGGTTTTGAAAGGGAACGACCCCGGGTTCTGGGTGTGAGAGGCGCAGGGGATCGGCGGGAGGAAGGCTGTCGGAGCCAATCAAGCCGCCTCCAGACCCCAGCACGTCGCCTGGGCTGCGCGCTCCGACTGCGCCTCCGCCCGCGCGCCTCCCGGCCTCGCCCGAGGGTGCCTGGGCAGGCGAGGACCCCAGGTTCAGCAGCTGGAC,4.403305512295373,2.138586945519994
3907,ENST00000340622.7,ENSG00000181220.15,ZNF746,149472794,149497817,7.4821140628768115,3806,5340.98,311.646,1.31463,GTGGGGCTGTGCGGCCGCGCTGCCTCCAGGAAGCCTCACGGGCCTTCGTCTGCCGGGCCGCGGCGCCGGCTCCCAGGATGCAGTGTGGACCGGCCGGGCGCTGACGGAGGCGGCGCGACTGCGGGCGGCGCGGCGCAGGGGCAGCCAGCGAGGAGCGGCGGCAGAGGAAAGGCCAGGCAGGCGCCGCCTGCGGAGAGCACCGGGCGGCCGGGCCTGCGTGGTGCCGCGCGCGGCGGCGGCGACGACGACTTCCTCCGGGCCGGGCGGGACAGCGCAGGGCC,5.691421968825305,2.5087891465700993
3908,ENST00000485972.5,ENSG00000164885.12,CDK5,151053812,151058530,28.53478545519756,1758,2234.5,234.588,2.3653,ACTAAAATCCAGCCTCGAAGGGGCACAGCTGTTCTCCCAGCCCTGCGGTCAGCTGTTCCCTGTGAGGTCATCATCGCTCACAGGCATTCCCCAGTCAATTCTGGGGTCACTAGGTGGCTTGGGGAGAGGTGGAAACCCGTGCTGAGGTCGTCAAGAGGCCGTTGGGAACACAATGCCACCAACCAGGTCAGCGCTGGGCCGCCAGTGCCCGGGATCTAGGCCGCCAAACCCCAAACCCCTAACCGAGAGCGCTCCGCCCCCATTTCCGCTGCATTCTGGAACGCGTAGTCCCGGAGCGGCCCTTTTCAAGAGGGCTGGGAGCACATAAAAGGAATAACAACAGCGGGGCACACTGGGAACCACGGCGCCGCGGCGGGGCGCCCGGAAAACGGACACGCGTTGCTTCCTGGGACTTGAAGTCCAAGGTTTGCCTCCGCGGTAGAAACGGAGCCCTGGAGTCGAGTGCTGCAGAGAGCGTGAGCGCAGACGGCTGGGGGTTGTAGTCTTCTTGTCCTCGGTCTCGGGCATTGCGGGGAGACCTAGTCGTTTTAGGACTACAAGCCCCAGAAGGCCCTGCGCGGGCAGACGGGGCGGGGCTGGAGGCTCAGGTGCCGCCTCCTCTGCAACGCCGGGGCCAGAGTCTTAAAACCGAGGGCCCGCAGGGGTCCCCGCGGCCGCCGCG,12.063918088698077,3.592626633063618
3909,ENST00000297532.10,ENSG00000164896.19,FASTK,151076593,151080866,5.07518901525809,1827,2616.74,172.041,1.48126,CCGATAGCTGCTTCGGGATTGGCGTCCGGGCGGCTATCTAGGGGCTGCTGGGAAGATGGCGGACTCGGTGGCTAGCCG,3.426264811888588,1.776636659896588
3910,ENST00000297533.8,ENSG00000164897.12,TMUB1,151081080,151083546,36.905776910354376,1353,1951.88,273.516,3.15711,AATGCCCCGGGCCGCGGCGGCGGGGAAGGAGGGGTGCTTCAGGTGCCTGCGACCTCCGCGCCTCCCGCCCGGAAGTGCCCGAGGGGCCGCGATGGAGCTGGGGGAGCCGGGCGCTCGGTAGCGCGGCGGGCAAGGCAGGCGCC,11.689734253907648,3.54717022792824
3911,ENST00000287844.6,ENSG00000033050.7,ABCF2,151207837,151227230,69.80441539032691,3546,4250.82,1649.72,8.74377,GAGCCGGCCGCACGCGGAGGATCCTAAGGAGCAGCTCTGTTGCGACATAGGCCGAGCAGCGAGGCCCAGCTCCCTGAAACAACAGTAACCTACCCCTGTGGGTCATCATC,7.98333160528318,2.9969909378458675
3912,ENST00000359321.1,ENSG00000196584.2,XRCC2,152644779,152676165,41.79186206070201,3067,2768.75,553.694,4.50556,TTTGACTGGCCGTAGAGTCTGCGCAGTTGGTGAATGGCGTTGGTGGCGGGAAAGTTGAGTCTCTCCTGCGCCGAGCCTTCGGGGCG,9.275619914217547,3.2134437040817936
3914,ENST00000353442.9,ENSG00000105983.19,LMBR1,156668946,156893230,33.30321352851897,7997,7197.26,379.663,1.18848,GCCCCGCCCCCGCCCCGCCCCCGACTGCGCGGCGCCCGCCCTCCCTTAGTCAGAGCTGCTCGTCTGAGGCTGCTGAGGCGACGGCCGGTGTCGTGGTCGCGGTACCTGTTCCAACACGGCTCGCGGGCCCGTGCCGGCTCCGGTCCCCGGCGCGGCTGTCCGAGCCCCTGCGGCGGGCGGACGATGGTGTGGCGGAGCACGCGGACGCGGGCGGCGCGGCGGCGGGCATGAAGGAGG,28.021686127254114,4.808471863441241
3915,ENST00000252971.10,ENSG00000130675.14,MNX1,156994051,157010651,23.654180032227,2174,2916.68,201.923,1.55977,GCGGCCTCCGCGCGGTCGCCTGAGGGCTGCAGCGCAAAGAACCGGGCTCCCGGGCCCGGACGCGGGGAAGCACTCGCGTGGGAGTTTGTGCGAGCGCGGCCCGGGGCGGGGCCCGCACGGAGGAGGCGCCGGGACCATGGTCACCCTCGGCTGAGTTTCCGGCGGCGACTTTGATTATTGGCAAATAACCACCATAACAATACCGAGCCCCCGGGCTTGCACCGCACGCACTGACTCCGCGAGCCCGCACACGGCCGCGTCGCCCGCCACCGGGCCCTGAGCGCCAGCCCCAAACGAGCCG,15.165171808809632,3.922689937479421
3916,ENST00000409423.5,ENSG00000146918.19,NCAPG2,158631311,158704829,37.39436407368182,3957,3719.99,817.568,4.95159,GAGGGCGGGGCCCGTCTGGGGCGCCGGCGGGTGCGTTTGAATCTGGTCCGAGCGCGGGAAACGGCGGGTCCCCGAGCCCAGTACCAGACCTCCTGTGCGAAGAGTAACCTGCTCTTCGGACTGATAACTGGATGGGTTACAAAATAAATGCCATTTGAACAGTGCCATCTGTC,7.551991193471555,2.9168570823451034
3918,ENST00000251527.9,ENSG00000117868.15,ESYT2,158730995,158830253,30.97455211598532,5960,6364.82,1243.82,4.40284,AGTATCCACCCCGCCCGCTCCCGGTGACGTGCCAGCCCCAGGCCCACGCCGCTCCCGCCCCGCGTG,7.035130078764006,2.814577098977487
3919,ENST00000350302.7,ENSG00000147364.16,FBXO25,406428,477967,14.460748272834795,2229,2097.49,176.011,1.89061,GACGGAGGGGCAGTGCCTACTACGCAGGCGCACGCTGCGGGCGACAGGACCAGGCAGCAACATTGCCACGCGGATCCGCGCCGGCCAATCAGCATGGCCAGGGGCGGGGCTTCCCTGAGGCGCGCCGGGAGGCGGCGGCCCACTTCCGGCAATAACCGCCTGGTCGCCGTCAGGTGCGGGCCCAGGTGGCCGGCGCGCCCGTTGGGCACTGGGGGACGCGGGCGCGTCAGGTGAAGACTGGGGGCCGCAGGCGCGCTAGGAGAACT,7.64872092754973,2.9352185104503525
3920,ENST00000520359.5,ENSG00000104728.15,ARHGEF10,1755778,1958641,1.2809149848256711,5472,6156.27,318.139,1.16429,GACGCGGGGGACGCGGGGGACGGCGGGGAACGGCGGGGGACGGCGGGGAACAGCGGGGGACGGCGGGGAACAGCGGGGGACGGCGGGGAACAGCAGGGGACTGCGGGTCGCGTCCTGGCCGCCGAGGAGCTCCTTCCCTTAACAGAGCTGAGAGAGGCATCTGGAGCTGCAGC,1.100168329905497,0.13772427842317214
3921,ENST00000320248.3,ENSG00000176595.3,KBTBD11,1971397,2006936,16.035221346840512,6710,8419.36,416.0,1.11321,AGCCCACCCGCCTGGCTGCGCGTCCCGGGCCCGGCGGCTGAAGAGGAGCCGCGGCGAGGAACAAGAGTGTGGTGAGAGGACGCGGAAACACCTGATATCCCAGCAAAGGAAGCTGCAGAGGAAGGGTCCTGCCCCGTGAGCGAGGACAGCCTCCAGGAGCACAGCGGCTTCTCCTAACATCCCCCTGGCAGTGAATTACGGATGACCCCGTATATGAGGAGGTGTGGATGCCGACACACGGGGAGAGCTCCTGAGACCAGCACACAGGACCAGTGTCCTCCCCGTGACCTTGCAGTTGTGTAGCCACAAGTGGGAGCCACAGAGAAGGAGAGCCCATAAGGGGACTCTTTTCAAGACACGGTGTTAAATCAAGGCTCTGAAGTTGGGGCCACAGCCGGTCTCAGCTTTCTGTGTTCTGGGGGCGCGGTGATATGACAGCATGTGAAGTGAGTGGGTGAGCACGGACTCCTGAGAGCGAGGGCGCACCCAATACCTGGTTATCTGGTACTGCAGAGAGACACCTAGTCAGCCAGCGTTGCAAAGAGGGATAGCTAGTCACTCAGGCTGCAGAGAGAGACACCTGGTCACCCAGGCTGCAGAAACAACCGCAGTCAACTGCAGCTCCAGTCATTGCTGGATGTTGGCTGACGCGGTCCTGGCGCCAGCTGGAGATCCATTCACCAAGACTTTCTGGGCAGATTTAAAGTGGCTGGGGTTCAGAAGTTCAGCAAGTCGGACACACCCCTCCTCGCTGGAGAGGAGAGGGCAAAGGCGAGGCGGGGGAGCAGCGTGTGAGATTCCCCCCTTCACACACACAACAACAAAGCGTGGACACACAGAAGTGAAATCTGATCGCGTGCCAGGAAAAGCTGTGAGGCTGGAAACCCCGGAGTAAGGCTCGACCTTGGCCAGACCTGCAGGCTGCGGAACCGGGGGCGCGCGGGCGCAGCGCAGCACAGCCCGGCC,14.40448913218576,3.848446589850148
3923,ENST00000519480.5,ENSG00000147316.12,MCPH1,6406592,6648504,13.234508730544622,2917,2165.07,792.727,8.24924,GCCCAGTGCCCGCGCGCGCCGCCAGGCTCGCAAGCACCGCGTAGGCCAGCTGGCCGGATCCCGCCGTCTGTC,1.6043306693155517,0.6819715269644879
3924,ENST00000285518.10,ENSG00000155189.11,AGPAT5,6708357,6759666,78.66880643450064,3685,3156.19,979.622,6.9929,CGGAGCCCCCTGCCCCGGCAGGGGGATGTGGCGATGGGTGAGGGTCATGGGGTGTGAGCATCCCTGAGCCATCGATCCGGGAGGGCCGCGGGTTCCCTTGCTTTGCCGCCGGGAGCGGCGCACGCAGCCCCGCACTCGCCTACCCGGCCCCGGGCGGCGGCGCGGCCCATGCGGCTGGGGGCGGAGGCTGGGAGCGGGTGGCGGGCGCGGCGGCCCGGGCCCGGGCGGTGATTGGCCGCCTGCTGGCCGCGACTGAGGCCCGGGAGGCGGGCGGGGAGCGCAGGCGGAGCTCGCTGCCGCCGAGCTGAGAAG,11.249811442248658,3.491828915564117
3925,ENST00000310430.10,ENSG00000173273.15,TNKS,9555914,9782346,19.520137254869937,9620,9292.29,1699.55,4.12073,AGTGACAGTGCTAGGGGAGTCCGAAG,4.737058058856061,2.2439913541465417
3926,ENST00000221086.7,ENSG00000104643.9,MTMR9,11284416,11328146,17.110527708494445,7481,6792.22,498.876,1.65479,GTCTTCCGAGTTTCGAGACCTGCTGCTTCCGCCCGGAGTTGTTGTGGGCTCCAGCAGCGAGTAGCCACTTCCGCTAGGAGTCCCTAGCGGCCAGGGCGTGGAAGCGGATTCTGAGGCGGCTTTCTCCTACTGCCCTCCGCTTGCCAACGCGGGACCCGGAGCCCAACGGCAGCGGCGGTCCTTGGGCCTGTGGAGAGGGGTTCTCTGTGGCCGAGTCCTAGGCCTGGTGAACCGCGCGGTGCGGGAGAGGCGCTTGGGCCTCGTCCAGCCCCAGCCCCTGTCTCCCCGCGGCCGGTGCCGGCGGCTGTAGGCCTCGCCGCGCCCACCCAGCCTGGGGCGGGCCCAGCCTCACCGCCCGGCCCGCCCCGCCCCACGGGCCAGCCCCGCGCCGGGTGTTTCCGCTACTTCCCTGCGGCGGGGTAACCGCCTCGCACCTACCGGGCTCGGTTCCCTGGCTCCGGCCGCGGGGGAGC,10.33999946125759,3.3701642053718324
3928,ENST00000335135.8,ENSG00000136574.17,GATA4,11676959,11760002,20.19946434988872,3414,4799.22,236.96,1.11242,GGACTTGGAGGCGGCCGGCGCAGGGGCCGCGAGAGGCTTCGTCGCCGCTGCAGCTCCGGGGGCTCCCAGGGGAGCGTGCGCGGAACCTCCAGGCCCAGCAGGACCCCGGCTGCGGCGAGGAGGAAGGAGCCAGCCTAGCAGCTTCTGCGCCTGTGGCCGCGGGTGTCCTGGAGGCCTCTCGGTGTGACGAGTGGGGGACCCGAAGGCTCGTGCGCCACCTCCAGGCCTGGACGCTGCCCTCCGTCTTCTGCCCCCAATAGGTGCGCCGGACCTTCAGGCCCTGGGGTGAATTCAGCTGCTCCTACATCAGCTTCCGGAACCACCAAAAATTCAAATTGGGATTTTCCGGAGTAAACAAGAGCCTAGAGCCCTTTGCTCAATGCTGGATTTAATACGTATATATTTTTAAGCGAGTTGGTTTTTTCCCCTTTGATTTTTGATCTTCGCGACAGTTCCTCCCACGCATATTATCGTTGTTGCCGTCGTTTTCTCTCCCCGCGTGGCTCCTTGACCTGCGAGGGAGAGAGAGGACACCGAAGCCGGGAGCTCGCAGGGACC,18.158127640539295,4.182543542947241
3929,ENST00000382020.8,ENSG00000104723.20,TUSC3,15417215,15766649,93.74385440720336,3683,2579.0,918.587,8.02475,GCCTTTCCAGGTCTTCTCCCGGTGAACCGGATGCTCTGTCAGTCTCCTCCTCTGCGTCCTCGGCCGCGGCCCGGGTCCCTCGCAAAGCCGCTGCCATCCCGGAGGGCCCAGCCAGCGGGCTCCCGGAGGCTGGCCGGGCAGGCGTGGTGCGCGGTAGGAGCTGGGCGCGCACGGCTACCGCGCGTGGAGGAGACACTGCCCTGCCGCG,11.681841104981883,3.5461957615458695
3932,ENST00000318063.9,ENSG00000155970.11,MICU3,17027238,17122644,6.5070929349111015,3992,2717.31,173.64,1.4397,GTTCTCTGCCCCCTCCCAGCTCTGGTGTGGGCGGCCTCCGCT,4.5197561539981255,2.1762449396963577
3933,ENST00000262096.12,ENSG00000104219.12,ZDHHC2,17156029,17224799,29.7816108341876,6377,4983.32,1464.88,6.62288,CGCAAGTTGAAGCGCGAGGGTTCCACGCGGGCTGCGGGGACGCGGGCCTCGGTGCTGCAGACTTTCTCAGGGCGCCTGGGTCGCGGCAGGCGCGGAGTCCCGAGCGCAGCAGCTGCTCCGCCGGCCTCGCCTCCGACCCCCGCCCTGCGCCAAGCGCGGAAGCGCTCGCGACCTAACTGCCCCGGGTGCCGGGCGCCTAGGGAGGGGCCGCCACCGCCCGCTCCGCCCCGGGGGCCTGCGCCCAGCAGCCCCCGCCTCCCCGGAATCCAGAGGCCGAGCCGGAGGCGGCGGGGCCACGGTGGGAGCCCGCGAGGTGGCCCGAGCGAGGGCCCCGCATCCCCGCAGAGCCCGCCCGAGGGCGCAGCCTGCCACGCCAGGGGAGGCGGCCGGGCGGCGGGGAACGGCGGGGGCGGAGCGCAGCCTCCCGACGCCGCCGCCTCACCGCCCCCCTCCGCCTCCTCGGCCTCCGCTCGCAGCCGCCGCCTCCGCCTCCGCCGGGCTGAGGAGCCGGGAGTCCGCCGCGCCGGCTCGGGGCTGCGGGATGGGGAGTTAGCGCCACGGCGGCGGCAGTGGCCGCAGCGCACCCCGCCGCCGCCCAGGAGCCCGTCCAGCCAGGGGTGCCGGGCCCGCCCAGCCCGCCCCGGAGCCAGGCCCGCGGGCGGCGGCGGAGCTGGGCAGGTGGATGCGGCTGGAAG,4.496776452870594,2.168891165449823
3934,ENST00000324849.8,ENSG00000155975.9,VPS37A,17246571,17302427,21.233951618867103,4906,3890.9,481.71,2.78931,AGCTGGCGCCATCGCGCACCCTCTCAGGTTCATCGTCCCCGCCCCCTTTCTACTTCCCTAACCCGCCCCTCCCCCCGTAAGGCTGCAGCGGATGCAAGATCTACTTGTGTCGCTGAGCTCGCGCTCCTCCTCCTCCTCCTCGCCATAGAGACAGCACTCGGCGGCGGTGGCGGTGGCGGTGGCGGTAGCGGCGGCGGCAGCGGGTGCCCCATAGACACCTCTCGCCCAGCGAAGGGAAAGGCGAGCAGGAGCTGCGCCGCACCGTGCTGCGCCGTCGCTTTTCGCACGTCCTGACGGGGGCGCTAGATGATGACGCGACACGCAGAGGGGGCGGAGAGCGCCCCCGGGGGCGGGGCACGCAAGTGACGGCGGCGCGGGTGGTGGAGCGCTGGGCGGCCAGGCTCCCTGGCTGGCCGGTTTGGGCGTCTGGGCCGTGAAGGTGGGACCTCCTGTTCCGGGCCGCAAGTTTCCCTCTCCAGCCGCCCGCCGTTCGTAGCATGTCCCCCAGAACTCGGGGAGCGCAGGCAGGACAGGCTTAGAGAAGACGCGGTCCCCAGCGCTTGGGCCACGGACGTCCCACCCCGCTCCTCTGTCGCTGGAGAACCGCCGGGCCGAGCCACTGGGAGAAGCAGGCCAGAGCCTTCCAGGGCCTCCGGCCCGTGGACCCGAGGAGG,7.612618037746648,2.928392692956767
3935,ENST00000494857.5,ENSG00000003989.16,SLC7A2,17497088,17570573,65.6059982357637,7622,7679.5,808.477,2.3719,CTCCTTCTGCAGCGCGGCCGGCGGGCGCTCCTCTTCGCGGGACCAGCGAGGCGGCGGCCGCTGCTCCAGCGTCCCCCAGCCGCGGGCCCCCGACGCGCTGCAGCCGGCAGCCCACCGCCGCCTTCTTGGCGCGACCCCAACCCAGCCCCACAGGAGACTCTCTGAAGACCAGCAGGAAAGCAGTGAGCCCTTACAGGTCGCCTTCGTCAGACGTCAGA,27.659681367580294,4.789712631995454
3936,ENST00000251630.10,ENSG00000104213.12,PDGFRL,17576433,17644071,14.490738487739868,1901,2108.53,148.722,1.58911,ACTTCTGCCTTGTTATCAGAGGAGCGAGGATGTGGCCTGTGTGCCGCCTAATCATGCCTAGAACTGTCTGCACCTGCTGATCTTTTGCTTCTGCGAACTGGCTGCACCTGCTGTTCTCCTGCTCATACCCTAGCCCGTGCTTACCCTAATTCCCTGTTCTCCTGCCTCACCACCAGAGGCCCGGGTTGTCTGCACAGTCTCATTTTCCACGTTATTCCTGTAATGAACCCGTCCTCCCACCCCCACCAGCAGTTACAGGGCTGGGTGCGGAGACCAACTCTGGCCAGACACAGAGGAGCAGCAAGAACCCGGGGCAACGGTCCTAAACCGAATCCTCCCGCTTCGGCGTCCCAGGAGCCCGCCCCTCGCCCGCCGCCTCCCCTGCGTCCCCGCCCCGCGCAGCCGCCGCGCTCCTGCGCTCCGAGGTCCGAGGTTCCCGAG,9.11877622552238,3.188840222215085
3938,ENST00000519253.5,ENSG00000078674.17,PCM1,17922840,18029944,7.041142789079153,6443,5319.0,2272.62,9.6263,GCTGCGTAGCTGAGGTCGAAAAGGCGGCCACTGGGGCCGAGGCAGCCAGGAAACGTGTGGGCCTCTCTGCTGCGGTCTCCGAGGGCCGACCGCTGCCGGCGGCGGGTCGTGGGGGCTGACTGTCGCTCTGCCTTTGACAGGAGAGGCTGCTTCTTGTAGAGGAAACAGCTTTGAAGTGTGGAGCGGGAAAGGAGCAGTTTCTGAGCTGCAAAAACTAGTTTCTAAACAGAGAGTTAATTGTTAAATCCAGT,0.7314485097160023,-0.45117178539981734
3939,ENST00000265807.7,ENSG00000104611.11,SH2D4A,19313617,19396218,13.46469979931778,3352,3439.27,317.036,2.07685,AGTCACCCCGGCATGTGGGCGCGGCGGGGCGGCGCGGGCGGGACGGCTACAAGAGCTGTTTTGCGTCCGGGCCGGAGTATTTGCTCAGCCCGCCTGCGCCGCTTGGGACGCCTCTGCCTTTCCCTCCCTCCCTTCCCCGACGGCTTCTGGCGGCCAAGTGGATGTGGCGGGTGATCGAGCCACCCTGCCCAGGGGCGCCCAGCACTGGTTCAGTGAACAGCATTTTGGACAGGACATTTGGTGCCAGGTCTGAGTAGCCAGTTTGCTGAATTATTGTCCCAGTCAGCCAGGATTGTGAGCTGTTTGGGAAGTTTCGTGGAAACGCCCAAGTGCCAGCACAGGTGGAGGGACACCTGGAGGCCAGTTTCAGGAACTTTTGCCACAAGTATAAAAGACTTCAGAAGTGCAAAG,6.483231720787626,2.6967131380052436
3940,ENST00000397977.7,ENSG00000104613.11,INTS10,19817140,19852083,44.12206773241105,2804,2701.0,1269.01,10.5853,AAACTGAGCAATACCCAGAGAGGATGGAAATGGCGAAGAGGCCTGGCGCCTGCCCGCTCCCGCGCATGCTCCCTGACTTCACCAAGGTCACGCTGCAGCCCGCAGGAATGAAAATCCACTTCTCCGCATTTTCGAGGTGACCTGGAAGCGGTTCAACTGCTCTGGCTTCTCAGAAGAGGAGGGGACCGGGCGGTAACGAGGAGCCAAGGGGAGGAGACTGCTCGCAAAACCCGGAAAAGCTTTCCCGATCCACTCTGCCAGCCTCCGTGCGCCTCCAGACATGCGCAGTAGCCTCCCCCGCGGTGGCGGCGGCGGCGGCGGTGGCTGCCGTGGCGGCTGAGAGTCCAGAGCCGGACGTTCCGGCCGCTTCGGGCTGGCGGCTGGAGAGCGCTCGGGTC,4.168239703401041,2.0594382452182094
3941,ENST00000311322.8,ENSG00000175445.14,LPL,19901717,19967258,10.621066353091926,3846,3725.75,191.382,1.15731,TTTAACGTGAATCGATGTAAACCTGTGTTTGGTGCTTAGACAGGGGGCCCCCGGGTAGAGTGGAACCCCTTAAGCTAAGCGAACAGGAGCCTAACAAAGCAAATTTTTCCGTCTGCCCTTTCCCCCTCTTCTCGTTGGCAGGGTTGATCCTCATTACTGTTTGCTCAAACGTTTAGAAGTGAATTTAGGTCCCTCCCCCCAACTTATGATTTTATAGCCAATAGGTGATGAGGTTTATTTGCATATTTCCAGTCACATAAGCAGCCTTGGCGTGAAAACAGTGTCAGACTCGATTCCCCCTCTTCCTCCTCCTCAAGGGAAAGCTGCCCACTTCTAGCTGCCCTGCCATCCCCTTTAAAGGGCGACTTGCTCAGCGCCAAACCGCGGCTCCAGCCCTCTCCAGCCTCCGGCTCAGCCGGCTCATCAGTCGGTCCGCGCCTTGCAGCTCCTCCAGAGGGACGCGCCCCGAG,9.17737369684175,3.198081354441257
3942,ENST00000276390.6,ENSG00000147416.10,ATP6V1B2,20197367,20226819,101.0152188462164,2875,2971.37,1816.72,13.775,GCGGCGTCGCTGCTGGGCCAGTCGGGACAGAGGAGACAAG,7.333228228400464,2.8744484403544934
3943,ENST00000252512.13,ENSG00000130227.16,XPO7,21919671,22006585,64.8862507269669,4861,5453.91,3955.17,16.3388,GCGCAGCGGCGACGGCGTCGGCGGCGGCGGCGGCAGCGGCTCCGGCCGAGGTGCGCGCTGGGGGGGAGGGGGGGCCGGAGAGGAGCATGAATGGAGCAAA,3.971298426259389,1.9896107773588632
3944,ENST00000306433.8,ENSG00000168495.12,POLR3D,22245104,22254600,33.9352759089552,1931,2385.05,342.825,3.23846,AAGATGGCGGCGCCCAGGCCCTGCCACGCAGACTTCCGCCCGGCGCGGAGACCGAAGGCTGGCGGCTGGTCGCGTTGCAGGCAAC,10.478831268243301,3.3894059131429803
3945,ENST00000381237.5,ENSG00000104635.13,SLC39A14,22367249,22434129,125.45397126094598,4641,4955.24,1538.66,6.99584,CGCGTGTCTACGCGGACGCACCGGCTAAGCTGCTTCTGCCGCCGCCGGCCGCCTGGGACCTTGCGGTGAGGCTGCGCGGGGCCGAGGCCGCCTCCGAGCGCCAGGTTTATTCAGTCACC,17.932653013926274,4.164517035792777
3946,ENST00000289963.12,ENSG00000120910.14,PPP3CC,22440819,22541142,9.948371566888165,2135,2193.48,204.067,2.09605,GCCACCCTTAGCAGCGGTCGCGGTCGGTGCCGAAGCGGTGTTCCCCGCCTTAGCCGCTGGCGCCTCCCAAGAGAGCGGCCGGTGGGCCCTCGTCCTGTCAGTGGCGTCGGAGGCCGGCGCTGCGGTGGCCGCGCCCTTCTGGTGCTCGGACACCGCTGAGGAGCCGGGGCCGGGCACGGCTGGCTGACGGCTCCGGGCAGCTAAGGCTGCCCGAGGAGAAGGCGGCGGCCGCGGCGTAGGCGCACGTCCGGCGGGCTCCTGGAGCCTGGAGGAGGCCGAGGGGACC,4.74624725883837,2.246787260626259
3947,ENST00000308511.8,ENSG00000158941.16,CCAR2,22604632,22621514,66.9521999253061,4853,7096.84,560.115,1.77818,GCACTTCCGCTCCCCAGTTGCCGCGGGATGGCAAGCCGGCGTGGGGGAAGGGAGAGGTCGGCGGAGACGAGGGAGGGACCATATCCGGGAGAGCGGCAGCTTCCGACCAGTGGTCGCGCTTCCGGAGAGGCGCTTCCGGTGGCGGCGGCAGCAGCGGCTGTGGTGGTTCCGGGTGTCTTTGTCCCCCCGGTGTCGCTGCCCTGGCCCGCAGCCTTTTCCCCACGACTCTGAAAGAGGACAGCGTTCCCA,37.65209367179144,5.234658184112051
3948,ENST00000265806.10,ENSG00000104679.10,R3HCC1,23270120,23296279,18.417749428359524,1773,2281.89,419.495,4.14185,TGTCTGGGTCTCGGTTTTGCCATGAATATGAAAGCTAGTCGTGTCACTCTAGGAGAAGCGGTTTGTGTTGGTGGCAGGTGCGCCCCCTCCCAATAGGTGACAAGAACACGCACTCTCCCGTTCCTGCGTTACCTCCCCCAGGCCGCGCGGTGGCGCTGCGTCTCTGCAGCGGCCCGGGTCTCTCTAGGGCGCTCGGGCGCGCTGGCCCCTGGGGACGCCGAGGGCGGCTGCGACGCGCCGAGAGGCCGCGGCTCTCCCACCTGTCACC,4.446744674085137,2.1527495695182344
3949,ENST00000519973.5,ENSG00000147454.13,SLC25A37,23528805,23575463,10.17819382072302,4823,5672.85,402.237,1.5975,ACACCAATGGCGCGGCGGCCGCCGGCCTCTTGGTTCCCGGCGATTGGTGTCTCTGGCCGCTGCGCTCCACCCCAGCCCGCCATGGCGTCAGGCGCCGCGGCCCCGGGGAGGTGGCTCCCACTTTAAGAAGTGAAGTTTTGCGCCCCTCCCCCTCCCTGCCCACCTCCTGCAGCCTCCTGCGCCCCGCCGAGCTGGCGG,6.371326335350874,2.6715937332744493
3950,ENST00000276440.11,ENSG00000147459.17,DOCK5,25184723,25418082,4.11158018934194,10075,10200.8,880.281,1.94423,TGTAGCAGCCTTAGTCGCCGCCGCCGCGGGGCGAGGTCGCCGCC,2.1147601823559663,1.0804940683841777
3951,ENST00000330560.7,ENSG00000184661.13,CDCA2,25458997,25507920,35.97004172303783,3731,3406.84,803.352,5.31271,AGTCCCCGAGGTCACAAGGCAGTGGCAGGTGTCTGTAGTCCTCGGGTTGACTGCAGCTCGCGGTGGTCCCTCTCCGAGCCCAGGAAGCCACTCCAGTGCCGAGGGAGAGGCCTGGGAGCGCTCGGAGTGTGCGCGGACTGGAGAAGGGGGAGGTGGCGGAGTGATTCGTAGAGTAAATTCGGTACCGAGGGGCGGGGTCGGGGATTTGAATCGGTCGGCGGGCGGAGGAGGCGGGTGGAGGAGGCTGCCGGGCAGAGCGCAGGCCAGGATCAGCGCAGGCTGTGAGTCCAGGTCAGCCGTCGGGACCTCGGGCTCCGGGTTCGAAGAGCGGCTCCCGGCTGCGGGTGCTTTGCCAGGAGAGCCCTTCCGGACAGAGGAGCCGGGGTCTGGAAGGAGCGGCCGACGCGACGCTCGCCTGCCACGGGGCTCTGGGAGTAAGCCTGTCTGCCTGGCGGGCCTTCAGGTGCGGCGTGAGAG,6.770563746757837,2.7592759639023163
3952,ENST00000380737.7,ENSG00000221914.8,PPP2R2A,26291491,26372680,160.48720016519354,3940,3358.6,1430.57,9.59653,AGGTGACGTCACTGGCCAGGCCAGCCGGCGCCATTTTGAAAGTGGAGTCGCCTGCCCCTGCCGCTGCCGCCGCCGCCGTCGCTGTCGTAGTCGCCGCCGCCGCTGCCGGAGAAAGAGCACGAGCGGGGAAGCCCCAGAGTGAAATCTAGCATCCTGCCGGCTGGTCTGCCCGCCCCTCCTTCCTTTTCCCCCCGGCCCCCGTCCCCTCCCCCCGCAGGTGCCATCCGCCGCCATCCGCCCTCTCTACCCCCCCATCCCCAGGTGAGGGGGGTGAGTTCAGGAAGCGGAGACCCCGAGGAACCCAGCAGGGTCACCATTTGCAGCGCAAC,16.723461518402335,4.06380159054555
3953,ENST00000380629.6,ENSG00000104765.15,BNIP3L,26382898,26505636,90.27918067027868,3610,2935.44,864.205,6.63293,GCGCGTCAGCCTGACTCGAGCGTCTCCACGTCCGGGGCCCGCAGGGGAGCGCCCCTGCCCCGTCCGGTCGCTTGTTGTGTTGTCATCACGTGGCCTGGGCGGGCCCTGACGTCAGGGGCAGGGGAGGGACGGCGCAGGCGCAGAAAAGGGGGCGGCGGACTCGGCTTGTTGTGTTGCTGCCTGAGTGCCGGAGACGGTCCTGCTGCTGCCGCAGTCCTGCCAGCTGTCCGACA,13.610754322792292,3.7666751196715844
3955,ENST00000311151.9,ENSG00000092964.17,DPYSL2,26514022,26658178,60.870360257774834,4603,5382.07,1043.31,4.36742,AATCGCTGCTCGTCTCTCTCGAAGCGGATGGCTTTTGCCTGAGAGGAAAGGGAGTGGCTGGCGGCGCATGCGCCACGGTGGCCGACTTGAACCGAGGCTTTTATTGCTGTAGTTTATTTCCACCCCCTTCCCTCCTGTTTCTCTCTCTCCTTCTCTCTCTCTCTCTCTCTCTCTCTTTTTTTTCCGCCCTAGCTGGGGCTGTGTTGGAGGAGAGGAAGAAAGAGAGACAGAGGATTGCATTCATCCGTTACGTTCTTGAAATTTCCTAATAGCAAGACCAGCGAAGCGGTTGCACCCTTTTCAATCTTGCAAAGGAAAAAAACAAAACAAAACAAAAAAAACCCAAGTCCCCTTCCCGGCAGTTTTTGCCTTAAAGCTGCCCTCTTGAAATTAATTTTTTCCCAGGAGAGAG,13.937372695498677,3.8008867223481775
3956,ENST00000301904.3,ENSG00000168077.13,SCARA3,27633868,27676776,5.486926022349871,3510,5010.36,577.699,2.59773,AGGCCCCAGAGGAAGAGACC,2.1122002757599407,1.0787466354288275
3957,ENST00000305188.12,ENSG00000171320.14,ESCO2,27771949,27812640,45.25451012133019,3922,3006.57,977.036,7.32153,AGATTTTTCACCTCACCAGGGCGCGAGAATCTTGGAAACAGCCACCAGGGTGGGCGGGGCAAGGGCTGGTGCTCCACCAATCACCGAGCCAGCCCCTGGAAGCGCTGAGCCGTGGCCAATCGGAACGCAGCGGCTTCCTCCTAGCCTGGCGCGCGATTATTTGAAGACGCTCACGGAGCGGCTGGCTAGGCTGAGGAGAGCTCGCCGGGCTCTGAGGCGCAGGAATTCAATAAAGAAA,6.181018191734541,2.627844511134678
3959,ENST00000537916.2,ENSG00000104290.10,FZD3,28494205,28574268,22.81786430731041,13740,9967.55,506.906,1.14578,GGTGCTCGCGAAAGCTCGCTGTCGCTGGGAGGCGCGCGCCGGCGTTCCTCGGCCGCTCCGGGTACCTGAGGGACGCGCGGCCGCCCGCGGCAGGCGGTGCAGCCCCCCCACCCCTTGGAGCCAGGCGCCGGGGTCTGAGATATTTCAGTTGAAGGAAGAAATAGCTCTTCTCCTAAGATGGAATCTGTGGTTTGGGAATGTGGTTGATCAACTTGATATGTTGGCCAAATGTGCCCCATGTAATAAAATGAAAAGAAGAGACAAGATGATGTCATTTTCCCATATTGTGAAACCAAAAACAAACGCCTTTTGTGAGACCAAGCTAACAAACCTCTGACGGTGCGAAGAGTATTTAACTGTTTGAAGAATTTAACAGTAAGATACAGAAGAAGTACCTTCGAGCTGAGACCTGCAGGTGTATAAATATCTAAAATACATATTGAATAGGCCTGATCATCTGAATCTCCTTCAGACCCAGGAAGG,19.914699425116872,4.315761799989122
3960,ENST00000220562.8,ENSG00000012232.8,EXTL3,28600469,28755599,129.76799656660972,6483,8453.07,1226.71,3.26956,ACAATCCCCGGCGCCCGGCCCCGCGCCCCTGACCCGGGTGTCACCGCGGAGCTGCGGGAGGCCTCGGCGGTCTTCGGACGCGGTCGGGAAAGTGGCGAGCGCGCGCCCGCGTCCGCGCCCCCGCTCGCGAACGCCGGCTTCGGCCATTTCCGGCGCGGCGCCCTTCGGCAAGTTCCGCAGTCGCCTGTCGGAAATGGCTGCCGGCCGGCAGGGGGAGCGGCGGATCAGGCGCGGCCTGGAAGGCGGGCGGCCGGCAGCCAGAACGGCTTCTGGGACGCCGACTTTCGCGCAGGCGGCGGCGGCGGCGGCGGCGGGTCCCTGAGCTGGAAGCCGGAGAGCAAGCCCTGGAGGTTCACTCTTTCAAGAAGTCGTGTGCTGAGGTGTAATGCTACACAAGTCAGAGGAAGGAAGGGTCCTGAAACACATGGCCTGATTGTTGGCAAAGGCATCATAAGAAGCTGGCATTTATTTCTGTTCTAACCTATTACTGTATAACTGTGAATAGACACTATGCATATTTGTTGGTCAGCAAAACCAAGAAACAAGAGCTATGGCATTTGAAAAAGTCTGTCTGATTCCAGGGTGTTTTTCCTGGGTTTCATCATCAGGTACCTCCTCCCTTTCATCTCAGCAAGAATGTGGCACCTTTTATCGTTTGATAAAGATTAAGGACATGTTCTTTGGTCAACAGCCAGAACTTAAAATCTGCTGGAATAGGGTCAGAGACCATTTCAGCTGCAGCTGAGGAAAATGAAATGTTCATTTTATTTGGTGCCTTGTCTGGGGAGCACACTAACTCTTCTGGAAACGTGTCAGTGAAACAGAGATCGTTTTGTGGAATAGCAACCCATGGTTATGGCGAGTGACCCGACGTGATCTGGGGGGCAGGCTGCAGAGGACTC,39.689743135654254,5.310694320411883
3963,ENST00000321250.12,ENSG00000104660.17,LEPROTL1,30095398,30183640,141.6319660933293,3173,2292.33,952.622,9.3628,GCTGCGTCGCGCACTTCCGGGTGTTGTCTGGCCGCCGTAGCGCGTCTTGGGTCTCCCGGCTGCCGCTGCTGCCGCCGCCGCCTCGGGTCGTGGAGCCAGGAGCGACGTCACCGCC,15.127095109724582,3.9190630650487464
3964,ENST00000221114.7,ENSG00000104671.7,DCTN6,30095398,30183640,116.8988732831796,1127,740.719,1019.39,31.0062,CAACCCTGCCAGGCTCTCCAATCGCATGTGGAATTATCGCTCTACCCAGGCGGTGGTGTCGATCTACGTTCCAATTGGGGCCGTACC,3.770177360759448,1.9146323939102199
3965,ENST00000339877.8,ENSG00000157110.15,RBPMS,30384479,30572261,17.631230795225544,1341,1782.05,106.973,1.35244,AAAGGGAGCTGCTTCCATCCCGGACTTCCCAGAGCCTGCCTGGAGCGCGTACTCAGCGGCTCTCGGGTCCCAGCGTCCCAGCCGCGGCCCGCGCTCCTCCGCCCCGCTCCTCCTCCTCCTCTTCCTCCTCCTCCTCCTCTCTAGGCACCCCCGTCCCCTCCTTCCAGCGGCTGCAGCCCCCAGCCCCAACTCTCCGCGCTTACTCCTGGGACGCGCGTCCTCGCCCCATCCTTTGCTTCCTTCCTTCCTTCCTTCTTCCTTCCTCCCCTGGCTCCCGCCCTCCCTCTCCAGGTCGCCCTCCCGGGGCCCGATTGTCTCGGTGCCCCGCTCCCGGCCCGCGCCCTGCCCCGTCTCTCCCTTGCACTTCCTGAGTCGCCCGCCGCCGCCGTCGCAGACTCGCCGCGGGAGCCCCAGCCCAACCCGAGCCCGACAGCCACTGCCCCGGCTCCAGCTCCAGCCCCACAGCCCGCGGCGCCCGCCCGAGGGAGCCCCGGCGCCCGGGGAAGGCTCCAGTGGGCTAGCGCGCCCTCGCCCAGCCCCGCGCCCCAGCCCTGCCCGGCCCGGCGAGGAAGGACCGGGAAG,13.03660849666199,3.7044966928733847
3966,ENST00000265616.9,ENSG00000104691.14,UBXN8,30732247,30767006,80.25458955204574,1450,1072.72,493.5,10.3649,GCCTGCACCAGGCGCTTCCGCCACC,7.742919811290581,2.952877701115655
3968,ENST00000298139.5,ENSG00000165392.9,WRN,31033801,31173769,13.61814213410402,5215,3934.9,887.257,5.08016,GGAGCTGATGTGTACTGTGTGCGCCGGGGAGGCGCCGGCTTGTACTCGGCAGCGCGGGAATAAAGTTTGCTGATTTGGTGTCTAGCCTGGATGCCTGGGTTGCAGGCCCTGCTTGTGGTGGCGCTCCACAGTCATCCGGCTGAAGAAGACCTGTTGGACTGGATCTTCTCGGGTTTTCTTTCAGATATTGTTTTGTATTTACCCATGAAGACATTGTTTTTTGGACTCTGCAAATAGGACATTTCAAAG,2.6806522105807726,1.422584055345121
3969,ENST00000360128.10,ENSG00000198042.10,MAK16,33484750,33501260,59.8123876051748,3991,3594.17,1336.07,8.37515,GGAGCGGGGACCCAGCCCCGCCGCGCCGCCTGCAGCTTTCCCCAGCCTCCTCCCAGCAGAGGGGAGGCCCGACAGGGAGGGGTCCCATCCTCATGAACGGTCACAAACAGGGCGCTAGGGAAGCACGCCCGACCCCCGCGGTCCCCGCGCTCCAGGATTCGGCAGACTGCGCGCGTCCTGCCTCCCGCGGATCGCACTGGGTCCCAACAGGGTTCCCAGCTCCAGGCTGCGCCCATGAACAAGCCCAGCATTGCGGACGGGCGCGCGCAGACGCCAGCGTGGTGAAGACGCGGGGGCGCGCGCGCGGCGACGAGACTGCCAGGGGACGCTTCGCAACACCGAGAGTCTCAGCGTTTCTCGAGATAGGTGAGGCTGCGCGTTCCGGAACTGGTTTCCCGGAAGGAGCATGTCTGCGCCCGCGATCCGACCGGAAGTTGCACGCTGAGCCGCGGACACC,7.141649714354346,2.83625737394679
3970,ENST00000331569.5,ENSG00000183779.6,ZNF703,37695751,37700021,174.32582554234662,3349,5133.58,3231.83,14.1837,GCTATTTGACGTGCGGCTCGAGGAAGGCGAAGGTTTTTGTGTTGCTAGCCGGGGCCAGCGGCGGTGGCGGCGGCGGCGGAGGCGTCGGTGGAGGAGGGGAGGCGGCGAGGAGGCGCAGCTCCCGCTGCACCGCGATCGACGCTGCGGAGCGAGCCCACCCGCCCCGGGAGCTCGCCTCCCCGGTGCTCCCCCGCCCTCCCCGCCCCCCCAGCGGCGCTGCCTCCTCCAA,12.290574782485995,3.619480481423955
3971,ENST00000276461.9,ENSG00000147475.14,ERLIN2,37736599,37759101,71.51356743392297,6073,5893.61,1222.17,4.67209,TTTTCTTGCTCGTGGGCTCGGACGAGTACGGAGCGCCTGCAGGGACAGCCTGGATAAAGGCTCACTG,15.306547483871881,3.936077002832916
3972,ENST00000328195.7,ENSG00000147471.11,PROSC,37762593,37779767,48.36228250838036,2558,2344.81,701.856,6.74377,CGGAACCGGAAGATGGTGTGAGCCACGGGCTGCCGGGGGCCTGGGGCTCGGCGTCGGTCCCCGGGGG,7.171401531840552,2.8422550973709133
3973,ENST00000338825.4,ENSG00000187840.4,EIF4EBP1,38030341,38060365,263.3346179311348,1020,1258.57,1349.68,24.1611,GTGCGGAAGAGCCCGTGAGCAGACGGGAGTGGGTCGGGGGGCGGCGGGGGATCCCACGTGGAAGCAGCGTCCTGGAGCTGGGTGGGGCTGCGGCGCGGACTACAAATCCCAGGGGCGTGGGGCGGGAGAGGCGGAAGGGGCGTCCTGGGGCGGGGCGGCACGGGGCGAGGCGGAGCGAGGCTGGAGGCGCGGGAGGGCAGCGAGAGGTTCGCGGGTGCAGCGCACAGGAGACC,10.899115434774691,3.4461391464355664
3974,ENST00000343823.10,ENSG00000129691.15,ASH2L,38105242,38144076,28.526693484369257,3090,3379.1,346.995,2.31358,GCAGAATATCCAGTCGTAGCCACGAAAATACGCCGCGTCAGTCCCTGACTCGAAAGGAAGTCCTCCAGAGAGCCGCACTAACCATCTAGCTTCCTCCACCTTCAGCCTGCCAGGCCCGCGGCCACCGCCGGCGCGGGAGGCCGGCCCACCTCTGCCCGCGCGCCTGGCCTTAAAGCGGTCGTGGAATTATGCTTCCTCAGGCAGGCGGTGGACGCACCGCGGGCTTTTTCTGTTTGAAGACTACAGCGTCACACAGCAACGCGCGCGAGAGAAGAGAGTATTCTCGCGAGAAGTCCAGGGGTGGCCGTG,12.33010895857038,3.624113643476014
3975,ENST00000287322.4,ENSG00000156735.10,BAG4,38176533,38213301,21.71795030727216,4453,3980.83,842.285,4.76702,AACTCCATTGGATAAATGGCGAGGAAACGTATACTCCCTCTTAAGGAACACGGTGTCTTCCTTCGTCTCCGGGTTCCCGAGACCCCAGAGTCACTGACCTCCGTCCCTCAGCTTTCGGGGTTCGGCAGCAGAAGGGGCGGGCCCGGGCCTGGGATTGGCTGGCGTCGTCCGACCCCCTTCGCTGCTCTCCATTCGCAATCGCCCGCGGGCGCCTGCGCGATGGGTCGGCCGTGGGGAGCGGGGCGGGAAGCGCTTCAGGGCAGCGGATCCC,4.555875642911539,2.1877283678091115
3977,ENST00000397166.6,ENSG00000085788.13,DDHD2,38225218,38275558,20.035569079781787,4921,4616.85,419.037,2.04488,ATTCCGACTTTCCCGCCCCGTACGTGAGGGGCCGCCTTGAAGCCTCTTCCGCCACGGACACTCGAAACTGATCTTGAAGCCCCTGCCGTCACGGATACTAGAAACTGATCTCGAAGCCCCTTCCGCCACGGACACTCGAAACTCTCCCCCACTGTTAGACCTCAGCAGCCAGCAGCCCGCCGCCCGGCGCTGCAGCTCCCTGCCCGCAGGAGCCACGTCTCGCGCGACTCCCCCCACCTCTCGCGACACTTGCCGCCCGTGCCCTGCGGCCCTGCACGCCCCACCCGCGGTCGCGCGCCGCGCTCCCCGCCGCCTCACCTTTTCGCCTGGCATCCGGGCCCGCTACTCGCCCACTGGGAGCGCCGTGGCGCCTGGTGTTCGGCGCGAGCCCGGCGGGGCTGCAGGTTCCGCCCTGCTCCGCCGCGCCCCGCCCGGGCTGGGGTAAAGGCCGCGGCCGGGCCATGCAGTGTCCTCCTCAGGGAGGGCAGGAGAGCCTGAGGAGTGGCGGGGCCGCCAGAGAGCGAA,9.797919232317685,3.2924753990289077
3978,ENST00000519476.6,ENSG00000165046.12,LETM2,38386207,38409527,7.379166368120436,2240,1960.78,89.193,1.02486,ACGCGCCTTAAACCAAGCCCCACAAAGAAGTCACTTCGGCGATGTAAACGCGACTTTGCGGCTTCCTGGGCTGCTAAGGTGAAGGACGCCCGCCCTCCCCAGAACTTGAGAGCTTATTGGTTGGCGATGTCGTCACTCAGAGTGACGTCAGGGGCGAGGAAAGAGGCGGAACCGTAGAGACTTGGCTTCGGGCCCTTCTAGCTTGGGGGTCCCGGGAAGGAGCTGGGAGGACCTAGGCGGCCGTTCCGCGGAGCCCGGCCGAGGAGGTCCCTATGTTAACTACTTGAGACAAAAATAAAT,7.200170138477875,2.84803099753248
3979,ENST00000317827.8,ENSG00000147526.19,TACC1,38728186,38853028,7.880475432801236,7802,8100.43,851.275,2.36768,AGCTGATGCGCGCCCCGCCGGCCGGGAGGCGGGAGTCCGCGAGCCGGGAGCGGGAGCAGCAGAGGTCTAGCAGCCGGGCGCCGCGGGCCGGGGGCCTGAGGAGGCCACAGGACGGGCGTCTTCCCGGCTAGTGGAGCCCGGCGCGGGGCCCGCTGCGGCCGCACCGTGAGGGGAGGAGGCCGAGGAGGACGCAGCGCCGGCTGCCGGCGGGAGGAAGCGCTCCACCAGGGCCCCCGACGGCACTCGTTTAACCACATCCGCGCCTCTGCTGGAAACGCTTGCTGGCGCCTGTCACCGGTTCCCTCCATTTTGAAAGGGAAAAAGGCTCTCCCCACCCATTCCCCTGCCCCTAGGAGCTGGAGCCGGAGGAGCCGCGCTC,3.328353254156489,1.7348085617763653
3980,ENST00000487273.6,ENSG00000168615.11,ADAM9,38996869,39105144,31.07196660997088,3839,3140.27,1450.24,10.4048,CGGCAGGGTTGGAAAATGATGGAAGAGGCGGAGGTGGAGGCGACCGAGTGCTGAGAGGAACCTGCGGAATCGGCCGAG,2.9863107998203597,1.5783643215426844
3981,ENST00000520817.5,ENSG00000147533.16,GOLGA7,41490396,41510980,98.01810754924132,1984,1671.34,561.109,7.56389,TTTACGGCCGGAGGAGAGGGTGGGTCCCAGACCTGAGGTAGGAGGCCGAGCTGAGGGGCGGGGAAGAGGCTTTTTGCGGCAGGACGTAAGTGACGGCGAAGGCGGTGCGACAGCAGCTGGAGGGCAGAGGAGGCGGCGCGGGGTGTCCTGTCCTCGCC,12.958690243940794,3.6958480049262907
3983,ENST00000276533.3,ENSG00000147536.11,GINS4,41529206,41545046,74.52599798833089,3841,4136.54,748.009,4.0741,GTGCCTGGGCGGAAACTTTGCGAGAGTAGCGCGGGAGCTGAGAAGTTGCAGGGTTGAGTTGGTCCCGGCAAGTCCTTGAGCAGTTTGTTCCTCTGTCTTCCCGCTTCCTGGTGCCCCGACTGCGTCCCCACGAACGCCCCGTCCTTACCGCCGGCTGCTGTGGAGTGCCTCGCTGTCTCCCAGGTCCCCGAGTTCCTGGTTTCAGAGAAG,18.29262855313588,4.193190492450826
3985,ENST00000396987.7,ENSG00000158669.11,GPAT4,41577187,41625001,23.76643994458632,6298,8023.72,959.371,2.69385,GCAGCTTGGGCCCGCGGCGGCGGCAAGGGCGGGAGGGAGCGGTCGCCGCGGGATTTGGAGCTGCCTAGCCTCGCGGTCGCTTTGGCAGCATGTAAGCAGCTGTTTGCCAAGAACCCAGGTCACTGCTAAGAAAGGGTGCCTTCGGGAGAAGAGTGTCCAGAGGATACCAATGCCAGATGCATCTGGAGTTACACTCAGCACTCGCAGTATGAGACATTGTGTGCCAGCATCTCTTTCCTTCTGGCAAAGACTGTAGCTCTCCAGGTAGGAGGATCCTGGAAGCTGTGAGCACCAGGAGCCTTGCCAGAGGAGGATGGGGCCAGATATGAACTCTCTACCATGAACATGGTTCTCGGCTTATGAAGGAATTTTAAGTAAAACAGTTATTTAATTTCCACATATTCAAGTCAAAAGCCTTCTGTGTGAAGTGCCAGTGATTACCCCTCCACAGGAGTTATCAGGATTTTTCTGGCACCAAGTTTAATTCTTCTTCGTACTTCTGGTAGTGACAGATCTGCAGGACAGATTTATCTGTTGAATGCTCTTGGGCAGGAAAACCATGTAAAACCTCTGGAAGCAGCATCAGGACAGCAGAGCAGAGCCCCCGTCCTCACTGCTCACTTGCACAGAAACTCCATCTGGACTCGGATGCTTTTACTGAAGACCCATCTAGCTTCAATCATCTTTAGAGTCCATCCATTCTGGAGAGACCTGGCGTTTGCAGTTGCCTCCTGTGGCCGTGTTTTTCTGTCATTCTGTTCCCAGGCCTTCTATTCAGGCGGTTGAAGGGTGTGGACTTTGGAATGGGGTTTGCTGTTCTTCGGGAACTTGCTTCCTTTCCCTGGCTGGTGCTGTCAGGAAGGACCATCTGAAGGCTGCAATTTGTTCTTAGGGAGGCAGGTGCTGGCCTGGCCTGGATCTTCCACC,8.822480815407808,3.141184387850439
3986,ENST00000265421.8,ENSG00000070501.11,POLB,42338454,42371808,31.58461376210625,1329,1102.17,309.574,6.3282,AACAAGCGCCGTGCGCCCCGCCCCCCATCGGGGGCAACCATTGTTCCGCCGGTCGCGCCGGAGCTGGGTTGCTCCTGCTCCCGTCTCCAAGTCCTGGTACCTCCTTCAAGCTGGGAGAGGGCTCTAGTCCCTGGTTCTGAACACTCTGGGGTTCTCGGGTGCAGGCCGCC,4.991089687763701,2.3193548286900065
3987,ENST00000022615.8,ENSG00000078668.13,VDAC3,42391624,42405897,455.6357323130045,1355,1240.06,2416.16,43.898,AGCAGAGACAGGCCCTCGGGGTGGAGGTCTTTGGTTTCATAAGAGCCTGAGAGAGATTTTTCTAAGAT,10.379418932821643,3.3756537749799387
3988,ENST00000307602.8,ENSG00000168172.8,HOOK3,42896932,43085788,52.95640883065506,14398,12171.5,1131.3,2.09409,CGGTCCCGAGTGAAAGGAGAAGGAGGGGCGCTGGGGGTGACGGTGCGGAGCCGCTGCCAGCGCTGGGCGAGAGTCGGCGGCCGGATCCGAGGAGCAGGCGGGCCTGAGGCCGAGTCAGCTGCGCGGGCCCCCGGATCCCCCGACAGAGCGGCGGCGGTGTCTGGCCAGGCGGTAGGCGCTGCCTGGCCGCGGCGGGGAAG,25.28850662132719,4.660409937992926
3990,ENST00000526755.5,ENSG00000168522.12,FNTA,42896932,43085788,51.03675242220945,4676,4192.9,465.473,2.50116,GGGGCCTCCGCCACCACCTCAGCTGCGGACCGAGGCGAG,20.40523294079925,4.350867275006419
3992,ENST00000331373.9,ENSG00000185900.9,POMK,43093506,43123434,125.83728263742626,1865,2075.21,357.949,3.88616,GCGTGCTGGCCCGGGGTGGCAGGAGCCGCAGAGGCTTGGGCTGCAGAAAAAGGATCCTGTTTGCTGTGTAATCCTGAGAATGGACTGCAAGAGAGGAAAAACTGGGCGTCTGCTTGGGAATCTATTGTGGAAACCCAGGGTGTTTCCCGACCAGTCCCTGGGCGCCAACTAGAGTATGGACTGACCAGGTACCTGGATGGAGACCTGAGCTGGAGAAGGAGATGCGCTTGGGAGGAAATTGCAGAGGCCGTCAAC,32.380880518925174,5.017070311627748
3994,ENST00000379644.8,ENSG00000165102.14,HGSNAT,43140455,43202855,14.721615691135838,5236,6242.24,806.856,2.91218,GGGCGCAGCGGGCAGGCAAGGGCGGCCGAGCGGGCGGCGGGC,5.055187416689846,2.337764579787402
3995,ENST00000518074.5,ENSG00000164808.16,SPIDR,47260575,47736306,1.415833513862157,2819,3189.95,149.15,1.05342,GCGGTGCGCTCAGGCGGCGCTCCCGGAGATGCCCCGCGGCAGCCGCGCTCGGGGCTCTAAGAGAAAAAGGAGTTGGAATACAGAATGCCCATCCTTTCCAGGAGAAAGACCACTGCAGGTCAGAAGAGCAGGTCTCAGGACAGCAGGGGCAGCTGCCTCTCTCTCTGAAGC,1.344035155837327,0.42657087508753283
3997,ENST00000523944.5,ENSG00000104738.16,MCM4,47960185,47978160,310.79657699528315,4105,4401.4,9125.25,46.7106,AGGGGCGGAGACGACCTTGCCGCCGGCGGGAACTCTGGGTCTCGCGGTTTGGGAGCGCTACTCGCCAGGTGGACTCGGAGTCCGCGAGCGTCGTCGGCAAGCGGCCGCCTTTCCACGGTACTCCGAGCACT,6.65366270172687,2.734148732634971
3998,ENST00000523111.6,ENSG00000169139.11,UBE2V2,48008400,48064708,222.17352538852336,4373,3208.84,751.317,5.27519,GACGCGCGACGGTTCGTGCGTGCGTGCGGGCGGCTGCGTCGGGCTGCAGGAGAAG,42.11668686597513,5.396320045257946
3999,ENST00000260102.8,ENSG00000137547.8,MRPL15,54135210,54147901,131.1147692828943,1147,969.666,610.336,14.1811,ACAAAGCAGCCCCCGAGACCACGTGGCCTCCGAGCAGCTCAGGGCGCCCTTGAAAGTTCTTGGATCTGCGGGTT,9.245740406801607,3.2087888565087948
4000,ENST00000260129.5,ENSG00000137574.10,TGS1,55773142,55825448,14.328344548629554,3782,3517.17,393.495,2.52062,TGGGAGACCGGACGCGCGCGGCCTCCGCCGCTCCCAGTCCCGCCAGACCCGATGCCGGGCTGGAGAAGCGCGGGGGCCGACGCACCTCGGATAGGCGGGGGCAGGGGCAGGGGCAGCTCTCCTTTACCCTAGAGCGGCGACAGAAGCTCTTCGGGGGATCAGTGGCCAAGGGGGCGGACAGATTTGCACGGCGGATTCCTCCGAAGCAACCCGTGTGAAAGAAGCCAAGCGGCGGCTGCAGCCCGGGCCGCGATGGGGGTGACACCGCCCGTGGTCCCGCCCCTTCCCGTGGCCCCTCGGAGCCACTTCCGGCGGCAGCGTCCGGGCTAGTTCCCGGCGCGAGCGGCCGCGGGCCAGTTTCTATCTCCTCATCCAGGGCTTGCGGGCGAGGCCTGTTTTAAGTCTCCAGTAACCGAGCGGAGGCCCGGCAGGCGCGACCCGGGCTGCGTACGTCAGAGCTGCCTCCGAAGTGGTAAA,5.6844524555980485,2.5070213908700514
4002,ENST00000519728.5,ENSG00000254087.7,LYN,55879813,56014168,15.939270079744164,2297,2374.54,362.727,3.44162,TCGGCCGAGCCCAGAGACAGCCAGTTCCTCTCCCGCCGCGCCGGGCCGCGCTGCCGCTCGCTCCCCGGCCGTGGCGCCTCCGGGCCAGACGCGCTGCAGCCTCCAGCCCGCGGCAAGCGGGGCGGCCGCGCCACCCCCGGCCCCGCGCCAGCAGCCCCTCGCCGCGCGTCCAGCGTTCCCGGCCAGCAGCCTCCCCATACGCAGGTCCTGCTGGGCCGCCCCGTCGCGCCCCCCACTCTGAACTCAAGTCACCGTGGAGCTCCGCCGCCCCGAAACTTTCACCGCGAGCGGGAAAT,4.63132771187527,2.211425845482481
4004,ENST00000399598.6,ENSG00000215114.7,UBXN2B,58411264,58451501,6.074227298476248,5068,4189.88,1204.92,6.47917,GGTTCGGGTAGCGGGGACGCGCACGCACCTTGCGCGTCTTCGCCCCTCCTGCGGTTGCCAGGCAACCGGCCCCGGAAGTTGCGGCAGGTGCGTCCGCAGCGGGCGCCGCTAGCCAGCGGAAG,0.9375008370634276,-0.09310811625631694
4005,ENST00000260130.8,ENSG00000137575.11,SDCBP,58552924,58582860,54.953956958098445,2167,1500.83,639.209,9.5956,GGCTGAAGGCGGGGGCGGTGCCATGACGCGCCTCGGGGGCGGTCCTCGGGCGCGCACCGCTCTCTTACACTCGGGCCTCAGAAGTCCGTGCCAGTGACCGGAGGCGGCGGCGGCGAGCGGTTCCTTGTGGGCTAGAAGAATCCTGCAAAA,5.726995389355376,2.5177784419898424
4006,ENST00000262646.11,ENSG00000104388.14,RAB2A,60516857,60623627,116.8934704539544,3848,2935.4,573.842,4.4044,TGGCGGGGCGCGGCCAGCGTGCAGGGCTGGGCCAGCGTGCGGGGCTCCTCCCCTTTCCTCCGGCGGCGCCGGCGGCCGCAGAACTTCCGGGTCGGCGCGGAGGCGGGGCGGAGGCGCCGCGGCGGCTGTTATTGTTCGGCTGGGCTCGGTCGGGCGCTGTCTCCCTCGGCTCTGCGGGTGTCAGTTCGTCCGGCTTCCTCACAGCCCCTCACTCCCGGCGGCTGACAGCAGCAGCGGCGGCGGCGGGCGGCGCCTGGCGTTTCGAGGCTGAGCGGCACCGGGGTTGGGGCGCGGAGGAGGAGCAGCAGCGGGAGGAGGAGCCGTGTGCCCTGGCACTGAGCGGCCGCGGCC,26.54015767277141,4.730105036546851
4007,ENST00000423902.6,ENSG00000171316.11,CHD7,60678778,60868028,5.657594575247352,11568,12927.4,1450.88,2.52861,CGGCGGCGGCGGCAGCGGCGGCGGCGGCGGCGGCGCGGGGGTTGAGTCGTGGTGGTGCGGACGCGCTCGTGCTCGGGAACTATCGGATTAAACTTGAATCGAGTGAAATTACACAAAGGAGCGCCGCGGAGGAGGCGGCCCGGGGACCCGGACACCCTGAAACTCACCAGAGACCCGTTCGCCCCCGGCCAACTCCGTGCCCGTGGATTCAGCCCCCTGGCCGCAGCTGCCGAGCCAACTCCGGAGCCCGCTCTGCGTTTTGTTTTCCCCTCGGCACTAGGCAGCGGAGGAGCCCGACCGACCCGGACCTATATCCAGACTTTGCCTGACACTGCAGGGTCCAAGAGAATTAAAGAAATATGGAATGACATGAAGAAGATTAGTTAAGGATTATAGGCTTTGAGGGCAAACACCTCAGTGAAGTGAAGCACAGGCAAGCTCCTGAGCTGTGGTTTGGAGGAGCCGTGTGTTGGAAGAAG,2.237432650842697,1.1618442563399736
4008,ENST00000539294.5,ENSG00000185728.16,YTHDF3,63168553,63212786,29.62755353697348,5163,4255.89,968.902,5.12922,AGGAAGAGCGAGGTGAGCGCGGACGTCAGAGTGGAGAGCGGAAGGTCAGGGAGGCTCGGAGCGGAAGTGAGACTAGGGAGTCTGTCCGCCATTGTGGACCCGAGAAGCAGAGAGCGAGAGGGGGAAGAGGAGCGTGCAAGCGGAAAAGACGGGCCTCTTCCTCCGACTCCCGAGCGCGAGGCCCTCATTTTGGGTTCTCAGCGAACGGCGGCAGCGGCGGCGGCTGGAACAATCACTCGGCCAAGGGCGACAGCCAACTGCTGTGAGTGCACGGGGAGAGGCCCAGGCAGCGGCGGCGGCGGCGGCTCTCGGGTTGCGGTGAAGA,5.776229823827693,2.530128145116403
4009,ENST00000262146.8,ENSG00000066855.15,MTFR1,65644734,65771261,91.52963600857876,2640,2079.9,310.276,3.361,AGAAGCCTGAGGAGCCGGAGAGGGTGCTGGCTGCCGCGCGGCCGAGTGTGTTTTATGGACCATGTGCTGCTATGTATGCCTGAAGAAGTACTTGAAATGCAAATTTGGGGAGACTTTGCCATATAA,27.232858080505434,4.767276495638241
4011,ENST00000320270.3,ENSG00000179041.3,RRS1,66429028,66518524,105.2443085154528,1706,2076.19,420.0,4.55768,GCATCCCGGCATCTGCACGTGGTTATGCTGCCGGAGTTTGGGCCGCCACTGTAGGAAAAGTAACTTCAGCTGCAGCCCCAAAGCGAGTGAGCCGAGCCGGAGCC,23.091640596850326,4.5292987711114705
4012,ENST00000262210.9,ENSG00000104218.14,CSPP1,67062426,67196263,4.378736202306117,4367,3604.77,525.726,3.28582,GAGGGGCGGAGCCCCGGCCCGGAGGTCTGTC,1.3326159687098247,0.41426108660735705
4013,ENST00000276603.9,ENSG00000147601.13,TERF1,73008864,73048122,12.198121813369172,1677,1343.07,158.565,2.65994,AGTACCCAAGCGAGCCATTTAAC,4.585863520744517,2.1971934197082907
4014,ENST00000240285.9,ENSG00000121039.9,RDH10,73294612,73325281,23.122724101306915,3949,3896.81,277.824,1.60628,CGGAGCGCTCTGACTTGCAAGCGGGCTGCGCTGCGGAGCCCAGTGCCCGAGTGACACCCGCGGAGAGTGCAGGGCCGGGGAACGCGAGCCCTCGGGGGCAGCTGCAAGGCGTTGGGCAGCGCTTGCCTGCGCCGAGCGAGTCTCCCCTTCCCGGCGCTCCGCCGCCCCGCACCCCACTCTCCCACCCTCTCGCAACTTGGGTCGAGTTGACAACTCCCGCGGCAGCCCGCTGGCCCGTGCCGCCTCCGCTGCGCACCCCTCCCCCGGGGTGAGAGGGAGCCGGCGCGCCGGTTCCGGGGACGCTCGGGCGGCAGCAGCTTGGCCATGAGGGCAGTTCGAGTAGTCTAACTCGCGGCTGTCACCGCCACTGCAGCGGAGCCGGCCGGCCGGGCGCTGCGGGACGGGCGGGCGGCTGCCGGCAGGAGGCGCCGAGCCGGGTGACTGCCGCGGCGGGCACAGTCCGGGGCCACAGCGCCGAGCCCGGGCGGGAGTGGCCCCGCGCAGGCAGGGAGCGGCGCCGCGCACTCCAACCCGGCGGGCACCTCGGGGGCGGGCGCGGGGCGCAGCCTTCTCGTCCCGGCCTCTGTGACAAGCGCCCCGGAGCCGGGAGCCCGATTGCCGGGCTCGGGGTGGGCGCGGACGCAGGCACTGGGCTCGTGCGGGGCCCCGGGCGTCGCG,14.395201397830338,3.847516068131783
4016,ENST00000312184.5,ENSG00000175606.10,TMEM70,73972437,73982783,114.3042481495458,2018,1616.07,229.855,3.20446,CGGGTGGGAAGCCGTGTCTCGCAGTCGTGGACTCGTGCAGCTGGGGCGTCCGCAGCCGCTCGTCACCCGCGTG,35.67036197972382,5.156653951109881
4017,ENST00000220822.11,ENSG00000104381.12,GDAP1,74321130,74488872,32.34153723474196,3666,3126.37,466.64,3.36282,GGAAACGCCTTGCGGGGCAGTGTGGGAGGGAGAAGTCCAGGGCGGACAGGCTGGGCGCACCCGTGCTCGCGCACCCCAAG,9.617385775849424,3.265644789965698
4018,ENST00000521891.6,ENSG00000091656.15,ZFHX4,76681219,76867285,4.472443890049386,14019,15039.2,941.848,1.41097,ATTCCCAGAGTGCATATCGGGAATAGACACACAAAGACATGCGCACTCAACTTAATCAGCCATTTTTTTAAACAGGGCTAAAACGATAATAATTAGCAGAATAAAGACATATCGGATTTTCATTTCCTTTCCTCCTTTTCCCAACCCCTTCACAACCAAACAGCGAGACCGCGGTCGGCACATGCTTTAACTCCTCCCGGACCCCCGAGGACCGCTCCATGCCCCCCACTTTCTGCTCCAGCGTTTTTATTTTCACCCAATAAAGTTCGAGGATTATTTTTTATTTTTTTTGTTTTTTTAATGAACCCTCTCGTTTTACTTGGATGTGATCAGCTGTAAGTAAAATAAAAGCAAAACAAAAAAGAGGCGAAGATCGAGTAGGAACTGCAGGGGAAATGGAAAGTCCCTGACAGGCTGGATGAAATGAGATCCCCATGTAGCAATTGCC,3.169765402559506,1.6643760690434524
4019,ENST00000263849.8,ENSG00000104427.11,ZC2HC1A,78666047,78719765,10.105724490222167,3352,2245.57,148.921,1.49414,GGAATGTTAGCGGGTGGGAGGTGCGGCTGGGTTGCTACAGCCAGAGCTGGGCGGTGGCGGGCGCTGCTGAAGGAGTCTCGCTGAGCTCGAGGAGGTGGCGCG,6.763572684100665,2.7577855145670918
4020,ENST00000379091.8,ENSG00000205189.11,ZBTB10,80485619,80526265,4.437637367018761,2181,1626.93,110.686,1.53281,GAAATGACTACTGTCCGGGGCCCGAGGTGCTGCCTCGCACAATGCATCAAAGGAGGTTGTGTCCGTGGTCGTAACCTCTTCGCGTGAAAGGCACCGCCTGGTCCAGTCTTTGTGAAGGAACAAAATAAGTTCACTTCCTTGGGCACCGCCACCCACCCTCAGCAA,2.8950994363415954,1.533612900495434
4021,ENST00000297265.4,ENSG00000164695.4,CHMP4C,81732434,81759515,13.223281170866091,1866,1678.07,179.764,2.41354,GGGGCCGAACTGGCAGCCAGGAAATGCCCTGGAGTGTGTGTCACCTGTCCAGGACGACTTGTTGATTCCCAGGAGGGCCGCCTTTCCGGTCTGGGTCCCCGAGAGGACTGCCTTGCTCACCTGTCCCCTCGGCGCGGCCCCGGGGAGCTCCCGAGAGGCCCCCGGGATCGCTGGCCCTCCGAACTCCACAGCA,5.4787909754410915,2.453857563591518
4022,ENST00000360375.7,ENSG00000133739.15,LRRCC1,85107147,85146076,1.3535895311867985,3813,2414.29,227.904,2.12679,GGGAAAGTTCCCGGCTGTCGGTTGGAGGGTGGGTCCTCGCCCCGCCCCGCCCCCTCGGGCCGCCCTTCCGCGCTTCCGGGAGGCTTGTCCCAAGCTCACGGACCCCTCGCTGGGTGCCGGTTAAGACCCCGCTCCCCGTCGCCAGTGCT,0.6364471956266479,-0.6518872724618112
4023,ENST00000285379.9,ENSG00000104267.9,CA2,85463852,85481493,79.3429210253428,1717,1587.83,419.0,5.94528,CCCGGCCCGCCCCGCCCCGAGCGCGGGGAGTTCACCTCCGCCCGTCACCACCTCCCCTTGTCGCCTAGGTCCACCCGAGCCCCCTCCCCCGGGCCGCCCCCGAGCACGAAGTTGGCGGGAGCCTATAAAAGCTGGTGCCGGCGCGACCCGCGGACACACAGTGCAGGCGCCCAAGCCGCCGCCGCCAGATCGGTGCCGATTCCTGCCCTGCCCCGACCGCCAGCGCGACC,13.345531417417313,3.738284849449893
4024,ENST00000517970.5,ENSG00000123124.13,WWP1,86342738,86478420,4.636670263876671,4686,3625.76,227.033,1.41076,GGCGAGCTCCGCGTGCGGGTTCCGAGTGGCTGCTGGCGGCCTGGGCTGCCGGGGCCGACGCCTGGGTGGCTGCTGCCGCCGCGCCTGCTGCGAGATGGCGATCTTGGGCGCGGAAGGGTGAGGGCGCCCGCCGCAGGAGGAGGTGCCGCTGCCGTGGCCGCCCGGCTGCCGGGAGCCGACAGCTTCGCGCCGGGGTTGTCTCCTCACAGACTATGAGCTCCTTGAAAGAGGGAATCGTGTCTTACTCATCTTTGTATCCCCAGTGTCTAGCAGTTCCTGATACATAGTTTTAGCTGAATTTTGGGAC,3.2866471007660207,1.7166165573287282
4025,ENST00000517490.5,ENSG00000085719.12,CPNE3,86514427,86561498,108.13469124160484,4865,3900.79,2105.75,12.1623,CTTGCTCTGCCAGTCCAGCCCTAGGTTCTCCTGAATCCCTGCGGTCCCAGCGTCGCTCCGGACGCTGCCAACCTGTTCTCCACCGTCGCTCGACTTCCACCTCTAAGACTCCCACGAAACTCAGGTTGAATAATTCATCAAATTACACAACTGAACTCAAGAC,8.890973848828333,3.1523414494181243
4026,ENST00000220751.4,ENSG00000104312.7,RIPK2,89757747,89791063,11.73362777965299,2584,2207.77,279.234,2.84955,GAGCTCGGGCGGCCGGAGCTGGTCGCTGCGCGCGCCGGGGGGAGGGCCGGGGCTGCGAGAGAGGAAGCTCTTTCGCGGCGCTACGGCGTTGGCACCAGTCTCTAGAAAAGAAGTCAGCTCTGGTTCGGAGAAGCAGCGGCTGGCGTGGGCCATCCGGGGAATGGGCGCCCTCGTGACCTAGTGTTGCGGGGCAAAAAGGGTCTTGCCGGCCTCGCTCGTGCAGGGGCGTATCTGGGCGCCTGAGCGCGGCGTGGGAGCCTTGGGAGCCGCCGCAGCAGGGGGCACACCCGGAACCGGCCTGAGCGCCCGGGACC,4.1177125439641316,2.0418431194620292
4027,ENST00000520659.1,ENSG00000164823.9,OSGIN2,89901859,89927888,8.537992967495882,801,558.698,48.3709,1.9506,GGCCGCGCTCGGGCGCCCCTCGCGCAGCGCTCC,4.377111128624978,2.1299790124167433
4028,ENST00000285420.8,ENSG00000155100.10,OTUD6B,91070196,91087095,22.96783610685337,3298,2153.19,335.833,3.51401,GCGCACGCGCAGCACCCCATTTAAGTTTCTCGTCTTTGCAGTGGCTTTGCTTAGATCCGGTGCCGCCTTGAAGGCGGGGCTGGGTCCCAGCCGTAGCCA,6.536075909531666,2.708424738940901
4029,ENST00000343709.7,ENSG00000214954.8,LRRC69,91101832,91398152,17.73844337340904,720,442.431,20.6426,1.05119,ACTTCTTTTCCAAGATC,16.874631011909397,4.076784050792544
4030,ENST00000414645.6,ENSG00000156162.16,DPY19L4,94719703,94793836,10.479544739999042,6197,4519.17,417.537,2.0816,AGGAGCGGGCCCCCGGAGGCCGAGGGGTTCGGCGACGCGGAGGGAGGGAGAGTCTGGGCCGCGCGGGAGCCGCAGGGCGCCCTAGCCTTCGCAGAAACG,5.034370071098695,2.331811271348949
4031,ENST00000523731.5,ENSG00000164941.13,INTS8,94813311,94881746,19.39269304312043,4633,3618.83,237.959,1.48148,TGTGTGAGTTTCCGGGACGTTCGGAGGGTGGCCTCTCTCCCACCGGGTTCCGCATACCCCAGGCACCGGCCCGCATCCAAGTGTCAGGTTGGAGCCGGGAAGCGGCCCTGGTGGTAGCGGCGGCGGGGGCAGG,13.090080894187187,3.7104021077764813
4032,ENST00000396124.8,ENSG00000156170.12,NDUFAF6,94895767,95116455,7.458344338947315,1798,1544.14,70.1507,1.02354,GAAGGGCACGCAGTGCCGGCGTC,7.286812766425656,2.8652879213358666
4033,ENST00000315367.3,ENSG00000175895.3,PLEKHF2,95133804,95156684,17.203593757080757,2881,2069.16,166.01,1.8076,CGTTGTCGGGTTCGACTGGAGGGGCGGGGGAGTCACCTGCGAGCGGCTGCGCTGGCGGCCAGCCCGCCCACCGCGTCTGGATCGCGCCGGCTGCGCGGGGCTGCGGACAGCACACACCCTGGAAGGCCCCGGCGGGGAACGGGCAGAGTCCGCGCCCTGCGTCCGCGACCAGGAGGATCGGACCTTCGCCTTCGCTGTCGCCGCCGCCGCCGCCCGCGGCCGTCGGGGCTATTAGTGAAAG,9.517367646094687,3.2505626019926295
4034,ENST00000302190.8,ENSG00000169439.11,SDC2,96493351,96611780,111.25190989730604,3759,3498.15,641.028,4.12858,AGAAAAGCTACATACGTCTCTCGTTTCTTCACTAATTGTTCTCTAGAAAAGGGAAAGTGAAGAAGGGAAAGAGAAAAGACAACGGGGAAGAAAAGAGCATAGAGGAGAGAGGAAAAGTGGGGAGAGAAAGGAAGAAAAGGACTGAGAAAACGCAGGAGCCCTGGCTTGCCGGTGAGCAGAGCCGGCGCAGCCACAGCGCGGAGCCGCGGCGCCCACTGGTCCTCGGAGCTGCCAATCGGCGTGTAATCCTGTAGGAATTTCTCCCGGGTTTATCTGGGAGTCACACTGCCGCCTCCTCTCCCCAGTCGCCCAGGGGAGCCCGGAGAAGCAGGCTCAGGAGGGAGGGAGCCAGAGGAAAAGAAGAGGAGGAGAAGGAGGAGGACCCGGGGAGGGAGGCGCGGCGCGGGAGGAGGAGGGGCGCAGCCGCGGAGCCAGTGGCCCCGCTTGGACGCGCTGCTCTCCAGATACCCCCGGAGCTCCAGCCGCGCGGATCGCGCGCTCCCGCCGCTCTGCCCCTAAACTTCTGCCGTAGCTCCCTTTCAAGCCAGCGAATTTATTCCTTAAAACCAGAAACTGAACCTCGGCACGGGAAAGGAGTCCGCGGAGGAGCAAAACCACAGCAGAGCAAGAAGAGCTTCAGAGAGCAGCCTTCCCGGAGCACCAACTCCGTGTCGGGAGTGCAGAAACCAACAAGTGAGAGGGCGCCGCGTTCCCGGGGCGCAGCTGCGGGCGGCGGGAGCAGGCGCAGGAGGAGGAAGCGAGCGCCCCCGAGCCCCGAGCCCGAGTCCCCGAGCCTGAGCCGCAATCGCTGCGGTACTCTGCTCCGGATTCGTGTGCGCGGGCTGCGCCGAGCGCTGGGCAGGAGGCTTCGTTTTGCCCTGGTTGCAAGCAGCGGCTGGGAGCAGCCGGTCCCTGGGGAAT,26.946773442032377,4.752040632508746
4035,ENST00000336273.7,ENSG00000147649.9,MTDH,97644179,97728770,67.21305214086438,6177,5464.93,1502.11,6.19271,GGCCCAAGCCGCCATTGTTCCGCCGAGGGAGGACAGCGGGGCCTGGCGCTGGCGCCGAGACGCCGCTTAGCGGCCGCCACTGGAGACACTCCCTCCCGCCTCCCGGGTCTCCTGGCGGCGGCGGAGTGAGGCTGACAGCGGGGAACCTGGGAGACCCCTCCGCCCTCCCCGCGGTGGCAGCGGCCGATCCCCGGCTCCGGCGCGAGGGACGGCCGCGATGCGCTCGGCCTGAGGTTACCCGGCCCGGCCCTTCCTCGCTTCCCTCGACTATTCCACTGCGTCTCCGCGCCCCGGCGTCATCCTGCGAGTCCCTCTGACGGGAGGGAAG,10.853576566780033,3.440098625565998
4037,ENST00000318528.7,ENSG00000177459.10,ERICH5,98064311,98093610,5.346176490187948,1761,1982.5,147.994,1.68188,CCCCCTGACATCCTCCCTATCCCTGCTTTAGGGGCTTTTCCTCTCTTACTGTGCCATACCCTCCACCGTCTCCCCTCCTGTCTCCTGGGCTCTACTCCTCCCTGCCCTCCTCTGCGTCCTGGCCCTCCCGCTCTCTTCCGCTTTGCGCTCCCAGGCTCCTTCCACCTCCTGCCAGCTCCCTTCCTCCTCCAGGTGCGCACCCCCTACCATTAGCCCCGCTGCGCGCTTGCGCTCTACGCCCAAGGGAGCCGGGCTGCAGAGCTGGAGAAACTTCCGCGGCTACGGGTGCAGTTGCCTTCGGTTCCCGGTTCCGGGCCGACACCCGCGCAGGGCTGAGACAGGTGTCTGCGCTCCCCGCA,3.1786908044497513,1.6684326904043385
4038,ENST00000401707.6,ENSG00000104356.10,POP1,98117297,98159834,13.634282160029136,4719,5027.25,327.939,1.46969,CTCCAGGAGCTTTGGCTCGGTGGGTACTGTCGCGGAGGCTTGTCATTCTGACCCGGGGATTCCTCACAGCGTCTGGCAGAA,9.276978247133162,3.2136549586077305
4039,ENST00000357162.6,ENSG00000132549.18,VPS13B,99013266,99877580,2.470828808617869,14019,13541.3,679.284,1.13019,GGCGCGGTACAGGAGCAGCACTGCCGGCGGGGGCGGGTGCCAGGGACTTGGAGGTGGAGGGGACGCGGCGGTACTCTGGCGTCTTCCGACTTCGACTCCTTACCTTAAAAG,2.1862065746625516,1.128429727707273
4040,ENST00000353107.7,ENSG00000147669.10,POLR2K,100150584,100154002,555.4579074867789,998,638.945,1061.06,37.4145,GGAGTAAGAGAGAGAGAAAGAGAGACAGCACTGTGCGTCATGTACCAGCGCCGGAAGTTGGTCTCGACACCTGGACTAGCCGGGTTGTATTTGGAAACGCGGAGTGAGTTTTTCCGTGCTGTGTAGGGGCTAACA,14.846059882846998,3.892008188086908
4041,ENST00000251809.4,ENSG00000104450.12,SPAG1,100157906,100259278,3.929013138912673,3748,2966.72,270.745,2.05611,GACGAGACCCTCCCTCAGCACCTGCAGTGCAGCCAGAGCCGGTGCGGCGGCCGCGACTTCCCCGACGCGGGGCGCTGAGAAGCACT,1.9108963717469751,0.9342495428258483
4042,ENST00000395862.7,ENSG00000155097.11,ATP6V1C1,103021063,103073051,53.86236671406554,5612,4802.76,722.407,3.38886,GCTGGGCTGGCACGTGACTTGTTCTGTGTTCGCTTGGGTAGAGGAAGCCGTGAGGCCGGAGCTTAGGTCGGGAAGGGATGGATCGCTGAGCCGATAGCGTCCGCTAGGCTGTCTGCCTCGAATCTCTCTTGATTTTTGAGGAAATACCTAGTAACAAAC,15.893948618138706,3.990405680500398
4043,ENST00000522566.5,ENSG00000164930.11,FZD6,103298433,103332866,16.726102687529636,3719,2822.9,258.686,2.06461,CCTTTCGAACTCAAGTCACTTGGGCAATTGGCTTTACAAAGCAAATTGGCTCCGTTTAAGGATTCTTGACTCCTGAAATCCGCAAGGAAGTGGGTTCTTTTAGAGCCAGCGCCAAGAGCTTCAAAAAATCCTTCTAAGTAATTGACCCAGGACTCATTTTCAGGAAAGCCTGAAAATGAGTAAAATAGTGAAATGAGGAATTTGAACATTTTATCTTTGGATGGGGATCTTCTGAGGATGCAAAGAGTGATTCATCCAAGCCATGTGGTAAAATCAGGAATTTGAAGAAA,8.101337631576731,3.018160134554915
4044,ENST00000312046.10,ENSG00000164830.18,OXR1,106359476,106752694,9.601449667624305,4406,3388.57,523.53,3.48086,GCCTCTTGTGAGGCGCGCGGAGCCGCCTCCCCTGGGTCAGGTCTGATGGGCCGGTGGGCGCGCTAGTGGTGGCCGCCACCGCCGAAACCGTCGACCTCCTGGGCCCCAGTTCCGCGTCCAGCCCCGCGGCAGC,2.758355598221217,1.4638084563879548
4045,ENST00000220853.7,ENSG00000104412.7,EMC2,108443601,108486918,65.5555366194016,1243,841.601,317.027,8.48696,GCCCTCTCACCCCGCTGCCTCTAGGTTCTGGGAAG,7.7242660056606365,2.949397848188018
4046,ENST00000521688.5,ENSG00000120533.12,ENY2,109334324,109345953,68.79684239440492,2922,2311.73,433.01,4.22009,GGAAATGCGTGTTCTAGCTTTCTGTGTGCTTAGGTGCCCGAGCTACTGAGGGTCTAAGTCCGGGCAGCCGAAGAGTGTGGTAGGTAACGGTCCTCAGCGCAAGGGTCATTTCGTCGCTGGGAAGGGACGGCCCTCGCCCGCGGTG,16.302221610061615,4.026996678203741
4048,ENST00000337573.9,ENSG00000147654.14,EBAG9,109539711,109565996,16.66662118728918,2379,1551.21,101.488,1.47402,GTGCAGCATTCGCCATGCTCCGCTCACGCGTGGGAGACTGGGCTGTGGGGTACCGGCCCGGAAAGCACGCAGCCTCCAAAGCCGCCTTCCTCAGGGAAATTTGCGTGACCTTACTGCCCTCCGTCTACAGGCCTTGTACCTCTCCAGGCCGATTTTTCCACAATTTAAATCTCAGTTCACCTGGTATCCAGCTCCAGCAACTTAGAGCGTTTCACGTCACGCCGGGCGCCAGGCGTCGGCTTGTATAACCTGAAAACGCTCCTGTTTTTCTCATCTGTGCAGTGGGTTTTGATTCCCACC,11.306916586809663,3.4991336527376715
4049,ENST00000309822.6,ENSG00000147679.11,UTP23,116766503,116849463,33.612547534861285,3699,2832.33,432.763,3.44245,GCTTCATTTCCGGGTGAAACTGGCATTGAGGGTACTGGGGCGTGCGTGAGGCGTTTACTGATGCTTCCTGGTCCGGTGGCCTCGGTCCCGGTAAGCCAGGC,9.764135291685074,3.2874922852144053
4050,ENST00000297347.7,ENSG00000164758.7,MED30,117520713,117540262,33.91542459836699,985,682.268,102.974,3.40043,GTGTTACGTCACAGTGGGCGGAAGTCGCGGCCGCTGTTTTGAAATCGGGCCGCGGGGGGTCTCTCAAGCTGGTTCCAACGCTGAGGCCCCACAGCCTCCCAATTCCGGGCAGACCCCTGACACCTGCTGTCTGGCCCCTTCCGGCCTGAAGCTGCAGCCGCGCC,9.973863481491161,3.318152456068637
4051,ENST00000614891.4,ENSG00000147676.13,MAL2,119165034,119245673,7.620770381110785,2818,2270.26,399.192,3.96157,AGCCCGCGGAGCTGAGCGGCGGCGGCGGCGGCGGCAGGAGCCCGGGAGGCGGAGGCGGGAGGCGGCGGCGGCGCGCGGAGACGCAGCAGCGGCAGCGGCAGC,1.9236742960772586,0.943864552116603
4052,ENST00000309791.8,ENSG00000187955.11,COL14A1,120059780,120372036,14.680194208015504,6163,6884.25,452.455,1.48075,ATCTGATCCTGGGCTCCCAGCTGGAGAGGCGGAGGCAGCTCCAGGGGGCTGGAAGTGGAAGCGCAGCGGCAGAAGGAGAGGGAGAGAGAAAGAGAGAGAGGCTAATTAAAAAAGGATACTCCGAGGGAAGAGAGCAAGGGCGGTGCGCCGCCAAGGACCAACTAGCGGCGGAGCTTCGATCTTGCCTAGGCGCGGAGAGCTCCCAACCTGGGCTGGAACCTTGCCCAGCACAGGTGGCTGCTACACCCCATGTAAAAAGCGGAAAATAAA,9.914026140817494,3.309471062840723
4054,ENST00000305949.5,ENSG00000172167.7,MTBP,120445400,120542133,12.013420738877048,3059,2054.71,282.711,3.09995,GATGTGGAAGCCGAGACCTAAAGTTGGGGGGTGATCTCTGAGGAG,3.875359518339666,1.9543301558749173
4055,ENST00000314393.5,ENSG00000178764.7,ZHX2,122781394,122974512,9.20560033675566,4624,5689.9,306.297,1.21283,CCCCCTCCTCTTCTCGCAGAAATTCCACCGAGTCCGTTACTGGGCTCAGACTTTTAAGTTAATTTACTGCCCCCCTACCTTGGCCAGTAACCAGCGCCTTTAGGGCTAGCCTCCCCCCCAGCTCCTGCCTGAAAAATGACATTTCGCCGGTGTCTCCGGAGGGGGCTGAATTTCACTTTGTAACTTTCTGCGGAACCCGAGCCCGGGTGGCAGCTCGGGTGGTGGTATCGTATGCAAATACGCATGCTGACGTTACAGATCATGTGGGTTTTGGCGTAGATTCCCCACTGATCGAGGCATTTTTTTTCCCTTTTTTTTTCCTTTTTTTTTTTCTTTTAAAAATTTTGGCCATCGTTCTCCGTACGGGGGCTTTTTCTGTCTGTCTGTCTGGCTGGCAGGCTGGCTTTCCCCCTCTTTCCCACGGAGCCCGAGCCGGGCGCCCGGTGGGGAGTGGGGAGTGGGTGGGGGGAGCCAGCAGAGTTCCATTTTGGAACGCCCGTGCCGCGTCTCCGCGTTCCCAGCCCGGGTCCCCGCGTTCACAGCCCCAGCGCAGGTCTGGATGTACCGACTGCTTTTGGAATAAAAAGATTCCCAGGATGTGAGCAACACGGGACCGATATGATGCTTCCTGGTGTGTTTAGTGGTTGGTGCCATTCCAATTTTCTGTGCTGAAATCATTCTGAAAACTCAAACAGTAGACTTCAGCACACAAGGAAAGCCAAAGCCATTTGAGGGGGAATAAAGCCAAAAGCCTTTCACCTTATTCGTTCCAAGAATCTCACCGCCCCCTCCTTATCCCCCTCCAAAAATAAGCCATTGCACACAGACAGGCAGC,7.590181918946316,2.924134464088234
4056,ENST00000287387.6,ENSG00000156795.6,WDYHV1,123416725,123467230,12.015308322616445,1349,1142.3,51.457,1.0149,CCTCTCCCCCCGGGCTCCGCCCACCCCACGCCGGGAACCCACGCGGGCCACTACAAGCCCGCCCTTTCCTACGTCTGGTCCAGTCGGTCTTCCTCCGGCCCGGGCCCTGGCCCAGCTAGCCGGCC,11.83890858470435,3.565464181596482
4057,ENST00000334705.11,ENSG00000176853.15,FAM91A1,123768456,123815452,10.348768836073294,5511,4002.9,722.097,4.06427,CCGAAACTAGGAAGAAACTTGGAGCTGTTCAGGCGATCCAGCCTCCAATCGCTGCTGCTCTTGTACTCGGTTGGCCCGGGCGGCGCTGAACTGTCGGGAGCCTAGGCCATGGGGCAGCCTGGGCCTTCTGCAGTGTGAGGCGCGGGGCCTCCCGCGTCGCTCCGCTGACAGGCTGCGGGCGGGCAGGCGGGAGGCGTAGTGTGGGTCGCGGTGGCGGCCCCGGCCGCCGGCCCTGGCCGCGGCATC,2.5462798574093983,1.3483909921804316
4058,ENST00000328599.4,ENSG00000183665.5,TRMT12,124450820,124462150,18.63755485796864,2207,2236.14,188.286,1.89706,ATTTCCGGCACCGGCATGGCCGGGTGAGCTGCAGGCTACCTTATTTAAGACCGGGAATTTAGTCAGCCTGGTGAGCCGACTCTGAGGAGATGGAGTATCGCTGAGGTG,9.824441429353126,3.296375384978359
4059,ENST00000303545.3,ENSG00000170881.4,RNF139,124474738,124487914,11.735527227419093,2637,2284.27,363.0,3.58031,GACTGACGGCGCAGCCTCCGGGCCTAGCCACAGCAGCAACGGCAGAGGCCAGCGGGCGAGGTCAAGATGGTGGCTCCGCGGGCGGGGGAGGCAGTGGAGGGAGGAGGAGTCAGACCTTAGCCAGCCGGAAACACCGAAACCCAGAGACCTCCTGGGGAGCCGCCGCCGCCGCCCTCTCGGCCATCGCTGCCTCCGCCGCCTGCTCCACCTCGAGGGACGCGAGCGGGCGGCGGGGCTGGCCGTGAGAGAGACAGGAGAGGAAGGAGGGCAGGGGCGGAGTTGCCCGCCTTAGCCCCCGCCCCCGGCCGCGGCCCCGGGCCCTGCCCCGCGCGGCCCTGCCCGGCCCACCGAGCCCTGGTGTGGCAGCGGCTC,3.2777963995908435,1.7127262441801876
4060,ENST00000276689.7,ENSG00000147684.7,NDUFB9,124539103,124568510,250.0101750492068,711,581.258,1149.09,44.5398,CCTTCCGGCTGGCCCCGCTCAGTCACCCGCAGCAGGCGTGCAGTTTCCCGGCTCTCCGCGCGGCCGGGGAAGGTCAGCGCCGTA,5.6131858483694765,2.4888198266403636
4062,ENST00000265896.9,ENSG00000104549.11,SQLE,124998497,125022283,122.40528617357086,2961,2929.28,1265.37,9.73239,AGACGCGTGGAGCCTGGCGGCGAGTGGGGGCGTGCGACGGTTACTCTGGTTACTGGGGCCGCGCCGCGCTGGCGAGAGCCGCCGCCCGCGAGGGATGCTGGTGAGGAAGCCGTCGGGAGCCGCCGCCGCCATCTGAGGGAGGTACCCTGGAAACCACCTTTTATCGGTGGGGAAGTGCAGTCGCGGTGGGCGGCTCTGGGGGCCAGCGAAACGGGAGGCCTCTAAATCTTTAGGTTGGGGCTGCATTGCCCTGGAGCCGCACTCTTGAGTCCGAGGCCATCTTTTGTTGGAGAAGGCGTCGGCGTTGGCGTTTTCCCGAGGTTGGGCTGTACAGTGTCTCCGTCCGCGGAAAAAGAAGCCTCTGAACCCGCGCCGGCCCGCAGCCCCCGTGCCTTCCGGCCGCTGCTCGCCGTCGCCAGAGGCTAGGCCACGTTTCCCCCAGTGCCGAGGTGTTTCTGTGACCCTCCCTCCACTCCCATTCCCTTCTGAAAGGGCACCTGCTCTTGGTGAGAAAAGAAATTATAGCACGAAGAGCCAGTATCAGAAGAGTATCCATCACCCGCAGCAACCGCTCAGGGAACACCATCAAAAAAGAAAAAAAGGGAATATCTGGATTTCCTGGGCGAGGAGGAGCGAGTCTGCTCGGGAGCTGTTCCAGCAGGCGATTTTTAAATACTGCTTTCTACGCCCTATACAACTTGGCTTCACATACTTTTACACTAACTTTATATGATTTTTAAAAACTGGTCTGATCGGACTTCTCGTCCTGGGACACTGTTTACTGGAGTCTGGCCGGCTCTCCGTGCTCCTCTTGGTACCTCATTTTGGGGAGAACCTTAAACCCACTCGAGCAGATAATCTCCGCCTTGACCGGTGCCACCAAAGAAGCCTTGGAACC,12.577104511180794,3.6527279194756814
4063,ENST00000287437.7,ENSG00000156831.7,NSMCE2,125091679,125367120,36.55788809633969,1195,921.192,110.68,2.70695,GCCCGCTCTCACTTTTCAGCGGCAGGCGAAGGGGGCTGAGGAAAGGAGGTGGGTCTAGGCAGGGGAAATTGGGGTGCCACCAGACGGAGACAGCTTGGACTACCAGAATCAAGCACTCTTTTGGAAGAGGGTAATCTCTCTCCAAAAACTGAGGACACTTACCTTCCCCATATATTGAGTCCAGCTGTGTTTGGTGGCCCAGGTACTAATTTCAAG,13.505195181418086,3.755442585176978
4064,ENST00000311922.3,ENSG00000173334.3,TRIB1,125430321,125438405,35.39494151972469,3635,4077.79,980.046,5.41481,AAGGAGGAGTGCACTGGCCGGGATCGGTGCAGCGCTCACACTCACTCACAGTCACTCTCTCTGAGCGCGTCTCGCTCGCTCTCATACACGCCCGGAGCCCAGGAGCGCTCAGGATCCCGAGCGCCGCGAAAAAGTTCCCCCGGCTTTTGCTGGAGACTCATCGCTTTGGGAAGTGCATTTGCTTCGTGGCTCCGCCGAGCCTGCTGAATCCTGTCCTCGCGGCTCGGGACCCCGGGATCGCTGACCGCTGCCGCCGCCGCCTCTGCCTCCCGGACTATCGGCAGCCTCGGCAACAATAGTGGCGGCCGCCCCCAGCGAGGCTCCGGGAGCCCTTGCCTGCGGGGGTCCGGGGACTCGAGCCGGCCTCCGCCTCCCGGACGCACAGCCAGCGTGGTCCCCGCGTGCAACGCGAGCGCCGGGGAGTGGCTCCTGCTTTGCCCCTCGTGGGGGCCGAGCCAAGACCAGTCTGCAAACTCCATCCCGCCGGCTGGAAGAAGTCGCGGAGCCGGCACCAAACCCGCAGCGTCTTCCCGCGCGGATCCCGGGACTTAAAAAGCCGGGGCCACCCCGGCCCAGGACGGG,6.536691318758126,2.7085605706013722
4065,ENST00000621592.5,ENSG00000136997.15,MYC,127735434,127741434,168.10912304632132,2366,2872.28,177.719,1.39402,GACCCCCGAGCTGTGCTGCTCGCGGCCGCCACCGCCGGGCCCCGGCCGTCCCTGGCTCCCCTCCTGCCTCGAGAAGGGCAGGGCTTCTCAGAGGCTTGGCGGGAAAAAGAACGGAGGGAGGGATCGCGCTGAGTATAAAAGCCGGTTTTCGGGGCTTTATCTAACTCGCTGTAGTAATTCCAGCGAGAGGCAGAGGGAGCGAGCGGGCGGCCGGCTAGGGTGGAAGAGCCGGGCGAGCAGAGCTGCGCTGCGGGCGTCCTGGGAAGGGAGATCCGGAGCGAATAGGGGGCTTCGCCTCTGGCCCAGCCCTCCCGCTGATCCCCCAGCCAGCGGTCCGCAACCCTTGCCGCATCCACGAAACTTTGCCCATAGCAGCGGGCGGGCACTTTGCACTGGAACTTACAACACCCGAGCAAGGACGCGACTCTCCCGACGCGGGGAGGCTATTCTGCCCATTTGGGGACACTTCCCCGCCGCTGCCAGGACCCGCTTCTCTGAAAGGCTCTCCTTGCAGCTGCTTAGACG,120.59304963079533,6.914002949814227
4066,ENST00000220847.8,ENSG00000129292.20,PHF20L1,132775358,132848807,5.051818791804873,3297,2967.27,342.169,2.59804,GCTGACGTCGCCGGGGCCCGGCGTCGCGTCAGGGCTGGCCGGCGGCGGAGGCGGCGGCGGCGGCGGCGATGGCAGCGGACCCTGAGCGAGCTTGAGGGCTCGGACCCAGCTCCCTCCCGCGAAACCTTGGGCGGATCCGGCGCTGCGGCCCCAGCTCGCTCCGCTCCTGCTCCCTCCCCGGCCGCTGCCTGGGCGGAGGCAGAGGCAGAGGCCCGGGCTGGCCGCCCTGCTCGTGCCCCAGCTCGGCCCCGGACGGCCCGGCTGCTGTGCAGAGAGGAGGCCGAGTCGTGAAAAGAGAATACTGAAGAATAGGATCTCAAG,1.9444730611556684,0.959379247728491
4068,ENST00000355849.9,ENSG00000131773.13,KHDRBS3,135457457,135656722,30.856134363498317,1977,1916.83,245.534,2.88595,GAGTGCGCGGGGCGGCGCGCGGCGTGCAGGTCGCAGCTGTGGCTCGGGTGCTGGCAGGTGCTGGCGGGACTGGCGGGGATCGCCGTGGACTGCCTCAGGGGCGCCGCAGCCCGCTCGGCCCGAGGGCCCGCCTAACCGCGCCGCCCGCGCCCGCTCCTCCTCGGCCCGCGCCCGGAGCGCGGGGGCCGCCGGCGCTGGGTACTCGGCGGCCACCGGGGATCGGGGCTGAGCGGTCGGTTCCCGCCCCCGTGCCGCCGCCGCCGCCTTCCGGCCGACCGCCCGGCTTGGCCGCTGCTGCCGCGTCTGGCCCCCGGGTCCCCGCCGCTGGGGGCGCGGGCGGGGTCGGGGGTTGCCGGGCGCCGCCCCCCGTGCGCCTGGAGTCCACATCCCGGGCCCGGCGGCCGGCGAGC,10.691846485039006,3.41843912332146
4069,ENST00000220913.9,ENSG00000104472.9,CHRAC1,140511298,140517137,30.784182263071653,2488,2332.79,556.426,5.37395,ATGCGCAGATCGGGGGCGCGAGGCCTCACGGAGCTCGTAGTTTCCCGGACGGGCCGCTCCCGGCCTCGCGGCCTCGCCTCCCCACACTACAACTCCCACGGGGCAGCGGGCGCGGCTCCCCGTACCCACCAGCTGGCCGGGCAGGGCAGCCACTTCGCGGTCGGGCCCGCCGGCTGCGGGCACCCGCGCGACGGGCGGGAAG,5.728408761352758,2.518134442486215
4070,ENST00000336138.3,ENSG00000130193.7,THEM6,142727203,142736927,98.6773059542677,2259,3575.43,418.8,2.63901,CTCGGCCGCCCTCGCGCTGTGGTTCGCTCCGGGCGCGCTGCGCTCGTGAGTTCCCAGGAGGCCTGGCGGGCACCGTAACCAGCGCCGCGGACACCGGCACCGGCGCCACGGACTCCGCAGGACCCCGCGCCCGCCGCCGCCGCT,37.39178932791755,5.224649605739672
4071,ENST00000316052.5,ENSG00000178896.7,EXOSC4,144078626,144080647,91.18559639447308,887,972.118,378.138,8.76381,ACCTCCGGAAACCGTAGATTCCGGGCGGTCGGAGCCGCCGGGAGCTGTAGTTCTCCCGCGGCTCAGAGAAGTAGGCAGAGAGCGGACCTGGCGGCCGGGCAGC,10.404789286220614,3.3791758433529457
4072,ENST00000355091.8,ENSG00000197858.10,GPAA1,144082590,144086216,53.87129521035645,2078,3100.69,483.824,3.51554,GTCTCTGGGACCGGAAGTGCGGGCGAGCGCGGGTCCCCGGGTCTGACAGGAGCAGCCTGTGGGCACCGCGGCGGTAGTTGGAGGCGGGAGAGGGTCCGTAGCCGCGCCGCCCTGCCCCGCC,15.323761132103872,3.9376985371024946
4073,ENST00000318911.4,ENSG00000179091.4,CYC1,144095027,144097525,247.84852455979575,1240,1493.96,2196.08,33.1185,GCTTTCGCGAGGTTTTGACTCTCGTGGCGCCCCAGGGGCCGACGGGAGTGGCGGCCGCGCGGAGGAGGCCAAG,7.483688106641176,2.9037494334613214
4074,ENST00000322428.9,ENSG00000179632.9,MAF1,144104499,144107611,80.53108747169757,1677,2185.75,881.769,9.08899,GTTGTCCGGCCGGGGGAGGCGGAGGTCGCTCGCTCGCTCGCTCGGCTCGCTGACTCGCCGGAGCGCTCTGTGGCGGTCGGCGGCAGGTCGGTCGCGAGAGCGGGCTCTGTGGAAGGGGGCGAGGCTATGTCGCGGTGGCAGCCCGGATGGGCCGGCAGGGCCGGGAGTAACGGGACGTCGCCGCGGAGCTTCTTCCCCCGGATACAGTGCGGCCCGAGCGGAGGCCGCGGCGCCGCCCTCCGATCTTGAAGAGCCCGCGCTGCGCGGAGCCCGCCCCCGCCTGCGCACCGGCACCGACGCGGAGCGACCCAGCCCAGCCAGACCCGGCCCGGCGCGGCCTGATCTAACCCAGCCAGGCAGGCAATACTAGCCCCTCTGGAGCACGGAGCTCCTTCCCCAAAGAC,8.860290029111878,3.147353924142945
4076,ENST00000528838.5,ENSG00000185122.10,HSF1,144291591,144314722,21.449719531535013,2142,3013.35,682.071,5.09967,CGCGCCCGTTGCAAGATGGCGGCGGCCATGCTGGGCCCCGGGGCTGTGTGTGCGCAGCGGGCGGCGGCGCGGCCCGGAAGGCTGGCGCGGCGACGGCGTTAGCCCGGCCCTCGGCCCCTCTTTGCGGCCGCTCCCTCCGCCTATTCCCTCCTTGCTCGAG,4.2060995185051215,2.072482985389539
4077,ENST00000532887.5,ENSG00000185803.8,SLC52A2,144354135,144361272,28.262924564231746,2147,3433.73,154.239,1.01202,GGCCCGGAACCGCCACGGGTGAGTCGGGTCGTGGCTGCTGCCGGGTCCTGCGCGCTCCGGACTGAGGTGGCGTCCCTGGGCCGGACGGCGGTGTCCCGGCGTGGCGGGAAGCCGGCACTGGAGCGGGAGCGCACTGGGCGCGGGACCGGGAGGCGCAGGGACCGGACGGCTCCCGAGTCGCCCACCTGACGGTACCGAGAGGGCGGCGCCCCTCCGAGCAGAGCCGTCCCGGCCACTCCCCTGGGATCTGACTTGGCTCTTGCGGTCGCGGGCACCGTGAAGCCCTGGGGTGTGCGTGGCTCCTCCTGGTAGGCGCCCTTTCCCGGCGTCCGGCTTGGGGTGGTGGTGGCGTTGACTCCAGCCCCGCCTCTCCCTGGAGAGGAGGGCTCCACTCGCTCCTTCGGCCTCCTCCCCTGGGGCCGCAGCGACTCGGGCCGGCTTCCTGCTTCCCTGCCTGCCGGCGGTCCCGCTGGCTAGAAGAAGTCTTCACTTCCCAGGAGAGCCAAAGCGTGTCTGGCCCTAGGTGGGAAAAGAACTGGCTGTGACCTTTGCCCTGACCTGGAAGGGCCCAGCCTTGGGCTGA,27.92723914965292,4.803601052609121
4078,ENST00000301327.4,ENSG00000167700.8,MFSD3,144509074,144511213,26.93608039912368,1548,2385.49,263.153,2.48538,AGCATGCCGGGAGCCGCCGGCCGCCGGTGTCCGGACCGCTCGCCCCCGTTTGGACCCGACTTCGGTTCTTCTGGGGTGTTGATGCTCCTAAAGCCCGAGAGCACGTGTCCAGACCCTAGCCTGTACGACGCTGACTCTGCCCGGTCCCAGAACCAAAGCCATGCCGGGGTGTGGCCTCTGACCCCACGCGGAGGGGACCTCGCCTTGCGGGACCCCACCTGGAACCCGACCTCCCAGCCTCGCAGCCGGCCTGAGCCGCC,10.837811682367958,3.438001579097162
4079,ENST00000292524.5,ENSG00000160959.7,LRRC14,144517992,144525178,6.48918409943679,5328,8015.39,395.712,1.11229,CGGGGCTGGAGGCGGTGGCTGCGGTTGCGGGACCGGCACTATGCTGGGCCTTCCTACCACTTGTGTGTGGCTTGGTAGTGGCCTAGGGTCTCTCCTCCCTGCTGAAGTCCCTCTCCTGCAGGTGGCCGTCTGCCCGGCCCAGCACC,5.834075735138129,2.544504114724092
4080,ENST00000331434.6,ENSG00000182307.12,C8orf33,145052378,145056030,125.2556750510582,2677,2990.26,1061.55,7.99825,CCGCCCGCGCCCCGCCCGCGCCCCGCGGAACCTAGAGTCGCAGGCGCGTTCTTGAAGGACGGAATTCGGCGTCGGACTCTGCGCCCCGCGTAGTTCCGGTGGCGACTGCGGCGC,15.66038509062085,3.9690477839849105
4081,ENST00000262109.7,ENSG00000104714.13,ERICH1,614746,738106,23.82855905254681,1813,2129.23,615.379,6.51152,AGGAGGGCGGAACCCGGAAGGCACGGCGCTCAGCTCAGGACCGCGCGCCGTGGTCTGAGGTCCGCGGCAGGGTCCCGC,3.659446496754492,1.871625452669158
4082,ENST00000276282.6,ENSG00000147324.10,MFHAS1,8783354,8893645,5.323170586454309,6414,8278.57,1071.99,2.91742,CCGGCGGGCGGCGCTGCCGCTTCCCAATCGCGCCCTCCCAGCGCCGGGGACGCGGCGCCCGCGCTCCCGCCCGAGCCCGGGGAAACGGAGACAAGGAGGCGCCGCCGCCCCCTCCCCGCGGCTGCGCCCCAGCCCTGCGCCCGCAGCATGCCCGCCGCCGGGCCGAGCGCCGCCCTCCCCCAGGAGCTCGAGGAGGCGACGCCGCTGCCGGCCGCGGGACCGCGGCTGCGAGGGTAGCGGGGCCGGAGCCGGGCCCCCCGAGGCGCCGCGCGGCGGGCGGAGAGGGAGGAGGAGCAGGCATCCTCCGCGGCGCGCGGGCGGCGGCCCTGCTGCCCGGCGCGCCCATGGCCCGGCCGCAGGGAGAATGCAAGCTGCTCTCCACGCGCTCGGCGTCCCCCGGAGCCGCTCGCGTCGCCGCCGCCCCCTAGCCGCCAGCGCTCGGCCGCTGGCTGCGCTAGGACCCGCGGCCGCCGGCCGCCGAGCGCGGGAGGGCAGGCAGGGGCAGGAGCCGGAGGGCCCGGGGCGCGGCGCGGCATGTAGCTGCGGGCTCCCGCGTCCGCGTGAGGCTGTCGGCCCGGGGCCCCGCC,1.8246157860213166,0.8675927040155869
4083,ENST00000304501.1,ENSG00000171056.7,SOX7,10723768,10839884,13.621934271764095,3216,3908.76,183.175,1.05582,AAGTTGGACGCCCCGACCCGTGCGAGGGCCAGGTCCGCGCCTGCCCCGCCAGGCGAAGCGAGGCGACCCGCGTGCGGCC,12.901758132791665,3.6894957711273584
4084,ENST00000314787.7,ENSG00000254093.8,PINX1,10723768,10839884,47.225480697007015,1545,1713.58,186.389,2.45063,CGTCCGCTGCAGTCCGCCGGCGAGGGAGTTACGCACGTCCTGATTCTCCTGGAGTCTCCAGCCCGCCCAGTGGCCGCAGTCACCCAGGTCCAGAGGCGGCGGTATCACAGGCTCTCCGAC,19.270751070951967,4.268340896164052
4086,ENST00000353047.10,ENSG00000164733.20,CTSB,11842524,11869448,102.8351720552564,3875,4478.44,601.488,3.02595,GGGCGGCGGAAGGTGGCGGGAGGGGGTGGGGGCTGGGAAGCACCGTGCGCGGGCGGCGGGAGGGCCCGGGCGGGGCTGCGCGGTGGTCACGTGGGGCGGGGCCGGGAGGGTACTTAGGGCCGGGGCTGGCCCAGGCTACGGCGGCTGCAGGGCTCCGGCAACCGCTCCGGCAACGCCAACCGCTCCGCTGCGCGCAGGCTGGGCTGCAGGCTCTCGGCTGCAGCGCTGGGTGGATCTAGGATCCGGCTTCCAAC,33.98442540532937,5.086801825414601
4087,ENST00000398246.7,ENSG00000154359.12,LONRF1,12721894,12756073,10.551198791495738,3594,3280.49,242.24,1.66368,GCGGAGCCGCGCGCCCGGGAGGCTCCGGGACCGTGGCGGCGGGCGGCGGCGGCGCAGCCCTCCGCGGGCC,6.342084289945024,2.664957051815385
4088,ENST00000361272.8,ENSG00000198791.11,CNOT7,17224964,17246878,21.539424868854383,6913,5093.92,1875.4,8.29478,ATCTAGCGCCCCCGTCAGGACGTGCGAAAAGCGACGGCGCAGCACGGTGCGGCGCAGCTCCTGCTCGCCTTTCCCTTCGCTGGGCGAGAGGTGTCTATGGGGCACCCGCTGCCGCCGCCGCTACCGCCACCGCCACCGCCACCGCCGCCGAGTGCTGTCTCTATGGCGAGGAGGAGGAGGAGGAGCGCGAGCTCAGCGACACAAGTACATAAATAAAGGATAAAATATTTTATGAAACAAATCTTCAATCAAGTATAACATTTTGATGCTTGGCATCTAGACTCCCTTGTGCCCTCACT,2.5967445633102244,1.3767041059030487
4089,ENST00000180173.9,ENSG00000003987.13,MTMR7,17298030,17413528,3.544673994390589,3850,3254.07,400.982,2.77626,GCGCCCGCCCGGGACCCTGCAGACGTGGGCCAGCC,1.2767802707205336,0.35251026378947037
4090,ENST00000262102.10,ENSG00000129422.14,MTUS1,17643795,17800917,6.056786344127153,6160,5739.54,824.555,3.23672,GTGGCGCCTCGCTACTTTCTGCAGCTTGTTTGCACTTTTTCACGCTCTAGAAAAATCTCATCTTAATTAAGGGAACAACAAATCATTTAATCTTCAGAGCATCTTAGACTGAAAACCTTTCAACTGTGCTGAAAAACCTAGAAGACAGACCATTTTGCCCACCCTCTCATTTAAAAGGAATTGAAGAAGAAATAAAATGGCAGAGGTTTAAGGTTACTATTCAGG,1.8712728762843722,0.9040199533179115
4091,ENST00000327040.12,ENSG00000156011.16,PSD3,18527301,19084730,5.2293492604569805,11689,10953.0,1462.68,3.00869,AACAAAGAGCACGCGGCGCTGGCCGCCGGCACTCGCGCCCTGAGGCTGCGGCCCCGGAGCGCCCGGCGGCGGTTTCGGCGCGCGGCCGGGCTGGCGATGGAAG,1.7380817766060912,0.7974959624334298
4092,ENST00000306306.7,ENSG00000168476.11,REEP4,22138020,22141951,93.85669825550625,1710,2403.31,468.722,4.39407,ACACTGCGCCTGCGTGGCAAGCCGGAGCCCTGGGGTTGGGCAGCACTCGGTTCCGTGCAACTTTCAAGTGAGTTGCGAACTCCGCCCTGTAGGCCGGTGCTGGTGGCCCGGCGCGCTGGAACCGCGGCGACCCGCTCCAGCGCGGGACCAGCAGCAAGGGCCGAGCGCCAGGTTCTCCGCGGCAGAAAGGGCGGGTGGGAGCTGTAACTGCCCCGGCCGCGGGGCGCGCCCGCTCCCAAGTCGGCTTCCTCCCCGCCGGGGCCGCTTTGCCTCGGGTCTCCCCATTCTCCAGGTCCCCTGAACTGCACAGTCGGAGGCCGTGGGCGGCGGGCTCTGCCTCCGCCGAGGGACAGCCGGATCGCCCCTCTGCTTCCCGCAACTGCCCTGATCACCCCCCGTCCCAGCCCTTGAGTGAACGTCCTTCTGAGCGGCTTCCTGGGGTCCTCCCCACGTCCCAAAGGCCGGCAAG,21.35985504452734,4.4168299513111835
4093,ENST00000276416.10,ENSG00000147439.11,BIN3,22620418,22669148,29.12589812827222,1835,2317.6,109.847,1.06786,AATCCGGAAGTGACCCTAGAGAAACGAGTTGTGGCTGAGGACCCCGGCGGCAGACGCAGGTTCGGGACC,27.275015571584493,4.769508115085789
4094,ENST00000276431.8,ENSG00000120889.12,TNFRSF10B,23020133,23069179,62.31834102475412,4146,4752.25,2127.92,10.0883,GCGCTTGCGGAGGATTGCGTTGACGAGACTCTTATTTATTGTCACCAACCTGTGGTGGAATTTGCAGTTGCACATTGGATCTGATTCGCCCCGCCCCGAATGACGCCTGCCCGGAGGCAGTGAAAGTACAGCCGCGCCGCCCCAAGTCAGCCTGGACACATAAATCAGCACGCGGCCGGAGAACCCCGCAATCTCTGCGCCCACAAAATACACCGACGATGCCCGATCTACTTTAAGGGCTGAAACCCACGGGCCTGAGAGACTATAAGAGCGTTCCCTACCGCC,6.17728864375109,2.6269737445134163
4096,ENST00000312584.3,ENSG00000173530.5,TNFRSF10D,23135588,23164030,35.35737185047984,3538,3743.16,799.0,4.80918,GGCAGTGTAGCTGCGAGAACCTTTGCACGCGCACAAACTACGGGGACGATTTCTGATTGATTTTTGGCGCTTTCGATCCACCCTCCTCCCTTCTC,7.352058323972038,2.8781482115904224
4097,ENST00000417069.6,ENSG00000197217.12,ENTPD4,23297189,23457695,4.209746238892274,2063,2047.31,111.661,1.22879,GCAGGCGGTGACGTGTTGCCGGCGGGGGCCGGGCGGGGGTGCGGCTCCAGGAAAGGAGCGCGGCCTCCAGGAAGCCGGCTGGCCGTGATGCTGCCCACTGGTGGTCCCCCGCTCCCGGGGTCCCCGGCCGGCCAAGCAGGAGGGCTCTAACTCCGTGAGGACCCCAGCATTATTTCTATAATTGTTTGTGAGAAGGACTGAATCCCAGAGCATTGCCTTGTTGCTGACCTTTCAGT,3.425928139789772,1.7764948906349272
4098,ENST00000380871.4,ENSG00000167034.9,NKX3-1,23678693,23682927,4.444021654096862,3271,3422.2,160.0,1.05336,CCGGGCGGGTGCATTCAGGCCAAGGCGGGGCCGCCGGG,4.218901091836468,2.0768672653269524
4099,ENST00000610854.1,ENSG00000277586.1,NEFL,24950955,24957110,101.3085867391247,4082,4457.28,2972.98,15.0274,TACACATAACCTAGCCTATTTATTTGTATCTAAAATTCCCTAGCCGCACCATCACCGTAAACACCAAGGGAAAAAATTAAGGAGGTTCCTGGTGGGAAAAGGGCGAGTTGGGGGGACAGGGTGTCTGCGAGGTGACGGGATACAGAAAACTAGGGTGTCAAAAGGGAGCAAGAACCTGTTTTGGGGGCAACTTAAGGATCCAAGTGTCACGGGGTCTGGGCAATGCAGGACGGGAGGGGCTGCGTGAGTGAGTACAGAAGGGAAATGAGTGAGGGGGCATGGGATCTCAGAGAAAATCAGGGCCCTCTGAGCAAAGTGGAAAGGACGACCGCCGCAGCTCCTCGGGCCGTAGCTCGACCCCGCCTTCCCTTTTGCGCAGAATCCTCGCCTTGGCTGCAGCAGCGCGCTGCCCCCACTGGCCGGCGTGCCGTGATCGATCGCAGGCTGCGTCAGGAGCCTCCCGGCGTATAAATAGGGGTGGCAGAACGGCGCCGAGCCGCACACAGCCATCCATCCTCCCCCTTCCCTCTCTCCCCTGTCCTCTCTCTCCGGGCTCCCACCGCCGCCGCGGGCCGGGGAGCCACCGGCCGCCACC,6.741591142787488,2.753089134863051
4100,ENST00000520164.5,ENSG00000221818.8,EBF2,25841730,26045397,5.561178640017249,5145,4934.05,307.764,1.40532,ATTCATGGGGCCCGCGCGCGGCTGCAGCCGGGCTCCGTGGCGCTCGCAGCCACCGCCTCCTCTCGGCTCCAGGTCTTCCCCTTCTTTTTACAACTGATCCTGTTGGGGATTTTTTTTTTTTCTAAATTGGAACGGTGGGGAGGAGCAGGGAGGGGGGACCTGGAGGAAGGGGAGAGATTAGGCAGCCATCAATTTCCTCCAGTTTCTCCCAGAACAGGTGATGCTTCTAAATTGTGATCACTTTCAGGAGGCAGCACTGCAGCTGGAAGGATGCGAGCGACCTAGGGTGGAGTGGCTGAGGCGGCAGATCTGAACTTGCGGAGGATAAGAACCCAAACTTTGACTACATCAGTCCGCACCTCGCCAGTGAAGCAAAGGACGGGTTATCTTTTTTTTTTTTCTAAGACTCAAACTTGGGCACTTGATCCCTTTTCTTGGATTGCTTTGGAGGAGACGATTTGCTGGCAACGTTGGGAACAGTCAGGACTGTGTTGTAACTCTTACTTTTAAAGCGACAGTAGAGGATCAGACTTTTTAA,3.957232971862102,1.9844920027521609
4101,ENST00000522362.6,ENSG00000240694.8,PNMA2,26504686,26514092,146.03505155158322,4965,5704.44,1303.55,5.14844,GCTCGGGGAAGCGGCAAAGTTGGATCTGGGAGGGCGTCCGCTGCGGCTGCGGGAGCCGAAAGGCTGCCAGTTCCCGGCAGCGCTGGGAGGAGGGAGGCGCGGGCGGGGCGCGGCGCCGGGGAGGGGAGCGGTGCTCAGGGGAGGGCTGGAGGGGAGGGAAGGAGAGAGAGAGGGGAGGGCGGCACCGCCCCTAGCCCCGCGCTCCGGAAGTGAAGCGGCCAGACCACCAGCTAATGGATGCGGAGCGGAGGGCCCGCTGACCGCTCTCCGCGCCTGGAGCAGCTTGGCTTGGCTGGAGCTAAGAGCCAGACACACCACTGTGTGGAGGTGGGTGATGTCTTCCTGTGCTAAAAGGTGAATAAATAAGCTCCTCACCTCTCGCGGAACACTCGGGAACACATCAACAGGGGTCCAAGCCGCCCTGCTGGGAGGCTTCTCTTCAAGAGTTCTGGGTCCCAGAGTGGAAGGCATTTTCCCATCAACTGGAGAGAGACGAAACATCAGAGACCAGGAGGCTGTGGAGAAAGCAGCTGTCCCAGGTGCCTCAACTATCAGAGAAGGGTCAGCGTCACGTGGCTGCCAGCATCTTTGAGAAAATCACTGGCAATCGGACTTCAGAGCTGCGGGCACAGGTGTGGTTAGAACTGAGATACGACCTGCCCACCTGGGTCAGGCCTAAAGACAAGAAGTCCTGAGTTCTTGCCACTGAGTAGGCCAGGGTCATTTGTCCAGAAAACTTTGTGACTGTCTTTGAGTGACCTAGTCTGGGACCCATTCATTGGTGGGTTCTAAGGTTAGAAGCTCATCCAGGATATTTTCAATATTAAGTCAGTGCATAGCTGCACCACTAACAAATTGGTGCCTGTAGAGTCAGAGTGGGTCAATTCTTAGGACA,28.36491277971254,4.826035522708298
4103,ENST00000305364.8,ENSG00000104228.12,TRIM35,27284887,27311319,20.581350930241147,4229,5255.4,559.735,2.3996,CACTCGGGTCGCGGGCGTTGGCAGCCGGGCGGGTGGGAGGGGCCGGAGCAAAAGTTCCGGGCGCCCGAGCCGGCTGCTCGTGCC,8.576992386331533,3.1004718400318234
4104,ENST00000356537.8,ENSG00000147419.16,CCDC25,27733311,27772653,37.539528075115285,3626,3111.1,667.399,4.83319,GGGGGCCAGGCGGCCGCCGCGAGTCTGGTATCCTGAGCTTCGTGAGTTGAGCGCTGCTGCTCCGCGGTGGAGTCACCGCACCGCTCCCGGGATC,7.7670292446842115,2.9573628980541273
4106,ENST00000301905.8,ENSG00000168078.9,PBK,27809620,27838095,142.0302583925563,2118,1618.03,1125.36,15.67,ATAATCACGACACATTCAACACAGATGTGAGCGTTTGGAGAGAGCTTCAGCCTTCAGCACAGGCAACTGTGTTCTATTCACCGGGCTGTGCTCCTCGGAAGGGCTGGTGGTTCCTGTAAAAGTTTGTGCTCCCCGCGCCTTTCCTTCCTTCCCTCGTCTTTGGCGCCTGCGGGCACCGGGAGTCCTGGGAGAGGGAGGAGGAACGGCGAATCGGCGGGGCGTGTCCTTCACGCCGCCCCGTAGCTCGGGGCCGAAGCTGGCGCAGCGCGCGACTTTTTGAAAGCCAGGAGGGTTCGAATTGCAACGGCAGCTGCCGGGCGTATGTGTTGGTGCTAGAGGCAGCTGCAGGGTCTCGCTGGGGGCCGCTCGGGACCAATTTTGAAGAGGTACTTGGCCACGACTTATTTTCACCTCCGACCTTTCCTTCCAGGCGGTGAGACTCTGGACTGAGAGTGGCTTTCACA,9.063832698950625,3.1801212320077425
4107,ENST00000344423.9,ENSG00000186918.13,ZNF395,28345585,28490318,10.403554405847764,4808,6229.37,596.201,2.15631,AGGTTCAAGTGCGCATGTGCGCGAGGAGTCGCTCGGGCACTTATTGAGCGCCGACTGTCTACGGGCGGCCGGGGGTGATGGGCAGAGGCTTCAGTGTCCCCTTCGCCTCCGCAGGAGAGGAGAGGCAGCAGC,4.824702573307068,2.2704400078230367
4108,ENST00000521022.5,ENSG00000104299.14,INTS9,28767661,28890242,20.777407634489176,2544,3007.5,380.02,2.84684,GCAGGTGGCGGAGATTGCACCGGAAGACGCTTCCTGGGTTTGAGGAGTTCAGTGACTGCTATTGAACCACCAAAAGTCCATT,7.298410741203994,2.8675823454446303
4109,ENST00000524189.5,ENSG00000197892.12,KIF13B,29067279,29263124,3.858107958210628,8745,11293.7,511.925,1.02125,GGCAGACGGAAGCCGAACGAGTTCCTCGGCGGCTGCAGG,3.7778290900471267,1.917557435310499
4110,ENST00000256255.10,ENSG00000133872.13,SARAF,30063012,30083208,180.2817231476693,2154,2110.21,1687.69,18.0189,ACACCGCCTCGCCCCGCCCCAAGCCGCGCTGTGCTCCAGGGGCGGGGGCCCACGGCGGCCACTCACTGAGCCCCACGGGCCGCAGCGGCAGTGACGTAGGGTTGGCGCACGGATCCGTTGCGGCTGCAGCTCTGCAGTCGGGCCGTTCCTTCGCCGCCGCCAGGGGTAGCGGTGTAGCTGCGCAGCGTCGCGCGCGCTACCGCACCCAGGTTCGGCCCGTAGGCGTCTGGCAGCCCGGCGCCATCTTCATCGAGCGCC,10.005145882804685,3.322670297899582
4111,ENST00000355904.8,ENSG00000197265.8,GTF2E2,30578318,30658251,70.9224850517581,1762,1674.17,498.347,6.70646,GCGGTGGCTGCCGGGACTGAGCTCCTAGCACCCGATCGGGAAGTGGCGGGCGGAGTCCCGGGTCCAGTCGCCGCCTCAGCTACCGCCGCTGCCGCCGCCGCCGCCGCCACCGCCAGTGGTGAGACCCCGACCTGGCGGGTCAGCGCTGGGCGTGCGTGCGGGCAGGCGGGGGCGCTGACGAGAAGCAGGAAGAGGGTGCAGTGCCGGCGTGGGCGGCCGGCCGAGGCGGAGGCGCAGGAAGGGGGCGGCGAGTCGTGCGAGGCTGCCCTTCTCACTCAGCATT,10.575249095910227,3.402619740757595
4112,ENST00000221130.9,ENSG00000104687.12,GSR,30678061,30727926,152.20565328197085,3119,3078.52,1770.35,12.9563,GTGAGGCTGCGCTTGCCCGGGGCCCGCGCCCCCCTACCCCGGGGACCGCCCCCGGGCCGCCCGCCCCACTTGGCGCGCCACTTCCGCGTGC,11.747617242729085,3.5542962609800646
4113,ENST00000221138.8,ENSG00000104695.12,PPP2CB,30774457,30814314,61.400773966277264,2006,1961.04,840.601,9.6575,CGGCGGAAATGCCCGAGCGATGACGGAAACCCGGAGGGAGGGGAGAGAAAGAGCGAGAGAAGGGGAAAGACAAGTCGGGAGAGGCCGGTAGGCGTGAGGCGGGCCTGAAGCGGCAGCGGGCGGCCTTCGTCCGGCGAGAGCTAGGCCGAGGACCCGCGCCGCGCTCCCCGGCACCTCACCGCGTCCTTCACCGACTCCCGCGGCGCGCGGCCGGGCGGGGAAGGGCGGGCGGGGGTCTCCTCCAGGCTGCGCGCTCGGAGCCGCCTGCTGGGCTTGGGCGGGGCGCGGGGCCCGCGGCCGCCCTACCCGGCTCAGTCCTCCCCCTGTGGGACCTGGCGACGGCGGCGGAGGGAGAGGGGAGCGGCGCCCGGGCCGGGGCCGGGGGCGGGTGGGGAGGGGGGAGGGCGGCGGCCGGGCTGGGGCTCGGGATCCGCATCGGGATCGGGCCGCC,6.357833183150635,2.6685351635349353
4114,ENST00000256246.4,ENSG00000133863.6,TEX15,30831544,30890606,2.7961691820255004,10187,7251.54,1077.03,3.34627,GGACAGACAGAGCACAGTTTAGCAGAAATTAGAGACACTTCTCAAGTACTTGCACATGATTCAGACATTTCACTT,0.8356077608876451,-0.25910220307817294
4115,ENST00000256257.1,ENSG00000133874.1,RNF122,33547755,33567125,27.48421335326545,1868,2452.51,200.0,1.8373,AGTTTCGGAACCCCAGCCAGCTCACCTCTGCGCCGCTGAACCCGATCCGAGCCTCCGGCAAAGGTTTTTCCCTCCTCCCCCGGCCGAGGGCTTCTGCAGCCCGGGCACCCCCGCCCCGCGGCGCCCCACATTCCCCCAGCCCGGGGCCCTTGGCGCGTGCGCTCCGTGCGGCTGTGCTCCGCGGGACTTTGTTTGTTTCCTCCTCGTCCCTCTTTGTTGGGCTGAACACCAGCCTCGTCAAAGCCCCCCACTCCGGAGGGAGTTCGGCTTCTCCAGCAGGGCGGCTGCAGCGCGCTGCCCCGACCCCGCCTGCGGCCCCTCACGCCGCTAGTGCTCCCACCCCGCCCTCCTGGCACCCCGCCTGCGTCCGTTCGCCCGAGGAAGCCAACCGCGACTTCATTG,14.959023215188292,3.9029440690025194
4116,ENST00000220659.10,ENSG00000104221.12,BRF2,37843268,37849904,20.452535559454944,2603,3071.59,241.979,1.77491,TGGCCGGAAGACGGGGGTGCAACCCTTTGAAGTGTCCCCTCCTACTTCTTGCTGCCTCACGGTTGCTGTTGCAGACCCAGGAGTCTCTGAAGGCTTCCGCGGCTTTGGGGCCGGTTGTGAG,11.523139516626163,3.5264619321529374
4117,ENST00000287263.8,ENSG00000156675.15,RAB11FIP1,37858618,37899467,13.242136249688237,6253,7069.55,504.034,1.60631,CTCGCTTCTGGAGTGTTATCGTCACC,8.243823576824049,3.0433136305971447
4118,ENST00000311351.8,ENSG00000175324.9,LSM1,38163321,38176730,101.96349974866187,1147,1182.62,399.664,7.614,CCGAAAGCTGAGGGACGGAGGTCAGTGACTCTGGGGTCTCGGGAACCCGGAGACGAAGGAAGACACCGTGTTCCTTAAGAGGGAGTATACGTTTCCTCGCCATTTATCCAATGGAGTTTCCTCTTACCTACTTAACAGGAACAGGGAAAGGGTGTCCCCCAACGGTACGGCTGCCCCGCCTCTTCCTGGGGGCCCACACGTGTTACAGGAAGTGGGTAAGGGTAATATGGAGGAGCTTCCGGCAGCCCCCGGCGGCTGAAAGCCGGGGCAGAAGTGCTGGTCTCGGTCGGGATTCCGGGCTTGGTCCCACCGAGGCGGCGACTGCGGTAGGAGGGAAGAGGTTTTGGACGCGCTGGCCTCCCGCCGCTGTGCATTGCAGCATTATTTCAGTTCAAA,13.391581264599669,3.7432544176037443
4119,ENST00000424479.6,ENSG00000147535.16,PLPP5,38263130,38269243,6.335579842420026,2130,1973.89,140.507,1.60375,TCGCTCGGAGCTCGCGGCCGG,3.950478467604069,1.9820273978557288
4121,ENST00000316985.7,ENSG00000147548.16,WHSC1L1,38269697,38382272,11.320990866470456,3995,4065.03,911.447,5.05161,GGGGGCTTTGTGCGCGGCGGCGGCGGGAGAGGCGGCGGCGGCGGCCAGCACGGAGGCGGAGGCCGAGGGGGCTGTGCACAGGTCGCCGCGGAGAGGCGTGCGAATTCCGAGCCGAGCGCCGAGGACCGTGCTACCCAGGCCGGGCTGCCAGCCGCAGGCTCCTCTCTGGCAGCAGCGGCGGCGCGGCGACCCCCGTCCCTCGGCCTCCCCTTCCCATCCCACCTCCCGAGCCTTCCTCTTCCCGCAGCACGCCCGGCCCGGCCCGGCCGTGGCCCTCCTCAGTGCCGGCCGCCATGGCAGAGGCGTCCGGCGCGGGGAAAATCTAGCCCGGGGATTTCATGCGGCCTAGCTCGGTTCCGCCTCCTCCTCGCGCGGCCCCAGCGGCTGCCCGCACCCCAGCCCCACTCCGGGCCTCCGTGTCTCTCCTGTGATCGCACTGACACGGCCGGGGGGTTAGAATGGAACAAACTGAAGGCCCGATGAGAGAAAGGGAAAGTTAAGGATGCTGGAGCAGAACA,2.2410658911654813,1.164185067170568
4123,ENST00000326324.10,ENSG00000077782.19,FGFR1,38411138,38468834,4.612884829338291,3816,5313.84,255.024,1.08127,CTTGCGGCCACAGGCGCGGCGTCCTCGGCGGCGGGCGGCAGCTAGCGGGAGCCGGGACGCCGGTGCAGCCGCAGCGCGCGGAGGAACCCGGGTGTGCCGGGAGCTGGGCGGCCACGTCCGGACGGGACCGAGACCCCTCGTAGCGCATTGCGGCGACCTCGCCTTCCCCGGCCGCGAGCGCGCCGCTGCTTGAAAAGCCGCGGAACCCAAGGACTTTTCTCCGGTCCGAGCTCGGGGCGCCCCGCAGGGCGCACGGTACCCGTGCTGCAGTCGGGCACGCCGCGGCGCCGGGGCCTCCGCAGGGCGATGGAGCCCGGTCTGCAAGGAAAGTGAGGCGCCGCCGCTGCGTTCTGGAGGAGGGGGGCACAAGGTCTGGAGACCCCGGGTGGCGGACGGGAGCCCTCCCCCCGCCCCGCCTCCGGGGCACCAGCTCCGGCTCCATTGTTCCCGCCCGGGCTGGAGGCGCCGAGCACCGAGCGCCGCCGGGAGTCGAGCGCCGGCCGCGGAGCTCTTGCGACCCCGCCAGGACCCGAACAGAGCCCGGGGGCGGCGGGCCGGAGCCGGGGACGCGGGCACACGCCCGCTCGCACAAGCCACGGCGGACTCTCCCGAGGCGGAACCTCCACGCCGAGCGAGGGTCAGTTTGAAAAGGAGGATCGAGCTCACTGTGGAGTATCCATGGAGATGTGGAGCCTTGTCACCAACCTCTAACTGCAGAACTGGG,4.26617295341431,2.0929424546553315
4125,ENST00000397070.6,ENSG00000169490.16,TM2D2,38988808,38996824,26.360550576791784,1631,1375.57,84.7821,1.38862,AGTTCTTGGGTCTGTGCTGCTGGCCTGGGGTTGTGGTTGAGGCCGGGTCTCCGCTCCTGTGCCCGGGAAGATGGTGCTAGGTGGTTGCCCGGTTAGTTACTTACTTCTGTGCGGCCAGGCGGCTTTGCTGCTGGGGAATTTACTTCTGCTGCATTGTGTGTCTCGGAGCCACTCGCAAAATGCGACCGCTGAGCCTGAGCTCACATCCGCTGGCGCCGCCCAGCCGGAGGGCCCCGGGGGTGCTGCGAGCTGGGAATATGGCGACCCCCACTCTCCGGTCATCCTCTGCTCTTACCTAATCACGCCATTTTTTAACATCTCTTTTTGATCAAACAAGAAAAGGCATTTGGGAAATGCAAAGAGGACTGAGAATACTTTGGCTTAAATTTTGCCCCCAGAATCTTGTTGTTTGCCTACTGAAGAGATGAAACCATGGCAGAAGTAGAATCCTTATAGAAACAGGACCAGAAACACCTCCCTTCTCCAACAAAAGGTTCATTTTGGTGGCTGTCCGTTTGACCTGCTGTGCTTCAGTTTAATTGGCTTGGAAAGGGGTCAGCAGGGTGAAACCGAACCCCAGAAAACTTG,18.983271576667327,4.2466567427099156
4127,ENST00000265713.6,ENSG00000083168.9,KAT6A,41929479,42051990,15.41688071865991,9153,9890.99,1771.74,4.03573,ACTGTCTCCAAGATGGCGGCCGTGTCAGTTTGGGGCATCTCCGCGGTCCGGCCCGGGGCCCCGGGATCTCGGCTGTCCTTCCTCCCGGCATAAGATGCACATTTTTCTGCTCTGGAGCCGGGAATGAAATATTCTTGAGTTCTTACAACTTTATGACGAGACCCATGTGTGGTGCTATTGAGAAATTCATTGGGAAGTTGGAAGACATTTCAATCAACAGGTTGTTTTGGTTTCTATAGTACAATTGGGGTGGCATTCTGTTTTGTGAAAGGAGGAAGGACTTAGGCCAGAAAACTCATATGCTATGGTTAACTGGTTCCCAGCCTCCGAGAATCTTGTTTTCCATGGTGTAAAACTTACTCAGCATCAGGATAAGGGATAACGACTCTATGGATATACAGAATCCTTCACC,3.8200971617674893,1.933609332768217
4128,ENST00000220809.8,ENSG00000104368.17,PLAT,42175233,42207724,29.95993129430495,2706,3492.88,572.403,3.69216,GAACTTCCTCCCCCTGCTTTATAAAAACAGGCCTGCCTCAGCTCCCTCATGGCCCTGTCCACTGAGCATCCTCCCGCCACACAGAAACCCGCCCAGCCGGGGCCACCGACCCCACCCCCTGCCTGGAAACTTAAAGGAGGCCGGAGCTGTGGGGAGCTCAGAGCTGAGATCCTACAGGAGTCCAGGGCTGGAGAGAAAACCTCTGCGAGGAAAGGGAAGGAGCAAGCCGTGAATTTAAGGGACGCTGTGAAGCAATC,8.11447263777977,3.020497336599198
4129,ENST00000342228.7,ENSG00000168575.9,SLC20A2,42416475,42541926,7.607737522463078,3657,4157.04,290.351,1.57362,CGCTTCCGGAAGCGGGCGACTCGCAGCTCCACGCGACGCCGAGGGGCTCCGCGCCGGGACCGGGCGGGTGCTCGGAGTTTCGGGGACCGCACGGGACCGAGGGCAGGAGGAGACATCACAGCTTTCCCAGATCGGGAGGAAAAATATGGAATGTGTTTTACCGCTGACTGAACACAACCAAATGAACTGTCCTGACAGTAGTTTGCAAACCAGCAGCTAGCAGTTTGTCCAGCCTCTAACATTGTCCAGCACTTTCCAGAGCAAACTCACTGTTTACAAGAACTCTTGGCCTTACGAAGTTTATAACCTCAAGCTTTGTTTATTTAAAATATTCCTGCAAAAGAAAAGTACCCGGCACCCACTTTCCAAA,4.834545520813842,2.273380273221046
4130,ENST00000254250.7,ENSG00000131931.8,THAP1,42836674,42843325,28.05292065081337,2161,1487.11,447.169,6.77471,GAAGCTGCCTCCGCCATCTTGGAGATGGGAGACGGGCGATGGCTGTGGTCCTTCTGCTAATGCAAACAACAAAACGGGCACACTAGTCACCCCCGAGGGAGGCCACCATCACTGTAACTGTTGGCCAAAGCTACAAAAGAAGCGAGGGAATCCAACCGAGCGCAGCGACACTGAGAACAGCTTCCCCTGCCTTCTGCGGCGGCAGAAGTGAAGTGCCTGAGGACCGGAAGG,4.140829740433667,2.0499198842625335
4131,ENST00000314191.6,ENSG00000253729.7,PRKDC,47773108,47960183,149.74170739034287,13509,13508.9,17898.3,29.8507,GGGGCATTTCCGGGTCCGGGCCGAGCGGGCGCACGCGCGGGAGCGGGACTCGGCGGC,5.0163549729266945,2.326639441353876
4132,ENST00000025008.9,ENSG00000023287.12,RB1CC1,52622456,52745843,10.201621312284034,6635,4707.72,534.635,2.55864,GTCGACAATAACAAACCAAGCCGCGGCGGTGTCCGCGGCCCTGCCGAGCCCTCGGCGTTGCCTCAGAATCCCCCAGTCGCCTGGGCCCCTCGGCTCTGACAGGCCGCGGCCTTCTGTCCCCCGGCCCCAGACCCAGAGCCGAGGGGCCTGCTCGCGTCCTTGTCCGCCCGGACCCCTCCCTGCCTCCTAGAGTTCGGGGCCGCGGCGGGCGGGCGCCCGGGACGCCGGCGGTTGTGTCGGCTTAGCGGTGCCGAATGGGCGGTTGGTAACCGCTGCCGAGGACTAGGCGGCGGCGGAAGATGGTGCCGGGGGTCGCTGGCTCTGCTGCTGCCGCCGGCGAAGGAGGAGGCGTTGCCGGTTTTCTGAGTTTAACCAGTAATGCCATTCAGTTGCCAATCTCAAGCAAAGCAAACATAAGCCAGTTTTAATCTACTTTTTAAGAAAAGTGGTAGTCCTTTTCACAGTGCCTGACGTAACTGTATCAGAGGGTGAGGTATAAGCTCACAGAATTCAGATAAATCATC,3.9871264860566686,1.995349373560022
4134,ENST00000359530.6,ENSG00000047249.16,ATP6V1H,53715557,53843558,50.341337559113576,2007,1677.93,213.776,2.87043,GCGGCCGCCCTGGCTTCCTTCTACCTGTGCGGCCCTCAACGTCTCCTTGGTGCGGGACCCGCTTCACTTTCGGCTCCCGGAGTCTCCCTCCACTGCTCAGACCTCTGGACCTGACAGGAGACGCCTACTTGGCTCTGACGCGGCGCCCCAGCCCGGCTGTGTCCCCGGCGCCCCGGACCACCCTCCCTGCCGGCTTTGGGTGCGTTGTGGGGTCCCGAGGATTCGCGAGATTTGTTGAAAGACATTCAAGATTACGAAGTTTAG,17.53790810405186,4.132404770384223
4135,ENST00000316963.7,ENSG00000120992.17,LYPLA1,54046367,54102017,30.98183848386848,2585,1876.77,856.887,10.2866,CGGCGGGCGAGGGGCAGGGCAGGGCGGACCCTGGACGCGCGGGCGCGCGCGGAAGGTAGCGCGGGGCCGCGTTGGCGCGCACGCGCCTGAGCGTGCGCCCGGTGGGGCCGGCCGGGACTCGCCGCTCGCACGCCCTTGGGCCGCGGCCGGGCGCCCGCTCTTCCTTCCGCTTGCGCTGTGAGCTGAGGCGGTGT,3.011863830990656,1.5906565459742226
4136,ENST00000434581.6,ENSG00000167904.14,TMEM68,55696424,55773407,17.85821096664569,2549,1885.72,119.304,1.42541,CGGGTTGCTTCGGAGGAATCCGCCGTGCAAATCTGTCCGCCCCCTTGGCCACTGATCCCCCGAAGAGCTTCTGTCGCCGCTCTAGGAATAGAGACATTGAAGTTTGGGACAAGATATTTATCTAACTTCTGTGTCAAAATTAGCGACCTGCTATGGCAATGAAGAAAGAAACTGAATTTGTCATTTTCACCTGAAGAAAA,12.528473187816621,3.647138702796936
4137,ENST00000519807.5,ENSG00000008988.9,RPS20,56067295,56074581,687.6427676074351,1826,1539.57,175.849,2.57338,TTTCTTTTTGAGGAAGACGCGGTCGTAAGGGCTGAGGATTTTTGGTCCGCACGCTCCTGCTCCTGACTCACCGCTGTTCGCTCTCGCCGAGGAACAAGTCGGTCAGGAAGCCCGCGCGCAACAGCC,267.21384622847586,8.061850955698976
4138,ENST00000316981.7,ENSG00000181690.7,PLAG1,56160904,56211324,2.4640268366053064,7322,5969.68,277.535,1.04744,GGCAGCGCATACACTACAATGGCTGCTGGAAAGAGGCGTAAGGAAACAATTTCCAGGCCCGCCGCGTCCAGCCCGAAATATGAGAAAAAAATTATTAGAAATTCCGCGGGCGGTGTAGAGGCGGCGGACGGGCCGGAGGGAGGATGTTAAAGCCCCGCGGTTGCCTCTTGGTGCTGCCTTGGCCGTATTTGGCACCCAGAATGCTTCATTCTGTGACGGTCTATTAATAAGGTTGCCTTGCTAGAGTTTGGAGCAGGGCCTCAGATTGGCCAAAATGGGAAGGATTGGATTCCACTCTCTTCCACGAAGAGTCAATGGGACTGGCTAAGATCAAAGTCTGAGGCTTTTTCCATCAGTAATCAGTCCCTTTTTGCTTTCTTTTACGACCACATGAAACTTGAGAAGCCACCTAAAGCTATATCATTTAGTGGAGTTGGGCAGTTCCCAAGTGTCCAACAAGAAGGCCTGGTTTAGGCTGCG,2.352427668033784,1.2341503639428648
4139,ENST00000262644.8,ENSG00000104331.8,IMPAD1,56957933,56993844,80.83233314186022,7199,6135.41,2073.39,7.61378,GGAAGTCGGACCAGCCGGCCGGCGGAAGAACCTAGAGCGCGCTGCCTGGCGAGTCAGGCGCGCGGGGCGGCGTTGGTGGTCTTCGCGGCGCAACTCGGCCTTTCCTGGGAGGGAGTGATGGGGCGCACCGGGGCCGGGGAGCGGGCGCCAGTGTAGCCCGCGCGGCGCCTGGCCCGGAGCGCGGCGGCTGCGGCGGCGGCGGCGGCGGGCGCTGGAGGCCTGTGAGAGCCGCAGCCCGGAGCGCCCGGCTTCCCACGCC,10.616583765470006,3.4082477011897976
4140,ENST00000038176.7,ENSG00000035681.7,NSMAF,58583504,58659844,4.881041546649512,3569,3400.67,234.693,1.55488,CCGGAGTCCCCACGCGAGGATGCTGCGGTGAGCGCGGCCGGGACGCCGCGTCGGGCTCTCGGCCGCCCAGCGGCGCCGCAGGGGAAGCCAGGCCGGCAGCCGCGCGCTCCCCAGCCGGCCACCAATCCCGCCCTCCCCGGCTCCTCCGGACCTCCTCGGCAGGCGGCGGCGGGGCCTGCCTGTGCGCTCTGCGCCCGCCCGCGCCTACCCTCC,3.139175722016819,1.6503857890941713
4141,ENST00000317995.4,ENSG00000178538.9,CA8,60187347,60281412,32.790383902867845,3812,3485.91,257.055,1.66139,CGCTCGCTCCCCAGGCCACAGCCGCTCCCTCGCTCTGCTGGGGCCTCCGGACGCGCTTCCCACGCGGGTCTCTGGAACACTCGGTCCGAACGCACGCCTGCTTGCACTCACACTGCGGTTCACACCCGGAGGCGCTCTCGCACTCACACTGCCGCTCACGCGTGCTCACACTCCCCCACGCGCGCTCCGCTCCGGCTCCAGCCCCGCGCCCAGCGAAGGCGCAGGCACTGCTGCCGAGAGCGCCGAGGGGCCCCGCGGCCTTCCC,19.736716787068566,4.3028101115830575
4143,ENST00000445642.6,ENSG00000198363.16,ASPH,61500556,61714640,42.376724630021656,3717,3090.59,238.42,1.73805,GGGGCGTGGCCGTCGGGCGGCGAGCCGCGCGCTCTCGCCCCGGGAGGGAGTCACAGGTTCGTACACGCGAGGCCGGGCGCGCGCAGCCGGCAGGCGGGTGAAGTCTTCCCAGGTGCTGCAGGCGGTGCTGAGGCACAGGGTCTGCTGCAGGAGCAGCGGCCCGAACCCGCTCCAGCGGCCCGCCGCCGCCAGCGGTTCCCGCGTCGCGTGTGTACCCCCGCGCACTGAAGGAGGTCCGCCAGCCCTCACCAGCCCCCGCGGACCGTGCA,24.381763833043728,4.607730592508291
4144,ENST00000260118.6,ENSG00000137563.11,GGH,63015079,63039171,160.14955418877878,1607,1350.84,328.598,5.48052,TCCCCTCTCGAGGACCTGGGTTGGCCAGCCCAGCTTTGTACGGGTGACTGAAGTCCACATCGACGTAACAGTTGAAAGGGAAGGACGCGGAGACCACCCGGTACCCGCCCCAGGCGTTTCCAGAGTCTCCGCTTAGGCGGCCCGTGGGGGTCGGGGTCGCGGTCGCGGTCGCGGACCGGGGACAGAGCAATGGGGCGGGCGCGCAGCGCCGGCTGCACTCCCAGAGCCTCCCACCGCCGCCCCACGGCCGCCTAGCGCGCGCCGGGACTGCATTTCCCATAGGCCCACGCTGCGGAGCACCGCCCACCCGAGTCTCACGCGAGTGCGCTGCCGCGAGGTGTCCCTGCCGCAGCCCCCGCCCGCCCGCAGAGCTTTTGAAAGGCGGCGGGAGGCGGCGAGCGCC,29.221598349933725,4.868963187075914
4145,ENST00000276569.7,ENSG00000104442.9,ARMC1,65602456,65634217,41.000640330343714,3032,2225.66,772.519,7.82009,GAGGCGTCAGGTCACCTGGGAAGAGTCTGCAGAGCCTTTGCCCGCCAGCGCCTTCGCTCTTTGGCTCCCTGAGTTAGTCCGGTTGCTTGCGATCGCCGCGGCCGGGGCTGCGAACCGAAGGGCTCGCTCCGCGCCGCCTGGGTCTCTACCTCATCCGTAGGTGTGGCCCTGATGGTGTGGCAGGCTCTGGACTCCTAAAGCTCTGGAGCGAATTTAAGATTTTATTCATGTGCATGGCATAGAAG,5.24298829429632,2.390389324839677
4146,ENST00000401827.7,ENSG00000205268.10,PDE7A,65717510,65842322,7.949860805576071,3673,3244.15,146.373,1.01653,GCTGCTCCTGAGTCCCGCGCGCCCTGGGTCTGGCCGCTGGCTCCAGCTGTCTTTTCTTGCACTGCTTTGCTCCGTTCGTGCTGCGCTCGAACTCTGCAGTCCGGGTACCTGCTCCTCTCGGCCGAGGAGCCCCAGGGCGGCGGGGTTCCCTTTCCGACTTTGCCTGTGCTGGCCCCGCTTGCACCCCGTCCCCCCTCGCCTGGAGCGAGGCGCGCGCCGGTCCTGGTAATTGGCGCCGCGGCCGCCGCGGAGCCTTCCCGCCGGCGGCCCGAGCGGAGGGCTGGGGTTGGGGAGGCGTGAGCGCGGCTTCCCAGCCCGGGGTCGGTCCCCGCCCGCCCTGCCCCCGTCTCGGCCCGGAGCCCCCGAGCCGCGGCCCCCTCCCACTGCAGGGGCCGGCGGCCGCGGCAGGGCGGGCGCCGCGCGGAGGCAGGGCGGGCGTATTCA,7.820586510556572,2.9672768075507308
4148,ENST00000524176.2,ENSG00000185697.16,MYBL1,66562175,66614247,2.426412957804226,2148,1751.41,125.836,1.61875,CATTCGCCGGAGGCTGGAGGAGGCTGACCCGCGTCCCCGCCCAGCCTGCTCCTATGCGGTACTTGAAGG,1.4989423677555065,0.5839449147389248
4149,ENST00000310421.4,ENSG00000175073.7,VCPIP1,66628487,66667217,9.163163483104226,9942,8339.94,534.64,1.44431,GAGAGCGAGAGTGAGTGAGTGTGAGTGCGGGGTGGGGTGGTGGCCGTTACGTTCGGGGCAACGGCTACGGCAGTGGAGAAGTAAGAAGAGAAACAACGTCCGGCGCTTCCGCCTTCGCTTAGGAGGAGGAAGAGCTGGTAGGGAAAGGAAAGTGCTTCGCCCTGGGCCTGGACTGGACCGAGTCGGGTTGGTGGGGGTCTGGGCTATGAGCTTTTGAGGGTCGCCTGGGACGCGGAGCGAGACACGAGAGCCAGGAGCT,6.344319074924515,2.6654653303476037
4150,ENST00000357849.8,ENSG00000121022.13,COPS5,66964099,67083783,92.8495386058854,1480,1242.44,487.588,8.84178,CTCCCATACCCTATAACTTTGTTTGTTCTATTTCACACATATAATTTTCCGAGACAAGATGTTCTCATTTAAGCAACAAGAAGATTCGTCTCTCGCTATTACTGTAACTGCTGTTTATATCGTCATGTCCCGGAAAGGTCCCTGTCTTCCCTGAATGGTCTCTACCAACTTCACCTCCGGTTCTAGGTGTCATGGCTGCCCCAAGAGTCTAGGTAAGAGTTTGTTCCCGTGGTGCGGAGGGTCAAGGCCCACACCCGGAAACCTAGCGAGGTAAAGTTGCGTCTTGGTTGTAGAGACGACAACTTCTCCGCTTCCTCGGCG,10.501226970800609,3.392485998138079
4151,ENST00000262215.7,ENSG00000066777.8,ARFGEF1,67173511,67343677,9.524362074778184,7225,6273.68,979.754,3.51849,GCGGTGCCTCTGAGAGCCGCCGCCACCTCGTCCCTCAGTTCCCGGCAGACAGCCGCCCGGGCCGGGCTCCCTCACCGCCACCAGGGCCGGAGGGACGAGTGAGAGGGGCGGCCGGGACGCGACCCCCGGGCCGGGAGAAGCGGAGGCCCGACGGGCGCGGCCCTCGAGGTACGGCTTCTTGGGGGCGGCGAGGACCTCGACGCCCTTCGCCGACACCGCGGCTGGTCCCGCTCGCCCGCCCCTTCCTGATCCTGCCGCTGCCCTCCACGCCTCCAATCCCCCACCTCCACCCCCTCTCCTTTCTCTCTTCTCTTCCTTCCTCTCCTCCTCCTCCCCTCCAGCCGCTGGGAGCCGCGGGTCGGACGAGCCGCCGCCTCCTTCTCTGCGTCC,2.7069458986037147,1.4366660539377685
4152,ENST00000452400.6,ENSG00000140396.12,NCOA2,70109762,70403805,10.51620450750652,8447,8355.73,944.809,2.54754,AGTTATTAACACGGGAACATGGCGGCCGCAGCCTCGGCTACAGCTTCGGCGGCGAAGGTCAGCGCCGACGGCAGCCGGCACCTGACGGCGTGACCGACCCGAGCCGATTTCTCTTGGATTTGGCTACACACTTATAGATCTTCTGCACTGTTTACAGGCACAGTTGCTGATATGTGTTCAAG,4.127984058152775,2.045437399232983
4154,ENST00000262213.6,ENSG00000067167.7,TRAM1,70573442,70608387,117.16361963798197,2785,1907.55,2619.59,30.9399,CGGGCGGCCCGGCGGCTGCGTACTGGCTGTGGGATGGGAAGTGAAGCCCCAGCGAGCGGCTGCAGCGGGGCCGTGAGGAGCAGCCAGCGGGAGGCGGCGGCGAGTCGGTGAGCAGCTGGGAAGAGCAGAACCGGGGCGGAGCACCTGCAGGCGCGGGCGGCGGCCCCACC,3.786813132491765,1.9209842304435867
4155,ENST00000522447.5,ENSG00000147592.8,LACTB2,70635318,70669174,73.799221566333,1034,753.956,244.007,7.29151,TTCCGCGCTGGAGTATCCAGATAGGCGACACGCCGGCGGGCGGCTGAGGCGGGA,10.121253562887935,3.3393160802714874
4156,ENST00000518127.5,ENSG00000154582.16,TCEB1,73939169,73972287,79.93878517882997,1943,1185.41,249.984,4.75122,CAGACGGAAGTGAGCGACACACTCTGCGTCCTCGCCTCACCAGGAAACTACTAAAGTTCCTGGGGAAGCAAAGTAGAATTTCATAAGAACAAA,16.824896590524112,4.072525732632523
4158,ENST00000342232.4,ENSG00000104369.4,JPH1,74234700,74321328,15.253972650678929,4378,4398.45,321.513,1.64688,GTCCGTGCCCCTGCGGGGAGCGCGCCGGGGCTGCCCCCCGA,9.262346164067162,3.211377676265385
4159,ENST00000522527.5,ENSG00000164751.14,PEX2,76980258,77001044,70.41067253733966,1627,1263.66,138.072,2.46171,GGGTGTCCGCTTCGGCTTTTCGGCCCTTCGGCTCTTCGGCTTGTCGGCGTTCGCGGTTGTTTGGCCATCCAGTGCCTTCAGCAGCGCCGCTAAAGCGCAGTTCTCGTTGGTGTAACTTTTTCTTTTTTTTTTCAGCCACTTCCGGCTCCTGCGTCGCTCCGGAAGCCTGCGAGTTCCGGAAGCCTTGGTAATCCAGATTCGGCTAGGAAAAGACAAGCTTTCCAGAGAATGTTTCAGAGAAAGTTACGTGGAGCGTGGGCGTTTCGCAGACTCCTAAGCTTCTGGCAAGTATGAGGCAAGGATTTCACAGAAGAACTTGGAGCAAAAATTCCCACTGTCATAGCTATAGGCTGTCCAGTCTTGAGGGAGCTGCAGGAACAGGAAAAAGAGACCTTCAGAGAAGAC,28.602342492551788,4.838061401471297
4160,ENST00000354724.7,ENSG00000164683.16,HEY1,79764010,79767863,23.024827105337355,2293,2193.05,141.631,1.45503,TTCCCCACTCCCCCGCCCTCCCCAGGGCCCTGGGAAGGGGCTCAGCGTGGGAAAGGATGGTTGAGTTTTAACCAGAGGCAAAGCGTGAGCGGGATCAGTGTGTGCGGAACGCAAGCAGCCGAGAGCGGAGAGGCGCCGCTGTAGTTAACTCCTCCCTGCCCGCCGCGCCGACCCTCCCCAGGAACCCCCAGGGAGCCAGC,15.824297165926032,3.984069518853741
4163,ENST00000521605.1,ENSG00000147586.9,MRPS28,79918717,80231232,114.5153092992201,437,218.086,14.3273,1.48013,CGCTTGCGGAGGGGAGGTCAAAGGTCAGAGGTAAAGAAGTC,77.36841311183484,6.273672778207471
4164,ENST00000379097.7,ENSG00000076554.15,TPD52,79918717,80231232,62.49518264327381,2563,1983.85,788.495,8.95473,GCCTGAACTGTTTGTACCTCTGGGCCATATTGCAGAACCCTGCCCTTCTTTGTTGACTGAGGAAAGCTCGCTCCCTGCCCAGGTTTTTCATTGTTGATCGAAATTAACACCAGGTGGTGAATAGAGCCCCTCCTAAGGTTGCTCAGGATAAATCATTTATTAAATAGGTCTGCTTATCAGGAGGGGCGTGAAGGCTCCCAAAAGGAAATGCTGGCACCTGGGCCCAGAAGCCAGGGCCTCTAACTCCTGGGGTTGATTTCTTCAGTGAAGTTGCACCCTACAAAGGGAATATGGCCAAAGCGGCACTCAACTGAAGGCTGATATCAGGCGATTAGACAGCCATGCATTCTGCGTTTGTCTGGA,6.979013621100113,2.8030231475372878
4165,ENST00000327835.7,ENSG00000164684.13,ZNF704,80628451,80874781,2.3829473264522063,14386,14142.5,828.371,1.31966,ACACAAGCTCAGGAGTAGCTGCCATGCACATCAGTGTCCATTAAAATGACTTGTAGCAAATCTCTACGTTCAAAGTCTAACTTTGACAGACAACCTTACTTCCAGCGAAGTCTACTCCCCTCCCTCCGGAGGGAAGAATGGGCTGCGGTTAAGCGTTTGCCCTGGTGTCAGGGCCAACTGCTTCGAAGCGCCAGACTTTCGGAGACTGTGGGTGGGGAGCATTAAGCGGGAA,1.805728237919014,0.8525807835672147
4166,ENST00000220669.9,ENSG00000104231.10,ZFAND1,81701334,81732903,29.585368849755383,1798,1186.01,155.545,2.95481,CCCTTACGGCGCCGGAGAG,10.012612942881397,3.323746611300713
4167,ENST00000619594.4,ENSG00000176731.11,C8orf59,85214076,85220421,248.8102387553492,859,475.261,399.887,18.9569,CTAGACGCCGTACGTGCCAGATGGTGTTACCTGGAGCTTAAAAAGCTGCACGCAAGTGTTAAACTTCTGACA,13.125048861119128,3.7142508884518786
4169,ENST00000406452.7,ENSG00000176623.11,RMDN1,86468257,86514357,51.57879727723602,3063,2505.41,287.925,2.58918,AAACCATGGGGGCGGAAGAGGTGCTGGGCAGGAGGCGGAAGAGGTGCTGTGCAGGAGGCGGGCGGGCGCGGTTCTTTCCGGAAGGATTGAATCTCCTTTAGCCCCGCCCGCCTCCGTAGCTGCCTGAAGTAGTGCAGGGTCAGCCCGCAAGTTGCAGGTC,19.92090054659623,4.316210962410917
4171,ENST00000265433.7,ENSG00000104320.13,NBN,89933336,90003228,36.42306130614355,4666,3374.67,610.872,4.07831,AAGTCGCACTCCCGCCTCATCCAAGGCAGCCTGCGTGGCTCCCGGGAGCGCGCACGTCCCGGAGCCCATGCCGACCGCAGGCGCCGTATCCGCGCTCGTCTAGCAGCCCCGGTTACGCGGTTGCACGTCGGCCCCAGCCCTGAGGAGCCGGACCG,8.93092023562298,3.158808837269107
4172,ENST00000458549.6,ENSG00000180694.13,TMEM64,90621995,90791632,10.35224022454856,4997,4185.98,258.727,1.39254,ACTCCCCGCCTGGCCGTCGCTCCTCCGCTGACTCCGCGCCCTTCTACGGGCCGTCTCCCACCCTCTGAGCGGACGCAGGGAGTCGATGCCGGGCGAACCGGGCGCCATGAAGGGCAGCTGCCTAACGGGCGCCGCGGCGGAGGGGCTGGCCGGCTGAGGGCCCGCGCTGGGCCGAGGC,7.434070277728869,2.894152326732316
4173,ENST00000517562.2,ENSG00000253250.2,C8orf88,90958637,90985257,28.16258227420053,894,537.376,176.385,7.39513,CTCGCCCCCCGCCGCCGCCACCGCGGTCAGCCAGCGGACCAGCGGCAGGAGCCGTTCCCCGACGGGCAGCAGGGCGCTCGGCCTCCGCGTGTGGGCTGAGCGCGGCGACGCTGCTGCCCCGAAATCCCCGTGGATTTTGAGTCGTATGGAACCTCAAAGTCTTTGTGACA,3.808260608562734,1.9291322091648184
4174,ENST00000518748.5,ENSG00000205133.11,TRIQK,92883530,93017673,15.441741591531624,3563,2515.66,163.989,1.46867,CTCTTTTCCGCCTCACCCTTTGGGAGTAGGGGTGTGCGGCTGGCTTGTCCCGCCCCTGCCCCTGAGTGACAGAACCGTGGACAGCAACATTTCCCACAGGACACGAAGTTTGTCGGCCCTTGCCTTGGCAGAGCTGAGTAAGAAAAATCACCAAGAATATTATTTTTGGTATTTGGAATTGAATTTGCCAGGAATGCAAGCACTGCTACCTAACTAAAGACCTTGGCTTTGGAAACATCTTACCCCTTGGCAGCTCTCCAGAGTTTAGACTTGGCAGCATCAAAGACACAACGCAAGGCATTTTGGAGATCAAAG,10.5140988728112,3.3942533018342416
4175,ENST00000399300.6,ENSG00000183808.11,RBM12B,93729356,93741017,25.982165111218368,7269,6185.62,673.612,2.45352,GTCCGTTTGTCCGGACCGGAGGGGCAGTGGGCGCCATCTTCTTCTGGGCTCACTGAGGGTCTACCTGTTTTGGGGAGGCTGCTGCGACGAAGAGTTCCCTCAGCCTCCGGCCTTGTGTGTCCGACTCGGCAGCAGTGTTAAGTTGCTTTTACAGAGTTAACAGGTCTCCAAGAAATTTTAAAAAAGGTCATTATTGCTGTGGTTTGAGCTCAGC,10.589750689302866,3.404596719766218
4177,ENST00000297592.5,ENSG00000197275.13,RAD54B,94371960,94475109,40.33325372137105,1879,1220.07,56.5304,1.0439,GGATAGCTGGTTACCAGAAGGACTTCTTTGCAGGGCCAGTGGTTTCTGTCAGATTTTCGCCGGTCACGACTGCTGAAT,38.63708566085933,5.2719143727776245
4178,ENST00000297591.9,ENSG00000164944.11,KIAA1429,94487693,94553529,18.41508619044504,6528,5778.87,959.452,3.74061,CTCTCCTGAGTCGCTGTCGCGGAGGCTGGAGCGCTGCCCCGGAAGTCCTCCCCCCTGTTCCCCGCCCGCGGCAAAC,4.9230168850655485,2.2995426877666794
4180,ENST00000308108.8,ENSG00000175305.17,CCNE2,94879770,94896678,43.49741105519743,2724,1937.26,489.063,5.68774,GTGCGGGGCGGGACCGGCCCGGCCTATATATTGGGTTGGCGCCGGCGCCAGCTGAGCCGAGCGGTAGCTGGTCTGGCGAGGTTTTATACACCTGAAAGAAGAGA,7.647573738461574,2.935002112420936
4181,ENST00000448464.6,ENSG00000164938.13,TP53INP1,94925972,94949411,2.3490395133856765,5631,4688.2,246.049,1.18243,GCACAACAACAAAAGGACTTGGACTGGCCGGCCTGGGCGCAGCGACCCGAGGGCTGGAGCCGGCCCCGCGCCTGCCGTCTGGGTACCTGAACGAGGTGCAGCGCAGCCCGGCCCCACCGCAGCTACCTCAGCAGTCCCGCCCCGCCCGCGTCCTTCCCCGCCGAGCCGGCGGCCGCTCCCTTCCCCGCGCAGCCCCGCACGGCCCGGGCCCACGTACAATGACTCTTCTTGCTTTTCACCTAAGTTGAATAAGCACCCTGTGCACTTTAATCTCCTGTCGGTACCATTGGGCCAACTAAAGACAAGGTTTTGAAATCTCAGCTATAAAAGACATCCAGCCAAACTCTCAGTCTTGCCTTAACA,1.986620360939486,0.9903162028749041
4182,ENST00000518406.5,ENSG00000156467.9,UQCRB,96225920,96235634,55.650572978249855,595,355.914,418.576,26.4967,CTGGTCAAA,2.100283166516957,1.0705838495053857
4183,ENST00000287025.3,ENSG00000156469.8,MTERF3,96239398,96261610,40.4412730417129,1409,1107.81,326.057,6.63115,CGGCGTGCGGCGCGGCGGGACGGGACGTGCGGCCCAGCGAGTTGGTCGGTCCCGGGGTCACCCGCTACGGGAAGCAGGCCTCGCCACAGACTAAGAAAA,6.098681682922705,2.6084974172559297
4184,ENST00000521291.5,ENSG00000156482.10,RPL30,98024851,98046469,1297.3851733183958,575,280.461,209.881,16.8602,GCTGTTGGTGAGTGGGCTCCTACCGACCGAGGTTTAGGCAGCGCGGGGAGCTTTGCGGGTTGCCATTTGTAACTCCGGATCCTAAAATTCCTGTCCTGTTCTCTGTCTCTTCTAGGTTGGGGGCCGTCCCGCTCCTAAGGCAGGAAG,76.94957196939514,6.265841396498048
4187,ENST00000254878.7,ENSG00000132541.10,RIDA,98102344,98117241,67.91872542113029,1057,761.337,212.535,6.28948,AGTTCCCAGAATGCCGCACGAGCCCGCCCCCAGCGGGAGCTGTGGGGCAGAGGCGCTGCTGTGGTTGGTCAGTCCAGTAAGAAGCCAGCAGGGCTGGTGCTGGGGCTTCTTCTCCTGAAGGGGCTGCAAGAGGGAAGGCTTAGCC,10.798782319226754,3.432796736808036
4188,ENST00000419617.6,ENSG00000104375.15,STK3,98401403,98942827,26.15284255138003,2826,2105.05,409.078,4.3783,CCGCGGAGTTACGGGAAAGTTGGTCCGAGTTCCCAGAGTTTCCCTCTGTGGTGCCCTAGGCTCGGCCGGCCGGTGCCCCGGCTCCTTTCCTCCTTTCGGCCTTCGCCGTCCACCAGGTCCCTCTCTCTGTCCCCGGCCGCC,5.973287018107491,2.578525045344253
4189,ENST00000522934.5,ENSG00000164919.10,COX6C,99873200,99894062,1164.7784369802382,562,246.923,730.217,66.6273,TTCTGCGCCTGCGCGCGGCTACAGCACGGTTCGTTTTTCCTTTAGTCAGGAAGGACGTTGGTGTTGAGGTTAGCATACGTATCAAGGACAGTAACTACC,17.48199967551196,4.127798311587576
4190,ENST00000519449.5,ENSG00000034677.12,RNF19A,100257060,100336218,4.3645986525853,4330,3506.33,355.753,2.2859,ATAGTCACCAGAAGCTGGAAGAGTCAAAGGACACATTCTCCCCTCAAGCCCCAGTGGGAGCACGGCCCAGCTGGATTTTGGACTTCTGGCCTCCAGAACTAGACAGGGCCTCACTGTGTCACCCAGGGTGGAATACAGTGGTGTGATCATAGCTCACTGCAGCCTGGAATTCCTGGGCTCAAGCAACCCTGCCACCTCAGCCTTCCAAGTAGCTAGGACTACAGAACATCCATGATAGCAGTCTTCTGTAAATCGAACTTTTCAAGAATTCTCTGAAGGAACCAAGTAGGATATTCTTACATCATGACTTAATGTGA,1.9093567752680785,0.9330867045322335
4191,ENST00000335659.7,ENSG00000186106.11,ANKRD46,100509752,100559784,59.419570638474525,2649,1803.69,371.158,4.63618,ACCGCCTCCTTGAAGCTGCCGCTGTCGCTGCTGCTCGTTCGAGTCGCAGATCCTTGCCAGCACATTACAGAATATTTTTGTTGAACCTTCTTGAGAATTCAGAGAAACTGCTGAGTGACCACTGAACGAAAAGATCTAATCTTAAGGCTTACGCGTGTTCCATCCACCACATCAGAACA,12.816493457647141,3.679929695124539
4192,ENST00000318607.9,ENSG00000070756.14,PABPC1,100685816,100722809,91.84429502164517,3485,3990.3,2330.53,13.1586,CGTAGTGCGGTCCGGGTAGGAGAGAGCAGGGGGCCACGCTGGCTCCATCTACGCACGTTTCGGAAACCGGGCCCGGAGGGGACCACGCCCGCTCACCCGTGCCCGGCGTCCCCCGGAGCTGGGGCTAGAGGAGCCGGGCCGGCCGCAGCGGGAAGAGGCCACAGGCGGCCGCGCACGTGGGGGGTGGTTAGCGCGGAGGAACCCGGAAGCCCTTTGCACCGCCCACCGCCGCGGTGACGGGTTAACGCTCCTCCTGGTGGAGGCAGGGGCGGGCGGGGCGGAAGGCGGGGACGCCTCAGCCAACACCCCCGAGGACCGCCCGCGAGCCGTCCTCCCCACCCCCACGGACGCGACGCAGCGCGGGCTCCGCTTCCCCGGCCGCGGCGCCTGCGCAAAAGCCCCGCCCCTTCGCCCGAGCCCCACCCCCACACCGCAGCCTCCACCGCCGCCACCTCTCCCTTCCTCTCTGCTCTTTCCTCCTGTTTTCTCTTCCCTCCTCCCCCTGGCCTCCGCGTCTCCTCCTACTCCGGCGCTGACGCTCGCGTAGGGGCCCTGGCGTCAGACGCGCGGGGGCGGGGCGAGTGCGGCGCGGGGTATAAGTAGAGGGTGCAGGAGGCGGTGCTTCCCCTTCTCCCCGGCGGTTAGTGCTGAGAGTGCGGAGTGTGTGCTCCGGGCTCGGAACACACATTTATTATTAAAAAATCCAAAAAAAATCTAAAAAAATCTTTTAAAAAACCCCAAAAAAATTTACAAAAAATCCGCGTCTCCCCCGCCGGAGACTTTTATTTTTTTTCTTCCTCTTTTATAAAATAACCCGGTGAAGCAGCCGAGACCGACCCGCCCGCCCGCGGCCCCGCAGCAGCTCCAAGAAGGAACCAAGAGACCGAGGCCTTCCCGCTGCCCGGACCCGACACCGCCACCCTCGCTCCCCGCCGGCAGCCGGCAGCCAGCGGCAGTGGATCGACCCCGTTCTGCGGCCGTTGAGTAGTTTTCAATTCCGGTTGATTTTTGTCCCTCTGCGCTTGCTCCCCGCTCCCCTCCCCCCGGCTCCGGCCCCCAGCCCCGGCACTCGCTCTCCTCCTCTCACGGAAAGGTCGCGGCCTGTGGCCCTGCGGGCAGCCGTGCCGAG,6.979792304777496,2.8031841073051806
4193,ENST00000251810.7,ENSG00000048392.11,RRM2B,102204502,102239118,29.366146429038352,4931,3429.38,455.696,2.99379,GGCTGGCCGAAGTTAGGCGGAGCCCCGAGGCGGGGGAGGCGGGGCCGGGCCGGCGCAGGGAGAGTCACTCAATGGACAGGCGAGAAAGCAGGACCGGCGCGGCGGGGCGGGGCCGGCCGAGTCCCTAGAGCTGGGGGCGGGGCGGACCCAGCGGACCAGCGGACCACCTGGGTGCTGTCGTAGTTGGAGGTGGCCTGAGGAGCTCAGTTCCCTCAGCGCCCGTAGCTTCGGCGGAGTCTGCGCG,9.809020148052586,3.2941090285802224
4194,ENST00000520539.5,ENSG00000104517.12,UBR5,102253012,102412841,10.839918239067892,10297,10300.1,1730.4,3.78502,GAGGGGGCCTTGCCGCCCGTTTCCCGGAGCCCCGCCTCTCGCCGCCGCGCCCCCGCCCGCCGGTCTCCTCCCTCCTCCTCCTCCCGTTTGCCCCTCCCCCGCCGCTCCGGAGCGGAGCCTGCGAGACGGAGAAACTGGGGCAGAAGTGAAGATGGCGGCGGCAGCTTCTCGCTAGTGACGCGCGGTGCGGGCTCATCTCCTTCCCCTCCTTCCTCACCTCCCCTAGTCCGGACCCCGTCCGCCGCCGGGACCAGACCGTCCCCGTAGCCCGCAGCCAGCAGCCGCCCCTCTCCTCCCCCGGCCGCCCCTCTCCCAACGCCCGTCTGCCGCTGGCCGGCGGCGCGCCCCTGGTCCCGGCCGCCTGCCTCGCACTCCGCGCTGTCGCCGGGGGAGCGGGTGGCGTGTGGATTCGCCCTCCTGCCCGCCCCTCCGGGCCGCGGACACACGCCCGGCAGGGAGGCGGCGGCGGCCCCTGCGTATTTGCTTCCCTCCATTTGGGGACTGGGAGGCGGCGGCGGCTGTGGGTTTTGGGGAGGGGTAGAGGGCTGGGGGGCGGGCGAGAGCGGGAGGGGGCCGCCCTCGAGTGGAGGACGAGAAGGAAAGCACC,2.8638998576144625,1.5179810465655403
4196,ENST00000285407.10,ENSG00000155090.14,KLF10,102648779,102655902,8.946702039754092,3097,3029.49,387.773,2.88383,ACACGCTCCACTGACACCAGCTTCACGCTGCCGGGCAGTCGCCGATCACGCGTGGCCCCGCGAGCCCATTGGCCGGCGCCTCACACACCTTTGCCGTTGATTGGCCGGCCTCAGGCTCCGCCCCCACCCCCGCCCGCGGCGCGGGGCAGGCTGAGCGGCTACCTGAATGGGGAGGGGGCAGACGGCGCTGAGCGCGGCGGCGGCGGGAGCGGCGTCGAGTGTCTCCGTGCGCCCGTCTGTGGCCAAGCAGCCAGCAGCCTAGCAGCCAGTCAGCTTGCCGCCGGCGGCCAAGCAGCCAACC,3.102368045187855,1.6333698486790433
4197,ENST00000337198.9,ENSG00000155096.13,AZIN1,102826357,102893864,79.54250785765288,4721,4282.06,1029.4,5.41619,ATCACCGAGGGCGGGCGCCTCAGCCCGGGAGGACACTCCCCAGGGTAAACTACAGGCCTCACAAAGCGGAGGGAGCTGGACGCGAAGGCTCGGCAGCGGCGCCGACAGGCTTACCCCAGGCCCACTCTAGGCCGCACAGGGTTCGCGCCACCTCCGGCCCAGGACAGCTCTCAGACGCTGCCAGCGTGGAGCTCGACCCGGCTCACAATGCGCTGGGCCCCGCAGCGTGAGCGCAGGCGCCCGAGAGGCGGCGGGGGTCGGGCGGACGGCGCGCTCCAGCCGAGCCGCCTCCCTCTCTCGGCCCACACCCGCGCGGCCGCCCTTCGCCTGCCGGGGAGCTGCGGGTGGCTGGAGGGCGGGAAGCGACCGGCCAGTCTGCACCTGCATGACCCGGTCGCGCGCCGACCCCTCCCCTCTCTCTCCCGGGCTCAGTCCTCCTTCCTCTTCCGTCCCCCTCCCTTTTCTCCGGGCTGCAACCGGGTTCCGCCCCGCTCGCGCGGCTGCCCGGCCAGCTGTGATGTCACCAGGCCACGCCCCCTAATATAAATACTGGCGTCGCTGGCGCCGCCTTCTCACACTTTCAGGCTCTGATCGCGGCCGCAGTTTTTCCTTTTTTCTTCTGCCGTCGCCTTCTCTGCCTCTTCTCATCCTTTCTCGCTCTGCTGCTCTGCAGTGTGACGAGTCCGAATCCTCTTCCCACCCAGCCCGCGCCTTTCTTCTTTTGCCTGCGCTGTTCTATTTCTCCTTCGGCCGCCGCCGCCACTGCTGCACACAGCTGGTGTCGGTGCCGCGCTTTTACCCCCAAGTCGTTCCCGCAGCCTATGGCCCAGGCCGCCTTGGGTATTTCTGCTCAAGGTAACCACATCCCTCTTTAAAAATTCCGCCGAAAAAGAGAAGACGCTTTACCCGACTCTTTGGGCCGTTATCTCACGGCGAACTTTCTGACCAAGTATACAACTACCCAGAGGGCCTAGGAGAAGTGCTGTATAGAGAGCAGTTCGACTTCAACGCTGAGCCACCTTGGGAACCTAGCTGATGATAGGGGGGTTCCATCTCCCAACTTGTCCATTTTGTTGCATATTCTAAGGACCCAGACATAGGCTTGGTGGCCCGTCTCTTGTCTTTCCTGGTTTATGACTTTCGGCTTTGTGGAATACGGCTGAG,14.686063054961675,3.8763757942316177
4199,ENST00000297578.8,ENSG00000164933.11,SLC25A32,103398635,103415189,66.17413634356718,2891,2188.3,469.311,4.83189,ACTAGAGTCTCCGGCTTCGCTCACGCGCCTTGGGCATAAGAGTCCTCTCGTTGGTCCCGGAGGTGGGGTTGCGCTCACAAGGGGCGACCGTCGCCACGGTGGCGGCCACTGCATCGCGTCCCACCTCCGCGGCCCTGGGCGCCGTGGTGTCGACGGGCCCCGAGCCT,13.695290319847345,3.7756079442504475
4200,ENST00000220849.9,ENSG00000104408.9,EIF3E,108201216,108435333,319.57072849162853,1543,1043.9,4466.98,96.4091,TGTTCGTTTGTCGGCGCTACCAATAAAGTTTTAGTGAGCACAGACTCCCTTTTCTTTGGCAAG,3.314736145152569,1.7288940355776947
4201,ENST00000239690.8,ENSG00000120526.10,NUDCD1,109240919,109334385,32.162258952354335,4217,3099.5,258.704,1.8805,CGGACTTAGACCCTCAGTAGCTCGGGCACCTAAGCACACAGAAAGCTAGAACACGCATTTCCGGGGCGGGGTCTCGCCACCCTGCCTATAATGTGAGAATTTAACCAGCGCGGGCCGCCTCCTGGTTGCTAGGGCCTCTGGGTAACAGAGTTCAGACCTTGCCGTCGCGCGCGCGTTAAGTACCAGGAGAACTACATAGCCCAGCATGCAACAGTCTCAACTTTTTCACGGACACTACATTTCCCAGAAGGCAGTTCGCACCGCAGTGTTTTCTGGGATGGGAACCACGCCGCTTCCCAGTCTCTGTGCGAGGCGTGAAGCGCGGACCTTTCAACAAGGGCTTTATTAATTCTCACGCTGCGGCCCTGGAAAGCG,17.103035869372153,4.096180527890024
4202,ENST00000395715.7,ENSG00000104447.11,TRPS1,115408496,115809673,6.823331669890919,9990,8741.99,528.838,1.36293,AATAGTGTTGGTGTCTTGAAACTGACGTAATGCGCGGAGACTGAGGTCCTGACAAGCGATAACATTTCTGATAAAGACCCGATCTTACTGCAATCTCTAGCGTCCTCTTTTTTGGTGCTGCTGGTTTCTCCAGACCTCGCGTCCTCTCGATTGCTCTCTCGCCTTCCTATTTCTTTTTTTTTTTTTTAAACAAAAAACAACACCCCCTCCCCTCTCCCACCCGGCACCGGGCACATCCTTGCTCTATTTCCTTTCTCTTTCTCTCTCTCTCTCTCTCTCTCTCTTTTTTAATAAGGGTGGGGGAGGGAAAGGGGGGGGAGGCAGGAAAGACCTTTTTCTCTCCCCCCCGCAATAATCCAAGATCAACTCTGCAAACAACAGAAGACGGTTCATGGCTTTGGCCGCCGCGCCACCATCTTTCGGGCTGCCGAGGGTGTTCTTGACGATTAATCAACAGATGTACAGATCAGCTCTCAAAATGTCTTCTGTGTCTTCTGAGCGTCTTCTAAGACAATTGCATTAGCCTCCTGCTAGTTGACTAATAGAATTAATAATTGTAAAAAGCACTCTAAAGCCAC,5.006369857506196,2.323764877498351
4203,ENST00000521861.5,ENSG00000147677.10,EIF3H,116642130,116766925,171.37706239974315,3959,3503.65,185.359,1.19194,CTTTCTTCCTGTCTGCTTGGAAAG,143.77994060082148,7.1677186025869
4204,ENST00000297338.6,ENSG00000164754.13,RAD21,116845935,116874866,102.6496908474098,3749,3196.97,3007.53,21.195,AGGCGCACAGGTACCATTTTGACCGTAAACATCCTGCCGATTTGAACCGAGGATTTGGGCGGCAGGAAGAGCCGCGGCGTAACGGCAGCCATCTTGTTTGTTTGAGTGAATCGGAAAGGAGGCGCCGGCTGTGGCGGCGGCGGGAGCTGCTCGGAAGCTACACCTCGCAAGGGCTCCCCCCTTTCCCCACCCCCTCCCCCGACCCTTTTCCCCTCCCCGGGCCACCCAGCCCGCCCAACTCCCAGCGGAGAGCAAGGTTTTCTTCTGTTTTCATAGCCAGCCAGAACA,4.843108792045756,2.275933410947392
4205,ENST00000378204.6,ENSG00000182197.10,EXT1,117794490,118111853,53.07925296094792,8270,8109.91,1021.95,2.83907,GTGTAAGTGTAACATTCAGAACCGGGTAACATTCGGCGACCGAACGCGGCGGTCGGCAGCGTTCGCGCGGGGGCCTGCGAAGCGCTGCTCGGGGCCGGCACTGCCCGCGGGGAGGACGCGCCGCCGCCGCCACCCAGCGCCGCCGCCGCCGCCGCCTCCAGCCGGGCCGCCGCGCGTCCCGGGGGCCGGCCCCGCGAGCGCAGGAGTAAACACCGCCGGAGTCTTGGAGCCGCTGCAGAAGGGAATAAAGAGAGATGCAGGGATTTGTGAGGTTACGGCGCCCCAGCTGCAAGATGCACTAGCCGGCTGAACCCGGGATCGGCTGACTTGTTGGAACCGGAGTGCTCTGCACGGAGAGTGGTGGATGAGTTGAAGTTGCCTTCCCGGGGCTCATTTTCCACGCTGCCGAGAGGAATCCGAGAGGCAAGGCAATCACTTCGTCTTGCCATTGATTGGGTATCGGGAGCTTTTTTTTTCTCCCCTCTCTCTTTCTTTTCCTCCGTCTTGTTGCATGCAAGAAAATTACAGTCCGCTGCTCGCCCGCCCTGGGTGCGAGATATTCAGCCCCGCTCTCTCCCGTGCATTGTGCAACCCAAAGATGAAAGACCGAAGGGGAGAAAGTTAAAGAAATCGCCCACATGCGCTGGATCAGTCCACGGCTTGGGGAAAGGCATCCAGAGAAGGTGGGAGCGGAGAGTTTGAAGTCTTTACAGGCGGGAAGATGGCGGACTGGAGCTGAAAGTGTTGATTGGGAAACTTGGGTGATTCTTGTGTTTATTTACAATCCTCTTGACCCAGGCAGGACAC,18.696000084868608,4.2246577406697075
4208,ENST00000075322.10,ENSG00000136960.12,ENPP2,119557086,119673453,11.286266163471588,2651,2362.27,164.53,1.5692,AGTGCACTCCGTGAAGGCAAAGAGAACACGCTGCAAAAGGCTTTCCAAGAATCCTCGAC,7.192369464358647,2.8464671324635007
4209,ENST00000378164.6,ENSG00000064313.11,TAF2,119730775,119832863,16.525414329021096,5048,4300.3,1183.15,6.19872,ACTTCCGCTGACGTCGGAGGTCAGAGGTTACAGACAAGATGTCGGCGGATGGTAGCTTCGAGCCCTTGCGGAGAGGAGCATCTCTGTGACAGAAGCTTGTCGACGGCGGCTTCTAGGAGCTAGTCGAAGGAGCGAGGTTGAGGCGGGCAGCGACCCGTCAGGTCGCTCACCTGGGCACCGGCCAGCTGCGAGACGTGACTTGGGGACCGCAGGGGAGTGGAGAGTGTGAGGTGCCAAAGACTAGTAATGCCCCGTATCCCCCTAGGAAGCCGGGAAGCCAAGCTCCGCGGGACCGCTTC,2.665939795477308,1.4146442006267899
4210,ENST00000313655.4,ENSG00000136982.5,DSCC1,119833976,119856010,40.86968120095994,2314,1868.99,478.108,5.76343,GCGTGGGGCACGGAGGGGCTCGCGCTCCCAGAAGCCGGCAGGCCTTCCCGCGGGCGGGCCCGCAGCGCGCTCCGCCCCGGAAACACGCCCATGGCCGCCTTGGCGCGCTTTCAAACGCTCAGGTTTCCTACCTTCCGGCTGCTTGGGAACTTCTTTCTTGCCCGCCAAGCCCGCAGCCACCCGGGCGCGGCGGGACTCCTAGACCCGGCGCTGCG,7.091208048151872,2.8260314238844138
4211,ENST00000306185.7,ENSG00000172172.7,MRPL13,120380761,120445402,292.9338749087351,1086,826.074,618.217,16.861,GTTTAGGTCGGCTGGAAATTATGTCCTCCGTCGGTTTTCCGCAGTTTTTCCACCAAGCGAGATATTTTTGGGAGTTATTCCCTAAATAACTGCATTATATGCTCCTTTCATGACGAAATTGCTGCCGTGGAGAAGACTGGAGGAAACTCGAGGAAGAGGGAGAAGCCGACAAGTGCTCGACGGGCTAGGAACTGTCCTGCTTGGGTGTTAGCGTTTCCCGCCGGGCCAGTAAGGCTGAGTGACCCGGCGTGGCTACTAGGAGAAGGACGTACGGTCCTGCTAGTAGAGGAAT,17.37345797454096,4.118813028337436
4212,ENST00000259512.8,ENSG00000136986.9,DERL1,123013164,123042423,100.45468272498267,3340,3447.12,758.916,4.96019,ACCTGGCTCCGCCCCCCAGGACGCCGAGCCTCGGCCGGGCGGTAAAATCGGCGCTTACCCTTTAAGCGGCGGGACTTCTGGTCACGTCGTCCGCGGTCGCCGGAAGGGGAAGTTTCGCCTCAGAAGGCTGCCTCGCTGGTCCGAATTCGGTGGCGCCACGTCCGCCCGTCTCCGCCTTCTGCATCGCGGCTTCGGCGGCTTCCACCTAGACACCTAACAGTCGCGGAGCCGGCCGCGTCGTGAGGGGGTCGGCACGGGGAGTCGGGCGGTCTTGTGCATCTTGGCTACCTGTGGGTCGAAG,20.252184437487813,4.340005622991423
4213,ENST00000276704.5,ENSG00000189376.11,C8orf76,123219957,123275541,18.27062231914095,1341,1042.73,88.6521,1.91549,CCGCCTTTTCCGGCGGGCCCCGCTTCCTCGTTGCCCCCGCCGCGGGCGCGAG,9.53835432142217,3.2537403755467142
4215,ENST00000297857.3,ENSG00000165156.14,ZHX1,123219957,123275541,13.621035697565844,5200,4219.69,342.851,1.83057,GACGCGCGCGCGGGAGGGCCCCGCCTTGGCCGGCTCTCTCCCTTCCCCCTCCGCCCCCGGACGGCCGCTGGGGCGCGCGCCTCTCCTCGCACCCCCACCCTGAGTCCCCACACTCCGCGGGGCCACCGAGCTGCTGAGGCCCCTTTGCGGGCCCGCCGAGCGGTTCCGGGTTTAGGGTTCACAGGTCAGAGTTGACTCCCTGAAAAGTGCAGCCGGTTTGAAATGCAAGATGGCGGCGGCGTGGCGCTGAGAGGCGCGGCGGCCCCTGCAGGTAGTGGCGCGAGCCGGCTCCGCGACCAGCGGGCCCGGAGACTCTGGGCTGCGGGTGGGAACTGGAGCGCAGAGTCCGCGGCCGGCACGGGAAAGGAGAAGACAGACTGCTGCTTTGGACCTGTTGGTAATGATGGCCTGAGCTAAACATCTAACTAGAAGGGATACCCTTCCATTTCAAAGAACAGAATGCTAAGGAAGCTGTGGCAAGTGATTGGAGTTGTGCTTCAAAAATTTCAGAAATTCAGCAGTATTTTATCTGCCAACAATAAGCTCTTTACTTGATTGCACCATGAGAAAGCTGCTAATGAGACTTGTTGAGCACAAAAATGGACTTGAAGAACCAAAAGCCATTGTTTTCAAATGAAGAACACTGAACAGTTTTAAGCCTCGATGCTTTTTAATCACCACTGAGCTTTTCCTCATAACATCAGA,7.440871257349265,2.8954715574979737
4217,ENST00000287394.9,ENSG00000156802.12,ATAD2,123319850,123416350,34.46864011327501,5565,4247.94,3217.3,17.0638,CGCGGAGCTTGTGGCGCCAGAATTCGGAGCGCGGAAGAGCCAGAGCTGCGAGCGCCTGGAGCTGGATCTCTCTCCGGTCGCGCACGCCGAGGCCAGTAGGGAGAGAAG,2.0199861761902396,1.0143454199027981
4218,ENST00000297632.7,ENSG00000164983.7,TMEM65,124306189,124372692,42.69269405084047,9029,7448.76,874.622,2.64544,GCCGCTAGGGGTAGCGGCGGCGGCGGCGGCTGCGGCTCGGGAGCGCGGCTGCTTTGAGGGCTCGGGAACCTTACAGAGTGGGGACGTGGGGAGGCTAGAGGGTGAGAAAGCTGGCGGGAGAGTAGGGCGGCGCTGGAGGAGGGCGGTGCGTGGCTGACTCATCCTCTGGAAGATCAGACTGACAGAGACACACACTAGCCCGCCCCGCCCGCCCGCGCCGCTCCTCCTCAGCCGGGAGGCGCCCGCCCGCACCGACCGCCCGCCCTCTCCGGGCGCTGTCCGGGCCCGGCCGTCTCAGAGAAAGTTTTTCCCATCGGAGGGGCGGGAGCCGCCGCGGGCCTTTTGGAAAGGAAGTGGGGACGGAACAGGAGGCGAGAGCCGCGCGGGCCCGCGGAGTGCATGGTGCCCGGCGCCTCGGCTGCCTGGCAGGAGGACCTCGGGGCGGGGTCGAGCTGAGCCCAGCTCCTTCTCGCCTCAGCCGCGCCAGAAACCGCCTTGCCGGACGGCCGCGGGGGTCCCAGCTCCTCAGCTCGCC,16.138220504279243,4.012409602177926
4219,ENST00000276692.10,ENSG00000147687.17,TATDN1,124488485,124539458,11.222644020470913,1018,515.635,114.005,4.98131,ACTTCCGCTTCCGCTGGGGAGGTCCTCCATGCGCAGTC,2.2529503324368316,1.1718155088965059
4220,ENST00000318410.11,ENSG00000164961.15,KIAA0196,125024260,125091840,20.54346743579497,4187,3666.8,515.67,3.16845,AGCCGTCGCCGGCGAGTGGTCACATGATGCCCCTCCCTGCTCCCAGCCGCTTCGGTCATGTGACCGCCTGGGGAGTCAGGGGCGGAAGTCGGGGTCTGACCCGCTCCAGGTCCGGGACTGCGGATAGAAGAGGACCGCCGCCTTGAGGGAGGGGTGGAAACTGGGTGCCGGCTCCGCGCGCGACCTCCGGCCCTGCGCGTGCGCCGTGGCGCGGCCCGGCTGACAGGTTCTTTAATGGAGGAGCCAATCTCTCTGCACACCTGGTTTCATCTAATAATATACAGACACCAGCTCTGAGGCCAGTTAATCATCCCCAGTGTCCAGGCACAGAGTAGTCGGTCCGCCTCACA,6.483759388910972,2.6968305537077404
4222,ENST00000357668.2,ENSG00000153317.14,ASAP1,130052104,130443660,7.8871172332570625,6344,6424.76,645.598,2.26395,CCCTTCCTGCGCCGCGCTCGGCTCCCGCGCCTCGCCTGGCCTGGCCGCTGCCGCGGGCGAGCACTGTGCGCTGGGCAGCCCCGGGCCCGCGCCTCCCGCCCAGCCGGCGCTTCCCGGTCGCAGTTCGCTTTCCCACCCGAGAGCCGCGAGCGCCCGGCCGAACCCGCGATGGAATAATGCCCAGCGGCCCGCCAGGTCCCGGTCGTTTTCTGATGTGACGGCTGAGACATGAGATCTTCAGCCTCCAGGCTCTCCAGTTTTTCGTCGAGAGATTCACTATGGAATCGATATCCAGGAATGATTTTCAGAGTATTTGAGAAAATGAGAGGTGCAGATGGTTTTCACTGAGGC,3.483785964026177,1.800655990721091
4223,ENST00000323851.11,ENSG00000104419.14,NDRG1,133237171,133302022,155.7961241285467,3014,3709.36,1360.07,8.26085,CCCAGCTGGTGCTGAAGCTCGTCAGTTCACCATCCGCCCTCGGCTTCCGCGGGGCGCTGGGCCGCCAGCCTCGGCACCGTCCTTTCCTTTCTCCCTCGCGTTAGGCAGGTGACAGCAGGGAC,18.859575482976535,4.237225297120022
4224,ENST00000220592.9,ENSG00000123908.11,AGO2,140520156,140635619,17.535677756461663,14581,16176.7,2383.78,3.32001,GGCCGCGCCGGGGCGGATCGTGCGGCCGGCGGCTCCCTCGCGGCTCGCGGCGTCGGGGCCCGTGGCGCGCGCGCGGCCGCCCCTCGGCCCCGGAGCCCCTCGGCGGCGCCACC,5.281814740456102,2.4010336998934
4225,ENST00000612905.1,ENSG00000234616.8,JRK,142657460,142681968,14.103988882245464,9124,13169.3,598.996,1.02476,GGACTGGAGGAGAACCGAGTGGCCGGCACTTCCGGCCGGCGGCGGCTGCTCCGGGTGAGCAGGCCCCTGAAGTGCTGTGCCTGGAGATACCATTGTGGACCCTGGAGAGGCACCTGCTGCTTATGCGGTAAAACCTCTACCACCCCAAACCTGGTCAGTTTGAGGGGAGCCGCTGCCATAGTATCCACAGAGAAGGCCGGAGTTCCAGCCGTGTGGAGCAGCAGAGGGGAGTCTGACAGGGTCACCTCCTCCACAGAGAGAATTGGCAGCTGACTGCACTGCCAGGAGCCAAGGCCTAGGTGTGTGGAGCCTGGAAGACCAGGGATACCTGAGGCAGGAGGTGCAGCGTGTGGAGTGAGAAACCCGAGAGGGACTGGGGCCTGTGCTCAGGATCAGCAGAGCAGGCAGGCAGAGTGGAGAGGGAGAGACGGAGCCCCAGAAGGGGAGCAGGAGGAGAGGGAAGTAGTGGCAGCAGCCCAGGCCAGGCGTGTGTCCTGCAAGTGCTAGGACCAGCCACCCCTCCCC,13.763211759090387,3.782745269013642
4226,ENST00000329245.8,ENSG00000184428.12,TOP1MT,143304384,143359979,12.418043616152568,1958,2253.77,341.805,3.4169,GGCCCAGCTTGTCGCTCTTTCCCGGAGGCTGGCAG,3.6343011548926127,1.8616779728654604
4227,ENST00000262577.5,ENSG00000014164.6,ZC3H3,143437655,143541453,8.206437773310968,3280,4999.92,337.0,1.51855,GGGGGCCTGGCCGGCCGTCGCGGACTCGGGAG,5.404127472464501,2.4340617053304014
4228,ENST00000526838.5,ENSG00000104529.17,EEF1D,143579697,143599541,30.65307396442558,926,1054.3,268.345,5.73442,CCCTTTCATCAGTCTTCCCGCGTCCGCCGATTCCTCCTCCTTGGTCGCCGCGTCCTTGGCTGGCGTCAGAAAA,5.3454532392858525,2.418312278787273
4229,ENST00000220966.10,ENSG00000104524.13,PYCRL,143603913,143609773,35.04705237526691,2678,4135.38,255.417,1.39154,CTAGATCTGTGGGCGGGGCGCGGCCTGTGG,25.18580304933161,4.654538826948295
4230,ENST00000388913.3,ENSG00000180921.6,FAM83H,143723933,143733801,4.273928886431039,5654,8799.93,410.981,1.05222,GGCCGGGCGGGCCGCGGCAGGGAGTGGCTGCCGGACCGACCGGACCGCGAGGCCGCTGGGCGGCGGTCGGCTCCTGCTGCCCCTGTGCCGAGACCCCGCGCACCTGGCCAGGCCCCTGGCCCCAAC,4.06182061396955,2.02212652593361
4231,ENST00000320476.7,ENSG00000180900.17,SCRIB,143790920,143815379,16.942407807573158,5143,8405.18,929.247,2.49084,CCGCACC,6.801885230513866,2.7659346633869206
4232,ENST00000349157.10,ENSG00000179950.13,PUF60,143816344,143829859,30.94008852666254,1821,2596.57,445.594,3.86636,GGAAGGAGCAAGAGTGGGAGGCGCGCGCGGAGGCCGCGACGGACGCAAG,8.002381704409972,3.0004294452200893
4234,ENST00000398712.6,ENSG00000179526.16,SHARPIN,144098633,144108124,9.122060060175768,1765,2612.63,257.817,2.22329,ATTGGAGGTCCCGGGAGCGAAGTCCAGCTGCCGTTAGGCGCTGGGATAGTCGCACGCTGGATGCATCTACGTCCGCCGAGCCCCTGGGGCGAAGAGGCCGCGTCCGCCTTCAGTTGTGGCCGGTGCTTCGCCCCCTGACCCTTCGCCCCCAAAGACCAGCTCTAACGTGAGCGCCTCGGCCGCCCTGCCCCAGCCTCGTACACGCCGCCAGCCTCGCCCAGCCGGTGTCCGGAGACCCTCGGGCCGTGTCCATTTGTGGGCAAAGCCAGCGGGGCAGGCTTGGCCAGAGTGCACCACTCGGCGCCGTCCCAGGCCCGACGCTCTGGGCGCGCCCGGAACCCCAGGTTCGCGGCCCGTGTTTCCGACCGGCGGAGGGGGCTCAGCGGCCCGATCCCACGGAAGCGCGCTCGGAGGGGTGGGACCCGGCCGGACCGGAG,4.102955556933988,2.0366635270946456
4235,ENST00000616140.1,ENSG00000071894.15,CPSF1,144393229,144409349,20.427742748845287,4494,6416.72,829.153,2.91127,GGCCCGGCCGGACTGAGTTCGCTGCTGTCCCGGTTCCTCTCGAGTCGGCTCCAACTGCCAGCCCGGGTTGGCGCC,7.016780562725301,2.8108092454073357
4236,ENST00000292510.5,ENSG00000160948.13,VPS28,144423601,144428563,58.19353302776607,979,1084.42,149.005,3.09574,TGAGGGGCGAATGCCGAGTCGCTGACCGAGCGCACCCCGCCCCCGGCGCCATCTTCCCGACCGCGAGCCGTCCAGGTCTCAGTGCTGTGCCCCCCCCAGAGCCTAGAGG,18.797939435406743,4.232502622255897
4238,ENST00000409379.7,ENSG00000160949.16,TONSL,144428775,144444444,6.736544780598828,4502,7190.81,691.389,2.16624,GGGAAGTCCGGATCCCGCGGCGATCCGAGC,3.109786902928035,1.6368157235642
4239,ENST00000530374.5,ENSG00000187954.12,CYHR1,144449582,144465677,13.928107354843696,1870,2339.26,116.851,1.12542,CGAAAACAAAGATGGCGGCCGTGCCGGGGTCGGTGGCCGCGGCGGCTGTGGGGCTACGCGCGGGCCGGGCCCACTGAGGCGGCGGCGCAGGGAGCGGGGCTGCGGGTTCGCGGCGGCGGCGGCAGGAGAGCGGCGGGAGCGCGCGGCGCCCCTAACTTCTAGTCGGGGGAGCGCGCCGGCATCCGCCCGCCGGGCCGGCCGGCCGCT,12.37591952768184,3.6294638159375796
4241,ENST00000621189.4,ENSG00000160957.12,RECQL4,144511288,144517845,5.642574867709612,3896,6251.37,334.596,1.20589,CGGCTGCGCGGGAGATTCGCTGGACGATCGCAAGCGCGGAGGCCGGGCGGGCGCGCGCGCCATGGAGCGGCTGCGGGACGTGCGGGAGCGGCTGCAGGCGTGGGAGCGCGCGTTCCGACGGCAGCGCGGGCGGCGACCGAGCCAGGTGCGGGCTGCCCAGGGGCCGAGGGGCTGAGGGCGCGGCCCGCGGCTGACGCGTTCCCTTTACAGGACGACGTGGAGGCGGCGCCGGAGGAGACCCGCGCGCTCTACCGGGAATACCGCACTCTGAAGCGTACCACGGGCCAGGCCGGCGGCGGGCTCCGCAGCTCCGAGTCGCTCCCCGCGGCGGCCGAAGAGGCGCCAGAGCCCCGCTGCTGGGGGCCCCATCTGAATCGGGCTGCGACCAAGAGTCCACAGTCTACGCCAGGGCGGAGCCGCCAGGGCTCGGTGCCGGACTACGGGCAGCGGCTCAAGGCCAATCTGAAAGGCACCCTGCAGGCCGGACCAGCCCTGGGCCGCAGACCGTGGCCTCTAGGAAGAGCCTCATCTAAGGCATCCACCCCAAAGCCCCCAGGTACAGGGCCTGTCCCCTCCTTTGCAGAAAAAGTCAGTGATGAGCCTCCACAGCTCCCTGAGCCCCAGCCAAGGCCAGGCCGGCTCCAGCATCTGCAGGCATCCCTGAGCCAGCGGCTGGGCTCCCTAGATCCTGGCTGGTTACAGCGATGTCACAGTGAGGTCCCAGATTTTCTGGGGGCCCCCAAAGCCTGCAGGCCTGATCTAGGCTCAGAGGAATCACAACTTCTGATCCCTGGTGAGTCGGCTGTCCTTGGTCCTGGTGCTGGCTCCCAGGGCCCAGAGGCTTCAGCCTTCCAAGAAGTCAGCATCCGTGTGGGGAGCCCCCAGCCCAGCAGCAGTGGAGGCGAGAAGCGGAGATGGAACGAGGAGCCCTGGGAGAGCCCCGCACAGGTCCAGCAGGAGAGCAGCCAAGCTGGACCCCCATCGGAGGGGGCTGGGGCTGTAGCAGTTGAGGAAGACCCTCCAGGGGAACCTGTACAGGCACAGCCACCTCAGCCCTGCAGCAGCCCATCGAACCCCAGGTACCACGGACTCAGCCCCTCCAGTCAAGCTAGGGCTGGGAAGGCTGAGGGCACAGCCCCCCTGCACATCTTCCCTCGGCTGGCCCGCCATGACAGGGGCAATTACGTACGGCTCAAC,4.679178754040263,2.2262553436034285
4242,ENST00000292562.11,ENSG00000198169.8,ZNF251,144720907,144756417,4.1135445476758905,2807,3007.28,227.257,1.70257,GCGTTCTCGGAGGCGTACTGAGGCCCCGCAGGGGGCGGGGAAGCCTGCGTGTGCGCAGCTCGGCCCGGCCCGCCCTCTTCATCCTAGCCCGCCCCCTCCCCGGCTCTGGACCCGGTTCTGTGGGAGGGTCCGTTCCGGGCTCGGTGCGACTGCGCAGCTCCTCGGCGCTTCCTCGGTGGCTTCCCCGGGTCGAGCAAACAGGTAAGTTCGGGGAGACTTCAGGCCAGGGCAGTCTCCTGTCTTCTCTTGGAAACCACAGCAGCCCATGCACACAGA,2.4160795430883257,1.272667952398926
4243,ENST00000394920.6,ENSG00000161016.16,RPL8,144789765,144792587,1390.353347145098,965,1201.21,696.464,13.063,TCTTTCGGCCGCGCTGGTGAACAGGTAGGTCATCCTTGCGGCCTTGCGGCATGGGCAGTATCCGCCGCCATCCTCTTCCGTGAGGCGCGCTGAGACCCGGACCGGCCCTCCTGAGAGGATGCCGGTGCGGGCGCCCGCGGAGAGGGACCCGTCGCC,106.43445970643022,6.7338215097750656
4244,ENST00000402718.4,ENSG00000170619.9,COMMD5,144841042,144853736,21.895814894346383,1305,1483.69,91.0406,1.38246,CGGAAGTGGCTCTCAGGGCGCTTCCGGGGACCAGGCCCGCTTTTGGCTGCATCAGCCGGGGATTGCCGGCGCCAGGCATCTGCATCTGGGACCGACCTCCTGGGCTGGCTGATCAAAGAGGAAGCAGCAGCA,15.838299042537493,3.9853455000862525
4245,ENST00000262352.7,ENSG00000106688.11,SLC1A1,4490444,4587469,13.482089151723764,3722,3496.11,159.6,1.02851,GGAGGAGCCGGGCGCGCCTGCCACGCAAAACTACCGGGCTGGCAGGGCGGCGGGCGCGGTGCGCGATCCCGGGTGGCGGCGGCAACGGCGGTGGTGACGGCGGCGACTGCAGCGGCCGGCTCTCACCTCTCCCCTGTGCACCCGCATCTCGCCGCGCCGCCGAGCAGCCAGCAGTCCCCGGGTCGCCCAGCCCACGCGCGCACGGCCGAGCCCAGCGCACAATAGCGGCGACAGCC,13.108369536245407,3.712416344271727
4246,ENST00000381883.3,ENSG00000205808.5,PLPP6,4662315,4665258,36.67966750835569,2944,3001.33,512.0,3.84343,GCAGGGCCGGGAAGCCTCTGTTTGGTCCGGCCAGGTCCCGGGATCCGGGCCGCCAGCTGCG,9.54347223921229,3.2545142631794386
4247,ENST00000381854.3,ENSG00000106993.11,CDC37L1,4679559,4708398,10.2613186975591,3502,2398.07,133.928,1.25827,TTTCTTCCGCCGTCCGCCGGTGGCGAGGCCCAGGCTGTCGCCGGGTGTGCAGCGGCGTCGCGGCCAGTAGAGGGATTCTGGGTAACGGCCCGGACCCCCGGCTGGGCTTCTGGCTCGGCGCAGCAGGTTCCATTCACGCCAAGTCTGTTGGCAGTGGCAGTTGTAGGGCCAAGGGCGGTTGTAGGACCCGGAGCAGCCGGAC,8.155100811081166,3.0277027112410124
4248,ENST00000381750.8,ENSG00000120158.11,RCL1,4792869,4885917,47.64444575716835,2134,2204.45,354.202,3.62003,GAGGCGGGGAGGTGGCCACTGGCTCCGCCCCGCTCCCCTCTGACCCGGTGTCTAGTCTCTCCGTCTTCCTGTTCCAAACCACGTGGACGCGTCTGGGCTGCTGGAGGCAGCCCGAGCCGCCGCCGTCGGTGTCGCCGCCACCACCACCATCGGAGTCACGAGTCCCGCGTCTGTCCGAAGTCGCCGCTCTCGGGCTGCTCACGTCTCTTCGGAGAGCGCGCAC,13.161340032311431,3.718234480582773
4249,ENST00000414202.6,ENSG00000107036.11,RIC1,5629025,5776557,4.546471299491199,6774,6562.37,488.328,1.67653,GTCAGCTTGGGGGTGCCTTCGTCGCGCAGCCTTGCGTCGGCCCGGCCCGGCCAGGCCAGCGGGCAGATGCCCCGAGCTGCCGCCGCCGCCGCCGCCGACTCGGCCGGTGGCGGTGTGGGAGGTGGGCGACCAGCCCGGGGCCGCTGAGTGTGACGGACGCAACTGGGGGCGCCGGGGGCTCCGCACGGACC,2.711834145223288,1.4392689464754391
4250,ENST00000276893.9,ENSG00000147854.16,UHRF2,6413151,6507054,8.311916327650236,3452,3076.64,304.412,2.22919,AGAGTCGTCGCCGCCTGTCGGGCCCGGCGTCCGGTCGGTCCGGTGGGCGCGCTCGCCCGCCTGCCGCTGAGGGCCCGAGCCGCAGGGAAAGCGGCGCGGGCCGGGCGGGGCGCGGCGCCCAGAGCTCAGGGGGAGACAAAGGGGACCGGTTCCTCTCTAGGCGCCAAG,3.72867109921103,1.898661544640592
4252,ENST00000380641.4,ENSG00000044459.14,CNTLN,17134982,17503923,11.517300787356376,4871,3850.19,240.059,1.40475,AACTTGACCCGTTAGCAGCCGCAGCC,8.198825974270424,3.035417338711127
4253,ENST00000380607.4,ENSG00000107295.9,SH3GL2,17579082,17797129,12.279469365946488,2565,2493.69,305.42,2.75942,ATAGCCCCGGCGGCGGCACGACCAGAGGCGGCCAGGGGAGCGCGCCGCCCCGCTCGGCCCTCCAGTCCCCCTCCGCCTCCTCCCTCCCGCACAGCAGCCGCCAGCGCGGCCTCCTGCACC,4.450018252366979,2.1538112535049505
4254,ENST00000380527.2,ENSG00000155876.5,RRAGA,19049395,19050983,177.739299013033,1589,1626.81,649.0,8.98815,GGGACGCAGCGGCTCCCTCCCGGAAAGCGAGCGTATCTCCCGAGCCGTTGCCACTGACAGCCGCGGGCGCTCCCATCTGAGTAAGAGCCAGCCCGTCCGCGGCCTCTCCAGCCCCGGGTTCGCGCTCTCGACTCTCCTGCCTGCCCAGCTGCGCGGCGGAGCGGAGCGAGGCGCGGCCTGCGAGTCCCCGGCAGCCCCCGACCCCTCCCTCGGCGCTGCGTGTAGGCCGCGCCCTCAGGCCCAGTCCGCGGTGCCCCGGCGGGTG,19.774847884496033,4.305594691879878
4255,ENST00000434457.6,ENSG00000137145.20,DENND4C,19230435,19373545,6.791058284134938,6718,5871.5,513.898,1.97192,GGAGGAAAGGGAGAGGGAGGGGGAAAAGAAAGTGCTGTTTTGTGGAAAGGGGCGGAAGGCGGGGGAGAAAAAGGGAACAGAAACATGGCGGTCAGGTCTTGGGACGGCTGCGCCGCGGGCAGCTCCTAGGCGACGCGCCGCCCGCACTGTCCGACGGCTCACAGCGCGGAGGCACCCGCGCGGGCCAGCGCTCCGGCCATCGCCCCTGGCTGTAGGCGGCGCCCCTCGGAGACCCTGCCCGCGAGGCGGCGCAGGCGCAGACCGGACTGAGGCGGCGGCGGCCGCTGGAGCTAGTCCCCCGCCCTGCCCTGCCGAGCGCGCCCAGTCCGCGAATCCGGTGCTTTCTTGCCCCAGGAAGAAGCCGTGTCGGGGCTGCGCTGACAGAGGAGCAGGCAGCAGAAAATACAGTAGCAGCC,3.443881234601271,1.7840353909327278
4256,ENST00000380172.8,ENSG00000099810.18,MTAP,21802543,22121097,58.034738684492766,6122,5211.72,510.732,2.20787,GATTTGGGGAAGGGGTGGCGGGGGAGATCCCACACAAGCAGCCAATCCAGCTGTCCCGGGGAGGAAGAGGAGGAGTCAAGGCCCGCCCCTGGTCTCCGCACTGCTCACTCCCGCGCAGTGAGGTTGGCACAGCCACCGCTCTGTGGCTCGCTTGGTTCCCTTAGTCCCGAGCGCTCGCCCACTGCAGATTCCTTTCCCGTGCAGAC,26.28539664223562,4.716189599988091
4257,ENST00000330899.4,ENSG00000086061.15,DNAJA1,33025211,33039907,260.8686094278565,2381,2063.64,3802.45,41.5137,GGACTTCCGGCGGGTGACGCGCCCGGGTTCGGCTACAAAAGAGGACGGCTGCGGCGCGCCGGGCGGAACTTTCCAGAACGCTCGGTGAGAGGCGGAGGAGCGGTAACTACCCCGGCTGCGCACAGCTCGGCGCTCCTTCCCGCTCCCTCACACACCGGCCTCAGCCCGCACCGGCAGTAGAAG,6.283916139198782,2.6516639275497838
4258,ENST00000223500.8,ENSG00000086065.13,CHMP5,33264879,33282069,90.20406261970524,1477,1020.82,972.194,21.4568,AATCCGGAAAAAGAATCGGGAAACGCCAGGAGGCATATTGCGCTTGCGCACGGAGGGGCCGGAAGTCGAGGCGGGAGTGACTCTGCTTCCGTTTCTGGTTTTGCTCTAGTGTTTGGGTTTCTTCGCGGCTGCTCAAG,4.20398487284708,2.0717574780755994
4259,ENST00000379540.7,ENSG00000086102.18,NFX1,33290511,33371157,6.363201247561736,4604,4798.52,800.692,3.75941,CACGTGACCTGGTGACAGTGCTGACTTGGCTGTACAGCTCGATCTAGGTTCTGCGGCACGGG,1.6926063524759831,0.7592464863079107
4261,ENST00000290943.10,ENSG00000230453.9,ANKRD18B,33524394,33573009,1.040845683216716,3773,2686.9,333.204,2.79397,GGGGGATCTCGAATTTGGAGCTGGGTGGGGGTGGAAAGGCCACGAGGAGCCGCGGCGTCTCAGGAGCGGGTGGTGGGCATCTGAGAAGTCGCCACC,0.37253287730960466,-1.4245603408872016
4262,ENST00000263228.3,ENSG00000107341.4,UBE2R2,33817567,33920404,71.17608370492366,4075,4160.97,1249.0,6.76286,TCGTGTGTGAGGAGGACCCCGGGCGGGCCCACGGGCCGTGTGGGGCCTGGTCTGGCCCGCCGGGTGTGTGAAGACCGGGGCCCGGTGCTGCCCGGCCGGAGGGCGAGCGGAGGGGAGGGGCCTGGTCCGGCCCGGCCGGTGCGTGAGGACTGGGGCCCGGGCCCGGCGCCGCCGCCGCCGCCGCCGCCGCG,10.524553769399878,3.395687160642559
4263,ENST00000297661.8,ENSG00000165006.13,UBAP1,34179005,34252523,15.86755587291058,2735,3237.72,508.874,3.54105,AAATGAGTGGGGCGGTGAGGGGAAGGAGGAGGGAAGTAGGACTTCAACATGGCGGCTGCGGCACTGGCGGTGGCTACGGTGACGGCCTGGCCCGGAGCGGGCAGAGTTGGAGGTGGTGGCGTTCGCTCTCCCTAGGGGCTGTCGGGAGCTCAGCGGGGACCGAGCCTGGGAGGCCGGCCGGTGCCAGCACCTTTCGGCTTCTGAGACGGCGGCAGCAGCGGCATTCAGGTTCTAA,4.481031296624047,2.1638308026623965
4264,ENST00000346365.8,ENSG00000164978.17,NUDT2,34329506,34343713,24.81344555254122,960,914.436,136.43,3.3614,CTATTGATGGGCCCAAGCGTAACCAGGCTCTTCTGATTGGCCGGTGTACTTCAGTTTCCGTCCAAGGTCCGCCTCCTACCTCCTTCTGCTTCGGTGCGTTTGCTTCTGAGGATCTCCAGTGTCACAACAAACACATGCCAGCCCTGTTTTACAGGGAGCCCTGGAGGAGTTGGGATAGAGGCCACATTGACTGAGGGTAGTTGCCAGGGTCCTGCAGTTATACACAAAGTCCTTAGGATAAGACC,7.381878250889874,2.8839879434510545
4265,ENST00000378495.7,ENSG00000198722.14,UNC13B,35161992,35405338,4.269943451626057,6303,7559.71,572.302,1.70562,CCCAGCCTGCCGGCCGGTACTCACCGCTACCCGGAGTTCGCTCAGACGGTGAGATTTGGGGCGGGTCCGAGGCAGCGGCGGGACGCTACCTGCGACCGGGACCATGAGGAGCTGCCAGACCCGTGGGGCCGGTAACGAGAGCAGTCGCGGCACCTGCTGAGAGGAAAGAGGGAGCGGTCCGGCGCGGCTGGGGCGCGGCAGAGGCTTGCCCGATCCTCGGCC,2.5034553133910586,1.3239207035844414
4266,ENST00000353704.2,ENSG00000107175.11,CREB3,35732335,35737004,20.282485221374312,1832,2343.33,371.216,3.56907,GCGCAATCCGGAGAGGACGCCAGGACGACGCCCGAGTTCCCTTTCAGGCTAGAACTCTTCCTTTTTCTAGCTTGGGGTAGAAGGCGGAGCCGGAGCCCCGGAACCCCCGCCCTCGGGGTGCGAGGCGGCAGCAGGGCCGTCCCCTACATTTGCATAGCCCCTGGGACGTGGCGCTGCACCCAAGCCTCTTCTCAGTTGGAGGGAACTCCAAGTCCCACAGTGCCACGGGGTGGGGTGCGTCACTTTCGCTGCGTTGGAGGCTGAGGAGAATTGAGCCTGGGAGGCGGGTCCGGAGAGGGCTATGGAAAGCCGCCGGCGGGGAATCCCGGCCGTAGAGGGACAGTGGATAGGTGCCCGAGGCCTACAGCTGGCCTGGGGCTCGTGTCTGGGCTTCGGACGTTGGGGCCCGGTGGCCCACCCTTTCCGTAGTTGTCCCAA,5.682848815342459,2.5066143349111543
4268,ENST00000378078.4,ENSG00000107185.9,RGP1,35749287,35758575,12.006052114990514,7018,9352.33,916.561,2.20802,AGTCCCGCCTCTACCGCCCAGCGGACGCCGCCGCCGCCGCCGCCGCCGCGTACCTAGCCAGGTCCCTGAGGGGCGGGCAGATGAGGCCTAGGGGTGCCGATCCCTAGTGTCGACTATGCGAGATCTGATTCCGGAGCTGCC,5.437474350318618,2.442936690376469
4269,ENST00000377960.8,ENSG00000122694.15,GLIPR2,36136536,36163913,9.341989236146404,1890,2171.53,133.783,1.38803,AGCCGCGGGGAGCGAGGAGCGCGCGGAGCCGGCC,6.730394325876532,2.7506910331150705
4270,ENST00000345519.9,ENSG00000122705.16,CLTA,36190856,36304781,221.6068145020787,1073,984.915,1461.58,33.4339,GCTTTACCCGTCTCCCTCCTGGCGCTTGTCCTCCTCTCCCAGTCGGCACCACAGCGGTGGCTGCCGGGCGTGGTGTCGGTGGGTCGGTTGGTTTTTGTCTCACCGTTGGTGTCCGTGCCGTTCAGTTGCCCGCC,6.628207134138664,2.7286186880640875
4273,ENST00000543751.5,ENSG00000165304.7,MELK,36572862,36677683,129.2778717360813,2400,2179.97,137.182,1.41778,GAGATTTGATTCCCTTGGCGGGCGGAAGCGGCCACAACCCGGCGATCGAAAAGATTCTTAGGAACGCCGTACCAGCCGCGTCTCTCAGGACAGCAGGCCCCTGTCCTTCTGTCGGGCGCCGCTCAGCCGTGCCCTCCGCCCCTCAGGTTCTTTTTCTAATTCCAAATAAACTTGCAAGAGGACTATGAAAGATT,91.18330893092109,6.510697858681093
4275,ENST00000336755.9,ENSG00000147905.17,ZCCHC7,37120539,37358149,10.406473687535314,2619,2127.66,400.207,4.23784,CTCCTTACCTCATTTGTCCTCGCCCCTCCCCGTCCCTCTACGCGTTTTGGTTCCCGGTTGGTGCTTCCTGTTCGCAGCTGCGGCACTTCAAGGTTACTGACTTTTT,2.455607971876077,1.2960802585200055
4276,ENST00000318158.10,ENSG00000137106.17,GRHPR,37422666,37436990,73.87722133821626,1280,1612.17,350.683,4.90079,ACTCCAGCCTGGCCCCGCCCCGGCCCAGCTACATTCCCGGGCCAGCTTCTGTACTGCCAGGTCCGGGTCGGCGGCTGCACTGCGG,15.074553559368237,3.9140433714921423
4277,ENST00000377798.8,ENSG00000137054.15,POLR1E,37485935,37503697,37.24409871015754,1868,1839.34,379.751,4.65156,GGCGGGGCCACGCCTTTTCCGGCCCGCAGCGCGGCCTGGGCTCCCGCGTGTTTAAAAGTGCGCTTGTGGCTGCTGCTGTCTTAACTCCTGTGCTTGGCGGACAGACAGGCGAG,8.00679744218231,3.001225309029125
4278,ENST00000297994.3,ENSG00000165275.9,TRMT10B,37753803,37778972,4.750566838192996,2281,2174.89,191.79,1.98679,CGCGCCGCTGCCGCTGCGTGGGGGTGAGGGGATCAGTCTGGTGGAAAGGACAGAGGACTAAGTCC,2.3910764792418906,1.2576602757870652
4279,ENST00000377698.3,ENSG00000137124.7,ALDH1B1,38392664,38398661,108.14422165190469,3066,3647.64,754.647,4.66116,AGGCGGAGCCTCATTGGCCGCTGAGCCCCGGGCTGCGCGGAGGCGGGACCTGCGGCCAGCCCTGGGCGGCCATGTGGACAGAGCTGGGAGGGCCGGAACCAGAACCCAAGCGTGATCCTGAACCGGAGCCCGAGCCTGCTGCAGAGTGTCAGC,23.201139126720534,4.536123735245639
4280,ENST00000394264.4,ENSG00000187866.7,FAM122A,68705414,69009176,21.38827723700757,4554,3761.54,401.0,2.40182,GCCCGCTGACAGATTCTCGGTGGCGGCGGCAGCGGCGGCGGCCCTGGACTGCGGGGAATGGGAATCCTAGGTCCCTGACTGAGCACCTCCCCCGCCTCCCTGCCCCCGAC,8.905029201608603,3.1546203422586
4281,ENST00000396366.6,ENSG00000165060.11,FXN,69035259,69100178,17.2069567307101,922,850.278,62.1829,1.64768,GGGCGGCAGACCCGGAGCAGC,10.443142315686359,3.384483975487141
4282,ENST00000377245.8,ENSG00000119139.17,TJP2,69121264,69255208,15.758437840701788,4611,5637.9,354.909,1.41828,GCGGAGGCGCCACGCTCGGGTCGGGGGCGGGCTGACGCCGCCGCCGCCGCGGGAGGAGGGACAAAGGGGTGGGTCCCCGCGGGTCGGCACCCCGGCGGTTGGGCTGCGGGTCAGAGCACTGTCCGGTGGTGCCCAGGAGGAGTAGGAGCAGGAGCAGAAGCAGAAGCGGGGTCCGGAGCTGCGCGCCTACGCGGGACCTGTGTCCGAA,11.110949770638934,3.473910239321396
4283,ENST00000361138.6,ENSG00000198887.8,SMC5,70258962,70354888,15.186160388554685,5980,4359.59,1265.7,6.54104,GGTAACAGTTCGCGGCAGTTCGCGCGGGAGCGGGGCGCCTGGGTGGATGGGCGCTTGGGCGCCTGGGCTGCCGGACGGTGGGAACGGAAGTCGCTGTGGGACGCTGAGGAAGCCAGG,2.321673677053601,1.215165208387581
4284,ENST00000334731.6,ENSG00000155621.14,C9orf85,71911510,71986054,9.357152519186403,1279,945.276,94.6058,2.25487,GGGAGGGCAGAGCGATGCTCTTTGACCTCCCAGAAGAGTCACGTGGGCTGACCCAGAGCCGGGGCGGAAAGGCTGCGTTTGTTTCTTCCGGGTCATTGACAGAAGCGTCAATTCCTGGGAGTAGTTCGTTGGTTTTCTTTCCCCTCATCCTTTTGCCTGCTCCCGGCGAGGGGTGGCTTTGATTTCGGCG,4.149752544131769,2.0530253089901547
4285,ENST00000257497.10,ENSG00000135046.13,ANXA1,73151757,73170393,10.995966210306236,1509,1173.81,341.633,6.55727,AGCTGAGCCATGTACTTCAAACAGAAGGCAGCCAATTACTAACTTCTGGTTGCTAGGTGTGGCTTCCTTTAAAATCCTATAAAATCAGAAGCCCAAGTCTCCACTGCCAGTGTGAAATCTTCAGAGAAGAATTTCTCTTTAGTTCTTTGCAAGAAGGTAGAGATAAAGACACTTTTTCAAAA,1.6769122226637359,0.7458071735522129
4286,ENST00000346234.6,ENSG00000134996.11,OSTF1,75088543,75147265,26.279509639509627,1319,954.061,173.0,4.08538,CTCTTCCCGCAGCCAAGGGTGGGCGCCGGTCCTAGGAGGCGCACGGTTGTAAGCCAGACAAAAAGAACTGGGGTGCCCGGAGTGCCAGGTGGCGGGCAAGCGGTGGGCTTTTCGGCGGGGTCTTTAGGATTTGCAGCTCCAGGAAGCGAG,6.432574115384524,2.6853961746223804
4287,ENST00000376634.8,ENSG00000197969.11,VPS13A,77177353,77421541,5.030870474944047,10269,7994.45,408.461,1.15113,AGGCGATGGGGAGGAGGCGGGGCCGACAGGAAAGAGGAGCCGGGCTCGGCGCGAAAAGGGCACCCTCCAGAGCCGCGGCCGCGCAGCCGCCTTTCCTCCCTCTCAGGGCTGCGCGCCCAGGTCTGCGCCGCGCTCCGCCTCCAGCCGCGCGCAGACTTGCGCACGCGTCGTGAGAGCGACCGCCTCCGTCTCTCGCTGGGCTCGCTAGGGCTGCGCGTTGGGCCAGCGGGGGCGCCGCAGCTGAAGCCGCCCCGGAGCCGGTGAACCGAATTACCTCGAGGGAGGGGCGTGGGGAAGGCGGCGGGAGGAGGAGCGCACGGGCCGGCTGCCGTGCCCACCACGGCTGAGGAAC,4.3703756091354125,2.127757276556568
4289,ENST00000424347.6,ENSG00000148019.12,CEP78,78236062,78279690,5.842983112283641,11198,9536.05,653.532,1.54405,GGCACCGCCCACCGGCTTGAATCCCGGCGCCTCAGAGGACTATGAGGCGGGCGCCAACTGCTTGGGCCGCAGGGCGGGAGGCAGCGCGGGAGTGGGGCGTTGAGGGGCCGGCCTAGCTTGGGGCTCTGGCCTTGCGTCTTCCGACCGAATCACCGCTCCTGAGCCCGGTGCGGGGCTGCCGCTATCGCCTGGCCGTGGGTGCCGGAGCGGCCGGGTTGCGACTCAGCGTTCTTGGGTGGGCGCGGGCGGCGTCTCCGCGGCGGGCATCCCCCGAGGCCGCCCTCGGGCC,3.7841929421221083,1.9199856482826019
4290,ENST00000376588.3,ENSG00000135069.13,PSAT1,78297143,78330093,125.62460072852625,2188,1916.11,1516.05,17.826,GGCCAGGAACGCCAGCCGTTCACGCGTTCGGTCCTCCTTGGCTGACTCACCGCCCTGGCCGCCGCACC,7.047268076322577,2.817064094875166
4291,ENST00000376552.6,ENSG00000106829.18,TLE4,79571773,79726882,10.646622825829642,3695,4255.62,189.949,1.00562,GGAGAGCTCGCCAGAGCGCTCGCATGGCGGGCCGGTGATTGTAGTCAATCTGGCCGTATTCTCAGGCAGGGTCGCCCGGGGCGGACTACATCTCCCGGGATGCTGCGCGGCCGCCCCGCGGAAGATTGTGAATATGTATCAGAATGTTAATGATTAGCTGCTGCTAAATTTGGTCAAAGAAGTCACCTACACAGAGCGTGTTGTTAGAGCTGTGCTGAGCGGGTGTTTGGGTTGTTGGCTGCTTTCTTCCCCCTTTCTCACACACTTGTATATTATTTTGAGGTGGTGTTCGCAGAGTTTGAAAGGAGAGAGAATTAAAAAAAAAAGCCGCAAGCGTTTCACTCTTTTATTTTTATAATCCCCTTCAATTTGGGGTTAAAAAAAAGACAAGAAAACAGGAAGGAAGAGAAATAAGGAAATGAGATGTGGTAAAAGAAGCTAAAAGGTGCCTTTTAAAAGATCGTTGCTGTGAAGTGAAAAAAATCTCCAGAGAAACCAAAAAGCACCGCCGAGACCTCTTCCGAACCAAAGGAGTTTGTGTTTGCTTTTAGGGAAGAAGAAAGATCATTCATTCGGAGGAATAACAACCAATTAAAAGACAAATAAAAAAAGTTTGGAGTGGGACGCAGAGCGAGCGAGAGGAGCTGCCGGCGGGCGGTGGGGCGCGGAGCCCGCACTTTCCCGGCCGGGTGAGCGGCGGCCGCGGCGCCGGGCTCGGCGGGTGCGCCTCGGCGGAGCGAACGTCGGAGCGTTGCCTTGGGAGACGCGCGCCGGACAATGCCCGCGGCGGGCCAGTGACGCCCGCGGGGAATGCGGAGCGGCCCGGCAGCCGGCACCCAGCCGCCGCCGCGCGTTCCTGCCGCCCGTGTCACGCGAGACCCGGCGGGGGCCGGGACCGCCCGAGCCGCCCCTCAGACCGAGCCGGCCGCCTCCGCTGCCGCGGCCGCCTCCTCTTCGGGGTCATTAAAGCCAATGAGCCGCGCGCCTCTGCCGAGCGCAGCCAACTAAATCGGCTTGG,10.587123193482272,3.4042387183699057
4292,ENST00000325875.7,ENSG00000178966.16,RMI1,83980711,84004074,24.07770297581913,3420,2498.94,234.427,2.11355,AAAAAGGAACTGGGAGCGCGCCGCGGCGGTTCCTGTCCTTACAGTTGCGCTGCCCAGGGACCGATGTTGCGCGAGGAAAATGCGGGACGCCCAGGTCGGTGCTCGGCCCAGACTTATGCCCGTGTTTTCACAGCCCACACTCGTGCCCGAAGCCCCTTACCCCGCCCCGGGCTGTGGTCTGTGGGCTGTGGGACGAGCTGCGGCGCGGGCCATTTCTGAGCAGTGGAGGTTTCAAGTAATCCACTAACAACCAGTTCCAAATTCTGTCATCAAATCCTGTGCTGCTGTTCCTCGTGGTAATAGATGCATATTATTTCTTTTATTTAAAAGAA,11.392066890217468,3.509957617327986
4293,ENST00000361671.9,ENSG00000135040.15,NAA35,85941146,86022298,34.7840231888618,2649,2127.99,943.049,9.98451,ATACGCATGCGTGCACGCTGCCGGTCGGGCTGGGCTGAGAGGGGAGGGGGCGGCGGCGGCCGAGGCGGCGTCGTTATTTCCGTGGTCCGGACAGTGCGTGGCGGCGCGGGTGACCACGGGAGAAGTAGGCATA,3.4837987231082748,1.8006612744643953
4294,ENST00000375859.3,ENSG00000106723.16,SPIN1,88388419,88478694,80.92202822252857,4484,4146.22,1448.15,7.86907,TCCGCGGCGAGGGAGCGGGGGCGGGGAGGCGCCGTCTGGCTCAGGCTGGGGCCGGCGGGAGCGCGAACGAGCGACGGCGGAACCCGTGGGCCTGTGGACTGCAGCCTCGGCGGTCAGCAGAGTGCTTGTGATTTCACGTATTTTTGCTGAACTCGTAAAAGAGACACTTGGATGGTGGATTAACCAGAACACTAACATTCTGTGAAAAGTTTCAAATTGGAGAATATTGAATTTTCACCCTAGTCCAGCAGCTCCGCTGCTCACTTAAATACAGATGA,10.28355678911594,3.3622674328161195
4296,ENST00000314355.6,ENSG00000123975.4,CKS2,89311198,89316703,595.9931888200639,613,362.603,978.0,60.7672,AGTCTCCGGCGAGTTGTTGCCTGGGCTGGACGTGGTTTTGTCTGCTGCGCCCGCTCTTCGCGCTCTCGTTTCATTTTCTGCAGCGCGCCAGCAGG,9.807810608684683,3.293931120489799
4297,ENST00000375807.7,ENSG00000187742.14,SECISBP2,89318506,89359662,8.007220625483818,3462,3540.37,516.795,3.28876,GCTTTGTCTGTCCGGCAAGCCGACGGCCCGCTGCTGGCCTCCGTGACGCGGCCTCCTCCGCGCCTCGCGGC,2.434723307715923,1.2837578276391852
4298,ENST00000375754.8,ENSG00000165025.14,SYK,90801787,90898549,10.667609900959713,5005,5876.87,378.001,1.44913,GAGGAAGAGCCGCGGGCCCGGCGGCTGAGGCCACCCCGGCGGCGGCTGGAGAGCGAGGAGGAGCGGGTGGCCCCGCGCTGCGCCCGCCCTCGCCTCACCTGGCGCAGGTGGACACCTGCGCAGGTGTGTGCCCTCCGGCCCCTGAAGC,7.361389178996855,2.879978045159132
4299,ENST00000375464.6,ENSG00000165233.17,CARD19,93096218,93113283,25.823406488997197,855,941.514,52.8713,1.26519,AAAAGGGGCGGGCGAGCACGGCCCGCGGGCGGCGTTCGCTGGAGCTGGTGGACCGGGCGGCTGACCGAGGGGCGGACGCGCGGCGGGGCAGACCGCTGGGGACTGCGGGCGGCGCTGTGTCCGTCGCC,20.41069443245457,4.351253362863836
4300,ENST00000277165.10,ENSG00000048828.16,FAM120A,93451722,93566107,26.15400019029366,5118,5748.38,2633.41,10.3213,GTCCCTCCCCAGACATGGCCCTGGGAGGCGGCAGCACATGGCGGCCGCGGCGGCCATGAGCGCGCCCCCGACCCGCCCCAGTCCCCCCTAGAGGCCGCCGCCCCCGCCCGCCAGCCCGCCCGCGCGCCACGGCCCCACCACCCCCGGCCCCGCCGCCCCCCGCCCGCACCCGCGCCCGCGCCCCCGCCGCCGCC,2.5339831407180937,1.3414069258665235
4301,ENST00000359246.8,ENSG00000197724.10,PHF2,93576407,93679587,4.597903583720656,5569,7379.97,586.194,1.78957,GGCCGCTCGGCGGCCGGGGGTCCCTTCGGTGGGGCCGCGGCTCCCCGCCCGCCGCCCCCGCGCGTCCATTCCCTTTTGTGTCCCGCGCGCGGCCCGTCCCCCGCGCACACTAGCGCCCTGAGCCCCGCGGGCCGGCGGGCGGCTCCCGGCGCGGCCCCTCCAGCCAGCGCGCCCGGCATTGTGTGGACGCGCCTGGCCGGGAGCGCGCGCGGGGGCTGTCGTGCGCCCCCGTCCCCGTCCCCTCCCGGCCGCGGCGCCGCCTGCGCCCCGCCGCCCCCGCCGCCCCCGCGCGGCCCGGCCCCCGGCCCGGCCCGGACCGACCCGGGCAGCGCAGCGGCGGGGCCGAGCGGCGGCGCGGCGCGGCAAC,2.569278420917123,1.3613632369540698
4302,ENST00000375344.7,ENSG00000148110.15,MFSD14B,94374551,94461042,21.08397245441994,3420,3226.91,729.266,5.09168,CCCGCCCCTGACGCCGCCGGTAACTGCGAGAGTCGGGGTCGGTGCGGTTTGATAAGTGGTCGGTTCCTGGAGCTGCGGTCTTCTGCTAGCCTGATCCGCAGCTTCAGCCTCCGCCGCCTCCTCAGCCCTCGGCGCCGCCGCTGGCGCCGCCGCCTGACCCGCAGGCCGCCGCGGGCCGCAGAGCCCATGAGGGCGCGGGCACCGCCGCCGCCTCCGCGGCGTCGCCGTCGTCCCGGAGCGCCCCGGGCTGGCGCGGGCATGGCCGCGGC,4.140867543604457,2.0499330551006256
4303,ENST00000375249.4,ENSG00000130956.13,HABP4,96450201,96491336,7.91799278687129,2615,2856.34,150.556,1.18754,TGGGTCCTGGCCGCCGGCTTCGCTGAGACGCGCTCGCGTGGGCTGCCCTCCCGGGCCCGCAGTGGTCGCGGCGGC,6.667558808015974,2.737158644434447
4304,ENST00000355295.4,ENSG00000196116.7,TDRD7,97411950,97496125,8.081276085296947,3834,3487.64,466.853,3.01585,GGCGACGGTTTCCCTTCCCACGCGCGGACGCCGGCGTGGGCCGACGCGGCCGGAGCGCCCGCGCGTGCGCAGAGCCGAGGCCAGGCTGCCCTCGAAGCGGGGCGGGGCGAAGCGGGGCGGGGCCGAGCAGGGCGGGGCGGGGGCTTGAGGTGATTCCCAAGCCGCGGGGCGGCTCCGGTGGTGCGGGGAAACCGAAAGTGGGCGGCGGCCGCGGCGGGGCCCCTGGCGGAGACGGCGGCAGGAGCTGGGCCCAGAGACGCGGGGACGGGCCGTGGGCCCCCGGAACGAGGCAAAG,2.679601467346502,1.4220184470124448
4305,ENST00000259365.8,ENSG00000136842.13,TMOD1,97501180,97601748,14.155090221132436,3343,3442.94,577.485,3.77897,AGCTCCCGCCCGCCCGCGGCCGCCCGGGAGCTCGTCCAGCCCCGCGCTGCGCTCGCCCGCCCGCTGCCCGCCGGAGCACCGCGGCCTCCGCCCGCGTCCATCTGCCCGCCGCCCGCGCCTGTTCCGCAGCCCGCGTCCGCGCCGGCCCCACAGCTCTGCGTCCGGGTATTACTCAGCACAGAAATTCAGGAGACACAGACAAGTTCTTCCACG,3.7457535310236483,1.90525597398882
4306,ENST00000375147.7,ENSG00000136937.12,NCBP1,97633626,97673748,63.59314875014342,5178,4458.45,1914.46,9.6744,GGCGGAGGCAGCCCGAGGGGGCGGTTGCATGTGTGCCAGACGTTCGTAGCCCACTGAGCTTCCTCACGCCGGCTGTCGCAGCGCCTAGCCCCACCCGGCGGCCTCTCCTGCGCTTCCGGGGCCGTGGCGAGCTAGTGCGCCTGCGTGCCGGCCCATCCGCGCGCCTTGCAGCTGTCCTTGCGTCGGCCAGCGGCCAGACAGTTCCTGCAGCGCTTACCGCCTGGCCTCTCGGTTCCGCGGCGCACCGGAGGGCAGC,6.573342920506017,2.716627250043755
4307,ENST00000339399.4,ENSG00000136938.8,ANP32B,97983361,98015943,171.11814434864826,1463,1275.05,3384.5,59.804,CTCCGCTCCCGTGAGTAACTTGGCTCCGGGGGCTCCGCTCGCCTGCCCGCACGCCGCCCGCCACCCAGGACCGCGCCGCCGGCCTCCGCCGCTAGCAAACCCTTCCGACGGCCCTCGCTGCGCAAGCCGGGACGCCTCTCCCCCCTCCGCCCCCGCCGCGGAAAGTTAAGTTTGAAGAGGGGGGAAGAGGGGAAC,2.861316038202265,1.5166788550767154
4308,ENST00000210444.5,ENSG00000095380.10,NANS,98056739,98083075,111.3174749956858,1170,1271.82,836.256,14.8141,AGAGTAGAGGCGGCGGCGGCGGCGGCCGGACCCAGACTGGTAGTGAGGCTTTGGACCCCGAGCCGCTGCA,7.51429212680391,2.9096372035094986
4309,ENST00000223641.4,ENSG00000106803.9,SEC61B,99222064,99230615,223.28118035711725,545,311.853,586.981,42.4068,CTTTCGGGGGCTCCGTAACTTTCTATCCGTCCGCGTCAGCGCCTTGCCACCCTCATCTCCAAT,5.265221152200055,2.396494129253206
4310,ENST00000259400.10,ENSG00000136874.10,STX17,99906633,99970341,17.94701030759389,2713,2507.2,378.233,3.39885,CTCGTGATGCCCCGCCCCGTCGCTCCTGCGCCTGCGCCGTGCCCACCGACCGGCCTCGAGCGCCCCGGCGGGAGGTTTTTCTATATGAGTGGAGAAGACAGCTGTTACCAGGGAGGTCATACAACATTTTTTTAGG,5.280318433468346,2.400624934987717
4311,ENST00000262457.6,ENSG00000119509.12,INVS,100099256,100301000,2.164187196054532,3709,4029.54,214.205,1.19767,GCCGAAAGCCTCGGGCGGCCTTTTGAGGGGCTCGGCTAGCTTCAGCGCCGTGGGGTCTGACCTGGCTGGATATAGTGTACCGGCCCGGCAGGAGGGGCGGCCCGGTCCGGGTTGCGCCTCCTGGAGCCGCCCCCGGGACGTCAGTCCTGGAGGAGGCGAGGGTTGCTCCGGTTGCTAAGAAGACT,1.806997917668917,0.8535948436842735
4312,ENST00000395067.6,ENSG00000066697.14,MSANTD3,100427156,100577636,5.550102734211399,1362,1249.75,177.678,3.20312,ACGGACCGGCAGGCGGCGGGCGGTCCGCGAGGGGGCGGCGGCGTCCGGGCTTTGTGGCCGCGGCGCGCGCGGCGGGGCCTGGCCGGCCGGGGGCGCGCCGCCGCCGCCGCCGCCGCCCGGCGTTCGGGAGCCCGCGGCCCTCCCGGCCGCCCTGCTTGCGAGAGGAGCCCAGGCCGCCCGCCCTCGCGCCTCGCCGGCCCCTCCCCCGGTCGCCGCGGCTGCCGCGCCGCCGCTGCAGGATAGCTAGCGGCCAGGAGAAATACAGTGGAAA,1.732717704679,0.79303662897363
4313,ENST00000374879.4,ENSG00000241697.4,TMEFF1,100427156,100577636,18.591940724545644,2611,2159.22,140.997,1.47121,CGGCTCCGTCACGCGCCCCTCACCGGGCGGGCCGGGGTCTTTGTGACGCGGTGGCAACGGCCACGGACACAAAGGGAAGGCGAGGAGGCGAGCAAGAGGCTGGGCCTGCCTCCGGCCCGCGACCCCCGCCCGCCGCGCGCGCGCCCGCCCGCTCCCCTCGCCGCGGTGTCCCCCACGCCGGCTCGCACCCTCGCGCGCACCCTTGCGCGCCCGCGACCCTCGCACGCGCCCGGACCCGCCGACTCCGTCCCGAGCGCCGCGGGCCCGGGCCTGGCGGACGCTGCGGGTGGGGCGGGGATGCTGACGGGCTGCTCCCCGGCTCAGCGGCGCGGCTGCTAGGAGGCACCGAGGCAGCGGCGGGGCTCTGGGCGCGCGGCTGGATGCCCCCGGCCTGCGGCTCCCTGCGCTTCCCGCCGTCCAGGGGCACCAGTC,12.637176694384653,3.6596022780246003
4314,ENST00000374861.7,ENSG00000136870.10,ZNF189,101398873,101410660,2.943203437267885,3134,2890.6,165.09,1.28675,AAGGAGGAGGAACTGGCAGCGGGGAGGAGGCTCTAGCGAGGCCTGAAAGGCTGCGTAACCAGGCAGGAGTAGGGGTTGGGGTTCGGGGTTGGGGGACAGCCAGGGATCGCGTCTGATATGCTGTTGGGGTCGTGACCGTCTGGGGGCCGAGGCAGGCACTGGCCAGACCCAGCCAGGGATCCTCGTATTCGTCGAGCCTAATTTCCAGCAGCCGGGTAGGCCTCACCAGAGGCTCCTTTCCGTGAGGCCGCCCCCAATTCCTGCCCCTATTCTCTGCCTGGGAG,2.2873156691415466,1.1936554837548714
4315,ENST00000389120.7,ENSG00000155827.11,RNF20,101533851,101563344,18.425188467859247,3940,3790.46,771.058,4.58307,GGAAGTTCTGCCTTGTCTCCGCCGCGGGTCAGGGGTGAGAGCTGGAATCTCTGCACGGGCCTTGGAAAACGACTGTCTTCTTCTGCCAAA,4.02027210316649,2.0072931503106135
4316,ENST00000286398.11,ENSG00000136824.18,SMC2,104094260,104141417,66.08769390842373,5992,4615.37,534.79,2.61059,CACAGGAAATAAGCAATGGAGGTGGGGTCCTTTGCTCGCGCCGAAATTCAAAGGAATAAATAGTTCCGGCGCGGGTGTTGAGAGCGGTGTGGCAGGTGTTGTAGCCGCTATGGTGAAGTTCGCTTTGTAGCGGCCCCGGCTAGAGAGTTGTTCTGTTCCCTGCCTTTGTGACCCGGAGGAGCTTTTGGGGTGCGTCAAGCCCCTGGCCTGAGGCAGCGGTGGTGGTATTTCTGTTTCGTACAGAACTGGTTTGTGGCCTGTTTGATTCCTGTCAGAGGTTTGCTGACCCAAGACAGTATCGAAA,25.315232919923744,4.661933853117825
4317,ENST00000374767.4,ENSG00000136783.9,NIPSNAP3A,104747688,104760122,46.87463324148402,1633,1039.53,295.953,6.41428,GCGTCTGCCAATGATCCAGGAGCCGCTCCTTTCCACTCGGGAAACCTTCAGAGGAGTCTCAGAAAGGACACGGCTGGCTGCTTTTCTCAGCGCCGAAGCCGCGCC,7.3078557907487705,2.869448164887082
4318,ENST00000374720.7,ENSG00000070214.15,SLC44A1,105244622,105439171,23.279672232513896,10511,8982.53,937.054,2.35032,AGCAGCTGCTGCAGCAGGAGCAGAGCAGGAGACGCGTAGCCGCCGTCGCCGCCGCCGGGGGATGTGGCCGGCGCCTGCCTCTAGCCGCGCCGCCTCTTGAGTACCAGCCGCCGCTGCAGCCGCCGCCGCCGCCTAGCCGTGCGGTGCCAGGCCGCGCCCTCCCCGGGCGCCCGCCGGCTCGCATGCCGAGGGGCTCCGGGGCGTAGCTGCGCGCCCGGCGCCGCCTCCGGGCTCCTTCGGCCCCGCC,9.904894751571657,3.3081416452619243
4319,ENST00000374692.7,ENSG00000095209.11,TMEM38B,105694544,105776612,100.07191304371396,3525,2403.24,717.606,6.72746,GCTGGAGCCGGCGCGGAGGAGCGGGCGGCCGCGGCTGTGCCCTCTCCTACTCCTCACCGCGCGAGCGCGGGGAACCAGTAGCCGCGGCTGCTTCGGTTGCCGCGGTCGGTGGTCGTT,14.875140549882714,3.894831394881781
4320,ENST00000277225.9,ENSG00000148143.12,ZNF462,106863097,107013634,1.530242412208782,10414,11840.4,661.462,1.25864,GGAGAGGGAGGGAGGGAGAGAGAGAGAGAGGGAGAGAGACGGATATCTCAGGTCATCTGCAGCTGCAGCGAGTCTGAGGAGCCGAGGAAGGCAGGGAAGATGGCGATCCTCCATTGCTGAGACCCGGCAGAAGCACATGAGACTCCCAAACAACTTCCACAACAATAACCCGAGCAGGAAGAGGAGAAAGAGAAAGAGGATAAGGAGGCGGTGGGGCTGGAGAACCCGAAGCACCTCCCGGCGCCGGGACGCTTCTTCTGTTCCTAATGTGAGAGGCTAGACCCAGATC,1.2157903866147446,0.28189451639754837
4321,ENST00000358015.7,ENSG00000119318.12,RAD23B,107283137,107332194,413.4517640916512,4119,3866.44,569.09,3.31613,GAGTCACGATGATGGCGGCCACCATCCTGTGGTGAGCTAGCGGATTCCCTGCTTGTCTCGCCGACCCCCTCGCGCCTTCTGCAGACTCCGTGGCTGGCGCTCGGCGCGTGAGGAAGCACGGCGGCCCGAGTTCGCGGGGAAGGCCGCAGTCGCGGAGGCAGCGGCGCGGTCCGGGGCACGGGCTGGGGGAGAGGCCGCTCCGCTGGGCGAATGTGACAAGCCCCCACCCCCACCGCCTTCCTCCCCAGAGCGCGAGGAGCGCGGGCGACCCCGGGGCCCCGCCAGGCCACAGACCCCGCCCAGCGGCCAGCACCCGGCGCAGGCCCGGCAGCCGAGCTGCGCGGCGGCACC,124.67899753376715,6.962074650084225
4323,ENST00000322940.10,ENSG00000119328.11,FAM206A,108934181,108950744,12.75904614264152,2134,1959.73,397.182,4.56621,CTTACGGCGGCCGGCCTTCTTTGTAGGCCTGGCACCGTAGAGGTAGAGGAGCTACATTGGCCGCGTCCCCTGTCCCTCTGCCCTCTTGCCCATCTGCCCAAACTTTTGTATTTGATCTCTGTTTTGATGTCGAACCCCAAAGCACTGTAATTGGGGGGGGCGGGGGGGGGGGTGGAACCTGCGGACCTGAGAGCAGCGCGCGTGCGCACGACACGCGCTGTGCGCCGGAAGAGCACGCCCAGTCCGGGCTGCGCGGAGGAAGCGCTGGGGTCCCGGAGGGCGGGGGTGGCGGCGCCGGAGGTCGCC,2.794231133180804,1.4824513625161662
4324,ENST00000309235.5,ENSG00000173258.12,ZNF483,111525159,111577844,21.4436464870358,3655,3099.89,304.157,2.21062,CGTTGGTGCTGTTTGCGGATGCTGATGCAGTTTCTGCAGGACTGTAAACTGGATTCCTGGAACCTTTGATATTCCTGGCTGTGTATAGTGCCTGTTGGTGGACTGTACTGATACTCAACTAGAGTGTGAAGGGACTGGATTCCTGCCCCTGAGACACA,9.700286112961884,3.278027300667161
4325,ENST00000374279.3,ENSG00000148154.9,UGCG,111896766,111935369,33.68384830609276,4007,3427.9,418.96,2.75363,GGGGGCGGGACGCGCCGAGGAGTGGGGCGCGAGCCGCCGGTTTTGATTAGTGCGCGGAGCTGCGGCGGTGGAGCTGCTCGGCCGGGAGCCCGGCGGCGAGACGGAGAGGCGGCGGAGGTGCCCGCGCGCAGGGTCTGGTGGGCGGCCGCGAGGCTCGGGAGAGGCGAACCGGAGCGCGGGACCGCGGTCGCCCCGACCAGAGCCGGGAGACCGCAGCACCCGCAGCCGCCCGCGAGCGCGCCGAAGACAGCGCGCAGGCGAGAGCGCGCGGGCGGGGGCGCGCAGGCCCTGCCCGCCCCTTCCGTCCCCACCCCCCTCCGCCCTTTCCTCTCCCCACCTTCCTCTCGCCTCCCGCGCCCCCGCACCGGGCGCCCACCCTGTCCTCCTCCTGCGGGAGCGTTGTCCGTGTTGGCGGCCGCAGCGGGCCGGGCCGGTCCGGCGGGCCGGGGG,12.232525178071405,3.612650347144633
4326,ENST00000398805.7,ENSG00000119471.14,HSDL2,112379937,112472410,57.5777301520509,3350,2740.23,825.76,6.78936,AGGGACCAGGCTTGGGAGGCGACGAAGAGGAACGCTGGGCGCAGGAGGCCCACTGCATACGCAGGCGCACTCGGCGATCCCGGCTTTTCCGCGCGCAGTTCCCGCACAGGCATCGGGGGGGGCAGGGGCGGGGCAGGGGCGGGGATAAATGCGGAGGGACGGTCCAGCTTTAGCTCTCTGCTCGCCGCCGCCGCTGTCGCCGCCACCTCCTCTGATCTACGAAAGTC,8.480582875565723,3.0841634254947574
4327,ENST00000374244.3,ENSG00000165185.14,KIAA1958,112486847,112669397,4.98348325791847,2643,3312.25,172.814,1.17548,CCTCGCGCCCCTTCGGCCCGTCCCGTCCAGCCCGGGCTGCCCGGCTCTCGCAGGCCCCCCCGCGCCGACCGCGTTCCTATGGACAGACGCACAGACACCTGCAGGAGTGACACTGCTGATCCTGTAAC,4.23953045387286,2.0839044889911067
4328,ENST00000374232.7,ENSG00000148158.16,SNX30,112750838,112881671,9.72579182265453,7622,8254.3,548.0,1.49576,GCCGGCAGAGACCAGCCGGCGGGTGGCGGCGGCCCCCAGCACGGCCGGTGCAAGGCCTCGGGTTAAGCGGCGGCCGAGCGGGGCTCGGCCCGGGGTGCTCGGGGAGCTCGCCGCGGCGGGCAGCAGGAGGAAGCGGCGGCGGCGCGTCCCGAGCGGTGCGCGCC,6.502240882664686,2.700937003242751
4329,ENST00000374212.4,ENSG00000136868.10,SLC31A1,113221562,113264492,72.61884032450631,4744,4928.7,947.655,4.33191,GCGGTGGTGGACACGTCGAGCCGGGTAGAAGTGGAGGGGCCGTTCGAAGAGTCGTGAGGGGGTGACGGGTTAAGATTCGGAGAGAGAGGTGCTAGTGGCTGGACTTGACCTGGAAAGAATCTTCTGCTGACTCTCAACTTTTCCTGGAAAAA,16.763700151782082,4.067268716564822
4330,ENST00000374199.8,ENSG00000136875.12,PRPF4,113275343,113292905,37.74047914426304,3212,3400.75,606.331,4.01695,CAGAGTTCAGCCCCGAGCCGCGCGAGTCGACTCACCTACCTCTTTTCAAGCCGGCCTAGCCCCTTCCCGGAACCTCGGCTCCCCCCCAACGAAACTACTGCTAAGCCAACTGGACTACACTTCCCAGACTGCTTGGAGCCTCTCTCTCCGCAGAACCTCGTCTTCCGCGAGCTTTTCCTGGAGGTTCTAGGAGGGATGCCCCTCAATGCCACGACGCCATTTCCTACTACGACTTCCATCATGCTCCGCGCCGCTCCGGGGGCGGTGACCCCTCTTGGCCCACGTCTTGTCAGTGACGCACTTCCTGTCAGTGACGCACTTCCCCTCTGCTGGGCGCGCGGTGGACGGTCTGAAAGGGAGTGTTCGGGTTTCGCTGGGGCCTCGCGGCTCCAGAGCCCAGC,9.39530717192473,3.231940330157106
4332,ENST00000374050.3,ENSG00000136888.6,ATP6V1G1,114587746,114598373,275.61928591122296,1080,683.207,1448.99,47.7833,GCAAGCGCAGATTGTGGGCGGCTGTGTCAGCTGACCCAAGGGGCCTTCGAGGTGCCTTAGGCCGCTTGCCTTGCTCTCAGAATCGCTGCCGCC,5.7681090655359295,2.5280984438471488
4333,ENST00000373983.2,ENSG00000119401.10,TRIM32,116687302,116701300,23.215664871468785,3688,4024.18,205.137,1.14849,GGCAGGCGGGTGGGCTGCCGGCGGTGGACTCGTCGGAGCCGCGGGCGGTCAGGAATTTGACCCTCTAGGGCATGAATACTGTGCTGTTCAGTTCTGAGCTGTGCTAGCAATACCCTTCAAAGGAAGAGCA,20.214076632333573,4.337288398502982
4334,ENST00000373723.9,ENSG00000148187.17,MRRF,122264603,122331343,4.095287101346269,1176,987.15,68.4615,1.56252,CCGCCGTCGCACGAGTCTTTCCTTAGTAACCTGGGCGATAGCTGTGGATGTTTCCAAGGATTGTCTTCAGTC,2.6209501966990945,1.3900899398327218
4335,ENST00000373647.8,ENSG00000011454.16,RABGAP1,122940833,123104866,14.10886619427818,4997,4893.1,664.452,3.05944,GGGGACAGGGCGGTTTGGGAGGCCCAGGCGGCGGAGCCTCCGGGACGGCGAGCGGCGGGCGGCGGAGGAGGAGACGGCAGGTCGGGCATTAAAAAATATTTAATCATTCATGTGTTGAGACTCATTCTTGAGTT,4.611584536476669,2.205262544610729
4336,ENST00000394125.8,ENSG00000136933.16,RABEPK,125200542,125234158,24.098589724579192,1466,1548.81,149.38,2.17298,GGAGTCACGGCTCGCGACTGGCCTAAGTCGCCGCAGAACTGCCACGTGGGGATGAGATTTGCTGGGCTGGTAGCGGCGGCTGCTGCGGGAGGTCCCGCCCACGTGAAGCCAGCCTAACTGAGCTCTGGACTTTGGGGACAGCTGTCAGTGGCCTAGGCCGCAGGACACC,11.090111149011584,3.471201919658784
4338,ENST00000297933.10,ENSG00000165219.21,GAPVD1,125261794,125367207,29.752785303866357,6003,5469.54,439.608,1.81082,GTGGCGGTCCGACAGAGTCCTCCGTGTCCTCCCCCGCATGACCCCCTTGGGGTAAGTGTACTGGAGAGAGTTGGTTATACATTCTAGGAATCTCAAAGGGTCTGGCTCTGTCACCCAGGCTGGAGTGCAGTGACACGATCTCAGCTCACTGTAACCTCCGCCTCCCGGGTTCAAGCGATCCTCCCATCTGACCCTCCCAAGTAGCTGGCATTCAGTGATCAGCCTTTGAGCCTTTCCCACATTGAAG,16.430559251535964,4.0383096814252735
4339,ENST00000342287.9,ENSG00000167081.16,PBX3,125747345,125967377,1.0108011060329425,2755,2498.91,337.768,3.0453,CCTCCCCCTCCCCCTCCCCCTCTTTCTTCTCCTCCCTCGTCGCCGCCGCCGCCGCCGCCGCCTCAGCCTTCGCCTCAGCCGCCGCCCGCTCCCGCCCGCGCGCGGCGGG,0.3319216845739147,-1.591085210559059
4340,ENST00000361171.7,ENSG00000196814.14,MVB12B,126326849,126507041,6.651246496028183,4819,7106.21,368.092,1.16702,CGGTGAGGCTCGCGCTCGAGCTGCGGCGCCGGCTCCTGCCGCCTGGGCCCCGGGCCCGGCCCCTCCCGCGCCGCCCGGGCG,5.6993423386301725,2.5107954526919043
4341,ENST00000319119.4,ENSG00000177125.5,ZBTB34,126860665,126885878,9.437639385986673,6564,6456.36,312.0,1.08875,CGGGGACTGGCCTGGCGCCGGCGGCGGCGGAGGGGGCGCCGCGGGCGGGCGATGTGAGCGCGGCGCTCTGGACAGAGTACGCTTC,8.668325498035978,3.1157533280492045
4342,ENST00000373299.4,ENSG00000136854.18,STXBP1,127579370,127696115,12.559942343700106,3765,4611.84,416.264,2.03356,TCCCTAGCGCGGCTGCGGGGCGGAGAGCTGCGGCTGGCCCAGCGCGCCCACCTGAGGAGGCGGCGGGGTCCGCAGGCGTCGCGGGACGAGGAGATCGGAGCCGGGAGACTCGCGCAGCGCC,6.1763323155943795,2.6267503784418094
4343,ENST00000373264.4,ENSG00000136807.12,CDK9,127785679,127790787,38.13461674936736,2463,3172.48,412.692,2.93082,GCGCGGCCGCGGAGGGGCCTGGAGTGCGGCGGCGGCGGGACCCGGAGCAGGAGCGGCGGCAGCAGCGACTGGGGGCGGCGGCGGCGCGTTGGAGGCGGCC,13.011586091731106,3.701724929902515
4344,ENST00000373247.6,ENSG00000136877.14,FPGS,127794597,127814327,23.187943056061687,2279,3353.41,285.642,1.9191,GCGGGGCGTCTCCCGCCCGGGCCTAGAGCGCTGCCGGGGGCGCCGGGACT,12.08271744883627,3.5948730536120177
4345,ENST00000372994.1,ENSG00000171159.4,C9orf16,128160260,128163928,26.298606543546526,713,825.56,271.928,7.4211,CCGGCCTCTGGGCGGAGATCTGCTGCCGCGTTCTACCCTTCCGGCCCGTGTTCTATCCGCCGCCTCCACCTTCCATCCGGCGCCGGCTTTCGGCGCGACGGTCGCCGCGTTCCATCGTCGCGCGGCCCTTCGGGCGCCCGAGCCCGCA,3.5437612407253005,1.8252814062560452
4346,ENST00000628346.2,ENSG00000106976.20,DNM1,128191655,128255248,7.223472873670666,3835,5536.49,589.661,2.39955,CAGCGGCGGAGCCGGAGTCGGAGCCGGGAGCGCTAGCGGCAGCCGGATCGCAGCCTGCGGGGCCCGCCGCAGCC,3.010344803680134,1.5899287421576211
4348,ENST00000609948.1,ENSG00000167113.10,COQ4,128322536,128334072,27.523641021243066,956,892.661,151.634,3.82711,CGGCTGTGGAGAAGGAAATAGGGCCCGGCGCTGAGTGAGCGTGGTTGCGTGTCCTTTGCAGACACTTTCTGGGGCGAGGTGACATGGCGAGAGTCTTGGATCGGTGGACGTAGACGGTAGACAGTTCGCGTGCGTTTCCTTCGCCTACTTGGCCTACATGCCTTCTGCCCGTGAAGCGATGTTTCCCCTCGAAAGGCCGTAGGCTACGCCGTCAGAATCGGTTTTTCAGTGAGTTTTGACCCCTCCGACGCTCCGTCGCCTGACAGAATCGCGGCGTTCTTCGTACCCGCCCATCCTCCGCGGACGCCCGCTGCC,7.191755925814274,2.846344059424037
4350,ENST00000300456.4,ENSG00000167114.12,SLC27A4,128340646,128361470,25.707700258173688,3028,4272.62,544.818,2.87289,GCTGAGACCCGGCTCCGTGCGTCCAGGGGCGGCTAATGCCCCTCACGCTGTCTACGCTGCTGCAACCGGGCCGCATCTGGACGGGGCGCCGCGCGGCGGAGCCGACGCCGGGCCACA,8.948376115400759,3.161625896586985
4352,ENST00000372853.8,ENSG00000167118.10,URM1,128371319,128392016,88.18885222813485,2650,3774.87,424.278,2.53227,CCGGAAATTTGCGGGCGCGCCGGAAGTTGAGGGGAGTTTCCTGCGAGCTCGGCTTCCTCAAC,34.82600679553715,5.122093155622952
4353,ENST00000372838.8,ENSG00000167123.18,CERCAM,128411751,128437351,18.12205917404378,2685,3976.07,534.222,3.02712,CCGGGGAATCCGGATTCCGGGGGTTCAACGCCCAGGGGTTCCATGAGCCCCTACTGTTCTCGGACGCCCGGCCGGCCCCGACGCACTCGTCCTAGCACCCCTCCCCTGTCCGGTCCTCCGGCCCCTCCGCCGTCGCCCCTCCGGGGTCCAGCCGGGCGGGGCTGCTCCAGGGTCGCGGCTGGCGCGGGTCCCCGGGCCCTGGCCCTCCGGTGCCCCGGGCCAAGGAGAGAAAACTTGAGCATCCACGCACAGGGGTGGGGAGCAGGATCCCACTCTGAGGGTGCACTGCCCCGCCCTCTCCGGGTCTGCCTCGGCCCCGCCCGGGCCCCAGGCCCCGCCCCCTCCCCTCGGCCGGCCCGAGAGCTCCGGGGGCCGCTGCAGCCGCCCAAGCGCCCGCC,5.986567818270759,2.5817291230980635
4354,ENST00000351030.7,ENSG00000136811.16,ODF2,128455186,128501292,3.548412826105933,3899,4472.09,795.742,4.00889,TGGCGGGGCGGGGCATCTCTGTGACGCTAGGGGCTGGGCCTCGATGGCGAAACCCAAGCGGCTCCCGGGGGGGTTTGAACTGGCCAATGGGCGAGCTGCCGACCGGGTGTCGGAAAAGGAGGCGGAAGCGGGGAGGAGCCGCTGCCAGAGCCAGACTGCATCCGCCGCGGCGTCTCCATGGCACGACCCTGGCCTCCGACTTCAACGACTTCATAAGGCGGCGTTTCTGGGCGCAGCCGTGTCGCTCCTGGTTTCCATCGTGTGGGAAGAACGGAGTAACGAGTCTCACGCAGAAAAAGGTCTTGAGAGCACCTTGTGGCGCACCCAGTGTAACTGTGACGATCAACCATTTTTGTGTTGTCCTCCCCCACCTGCCAGAAGCCAACC,0.8851359917847417,-0.17602896782612487
4355,ENST00000309971.8,ENSG00000119392.14,GLE1,128504700,128542288,29.146940761841734,3321,3753.35,1010.16,6.06362,GCGCGCGCGTCCCGGAAGCAGAAGCCTGTGTGGCCTTCCCGGCGGCTGATTCGAGGGCTTGTTTGGTCAGAAGGGGGGCGTCAGAGAAGCTGCCCCTTAGCCAACC,4.806854776823371,2.2650932178877956
4356,ENST00000372731.8,ENSG00000197694.14,SPTAN1,128552558,128633662,9.128777397601922,7889,9224.01,2927.26,7.14997,TATAAAAGAGGCGGGGCGCGCGCGTCGCCGCCACTACCCGCTGCGGAGTGAACGGTGTGGAGCGGAGGCCGCGGAGGCTCCTCGGTCCTTCAGCACCCCTCGGCCCGACGCACCCACGCCCCTCACCCCCCGAGAGCCGAAA,1.276757440604915,0.35248446672021955
4358,ENST00000322030.12,ENSG00000119335.16,SET,128683424,128696400,187.2529497209501,2915,2531.55,5575.93,49.6241,CGCCGTAGGAGGAGGTGGAGGAGGAGGCGGCTCGGGAGAGCGAGCAGCGAGCTGGCTGGATCGCCGAGCGCGAGTGAGGGAGCCGAGCCGCCCGCCGCCGCCGCCTCCGCCTCCCCTCCGCGAACAGGAGCCCGGGCCGGGGCCCGGCACGCCGCCCCAGCCCGTCCCTCGGCGTCAGGCCGCGAGGGTAGCGCGCGCGAGCGAGCGAGGGGGAGGGAGAGCGAGCGAGCGCCGGGAGGAGGCGGCCGGACCGAGCGGGCGCCCGCGCGTGTGGCGTGAGGGGAAGCCGCTTGCCCGCCCCCTTCGCCTTCCCTTCTCTCCCCCTCCCCGCTCCCCCCCCGACCGCGGAGCAGCACC,3.773427623290903,1.9158756026773283
4359,ENST00000291906.4,ENSG00000160447.6,PKN3,128702523,128720918,14.68423291931786,3375,5158.3,1079.82,4.71634,GGCTCCCGCGGGCGCGCGGCGGGGAAGGCCAGAGGACCTGGGCGCGGGCGATGTGCCTCCTGAGCGTCCAAACCGGGGGTGAGGCGCGGTCACGCCCAGCGGGAACCGCAGGCGCCGAAGCCCGGGTACTGGGCCCAGAATCCCGCGGAATTTTGGATCCGAGGGAGGCGCTGGGGCGCGGGACCTCGGGCGTGGGGTCCCGGGCGCTGGATCGGCGCGGACGGGAGGCGGCGCTGGTCCCGCGGGCCAGCGGGTCTCGGGAGGGGGCGCCCGATCCCGCGTCTCCGGCGCCGCTTCCCGGGAAGTTTCAAGTTTGAAAGTCCTGGCGGAGGGTCTGCGGCTTCCGGGACCGGAGTGGCTGAGAGAAGGGCCCCAAGCGGCCGGAGCGGCGCC,3.113480563173533,1.638528272791327
4361,ENST00000372648.9,ENSG00000107021.15,TBC1D13,128787204,128810432,25.006964808911928,3906,5703.7,598.463,2.36397,GGCGGTGGAACGCGCAGGCTAGTGGCTGTGTTTCCCGCCGGAGGCTTTTGCGCAGAGCCCCGCGTCCCTGGGGGGCGGCGGCGGCGGCGGCAGCGCAGGCGGCAGAGGCGCAGGCGGCGGAGGCGGCTGGGGGGTCCGGAAGTCAACACC,10.578376548311496,3.4030463305232157
4362,ENST00000372642.4,ENSG00000167136.6,ENDOG,128818474,128822677,54.154597567066055,1172,1503.53,143.667,2.15282,AAATGCGCAAAGAAAGGACGCCGGGGACACCCGGTTGGGCTCTGCTGCTCCCTTCTGGGTTCCGAGGCCCAAGCCCTTGGCAGTGTTTGTGAGTGGAAGGGAGGTCACGCTATCGTCCGCGGCCCCAGCAGCCCTGTGCCCTCGTTGGATCCCGCGACGCGGCTCCTTTAAGAGCCTCGCGGGTCGCCCGCCGCTAGGTCGCTCCCCGGCC,25.155190664833125,4.652784219520389
4363,ENST00000372600.8,ENSG00000136802.11,LRRC8A,128882112,128918039,28.824304785960948,4355,6069.57,447.324,1.66045,ACTTCCGGGGCGGAGGAGGCTGAGTGGTGCAGTGAGGGACAAACAAAAGGAGGCGCCGGAGCAGCGCTGCGGCCGGCGGCGGGACGGAGCGGCCGGGGCCTGGGGCTGCCTGCCGGGCGGCCGGGCGCGGCGAGCCCAGGGAGGCAGCGTCCATGGAGCAAAAGGAATGCCAGGATCCTGCACAGGCAGACGCGGGCCAGCCTCAGCACCGACAGCCGACGCGCAGATAGCAGAGCCATCCTTGGGGTTGAACC,17.35933318435421,4.117639626189238
4364,ENST00000372577.2,ENSG00000095319.14,NUP188,128920895,129007096,73.71664088008716,5689,7062.02,4547.68,14.5085,AGGGCGAGCGGGCGCGCGAAG,5.080927792679268,2.3450919615015464
4365,ENST00000372546.8,ENSG00000167130.17,DOLPP1,129081100,129090438,61.147555574564485,2177,3032.66,687.554,5.10794,GGCTGCTCGAAGAAGCCCGGTCTCCGGGTAAG,11.971079451709395,3.581481343193246
4366,ENST00000355007.7,ENSG00000119383.19,PTPA,129110950,129148946,3.316128066509355,2515,3452.45,366.717,2.39313,CACCGACATGGCGGCCGTCTTCGCTGTGGTGACTTTAACTCTCGGTTTTCGGTTATAGCCGGCCGGCGCTCACTTGTCTTCAGGAAGCTCGGAGCCTTTGGTGGAGCCGGGGAGAGGAAGGGTGGGTGCAAGAGTGAAAGGCGAGAGGGGACTGCAAGCATCCGGGTCGGCTCCTGGCCGGAGCAAG,1.3856865554772848,0.47060095444526273
4367,ENST00000372481.7,ENSG00000148335.14,NTMT1,129608884,129636131,14.980386348035832,741,689.049,151.189,4.94346,AGCTGCGGTTGGCTTGTGGCGTCTCCGCCGCCGCCGCCCTCCCTTCCTCTTCCCCATCTTCTTCTCTCGGTCCCGGGAGCCCCCGCCCGGAGAGAGTCGCGGTTGCTGATCGTGGTGCTTGAGTAGAGCCGTGGTTGGTGACAGC,3.0303444041290577,1.5994817679203015
4368,ENST00000259339.6,ENSG00000136816.15,TOR1B,129803153,129811281,22.83464078841631,2769,2959.93,472.406,3.5958,TCCTGCCGCTTGGCCGCGGGGCGCCTGGCTCAGTGGCTTCTGCGGGCTTCGAGGAGCGGG,6.350364533182131,2.666839410013822
4369,ENST00000347136.10,ENSG00000148358.19,GPR107,130053426,130140169,36.31818056534568,7209,8811.96,679.809,1.73811,ATTATTGCAACCATTTCGCTTGTATTTGAGTGTGAAGCGCCTAGAAAACCACAGGACCCCTACGGCGAGCCGGGAATTTTTAGATATTTTCCTCCGAGTCAACGCTCAGTGAAATCAGTTCAATCAGTGGCCCGACACCGTGCGGCTGACACAGCTTATCCCCCGACCCTGAGATCAGGGGTCCCCGGAGCCCAAGGTCGCTTCCAAAGCTCAGCGAGGCGGAGGTGCGGCCCGGGCTGGTCTGGTTCGGCCACCGTTGTTATGGCAACCGCCAATAGGTTGGCTTCATCTCTAACTGAAAGTCTGCACAGGAGCGGCCGATCGAAGGGCCCCGAGGTGGGCAGCACAGGCTCCTCGACGACTTCCTAGGTCGCAATCTCCAGGAAAACGACCACAGGGTCAGCGGAGCTAGCCGCCGAGCCCCGCTCCCCGGGCCCTTCCGGCGGCTGCGCCCTTTCACCCCGGACGTGGGCGGGAGAGGAAGCGGCTGGTGATGCTGGAACAAAC,20.89521409194221,4.385100635447707
4371,ENST00000372398.5,ENSG00000107130.9,NCS1,130172578,130237304,40.25800082988704,4991,7664.32,836.867,2.46006,CCGGCCCGGCCCGCCCGGCCCAGCCGCTCCTGCTGGGCGCCCCAACCGGGTCCGGCCCGGGGGGGCGGGGGCCGCGGCCGCCGAGG,16.364641850152857,4.0325101233829335
4372,ENST00000319725.9,ENSG00000107164.15,FUBP3,130578965,130638352,75.85893210146655,3124,3177.34,1548.59,10.9808,CGGGAGGCCGGACCGGGGAGCCGAGCGGCGGCGTCGGCGGCGTCGGCGGCGGCGGCGACGGCGGCGGGGGCGGTA,6.908324721465335,2.788335897435073
4373,ENST00000372358.9,ENSG00000130713.15,EXOSC2,130693721,130704894,127.27290856658412,2040,2163.76,722.688,7.52495,GGCCTGGAGTTGTGGAGTCGGATATCGCAGCTCCCGACTGAGCTGCGCCTGCGCAACTCATTGGCGCCAAG,16.91345571287306,4.080099552416087
4374,ENST00000372348.6,ENSG00000097007.17,ABL1,130713946,130887675,5.871813655867662,3824,5269.74,281.242,1.20241,TGTGAGAATTGAAATGACTAGCATTATTGACCCTTTTCAGCATCCCCTGTGAATATTTCTGTTTAGGTTTTTCTTCTTGAAAAGAAATTGTTATTCAGCCCGTTTAAAACAAATCAAGAAACTTTTGGGTAACATTGCAATTACATGAAATTGATAACCGCGAAAATAATTGGAACTCCTGCTTGCAAGTGTCAACCTAAAAAAAGTGCTTCCTTTTGTTATGGAAGATGTCTTTCTGTGATTGACTTCAATTGCTGACTTGTGGAGATGCAGCGAATGTGAAATCCCACGTATATGCCATTTCCCTCTACGCTCGCTGACCGTTCTGGAAGATCTTGAACCCTCTTCTGGAAAGGGGTACCTATTATTACTTT,4.883370610580137,2.2878772716793616
4376,ENST00000247291.7,ENSG00000126878.12,AIF1L,131096476,131123152,94.94079290112067,3364,4479.26,1227.15,6.1724,GCCGGAGCCCGGACCAGGCGCCTGTGCCTCCTCCTCGTCCCTCGCCGCGTCCGCGAAGCCTGGAGCCGGCGGGAGCCCCGCGCTCGCC,15.381503613038799,3.9431246351860407
4377,ENST00000359428.9,ENSG00000126883.16,NUP214,131125561,131234670,9.813659530578107,7600,9673.52,1815.66,4.22875,CGTCACCAAAGCGCGCCGGAAATGCGAGGTCAACTGCGCGCCGCTGGCGCTGAGGGGAGGAAGTTTGCTGTCGAGCGGCCTGGGTTCCGTGGGCAAGGCCGTGGGAGGCAGCGTTGGCTGCTTCGACACACTGAGGGCGGCGCG,2.320699859433191,1.21455994822863
4378,ENST00000405995.5,ENSG00000130723.17,PRRC2B,131394093,131500197,55.23022566808367,9157,12740.7,1717.91,3.03786,GCGCCGAGGCTCCACCGCGCAGCGACGAGCGAGCCCGGGAGGAGGGAGGGAGCGAGCGAGCGAGCAGCCCGCGCCGCCGCCTCGCAATCCGCCGCCATCCCGCCGCCCCCGTGCCCGACCGCCGCCCGACTGCCATCGCCCGGCCCGGCCGCGCCCGCGGAACCAGACCAGGCAGATCGGGAGCGGTGCCGAGAAAAATTTCCTTACTAGATGACATTTCATCGCA,18.18063560140483,4.18433073242629
4380,ENST00000372146.4,ENSG00000125484.11,GTF3C4,132670035,132694955,37.14228133825389,9043,8985.65,2258.1,5.66181,CTTCCGGGTCCGGAACGGCTCCAGCTGTACGGACTCGTCCCGAGGGGAGCCGGGGACGGCGGCACCGGGCGGGTAGGGACAAGACTACCGCGCGTGCCCCCGCCTGGTGGCAGCCCCTCTCTGCGTCCCTCGCGGCCTGGCAAAATTACATTCGGCCGAGAGTTCACGCTGGGGAAGCTCTCTGAATGCCTCTGAGAAGCGAGATCCGGCGCCATCTCACCGACGAGCCTCCCCTTTACCGCCCCGTGCGTTTCCTCAGCACTTTAGGAACTAAAGCCTGTCTGGGTAGCTCCCTAACAGGCTCTGGAGCTCAATCCCTGGGCAGGGAAAAGGGGGTCCTCGGGGCTCCCCGCTCGCTGTCCTTTTTCTGGACAGGCAGTTCCTTGGCCACCTGGTAGGGCCGCGTTGCCTGGCAACGGCGGGGTCCTTCTTGGCTCGGCGGCGCTCGGGGCCTGAGGGGAGAAAACCGCCGCGGAGGGCGCTGGGGGTGGCGGCGGCGGTCCGGGAGGTGGTCGCGCGACTGCGTGGAGCGCCAGGGCGTCCGACCTCTGCACCTGAGAGAAG,6.560142664316515,2.7137271896701765
4381,ENST00000372097.9,ENSG00000148308.17,GTF3C5,133030675,133058503,51.35521806416734,2406,3314.33,1199.83,8.15618,GAAGTCGAGGGAGGTTTGTGTCTTATTATCCTCCGGGTCCCTCGCTGGCTAGTAGGAGAGACTGGTGCTTGCCCCGCCCGGTGGACTAACTCGCTTAATTTTAAATAAAAAGTCGAGGACACGGCGGTCGTTTTCCCGAAGACATGGGCCCTCCCATGGGCCATTTGCTCCCTGGAGGCCCTCGCGTCTTGCTGAGCCCGGGGAGTTAGGATGACGCGAGCGGTGAGGGAGCCCGGAACGATTCCTTCGCGGAACAATTGAGGCGAGGCCTTTGGGAGTACTTTGTGGGACGGACCCTGGCGGGCCCTGCCAGACGCACAGGG,6.296479242018608,2.654545352435425
4383,ENST00000371964.4,ENSG00000148291.9,SURF2,133356552,133361169,41.77123055893025,842,841.949,456.982,12.2286,GCGAGCGGCTTCCGCCGGGCTGCTCCGCGGGCGCGTCGGCC,3.4158636768665462,1.7722503998316383
4384,ENST00000358625.3,ENSG00000196363.9,WDR5,134135365,134159968,55.98723573175846,3151,4255.8,1500.98,7.94612,GCCGCCTGGCGCCCGCCCGAGCTGCCGCCTTGTCGAGCTGAGTCCGCGCTCCCGCCCAGGCGGCGGCCGACGCGACGCCCCGAGCGCCCGGCCCCGCCGCCGCGGCCCGGCAGACTGCCTCTGTCACCGGGTCCCTCCACCCTTGTCTCCTGTGCGGCCAGCGTCAGAGCC,7.045858322270298,2.816775465492394
4385,ENST00000481739.1,ENSG00000186350.9,RXRA,134317098,134440585,7.643321483511987,1846,2477.78,112.61,1.02395,CGCCCGCCGCCCGCTGCCTGCGCCGCCGGCCGGGCATGAGTTAGTCGCAGAC,7.464545616008582,2.900054442880552
4386,ENST00000371717.7,ENSG00000165688.11,PMPCA,136410570,136423761,165.2175961350425,2174,2556.23,1444.28,12.7296,CCGAAAGCGCGTGCCTGAACGCCTTGGGCCGTCGGCGAGGGGGAGGGGAAGCCGTGGGCGGAAGCGGAAGTGACGACTGAAGCGGGGCGGAGACGCAAG,12.979009248919251,3.698108354478323
4387,ENST00000371692.8,ENSG00000165716.10,FAM69B,136712570,136724050,12.424896144740352,1668,2222.46,621.468,6.30008,GCATGGCGAGGGAGCGGCGGCCGCTGCGGGCCGGGCCGGGCCGGGGCTGAGGCCGAGCGAGCCGCGGGGCCCGCGCAGCCCCGGCCGGAGCCCACC,1.9721806936960087,0.9797917393205915
4388,ENST00000290079.8,ENSG00000244187.7,TMEM141,136791355,136841187,102.13606661102652,768,1028.34,204.725,4.48535,CCGAGCCCTGCCAACC,22.771036064304127,4.509128029349543
4390,ENST00000311502.11,ENSG00000196642.17,RABL6,136791355,136841187,33.74281925658544,3091,4570.07,1816.32,8.95433,GACTCCTGGAGAGCGGTCGCGCCGGAGGCCGCGGGGGCCGGAGCGGAGCAGCCGCGGCTGAGGTTCCCGAGTCGCCGCTCGGGGCTGCGCTCCGCCGCCGGGACCCCGGCCTCTGGCCGCGCCGGCTCCGGCCTCCGGGGGGGCCGGGGCCGCCGGGACATGGTGCCAGTCGCACCCCTTCCCCGCCGCCGCTGAGCTCGCCGGCCGCGCCCGGGCTGGGACGTCCGAGCGGGAAG,3.7683242918884425,1.9139231247616133
4391,ENST00000247665.11,ENSG00000054148.17,PHPT1,136844415,136860799,419.5154863150798,890,942.785,556.702,13.3037,CTCCCTCGTTGCCCCAGCCTCGCGGGCCGCCTAACTGCCCCGTTCCAAGGGTGCCACCGGACCCCGCTGGAGAGGAACTTCTCCGTTGGCTGGATTTCATCACCACCCATTCCCGATTCCACGTTTCCTTTAAGCGGGGCTGGCGGAGCCGCAAGGCGGCAAGGAACTGGATTGCGATTGGTCAGCACGTGCCTCGGTCGGCGGTACAATTGGCTGAGGCGCTGGGCCTTGGGAAGCATTCCCCGACGGGATTGGTCGTCGCTCTCGCAGAGCCCGCCTCCCGCAGTACAAGCGGCCCCCGGGTCGGGTGGGAGGAGGGGACTCCGGGAGGAGGAAC,31.533745222387743,4.978824622120368
4392,ENST00000247668.6,ENSG00000127191.17,TRAF2,136881912,136926607,34.50230831716603,2264,3315.83,557.068,3.78511,TTCCGGGCGCGCTGCGACCGTTGGGGCTTTGTTCGCGGGGGTCACAGCTCTC,9.11527229516871,3.1882857536886524
4393,ENST00000371620.3,ENSG00000148362.10,C9orf142,136992418,136993984,67.93941206969173,812,882.42,356.342,9.09818,CGCCGGGTTCCCGCTCGCCCGGCGCC,7.4673629307940415,2.9005988509989247
4394,ENST00000371589.8,ENSG00000177239.14,MAN1B1,137086927,137109187,12.987972569225509,2769,3887.47,186.98,1.08365,ACTGGCCGCATAGAGACGCAGCGCACGCGCAGTCGCGTATCCGTGTGATGGGCGGGCTGTTGACGGCGCTGCG,11.985394333249213,3.583205470980309
4395,ENST00000322310.9,ENSG00000176101.11,SSNA1,137188647,137190370,64.65348575651039,896,1070.9,471.444,9.91839,CCGTGGGGGAGTCGTGCGCAGGCGCGGACAGCGCTGCTTCCGCGGCGGTTGGGGTGGTGGGGCCCCGGGCGGCGTTGACC,6.518546433091498,2.7045502945846467
4397,ENST00000371521.8,ENSG00000188566.12,NDOR1,137205685,137217009,9.7095808713843,2497,3806.91,323.724,1.91586,AAGGCGGAGCGGTCCCTGCAACCCGGCCGGCGGGAACTGCCTTCTAGTTTTTAGTCTCAGACCAGACCACCGGGCGCACCCCG,5.068001248204097,2.3414168798018555
4398,ENST00000340384.4,ENSG00000188229.5,TUBB4B,137241213,137243707,791.0800735648678,1637,1882.53,11723.7,140.309,GTTCTGGCAGCCCATTCCGAGACTAGCGGAGGCGGGCAGGGAGGGTATATAAGCGTTGGCGGAGCGTCGGTTGTAGCACTCTGCGCGCCCGCTCTTCTGCTGCTGTTTGTCTACTTCCTCCTGCTTCCCCGCCGCCGCCGCCGCCATC,5.638127800532167,2.495216180126197
4399,ENST00000343053.4,ENSG00000188986.5,NELFB,137255173,137273547,37.27387247203338,2698,3570.73,1133.0,7.14884,CGGGACCGGGTGGGCGCATGCGCGCTGGGCTGGCTGGGCGGGGTCTCTCGCGCCGGGTGAGGGCGCTGCTCCCAGGAACCTGCGCGCGGCCCCGGCGGCGTTTCCCGGGGGCCGGTTGGCGGGCGGACCTGGGCGGTGCGGGGCGGAAGTGGGCGGCTGCGGGACGCGCGCGGAGTCGCGCGGCGGGCGGGAC,5.213974920691102,2.3823836435022394
4400,ENST00000371443.5,ENSG00000182154.7,MRPL41,137551199,137552555,424.8924595143684,1262,1652.78,695.0,9.47395,GGGCGACTTCCGCGTGGGGTGAGAGGTCGCCTGCGAGGGTGACCGGGCAGGAGGGCTCAGTGCGCAAGCCGGACGTGCTGGGTCCAAGATTATTGATTAATTTGGGCACCGCGAGGGCTCGAGTCCCCCCACACCACTGCCCGGCCTGCGGGGGAGCACAGACAGCCCGGGCCCTCCCGGCTGCAGGTCCCGGGCTTTCCCCGCGCGGTTGCCGGCTCCGCCCAGAGGAGCCGCGCCCGGCGGAGGGGTAAGAAAGGCAGGGTCGCGGCGTCAACGCGGCGGCCGTCTCGAGTCCAGGGCCCGCGTCCTCCCCGACCTCCCGACGCCACCTCACGGCCTCAGGGGGACTGGGCTCCCGGGAAACCGCCGGCCACCTGGCGGACGAACACAGGCAGTGGCGGGCAGTGGAGACGCCAGGGACCACCGCGCTGAGAGCGATCACTCATCCGCCAGCCCCGCCCCGCGAGCCCCGCCCCGCGAGCCCCGCCCCGCGAGCCCCGCCCCGCGAGCCCCGCCCCGCGAGCCCCGCCCCGCGAGCCCCGCACCGCCGGCCCCGCACCGCCAGCCCCGCGAGCCCCGCCCCGCCCCGCGCGCTCCTCGCATTGGCCGAGTCCCCGCGGCCACACCCCCTACCAGATTGGGGCCGCTATTGGACGCGGCGGCCGCGGCCAATCGGAGCCGCTCTTGCTGCGACGCAGCGGTCGGAAGCGGAGCAAGGTCGAGGCCGGGTTGGCGCCGGAGCCGGGGCCGCTTGGAGCTCGTGTGGGGTCTCCGGTCCAGGGCGCGGC,44.8485013657839,5.486987872489545
4401,ENST00000371421.8,ENSG00000197070.13,ARRDC1,137605654,137870016,11.64328672321419,1586,2153.04,345.114,3.61138,GGAGCCGGGACTCGCGGGCGGCGGGCGGGGGCGTCGCTGCGCGGCTGGCCGGTGAGGCCGCGGC,3.224054716815785,1.6888762286701369
4402,ENST00000460843.5,ENSG00000181090.18,EHMT1,137605654,137870016,15.380652171086126,5137,6762.21,968.658,3.22733,GGGCCGCGAGGCGCGGGCGGGGCGATGGCGCGCGGGAGGGGCGGGGCCACGCTGCGGGCCCGGGCC,4.765751308693603,2.2527036693050304
4403,ENST00000382447.8,ENSG00000172785.18,CBWD1,121038,179147,2.607228270148644,1241,916.886,333.631,8.19809,GGCGTGTTGGTCCCAGCGGTTCAGCTGAGGTAGGGACGTGCTGTAGGCCGGA,0.3180287445183749,-1.6527709278054825
4404,ENST00000397885.2,ENSG00000080608.9,PUM3,2720469,2844241,39.75485363016605,2321,1801.48,931.748,11.6528,GCCTCAAGAGGAGGCATAACAGCAGCGGACCAATAGAAATTCCGAATTTTTGTATTCTCTGGGAAGCTCCACCTCTTAGTCCCTGATCCGCCGCGGAAGATGAAAAAAAGCGGCCCGGGGGCGGAGCAAGGCAAGGAAGCGGAAGCGGAGAGGCGGTCGGGATCCGCTGCGCGAGCTGTCTCGGTCCCACGTGTGCGAGTTGCTACG,3.411613829308497,1.770454352965763
4405,ENST00000381809.7,ENSG00000147853.16,AK3,4709559,4742043,34.676110604537904,2736,2226.29,867.726,8.78137,GTCGGGGGCGGGGGGTGCGCCGGGGTAGCCGAGAGGCGGACGCAACAGCGGGGTCCCGCGCTGTCTGGGCGGCCCCAGGGGCTGTCGGCTCACTTCCGGGAACGCCGGGGAACCGCAGTAGCCGCCTGCTAGTGGCGCTGCTAGCCGGCCGGCGCAGGCTGCCGAGCGGGTGAGCGCGCAGGCCAGGCCAAAGCCCTGGTACCCGCGCGGTGCGGGCCTCAGTCTGCGGCC,3.9488269603191646,1.9814241495255107
4406,ENST00000223864.6,ENSG00000107020.9,PLGRKT,5357973,5437878,68.51121232589414,932,662.357,138.808,4.72156,GAGCGAGGCCCGGTCCCTGCAGCGGGCGAAAGGAGCCCGGGCCTGGAGGTTTGCGTACCGGTCGCCTGGTCCCGGCACCAGCGCCGCCCAGTGTGGTTTCCCATAAGGAAGCTCTTCTTCCTGCTTGGCTTCCACCTTTAACCCTTCCACCTGGGAGCGTCCTCTAACACATTCAGACTACAAGTCCAGACCCAGGAGAGCAAGGCCCAGAAAGAGGTCAAA,14.510291582844257,3.8590046053944853
4407,ENST00000259569.5,ENSG00000137040.9,RANBP6,6011043,6015625,24.770263430598217,4576,3559.66,614.467,3.88912,GACAGAGCGCA,6.369117803152954,2.67109355628739
4408,ENST00000321612.6,ENSG00000178445.8,GLDC,6532464,6645650,11.4995368283729,3767,4217.86,642.454,3.43172,CCCGCGAGCGTCCATCCATCTGTCCGGCCGACTGTCCAGCGAAAGGGGCTCCAGGCCGGGCGCAGCCGCCACCCGGGGGACCGAGGCCAGGAGAGGGGCCAAGAGCGCGGCTGACCCTTGCGGGCCGGGGCAGGGGACGGTGGCCGCGGCC,3.350954281926527,1.7445720035558683
4409,ENST00000358227.4,ENSG00000137038.7,TMEM261,7796490,7888380,257.6974843203725,2755,2350.08,399.988,3.83466,TAAGGAGACTGAAAGGTGATTCATTTAGTGAGTAGCGATTACAGAATTTCTAAAACAGTGGGGGCGGGGGGGGCGGCGGGGAGGAGGGCTGGAATTGTCCTCCAGCGCATACAAGGTTGTTGCTGCCAGAGAAATCCAGCAGGAAAGAGCAGCATTCTTTCACCTTTTCCGCCTCTGAAGCGGAGGAGAACTTCATTTCCCAGCAGCCCTTAAGATTCCTCCGCGCACTGCGCTAGCGTCCCGGCATTCTGCTTTCCGGCGCTCTGCCTTCCGGTGCGTCGTTTACGCCAGTTTGAACCAAAGACGCCCAAGGTTGAGGCCGAGTTCCAGAGC,67.20217289678159,6.070435976354647
4410,ENST00000380959.7,ENSG00000147862.15,NFIB,14081843,14398983,3.9832818840638073,8198,7192.51,536.414,1.68028,GCCCGCTCGCCCTCCTGCGCCCTCCCGCGCCCCCCTCCCCGCCTTTTTTGAAAAAGCATTTTACCACCAACCACCACCCCAATCCAACCCACACCGAACCTTCGCGCACCCCCTACACCCCAACAACAACAACAACTGCAAAATAGAAAACAAATCCCCAAACCCAGGCGAAAAGCAGCCAACACCGGCGGCGGCGGCGGCCTCGGCAAGCACGGCCAGCGCGCTCGGACTGCAAGAGGGTTAAAAGTGTAGATTGGATTTCACCCCTGGAAATCTAGCACGCCGAGTGAACTTGAATCTTTGGCTATTTAAGGAGGACTGGGTTTGTTGTGAAGTTGCGGTGATCCAGCGCAGAGCCCCGTCCTGATTGATCGCATCGCGGGGCTCAGATGACTGTAAAATGAATAGATGAAATTCTTGCTTCTCGAAGATTTTCTTGGGCATCTCCCGGAAAGTGCGTTTTAAGGCGAAGTC,2.3706060204631414,1.245255916066229
4413,ENST00000380916.8,ENSG00000175893.11,ZDHHC21,14611071,14693471,29.313845897191545,9160,6254.86,522.543,1.8822,TCGCGGCTCCCGGGAGCTAAGCGAGACGGCGACGGCGGCAGTCGTCCCTCCCCACGCGGGCGCGCGGGCATGCGGACACCCACTCGGCCGGTCCAGGCCCTCAGGCTCCCGGAAGCGGAAGGGGAGAGCGGCCCGGCCTGGGCGGCGGCGCCGGAGGAGGCGGAGGTGGCGCGGCAGGAGGAGGGGAAAGAGCTGCTGGCGGTCGGGAGAGCGGCGGCAGCGAGAGGCGAGCCAGCGGCGACGAATGAAGAACTTTTTCACTTACTGCAGGATTTTCAGCTTCAGCAAGCAGGTTCTCATGGAGAACTGTTATTGAAGAGAGATCCATTTGGTGGGATATAATTAAAAAAAATGAATCAAAAGAAAATCTCTAAATGCAGATTCCAGAAAAATTACAGCACATCTCAGTGAATTTGCAAGTGGATCATCCTTCCTTGTGGGTTAGCAGGCAGTTATAAGATTGCAAA,15.574246040373788,3.9610904179990922
4415,ENST00000380738.8,ENSG00000164985.14,PSIP1,15464066,15511019,65.23027438846292,3364,2661.68,3348.2,28.3412,GGGCGCCGAGCGGGAGCCGCGCGGGAGCAGCGCAGCTACGGCGGCGGCAGCGGCGGCGCGGTTGCGATTCCGAGCCGTTGAGACGCCTCTGCGGCAGCTGGTGGCGCAGGTGGCTTGCGTGGACGCGGGTAGAGGCGACCGGCCAGCAACCGCAGCGTCGGCGCCCGCGGCCCCGGCAGGCGCGTCGGGACGCCCCGAGGCATCCTCCCCCGCCCGCGGGCCCGGTAGCTGGGCCCGCGTCCGCCGCCCGCATCCCCGCGCCGCCGCATCTCCTCGCCGCCTCCCGGGCTTCGGACCCCCGGTCTCGCCCCCGAAAC,2.301605944295334,1.2026408522040561
4418,ENST00000380496.5,ENSG00000147874.10,HAUS6,19053143,19103119,8.32036166162442,3756,3151.36,215.736,1.54236,GCAAGATTTGTTGCA,5.394565251708045,2.431506697530239
4419,ENST00000380394.8,ENSG00000137154.12,RPS6,19375715,19380254,559.0494194360006,1387,1081.0,11951.3,249.089,GCTAAGCGGAAGTTGGCCCTCTTTTCCGTGGCGCCTCGGAGGCGTTCAGCTGCTTCAAG,2.244376184560541,1.1663145093309435
4420,ENST00000380338.8,ENSG00000171843.15,MLLT3,20341665,20622543,16.706683811040534,6772,5518.87,406.704,1.66031,GAGGCTCGGAGCCCGGGTGTCAGGCGCCACGGCGCATGCTCCGCAATCATCTTCTTTACCCTGGAGCTGCTGCTGCTGCTGCTGCTTTTGCTTTTGGGGCTGAGTTTAATAAGCGAGCGAGCGAGCAAGCGAGCGCGGGGGGAAAAAGGCAGAGAATGTCCGCCATCTACCCTCCGCTCCTGGGCGCGCTCTCATTCATAGCAGCCTCTTCATGAATTACAGCTGAGGGGGGGCGGAGGAGGGGGGGGTACCACACAACACCCCAGCAAACCTCCGGGCCCCCAGGC,10.06238823535396,3.3309008539460647
4421,ENST00000359039.4,ENSG00000198642.6,KLHL9,21329671,21335380,76.77631945430154,5710,4692.98,1102.77,5.29415,GGAAGGAGCGGCTCGGTGTTGGGGCTAGGCCGGTATTCTAGGCCCAAGCCCAGGCCCAGGCCTGTGTTCCCGGCCCTTGCTCAAAGACAGGCCGGTGGCCGCTGCGACACTCTAGGTACAGCGGAGGGCGCAGCGGGCCGTTCGCTGAGGTGTCCGGACCCGCCGCCGAGCGGGCCGTGGAGCCACAGTACGTGGCGGCGCCTCTTCCTTGCCCGAAGCGGAACTGCTGAAGGAGCGGCAGCGCAGGCCGGACGAGGTGAACCAGGTCATTTAACCGCCTTCAGGTGATGAATCATCTGTCTAATAATCAGATTTGAGGTCCACAGCCCTTTGTGGTCCTGCTACAGGGTGATTTTCAGTGGATGACTGACTGGCGTGGCCCGAGGGGTGCCGCAGTGACTGCCTTCCCTTGATAAGGAAACGAGCTTTCTGTTCTTTCTGGACACCTCGTTACCTGTAAAACATTCCGGTTATAACTTCTTTATCCGGCTTGCATCTCTGTGCAAGAGGAAAGCTTTCAC,14.502105050726092,3.8581904244943974
4423,ENST00000579755.1,ENSG00000147889.17,CDKN2A,21967753,21995301,374.58058702053086,1283,1369.26,1037.39,17.0694,CGCGCGCGCCTCCCTACGGGCGCCTCCGGCAGCCCTTCCCGCGTGCGCAGGGCTCAGAGCCGTTCCGAGATCTTGGAGGTCCGGGTGGGAGTGGGGGTGGGGTGGGGGTGGGGGTGAAGGTGGGGGGCGGGCGCGCTCAGGGAAGGCGGGTGCGCGCCTGCGGGGCGGAGATGGGCAGGGGGCGGTGCGTGGGTCCCAGTCTGCAGTTAAGGGGGCAGGAGTGGCGCTGCTCACCTCTGGTGCCAAAGGGCGGCGCAGCGGCTGCCGAGCTCGGCCCTGGAGGCGGCGAGAAC,21.944566711221885,4.455791879792476
4424,ENST00000276925.6,ENSG00000147883.10,CDKN2B,22002903,22009363,40.05532842557712,3911,3673.19,708.907,4.34818,GGGAGACGCCGGCCCCTTGGCCCAGCTGAAAACGGAATTCTTTGCCGGCTGGCTCCCCACTCTGCCAGAGCGAGGCGGGGCAGTGAGGACTCCGCGACGCGTCCGCACCCTGCGGCCAGAGCGGCTTTGAGCTCGGCTGCGTCCGCGCTAGGCGCTTTTTCCCAGAAGCAATCCAGGCGCGCCCGCTGGTTCTTGAGCGCCAGGAAAAGCCCGGAGCTAACGACCGGCCGCTCGGCCACTGCACGGGGCCCCAAGCCGCAGAAGGACGACGGGAGGGTAATGAAGCTGAGCCCAGGTCTCCTAGGAAGGAGAGAGTGCGCCGGAGCAGCGTGGGAAAGAAGGGAAGAGTGTCGTTAAGTTTACGGCCAACGGTGGATTATCCGGGCCGCTGCGCGTCTGGGGGCTGCGGA,9.211975683062137,3.2035106028402716
4425,ENST00000223951.10,ENSG00000107105.14,ELAVL2,23690104,23826337,5.945051639849267,3763,2786.9,124.861,1.00941,AGTCCGAACTCTGGGCGGGAACACTGGTGGGGGCGGCGGAGGTTGTGCCCGCGAAGTTCCTAGAGCTCAGCCCGTTGCGGCGGGAGTAGAGAGAATTGGGCGCCTCGGGAGGTGGCACCGCCCCTCCCGTGGGCACAAGCAGGTTGGGGGCGGCGGGAGCCGAGCGGGGACAGTCGCGCCTGGCAGCGTGCACGGGCGTGGACGTGCCCGGGTGCGGCCGCGTGTAGCGCAAGAAGGAAACTGTTGAGACGCAGCAGGTAATTGCTGCC,5.889630219483924,2.5581770572707274
4427,ENST00000333916.7,ENSG00000120159.11,CAAP1,26840685,26892804,30.159689239386832,2791,1971.25,221.123,2.52729,CCAGTGCCTGCCGCCCACGGCCGCAGGAGTCGGGCTTCGGTCGCACCAGAGACAGCGGACTTTCCTCCGATGGTTGCAGCAGAGGGATC,11.933608426174612,3.5769584389605
4428,ENST00000397292.7,ENSG00000137055.14,PLAA,26904083,26947463,32.43225388336632,4234,3846.55,535.815,3.13838,CACAAACTGTTGGGCCCGGAGTCGGAAGAGACCCGGGTTTGGGAAGGACCCCAGGGTCAGGCGTCCTGGTGGAAGGGCGGGCCTCTTTCTCTCTTGCTCAGCAGGGAGTCCAGAGCCCTGGAGGAAAGCCAGCTCAGCTCCGCATCGGCGTCGGCGGTTGGGACGCACACACTCTGCGTCATGGAGGGCTGAGGCCGATGATGAATTCCGGAGTGCCTGTCAGGCTTGCTGTGTCACTCGGCCCGCTCGGCGCGCCCCTTCCCAGCCGCCCTTCCGTACCGGCTCTCGGGCTCTTCCGGTCTCCGGCCGCCCCTTACCTGCAGGCTCTTCTCCCGCCGCGGCCCGGCGCTCTCCGAGTCGCCCCTGCGGACTGGTCTCGCACAGTGCCTGGGCACCGGGCGCCAGACAGACACTGGCC,10.334074867723578,3.3693373357564127
4429,ENST00000360538.6,ENSG00000197579.7,TOPORS,32540544,32552553,23.52146998406064,4098,3350.38,209.537,1.40905,TGAAGAAATAGGGCCTTTCCGCCTGCGGGCCCAGTGAGTCGACACGGTGGGGGCCCGCGATCCCCGGGACTTACCACTGAATAAATCCAGTCCAGCGTGCGACGACTTACTGGCTTC,16.693140757290827,4.061183513259578
4430,ENST00000379847.7,ENSG00000165264.10,NDUFB6,32552999,32573184,528.9543230371859,1366,1057.81,197.857,4.2141,GGCGTTCCCGCAAGGTCGCTTTGCAGAGCGGGAGCGCGCTTAAGTAACTAGTCCGTAGTTCGAGGGTGCGCCGTGTCCTTTTGCGTTGGTACCAGCGGCGAC,125.52011652243323,6.971774786472042
4432,ENST00000476858.5,ENSG00000137074.18,APTX,32972606,33025168,1.0685074026207042,1068,1029.76,56.4025,1.23403,GACGTCATCCCGCAGCGCCGGAAGCGGTGAGGCACAG,0.8658682549214397,-0.2077805646588516
4433,ENST00000397149.3,ENSG00000122692.8,SMU1,33041764,33076659,81.2438170518851,7122,6876.06,1714.34,5.61719,CGCGACTGGCCTTGAGGGAGAGCTGGGGCCTGCTCCCGGAGAGATACGGCT,14.463426918420973,3.8543375152578307
4434,ENST00000379731.4,ENSG00000086062.12,B4GALT1,33104082,33167356,42.755279679455626,4201,5203.77,993.459,4.30124,GCCTCGGGCGGCTTCTCGCCGCTCCCAGGTCTGGCTGGCTGGAGGAGTCTCAGCTCTCAGCCGCTCGCCCGCCCCCGCTCCGGGCCCTCCCCTAGTCGCCGCTGTGGGGCAGCGCCTGGCGGGCGGCCCGCGGGCGGGTCGCCTCCCCTCCTGTAGCCCACACCCTTCTTAAAGCGGCGGCGGGAAG,9.94022181497792,3.3132780457310327
4435,ENST00000297990.8,ENSG00000165271.16,NOL6,33461441,33473930,20.263465576370702,4741,6828.6,691.233,2.28063,GGAGTTAGGCATTTCCGCCCACGTGGGAAGCTATGAGGTATAGACCCGGCTAGAATCTGAAGTGCGGGAGAGTGCTGGACCCTGAGTG,8.885029827885585,3.151376619525803
4436,ENST00000379238.5,ENSG00000137073.20,UBAP2,33921693,34048949,16.74796873013991,4289,5391.19,1249.95,5.22362,GCTTTGTAAGAGGCACATTGGCAGGTAACGAGCGGCGGCGGCGGCAGCGGGTCTTGGGTCCTCCGAGAGCAGCAGCGATTTTCTATTTTGTACATACATTATTTTGTATATACTGTAT,3.2061996719018437,1.680864274741526
4438,ENST00000361264.8,ENSG00000198876.12,DCAF12,34086387,34127399,37.75806701303624,3667,4006.92,1871.86,10.5251,TTTCCGTGGCGACGCTATCCGAAGTGCGGCTGCGCAAGGGTGACGGCGCGCGAGCAAGGGGGAGGGGGTGTTTTGGTTCTAGCCGCTCGCCGTCCTTGCAGGCTCTGCCGTCGGAAAGCCGCTCATTCTCGCTTCCCCTTCCCTTTCCCGGCTCAAGTCCTTCCTCTCTCTTTCCTTTCTTTCCGCCTATCTTTTTTCTGCTGCCGCTCCGGGTCCGGGCCATTTTCCGGGCCGGGCGCACTAAGGTGCGCGGCCCCGGGGCCCAGTATATGACCCGCCGTCCTGCTATCCTTCGCTTCCCCCGCCCCATGTGGCTGCGGGGCCGCGGCGGCGCTGCCCACT,3.587430714485966,1.8429509686990544
4439,ENST00000402558.6,ENSG00000186638.16,KIF24,34252381,34311371,2.312708994812353,6131,7444.4,474.973,1.43748,AGTTTATAGAAACCTATTCACCAAA,1.6088634240562325,0.6860418613007834
4440,ENST00000297625.7,ENSG00000164976.8,KIAA1161,34366670,34376853,7.89489214270464,6398,8382.46,417.517,1.12219,GCGCAGGGGATCGGCGGGAAGCTCTTTCACCCCCGCTTCTGCCGGGCTGTAACTGCAATGGAGCAGGTTGAGATGAACTCAGTCAGATGGCCCCACGGCCCGCTCCTTTCTTAGCAGCCCACTA,7.035254406744526,2.8146025947073485
4441,ENST00000445726.5,ENSG00000164970.14,FAM219A,34398184,34458570,27.20576425692108,3644,5468.28,386.793,1.59364,GAGTCACCGCAGTGGCTGAGCTGCTGACAGGAGGCGGCAGCGGAGTAGGAGGCGAGGCAAGACCTGCGGCTCGGCCCGGCCACAGCCGCGGTAGTGCTAGGCAAGCCCACGGAGTCACGCCGGCCTCAGCCAGTCTGCGAACCTCTCGCCCCCGCCCACCCCTGCATCCGCCCGGCCCCTGCCCGCCCGAGTGGTCCGGGGAGGCCTAGTCTGCACCACCCGCCGGGCTCCTGGGGCCGCCGCCCCGCGCGGTCCTGTCGGCGTCCGCGGCCGCGCCCGGCCCCTGGCCCGCTCGCCCGCCGGCACC,17.071461720916318,4.093514687361521
4443,ENST00000297613.4,ENSG00000164967.9,RPP25L,34610486,34612104,171.33414169767988,1092,1423.87,67.5566,1.06896,GCGCGCCATCTTGGCTCCGGATCGTGCGTGAGGCGGCTTCGGTGAGAGCCGGAACCGGGCGGGCAGAGGGGCGCTCGTAGGGTTGGGGGACGCCTGTGGCTTGGCTGCAGCGGCCGGCAAGACCCTGGAAGAGACCGTGGCTATGGAAACGGCCAAGGCTGTCTTGGAATGTCCTGAGCAGCCCTCCGAGTCGAGCCTCTGCCCCCGAGTTTCTGAGTGACCTGGGTTGATATAGATTGACCTTGTGGGCAGCGAGAGTCACAGACAAGACAGCAAGCAGG,160.28115336184692,7.324460986134923
4444,ENST00000259632.11,ENSG00000137100.15,DCTN3,34613545,34620523,122.0182781170464,808,680.836,457.564,15.1416,TGGGTCGGTAGTAGCG,8.058479824922491,3.010507710230463
4445,ENST00000277010.8,ENSG00000147955.16,SIGMAR1,34634722,34637809,175.57510835561126,1656,2262.52,2635.68,26.246,CTCCGAGGCCGTGAGCGCAAAGCCTCAGGCCCCGGCTCCCTCCTGAGCTGCGCCGTGCCAGGCCGCCCGCCGGG,6.689594923249686,2.7419188536302297
4446,ENST00000358901.10,ENSG00000165280.15,VCP,35056064,35073249,316.6823680878881,4370,5036.37,3685.48,16.4869,TAATGACGGGAGGAAGAAAGGCACAAGCGCTGAGAAACTGCAAAGGCTGTGGGATTGGGGTTACCAGAGGGTGCAGTGACAATGGGGTAGGAGTGGGGTGCTAGTCAGAAAGTTCAGAGTAGGGGTGGTTGGAGGCAGCGTTGAGAAGGAGCAAGAAGTGTCAGGGTGGTGATGGCGTCTTAGAAGATCTCCAGGTTTTGGGAGAAGATGGGTGTATGGGTTACCACAATAGGACTAGACTAATACAAGGGTTCAGTCTATTGTGCCACGTTCTTCCAGGAGGATAAACTCCGGAGCCAATGAACTGGAGCCAAGTGGGAGAGTCCGCCTCTAAGGGATTAAAGGGTCTCCTTTCACTAATCGATCTCGCCCTATTCCTTTCGTTGATTGGCTGAGAATTCCAATCCGTCGAGGAAGCGTAGCGTTGCGGCCAATTGACGTGGCGTTACTAGGCGTGTCGCATCACTGAGGCGGGAGCCAGGCCGCAAGCGAATTTCCTGATTGGCTGTGATCTGCGGGTTGCTGGGGAGAGGCGCGGAGAGGCGGGCGAGAGTCCGCAGGGCAGGCGCTGATTGGCTGAGGTGGGAGCAGCTTCCCTTCCGATGATTCGGCTCTTCTCGGCTCAGTCTCAGCGAAGCGTCTGCGACCGTCGTTTGAGTCGTCGCTGCCGCTGCCGCTGCCACTGCCACTGCCACCTCGCGGATCAGGAGCCAGCGTTGTTCGCCCGACGCCTCGCTGCCGGTGGGAGGAAGCGAGAGGGAAGCCGCTTGCGGGTTTGTCGCCGCTGCTCGCCCACCGCCTGGAAGAGCCGAGCCCCGGCCCAGTCGGTCGCTTGCCACCGCTCGTAGCCGTTACCCGCGGGCCGCCACAGCCGCCGGCCGGGAGAGGCGCGCGCC,19.208120877053183,4.263644482502964
4447,ENST00000378643.7,ENSG00000221829.9,FANCG,35073835,35080016,14.79683723987178,2631,3481.49,259.433,1.67889,AGGAGGACCTGGGGGTGTGGCAGCGAGGAAGGGCCGAGCCACGGACTGTGGGGCCGAAACTCGCTCCCGCCCACCCTTTCTCGAGGCTGTGGCCTCCGCGAGAGCCGAGCGGGCCGCACCGCCGGCCGTGCGACTGCCCCAGTCAGACACGACCCCGGCTTCTAGCCCGCCTAAGCCTGTTTGGGGTTGCTGACTCGTTTCCTCCCCGAGTTTCCCGCGGGAACTAACTCTTCAAGAGGACCAACCGCAGCCCAGAGCTTCGCAGACCCGGCCAACCAGAGGCGAGGTTGAGAGCCCGGCGGGCCGCGGGGAGAGAGCGTCCCATCTGTCCTGGAAAGCCTGGGCGGGTGGATTGGGACCCCGAGAGAAGCAGGGGAGCTCGGCGGGGTGCAGAAGTGCCCAGGCCCCTCCCCGCTGGGGTTGGGAGCTTGGGCAGGCCAGCTTCACCCTTCCTAAGTCCGCTTCTGGTCTCCGGGCCCAGCCTCGGCCACC,8.813464396042493,3.139709225109538
4448,ENST00000378617.3,ENSG00000165282.13,PIGO,35088688,35096601,21.5119312575614,4066,5914.54,271.513,1.03426,CTCCCGAGAACCTCACCCCCCGGTATTCCCCTCACCCTGAAGTAAGGGAGTCTCCCTCTTCCCCTCAGCTCCTAACCAAGGTGCTCAGTACCGCGGCTAGGGTGCCCAGCGGGAGGCTGGGTAGTTACCGGAGGAGGCAGAGCCGGTCGCACGCCTGGGTCCCAGCGGAGGCCCAGTCGACTCTCGACCCGGGCCCCAGCCTCCTTGCGTGGCGAAGGTCGTGCCTCAGGTCTCCTGGCGAACCTGGCCGCCCGGAAGCGGAGAGTGACTCCTCCCCTTCGTCCCCTCGGTGCCCGCCAGGCGGCGCCGTCGGCTGGGCCCGGATTCCCCTGCGGCTTCGATCCCTTTCCACTGGGTATTGAGATTGGCGAGGGGAGAGGCGCAGAAACGGCGTG,20.79934567474465,4.378466238318665
4449,ENST00000356493.9,ENSG00000165283.15,STOML2,35099776,35103195,150.7664655795219,1278,1386.08,1934.12,31.4381,GGCTTCTGGGAGCGACCGCTCCGCTCGTCTCGTTGGTTCCGGAGGTCGCTGCGGCGGTGGGAA,4.795660856715957,2.261729636726639
4450,ENST00000314888.9,ENSG00000137076.19,TLN1,35696948,35732395,35.57002350441271,8823,12417.3,3431.23,6.22562,GGAAGAGTTCTAGCCTGAAAGGGAACTCGGGCGTCGTCCTGGCGTCCTCTCCGGATTGCGCCGCACCCTCGCTTCCTGCCAGGGAGGGGCTGCCGGGCTTTGGCGGCTCCCGAGCATCGAGAACGGGGCCAGAGCAGCTTCCTGCCTGCCCCCCGCGACCATAGAGCGCGGGCCCAGGGCGCCGCCCGCGGGTGGGGGACGTTCCCAGGACGGAAGTGGCCGAGAGAGTGTCGAAGGGAGGGCGAGGCCGGAGCCCGAGGGCGACCCGAGAAGCGGCGGGGCGGCGGGCCGGCGGGCGGGGCGCAGAGCCAGGCAGCGCAGGTATAGCCAGGCTGGAGAAAAGAAGCTGCCACC,5.713490946188927,2.514372502475794
4451,ENST00000378103.7,ENSG00000070610.14,GBA2,35736866,35749228,4.733584249313501,3611,4919.89,606.904,2.77924,AGACCGGAAAGGGCTCGGGTCATCCCGGCGCCCAGGGTCACCTTCCCACGGGCTGGCACCTGGGCGCGGGCGCTGCCCCGGAGCCGGCCGGCGGGACCTGGCGCCCAATCCTGGGGGACCCGGTGCCGTGGCCCAGGGGCCGGGCCGAGGTCCCGGGGGCGGTGCCTTGCGGGCCCGTCCCGGGGCGGTGCCTGGTGGGCTGGCCCCGCGGCTCCTCCCCTCTCTGCGGGCCCAGTCGCCCTTTGGCCGGGCGAGCTAATCGTCGGCTCAATGACGACGAGGCCCGACCCTTCCCGTCCAGGACCTACAGAGACAACCGAAGGAGAGCCCAAGGCGGCTTCTTTGCTGTCGCCGCCCCCACTGAAGCAAGAGCTCCCCGGCTCCACTGAAACACCAGCTCATTTAAGCTTTCCCCAACGCCCGGCCCTCCGGGACGATACCTAACAACGACCGGCGCCCGCATCTGGAATAGGCTGGCGAGATACTTAGTATCCGAGGGCTCGGGACTTGGCGCCATCGAGGTC,1.703193768553094,0.7682425765479862
4452,ENST00000259667.5,ENSG00000137133.10,HINT2,35812960,35815354,40.43808215673703,628,573.742,135.939,5.33812,CGAGTGCTGACCCGGGTGAGAGGTTCCCGCGGCTCAGGGAAG,7.575341535360208,2.921310934164844
4453,ENST00000259605.10,ENSG00000137075.17,RNF38,36336396,36487548,7.130639830380887,5012,4640.76,263.754,1.28048,GCAAGTTCTTCCTTTCAGGGTTGAAGCGTGAGAGAGGTTGGTTTTTGAAACGGGAGTGTTTCAGGTTATTGAGGTCCAAAAAGAAATAAAGTTTTTGTTTACGTCTGT,5.5687240959490865,2.477346815661233
4454,ENST00000307750.4,ENSG00000168795.4,ZBTB5,37438114,37465399,17.831951149577865,4627,5172.62,549.0,2.39124,GCGAACTGGCTGGAGGAGCTAGGGGACTAGAGGCGGGGTGGGAGGGGGGCGGGTGGAAGGGGGAGGAAGTCCCGTAACGGAGACGCTGGTCAGGACGTTCCCACCTCCTCTGACACTGCCGAGTCCGATCGGAGAGGGGTCACCGCCTCCTTCAGCGAGGAGGAGGGGGGCGGAGCCCGACTCAGGATC,7.457198419890043,2.898633729023545
4456,ENST00000321301.6,ENSG00000175768.12,TOMM5,37510892,38069211,144.7027952217228,751,531.529,1339.66,56.7846,GGCAACGAGAGGGCGGGAACAGGAAGTGAGGATAGGCCGAGTTCCGGGCGCGAGGCGGCCACCGTGGAGAGCAGAGCGCGGCGGCTGGAAGCTGCTAAGTCAGAGCCGCG,2.548275328552509,1.3495211620832168
4458,ENST00000327304.9,ENSG00000107371.12,EXOSC3,37510892,38069211,100.121125766014,1806,1309.89,294.641,5.06781,GGTGGAGCCCGCG,19.756290343563396,4.304240171092399
4459,ENST00000377707.3,ENSG00000107338.9,SHB,37510892,38069211,17.19667605179569,2783,3948.82,295.88,1.68815,GCCGCCGGGACGGGCACGGGCGCGCGGGCTCCGGCGGGCGCCGGCTGCCTTCCTCCGTCGCTCGCTGTCTCTCCCGGCCGCATTCTCCTCCGCTGCGGGGCCGAGCTCTCCCCAGCGCTCGCAGGAAGGAAGAAGGGAGCCGAGGACGCCGAGAAGTTCCCGCGGCAGCCGCGGATCCCGGCCAAGGCGGAGGCTGCGGCTCCGACGGGGCAGGAGCGCGATCCACGGCGAGGGGCGTACGGCCAAAGGGTCCGCGGCGTGGAGCGCTCGGACCTTCCGCTCTCCCCCGGGCGTGGGCCGGGACCCCATGAGACGCGCCCACGAGGGGCGCGAGATTCCTAGCTTGGGCGGCGCTAGGCGGAGGGAGGTGTTGCAGCCGCCGGAGCCAGAGAGCTGCCGGCAGGAGGCGGCGGCGGCAAGAACTTGAACTTGGCGTCGGGAGCGGGCGCCCCGGACGCCCCCCGCCGGGGCCGGGGCGCCGAGGGACCTGCGCCGCAGCGCTGCCCCCCGAATGGCCGCGGCGGCGGACCGGGCTCCCGCGCCGCGGCCCTAGGCGGCCTCTCGCC,10.186699079937027,3.3486147280886254
4461,ENST00000340434.4,ENSG00000188647.12,PTAR1,69709522,69759959,10.432154326380022,1417,1187.56,58.8361,1.11622,CAAC,9.345966141423753,3.2243438106150255
4463,ENST00000377126.3,ENSG00000119138.4,KLF9,70384597,70414624,24.11511251615345,5175,5253.55,529.0,2.26864,TGACATAATGGGGTTTTTTTAATTATAGATTCACACTGCATTTATTCATCACCCCTGTCCTCTCATCCATAACTCAAATTTACTACCAGCAACACAAAATACAAAGATGTGTCCAGTTTCACTACAGCTCTTCGCGTTTACAAGTGTCGAGCGCTTGCTTTCGGAACGCCCTTGTGATTGGCCGAGCCAATGCCAGTGACATCAACCAACTTACTTTTGATTGGAAGGCTGGTTGCTGGGACTGTAGCGTTTGCAGGAAGTCACTTAACTGTTTGGGAGCTGGAAAACCGAAGCTGAAGTTCTCTTTTGCCATAGGAACGAGCGCAACTGACTAGGAAAGATGTGTCCCAAAGCTCCGCAAGCTGGAACGTGAGCCAGGAGGCCCGGACCGGCCACGGGACCGCGAGGCACTCCGAAAGTGTGCGGCTGCCCCTTCCCTGCCTCCCAGCTGTTACCCTTTTAAATGTCAGTGTTCGAGGCTGTAGGGGTAGCACGAGGCAGCGAAACGGAACAGTCGGATTGGCCGCACGCCTCAGTTCTAGACGCACCTCTCCACCGAAGGCCGTTCTGACTGGCAGGGGGAGAAAGTAAACAGAGTTGAATCACCCTCCCCACTGGCCAATTGGAGGGGGTTTGGTTTGTGACGTGATGGGATTCTGCGAAATTGTTACTGAGCAAGAGAATGCCGGAACGGTGCGGACCGGCCGGAGCAGGGGTTCAGAAGCCGTCAGTGGACTCGGGAAAAAGTGTCTCTTAGACCTGGCGCTCGGCGGGACCCTCGCCACCCGCGTCGGGGTGATCGGGTGAATGTCCTGGGGCTTTGGCTCGACGGCGAGGCGGCCGAGGGCGTGCACCTCTCTTGCAGTTTCCTCTCCCAGCGCCTCGGGGGCGTTTTCAGTCGAATAAACTTGCGACCGCCACGTGTGGCATCTTTCCAAGGGAGCCGGCTCAGAGGGGCCGGCGCGCCCGTCGGGGGATCGCGGCCGGCGCGGGGCAGGGGCGGCGGCTAGAGGCGGCGGCGCGGCGGAGCCCGGGGCCGTGGATGCTGCGTGCGGAGGCGCTGCCGGTTACGTAAAGATGAGGGGCTGAGGTCGCCTCGGCGCTCCTGCGAGTCGGAAGCGCCCCGCGCCCCCGCCCCCTTGGCCGCCGCGCCGTGCCGCGCCGCGCCGCGCTCGTCGTCCGAGGCCAGGGCAGGGCGAGCCGAACCTCCGCAGCCACCGCCAAGTTTGTCCGCGCCGCCTGGGCTGCCGTCGCCCGCACC,10.629766078422954,3.4100379437589723
4464,ENST00000377044.8,ENSG00000135048.13,TMEM2,71683366,71816690,6.753529576012107,6523,6739.73,323.782,1.08236,CGGCCCAGCCGAGCCGGGCTGCTTGTCTGGCCGGCGGAGGCTGAGCGCGACCCTAGCAAGCCGCGGCGCCCGCCGACCAGGGACAAGAGCGACTCCTGGGACCCCACTCTGCCCCGCGCCGCCGCCTCCTCCCCTGTTGTCGCGGGGACGCTCAGGCCCGCGCCGCCCGGGCCACGATTCTCCTCCTCTTTCTCCCGGAGGGGAAGGAACGGAGAAAGCCGAGCGGCGGCTCCGGGAGAGAGCGAGCCGAGGCCCCTGCCCCCGAGGCTCGGGGCAGGAGGAGGAGGAGGAGGAGGAGGCGGAGGCGGAGGGAAGTGCGCGTCACTCTCGGGAGGAGAGTATTTCACCTCCAGGCAGAGGCTGCGGCTGCCAGTTGAGTACGAGCGGCAGCTGCGGGCGCCGGCAATCGAGTGGCTTCCTGGCCATGGAGAGGAGATCTGGACCCGAGGACGCCAGGGACTCCTCTCCGTCTCCCTGGACCGCTGTGTAGGCACCTGAGTTAACGGACGCTAAGCGGGGTAGGGGAAGTAACAGTGTATC,6.239633371532675,2.6414612616819335
4465,ENST00000333421.6,ENSG00000107362.13,ABHD17B,71862452,71910931,43.25852014679529,2614,1793.41,234.322,2.94371,CGGACGGCGCCCGGAGCGCGGATCTCGCCTTGTGGAGGACAGCGCGTCGGCTGCGGTTCTCTCTCGACCCCTTCTGCCCGGCGCTTCGGCCCGGGCCGCTCAGGTGCAGAGC,14.695238371577123,3.8772768560340087
4466,ENST00000376962.9,ENSG00000107372.12,ZFAND5,72351425,72365235,25.38109273795652,2785,2495.83,615.423,5.55546,GGGACGCGGAGCTGTGTGCATCTCCTACGCGGGCTCGCTCGCTCCCGGGAGCCGCGCAGCTTCCCCGGCGGTGGCAGGAGCGGCGAAGAGCGCCATCAGCGGGCCCTTACGGCCCCAGGCCTCGCGGCGCGCGGTCCGCTCGCCCTCCTCGTCCGCCCAACCTGCGGCCTGTGGAGGCGTGAGGCGACGACAGGCGAGCGCCTCGAGCAGCGTTAGCCGCTGCGGCCGCCGGTCCTCCCTCCACCTCCTCCTCGGCCCCCCCTCGCTTCCCTCCTCCCACTTCCCGAGCTCCGGCGTGTCCCGGCCACGCTCGACGCTGCTGCAGGAACAAAGGAAGACCCCGCGGCGGCGGCGGCGCCACCTCCGCCTGCTGCTCCGACCCGCTCCCGGCCCGCGGCGGCGGCACCAGGGCGCCCGGCTCAGCCTTCCCGGAGGCCTCGGCCCGGCCTCATCGTGCCGGCTTCGCGCGCGAACCCGGCTTTCGCATTTGGGACCCTGCAGGGCCCTGAAAAGGAGCCTTTAAAAGTCAATTCTACTCCATTTGGCAAAGAGGGAACTGAAATCTGGAAAGTAAGGACTTGCCCAAGGTCACTGACTTAGTGGCAGACTAGAGACTTGAACTCAGGTCTCCATTCCCAGCAGAAAAAT,4.568675274046887,2.1917759043168115
4467,ENST00000376854.5,ENSG00000135045.6,C9orf40,74946581,74952886,96.1475426303946,2327,2073.48,355.0,3.85737,AGGTTCGAATCTCCGCCGCTTCGCGGTTGCTTCTCAACGTCCGGGCCGCATCTCGGCGGCGGCGAGGGCTGAGCGCGGGAGCTGCCTCCGAGCCGGAGCCCCAGCCCTAGGCCCTGCGCGAGCTGCCCCGCCCTACCCCCTCCAGCGTCCTGTCGCCTCCTCGCCCGACTTCGGCCTGTCCCTCTCTCACGCGCTCAGTCCTCGCTCTTCGCCCCCCGCAGCTATCGGCACTCGGTCTCCCGCGCCTGGCGGGCTCCGCCCGAGCCTCTGGGCCC,24.925672836775988,4.639560543750695
4468,ENST00000376834.7,ENSG00000156017.12,CARNMT1,74981020,75028423,22.07703258783837,4130,2803.93,513.926,4.12947,GCGGATGGAGGCCTGAGGGTGGCGGGGGCGGAGCGCGCCGCGAGCTGGGGGCATGTCCGCGGCGGGCGCCGTCTAGAGGAAGGCCAAGCAGCCGCCACCACGCTGTCGGTCGCGGAGAGACGCAAGCGAGCCAGGCCGAGGGCCGCGGCGGCG,5.346214547590458,2.41851773517432
4469,ENST00000376736.5,ENSG00000135002.11,RFK,76385517,76394517,83.84347127318348,2684,1969.38,497.202,5.68807,AAGGGAGCGCACGCCGGCGGCGCGGAGGCCGGCTCTGCGCTTCGGGCCGCCCCCTCCCCCCACCCCGCTCACACCCGGCACTTACTTCGGCTGTCTCCGCTGCCCTCCAGCGGAGACGCAGCTCCTCAGGCGCCCGGCGGTATTTGTTGGGTCGGCGGCGTCAGGGATTCGCAGTGGCCTGTGGTCGGCGTCGTCCGGCCACTGGTGCGCCCCCGCGGCAGGCAGAGCTCACGCTCCTGTCCCCCGGCTGGTCCGGGGTCTGGGCGCCGCGTCGACGGCGGCTCCGCAGGACGCGCAGACCGGGCCGCAGCCCATTCCCCGAGCGGACTGCATT,14.740231972036822,3.8816873236808447
4470,ENST00000286548.8,ENSG00000156052.10,GNAQ,77716087,78031458,10.485406811171282,6539,5399.21,1266.46,5.28472,CGTCGGCCCAGACTATCCGCTCCCACCGCGCCCCCGGCCCACCTGGTGGCCCCGGCCCTGGCCGCCGCCCCCGCGGCGGTTCCCGGAGCTCGTCCCGGACGCGCGCCCGGGCGGCGGGGGCTCGGCGGCCACCGCTGCCTCGGGGGAGCGAGGGCGGGAGGGTGTGTGTGCGCGCTGTGAGCAGGGGGTGCCGGCGGGGCTGCAGCGGAGGCACTTTGGAAGA,1.984098838003013,0.9884838954551799
4471,ENST00000376499.7,ENSG00000196781.14,TLE1,81583683,81689305,34.509824762851615,3893,5112.84,714.324,3.14771,TTTGCCCGCCGGGGAGGGTGGCCGATTGGCGGAGCGCACTCCTGCTGTTTTCCCCACCATCTCGTGGATGTCGTCCCTCGGGTGGTGAGAGAACTTTGCAGTGGGCTGGAGCGCCCTTTGCGGAGAAGCACACGAAGGTGAAGGAAGGAAAGAAAGAAGACCGAGGAAGAAGGAGCTCGGAAGAAGGGTCCGGAGCGGCCGGTCCGGCCGTGCAGGGCGAGTGCGCCCGAGGCGCGGCGCCCTGATGCTCCCCGGGCTCGAGGAGCATTGGGCACTTGCGGGACTGCTCTCGGTGGAGTAGCCCCGTCGGGCCCGGAGGGTTTGTGCAACCGCGGAGAACACCGAGTGCTGGTCGCACGGGGCGTGCCGAGCCGCCTCCCGGCGCGCCCTCCGCACTTTCCCCGCCTCGTCATCCGTCGCTCCCCGGCCAGGAGCCTCCGCTGCGTCTTCAACCTCGCTCCCCTTTGCGTCCCGGGAGCCTGCGAGCACCCGGCCGAAGGCGCAGCCGAATCTTGCGGGAGTCGCCCCGAAAGCGTCGGGTTTGTGTGGGGTTAGCGGGGGCCGCCGCGCCACCTGCACCTCGCCCGCCGCCGCCTCGGGGAAAGCCCGAAGAGGAGGCGGACCAGGAGAAGAGCAAAGAAAAGCAGTCCGTCTGGATTTGTTTGCCCAGGACTGGCGCCGCGCACGCGGATCGCCGAGGGGAGTGCGGTCGGAGTCACCGCGCCCCCGCCTCCCCGCCCGGGCAGCTGAGGCCGGGGGTTGGAGCGCTGCCCCCGCGCACAGTCCCCGAGCGCCCGACGTCTCCGCGCAGGTTCTTGAAGCAGCTGGGCCTGGGGCGCCCACTAATGTGGCCCTGAGGGCCGGAGCCCGCACCGACGGGAGCGGGAGCCGGAGCAGCTGCGGGCGCCGAGTGGCCGGTGCGCCCGGCGGAGCGCGCGTGCGTGGCCAGCGCGCTCCCCGCTTCTGCTTGGCTTTCCGGCTTAATTTTCCTCGGCGGGATTAAAGTTGGAAATTGACCGGAGAATTGAGTTGCCGGGGAACAGAGCCCCGGCCGCCGCCAGAGCG,10.963470193522152,3.4546326120339543
4474,ENST00000376447.3,ENSG00000165105.9,RASEF,82979585,83063177,19.379347950803364,5576,5153.54,845.042,3.69432,CTCCTTGGCGGTGCCTGGAGCCCGGGCGCACCCCACCGCTCCCGGGACCTGTTGGGGGCTGGCCCGAACCGTCGTCGAAGGGAGCCGCTCGGCCACCCCCGACGTTCCTCGCCCCGCCCGACGTTCCCTCAAGTGGCCGAACCAGCCGGACGAGCCAAACTCGCCGGGCCTCCCGGCGGCAGCAGGTGGCCCCGTCCTTCCAGGGAGGGCCCTGCGCCCCGCGGCGCTCCGGAGCCCTCTCGGCCGCCCCCGCCAGGCGGG,5.245714488946103,2.391139287475017
4475,ENST00000376395.8,ENSG00000135018.13,UBQLN1,83659963,83708203,110.54459913389742,4118,3840.18,2784.01,16.3336,GGAAACTGCGATTTAGTTTTTGGTGAAAGGAGTGGAAAAAAACCATGAACTGACCTACCCCGCCCCATTTTGCTTTTAGTCCTTCACACTGGCTTCGCCTGCACTTTGGGCAATGGAGCGGGAAAGGAAAAGGCACGCAGGCTGAGCTCAAAGTCGCGCCAGCCGGGGATGACTCGGCGACGCCGCCAGGCGCGTTACCCGGCGTGCTCCGCGCGGCGCCGGCGAAGGGACGTGGGGGAAGGGGCAGGGAGGAGGAAGCGGTGGCTGCTGCGGATGTCGGTGTGAGCGAGCGGCGCCTGAACACACGGCGGCTGCCGAGCGCCTGACCCGGGCCTGCGCCAGAGCCTGCACCGAGCTCCGGGGCCCCACACCCGCTACGGTGGCCCTGCGCCCGTTGCTACTGAGGCGGCGTGCTCTGCATTCTTCGCTGTCCAGGCCTGCCGGCTCTGGTGTCTGCTGGCTCCTCCTTGCTCGCCTGCTCCCTCCTGCTTGCCTGAGTCACCGCCGCCGCCGCCGCCACAGCC,6.76792618491315,2.7587138336410075
4477,ENST00000376371.6,ENSG00000165113.12,GKAP1,83739421,83829516,9.939142223394544,1778,1276.49,151.933,2.68161,TGCAGCCGCGCTCACCTCCGCGGTCCGCCCCGGCGCCCCGGGACCCGTTAGTGCCCAGCCTGTGGGCCGACCGCGACCCCCGCCCGGCGCGAGCCTGCCCCCAGCTCTGCCGACACTTGACCCAGACCAGTCCCAACGCCCAGTGCGGCCGCCCGGGGAGCCGCGGGAGAGGCGGCGGCGGGGGGAGGAGGGAGAGGAGGGCCGAGCCGGCGGCACGGGAGGCCCGGTTTTGAAGCCGCTTCTCTGCCCGAGTTAGGTTTCGCCCAGCGCAATTTCTTTCTCTATGTACTTTGCGAATAAGTTTCGGAGCATCGGTTAACAGCCTATGGGTGAAATTTGGCTTTCATTCATGAATGAGAAATTATTCTTGACAGAAGTATTTTAAAAGAAAAATCTTTACG,3.706408546878384,1.8900219143036048
4478,ENST00000376344.7,ENSG00000165118.14,C9orf64,83938311,83956986,53.53195942653397,2443,2370.95,320.24,3.0431,CGAGCTGCCCCGGGGTCTCTCTGGTTTCCTAATCAGGGCAACGCCGCGGGAGAGAACCTTTACCTTGGCTGCACTAAGTTCTCGGTGCCACTCCCTGGCAGGGCGGGACCTTGTTTAGGCCCTGTGATCGCGCGGTTCGTAGTAGCGCAAGGCGCAGAGTGGACCTTGACCCGCCTAGGGCGGGAAGAGTTTGGCCCGCCGGGTCCCAAAGGGCAGA,17.59125872515986,4.136786812010763
4479,ENST00000376281.8,ENSG00000165119.19,HNRNPK,83968083,83980616,208.1016340219729,2928,2629.38,4055.09,34.7464,AGGGCGCTCCAGGCGACAGCACTGCAGACGCCATTATCCTCTGTTTCTCTGCTGCACCGACCTCGACGTCTTGCCTGTGTCCCACTTGTTCGCGGCCTATAGGCTACTGCAGCACTGGGGTGTCAGTTGTTGGTCCGACCCAGAACGCTTCAGTTCTGCTCTGCAAGGATATATAATAACTGATTGGTGTGCCCGTTTAATAAAAGAAT,5.989156690246267,2.5823528770623576
4481,ENST00000357081.7,ENSG00000135049.15,AGTPBP1,85546539,85742029,18.34249719283889,4393,3387.02,1042.46,6.93434,GGGTTTGTATGAAAACACCGGGCGGCGGGCGGCGAGGGATCCGCCGTGATCCAGGTGCTGAGCCGGGTGCTGCGGCTCTGCGCGGTCCCCGCCAGCGCCCCATCCTGAGCCGATTATCTGCAATTATGAAATGAAGTAACTCAAG,2.6451684216290077,1.4033595837053916
4483,ENST00000388712.7,ENSG00000135052.16,GOLM1,86026146,86100173,127.30774645114568,3046,3129.12,3793.73,27.3154,GGAGACGCGGCGGCGCTGGACGCGGAGGCGCTGGGCGCACGGCGCGGAGCCGGCCGGAGCTCGAGGCCGGCGGCGGCGGGAGAGCGACCCGGGCGGCCTCGTAGCGGGGCCCCGGATCCCCGAGTGGCGGCCGGAGCCTCGAAAAGAGATTCTCAGCGCTGATTTTGAG,4.660658326480508,2.220533752576462
4484,ENST00000375963.7,ENSG00000083223.17,ZCCHC6,86287733,86354454,7.394450832483031,5379,4920.42,404.083,1.85025,ACAGGAAGAGGCTGGGGACCGCGGCGAAGGTGGTGAGTGCTCTTGGGCGCCTTCTCCCAACGTCCCTGCCAGACTCGCCTCCGGGCTGATTCTCCAGTTGGTTTCCTGGACTCCAGAGTAGCTGTCCGGCCTGGCCCCGGAGGTGCAAAGTAAGAAAATTGAAGTCAAAGACC,3.9964603877762634,1.9987227895624462
4487,ENST00000298743.8,ENSG00000180447.6,GAS1,86944363,86947189,36.26995986361024,2827,3301.29,367.0,2.50464,AGCAGCCGGCACGGGGACAGCCGGCCGCACAACGGATCTGCAGGCGCGGAGCAAAATGCACCCGCCGCGCCGCGCGGTCCTGCAGCCCCGCCACGGCCCCGCGGCCCGCACCCCCCCGGGGCGACAGTGAGCCTCTCCCGCCACCACCGGGGGCCGAGCGGAGGGCTCTCGGGTGGGAGAGCGGGACCAGATCTCGACAGCTGTTCATTTCCAGGAAGCCACCGCAGCCAGAGCGAAAGGGGACCTTCTGCCACCAGCGGGGCATCAGCCAGCGGCGCGCATGGATTTATGAAGACACTCATGCAAGAAGTGGGCAGGACTTGGACAAACTTTTCCACCGGCTCCGCGTCCGCCGCTCCCCGCGCCTCGTCTCCTTTCCCCTCCTCTCCCGGCGGCCGCCGCTGCCCGCG,14.481107010831991,3.856099988606234
4488,ENST00000375731.8,ENSG00000148090.11,AUH,91213815,91361913,17.469668454101328,1577,1242.6,209.783,3.80366,AGGTCCACGCCGTAAACAGACAAC,4.592857525147181,2.19939203046682
4489,ENST00000297689.3,ENSG00000165030.3,NFIL3,91409045,91423862,15.646612666241062,2085,1796.32,146.0,1.83118,ACGTAGCGCGGCGCTCGGAACTGACCTACTAACACACATCTCTCCGCGCGGCCACGGCGCCCGCGGACCCGGCGCGCCCGCCCGCCTCCCGCGCCGCGCCCTCGCCGCCGCCCGCCTCCCGCCGCGGCCCCGGAGGCCCGGCCCGGCCCGAGCCCCGAGCGCCGGCGGCCCGACTCCCGGCCGCCCCTTTCTTTCTCCTCGCCGGCCCGAGAGCAGGAACACGATAACGAAGGAGGCCCAACTTCATTCAATAAGGAGCCTGACGGATTTATCCCAGACGGTAGAACAAAAGGAAGAATATTGATGGATTTTAAACCAGAGTTTTTAAAGAGCTTGAGAATACGGGGAAATTAATTTGTTCTCCTACACACATAGATAGGGTAAGGTTGTTTCTG,8.54455196443881,3.0950048458360566
4491,ENST00000262554.6,ENSG00000090054.13,SPTLC1,92031999,92115384,44.48172035068339,1894,1717.98,713.102,9.35179,CTAACT,4.756492644796706,2.2498981472528863
4492,ENST00000375643.7,ENSG00000196305.17,IARS,92210207,92293756,133.98230456473837,4656,4583.84,3864.78,18.9958,TCCGTGCGCCCGGTTGCAGCGTGGACGCCGGATGAGTTGCTTTTAGGCTTGCTGGCCCGCGGGGCTGTCCAGGCACGCGAGGCCCCTCAGGTACGCCCTCTCTTCCCTGCAGGATCCGGCCCTCAAAGACGAGGGTCACGCACGCGTTACAACCCCGAAACAGTAGCACAAGATTTAATTTTTAAAAGAGCGTGTTTCTTCGGGGCTTGCCGTTCGTTCGTTTCCAGCCTCAGGAATTTATGGTCGCCTTTTTGAATGAGCAACAAA,7.053259381796943,2.818290095426162
4493,ENST00000442668.6,ENSG00000198000.11,NOL8,92297358,92325636,12.982036100526038,4281,3538.83,801.106,5.10025,ATAGTGTTCAATAGAAACTAGGGGATTTTGGTTTAGGCTCTTTTGCAGTCGTTGAGGGGGAGGTGACGGAGGCGTCAGGGAAGGTGGGAGGACGGAAAAGGAAATTAAAAGCTCTTGGGAACTGAATTGTGGTAACGGAACCTTAGGAGGCTGGGTTGGAAATCGAGTAGGAAGGAAGAGAGGATGCTCCGTTGGGACACGTGACCAGAAGTTAGGGGCTGCAGCGGCGCTGGCTTTAGGTGAACGACGTGAAAATTACTTTTCCCACTGAAACACACCCAAGTATATGCCCAGCCTTC,2.545372501451113,1.347876802340696
4494,ENST00000375512.3,ENSG00000185963.13,BICD2,92711363,92764812,2.419545052129761,4636,5662.93,468.158,1.86257,GCGGCGGCGGCTGAGGAGGGCCCGGCCTGCGAGAGCCTCAGTGGGAGCCGGCTCAGCCCTCGGCCACC,1.299035768926677,0.3774411559148744
4495,ENST00000375446.4,ENSG00000131669.9,NINJ1,93121489,93134288,15.815227703372534,1281,1779.8,520.668,6.591,CGCAGCTGGAGCCTGCGGCTGAGGCTCGGGCGCGCTCAGGCCCGGATCCTGGCGGCCTGGGCGGCCGCACC,2.399518692667658,1.2627450519429957
4497,ENST00000289081.7,ENSG00000158169.12,FANCC,95099054,95426796,15.591895140383071,4585,5331.11,288.395,1.2188,ACTGCTGACACGTGTGCGCGCGCGCGGCTCCACTGCCGGGCGACCGCGGGAAAATTCCAAAAAAACTCAAAAAGCCAATACGAGGCAAAGCCAAATTTTCAAGCCACAGATCCCGGGCGGTGGCTTCCTTTCCGCCACTGCCCAAACTGCTGAAGCAGCTCCCGCGAGGACCACCCGATTTAATGTGTGCCGACCATTTCCTTCAGTGCTGGACAGGCTGCTGTGAAGGGACATCACCTTTTCGCTTTTTCCAAG,12.792825024928677,3.67726298298583
4498,ENST00000253270.11,ENSG00000130958.11,SLC35D2,96320706,96383710,2.210536912023456,1613,1411.22,68.1296,1.08768,GGCCGGGCGGGACCAGTGCGCAGCCGGGGCTGGCGGGCGGCGGGGTCCGCGGGGCCGCAGGAG,2.03234123273707,1.0231426528220766
4499,ENST00000375256.4,ENSG00000165244.6,ZNF367,96385941,96418329,11.863031264637584,3646,3339.62,516.0,3.48108,GCGTCCTGCTTTCCTGTCACCGCAAGGGCCGGGCCGCCCGCTGCTTCCCACCCCTGCAGCCTGCGCTGCGGAGTACAAAGAGCGGAGGGCGCGCTTGACCTGGGGCTGGGGTCCAGCCCTGCCCGCCGGTGCCGTCTGCTCAACTAGTTAGGTGGCTGCTGCGCAGGATTCCGGGAAACGTCAGTCTGCCATGAGCCGGCAGGACTGAGCCTGCGACTCGGAGCAGAGCGAGTGAGGGGCAGAGCGGTGCTCAGGAGTGCGGCCCGGGGCCGCCGGAGCTGGGGGTCGGGCCGGGCG,3.407859418524591,1.7688658225412581
4500,ENST00000223428.8,ENSG00000081386.12,ZNF510,96755865,96778129,1.76061757651219,5154,4762.02,257.712,1.21928,GTTCGCAGCTCAGGAAGGAGGGAGCCCCAGGAACAGGAGTCCCACCGAAGAACTGCTCTCTGACAGAACAGAGACCTCCTCACCAGGGCTTCCAAACAGATGCAGAAGAACCCAGAAAGGAGCAGGTCTTGATTTGCCCAACCAGCGGCACTTCTTCATCCCCTTGCCCAGAGAGCACCAGACTTGGTG,1.4439813467884244,0.5300521057502555
4501,ENST00000259470.5,ENSG00000136943.10,CTSV,97029679,97039643,72.91099472866016,1546,1430.25,268.673,4.23228,GGTAGGCGCGCCCAGACCTGAGACGGGTTGGGACTGGGCTGCGTCACGCGCGGGCTCTAAGCGCCCGGGGCCCCGCCCAGTGGCCGGCACAGCCAATCGCAGCGCGGGAAGGCGGTGGGGGCGGGGAAGGCCGCCTGGAAACTTAAATCCCGAGGCGGGCGAACCTGCACCAGACCGCGGACGTCTGTAATCTCAGAGGCTTGTTTGCTGAGGGTGCCTGCGCAGCTGCGACGGCTGCTGGTTTTGAAAC,17.22735611270052,4.106629402615441
4502,ENST00000341170.4,ENSG00000136925.14,TSTD2,97600080,97633575,9.073544944591108,4320,4433.8,313.864,1.59488,CGCAGAAAGTGCCGCCGCTTTGGCCACTCAGAGCCCCCGGGCCGCGGTCGTCGTACGCCTGAAGGCGGGTCGTGCCGGCGGCCGCTCTAGTCTCCGCCTCCGCTCAGGCCGGTCCTCCGGGGCTTCTCAATGGTTTCCCGGTGGCCTCTCAATGGTTTTCCCGGCGGCCCTTGCGCCGACGCCAGGAGACTTCCGGAGCTTGGTGACGTCACGAGCGAGCTTTTCTACCCAAATACGCGGCGGGGGAATAGGCTCGAGGGCGGTGAGCAGTGACAATTGCTAGGCGGAGACAGTGCAGGGAAGAGAGACCTTAGAAAGGATCAGGACTGGCGGGAGGTATTTAACTGAAAGGAATATCTGCTTCACTGTTGCAACCAAACCAG,5.689170937369023,2.5082184290357876
4503,ENST00000375128.4,ENSG00000136936.10,XPA,97674909,97697357,26.705198604851837,1417,985.946,181.688,4.15178,GGCTCGCCTCGGCGTGCAGTGCGCGTGCGTGGAGCTGGGAGCTAGGTCCTCGGAGTGGGCCAGAG,6.432228731978053,2.6853187100963005
4504,ENST00000341469.6,ENSG00000106785.14,TRIM14,98069275,98119212,8.800541871093971,4454,5322.11,997.639,4.22329,GTGGAGATGA,2.0838118791496605,1.0592250409234387
4505,ENST00000353234.4,ENSG00000165138.17,ANKS6,98731329,98796965,3.233548810489956,7164,9635.84,553.969,1.29526,GACGCGGCCGGCGGGGCGGACGGGAGCGGGCCGCGCGTGGCGGCGGCG,2.4964476711161896,1.3198766661663444
4508,ENST00000476832.1,ENSG00000119523.9,ALG2,99216426,99221956,13.724987359417833,1880,1915.06,158.838,1.86867,AGCGCGGAGCTTGCGCAGAAGACCCCCATCAGGGTGCGGGGTGCAGTTGCGGCTCCAGGGCC,7.344789266921303,2.87672109827931
4509,ENST00000262455.6,ENSG00000023318.7,ERP44,99979179,100099040,90.78290774987596,4854,4280.84,1073.0,5.6472,GAAGTGAGGGTGTGAGAGGCCTCTCTGGAAGTTGTCCCGGGTGTTCGCCGCTGGAGCCCGGGTCGAGAGGACGAGGTGCCGCTGCCTGGAGAATCCTCCGCTGCCGTCGGCTCCCGGAGCCCAGCCCTTTCCTAACCCAACCCAACCTAGCCCAGTCCCAGCCGCCAGCGCCTGTCCCTGTCACGGACCCCAGCGTTACC,16.07573802059002,4.0068130666057105
4510,ENST00000374902.8,ENSG00000136891.13,TEX10,100302077,100352939,32.092433048851824,3074,2854.72,1246.89,9.84069,GATTTCCGGGCGGCGGAAGGAGACGCGGCCGCGTGAGGACGAGGCTATTTGAAAACACGCTCCGGGAGCTAGAGCCTGAGGTCGGCGGCGCACGCTGTTGCCCCGTGGGCTTCTGCTCCCTCGCTTGTCTTCTCGGGCTTCTCGCCCCGGCCGCGGCCGGGTCCTCAGTAGTCGAGA,3.2611974413228975,1.7054017882174826
4511,ENST00000374865.4,ENSG00000136897.7,MRPL50,101387633,101398614,100.92155234462751,3332,2317.31,426.0,4.14178,AGGCCCGTGGATCTCATCGAAG,24.366710048488216,4.606839568880845
4512,ENST00000374848.7,ENSG00000165152.8,TMEM246,101473171,101533537,27.194994829882454,4244,4359.37,615.718,3.18214,GCCGCTTTGGGGGCCGCGGTCTCTCCGCAGCTCGCGGGTCACATGGCCCGCCTGAGCAAGGGGAGCCCTGCGCCTGAGCTGCGAGGCGGGAGGAGGTGAGGCTCCGGCGCACACCCAAACCGCGCTGCGCCCGCTCCTTCCGGGCCCCGGAGATGGCGCCTCCACCGGGATGAGCTAGCCAGCCTGGGCAATACCAGAGGCGGCCCTCGGCGCGCGCAGGGGACCGAGCTGGTCGCCCCAACCGGGTTTGATTTCTGATGACTCTGGCCTGAGTTCCAGGATGGTTTTTTCTTGGGACCAGACATGAACAAAAGTTGACCTC,8.546133994696165,3.095271937188481
4513,ENST00000374647.9,ENSG00000070061.14,IKBKAP,108867517,108934116,73.4460854789007,5905,5707.57,1129.44,4.45834,AGTGCTGCGGCTGCCTAGTTGACGCACCCATTGAGTCGCTGGCTTCTTTGCAGCGCTTCAGCGTTTTCCCCTGGAGGGCGCCTCCATCCTTGGAGGCCTAGTGCCGTCGGAGAGAGAGCGGGAGCCGCGGACAGAGACGCGTGCGCAATTCGGAGCCGACTCTGGGTGCGGACTGTGGGAGCTGACTCTGGGTAGCCGGCTGCGCGTGGCTGGGGAGGCGAGGCCGGACGCACCTCTGTTTGGGGGTCCTCAGAGATTAATGATTCATCAAGGGATAGTTGTACTTGTCTCGTGGGAATCACTTCATC,16.47386369790117,4.042107052142592
4515,ENST00000325551.8,ENSG00000119326.14,CTNNAL1,108942569,109013529,44.75431712126258,2490,1781.23,1430.0,18.0875,CCTGTCGCCGCCGCCTCGGGCGGGTGGGCTGACTGGCGGCAGGCTCGCCGCGGCGCGGAGTCCCGGCTGCGGGATAGACCGAGGGCC,2.474322992191435,1.3070338385590685
4516,ENST00000374586.7,ENSG00000106771.12,TMEM245,109015152,109119945,19.503892429449568,7980,7449.75,1122.75,3.3955,CGCCCCTCGGGGGCGGCTGTGGCGGAGGAACG,5.744041357517175,2.5220661367079926
4517,ENST00000374557.4,ENSG00000095203.14,EPB41L4B,109171975,109320964,4.372404989795199,4006,4037.47,224.228,1.25124,GGAAAAGGCGCCTTGGGAGCGGGCGCTCGGCGGGGCCTCCTCGGGCCCCGGGCGCGGCGCGGCGAGTGGGAGCGAGCGCGCCAGGACCACGCAGGCGCCCTGCTCCGGCTGGCCCTCGGCCGGCGCGCGGCGCGGGAGCAGCCCGCAGCCCGCCTCCCGCGCCCCCGGCAGCCCCCTGGCAGCCCGCAGCCGCCCGTCCGGAGCAGCCCCTCGGCAGCCCGCGCAGGCCGCCGGCCCGGGAGAGCGCGCGGCGGCGGCGGCGGCGGGACGGCCCCGAGCGCGCCCTCCCGCCTGCGGCCACTCGCAGCCGGCGCTGGCCGGGCCGGCGCGCCCCGCAGGCGGCTAGAGCGCGGCCTCGGCCTCGGCGCGGGCTTGCCCCGGGCCGTAGCCCGCGAGAGGCGGCGCGGGCGGCCGAGGGCACTGACGGCGTCGCGGGACGCTCCCGGGCGGCGGCGCAGCGGCAGCGGCAGCGGCAGCGGCAGCGCAGGGGGCGGAGGCAGGGGGCGCCCCCAGCCAGG,3.4944574900060736,1.8050684964506458
4518,ENST00000374517.5,ENSG00000136810.12,TXN,110243811,110256640,793.1423556953636,869,607.09,1714.95,63.6446,CTCGCAGGCTCCAGGGGCGGGGCGTGGCCGGGGCGCAGCGACGGGCGCGGAGGTCCGGCCGGGCGCGCGCGCCCCCGCCACACGCACGCCGGGCGTGCCAGTTTATAAAGGGAGAGAGCAAGCAGCGAGTCTTGAAGCTCTGTTTGGTGCTTTGGATCCATTTCCATCGGTCCTTACAGCCGCTCGTCAGACTCCAGCAGCCAAG,12.462052643827812,3.6394698113371065
4519,ENST00000338205.9,ENSG00000136813.14,KIAA0368,111360692,111484745,35.88284104321868,7078,6968.3,2361.3,7.6346,GCGTGTTTCCCCAGGTCGGGCCCAGCCAACGTGACAGCCGCAGACCTCGGAAAAGGGCGCTCCGGCCCCGCCTCGAGGATTTCCCCCGGCCGCTAGGGCAGCCCGGGCCCGCTCGGCCCAGCCCCTCACGGACTGCGGCGCGCGGCTCCCCGGGGCCCGGCCCGCCGAACGCCTCGCTCTACAGCCCTCACCTCGCGGCGCCGAGCGCAGCGTCCGCGGC,4.700028952822503,2.232669644016826
4520,ENST00000309195.9,ENSG00000106853.17,PTGR1,111549773,111599855,7.39747720020372,1223,1014.25,56.533,1.25579,GTTCCTTGGAGAGCTTGGAGCCGCGCGCCGGAGGGAATAGGAAAGCTTGGTTACAACCCGGGACACCCGGAGCTTCAGG,5.890696056031438,2.5584381157626113
4521,ENST00000374242.8,ENSG00000148153.13,INIP,112683926,112718236,14.662350571396482,4233,3904.08,505.909,2.91955,TTTGGAAAAAAAAGTGACGTCTGCACTGAGGTGGCCGCTAAAGTGCGAATCACGACGGGCGGTGGCCGTTGGGTCCCGGCGGGAGGCGGGGTTTCCGCTCCCTGGGGCGCACGTCAGTCAGGAGGCGGAAGCGCAGCGGGGGCGGGAAGGTTGTAGTGCCGCGAGTTGAGCTCCTCTTGCCTAAGTGGTCGCGCCCCCTTTAAGAGCAGCGATTGTAAGGAGAGGCGGTCCCGGTGTCCTCGGGTCCCAGGTGATTGTGAAGTGCTGACCAATTGCCACTGGACATACTTGAAACAAAATAGGAAA,5.022126893321396,2.328298481427553
4523,ENST00000374171.4,ENSG00000148229.12,POLE3,113407235,113410672,105.38011006580892,2191,2062.0,1097.49,11.9915,AGCGGCGCAGGGCACCATGGGAAACGGACGGAAGCTCCATTGAGCCAAATAAGTTGGCCACGTGGGGCGGAACGGAAACCTCGCAGGGTCAGACCGTAGCGACGCGGGAAGTCCGGACGCAGTAGCTCCCTGAAGCGGAGGCGAAGGGGAGTTTAAGCCCCAGCGGCGGCA,8.787900601743646,3.135518551806876
4524,ENST00000341037.8,ENSG00000041982.15,TNC,115019578,115118257,3.3783268425434145,6786,9064.26,404.092,1.00441,TTCTTTCAAGAAGATCAGGGACAACTGATTTGAAGTCTACTCTGTGCTTCTAAATCCCCAATTCTGCTGAAAGTGAGATACCCTAGAGCCCTAGAGCCCCAGCAGCACCCAGCCAAACCCACCTCCACC,3.363493834732245,1.7499606137187347
4525,ENST00000349780.8,ENSG00000136861.17,CDK5RAP2,120388869,120580170,9.407925912504274,6228,6684.05,350.242,1.18057,GGAAGAAGCGCCGGGAAAGATGGCGGCGTCTGTGGTTTGAATTCCAGCGGCGCCGCCAGAGTCTGAACAAGAGCTGGGGTGGAGGGGGCGGGGACCTGGGGAGCCCGGCGGGTCGCTATCGCGGGGGGTACTAGTGGCGCCGCCGCCACAGACACCAACGCTGTCGCCACCTCTGTAGCC,7.968969152616341,2.994393112597875
4527,ENST00000373930.3,ENSG00000106780.8,MEGF9,120600813,120714470,4.715754884003229,6298,6237.56,494.684,1.78679,AGAGGGAGGTGGCGATGGTGCGCCCGGTGGCGGTGGCGGCGGCGGTTGCGGAGGCTTCCTTGGTCGGATTGCAACGAGGAGAAGATGACTGACCAACCGACTGGCTGAATGA,2.6392328611662417,1.4001186461658415
4529,ENST00000608872.5,ENSG00000119402.16,FBXW2,120751978,120793412,11.405883382894718,9138,8533.29,865.315,2.28465,AGCACCGGAAGCCGCTCCCCTGTGAGGCTGCGGACCGGGAGCAGCGGCCGCAGGTCCGGGCGCCATGGCTGCGGAGCGGACCCGGCCGCTGCAAGGCTCTGGCGGTCCGAGCGTGCCTAGTAGCTGTGAACCCGGCGCGAGGTCCCGGGCCCCGGGGCGCTCGCTCAGGTAAATTTTTCCATAACCTT,4.9923985655985454,2.3197331156222605
4531,ENST00000312189.10,ENSG00000119403.13,PHF19,120855652,120894896,19.932966546280348,836,872.246,230.7,5.95897,ACTCGGCCGGGCAGCCGCGGGCCGAGCGCAGCCGCCTCCGCCACCGATGCGCCTGGTGGCCAGACTCCAAGTGGGACCGGCGGACACGCAGCCTCGCGTGTCAGGGGAAGCTG,3.3450355592124725,1.7420215474367853
4532,ENST00000373840.8,ENSG00000119396.10,RAB14,121178137,121223014,139.50146028537074,4145,3773.75,974.395,5.81733,ATCTTGGACCAGCCCGAGGAAGATACTGAGGGAGCACAGGAGCAGTCACCGCTGCCACTGCTACTGCCGCTACTGCTGCCGGCGCGTCTGCACCTCTCGGCCTGCCAGTGTACCTGCCGGCGCCTCGGTCGACCGCCCCCGCCCCCTCTCCCGCTGCGTCCGCACTCCTGTTCCTGGTCCTGACGCCCCCCTCCCGCCCGGAAAGCTGCCCAGCCACCAGCAACCCCCCAGTGCCACC,23.980324355910827,4.583779267546893
4533,ENST00000286713.6,ENSG00000148175.12,STOM,121338988,121370304,20.969182235197277,3010,2770.57,316.167,2.57104,GACTGCGTCTCGGGCAGC,8.155914429646087,3.0278466389429286
4534,ENST00000373768.3,ENSG00000119421.6,NDUFA8,122144058,122159819,190.29126129088883,844,671.36,587.0,19.699,GGTTGGGCAGGGCAATACGCCTGCGTGTTGCCGGATGCGCATGCGCAGGCGCCGTGTGGCACTCGGCGGTCGAAAGGGGAGTTCAAGGAGACGGGGGCGACGCGGCTGAGGGCTTCTCGTCGGGGTCGGGGCTGCAGCCGTC,9.65994524041265,3.272015010840652
4535,ENST00000417201.3,ENSG00000119446.13,RBM18,122237624,122264839,26.75764241547152,4974,4082.09,385.958,2.1302,TAACGCGTCACGGGCGGCCTGGCAGCTGGCGGCATTGAGGCGGACGCGTCTAGAGGTCCGTCTGACCGCGGCGTCGGGACCTGGTTTCCGGGCATGAGCTGAGAGCACCACGCCGAGGCCACGAGTATTTCATAGACATTG,12.561093989048691,3.6508902138815413
4536,ENST00000259467.8,ENSG00000136940.13,PDCL,122798389,122828631,31.011402767183423,2813,2359.1,295.123,2.81851,CGCAGGAAGGCCGCCTCATTGGTCCGCGCTGTCGGGCTTCGGCGGCTTTTCTCTTTAGCGCTCAGGGCGCTGACCCACTGCTCTTCCTCTTAAGAAAGTGCTCCATTCCTTCCGGCGCCCGGAGCTGCTGGCCCAAAGGGATCCGGAGCGAGCTAGGGCAGACACC,11.002764853480535,3.459794194927387
4537,ENST00000373670.5,ENSG00000056586.15,RC3H2,122844556,122905341,3.850025200934088,9248,7565.41,1265.47,3.76862,AGCCAAGTCTTGTCAGAGATTTCCTCTTTCAGGTGGCAAAGCTGTTTTCTTCACACTTGAGTCTCTACAATATTGTTTGGATCAGTAGTTTCCAAAGTTCATTAACTCCTGGCCATACTTTATTATGTTTTGGGGTACTGGTTATCCAAGGGAAACACTTTTTTAAACAACAAAACAAAAAAACCGCCCAGCAGTCCAAAGTAATTTGTGTTCCTAAAAATGGAATATGGAAAGTTAATTTGCTTGTTTGATGTGGTCGTTGAGAAAAATACATAAAAGCTTTGATGTTTATTATGTGAGCAACCAATATAAATACAGTTTAGTTGAAAGGAACACTATTAAGGTATTGTTTCCAGGCAGAATTTCAGAAATGTAATTAATTCAGCAAATAGGTTTTTTAAAAAAGACATCCAAAGGTTATAAAATTATTTAGAAGTATTTTAGGTCTGAAGCTGTAATAGTTGACTTAAGCAATTAACTCTTCAAAGGTGAATGATGAATATGTGGTTAATTCATACTTTTGTCCATTTCTAGCTTACAAAACACTACACAGCAAAATAATGATCTGCTAGACTGCTAACCCGAGCATCCAGCTTCCACA,1.021600798418012,0.03083155767212361
4539,ENST00000373659.3,ENSG00000186130.4,ZBTB6,122908056,122913330,31.030808348561937,4106,2900.86,334.0,2.59407,GTGTTTTCTTCCAGGCTAAGTCCATCTTCCGGCTTGGGCAGACGCTGCCGCGGAATCCTTGACTCTAGTTTTCTGAGTCGATTGTGATC,11.962209326873191,3.58041196356744
4540,ENST00000373656.3,ENSG00000171448.8,ZBTB26,122915566,122931500,6.307528411686999,4443,3609.77,240.778,1.5028,GGAGCCCCGAGGGGCCGGAGCTCCTGGCGGTGCCGGATCCTGACGGCGGCCTTCCCCCGGGTCTGTCTGCCAAA,4.197184197289725,2.069421778612246
4541,ENST00000348403.9,ENSG00000165209.18,STRBP,123109494,123268576,45.63911072601,3337,2967.44,357.482,2.71415,GCGCCACCAGGGCAGCAGCCGCCGCAGCCGCCGCCGCTGGGCAGAGGAGCCGGAGACGCGAGCGGGCGAGGTGGCGGCGGCGGCGGAGCGGGAGCGGGTACCGGGCGCGGGCAGAGCGCGGCGGCGCGGAGACGGGGTTTTGCCATGTTGACCTGGCTGGTCTCGAACTCCTGAACGCAAGTGATCCGCCTGCCTCAGCCTCCCAAGGTGCTGGGATTACAGGCACGAGCCACTGTGCCTGGCCTCAACTGTTGCTTCTTATAAAGGTGTGTTCCAGAGAACAAGCCTTCAGACATTTGCTATATTGACGCTGAGCTGTCAGGGGACTCAGGCTTATGAGGAGGTATTGTTACACAAAACAGTGTCTAGTGAAGACGACAAGAAAGAGGGGAAAGGATCGGAAAAAGAAGCTAAAATACTATAGAAAACC,16.815249977344656,4.071698321173494
4542,ENST00000373624.6,ENSG00000119522.16,DENND1A,123379654,123930152,7.333282031898864,5010,7466.47,477.397,1.44054,GCGTTCGCCGGGCTGGAGCGAGTACATTAACCCCTGGAGGCGGCGGCGGCGGCGAGGGAGCGAGCCTCGAGCGGGCGGGCCCCAGCCTGAGGGAAGGGAGGAAGGGGCGGGGAGAGCGCCAGAGGGAGGCCGGTCGGCCGCGGGCGGGCGGGCAGCGCAGCGCCGAGCGGGGCCCGCGGGCCCATGAGGAGGCCTGGGGACC,5.090647973606331,2.3478493043972737
4544,ENST00000259457.7,ENSG00000136930.12,PSMB7,124353466,124415444,385.13930978518334,980,889.712,1777.81,45.0192,GCTTTCTTGGGAAG,8.555001194716551,3.0967680561888584
4545,ENST00000348462.5,ENSG00000136942.14,RPL35,124857880,124861981,2064.61348207914,455,250.11,10328.8,930.424,CTTCCTCTTTCCCTCGGAGCGGGCGGCGGCGTTGGCGGCTTGTGCAGCA,2.219002822454214,1.1499115025678708
4546,ENST00000373555.8,ENSG00000136935.13,GOLGA1,124878357,125143506,7.740656125379663,4811,5237.81,367.127,1.57917,GCGCTGGGAGACGTGCGGTTCCGGGTCGCTGCTCGGCTCGCCGGCTGGGCGGTGGGGGTTGGTGACGCGGGCCGGGGCTCACGAGAGGCCCGGGAGGCGGGGCTTTGCTGGCTTCCCAGAGAGAGGCAGGACAGAATGCTTTGACCTCCAAGCTGTTTTAAATCTAGTAGATAAGCCAGATCCTGTGTTGCCATAAGCCCTTGGCCCACATTTAAGTGGGAATGCAGCTAGCTTGGATGTCTGAAACTTTGTAGGCGCCTCTGTCTGAATCCTGAACACAGGCACCAGGACTACTGAGAGCTCGTCATCTGTGCAGGATAGCCACACAGCAAAC,4.901724402932973,2.2932893716590206
4547,ENST00000373547.8,ENSG00000119414.11,PPP6C,125146573,125189939,103.62709960523252,4118,3160.19,1332.05,9.4966,GGACGTGACGCAGGGAAAGTTCCGGCTTCGGCCTCCGCCGCTGCCGCCGCCGCTGCTACAGCCGCCGCCGCCGCTGTTGCCGCGGCTTGTTATTCTTAAA,10.912021102840228,3.4478464344036457
4548,ENST00000324460.6,ENSG00000044574.7,HSPA5,125234853,125241330,358.770626535621,3908,3988.07,5927.19,33.4848,ACAGCACAGACAGATTGACCTATTGGGGTGTTTCGCGAGTGTGAGAGGGAAGCGCCGCGGCCTGTATTTCTAGACCTGCCCTTCGCCTGGTTCGTGGCGCCTTGTGACCCCGGGCCCCTGCCGCCTGCAAGTCGGAAATTGCGCTGTGCTCCTGTGCTACGGCCTGTGGCTGGACTGCCTGCTGCTGCCCAACTGGCTGGCAAG,10.714432415174079,3.421483521803164
4550,ENST00000394060.7,ENSG00000119487.16,MAPKAP1,125437393,125707234,6.4932145403985295,1586,1499.59,134.59,2.0221,GGAACGCCGGGGTGTGGTTCCGGGTCGTGTGCGGCTCGGGGTAATAGGGCTGCTGCTCGGCCGGCCGGCGGCGGCGAGCAGCAGGGGCATGAGGGCTAACCCGGGAAGCGGCAGCTGAGCGGGCCGGGAGGAGCGCCGGTCCCCGTGGATCCCGAGAGTGCAGAGCTCGGGGCAGGGGCCGGGAGGCGTGGGGGAGCCGGGCCCTCCCCTCAGGAACGTGTCCCGGGGCCGACCCGGCCCGTAGTGTGGAAGCAGCTTCAGGTAGGTGAGCTCGTGAAACAATATGAAGAGGAGAAAATAGCCTTTTAAGGAAATTGGCCCACAGAAAGG,3.2111243461740417,1.6830785324368436
4551,ENST00000373312.3,ENSG00000136830.11,FAM129B,127505339,127578989,27.18219219530928,3957,6223.77,533.334,1.93067,GGCAGGGAGGGGGCCAAGGCGGCCGGCTGGAGGGACGGGGCCCGACCGGGAGCGGAGCCGGAGCGGAAGCCGCAGCCGGGCGGCGGGAGCGGCGGGAGCGGCGGGAGCGGGGGAAGCAGGGCGGGCCGGGCTCCATGGCGCCAGCGGCGTCCGCCTGAGCAGCGCGGGCAACAGCGGCGGCGTCGGCCGGATCGGGCCGCGACACCTCCTGGCC,14.07914982638632,3.815488313927336
4552,ENST00000314392.12,ENSG00000136908.17,DPM2,127935099,127938484,53.93433986866778,1542,1873.57,226.491,2.72361,GTCCCGGTCCGAAACGTGTCTGGGCTGCTGCGAGAGACAGTCGGTGAAGGAAGGGAGGGGACATCCGAAGGGTGGCCCGGGAGGCCGGGCGATGGTGAGGAGGGCGCCTCCTCTCCACCAAATCCTCCCCATCCATGCGGGCTAGGGACAGACCCTCCCCCGCCCACCCTAGGCTGGAAAGTGAACGTTCTCTGCACCTCTCCCACCTACAGACTAAGTAGGGCACCCGGTTTCCGTGTCGGCTTCACCACTGACTCGGAATGGGATCTACCTTTCTCTGAGCCTCACTTTTCCCATCTGAAAAATGGAACTTCCGATCCCGCACTCCCATCCCACTCTGGCCCCGGGACTCTGGGATACTTAGAGATTGGCTTTTGGTGGGGCGGCGACAGGACTGTGGCCATGAAGGCCAGGGAGTCTGGGTCCCCAACTCGGTCCCATTCCCTAGAGAGATTCGGGCAGCAACCGGCCCCACAATGCTCTTGAGAACTACACTTCGCCGATATGCAAAGAAGAGGAGGCGGTTCCTGCTCGTCTCCGACGAGGTGGGCCCGAGCAGGCCTGGGGACTACGACTCCCGGCGTGCTCCGCAGTCCAAAGCCGGAAGAGCGTGGACCCGGAACCGGATGTGGCTTGCGGCTCGGGTGGCTGAGCGCGCGGGGAA,19.802519402068498,4.307612085679308
4553,ENST00000338961.10,ENSG00000148334.14,PTGES2,128120693,128128462,27.604818137804585,2331,3449.79,238.671,1.55873,CTCTCGGGCGCCGGGCGGGGCCATCCCGGGGCTGTCCGCGGAGACGCCTATGCGGTGGAGGCTCCGGGCTTCAGCTAGGGCGGGGGAGCCCAGCAGAAGGACCGAGCAGCCTGGCACCCCACTTTGCCATCCTCTCCCTGGAAATCTCGGGGTCGGCGGGCCGGCCGCTTCGCGTGGGCGAAATCAGAGACACGTGGTTTCCAAGGCCCCTTCGGGTTCGGGAAAATTTTATGGTTCGGGTCACAGTAGGAAGCGGACAATGAGGCGGGAGGGCAGAGAGAACCGCAACACCTGGTGCCGGGTCGGGTCGTTTCCGGGGCTTTCAGTGGCCGGAAGTCGCGGCGCCTGTACTGACTCTAGGAAGGGCTGGAGTTGTTTTGAATGGGCGCCCGTAAGAGAGGTGGGCAAGTACGTGTTACAGACGGCCACGCCGCCCTTTAGGCGGTCAAGGTGGGGCGAGGAGACGTTCGCCCCCCTGCAGTCGGCCGGGTCACTACCCAAGAGCCTTTGGAGGCGGAAGCATGGAACGGTCTGCAAACGTTCCCGAGCGGGCCTCTGCGGCTCTGGCGGGCGTTTCGAACTTGGGCGCCGGGCACACGCCCAGTCCCGAGAGCGCTGAGGGTTCCCTTAGCGTCGCCCTCACCCCGGCCAACCCGCGGGGCGCCAGAGTCCTGGCCCTTTAAACGCCGCGCGTGCCTCGGCGTCTTCGTTTCGCGCGCCCGCCCGCGGCGCCGGCGGAGCGAAC,17.709813847045087,4.146477142473724
4554,ENST00000372938.9,ENSG00000148337.20,CIZ1,128166064,128204383,20.10047210208491,2984,4343.57,818.019,4.24305,CCCGCCCGCATTTGGGCCTTACGAGCCCACAGGCCCCGGAGTAGCAGCGGGGAGGCCGGGAGCCCGCGGGCCGGAGCCGCCCGGCCGAGGCGTGGGGGCTGCGGGGCCGGCCCATCCGTGGGGGCGACTTGAGCGTTGAGGGCGCGCGGGGAGGCGAGCCACC,4.737269676785546,2.244055802019995
4555,ENST00000372890.5,ENSG00000167112.9,TRUB2,128305161,128322742,72.30869270172097,5719,6812.07,687.663,2.27436,CGGCCTTTCGAGGGGAAACATCGCTTCACGGGCAGAAGGCATGTAGGCCAAGTAGGCGAAGGAAACGCACGCGAACTGTCTACCGTCTACGTCCACCGATCCAAGACTCTCGCCATGTCACCTCGCCCCAGAAAGTGTCTGCAAAGGACACGCAACCACGCTCACTCAGCGCCGGGCCCTATTTCCTTCTCCACAGCCGGTTTTCCCCGAAGACTATAAAATGCGAACCTCTTCCGGCTGTGGAACATGGCGGCGCCCGTGGAAAGGACCACATTTGGGGGCGGGGCCTGGCGGTACTTCCGTCCAGGTCCAGCGGGTGCTGTGATCTTCAAGT,31.79298470854261,4.990636557166427
4556,ENST00000372715.6,ENSG00000119333.11,WDR34,128633661,128656787,38.16733054760293,1755,2513.8,1197.77,10.7351,GGCGGCGTAGGGGCGGAGGTCGCGCCTGAGTGCGTCCGCACGAGAGGGCGGAACCGTCTCC,3.5553772715301144,1.830002656577899
4557,ENST00000372663.8,ENSG00000160446.18,ZDHHC12,128720869,128724127,11.031602704801784,1129,1587.08,266.001,3.77613,CCGGGCCGAGGCG,2.9214043755913552,1.5466620672675688
4558,ENST00000291900.6,ENSG00000160445.10,ZER1,128729786,128772414,22.699539424816795,4259,5884.18,970.899,3.71749,GGCTCCGAGCCGTAGGAGCCGGATCGGGGGAGGGGCCGGGCCCAGGAGCCTCAGCCCCGCCGGCAGCCCTAAGGGCAAGGTAACCGCCACGGGGTCCCCGTCGCGACCCCCTCCCTCCCGGAGCTCCCGTCCCCGGGATCCCAAGCTCCGCCCCGCCGACCCCCGTCTCCCCTGGACCCCGGCTCTAGCCTGACGAGATCCCCAACCTCCTGAGGTGCTCTGGCCCCGGATTCTCCCGGGCTGCATTCTCTGCTCCTCCTCGCCTGCGAAGCATCACGTCCGCTTCCCGACGCTGAGGGCAGCCCCGTCCAGGGCAGTGGCTCTGCCAATGATCCTGTGAGTATTCAGGAATCACTGTTGCCCCTGGGGATCCTTGTCCTGGAGTGGCCCACCTGCTTGCCCCCAGC,6.106146734709924,2.6102622588690867
4559,ENST00000361256.9,ENSG00000198917.12,C9orf114,128819651,128829821,30.875465889303857,4286,6285.35,735.061,2.63485,AGTCTCATTGGCAGAGGCGGGACCGACGGTGTGTGCGGAAC,11.718111425433651,3.550668168341173
4560,ENST00000372586.3,ENSG00000175283.7,DOLK,128945530,128947619,45.8088354309445,2090,2581.68,453.0,3.95328,GTTGCCGCGGGGCGGTGCCAAGATGGCGAGGCCCAAAGAGGTGAGGAGCCGGCAGCGGGGGCGGCTGTAACTGTGAGGAAGGCTGCAGAGTGGCGACGTCTACGCCGTAGGTTGGAGGCTGTGGGGGGTGGCCGGGCGCCAGCTCCCAGGCCGCAGAAGTGACCTGCGGTGGAGTTCCCTCCTCGCTGCTGGAGAACGGAGGGAGAAGGTTGCTGGCCGGGTGAAAGTGCCTCCCTCTGCTTGACGGGGCTGAGGGGCCCGAAGTCTAGGGCGTCCGTAGTCGCCCCGGCCTCCGTGAAGCCCCAGGTCTAGAGAT,11.587551458774612,3.5345038405691587
4561,ENST00000318080.6,ENSG00000095321.16,CRAT,129094810,129111189,4.992540263871233,2763,3872.85,192.567,1.12025,ATCGATGCCCCGTCCCCGCCCCACAGCCAACCTCCCGGGCACCGTTGCCCGCCCGGGGCCCGCTACCGGCCCAGGCCCCGCCTCGCGAGTCCTCCTCCCCGGGTGCCTTCCCGCAGCCCGCTCGGCCCAGAGGGTGGGCGCGGGGCTGCCTCTACCGGCTGGCGGCTGTAACTCAGCGACCTTGGCCCGAAGGCTCTAGCAAGGACCCACCGACCCCAGCCGCGGCGGCGGCGGCGCGGACTTTGCCCGGTGTGTGGGGCGGAGCGGACTGCGTGTCCGCGGACGGGCAGCGAAG,4.4566304520162765,2.155953336282108
4562,ENST00000277458.4,ENSG00000148331.11,ASB6,129634604,129642169,39.969855047344005,2330,3061.31,547.5,4.02939,CTTCCGGCGGGGGCGCGGCTTGGACTGAGGAGCGGACCCGGCCGGGCGCAGGGGCTGGACTGGCGGAGCAGGTGGGGTCCGCGGCCGCCGGAGCGTTCCGGTCGGCGTCTGGGCATCTCGGCCTCGGCAGAAAGCGCGACGGCCCTGCTGCGCGGGGCCCGCGGCG,9.919579650355017,3.3102789866205
4563,ENST00000351698.4,ENSG00000136827.11,TOR1A,129812944,129824134,68.16137129264881,2076,2090.2,1261.58,13.5985,ACCGGTTCGCGGTCGGCGCGAGAACAAGCAGGGTGGCGCGGGTCCGGGC,5.0124183764862895,2.3255068385406763
4564,ENST00000372447.7,ENSG00000136819.15,C9orf78,129827290,129835863,39.688233514105065,1795,1713.02,919.629,12.0952,AGCCTGGGCCGCTGCGCAGAGGCGCGGCGGCTGTACAACTCGGCCGTTGTCACC,3.2813209797361815,1.7142767255917093
4565,ENST00000420781.5,ENSG00000187239.16,FNBP1,129887187,130043194,17.892862618974807,5410,6563.71,480.341,1.64878,CGGCCGCGGCTGCTGCTTCCTCGGGCCATTTTGCTGTGGAGCGGCGGGGAGGAGGAGCCGCCGAGGAGACCCCGGGCGAGGAGCTGCGAGCCGGAGGAGGCCGCGCGGACTCCGGGCTTTCCGCCGTCGCGGGGATCTCGGGGGGCAAAGGGATCGCCGGGGAGGGGGACCAGAGAGCCGCGCCCGCCGCGCGGAGCGCCCCTTCGCGTCCCCTGCACC,10.852183201503419,3.4399134027312357
4566,ENST00000372195.5,ENSG00000107263.18,RAPGEF1,131576770,131740074,7.146925864961735,6256,8820.33,797.524,2.03714,CGCTGCGCTGCGGCCGGCTCGCGGGCCGGGGGAGCGGCGGCGGGCGCGCGGGAGGCGGAGCGGCGGCGGCGGGCGCGGCGGGAGCGGCTGGGCCCGGGCGGGCTGGAGCGCGGTCGCCGAGCGCAGGGCCGCGGCCGCGCGGAGCCCGCCATGCCGGCGCGGGTCTGAGGCGTGGCGAGCCAGGGCCGAGGCGAGCGGCGGGCGCGCCGCCCCTGTCGCCCCGCGGCGGCCCGGCCCGGGCCCG,3.508313549859968,1.8107776920851302
4567,ENST00000292035.9,ENSG00000160563.13,MED27,131860107,132079908,14.092449102353015,1431,1625.48,706.495,9.79242,ATCAGCGAGCGCGGCTTTTTTGCTTGCGAAGCCGGCTTTGGAGAGCTGCTGTGGCGGCGGCAAC,1.4391181242586628,0.5251850147939714
4568,ENST00000224140.5,ENSG00000107290.13,SETX,132261356,132354985,9.744054531896593,11100,10197.1,2006.18,4.43255,CTTCCGCTGGTGGCCTAGAGCGGGGCCCGGTATGGAGGTGGGCTAGAGGCCGACGCCAGCCAGAGAGCGAAATGTTCTTTTGGGGCCAGAGTCTGGGCATATATGAATGCAAATCCGTGTTTGTTCACAACTAAGCCCAGCTGAGACGATCACTTTTCTGTAGGCCATTTGTCCAGGTACAGA,2.1982954578959273,1.1363853021174015
4569,ENST00000334270.2,ENSG00000125482.12,TTF1,132375548,132406851,10.61169896843792,3052,2761.42,504.02,4.11223,GGGTTGGGAGAAAGGTGGCGGCGCTTTCGGAGGGAATAAA,2.580521753024009,1.3676627921594895
4570,ENST00000298552.7,ENSG00000165699.13,TSC1,132891348,132944633,10.467225163979528,8604,9981.02,777.84,1.75581,GTGCTGTACGTCCAAGATGGCGGCGCCCTGTAGGCTGGAGGGACTGTGAGGTAAACAGCTGAGGGGGAGGAGACGGTGGTGACCATGAAAGACACCAGGTTGACAGCACTGGAAACTGAAGTACCAGTTGTCGCTAGAACAGTTTGGTAGTGGCCCCAATGAAGAACCTTCAGAACCTGTAGCACACGTCCTGGAGCCAGCACAGCGCCTTCGAGCGAGAGA,5.961479410630721,2.5756703967156236
4572,ENST00000372022.5,ENSG00000148296.6,SURF6,133328774,133336398,42.55372135861926,4447,5048.8,819.973,3.65909,GGGTGATAGAGGCACTGAGGCCAGGCCCCGGGGGTGCCCTGCTGCACCGACTCCGGGCGGAGATTGGCTGTCCTCGGCCCGCAATGCTGTGCGCCCCGCCCCGCGCGCCGCTTCCGGCGGAGTCAGGCTTGGCTAATCGAGCGCGCGGGCTGGCGGCTCGGCGTTCGTTTGGCCGCGCCTGCCCGTGTGGTGGTTTCCGGCGGAGGTGGTGAGAGTCGCACGCGCAGCGGGGAAGGTGTGAGTCGTGAACGGCCCGGGTCTCCGCC,11.629591335173298,3.5397284961630104
4573,ENST00000610888.4,ENSG00000148297.15,MED22,133338323,133348131,175.29389936858755,3867,5743.74,920.333,3.61004,AAAAATCGAGGCGGGGCCGAGAGGCTGCGGCGGCTGACTAGGTTTTCGGACCGCGGCGCGGCGGGGAAGAGAGACTGCGGCGGGAGGGCCAGGCCGTGGGAGAGACGCGGGAAAGTGCGGGTCGCAGAGGCACTTGACCACCCCGCCCTAGGCCGACCCGGCGGACGCGGCGTCTGGTGTGCGGGCGCTGGGGCGGGTCCCAGGTCTCCCCGCTGCGCTGCTTGAGGCTCGGCC,48.55732882976021,5.601617155071295
4574,ENST00000371974.7,ENSG00000148290.9,SURF1,133351755,133356676,30.97065437753433,1093,1113.27,186.253,3.76934,GCGTCCCGGAAGCGCCCGCGGGGCCGGGTGCG,8.21646611277686,3.038518026777496
4575,ENST00000371989.7,ENSG00000148248.13,SURF4,133361449,133376166,310.01965534811745,2984,3957.97,3452.6,19.6533,GGAGCCGCAGCCGACGCGGAGCGAGGCCGGCCGCCGGGCACTTCCTGTGGAGGCCGCAGCGGGTGCGGGCGCCGACGGGCGAGAGCCAGCGAGCGAGCGAGCGAGCCGAGCCGAGCCTCCCGCCGTCGCC,15.77443255575997,3.979516203821635
4576,ENST00000371942.7,ENSG00000148300.11,REXO4,133406059,133418096,34.09053454366666,2360,3015.03,975.315,7.28811,GCGCTTCCGGGGACTGGAGCGTGCGTGCTGAGGTATGCGCAACGCGTGCGGGGTCTCTTCCGGAGTCTTTTCCTGGACGGGGTCCCTGCGGTGGGTGTGTTTCGGCCTGGCCTGGGCAGGCGCTTGTGCTGCCAGGGCGCCGGGCCCGGGGAGGCCGGGGTCTCGGGTGGCCGCCGGCCCAGGCGCTGGACGGCAGCAGG,4.67755488647491,2.2257545821631384
4577,ENST00000303407.11,ENSG00000169925.16,BRD3,134030305,134068535,24.93268236061596,5652,6905.65,1445.23,4.71512,CCGGGGCCGGCGAGCCAAAGAGGAGCCGGCCGCGCGGGCCGGGAGGGGACGGCCGCCGGAGCCGCGAGGCCAACTGTCGCCTGGTTGGGCCCGGAAATGGGACGTCGCGCTTTCTCAGGGAGCGTAGAAGCAGCCAGGGCCTCTCCAAGCCGCTGCTGTGACAGAAAGTGAGTGAGCTGCCGGAGG,5.287815020745169,2.402671709122197
4578,ENST00000429260.6,ENSG00000160345.12,C9orf116,135495181,135501734,19.109641217995097,678,556.854,71.833,2.90633,CCCGCTTCTCCTCCAGGCACA,6.575179424908767,2.7170302635143253
4579,ENST00000389532.8,ENSG00000130559.18,CAMSAP1,135808487,135907228,5.93130726645164,7696,9243.15,757.871,1.8473,GGCGCGGCGAGGGGCGGCGGCGCCTTTGTTGCGGCCGGGCCGCCGCCTCAGCCCTTTGTCTGCAG,3.2107980655289556,1.6829319335093476
4580,ENST00000371756.3,ENSG00000130560.8,UBAC1,135932969,135961380,27.37439644427511,1867,2202.87,756.367,7.73582,CCGCGACGGCGCGCCCCCGGCGGCTGCTGCGGCGGCGGGAGCGAGGCGACCGCTGAGGCCGCGGAGAGTGACGGCGGCCCGGCCGACGGGAGCCGGGGCGGGGCGGCGGCCCAGCGAAGGAGCGCGCGGGCGGTCTGGCCCCGCCCCCTCCCCGCCCGCCTTCCCGGTGACCTTCAGGGGCCCGGGTGGCGGGCGCAGGCCCCTGCGGCGGCGGCGGG,3.5386547831096262,1.8232010251176214
4581,ENST00000418388.5,ENSG00000238227.7,C9orf69,136114581,136118863,51.79174245039518,2823,4471.5,700.78,3.53094,GGGAAGCGACGAGTCCGGGACGCCCAGCGCGGGCCCGGAGCAGGGGGAAGGGAAGTGCGGCTCGGTCGGCGCGGGTGGAGGGGGCGTGAGGCCGCCCTACGGTGGCCGTCGAGGGACGGCGCTACGGCTCCCACGCTAGGCCAAACGCCTCCGGCGGCCGCGCCCGAGAGCCCCTTCACCTGCAGGGCGACCCCAGCCGGCGACGCGTGAACCACGCCCTCAGCCGCCTTGCCAGCGCCCCCAGCCGCGCGCCCCAGCACCATGCGGCCGCCCTGCGCACGGAGCCCCGAGGGACAGGGGCACCCGCAGGCCCGGCCCCTAGCACCGCCGGCCGGCCCCGAGGTCCGGGACGCCGGCGCCGCCGCGGAGAGGGCACCGGGCCGACGCCTCCCCCCAGGGTCAGCTGCGGGCTCCCAGGCCTAGGCGCCCATGACCCCTACGCCAACAGCCGCCTGGACACCGCCGCCGCCACTGCGACCTAGCGCCGCCGCCGCCGGGGCCCA,14.667975794093126,3.8745978852362013
4582,ENST00000358701.9,ENSG00000165661.16,QSOX2,136206333,136245841,24.833656785415485,4530,5942.86,809.574,3.06918,CCAGGGTGAAAGTTCAGCGCGCCGGCGGCACTTCCAAC,8.091300212244146,3.016371551732418
4583,ENST00000298532.2,ENSG00000165684.4,SNAPC4,136375577,136400168,9.590309856685034,5010,7933.23,777.784,2.20887,ACACCTTCTACGCTGGGTGGCCAGTTTCCATGTGGCTTGGTGTGGGAGCAGAGACGGGACAGTGGGGCCTGTCCTTGTTCATCCACTCCCTGCCTGTGCTGGTTGCAGCCTCAGAGCAGGCGGGAGATGTTCTTGGGGCTTAGGCTCCTGGCAGAGCACATAGCAGGAGTTTGTGGGGTCTGAGGTTCCTGTCCCAGGGTTCCCCGATTCTGTGCCTGGCCTATTAATCTTTCTCTGGGGAGCCCAGTGCCCACTGCCGAGCAGGCTCCTGCCATCCCCCATGGGCGGGTGTGTCTGAAGGAGAATGGGATCCCGGCACGGTCTTGGTTTCTAACATCTCGGGGTGTGTTTTGGAGGCAGGCGGGAGTC,4.341726700387543,2.1182689151734686
4585,ENST00000298537.11,ENSG00000165689.16,SDCCAG3,136401922,136410609,13.54362562010763,2314,2788.26,546.166,4.4132,CCTCGCCGACGGCCCAAGGCGTTCAGGCACGCGCTTTCGGTGCTCGGAGCGGAAGCAGCGGCGAGAGGCTCGGAGGCGCGGGGGCGGCCGAGCGGCGGGCGACGGGGGCGGGCGACGGGGGCGGGCGACGCGGGCCGCGGCACGGGCGGAGCCGGGGCCATGGAGCCGCCGCTGCCGGGCTAGGCAGGTCGTGCCCCGCCGGGCCGGCGGCG,3.06889006165767,1.617716964363477
4587,ENST00000371712.3,ENSG00000148384.12,INPP5E,136428619,136439823,4.135812656614716,3394,5190.46,496.003,2.15298,GCCGGGCTGACTCCGCTTCTGGGCGGCCGGGCCTCCGCGAGTACCGGGTCGACTTCGGAGTCTGCGAGCCCAGCCAGGGGTGCCCGCTTCCCACCCCTCTCCCCGAGCGGCGTCCCCGTCGGGGTCGAACCTCCCCCGCGACAGGCGCCCAGCCGCCTGTTCCCCCAGGCCTTGCCTGCGGACCGCCCTGGGAACGGCGTCTGGGAGCCCCGAGGGGCTGGCGGGACTCGGGGCCCGGGCCATGCGGCAGCCGCCCCCGCCCCTCCGCGACCATCCCCGGCCCAAGCGGGAGCCGCAGCGGCGTTTCTGCTCCTCGCTGCGCCGGCGACCCCGGACCCGGCACCCGTGACCCCTCGCGCTGCCTGCGGCCTCGCGCCGAGGCCTGCCCCGGGAGAGACCGTCC,1.9209712382905164,0.9418359184379664
4588,ENST00000313050.11,ENSG00000148396.18,SEC16A,136440096,136483759,3.395144582166554,8806,12033.5,1749.29,3.27516,TCCAGCTCCAATTAAGGAACAGCTATATCCTGCTTCCTTCTGTAAGCAGCATCGACTTGTGCAAGGGTTCAGTC,1.0366347238506068,0.051907625179102274
4589,ENST00000371696.6,ENSG00000169692.12,AGPAT2,136673143,136687423,45.05019643987763,1512,2031.32,477.918,5.30075,CGCGGGGGAGAAGCGGGAGCGGGAGCGGGAGCGAGCTGGCGGCGCCGTCGGGCGCCGGGCCGGGCC,8.49883439888273,3.0872649915725656
4591,ENST00000224073.5,ENSG00000107223.12,EDF1,136862119,136866286,261.5233587034932,640,634.974,1946.73,69.0735,GCCGGACGGACGCTCGTCTTCGCCCGCC,3.786160520365889,1.9207355777153148
4592,ENST00000325285.7,ENSG00000159069.13,FBXW5,136940435,136944696,11.49986182722437,2274,3472.36,728.205,4.72488,GGAAGCGGGTCCGGGTCGCGCAGGGCGGGGGCGGCGCAGCGGGCGGAGGCGGCCGTGGGCCGCCTGGGCAGAATGTCACG,2.4338950041534115,1.2832669329430035
4594,ENST00000371601.4,ENSG00000107281.9,NPDC1,137030174,137046203,90.51024472064836,1494,2083.53,438.258,4.73905,GCGCGCCTCGCCGGCGCCTCCATCCCGGATCCTTGCTGCAGCGTCAGCGCCGCCGCCCGTGCCTTTCCTCTTCCTCCTCCTCCTCCTTGGCATCCGCCTCTTCTTCCTCCTGCGTCCTCCCCCGCTGCCTCCGCTGCTCCCGACGCGGAGCCCGGAGCCCGCGCCGAGCCCCTGGCCTCGCGGTGCCATGCTGCCCCGGCGGCGGCGCTGAAGG,19.098816159493644,4.255411310438471
4595,ENST00000409687.4,ENSG00000186193.8,SAPCD2,137062124,137070588,15.187831153121852,3848,6105.07,1095.0,4.04096,GCCGCGAGGAGGGCCCCATTCAAAAGTAGTCGCTATTGTCGCCGTGGGCTGAGCTCGCCGGGCCGGCCCCTCCGTGGGGCCGCGCTGGGACGCACGCGGGTGGACGAGGGGACCGATCCCGGGCGCCC,3.7584710447818965,1.9101458893721233
4596,ENST00000323927.2,ENSG00000176248.8,ANAPC2,137174784,137188549,28.54968684427242,2632,3539.54,433.491,2.75927,TGCAG,10.346826096856205,3.3711163817851655
4597,ENST00000409012.4,ENSG00000176058.11,TPRN,137191617,137205638,18.25702975498657,2718,4263.95,257.783,1.36209,GGGGGCGTGGCCGCGGCGCCCAGGCTGGCCGCGGCGGCGGCTGCCACTCCGGCCCTCAGTCCAGCCGTCCGCTGCCGCGTTCGCAGC,13.403688269487748,3.744558134073434
4598,ENST00000343666.5,ENSG00000187713.6,TMEM203,137191617,137205638,20.165930192131142,1557,1608.85,610.0,8.54235,GGCGTCCGATCGAGGCGGGCGTTCACGGGCGGCCAGGGTTGAGTCCCGGGTCGGGGCCGGGGGATTGCCGGCGCATCAGGGCCGAGGGCTGGGGCTGGCGGGGCCGCTCGCTGCCTCTCGCTCGCAGCAGCGGCGGCAGGCGCGGGCGAGGGCCACGGGGAGAGGAGACGCAGCCCCGCGGGTGGCACGCTCGGCCGGGCCCCGGCCCGCGCTCAACGGGCGCG,2.360700532304476,1.2392150394651464
4600,ENST00000356628.3,ENSG00000198435.3,NRARP,137300482,137302251,72.87844477431392,1770,2232.48,403.0,4.06705,GGCGCCTTGGGACCGCGTGGGAGCCGCAGCCGAACCGAGTAGGGACCGGGACCGCGCGGCGCCGCCGTCCCCGGCCGGGCCCGGCCCCCGCGAGCCGAGCGCGCGCCCCCGTCGCCCACCCGGGCGCGGCTGGATGCGGCGGGGTCCCCGCGGCGGCGACCCCCGGCCCCGAGCGCCCGGAGCGCCCAGAGGCGGCGTGCGGGGCCCGGGGACGCCGCGCCCTCCATGCGCCGAGGCGCGCCCCGAGACAGCCGGGGGCCCGCGCCGCAGCCGCCGCCCGCGCTGAGCCCCGGCCCGGCCCGCGGCCCGCGCCCGGCGGCAGC,17.919239934181757,4.163437539959108
4602,ENST00000465160.2,ENSG00000187609.15,EXD3,137306896,137423262,5.343892667390872,1585,2517.33,123.218,1.1028,AAGGTTCCGCGCCGGGCGTGGACGGTGTGGGGCGGTCCCGGCCCCGCAGATCCTCGTTCCTAGCTGCCTGCCAGCGTCCTCGGCCCGGCCCTGAGG,4.8457496077175115,2.2767198589706146
4603,ENST00000265663.11,ENSG00000165802.20,NSMF,137447570,137459334,5.569713240541064,3640,5429.8,566.561,2.35085,GGTTCGGGCAGCGCTCTCCCGGGAGCGGCGGCACGCGCGGAGCGCCGGGTGCGGCCATGCGGGGACCGGGCCCGACCCCGAGCCCGACCCCGAGCCCAAGCCCGAGCCGGAGCCCGAGCGAGACCCCGAGCCCGAGCCCGAGCGCGACCCCCGGTGCGGCGCGGCTACCCCGGCGGAGGCGGCGGGCGCGGGGCGCGCTCTGAGGCCCGGGGGATGCGCCGCCGCCTCGACC,2.3692337837552646,1.2444205632988512
4604,ENST00000277540.6,ENSG00000148399.12,DPH7,137554904,137578935,15.923642127158004,1847,2287.13,310.952,3.06313,CCCCGGAAGGAGTCGCGAGAGAGGCGGCCCGCGCTGACGGTGTCCCTGGGGCTCTGCGCTCGTCCGGCCGGCCCCGGCCTCGCCGCCCCGCGCAGTACCCAGCCCGGCCCCGCCGACCCGCCTCTACTGCCGGCTCCGCGCCCTTCCCCGAGGGCTGG,5.1984872098663795,2.378091851647528
4605,ENST00000298585.2,ENSG00000165724.5,ZMYND19,137582079,137590490,51.59722261449124,1375,1685.12,921.751,12.3238,CGGTGGCGGTGGCGGCGGCGGCGGCGGCGCGTGGCAGGTCCGGCGGGCGCGAGGCGGCGGCGGAGGCCCGAGCCCGGCCCAGCCTCGTCCCGCCCGGAGCCCGCCTGGCTGCTACCCCGACCCCGGCTCCGGTCCCGTCCTGTCCCGGCGCGCCGCGGCCTCGCCCCGGCCCCCGCTCGGCGCCTCCCGAGGGAGCGGCGCTGCCGGCCGAGAGCGCAGGCCCGGCC,4.186794869641769,2.0658462355369727
4606,ENST00000360803.8,ENSG00000107937.18,GTPBP4,988019,1019936,163.27126768299237,5075,5475.61,2209.41,9.09087,TTTGCGGGGCTCGCCGCGACCCAGGACCCCCAGACTCCCGGATCCCCTAGACCCTCTGGACTCCTAAGCCCCGCAACTCCCAAATCCCAAGACCCCGGACCCTCCAACCCTGGCCCAGGGCGCGTGGCTGGGGGCCTGAACCCGCTCCAGAAACCCGCAGGGCAGTCTGTCGGAAACCCCCGCTTTACTCAGCAGGAATTTAGTCTCCGCGCTCCCCCTAAAACCCGGGCGTCCTCTCCTCTGTACCCTCGCTCCTGAGGCCCTCACACGCCCTCCGTGGCTGACCTCCAAGCCGGGCGGGTGCGCTGTGCGACGCGGAAAGCGCCGTAGAGCACGCAGAACACGATTGGCTGAGCTCCCGGAAGTGACGTACCTCAACCGCCCGACAGTGGAAGTCCCACCTGCGCCCGACGGCGGAAGTTCCGGGAGTGCCAAGTACCCGCGTGCATACGGCTGCCGGC,17.959916672770852,4.166708751421926
4607,ENST00000381125.8,ENSG00000067057.16,PFKP,3066333,3167972,157.8405100810757,2654,3302.45,2914.58,19.8839,GAGTCAGGCGCGCGCGGGCAGGGTCCCCATTGCCTGCTGCGCACCCGGACGTGCGGCTCCCCTCGGCCTCCTCGCC,7.938106210606355,2.9887948654984893
4608,ENST00000355029.8,ENSG00000173848.18,NET1,5412551,5458463,35.87690497004563,3402,3302.98,1464.74,9.99119,ATTTTCAAATCCCCGGATGACGGCGGTGGCGGCTGCAGTCCGCTGACAGGCGCTTTCTGCCTGGCAGAGGCTGGCGGGCATCGTGCCCGTCCCTGCCGGTCTCCCGGGCACCCGGCCACCGCCCCACCCCCTCCTCCGTGCC,3.590854039413286,1.8443270117064683
4610,ENST00000328090.9,ENSG00000108021.19,FAM208B,5684838,5763740,30.50532590465397,8626,8201.74,4776.57,13.1212,GCTTCCGGTTGCTAGCGCCGGTCAGAGAGAAAGTCGGCATGTTCTCGCAGGCTGCCGGGCGTCCCGGGGTTGCCTCTTGCCCGTGACCCTGACGGGAGACAGAGCGCGGGCGGCCGCGGCGTCCCTGTCAGCGCCCGCGGCGAGGACCCCGGGGCTGGGGCGGACGGCGTGCCCCTGAGGGGGGTCCCCGCGGGAGCGCGGAGCCGGCGACTGGTGCTTCCCACGTGCGCCGGTGTCGCGAGGGCCCGGGAGGACGCAGAGCACGGCCGGGAGAAGCATGGGAAGGAGGCCGAGCCGGGATCTCAGGTCCTCGGGGGCGGCGGCCACGCCAAGGACGGTACAAAACTTTTTACCAACAAAAAAAAGCAAGTAGTTATACTCAGGAAGAACTTCAAGACACTTACGGGTTTCTTCTGTTTGATACTGAAAAGCAGGTGTATACATTTCCAAATACTCCGACTGTCTTCATTCAAGACCATGGTATCATGGGAAATCTGGTTATGTTGTAATTTTTAATATAATTAAGTATTACTTTTACGAACTTTCAGGCAACACCGTTATTGAACGACCCAGACAGATCTGTCCTTATGTAATTGTAGCTTTTCGATACAGGGAATCTAAAACT,2.324888417572628,1.2171614761012535
4611,ENST00000362091.8,ENSG00000134452.19,FBXO18,5890203,5937594,24.470995356156088,3560,4267.69,938.439,4.95422,CTCGGGCTCCAGGTCCCGGCCAGAGGAGGAGCTCGCTGCCGGGGGACGCTGGGCTGAGCGGCCGGCGGCGCGGGCCCGGCGGCGGCGGCAGCGGGGTCCGGGTCCGGAGCGCCAC,4.93942444141683,2.3043429438565664
4612,ENST00000379888.8,ENSG00000134453.15,RBM17,6088987,6117457,61.93838973966064,2755,2476.93,1354.37,12.3193,CAGGCGCAGGCGCAGGCGGGGCGCAGGCGCGGGCGCGCTCTCCCGGCAGCCCGCGCTCCCTGACCCCGCGCCGCCGAGCGCCCTGAGGACTCAGCGAAGGGTGGGCGCCGCCGAGGCCTCCTGCCGCTGGCGGGTTTCCGCGGAGTGCCGCCCGGCTCCGCTCTGCCGCCGGCGCGGCTCATGGGCAGAGTCGGCCGGGCGGGCCGGCATTAAACTGAAGAAAAG,5.027752367395927,2.3299135942437506
4613,ENST00000379789.8,ENSG00000170525.18,PFKFB3,6144934,6235545,3.497582996548509,4157,5193.36,512.211,2.22209,GCCGCTTGGACGTCGTCCTGTCTGGGTGTCGCGGGCCGGCCCCGCGGGGAGCGCCCCCGGCGCG,1.5740060018039363,0.654441041961198
4614,ENST00000356708.11,ENSG00000165629.19,ATP5C1,7788129,7807815,576.2627793089292,1163,922.899,4081.35,99.6348,TGGGAGGGGCGCGCTGGGGAGCTTCGGCGCATGCGCGCTGAGGCCTGCCTGACCGACCTTCAGCAGGGCTGTGGCTACC,5.783750048265558,2.5320052058299023
4615,ENST00000344293.5,ENSG00000165632.7,TAF3,7818504,8016627,7.7848027816063,4872,4888.24,928.0,4.27718,CAGCGGGAGGCGGAGCGAGTCCAAAATGGCGGCTCTCAGGCTGGCGCGCTCCGTGCTGCTGGGGCTTTGAGGTGGTCGCCGGGGGTCCGGGGGACCCTTTCCCCGCCGCGGAAGCCCTAGAGGATGAATCGGGGACCCTGCTAAGGTCTGGCGGCGGGGCTGGAGAGCAGTGGCAGCAAGGGCTGCGGTGGCGTCCACGCAGCGGG,1.8200783650924905,0.8640005682791345
4616,ENST00000379328.7,ENSG00000107485.15,GATA3,8053604,8075198,15.36998853900196,3078,3935.2,197.519,1.13085,CTGAGCTGCCTGGCGCCGTCTTGATACTTTCAGAAAGAATGCATTCCCTGTAAAAAAAAAAAAAAAATACTGAGAGAGGGAGAGAGAGAGAGAAGAAGAGAGAGAGACGGAGGGAGAGCGAGACAGAGCGAGCAACGCAATCTGACCGAGCAGGTCGTACGCCGCCGCCTCCTCCTCCTCTCTGCTCTTCGCTACCCAGGTGACCCGAGGAGGGACTCCGCCTCCGAGCGGCTGAGGACCCCGGTGCAGAGGAGCCTGGCTCGCAGAATTGCAGAGTCGTCGCCCCTTTTTACAACCTGGTCCCGTTTTATTCTGCCGTACCCAGTTTTTGGATTTTTGTCTTCCCCTTCTTCTCTTTGCTAAACGACCCCTCCAAGATAATTTTTAAAAAACCTTCTCCTTTGCTCACCTTTGCTTCCCAGCCTTCCCATCCCCCCACCGAAAGCAAATCATTCAACGACCCCCGACCCTCCGACGGCAGGAGCCCCCCGACCTCCCAGGCGGACCGCCCTCCCTCCCCGCGCGCGGGTTCCGGGCCCGGCGAGAGGGCGCGAGCACAGCCGAGGCC,13.591536047222851,3.76463660636301
4617,ENST00000542579.5,ENSG00000048740.18,CELF2,10798397,11336675,10.801580343257864,7982,7656.6,424.181,1.24818,GGGGATTGGCGGAGCGCGAGGAGAGAATGTGACAAGTGCCGGCTCGGCGGCCGCCGGGGGAGGCCGCGCGCACCTGTCCCTGCCCGTCTCGCGCCGCCCGCGGCCGCTCGGACGCGCGCAGAGCCGCCCCCCGCCGCTGCCGCCGCGTGCGCCCGCGAAC,8.65386430102859,3.1133444984154517
4618,ENST00000277570.9,ENSG00000148426.12,PROSER2,11823339,11872277,26.380031652700907,3333,4018.64,235.152,1.31835,GGGCGGCGGCGTGAGGGCTCCGGGTCGCTGGCGGCGTGGACACCTGAGTCCCGGGGTAGGGGTCTCCCGCGAGGAGTGAGCTGTTGCCGCAGAATGGGCTGCTGGCTCCTGCCCTGCTTCCTGTGATCGAGCCGGCCCTGAGGACTCTGTGGAG,20.009884820192596,4.322640957792426
4619,ENST00000263035.8,ENSG00000181192.11,DHTKD1,12068972,12123225,26.55309610034295,5159,5904.29,1323.71,5.05112,CAGGGCCGGTGGGATCCCCTCGGGCTCCCGCCTTAGCATGCTGGCCGGGACATCTGGTGAAC,5.256872951017389,2.3942048680366534
4620,ENST00000281141.8,ENSG00000151465.13,CDC123,12195965,12250589,274.6998390236639,1542,1283.19,2482.99,43.596,TGCGTTTAGGGCGAAGACGGAGTTGTAAACTTCTTAAAATTCCTCTCTCGACACTTCGGTAATTCCTCTTTCGAGACTAAAGCTCTTTTTGTATGCGTGTGTGTCAAGCGTATGCCCCGGGATTCTCCTCCGCTTCCTTTTCTCGGTCTTCCTTCTTGCTTTAGGGACCGGAAGAGTCCTTGAACCAAAATAGCTCGGCGGGCACTTCCGGGGCCGGCGCCCAGAGTTCCGGGAGGGTGCAGGCAGGAGAGGGAAAGGCAGCAGCGGCGGCAGCTGGAGG,6.301033099909715,2.6555883882831797
4621,ENST00000619168.4,ENSG00000183049.12,CAMK1D,12349482,12835545,6.554972906798185,8153,10031.2,572.458,1.28574,GGAGGAGGCGCGAGGTGGGGGGGAGCGCGGCGGGCGGCAGGGAGGGAGCGGGAGGGAGGCAAGAAAGTAGCAGAAAGTGAGGCTGGCAGGCGGCGGCAAAGGAGCCGGCGCGCGGCGGCGGCAGGAAGTCTGTGCCCGAGAACAGCAGAAATAAGAGCCAGGGAGGGACCGCGGCCGCGGCGGCGGCGGCGAGAGCGAAAGAGGAAACTGCAGAGGAGGAAGCTGCGCCGCAGCCCGAGCCGCCCGGCATCCCCGCCGCCTCTGCGCCCGCGCCGCGCCCCCGGCGCCCCCTCCCCAGCGCGCCCCCGGCCGCTCCTCCGCGCCGCGCTCGTCGGCC,5.0982102966371,2.3499908844738866
4622,ENST00000378714.7,ENSG00000065328.16,MCM10,13161554,13211104,54.84877864148333,4547,4527.52,1099.78,5.47277,GGTTGGAATTTTGGCGGGTTCAGCTGTGAACGAAGAAGGCGTCCCGGCATCGGCCAAGATTCTACATTGCTCATCTGGGCATCTGAGCCTCCTTCGAAGTTTCCTGTCACAACTGTCCTCTTGACAGC,10.022123831530163,3.325116363553838
4623,ENST00000378572.7,ENSG00000165630.13,PRPF18,13586927,13668445,38.41555528223559,1717,1331.39,430.084,7.27798,CTCTCTCATCCCAGCTTCCGCCGGAAGCGGCTCCTGTCAGTTGTTCTCAGGTGTTTGGGCTTGTTGTTCCGTATACTCAGTGGGTTCGCGGCCGCCGGCCCAGTGAGGCTGGGTTCGAGGAGCTGGAGCGGGAAACTGGAGCTTAAATTCTGGCGGCGAG,5.278326579935035,2.4000806156654697
4624,ENST00000378372.7,ENSG00000187522.14,HSPA14,14838164,14871741,83.77249519265034,1904,1442.84,705.716,11.0198,GCACTGTGCAGTTTCCGCGGAGCGCAGAGACGCGCTGAAGCTACTCGCGGACTGCGCGTGAAGAAAGGCGGAACCTTCACGCTGATTGGCGGCGACGCGGGAGGCTGTAGCGGCCGACCGGACGCAGGGGGCTGGCGGGAACGTGAAGCTCCGCGGTGCCTGATGGGGCCGTTGGGCGGCCGGTAGCTGTTGCTGTTGGGGGACCCCCTCATTCCTGCCGCTGCCGTCCCTGCTGCCTC,7.601997785136785,2.926378604866724
4626,ENST00000378325.7,ENSG00000152455.15,SUV39H2,14878820,14904315,6.386256980790361,1292,882.995,173.306,4.42198,GCCAGTTTGAATGAAAGCTCTACAAG,1.4442075678294253,0.5302781075696049
4627,ENST00000378203.5,ENSG00000152464.14,RPP38,15097180,15139818,70.37596965231943,1296,1202.53,69.4712,1.30158,CTCGTTGTGTCGTTTCCGGGTCGCGCGACGCTGTGGGCCGCTTTCCCCTCTCCGGAGTGACCTAACACAGGATAACGAAACCTGCACTGCTCCGAGCGCTTCCTCCCCGGCCCGTCGCGTCTGCGAGGCGAGGCCGGGAGGCGAGGGCTCTGCGCACGCGCGGCGCAGGCGCACTGGGCGCCGGTGCTGTTGCCTTCAGGTGACCACGGATTCGCCATCGTGAGTTCCAGACAGGGTCAGATGTGTTACTGGGCTGGAGTGTGGTGGCACAATCACGCTCACTGCATCCTTGACCTCCTGGGCTCAAGTGATCTTCCCACCTCAGCCTCCCAAGTAGCTGGGACTACAGGATTTTCAAA,54.06964585528314,5.756747001991573
4628,ENST00000535784.6,ENSG00000165983.14,PTER,16436943,16513745,21.365095048888048,1203,1022.8,55.24,1.21682,GAGAGAACCAGAGGGCGAAGTGGGAGGGCACAGGGGAGACTAAAAAGGCCAGGGAAGTTGGCCTGCCGGAAGTTCCCAGGGAGAAGGCAGCGCGTTGTACCCGAGAAAAAAGAAATCCTCTTTTTAGAACATCTCTTGGTGGTACCATCAGAA,17.55813928838123,4.1340680592560375
4629,ENST00000377524.7,ENSG00000136738.14,STAM,17644125,17715914,41.71691394809555,2972,2491.33,882.23,7.97834,AGCTCCGCGCGGGGGCTTCCTCGGCTCCTTGCTGTTGCCGCCGCCGCAGCTGCTGCCGCGGTTGGTGGGGTTGGGTGAGAGGAGGAGCTGTCGCGGACCCTGTAGAGTCGGTCTCTGTTGCTCTTTTTGCCTGAGGAGTCTTCCATCCTACGTCGAGCTCTGACTCCCGTGCTGTCGAGAGGGAGTCCCCGGGGACACCTCGGCACGCAGCGGAG,5.228771141377223,2.386471926098747
4630,ENST00000377275.3,ENSG00000165997.4,ARL5B,18659405,18681639,67.62185951452192,7196,4941.3,2385.0,10.8745,GGGGACTACGGGTCGGCGTTGGGCTCAGTGGGCTCGAAACAAAGGGCTGTCCGGTGGGGATTCGTCGCGGCGCCTTCTGAGTGGTCGGGTCGAGGCTTCTCGGCCTAGCAGTGCCCTCGCTGCGCGATCTCAGGCGGGTTCTCCTCGGCTCCGCGCAGCCCGCGCCGCGGTGGGGGACCCGGCGCAGCGGCACCTGCTGCCGAGGGACCCCGCGGCCCGCCCCGGTGCTCGTG,6.21838792721706,2.6365406204124944
4631,ENST00000602390.5,ENSG00000269897.5,COMMD3-BMI1,22315974,22331484,31.96626341781174,1419,966.51,171.964,4.00861,GCGCTCACA,7.974400956394296,2.9953761465013917
4632,ENST00000376510.7,ENSG00000148450.12,MSRB2,23095506,23122013,21.15485944843793,1803,1707.54,155.24,2.0483,CGACTAGCGCAGGCGGACGGGAGAGAATGGGGGAGGGGTGGGATGGGAGCAGGGGCAGAGACGGGCAGAGGGCAGAGGGCGGAGCGGCGCCGGAGCGGGCGTC,10.328008323213362,3.3684901632955495
4633,ENST00000265944.9,ENSG00000095777.14,MYO3A,25934267,26212527,1.2742150478015133,5581,5030.85,401.989,1.80026,AGGGAGCGCCCGTAGCCAGCGCCCCCGTAAAGAAATAAGGAGGCGCCCGGCTTCCCGCCCAGGCCCAGGGCCCCAGTGCAGCCTGGACACAGTATTCAAAGTTTTGGCGTCTGAGCATTGTTATGCGTTATTTTCAAGCTTTGCTAACGGTTTTTAAACCTTTGAG,0.7077950117213698,-0.49859650067183353
4634,ENST00000376215.9,ENSG00000148459.15,PDSS1,26697659,26746798,23.521250110267776,1626,1400.22,387.612,6.23681,ATCGCGGGCCAGAGGCGGAGCCGCCGCCCTGCCGCGACTTTCAGACTCCGACC,3.771359093874557,1.9150845247270718
4635,ENST00000375946.8,ENSG00000120539.14,MASTL,27154824,27186924,20.077663577881957,3623,3370.37,220.436,1.47356,TTTTCCTCACACTAAATCGAAAACTCTCCCTGTTGGTCCTGATCTGTTTCAGTCAGGCAAATTACATCCTGGGAAAACGTCAGATGACAGGGGAGGCCACTCGCTTCCTGCTCATCCAGTTTCGACACTTTCTGTGCTTTCATTAGCTTCCAGACCTCAGCCCTGGCCCTCGCTTTACTGTACAGTCAGAACTGGTTTCTACGCCTCGCGAGGGTGGGAGGTCGTGTATGGGAGGAGGACCGCTTCCCACCAGCCTCGTTGGGAAGCCAGGAGAAATCTCTTCAAATCCTGCGATTCAGAGTCAAGTCCCAGTCGTCCTTTTTCTGGTCGGCCCAGAACTGTTTGTGCCTCCTCCCTCATGAGGAATGATGTCAGTGGGGCCGCGGTCGCCGCCCACGAAGAGTGTAAGGCTGCGAAGTCGGGGCTTTCCCGACGCCCCCTCCGTCCGCGTCTGCGTAGGGGAGGTGACGAGGGCGGGGCGCGGCGGCGGGGTGACGTCACGGCCGCGCGCGGCGTGGGCGGAGCCTCACTTTGAACCCAGTTGGCGGGAGTGGCTGCTCGCGGAGGGGCAGTGTCTGCGGGGCCGCTGTATGCTGTCCAGCG,13.625277272647166,3.7682136837349325
4637,ENST00000356940.10,ENSG00000099246.16,RAB18,27504174,27542237,143.11337640368012,4886,3776.43,992.36,5.92038,TGGCAGACGTGGAGCGGCGCGCATGCGCAGCAGCTCACTCTGCTGAAGGGCTGAGAGGCGCACCCGGGCGGCCAGCTGGGCTCGGAGCGGAACGGGGTCAGG,24.17300517934324,4.5953249344710745
4640,ENST00000354911.8,ENSG00000095787.21,WAC,28532493,28623112,40.61257523457861,3042,2823.31,3548.01,28.3132,CGCCGGCGCCAGTAACTGGGAGCTGATGAGAGTCGCCGAGGGCGCGCCGGGCCCAGGTGCCGGGGCTGCCCGCCGCCCGCCGCCGCCGCCGCCTGCGCGCCCGCCCGCCTTTCGCGGCCGCTCTCCCCCCTCCCCGACACACACTCACAGGCCGGGCATTG,1.434404279084618,0.5204516971427889
4642,ENST00000375533.5,ENSG00000095739.10,BAMBI,28677342,28682939,29.030291809954605,1877,1971.78,261.564,2.98869,CGCCGCTCGGAGCCGCCGGGCAGGTCCCCCAGCGCTCGCGTCTGGGCCCGCCCCCCGCTGCGGGGCGGATTGACAGGAGCCCGGCGGCCAATCGGACGCCGTGGGGCGGGGCGAGGCGGGGCGGTGCAGGCCGGCTCCCGGCGCGGGGCGCTATTTACGGCGCGGAGCCGGAGAGACCTGGGCTGGCGCGGGCGGGAGCTGCGGCGGATACCCTTGCGTGCTGTGGAGACCCTACTCTCTTCGCTGAGAACGGCCGCTAGCGGGGACTGAAGGCCGGGAGCCCACTCCCGACCCGGGGCTAGCGTGCGTCCCTAGAGTCGAGCGGGGCAAGGGAGCCAGTGGCCGCCGACGGGGGACCGGGAAACTTTTCTGGGCTCCTGGGCGCGCCCTGTAGCCGCGCTCCATGCTCCGGCAGCGGCCCGAAACCCAGCCCCGCCGCTGACGGCGCCCGCCGCTCCGGGCAGGGCCCATGCCCTGCGCGCTCCGGGGGTCGTAGGCTGCCGCCGAGCCGGGGCTCCGGAAGCCGGCGGGGGCGCCGCGGCCGTGCGGGGCGTCA,9.713383392039523,3.2799739066332587
4643,ENST00000320985.14,ENSG00000148516.21,ZEB1,31318495,31529814,11.28838540420845,5423,4985.06,893.453,4.03797,GTAAACCAGGTGCGGTGGGGAGGGGGGAGGGGTGGAGGCGGAGGGGTGGGGGGGAAGGGGGAGGGAGGGGGAGGAGGTGACTCGAGCATTTAGACACAAGCGAGAGGATC,2.79555950247487,1.4831370525371377
4644,ENST00000374726.7,ENSG00000095794.19,CREM,35126791,35212958,29.11756442271493,1207,780.481,83.8332,2.42,GCCTCCCCCGGGAGGCCGTCCCGGCGTGGGGGAGGGGAGGACGGGGCGGGAGGACGCGGTTCGGTCGGCTGCAGCGCTACTTTTGGTCCGGGGTCGGCAGGGAGGCCGCGGCTACCGCATCACAGCTGACGTGAGGACTACGTGGGGCCGCTGCCGGCTCCGGGTTGCTGGGCGGCGGCGCCGCTGCTGAGCGGCGGTCGGGCTCGCCGTCTCCACCTCCTCGCGTCCGTAATCAGTGACGAGGTCCGCTACGTAAATCCCTTTGCGGCGGACAA,12.032051414345013,3.588810731831217
4645,ENST00000374704.7,ENSG00000108100.17,CCNY,35247025,35572669,12.973782627858728,3960,3719.09,875.367,5.30292,AGGCCCCGCCGCCGCCGCCGCTGCTGACCCGGCGGCCGGCCGCCGTTCCGCCCCCTCCCGTGGCGGCGAGCGGGCGGGCCTCCCCACACGCCCCCGCCGCCCGCGCCCCGCGTCCACCCGCGCCCCGCTCCCGGGGACTGGGAGAACAGGATAGCAGCAGGAGTCGGGGGGCCGCCGAAG,2.4465356120512336,1.290740282957253
4647,ENST00000469037.2,ENSG00000189180.15,ZNF33A,38010650,38065088,3.452923347279809,1530,1658.62,114.24,1.5518,TCCTTTTGTTTTTCTCAGGTTTTGCGTGGGAGGCGGTCCCGGGATTTCAAGGGTCTACGCGCTTTTCTATGGCGAATGCAACCCGACGAGGGAGTGGGCTGTATCTTCAGAGTTGTCTCCGTCTTTCCAAGAACAGAACAAA,2.225108485165491,1.1538756763913296
4648,ENST00000351773.7,ENSG00000075407.18,ZNF37A,38094334,38150293,6.2749073167996015,7027,6529.49,729.122,2.51584,GGAGATGTAGTGTGCACTTTTCGGCCCCCGTCGCGGGAGCCGCTTCGGGCCTTCTGGGCATGTCTGCCATATGGCTCCAGGTTTGTTTTTCTCCCCGGCACTCTGACGGGGAGGGCTCCCGGCATCTCCTGGCGTCCGGGTAGAGGACGCGGAGGGTCGCAGCTTCATTGCCTGATGTCTTCGGGAAGTATTTTGAAGTCATCGTGGCTGTGGATTGGGGAATTTCTTGTTTCCACTGACCTGTGAGGCCGCGCACGCGGAGGGAGGCACCCCAGGCCCTCCGGCACTGTCCAGCCTCGCCTGTGTCCCCATTAGCACCAGTGGGCATTTTCAGAGGGTCCAGCTCATGGCTCAAGTGACAGGAAGATGTAGGAGCTTTCTGTCTTGAATGAGGATTCGAACCAAAGGGCTTAGGCCCAGCTGTCTTGGAGCAAAGCAGCTGTTGTGGGACCCCCACAGGCTGGGAGCTTTGTGCCCATTCAGATGTGGGGGCAGAAGAGGGCAAGGCCGAAGGAGCAGACAGCACCGCTTCTTGGGGAGTTGTGAAGGCATCATGCGGAGGGAAGAGCTTAGCAGCCAAGTGGAGGACAGCACCCTCCATGCCTGGATTCGTTACTCGCTCGTTCTAGATGCTGAGCTGCTGGCGCACTGCAGCACAACTAGAGATGTACGGATGCCCCCATCTTGATCTTACAGAATCAGAGGTACAGCCGCGAGAAAGGTCTAGTCAAGAACAGACAGAGTCGCTTGAGGACTCAGGAGGGTGTTTGCTGCGTTGACAACAGACTACACCCTCACAGTTTGCTCTGCTCTTCCAACACCAGTGGAAG,2.4941599294071173,1.3185539759795395
4649,ENST00000374518.5,ENSG00000165733.7,BMS1,42782801,42834937,21.52251155373184,7753,7409.0,2443.52,7.4305,GCTGACCTGAGGAGTCGCGGCTGCGAGCAGGTTAGAGTTACTTGTTATTGGTAAATAGCCACT,2.8965091923466573,1.5343152435465373
4650,ENST00000374466.3,ENSG00000169826.7,CSGALNACT2,43138486,43185308,14.238985639457226,3730,2917.18,525.0,4.0547,CGGCGGCGGGCCCAAGGCGTGAGGCGCCGCCCGGGTGTCCCCGCGGCGCAGGAGGCGGTGGAGCGCAGAGCGGGCGAGCGCGAAAAATCACTACCAATATAATGGATTTTATATATCAGATTGCTTTATTCTGGATATCATGGTAACAATACAGAAAGTATACATAATTTCCCATTTCTGCAAGTAGTCATGACTGCTGAAGAAAGAAAAACTTAAAGCTACGGCAGAATTATTTTATGGAAATTCTGATTTTGTTTTTAATTTTTGATAACTTTTTACTAAAGGTATGAACACACAAAGAGCTTATTTTGTTAGGCAAATACACATTAATAAGA,3.5117235897741446,1.8121792938038985
4652,ENST00000361807.7,ENSG00000198298.12,ZNF485,43606407,43617903,4.744566747376181,2054,1917.88,125.506,1.47436,CACTTCCGCTTCCGGTCCAGCCTGTCTCCGCGTGGTGCGAGCGCTGCACCAGCCCCTGGCTGGTGGTTACTGTCCGAACGGCGTGGTGTGGTCGCTGACTCTCTGGGCGTGCAGCTCCGCAGCCCTGCCGGCTCGGTTCGATTGACTTACGCAGGATTCTCAGCCCTTGCCTGGGAGAACAGTTCAGGAGACAG,3.2180517291409028,1.6861875171040022
4653,ENST00000580018.3,ENSG00000265354.3,TIMM23,45972449,46003734,127.14189353508444,1222,1069.7,2056.46,43.3131,GCGCACATTGCCGCAAAGCGGAAGTGTGGCGCTTAACGGGAACCGGCGCCCGGAAGGTCAGCGTGTGAAGTAGGCGCTGGCAACGCGGGGTTACCCGCTGTTATTGAGGAGTAACGGCCCAGCGGACCACCCAGGCTTGAGGCAGCGGCGGGAACCACTCGGTTTGCTGCGATACC,2.9354143096449907,1.5535641422744841
4654,ENST00000395611.7,ENSG00000107643.15,MAPK8,48306639,48439360,17.770355138957175,5844,4703.72,225.643,1.08079,GACGTGCGCGGGCGTGCGCGGTGACGGCCCGCGTCTCTGTTACTCAGCCGAGCGGCCGAGGCCGGACGACGCGGCTTGGATTGCGGAGCCGCGAGCAGCGCTGGGTAACGGCCGCGGCGACCACCCCGGACGGCCCCTGTCCCCGCTGGCGGGCTTCCCTGTCGCCGTTCGCTGCGCTGCCGGCTTCTTGGTGAATTTTTGGATGAAGCCATTAAATTAATTGCTTGCCATC,16.442005513519902,4.039314377358576
4655,ENST00000478381.5,ENSG00000204152.10,TIMM23B,49942033,49982053,5.79627123696282,2623,2467.72,352.482,3.21812,GCTTAACGGGAACCGGCGCCCGGAATGTCAGCGTGTGAAGTAGGCGCTGGCAACGCGGGGTTACCCGCTGTTATTGAGGAGTAACGGCCCAGCGGACCACCCAGGCTTGAGGCAGCGGCGGGAACCACTCGGTTTGCTGCGATACC,1.8011358299139932,0.848906983994928
4656,ENST00000374007.5,ENSG00000204147.9,ASAH2B,50739318,50816495,2.168326377180524,3715,3242.24,250.011,1.7373,TAATTTTCTTCCTTTCTTTTTTTTCCTGCGAGACGGTGGGCGGGGGTATCTCCCTAAGTTGCCCAGGCTGGTCTTGAACTCCTGGGCTCAAGCGATCCTCCCGCCTCAGCCTCCCAAAGGGCTGGGATTACAGGCATGAGCCACCGCTTCCTGCCAAAAGAGGGCTTTAGGGCACCCCCAGAACCTGAGATCTCCCTCATCTGTCATCTTTAAAGAGAAGGAAGTCGACTCCCAGTCGAGCCATAGTCCATTTGTCCCGGGCACGGTGACTCCGGGGTGGCCAGGACCAAATGTGTCTCCTTCTGGCTTTTGCACCGCACCAACTAATCCGCGGCAGGCCGCACAGCTGCCCTGGCCTTCGCGGAGGACTAAGGCGAGGGCGGTGTACGCTGCTCCGGAGTCCCACCGCGGGAGTTGAGGCAGCGGATTCCGAGGGCAGGGTGGGGCGGAATCGGGAGGGATGCGGACCCGGTGGAACGCACTGCGCAGACGGCGCCGGCGCCCGCACACAGCTGTTGACTAGTCTTCCAGCTCTCCCCTGGAAGTCGTCCAGGCGCCGGTCTCTTTTTTCTGCCTTTTTGTTTCCCTCCCCGCGAGTCGGCGCGACGGTGAATTTCCGTTTCCGGCGGTGTGGAAGCGGACCTGAGGAGTCGCAATTGTGAACAGGTTCGGTGCTGCGGCTGGGGCTCAGCGATATGAGGCAGCATCGACAATTTATGGACCGCACGCATTATCTGCTTACATTCAGCTCTTCAGAAACCTTGCTAAGGCTATTGCTACGGAC,1.2481012934901998,0.3197350252945387
4657,ENST00000373985.5,ENSG00000185532.15,PRKG1,50991358,52298350,9.844906618221517,6487,4773.2,303.933,1.4346,GCGGAGGGGCTCAGTGAAAAA,6.862474988304417,2.7787289859298667
4658,ENST00000333926.5,ENSG00000122873.11,CISD1,58269058,58289586,187.66092157515388,2479,1484.04,650.586,9.8769,GGAGTCCAGACTTCCTTATGGCCAGGACAGCTCCACGCATGCTCAGCACCTACCAGGGTCGAGCTCACACACGTGCCTACGACCCGCCGCGGCGCCTGCGCGGTAGCATCGCGGAGTCGGTGCTTTAGTACGCCGCTGGCACCTTTACTCTCGCCGGCCGCGCGAACCCGTTTGAGCTCGGTATCCTAGTGCACACGCCTTGCAAGCGACGGCGCC,18.999981935136926,4.247926141754072
4659,ENST00000373910.8,ENSG00000072401.14,UBE2D1,58334975,58370753,120.5703505445692,2659,1732.68,658.457,8.56195,AAACAAAAGAGTCTCGCCGGCGTCCCCGCCCGCACACTCGCGCACACTCGCGCTCGGGCGCACACGGAGCAGGGACCGGCGCCCGGAGCGAGCCAGGGAGCGGCTAACCGGGGACCCACCGCGCGGAGCCAGCCTAGCTGCCAGCGAGCCCAACCCGCGACGACCCACGCCCCTGAGCCCCGCAGCCGACCCCTGCCGGCCGGTGTCCCCACCGCCATCCCTGACCC,14.08211336723167,3.8157919569612044
4660,ENST00000487519.5,ENSG00000108064.10,TFAM,58385022,58399221,195.14592604372595,5414,4518.64,1645.9,8.2065,CTGAGACGCTCCGCTGGGCGCGCAGCAGCCGCCGATCGGACCTCGGGGTCCTGGATGCAGGACTGTCTGTTACGTACAGCCCTTGTGACCGTCACGGGCGGACACCGGCCAACGCCGGGTTGGGGTGAGGCCGCCGCCGCGGTCCCTCCATCACCCTCCTGGCCCGGCAGAGGAACCCACTGCTCCGGGCGGCCGGGGACAGAGGTGGCTCAACAGCGCCGCCTCGAAGCCAGAGCCCTCCGCAGGCTAGAGGATTGCGGTTTCCCTTCATCTCCGCGGCTCTTATTCCTCCCCCGCAAGGCCGCCCACCGGGGTACGCTCTCCCGCGCCTGCGCCAATTCCGCCCCGCCCCGCCCCCATCTACCGACCGGATGTTAGCAGATTTCCCATAGTGCCTCGCTAGTGGCGGGCATGATAACACACGCCGGAGGGTCGCACGCGGGTTCCAGTTGTGATTGCTGGAGTTGTGTATTGCCAGGAGGCTCTCCGAGATTGGGGTCGGGTCACTGCCTCATCCACCGGAGCG,23.779434112438427,4.571642478057861
4663,ENST00000373886.7,ENSG00000122870.11,BICC1,58513140,58831437,5.405914512925664,5475,4988.17,440.834,1.99112,CACC,2.7150119093403027,1.4409585263937295
4664,ENST00000395284.7,ENSG00000170312.15,CDK1,60778331,60794852,673.4173285910233,1913,1215.22,3052.4,56.5913,AGCGCGGTGAGTTTGAAACTGCTCGCACTTGGCTTCAAAGCTGGCTCTTGGAAATTGAGCGGAGAGCGACGCGGTTGTTGTAGCTGCCGCTGCGGCCGCCGCGGAATAATAAGCCGGGATCTACCATACCCATTGACTAACT,11.899661760571384,3.5728486614221424
4665,ENST00000279873.11,ENSG00000150347.14,ARID5B,61901300,62096944,10.185958620873496,7891,8202.94,850.685,2.33647,ATCAGACGATATCCCAGACAGGAGCGGTTAGAGAGAGAGGAATCACATCTCCACACAGTTTTAGGGTGCTTTTTATTTTTACAAATCTTCTTGTGTGTTTTTTGCCTTGATCCATCCTCTTCCCGCCGAGATCGTATGGCGCCTTTCTCTCGATTATGAATTTGATCAATCCATCTTTGGAAGAAAACCCACATAGTTTTTTCAGGAGCTGAAAATTGAGTCGTTATAGAAATATTAGGACATATTTTCAATCATTTCGGTGCCCGAAGGGAGGCAAGAGCTCAGTTTTATATTGAGACATTACGCCGGCTGAAGGCAGAGAATGCGTTTCCCTGCCAGGACCTGATGCAATCCATTCAAGCCAACAAGTTTGGAGAGAATGTTGAGTTCAATCAATTCAGAACGTCGAG,4.359550356252593,2.1241793432001885
4666,ENST00000373783.2,ENSG00000181915.4,ADO,62804857,62808483,66.34678885306498,3627,3569.65,826.963,5.21943,AGAGGGGGCTCAAGGCGAGCGCGCCGGGCAGTTGCGGGCGCGTGGCTGCTGAGGTTGGCGGCGGTGCCGCGCGCCCGACGGGCCGGTGGTTGCGGGGCCTCCCGCCTCGACCCGGGCTGGGGGCAGCCGTGGCGGCCGCCGGGGACCGCAAGGGGCGGAGGAAAGGAGGGGGCCGGTCCCGGCACGCAGAGGAGCAGCCGACC,12.711500844549112,3.668062474023085
4667,ENST00000277746.10,ENSG00000148572.15,NRBF2,63133247,63155031,26.851603421606185,1853,1609.4,371.126,5.19541,CGCGGCGCGGCGCCGGAGGAGGAAGTGGTGAGGTTGTTGCTCCTTCAGCGCCTATCGCTGGCTCTTGGGGCGCAGAGAGGGGCCGCAGTCTCCGCGGCTGCGTCGAGCTCCCTTGCAGTCCCCTCCATGTTCCCCGGCGCCACTACTCCCCTTCCTAAGGCCGCCGCTTACCCCGGGGTCT,5.168331935613587,2.3696987299554477
4669,ENST00000373758.4,ENSG00000165476.13,REEP3,63521363,63625123,44.54254832911786,5205,3818.84,992.781,5.85712,GGGGGACCGACCTCTGCGCAGCCCAGGCCGCCGCGCGCACACACCGGGCCCGGCTCCTGAGGGCGCCAGCGCGGCCCCGGGGAGCGCGAGGAGCCGGCGAAGCGCGCGGCCTGCCGTTGGCGGCCTGGTCCGCAGCGCCCTGCGCCCACCCGCCCCGGACGTGGGGCCCAAGCCCCCGTGAAG,7.604855001966471,2.9269207410545532
4670,ENST00000212015.10,ENSG00000096717.11,SIRT1,67884669,67918390,36.47694389870758,4094,3309.07,591.092,4.02449,GTCGAGCGGGAGCAGAGGAGGCGAGGGAGGAGGGCCAGAGAGGCAGTTGGAAG,9.063743206892694,3.180106987439263
4671,ENST00000354695.5,ENSG00000096746.17,HNRNPH3,68331174,68343191,170.85481049975422,1332,1076.07,493.54,10.3334,CCGTTGTGGCGAGCGCTACACGAGGCAAACGACTTCTCCCTTCTTTGAACTGGACCCCGCGAGCACCAGAGTCGGCGTAACTATCGCCTGACAGGCATTTAAATCAAACGGTATTGAG,16.534229827525717,4.047383940544166
4672,ENST00000373644.4,ENSG00000138336.8,TET1,68560656,68694482,5.552361380655683,9288,8688.21,1286.0,3.33482,GGCGCGAGTTGGAAAGTTTGCCCGAGGGCTGGTGCAGGCTTGGAGCTGGGGGCCGTGCGCTGCCCTGGGAATGTGACCCGGCCAGCGACCAAAACCTTGTGTGACTGAGCTGAAGAGCAGTGCATCCAGATTCTCCTCAGAAGTGAGACTTTCCAAAGGACCAATGACTCTGTTTCCTGCGCCCTTTCATTTTTTCCTACTCTGTAGCT,1.6649658394323181,0.7354925774243666
4674,ENST00000265872.10,ENSG00000060339.13,CCAR1,68721012,68792377,53.135786605322544,4683,4122.23,1469.23,8.03006,GAAGTTGGCGCATGCGCCTAAAGCTGACGGGTTTGAAATGGCTTCGATGTTAGCCGGGACCCGACTCAGATCGATGCTATAGAAGACAAACAAGGGAAGGTTTTTTTTCCTTTTGCATC,6.617109536581612,2.7262011614611716
4675,ENST00000298596.10,ENSG00000165730.14,STOX1,68827541,68895432,3.870282556610942,3377,3308.85,258.679,1.76135,GATCCTCCCGCCGAGCGAGCGGCGTCGTAGCCGCCGCGCTCGCCGAGGCCCTGCGTTGCGGGCTCCCGGCCGCCGGCGAAAGC,2.1973387212143765,1.1357572792968191
4676,ENST00000373585.7,ENSG00000107625.12,DDX50,68901278,68946847,24.59129285027036,2538,2136.92,1146.65,12.0893,GCATGGCCAAGGCCGGGCGGCCGCCTTGCCCCCGCTTCCTTTCACGCTGTCGCTGCCCGTAGGTGGTTGTGGCCACTGTGCCCGGAGGGAGGCGGCGGTGGCCAGTA,2.0341370344246865,1.024416873013285
4677,ENST00000354185.8,ENSG00000165732.12,DDX21,68956128,68985073,257.2369312213512,4711,4034.74,10686.1,59.6714,GGGAAGTGACGAGAGCCGGGTGGACCCAGGGTGGGGAACTACCTCTTCCTCTCCACGCGGTTGAGAAGACCGGTCGGCCTGGGCAACCTGCGCTGAAG,4.310891502819629,2.1079862530026454
4678,ENST00000361983.6,ENSG00000198954.7,KIF1BP,68988721,69043544,94.24049463651836,2544,2148.13,909.647,9.54055,ATTCCACAGCGGCCGCAACGTGTCGAGAGCCGTAAGTAAAGTGTCGCAAAGCAGAAGGAAGGCGGGAGTCCCGACTGCAAACATTGAGGAAAGCCAGGCAGTAGAGGCCGCT,9.877889077308788,3.304202768218783
4679,ENST00000359655.8,ENSG00000156502.13,SUPV3L1,69180232,69209099,37.294218625249925,2484,2174.2,907.063,9.3994,GCGTCACTGTCCGCCGCCGTGTCCGCGGCTGCGCCAGACAGTGTAGAACCTGCGGCCTCG,3.9677233254516167,1.9883114282158567
4680,ENST00000359426.6,ENSG00000156515.21,HK1,69269984,69401882,60.99468917767261,3605,4419.73,2606.53,13.2871,GAGGAGGAGGAGCCGCCGAGCAGCCGCCGGAGGACCACGGCTCGCCAGGGCTGCGGAGGACCGACCGTCCCCACGCCTGCCGCCCCGCGACCCCGACCGCCAGC,4.590519314046904,2.1986573713777102
4681,ENST00000373290.6,ENSG00000099282.9,TSPAN15,69451473,69507669,11.745053621415591,1698,2215.29,238.656,2.42719,CGGAGAGAACGCCGGTGGCGGGGCTGGTAGCCCGGCAGCCGCAGGTGGGGCCACGAGCGCTGGCTGAGGGACCGAGCCGGAGAGCCCCGGAGCCCCCGTAACCCGCGCGGGGAGCGCCCAGG,4.838951059214809,2.2746943479799224
4682,ENST00000373255.8,ENSG00000099284.13,H2AFY2,70052796,70112280,79.56831585049697,1980,2245.67,1127.0,11.3068,GAGCAATCCCTTCTCCCTCCTCCTCCTCCCCCCGCTACTATCCGCGGCCCAGAGAACTGCCGCTTGCCGCCATTGACACGCACAGATAGAACCCAAAGAAAGGCAAAGAGTCCTGCCCGGCACCGGCGCCGCGTGGGCCAAACCTGCGCCCGTGGAGGGGCGCGCAGAGGGCACCGGGCGCCGGGAGCAGGCGGCGCAGCACCAGCATTGTGTTAGTGCCGGGAGGCCACTGTGTCAGCAAGCTGAGAGGGAAACTGAAGCAAG,7.037209099877681,2.8150033811235255
4683,ENST00000373218.4,ENSG00000148730.6,EIF4EBP2,70404379,70428618,103.97842325870462,7257,7400.34,3608.28,10.9853,GCCGAGAGCCCGCGCCCACAGCC,9.46523292570113,3.242638009005488
4684,ENST00000263563.6,ENSG00000107719.8,PALD1,70478821,70568449,12.332135601647831,4555,6980.09,494.0,1.59451,GCAGGTCCCGTCGCCGGTGAGCACGGGCTCCCTCTCGCGTGGCCTCGCCGGGTCCGCCTGGCCTGCCCACCTCCGGAGCCACCTCTGCCCCCGCATGGGCTGGCGAAGTTGGGAGGAGCGAGCTGGAGCCAGAGCGCGCGCCGGGCGCGCCCCGTCGCTGCCTGACTCGGCGCCCGCAGTTCGGGCGCAGCACGCCGGCCGCAGGAGCACGGATGCCCCCCGGAGCCGCGGGCTGGCAGGTCTGGGGTCCTGAGGCTGCTGGCAGACT,7.734122458716365,2.951237607604602
4686,ENST00000373202.7,ENSG00000166224.16,SGPL1,70815961,70881173,32.04109953390854,5745,6451.1,1386.35,4.84175,GCGGCTGCCGGGCCTCCAATCTCGGCGGCGGCGGCGGCAACAGGGGAGCCTGGGTCTCGCGGCCTGCGAGTCCGTCGCGTGCTGAGGGAGACGCAGGAGGTGGAGCCGGCCGGGTGCTCGAGGGAAGGAGACTGGAAGCTGGTTCCGGCGTGAGGAGAGTCTGAAAAAGGGGAGCGCGGAGAGGAGGCTGGAAGAGGAAG,6.617669134901336,2.7263231627036975
4687,ENST00000335350.10,ENSG00000107731.12,UNC5B,71212570,71302864,10.018642312494991,6841,10500.8,481.664,1.03343,ATTGTGGCAGGCGGCTGGGGCCGGCTAGGGCGCCGGAGCCGCACGCAGCCGCGGGGCTCCGAGAGGCGCGCACTGGGGCTGGGACTGCGCGGCGCCGCCGCTGCGAGCGCCACTGAGCGGTCGCGCAACTTCGGAGGCACAGCGCCGGAGCCAGGCGAGCGCTCAGAGACCCGGAGCCAGAGGGGCGCGCCGGAGCCTCGTTCGAGAGCCGGCGCCAGGCACCCACCGCGCTCCGAGTGCCAGGCGGCCCTCCGCGCAGCGTGGCTTCCGCTGCCCCCACGGAAGGCACGGGCTGGCGCTGCCGGGCGCCGGGGAGGACGGCGAGGAGGAGGCGGCGGCGGCGGAGACGGCGGCGGCGAGACTGGGGCCAGGGAGACAGCCCTGGGGGAGAGGCGCCCGAACCAGGCCGCGGGAGC,9.694553392581009,3.2771744379762593
4688,ENST00000373115.4,ENSG00000122863.5,CHST3,71964365,72013564,5.517842836049824,6970,9808.3,506.211,1.16279,GCCTTGGACGCGGTTCAGGAATCCGCCGCCGCTAGCCGGCTCGGGCCTGAGCGGGGAGGGCGCCAGGCAGGACCTCTCGCAGGCTCGCTGCGCAGGACGGCGCCCGCCTGGCGCCGCTTCCCTTCCAGCGTGCCGACCGGCCCCGCAGCGCCTCCATCCCTCCGGCCCGCCCCGGAGAAGACGCACAGCTCGGGCCGCGCGGGCGCCGGGGCCGCGGAACCGCTTCTGCCGGGATCTTCCAGGAGGAAAGCGAAGTTGCGAGCGGATGCTGCCCGCGCCGGACCCCAGCCGCGGAGGGTCGGGGCCGCCGGTGGAGTCTCGGCGGCCGGGGACAAGGGTGTCCCCCACCTGAAGACGGCAAGCTGGGTCCTGAGTGATGCCCCTCAGCTGAGTGTCCAAGGCTGGCCCGAGGAGCCCCCACGGCCCCACCTTTCCCC,4.745347686211461,2.2465137957388173
4689,ENST00000621663.4,ENSG00000166295.8,ANAPC16,72216000,72235860,160.24029337185243,3567,3425.38,320.438,2.10764,ACGGGCGCGCGCACGCCGCCTTCGCCGCTGGCTCCGTCTGTTGGGGGGCGAACACGCCGCGGTCCTCGTCGTGGTGAGCGCAGCCACTCAGGCTGGTCCTGGGGGTGGGGCTGTAGGGGAAAGTGCTAAAGCCGCTGAGGTGCAGTGGCTCACGCCTGTAATCCCAGCACTTTGGGAGGCCAAGGCAGGTGGATCACCTGAGGTCGGGAGTTCAAGACCAGCCTGACCAACATGGAGAAACCCCATCTCTACTAGAAATACAAAATTAGCCAGGCATGGTGGTGCATGCCTGTAATCCCAGCTACTCGGGAGGCTGAAGCAGGAGAATCGCTTAAATCCGGGAGGCAGAGGTTGCTGTGAGCCGAGATCGCGCCATTTCCAGCCTGGGCAACAAGAGGGAAACTCCGTCTCAAAAAAAAAAAAAAAAAAGAAGAGAAAAGAAAACATAAGTTTCAGCCAGGCATGTGAAGTAAGAACTCTGCTAGAGAGGAA,76.02830339709459,6.248464691984529
4690,ENST00000307365.3,ENSG00000168209.4,DDIT4,72273920,72276036,175.50226910657918,1748,2367.32,532.266,5.06563,GGGCGCAGCAGGCCAAGGGGGAGGTGCGAGCGTGGACCTGGGACGGGTCTGGGCGGCTCTCGGTGGTTGGCACGGGTTCGCACACCCATTCAAGCGGCAGGACGCACTTGTCTTAGCAGTTCTCGCTGACCGCGCTAGCTGCGGCTTCTACGCTCCGGCACTCTGAGTTCATCAGCAAACGCCCTGGCGTCTGTCCTCACC,34.645694436146975,5.11460416870513
4691,ENST00000373053.7,ENSG00000156026.14,MCU,72692131,72887694,31.92398850064035,2949,2846.61,904.837,7.16151,GGCGCCGTTTCCAGTTGAGAG,4.457717506592932,2.156305193369575
4692,ENST00000242505.10,ENSG00000138286.14,FAM149B1,73168166,73244504,1.6778614668352925,5408,4771.98,512.452,2.41945,GGGGACCCTGGGGAGGTGGCTGCTCGGAGTCTAGGTGACGGGGCGAGACGGGGCCGGTAGGTGGCGGGAGGGGCCGGGCCGGAGCCGGCGGGAGGGCCAGGCCCGGAGGCCCCCACCCTGGCGTGCCTGCCCCGGCCGCGGCTGAGGAGGAGGAGGAGGAGGAGGAGGAGGAGG,0.6934887957326221,-0.5280555208771444
4693,ENST00000345254.8,ENSG00000176986.15,SEC24C,73744384,73772161,44.23372959547993,4433,5791.92,1864.5,7.25274,GGAGCCTGGGAGCCTTGACGTTAGGAACGAAGTCTAACCTGGATCTGGAGCCGGGTGAGATCAAATTGGGAATGCTTTCATA,6.098899118881957,2.6085488526651726
4694,ENST00000372841.7,ENSG00000196968.10,FUT11,73772291,73780251,21.642597051762245,2056,2191.4,194.286,1.99748,GGGGTCGGTGCTGGCCGAGGGGGCGCCGGCTGCCGGAGTGGAC,10.834950563591248,3.4376206657786206
4695,ENST00000372833.5,ENSG00000172586.7,CHCHD1,73782047,73783652,325.8606560169742,835,652.16,287.366,9.92758,AGCTTGGTGCGCT,32.82377538302126,5.036669281731359
4696,ENST00000372755.7,ENSG00000035403.16,VCL,73995193,74121363,74.40231503891276,6489,6869.5,1252.95,4.10934,GTAGTCGCTGCACAGTCTGTCTCTTCGCCGGTTCCCGGCCCCGTGGATCCTACTTCTCTGTCGCCCGCGGTTCGCCGCCCCGCTCGCCGCCGCG,18.105660529163504,4.178368904938998
4698,ENST00000372734.3,ENSG00000156110.13,ADK,74151185,74709303,130.21410187874048,2083,1592.98,724.172,10.2422,CGCCTTCCCTCCAATCAGCACGCCGGGCCGGCTAGCCAGGGGCCGCCCGCGCGCGGGGTGTGTGAGGACGCGCTCCCAGTCGCTGAGTGCCTGAGCCGGGAAGCAGTTGCTGTGGTACCTGCTGCTGCCCGAGCGGACGTAGAGCATCGGACGCGGGCGCCGTGGCGCTGGGCAGGAGGGCGAAGCC,12.713489472841818,3.668288156247235
4699,ENST00000372724.5,ENSG00000156650.12,KAT6B,74825582,75032622,15.878915205188733,7106,7146.02,432.603,1.36391,AGTGTCATGTCGGATTCATGTCAACGACAACAACAGGGGGACACAAAATGGCGGCGGCTTAGCTCCTACCCCTGGCGGCGGCGGCAGCGGTGGCGGAGGCGACGGCACCTCCTCCAGGCGGCAGCCGCAGTTTCTCAGGCAGCGGCAGCGCCCCCGGCAGGCGCGGTGGCGGTGGCGCGCAGCCAGATTTGCCTGAAGACCTGGATAATCTCCATTTTTGTCATGGACTGTTAAAACGTTTGAAGTTCCAATTCTGGTCTTGATTTCCCAGTTAAAGATGTTCTTCACCCGAATGCAGTCTTTCCTGTTGGTAAAATAAGACAACCATCAACATTGCCTGTTTGTCTGCTTTTGAATCTCTTAAGGATGGATGTTTGTAAGATGTTGCTTAATACAGTCTGGAATACTCTGTCCATTTGTTGAATTGTAAATGACTTTCAAATGTGCAAGTTCTGTTAAATACAAAGAGAACCTCTATGGGTAACTTTTGTGTTGAAGAAGTCATTTGTCAACC,11.642201615347592,3.541292001862031
4701,ENST00000435275.5,ENSG00000138326.18,RPS24,78033760,78056812,4397.456401082501,656,426.312,28.8533,1.52486,AGGCATCGGCGCGGTCAGCCTCGTGGCGCGCCCACGCCCCCACGCCGGCTCTTCCCGGGGTCCTTCCGTGCGCGTTGATATGATTGGCCGGCGAATCGTGGTTCTCTTTTCCTCCTTGGCTGTCTGAAGATAGATCGCCATC,2883.842714139331,11.493776766259163
4703,ENST00000334512.9,ENSG00000108175.16,ZMIZ1,79069035,79316528,7.890916219707725,7546,11112.8,904.343,1.83346,CGGGCGCCGGGGAGAGCGGGCGGCCGGGCGGCAGGCGGGCGAGCAGCGATCGGGCGGCCGAGCGAGCGAGCAACGCCGGCGCAGCGCGGTGACCCCAGCCCCAGCCGGCGCGGAGCAGGAGCCGGAGCCGAGCGGATCTCGGCGCCCTCGCTGCGCTCCTCCCGGCCCGAGCCTGCCCTACCCGGCGGTGGCGGCGGCGCGTCCTCCAGCGGCGGCAGCGGCGCTCGCAGCGCCCGGACTCACGGCAGCTGTGTTCTGATTTCGTACTACTGCTGGGGCTGCCACCTCCTCCTCCAGACGCTCTCAGCAGACTTGAGTCCTGGTCCTTCTGCAGAGGCCTGAGCAGGAGGAAGAGGAGGAGGCCCGTTGGCGTCGGACCAATGCTGCAAGGGGTGTGAGGAGAGGAGCCGCTGTTTTTCACTGAGCTGCCATACCCCGAAAGCAGGATGGAGCTGGAGTGAGGTGGAGGGGCCGCAAGCTGCTGACCGGCGTGTGGAACACTGGTGGTTTGCAGATCACTGAGGCTGGACAACGTTCATGGCTCTCGGGTAGAACCTAGTGAAACGGCCAGA,4.3038387637078115,2.1056240306927796
4704,ENST00000225174.7,ENSG00000108179.13,PPIF,79347469,79355337,521.9385803493141,2190,2547.07,2933.8,25.9508,TCTGGGCGCGCGCGACGTCAGTTTGAGTTCTGTGTTCTCCCCGCCCGTGTCCCGCCCGACCCGCGCCCGCG,20.112620048295778,4.330029127026344
4705,ENST00000372281.7,ENSG00000133678.13,TMEM254,80078646,80092557,32.1402089849278,2042,2086.73,179.945,1.94283,GAAGCGCGCTCCCGGGGAGGTGTTGCAGCC,16.542985739837146,4.0481477358847675
4706,ENST00000372134.5,ENSG00000165678.20,GHITM,84139440,84153245,401.4747739052905,2128,1844.27,3753.0,45.8476,TTTTCCGACAGAGGCCTGCCCGTGATTGGCTGCTCGTACTATTTACGTCCTTTCGATGTTGCGTCATGCAGTGCGCCGGAGGAACTGTGCTCTTTGAGGCCGACGCTAGGGGCCCGGAAGGGAAACTGCGAGGCGAAGGTGACCGGGGACCGAGCATTTCAGATCTGCTCGGTAGACCTGGTGCACCACCACC,8.756723883153981,3.130391221246753
4707,ENST00000332904.7,ENSG00000148600.14,CDHR1,84194635,84219621,1.4611121016177298,2694,3449.21,192.301,1.2561,GTCGCCGCTACCCCCATTGTGGTCTCTGCCCTCCCCGCGGGCCCAGGGCATGCTCCGTGCCCCTGCGCCCGGTCTCGGCGGCGGCAGGCGACACTCCGCGCCGGCGGAGAC,1.163213200873919,0.21811554707240743
4708,ENST00000372037.7,ENSG00000107779.12,BMPR1A,86756650,86932838,2.136121423937173,11255,10032.8,524.026,1.17678,AGAGATTGGAATCCGCCTGCCGGGCTTGGCGAAGGAGAAGGGAGGAGGCAGGAGCGAGGAGGGAGGAGGGCCAAGGGCGGGCAGGAAGGCTTAGGCTCGGCGCGTCCGTCCGCGCGCGGCGAAGATCGCACGGCCCGATCGAGGGGCGACCGGGTCGGGGCCGCTGCACGCCAAGGGCGAAGGCCGATTCGGGCCCCACTTCGCCCCGGCGGCTCGCCGCGCCCACCCGCTCCGCGCCGAGGGCTGGAGGATGCGTTCCCTGGGGTCCGGACTTATGAAAATATGCATCAGTTTAATACTGTCTTGGAATTCATGAGATGGAAGCATAGGTCAAAGCTGTTTGGAGAAAATCAGAAGTACAGTTTTATCTAGCCACATCTTGGAGGAGTCGTAAGAAAGCAGTGGGAGTTGAAGTCATTGTCAAGTGCTTGCGATCTTTTACAAGAAAATCTCACTGAATGATAGTCATTTAAATTGGTGAAGTAGCAAGACCAATTATTAAAGGTGACAGTACACAGGAAACATTACAATTGAACA,1.8152258059596298,0.860149024185329
4709,ENST00000298784.5,ENSG00000122376.11,FAM35A,87094161,87191468,2.2761849082522083,3402,2521.46,340.033,3.03831,ACGGGCGGCCGGATTTGCCCGGAGGCCGCACCCGCCTCCGGCGGGGCTCTCAGTGAAAAATGTACTCTGACCTGAATCCTGAATTTTCCTTGATGGTCAAAAGATTAAGAAATC,0.7491615102646564,-0.41665131486958973
4711,ENST00000371996.8,ENSG00000107789.15,MINPP1,87504875,87553460,58.48891403941999,2415,2129.37,660.122,6.9845,ATCTGCAGCTGGCTCGGCGCACTCCACTGACCGTCCCGACG,8.374101802479775,3.0659344567741766
4712,ENST00000361175.8,ENSG00000198682.12,PAPSS2,87659613,87747705,16.771237248744185,3949,3955.69,610.247,3.47573,GGCCGCGTGCCGGGCGTGCCATCTGCCGCTCCGCTGCAAGGTCTCGCCCGGGACCGGGGCTGGCGGAGCGCGCGCCCGCGAGTAGGGGCCGGGCCGGGGACCCCGCCTAGGCGGCGGCGGCCGGGTCCCCAAGGCTGGGCGCTGCTTGCGGAACCGACGGGGCGGAGAGGAGCGTGGCGGGAGGAGGAGTAGGAGAAGGGGGCTGGTCAAGGGAAGTGCGACGTGTCTGCGGAGCCTTTTTATACCTCCTTCCCGGGAGTCCGGCAGCCGCTGCTGCTGCTGCTGCTGCTGCTGCCGCCGCCGCCGCCGCCGTCCCTGCGTCCTTCGGTCTCTGCTCCCGGGACCCGGGCTCCGCCGCAGCCAGCCAGC,4.825241675488081,2.270601202545791
4713,ENST00000371953.7,ENSG00000171862.9,PTEN,87863113,87971930,4.568081714088182,9027,7329.62,1142.22,3.51101,GGTAACCTCAGACTCGAGTCAGTGACACTGCTCAACGCACCCATCTCAGCTTTCATCATCAGTCCTCCACCCCCGCCCCACAACAGCCTACCCTGCCTCCGGCTGGGTTTCTGGGCAGAGGCCGAGGCTTAGCTCGTTATCCTCGCCTCGCGTTGCTGCAAAAGCCGCAGCAAGTGCAGCTGCAGGCTGGCGGCTGGGAACCGGCCCGAGCAAGCCCCAGGCAGCTACACTGGGCATGCTCAGTAGAGCCTGCGGCTTGGGGACTCTGCGCTCGCACCCAGAGCTACCGCTCTGCCCCCTCCTACCGCCCCCTGCCCTGCCCTGCCCTCCCCTCGCCCGGCGCGGTCCCGTCCGCCTCTCGCTCGCCTCCCGCCTCCCCTCGGTCTTCCGAGGCGCCCGGGCTCCCGGCGCGGCGGCGGAGGGGGCGGGCAGGCCGGCGGGCGGTGATGTGGCGGGACTCTTTATGCGCTGCGGCAGGATACGCGCTCGGCGCTGGGACGCGACTGCGCTCAGTTCTCTCCTCTCGGAAGCTGCAGCCATGATGGAAGTTTGAGAGTTGAGCCGCTGTGAGGCGAGGCCGGGCTCAGGCGAGGGAGATGAGAGACGGCGGCGGCCGCGGCCCGGAGCCCCTCTCAGCGCCTGTGAGCAGCCGCGGGGGCAGCGCCCTCGGGGAGCCGGCCGGCCTGCGGCGGCGGCAGCGGCGGCGTTTCTCGCCTCCTCTTCGTCTTTTCTAACCGTGCAGCCTCTTCCTCGGCTTCTCCTGAAAGGGAAGGTGGAAGCCGTGGGCTCGGGCGGGAGCCGGCTGAGGCGCGGCGGCGGCGGCGGCACCTCCCGCTCCTGGAGCGGGGGGGAGAAGCGGCGGCGGCGGCGGCCGCGGCGGCTGCAGCTCCAGGGAGGGGGTCTGAGTCGCCTGTCACCATTTCCAGGGCTGGGAACGCCGGAGAGTTGGTCTCTCCCCTTCTACTGCCTCCAACACGGCGGCGGCGGCGGCTGGCACATCCAGGGACCCGGGCCGGTTTTAAACCTCCCGTGCGCCGCCGCCGCACCCCCCGTGGCCCGGGCTCCGGAGGCCGCCGGCGGAGGCAGCCGTTCGGAGGATTATTCGTCTTCTCCCCATTCCGCTGCCGCCGCTGCCAGGCCTCTGGCTGCTGAGGAGAAGCAGGCCCAGTCGCTGCAACCATCCAGCAGCCGCCGCAGCAGCCATTACCCGGCTGCGGTCCAGAGCCAAGCGGCGGCAGAGCGAGGGGCATCAGCTACCGCCAAGTCCAGAGCCATTTCCATCCTGCAGAAGAAGCCCCGCCACCAGCAGCTTCTGCCATCTCTCTCCTCCTTTTTCTTCAGCCACAGGCTCCCAGAC,1.3010733988476768,0.37970235265262636
4714,ENST00000355740.6,ENSG00000026103.20,FAS,88990582,89015785,24.91554938670775,2563,1944.04,416.773,4.8301,GCAAGAGTGACACACAGGTGTTCAAAGACGCTTCTGGGGAGTGAGGGAAGCGGTTTACGAGTGACTTGGCTGGAGCCTCAGGGGCGGGCACTGGCACGGAACACACCCTGAGGCCAGCCCTGGCTGCCCAGGCGGAGCTGCCTCTTCTCCCGCGGGTTGGTGGACCCGCTCAGTACGGAGTTGGGGAAGCTCTTTCACTTCGGAGGATTGCTCAACAACC,5.1583920388206765,2.366921422403845
4715,ENST00000371795.4,ENSG00000152778.8,IFIT5,89414586,89421001,46.84858202985678,4015,3066.3,625.0,4.59227,ATCTGATTCAATCTCCAGTTTCCTGTTCTTGCTGGGGCTGGGGTCTCTCCTTTAACAAAGACACGCCGCGCGGCCGAGTCCAGGGGCTGCAGAGGCCTGGCGCGCGCACGCGCACGCGCACGCCCACCGCGCGGCTTCCCGCGGTCCCCGGTGCTGAGGAGAGAGCGATCCGAGGGACTGCGCCGCCCGGACGGCCTGCAGAGCGCTGCCATC,10.201617507214685,3.35072601028306
4716,ENST00000260753.8,ENSG00000138182.14,KIF20B,89701610,89774939,30.80806504075526,6306,4170.48,2948.69,15.9296,ATTGTTTGAATTTGAAAACGGTAACATCGCAGTGCTGCTCGCGGGTCTGGCTAGTCAGGCGAAGTTTGCAGA,1.9340137254391359,0.951598033466621
4717,ENST00000371703.7,ENSG00000148688.13,RPP30,90871716,90908553,166.52034973071656,2589,2159.95,198.676,2.07235,GGAGTATTGAATAGTTGGGAATTGGAACCCCTCCAGGGGGAACCAAACATTGTCGTTCAGAAGAAGACAAAGAGAGATTGAAATGAAGCTGTTGATTTCAACACACAAATTCTGGTGGTAGATGAAAGCAAAGCAAGTAAGTTTCTCCGAATCCCTAGTCAACTGGAGGTAGAGACGGACTGCGCAGGTTAACTACAGCTCCCAGCATGCCTGAGGGGCGGGCTCAGCGGCTGCGCAGACTGGCGCGCGCGGACGGTCATGGGACTTCAGC,80.35339094782086,6.328287002426551
4720,ENST00000614189.4,ENSG00000180628.14,PCGF5,91163012,91284331,29.427175726585464,7037,4937.07,771.281,3.5197,CCCACGCGCGCGCGCTCGCGCACCACGCGCCCCGCGCGGCCCGCCCGGATCGTGGCCTCTCGAGAGCAAGACATGGGAAAGCGGAACCACCAAAAGGAGTGATGATCAACGATCTCATGATAAATCTGGATGCTAGTTCTCATGCCTCAGGACATCCTACTGGGAACGACACACCAGCTCCTGGGATCAGACTTTCATCTACTTAGGACCCCTCTTTGCCCAGACTACTAAAGCCAGTCTTCACTAGCCACGA,8.36070566428544,3.0636247144832636
4721,ENST00000298068.9,ENSG00000165338.16,HECTD2,91409280,91514829,5.946057256556509,4802,3575.92,439.644,2.76997,GAGCCCTCTCGCGGCCGCGGCGGCAGCAGCAGCGCCAGCCCCAGCAACACTGAGGCCGCCGCCGCCGCCTGGCGCTCCCGCCGCCCGGCCCGAC,2.1466143158794173,1.1020630041674493
4722,ENST00000371627.4,ENSG00000107854.5,TNKS2,91798312,91865276,33.29227750113306,6157,5515.11,2041.0,8.33778,CGCGCCGCCTCGCTAGCCGAAACCTGCCCAGCCGGTGCCCGGCCACTGCGCACGCGCGGGACGACGTCACGTGCGCTCCCGGGGCTGGACGGAGCTGGCAGGAGGGGCCTTGCCAGCTTCCGCCGCCGCGTCGTTTCAGGACCCGGACGGCGGATTCGCGCTGCCTCCGCCGCCGCGGGGCAGCCGGGGGGCAGGGAGCCCAGCGAGGGGCGCGCGTGGGCGCGGCCATGGGACTGCGCCGGATCCGGTGACAGCAGGGAGCCAAGCGGCCCGGGCCCTGAGCGCGTCTTCTCCGGGGGGCCTCGCCCTCCTGCTCGCGGGGCCGGGGCTCCTGCTCCGGTTGCTGGCGCTGTTGCTGGCTGTGGCGGCGGCCAGGATC,3.992942665929427,1.9974523566759101
4723,ENST00000265990.10,ENSG00000095564.13,BTAF1,91923769,92030325,21.492040485587363,7250,6056.47,952.806,3.54443,CAGTTGTGCGTGCCGACGCCCGCGTCAGCAAAGAGCGGAGCTGAGGGTACCCGGTTTGAAGTCGTGCGGGTCGGAGGACTGCCGCCTCCGCTACCGTCTTGGACCCCTGCTTACCGGCCGCCGCGGGGACGAGCTCGGGTAGGCGGCAGGGCAGATGCCCGAGGGCCTGCGCTGGAACGCCCCACGCCGCACCGGCCGCTCCCCTGTGCTCCGCGGCCTGGGCCTGCGCCGCTCAGCTCTCTGGAAACTAGCGCCTCAGCTGCGCGGCGCGTAGGTCGCGGGGAGCTCCGAACCGCCGGCGCCCGGCC,6.063609800613177,2.6001769176196947
4725,ENST00000358935.2,ENSG00000198060.9,MARCH5,92291163,92353964,101.5923103813864,3926,3126.42,736.842,5.30993,TCTTACCTCACAAAGGTAGCTCCTCCGCCGGCAGCAACTCGGCGCCCGCGGTCCATGGACCGGAACCTCGGGCCGACGGACGGGAACCCGGGCCGCGATCGCCGCCTCCCCGCCTCAGGCTCCTCCTCCTCGCTCTCCGCCGCCTCCGCCGGACTCCCGCAGGCCCTGCACCGCCGCCGCCAGGCTAGCGGAGCTGCCCCGGGAAGCTGGGTGACGGGTTCGCGGCTGCCGCCGGACTGCGGCCTACTCCGCCGCCTCTCAGTGCTATTGTCCCTGGGCCTGGCCTTGAGCGGGTCCACTGGGGAAGGCCGTGTGCGCCGGCTCCGCGGAAG,19.13251405976847,4.25795455473188
4726,ENST00000260731.4,ENSG00000138160.5,KIF11,92593286,92655395,109.62951517720352,4860,3954.02,4274.13,24.3541,AGACTCCGGCCCCTGTCGGCCGCCAAGCCCCTCCGCCCCTCACAGCGCCCAGGTCCGCGGCCGGGCCTTGATTTTTTGGCGGGGACCGTC,4.501480866761798,2.1703996875932603
4727,ENST00000282728.9,ENSG00000152804.10,HHEX,92689951,92695646,25.15964362140496,1727,1649.86,265.513,3.62579,CAGCAGCTCTGCGAGGGGCCGGAGCGCGGCGGAGCC,6.939079103148544,2.79474421302321
4728,ENST00000260762.10,ENSG00000138190.16,EXOC6,92834713,93059493,35.40347576671048,3564,2609.05,586.624,5.06569,AGCTTCCAGCCAAA,6.988875309525549,2.805060307400288
4729,ENST00000371485.7,ENSG00000138180.15,CEP55,93496632,93529092,52.36665952606128,2638,1970.45,1506.06,17.2202,CACACCTGATGGTGTGACTCGGCCGACGCGAGCGCCGCGCTTCGCTTCAGCTGCTAGCTGGCCCAAGGGAGGCGACCGCGGAGGGTGGCGAGGGGCGGCCAGGACCCGCAGCCCCGGGGCCGGGCCGGTCCGGACCGCCAGGGAGGGCAGGTCAGTGGGCAGATCGCGTCCGCGGGATTCAATCTCTGCCCGCTCTGATAACAGTCCTTTTCCCTGGCGCTCACTTCGTGCCTGGCACCCGGCTGGGCGCCTCAAGACCGTTGTCTCTTCGATCGCTTCTTTGGACTTGGCGACCATTTCAGAG,3.0410018191461936,1.6045466793981114
4730,ENST00000427197.1,ENSG00000176273.14,SLC35G1,93893973,93956062,10.716427908252802,2402,1772.12,123.998,1.57646,AGCCCAGGCGCTGCTGCTGGCGCCAGACGGCACCGGCCGCTGGTAGAGCGCGTGCCGCGAG,6.797779777636478,2.7650636247718983
4731,ENST00000371380.7,ENSG00000138193.15,PLCE1,94030812,94332823,1.7642281880745203,12024,12103.9,923.417,1.71884,ATCTACCACCTTAAAACCCTGATCTAGAAAAAATATATATTCATGATAGGAAGTTATAACTAAGAAAATTTATTTGCCTCTTAATGCTCCTGAATGAAAGGAATTATCCCTTTGTTCTTTGGGAGGACTTGTGTATCTGAGATTGTTGTAATAATCAGTCATTTTATTAAAACCTTGACATGATCACCAGGGAGGAAAAATAGAGCAATAGTCAAAACCTGTGTGTTAGTCCAAG,1.0264062903321545,0.0376019171255766
4732,ENST00000225235.4,ENSG00000108239.8,TBC1D12,94402504,94613905,5.570012408303443,5272,4607.41,386.789,1.89138,GAACGTTGCGGCGGCTGTCGCCGCGGCCCCAGCACCCAGAGCTGTTCTCTGGCCAAGCCTGCGCCTGTAGTCCTTCTTTGCCTCCTGGGGCGGCCGCCACCCACCCCCAG,2.9449462341271677,1.558241295017985
4733,ENST00000348459.9,ENSG00000119969.14,HELLS,94402504,94613905,122.35495355887386,3099,2212.49,1979.48,20.1573,GGGGATTTGGCTAGAAGGCTGGGCCGGCAGCGGTTGTGAGGAGTTAGCTCGCGGCATTGCAGGCTCTGAGAGGAGGGGACCCGGTTCCCGGGTGAGTGTCCAGGC,6.070007072319897,2.601698197402687
4735,ENST00000465148.2,ENSG00000107443.15,CCNJ,96043394,96060870,10.575624212413524,2677,2249.97,296.98,2.9738,AACAATGGGCGGCGCGAGCGTCCAGGCGCTGGGCTCTAGCTGAGGCCGGCGCTTAGCGGCCCACTGTCCGCAGCATGAGCGGGGCCGGCGTCCGCCGCACGACGGCGGGGCTGGGGCTGTGAGGGCCGCGGTTCCGGACTCGAGTTGCCGCGTCGGGCTGGGCGCGCCGCCGGGTCCC,3.556266128325215,1.830363290323133
4736,ENST00000316045.9,ENSG00000177853.14,ZNF518A,96129715,96205288,14.7802871428761,7277,5457.18,571.028,2.3575,GGAGACCATTCCCAGTCAGCAAGGGCTTGGGAAGTGCATACAGTTCCTGCTCCTGGTGTCTACTCTGAAGAGCACAGAGTAGACGTTTGTCTGCCATTTCACCGGCAGTAAGATCAGCAGCTGCTGGTGAGCAAAGAGGTAGTAGTGGGTCACTGGACTGGTGGGCGCCGGGGCCGCGCGCTAGATGGAGAGGTCAGCGGCGAACCCAGCTCCATGGCCTAGTCTCGTCAGACCGAGCGCGGACCCTGCCGGCCTCCGTTCTCTTCCGCTTGTCTCAGATATCATCTCTTCTTTTGATCACTGTTCCTGATTGTGACATTGTGCAAGTGTTAAATTGTGTGCCTTTTGTTCCTGAAGAAAGAGATGTCTCCTACTCTTTGTGTTGGATAGGTCCTGGGATCTTTGAAATGCTAAGATTCTTGGATACCACAGTATCATAAAATTCCTCTAAATGCATTGGTGCTAGCAATCCCCTACTCTGTCTGGCCTCTGGATCTAGCTTGAAGTTCTGGATTCATTTCCTTCTTCCTTGTACCTCAGCCTGAGCCTTCTGTCACCCAAAGGGCTCCAGCTGGTTTTTCACTCAGGCCTCACTTTATCTTCCAAGATGAGGAAACTGAGGTCCAGAGAAGTTGAAGTTTTCCCAAGGTCACACAGCAGAGCTGGAACTAGAGCTTGCATTTCCTGACTTCCAGATTAGTGTTATTTTTACTTCAAACTATTACTTCTTGGTGAGTTATTGTGGGAAAAATCCTGTATATTGAAGATGTCTCTACACAGTATCGTTTCCTGTTTAAATTACAGATAACTTCAAGAGTTTTCAGAAAAAAAGAAATTGGGACTTTTTTGGTTAAATC,6.269474928049247,2.648344621588737
4737,ENST00000393760.5,ENSG00000171307.18,ZDHHC16,97446131,97457370,18.789228636411647,2014,2362.16,155.924,1.48719,ATCCGGGGGCGGAACTTCAGAGGTCCACGCTGGCGCCTGCGCGTGTGGTTGAGGATGGGCTGGCGGCGGGTCCGGGTCCGCTGCCTGGCGCTGCGGGCGGCGGGCCATGGTGGTTTGGATTGAGCCGGGCCCGGCCGGGGCGCCGAGTCGGAGGGGGTGGCAGTGAGCGGCGGCAGAGGCTACGGGGCTCGGTTTGGCTGACTGGGGAGTCGGCAGGCGGCAGGTCTTTTGTGGGGATGAGCCAGGGTGCAAGGAGAGTACAATACTCCAGTTACCGAATTGAAACCATCCCTGCAGTGGAGCAGCCTCCTCCAGTTTCTGTTGGGTTTTGAGCTACCTGTTAAATAAGTCAGTGGGATTGTCAAGGACAAAGCCCTCCCTGGCTGCCTCAGGGCAAAATCAGGAACC,12.634047187253577,3.6592449605901414
4739,ENST00000370664.3,ENSG00000165886.4,UBTD1,97498868,97571209,4.399573060535229,1706,2454.09,117.0,1.07413,GCCCCTGCCTGGTGCCCCGAGCGAGCCGGGAGTAGCTGCGGCGGTGCCCGCCCCCTCTCTCCGCCCCTCCAGCGGAGCTGGTCTCCGGCCGGGCACCGTCGCGGGCCCCCCTGGCCCGGCCACCTGGGACCGTGCTGGGGAGTCTGCCACTTCCCTCTCTCCCCTGGCCCGCAAAGTTTTGGCGGAGCCATCGCTGGGGCTGAGCGCGCCCCCGGGGGGAGATCGGGGAGCGCCCGATGCCGGGCGGCCGGAGCCATTGACCCGGGACGCCGCCGTCCGCTGAGCAGCCGACCACCCCGCCGCCTCCGGTGCATGGGGACTGGCTGAGGAGCCAGC,4.095940957365708,2.034194919163688
4740,ENST00000370631.3,ENSG00000155252.13,PI4K2A,97584323,97676434,36.60096036529273,4189,5136.3,855.453,3.75239,CGGCCGCGAGCGCAGTGGTGTGGAGCGCGCCGGGTCCCGGAGCCGGCTGTCTGAGGG,9.754039522888807,3.2859998181150316
4741,ENST00000285605.7,ENSG00000155254.12,MARVELD1,97713173,97718152,51.13035661261048,3221,4464.48,844.562,4.26209,GAAAGGAGGAGAGGAAGAGAGGACTAAGAGGGGAGCAAGGCGAGGAGGCCGCGGCGGGCGCAGCGGGCACCTGGGCCGTGCTGCCCCCGCGAGCAAGGCGCCGCCATTCCGCTGCTCGGGGCGCCGCCGCCGCCGCCACCGCGCCCAGGGGCC,11.996545500590198,3.584547125166239
4742,ENST00000359980.5,ENSG00000155256.17,ZFYVE27,97737121,97760907,21.80795063838042,2997,4390.0,314.072,1.61186,GGAAGCGGCGGTGGCGGCCGCGGCGTAGGCGGAGGAGATTTTCGGACCTGCGACTTCCGAACAACCCTGGCAGGAGGAGCGGCGTTCAGCCGGGGGAGGCCTGAAGAAACGCTCCGGGGCCCAGTGGCTCTACCCCTGCTCCTGCCCGACCCTGCCGCCTCCCTCACGGAGCCAGCGGCCGGGTAGG,13.529680393074099,3.7580558543220537
4743,ENST00000356713.4,ENSG00000119946.10,CNNM1,99329099,99394330,9.825689994388016,5959,7797.85,702.925,2.03093,ACTTTTGGAGTAGGAGGCCATGCTGCAAACCCAGACTTTTCAGGCTGCATCTCAGATATACCGAAGTGTGTACCCGCTACGCACAGTGCGGTGATGCCTGGCCACCTCCAGCCTCCAGCGGGGACCTCCTGCCCAGGTGGAGTCTGAATGCCCACCGCCACCAGCCCACGCGCGCAGTGGGCGTACACGTGGTGACCTGCCTGCGGCTGGGTTCCCAGCTCCGGCTCCTCCTCCCTCCAGCTCTCGCTCGGCTTCCTGCAGTATCACGTGCAGCTGCGCTGGGTGCAGG,4.838024941474111,2.2744182068639853
4744,ENST00000370489.4,ENSG00000198018.6,ENTPD7,99659506,99756134,11.235466915487375,3550,3808.54,600.314,3.55125,CTTCCGGCTGGGCAAGGGGCCGCGGGGAGCAGCTCGGGACTGAACCGAGAGGTGCCGAAGGAACCGGCGGGCCGCTTGATCCCGCTGCAGACGTAGGAGATGCCTGGGACAAGGAGGCCACCTTCTCAGGGCAAAAGAAAAAGAAGGTGACAGGCGTTGAGACCACCGAAGGGAACCC,3.1638062416015136,1.6616612487234428
4745,ENST00000370476.9,ENSG00000119929.12,CUTC,99659506,99756134,44.29421808199165,1346,1205.04,290.921,5.4392,GCTGGGGCGTAGGTGTCGGGGACGCGCGCACGGGCGCGCGCAGCTGTTGACGCGCTTCTTAGCTGGTGCGCGCCGGAGCCCAAATTCCAAGTGGAAACTGCAGGCGCACGAGGGAGGAACGCGTGGAGC,8.143517076406761,3.0256520098258455
4746,ENST00000370355.2,ENSG00000099194.5,SCD,100347124,100364834,310.6658723219158,5362,6076.69,9278.0,34.3993,GTGGTGTCGGTGTCGGCAGCATCCCCGGCGCCCTGCTGCGGTCGCCGCGAGCCTCGGCCTCTGTCTCCTCCCCCTCCCGCCCTTACCTCCACGCGGGACCGCCCGCGCCAGTCAACTCCTCGCACTTTGCCCCTGCTTGGCAGCGGATAAAAGGGGGCTGAGGAAATACCGGACACGGTCACCCGTTGCCAGCTCTAGCCTTTAAATTCCCGGCTCGGGGACCTCCACGCACCGCGGCTAGCGCCGACAACCAGCTAGCGTGCAAGGCGCCGCGGCTCAGCGCGTACCGGCGGGCTTCGAAACCGCAGTCCTCCGGCGACCCCGAACTCCGCTCCGGAGCCTCAGCCCCCTGGAAAGTGATCCCGGCATCCGAGAGCCAAG,9.031168434297088,3.174912652746604
4747,ENST00000299163.6,ENSG00000166135.13,HIF1AN,100529072,100559998,47.85860107599124,13011,15316.5,1650.11,2.42725,ATGGTTTCCGTTGGGTGTGTGGTTTTTTTGTTTTTTTTTTTTTGGGGTCCGGAATAGGCGGAGCTTCCGGTTCCGGTGGGGGCCGTCCCTGGCGGCGGAG,19.71721127860387,4.301383612169468
4748,ENST00000238961.8,ENSG00000119906.11,SLF2,100912569,100965136,22.141681738688483,7288,6463.62,973.403,3.39296,CAATTGTGTGACACAGGAAGCCCAAGTGTTGGCCATCCTCAACGAAGGCAGCTGCCGGGCTCCGGTTTGCTTCAGCAAACCCTCACCCCTCGCCTTCAACCAGGCGGGTGTCGTCAGCTGTCCGCCAGCTGCTGCCCGCGCCTTTCCGCCCCCGCGCGCCGGCCAAGGCCGAGGCGGCCGGGACCAGAGGCGCGCGCCCTCAGTGCATGTGACGGGGTGGGAGGGGGAGGTTTCTTCCTCCCCCGTCCCCAAGCCCCGCCTTCTCCAGAGAGGCTGCGGCTTCCTATTGCGCCACCACCGAAATGACCACCGTGCCAGCCAATCAAGACGTGATTCATGAAGTAAGACCCGCCCCTTACTGGTCCCCAGGTTCCTTCCCGCTCACGCCGGAGTCACTTCCGAAGAGAGAACCGCCATGAAGAGAGAAGGGGGTGCCGCCCACCTCTGCTCCGACAGCCTCCCGGAGTCCCAGCAGCAAGACGGCAACCACGCACCCAACTTCTCCAGCCACGGCTCATGCCGCCGTCGCCAGCGGCGCCGAC,6.525771520645243,2.7061484768869644
4750,ENST00000311916.6,ENSG00000107815.7,C10orf2,100987367,100994401,33.337441526285005,3131,3793.15,328.411,1.95065,TGGGCATATGTGTGAAGCAGCAACGTAGAGGGGCTGAAGAGGAGAAATTCATGGAGAGAAAGAATGCACCTAGAGTGAGCTCTGCAGAGTGCTGCGTGGGATATCCCTAGAGTTTGGTCTAGTGAAGGCACGCTAACCAGGCACCTAAGGCATTTCAAGTAGTGACTTCCCACATTTGGCTAGGA,17.090427050616462,4.095116541995563
4753,ENST00000370223.7,ENSG00000107816.17,LZTS2,100996618,101007836,10.907479737217797,2883,4323.98,562.232,2.9295,CCAGGTCGGGCCAGGCGGGCGCCGGGAGCTGGGAGCCGGGAGCCCAGAGTTCGGAACCTAGAGTTCGGAGCCGGCTAGGGAGCCGGCGTTGTCGCGGCGAGGAGGTGGGCGCGCTGGAGCAGGAGCGGGGCCGGAACTGGAGCCGAGGCGCAGGTGGCGCTGGGTCGCCTGCGAGGCCGCTGGCCAGGCCTGAGCCTCTGCCACC,3.723324709751765,1.896591438569501
4754,ENST00000393459.5,ENSG00000107819.13,SFXN3,101031234,101041244,5.596970506066604,3098,4210.89,231.571,1.239,ATTCCGGCACCTCCCTTAGGCGCCAGGGACAGCCGAGCGTTACCTGGTCCCGGGCAGCGGAGTTCTTTACCCACCCCAGTTCTGGTTCTGACGCCCTAGCTCATTCCGCAAATTTAGGGCTTGGGTCTGGCTTGTTCCCCTCCGGCTCGAACCACCTCTTCTCTGAGCCGAGCCAGCTACCGGGGCTCCTGGAATTGCCACCCCTCCCTGGGCACCCTTGAGGCCTCCGTGGAGGGACGTCACGGGGCAGAGCGGGACGTGAGCCTGAGTTTGCTGCAGGCGTGCTCTGTGTGGTGGCTGGGTTCTGCCAATCCCCGTGCCCACCGGGTGGGCGCGGCCGGGAAGCTCCTGCCCCTCCCTGCTGGTCGGCGTCACGCGTGACGTCCCGCGTGATGGCTGGGAGGGCCCGGCGGCGACAGCGGAGGCAGAGAGGAAGGCGGTTCTGAGAGCTTCAGAGAGCGATGGAAAGCAAA,4.5173288991659435,2.1754699578138217
4755,ENST00000370196.10,ENSG00000107807.12,TLX1,101130505,101137789,31.79908107525517,2906,4152.49,569.307,3.08887,CCTCTTTCGAACCCTGTAGGATTTTACTTCTTGACGCATCTGTTTATTTAAAACCAAAGGGGTATGTTGAGGCATGGGCACCCTGGCAGCAGACCCCAAACCAACCCTCTTGACTTGTGCCTGCCTTTCAGGATATGTTCCCTTCCTGAATTTGTCTAAGAAGGCTGAGTTGGGGGGTGGTTGCTGATTTTTATAACATATAGCCAGTTGTTCATAGGCCTGTGTTTTAAAGAAGGGCAAGCCTGAACTCACCGTCCTGCCTCAGGGCCTGGGCTCCATACCTGGGGAGTAGACAGTCTTCTACTTTCTAAAAAGCTGGACTTGAAATTTGGAGTAAATCTCCTGGTTGAGTGACAGGTGTTTCGCAGCTGAGCCCTTGAGGAGATTCTCCAGTTGGGCAGAGACATCCCTTCCTCAGACGCCTTGTGGGCTGGACTCCTTTGGCCCAGTTCAAAGTGAGGGGAGGGCTCCCAACAGGCCGGGAAGACAGTTGACTTCACCCTCCTTGGGTTTGTCTGTCTGTCCGTCTCTGGGAATGGTCGCTTCCTGTTTTCCCTTTTCCTTTTAAGCCTCGCCTTGTTCCCCTCTTCTCTCTCTTCATGAACTACTCCGAGTCTTGGTCTCCGTCCCTCTATCTCTGGCTCCTGCATCTGTCTCGGCTTCTGGCCTTCCTCTCCCCCTCCCCTCCCCTCCCTCGCGCTGTCATTCACCCCGCTCCTCTCCGCGCACAGCCAATGGAGAGACCCAGTCGAAACCGCGAAGCTCTCTTGCACCGGGCTTTTTCGCCTGGTGATTGATGTCCCAGAGTCAACAGCGAGCGAGCAGCCGGAGCGGGGAAGCAGAAGCCAGAGAGGGGAAGAATACGGCGCCCCCTCTCTCCCTCCCCTCCCCCTTCTACTTTAGCCTTTCTGCGCACTTCGCTTCCAAGTCTCCGCGCAGCCAGGAGCCGCTGTTGCCTCCCAGCCCCTGCTAGCTGCCCCCCGAGCCGAGCGCAGCGAGCGCCGCCGCCCGGGCCCCCCGGTGGGGCCAGGGCCAGC,10.294729488536316,3.363834016098466
4756,ENST00000370187.7,ENSG00000166167.17,BTRC,101354033,101557321,8.775440464783388,6134,6578.25,401.559,1.37531,AGAGGTAAGAGAGGGCGGGGGGAAGGAAGAGGAGGCGGGATCCGGGCGCTGCGTTGGCTGCGGCCTGGCACCAAAGGGGCGGCCCCGGCGGAGAGCGGACCCAGTGGCCTCGGCGATT,6.380699962032842,2.6737146961472535
4757,ENST00000370151.8,ENSG00000166171.12,DPCD,101570560,101609668,77.53634991825108,858,763.528,314.762,9.28793,GGAACGGTTGCCATGGCAGCGGCTGGGCGTGCTGCTTAGCAGGGGAAAG,8.348076473256267,3.061443816487475
4758,ENST00000299238.6,ENSG00000166189.7,HPS6,102065390,102068038,36.573816904716026,2649,4086.82,386.0,2.12796,GCTCCGCTCCCCCGAGAATCGGGCCTCGCCCTGCTGGGCGGCTGGACCTGGGCAAAGCCTGGGCGCGCTCCCGCGCAGCGGCGCC,17.187267103101576,4.103268259235186
4759,ENST00000278070.6,ENSG00000148840.10,PPRC1,102132994,102150331,19.198462092551967,5330,7537.62,1909.86,5.70859,GCCAGCGATCAGAGCAGCGCTGGGTGTTCAGGGGCCAAG,3.3630830191959777,1.7497843928710433
4760,ENST00000605788.5,ENSG00000166197.16,NOLC1,102152176,102163871,120.0474822010859,3932,4313.95,1855.73,9.69171,GCGGCCGGTGGGCTCCGCCCTTAACCAAGATGGCGATACGCGTGGGACCGGAAAGAGTTTATAGATTTCCCGTCTACCCTACCTCTGAGGTGAAGGTGGGACTGCCCTGTGGAGCCCACCCTTTCCGTTATGCGCCCGCGCGGCGCAATGACGTAACACAGGCCCGCCCACTGCCCCTGTTGGGTTCCTGAGTCGTGCTGCGTCGACAACGGTAGTGACGCGTATTGCCTGGAGG,12.386615179476676,3.6307100990782644
4762,ENST00000369983.3,ENSG00000107862.4,GBF1,102245532,102382899,26.103987473810957,6403,8320.41,2649.87,7.17533,AGTTACCACGTCAGTGAGCTGACAGGGAAGGTACCCGGCTCTACTGCCCGTCCCGGACGACTCATCCTGGCGGACTGTGCAGTCCCACCCTGACTTCGGCCTCAATTTCCAGGAAACAGGCTCCTTCTCTTCTCCCATCTGCTACCAGAGCCGGGAGAGCTGCTCGGAGACGCCTCCGGGGTGCGGGCTGGACATGAGCAGCGGCTGCCGGTCCTGGGACTAGGCCCCGCCATTTTGGATCCGCTGACAGGTTTGCCAAG,3.6380190839739717,1.8631531109614707
4764,ENST00000189444.10,ENSG00000077150.18,NFKB2,102394110,102402529,6.502016391457919,3011,4432.27,492.802,2.50501,ACTTTCCTGCCCCTTCCCCGGCCAAGCCCAACTCCGGATCTCGCTCTCCACCGGATCTCACCCGCCACACCCGGACAGGCGGCTGGAGGAGGCGGGCGTCTAAAATTCTGGGAAGCAGAACCTGGCCGGAGCCACTAGACAGAGCCGGGCCTAGCCCAGAGAC,2.595604964234841,1.3760708303685978
4765,ENST00000238936.8,ENSG00000138111.14,MFSD13A,102461395,102477045,3.1724001287500165,2852,4090.35,203.208,1.11929,GGCTCGCACCTGGCTCCCGCCAGCCGTGGGATTAGGCTTCGCCGGCTACGATTGCGGCCCCCATCTTCTGACTTTTCCTCGTGTGACCCATCTTTTCAAATTCCCTTACCTGAGGAAGGAGCCCGATTACAAGGATATTTACCTGCTCCTACCCTGATCTAGGGACGAGGATGGGAAGACCGCCTGTGGCCATGAGCCCTCCCCGGTGCTCCTGGGGCTAAGGCTGGGGCTGCAGCC,2.8342968567127524,1.5029908702102135
4766,ENST00000369902.7,ENSG00000107882.11,SUFU,102503987,102633535,23.55465987588443,5001,7384.56,553.405,1.68842,GACAGCCTGGGCGGACAGTGCGCCGTGCGCAGGCGCGGAGCTAGACCTCGCTGCAGCCCCCATCGCCTCGGGGAGTCTCACCCACCGAGTCCGCCCGCTGGCCCGTCAGTGCTCTCCCCGTCGTTTGCCCTCTCCAGTTCCCCCAGTGCCTGCCCTACGCACCCCG,13.950711242394918,3.8022667710435343
4767,ENST00000302424.11,ENSG00000171206.13,TRIM8,102644496,102658407,20.505558805964764,2831,3685.13,759.759,4.64499,AGCGACCGTCGGGGCCGGCTGGGGCCGGAGCTCGGGGCTCGGTGGGCCTACAGCGGCTCCGGACGGACCCCCGGGGCTGGGGAGTCGGGGAGGCCTGCCCCGGCCCCCTGCCCGCGGCCGCC,4.414553918515382,2.142267663907768
4768,ENST00000369893.9,ENSG00000156398.12,SFXN2,102714538,102743492,76.46910913599281,6866,7798.45,442.417,1.27816,GGCGGGAGCCTCCCGGCCTGGGATTGGTCGAAAAGGAGGGGCGTGGGGCGGGCGTGGGGGCAGTTCCCCAGCCCAGGTCCTCCTCTCACCCGGGCCAGTTTTCAAGGCGGGCTGTAACTGGTGGCATTTGTCCCGGGACCAGGTCCACAGTTTTATGTGTGAGCAAG,59.827493534450156,5.902736717613388
4769,ENST00000339834.9,ENSG00000166275.15,BORCS7,102854223,102901899,88.84281005260422,2422,1589.92,331.087,4.69168,GCTTTGCTTGTCTTTTGGCCCCGGCGACTCACCATCGTCAGTGCGCAACCGTTCGCTAACTGAA,18.936246728805934,4.243078503712251
4770,ENST00000369849.8,ENSG00000148798.10,INA,103277163,103290351,65.90136466534912,3231,3559.19,1939.0,12.2741,CTTCTGTAGCTCGCGTTGAAGCCGCACGTCCGGCCCCGATCCCGGCACC,5.369140276301246,2.424691097817143
4771,ENST00000369839.3,ENSG00000148835.10,TAF5,103367967,103389065,15.455980757577306,3268,3033.82,510.0,3.78741,GCGCGAGGTGGCTCAGCCGCAAG,4.080883970200561,2.028881691729078
4772,ENST00000369797.7,ENSG00000148843.13,PDCD11,103396648,103446292,25.32772057812775,6453,8326.99,2472.28,6.68916,GGACTGTGGGTATCCTGGTCTCCGCGTGTGTGAGTACCGCGGCGCGAGGTTAGTGGTAGCTGGGTGCAGACGCCGTGGCGCTGGAGACCCAAAC,3.786382831047209,1.920820285455551
4773,ENST00000335753.8,ENSG00000065613.13,SLK,103967201,104029233,51.36691284348415,7673,6195.09,3269.13,11.889,GCGGCGGCGGCGCCCCAGACCCGAGGGGACGCGCGGGCCTTGCGCCGCGGGAGCGGACGGCGGCGGAGGAGACCCTAGGCTCGCGGCCCGAGGCGGGAGGGCTCGGCTTCTCGACTGCCCGCCTCCGAGGCCGCCGGCCGCTTCTCTCTCCCAGAGTGGCCGCCGCCCCTGGAGACTCGCCGTGACACGGGCCTAAGCCGCCGCCGCGGGAGTCCTGACCGCTCGGACCCGTCGGATCAGGCCGGGTGGGAGCGAGCTTGCGGGCAGGTGCCGCTCCCGGAGGGTGGGCCGGAGGCGAGGCGCCCACCGCGCGGCTCGCGGGCCGGGCTCGGCGGAGGGGCCGCTCGCGCAGCACCCCCACCGCGGGCCGGAGCCCGGGTCGCCGCCCCGCCTTCTCCCGGGACCGCCCGGCCGGAGCTGCGGGGGCCGAGGGACGCCGCGCCCGCCGCCGCCAGCCGGGCTCGCGCGGGAGAGCAGGGAAGAGAAACTTTGCCTTTTATTGTTTTTAGTCCTTAAGTGCAAGGAACTCTGTGTTGGGAGGAAAA,4.320541075236282,2.1112119970366967
4774,ENST00000369727.3,ENSG00000156384.14,SFR1,104122058,104126385,17.105772046558982,1438,947.277,130.965,3.11487,TTTTTTGCTCTCGCTGGGA,5.491648783595779,2.457239361397768
4775,ENST00000369713.9,ENSG00000148834.12,GSTO1,104235356,104267459,321.112477552452,972,899.507,929.647,23.285,ACAGCCCCTTAAGATGTTTTAAGGGCTATCCCATAAAGCCGGGAAGGCACAACGGGTGGAGCTGGCGGCCGCCGGGGGCAGGCACTTTTGAGCTAAGGAGGAAGCGGGGGAGGGAAGGAGGGCGGGAAGGACGCGCCACCTACTTCCTGAATCCCCTGCAAACCCCAGAGGAGCTCGGCCTGCGCTGCGCCACG,13.790529420332918,3.785605938064681
4776,ENST00000356080.8,ENSG00000148700.14,ADD3,109996368,110135565,29.027229328578887,3081,2786.21,305.848,2.47317,GGGGCGCTCGGCTAGTCCCGCCAGAGCGCGAGCCGCCAGCCCGTAACGGTCGCCAGTGTGAGGGGCGGGAGGGAAAGAAGAGGGGTTTAAATTAGATTTTTTAAAACACAGAGCAAGCGCCAGAGGCGTCGGCATCCCAGGTGTCGCCGCTTCCTGCTGCACAGGGCTCGGCGTACAGGTCCCTCCCTCCTCAAGCCCCCTCCCCTTCTCCCGCCCTACCCTCTGGGGCTCTGCGGCGCTTAAGAGGCGGCCGCAGCGGCGGATCCGGCGGCTGCTGCAGCCCGGGCGGCTGCCGAGAAGGAGGGAGGGGAAACACAAAGCCGGCTACGCGCTGCGAGATAACAAGAGTAATCCACAGACTTAAAAC,11.736851623050129,3.5529735564045732
4778,ENST00000239007.11,ENSG00000119950.20,MXI1,110207605,110287365,34.89675879536268,2424,2143.95,406.087,4.26743,GGTAAACAAACCACGCGCGGGCTGCCCGCGGCACGGCGGGCGCGGCTGGCGCGGCTGGGGCGGCAGGGGCGGCGGAGAGCGCGCCGAGCCGCGGCCGAGCTGGCCCGCCCGCCCGTCGCACATGTTCCGGAACGGCGCCCGGCCGTAGCCGCCTGCGGCGCCTCCTGTCGGCCCGAGAAGGGAGTGCGGAGAGGCGCCGGTCGCCACCCGCGGTGCCC,8.177464843093544,3.031653651825189
4779,ENST00000369583.3,ENSG00000138166.5,DUSP5,110497838,110511544,11.03712517704753,2557,3098.26,262.927,1.91197,CTTATATGGGCAGCCGCGTCACGGACGGCACTCATTCACATAAAACGCTGCGCGGCCGGCGGAATCCCCGGCTTCTAGGGCGGCGAGCGGCCGGGCTGGCTATCGAGCGAGCGGGGCGGGAACGCGGAGTTGCGCCGCCGCTCGGGCGCCGGGCTCCGTCGCGGCCGCAGCCCCGCGGGTCGCCCTCCCGTGCCTCGCCCGCGGACACCCTGGCCGTGGACACCCTGGCCGTGGGCACCCGCGGGGCGCGCGGCGCGGGGCCGCTGGCCGGCGGCGGCGGCGGC,5.7726455838990836,2.5292326526716713
4780,ENST00000361804.4,ENSG00000108055.9,SMC3,110567691,110604636,86.80490162296918,4114,3168.58,4643.37,33.0165,TTTTGTTTGGCTGAGGGGAGCGAGCGGCGCTTTGGGGGAGGGGTCGCGTAGGCGCCTCACCTGACCCTGCGGCCGTGCGGTTGCTGCTCCGGGGCAGGTCTCCTTCCAGGCCAGGGGCCCGGAATC,2.6291369958344823,1.3945893180920053
4781,ENST00000369519.3,ENSG00000203867.7,RBM20,110644397,110839469,4.795469867714775,7233,9165.24,628.85,1.54584,CCGGGACCGCCCCTCCCTTGAGCTCTCTCGCCGCGATCCCGGGCGGGTCTCGCCCCGC,3.102177371341649,1.633281176844455
4782,ENST00000280154.11,ENSG00000150593.16,PDCD4,110871795,110900006,190.493045479452,3602,2867.14,1350.36,10.6111,AGCTCCGGCTCCGCCGCCACGATTGGCCAGCCGACCACCCGGCCTCGGCCAATAAGCGCCGCCCTCTCGCCCCCGTGTTACTGGGTAGAAGAAAACAAAAACAAACAGAGCGAGAAGGGCCAGAGACTCTCCGAGGCGGCGGCAGAGACAGAAGAGCGGGGTCGGGGCCGGCTGACCAGGAACCTGGGCGAGCAGCGGCGGGGGCCCGAGGGATTCTGAAGGAAGATTTCCATTAGGTAATTTGTTTAATCAGTGCAAGCGAAATTAAGGGAAA,17.9522429794698,4.166092202623613
4783,ENST00000369452.8,ENSG00000108061.11,SHOC2,110919547,111013667,26.405261346009382,3943,2968.22,1112.03,8.44073,GGGGGAGGGGCGGGCGGGGGGCGGCGGTTGGGCAGCGTCGCTTCTTAGGAGGAGGAGGAAGAGGAGGAAGGAGGGCGAGCGAGGAGGATGGCGGAGTCGGGGCTCCTGACGGAACTCTAATGAATCATTGATTGACCAGCACTATTTTACCAGTTGGAATGAATGATCAGAAATGGGCATAGTGCTTTTAGATCCAACATGTAACAGATGGATGTTACTCCATGCTGATTACTTCTTCAAGCCAGTACTTTTTTGATTGTGTAGGATCTTTGTCTCTTCATCTTTGAATTCAATTACTGGAAAATAAAAGGAGTTCATGTAGTTTTTGTCCAGGCTTGAGTCACC,3.1283148905378306,1.645385739036738
4784,ENST00000393077.2,ENSG00000151532.13,VTI1A,112446998,112818744,19.64681443167768,4131,3854.75,417.284,2.43892,CCGTTCTGCTCTCGGGGGCACCTTCCGGGGTTCCTAAGCCGCGGGGCCCCTCGCTGCCCCTCGAGGCCCTTTCCCTGACCTAGGCTTTGGCCTGGGCTACTCGTTCCGGAGCCGCC,8.055538694043953,3.0099810687877717
4785,ENST00000538897.5,ENSG00000148737.16,TCF7L2,112950250,113167678,12.037416197533275,4000,4166.07,294.262,1.59136,AATAATCTCCGCTCCCAGACTACTCCGTTCCTCCGGATTTCGATCCCCCTTTTTCTATCTGTCAATCAGCGCCGCCTTTGAACTGAAAAGCTCTCAGTCTAACTTCAACTCACTCAAATCCGAGCGGCACGAGCACCTCCTGTATCTTCGGCTTCCCCCCCCCTTTGCTCTTTATATCTGACTTCTTGTTGTTGTTGGTGTTTTTTTTTTTTTTACCCCCCTTTTTTATTTATTATTTTTTTGCACATTGATCGGATCCTTGGGAACGAGAGAAAAAAGAAACCCAAACTCACGCGTGCAGAAGATCTCCCCCCCCTTCCCCTCCCCTCCTCCCTCTTTTCCCCTCCCCAGGAGAAAAAGACCCCCAAGCAGAAAAAAGTTCACCTTGGACTCGTCTTTTTCTTGCAATATTTTTTGGGGGGGCAAAACTTTTTGGGGGTGATTTTTTTTGGCTTTTCTTCCTCCTTCATTTTTCTTCCAAAATTGCTGCTGGTGGGTGAAAAAAAA,7.5642319761293955,2.919193607824913
4786,ENST00000621345.4,ENSG00000165806.19,CASP7,113679162,113730907,40.974435862013536,2467,2427.32,210.398,1.95288,AACAAATATTTCCCGAAAGATCCAGGAGCAGCATCTCCACCAGCAAGCTGGGCTGCTGGGTGGGTACTTCCTTCAAAGCTGAGGGAGCGTCCTACGCCCACGCGCGCAGGAGGGCGCCCCCCGCAAAGCAACGTCTAGGAGACCACAGTGGATGCCACAGCGGGCCCGAAGCGGATCAGCCTTGTGGG,20.981543086115654,4.391048879610062
4787,ENST00000369301.3,ENSG00000196865.4,NHLRC2,113854661,113917194,36.71399745244894,11051,8882.5,1582.92,4.015,AGTTTAATTACGTCCCCGGGAACTGCGCCGATTTGGACTTTTGGCACTTGGACCTATGCTTTAAAAAGAAAAAAGTGTCATTGGCGTGGAGTGGGGCTAGTGGAGGGTGAGGTGAATGCGCCGTTTGGAAACCACAGGACAGTGAACGTTTCGTCTCTCCCAGCGAGACTCTCCCGCGGGCCCGGCGGCCGCATCGGGAGCCCGGCGGAAAC,9.144208580933736,3.192858312043937
4788,ENST00000369248.8,ENSG00000151553.14,FAM160B1,114821744,114899832,11.022888169818849,5810,4650.87,427.725,2.07201,GCAGGCCGCGGCGGGCAGAGCGGGGGGAAGGAACCCGAGCCGGGCTGCCACCGTGTCCCAACCGGTGCCGCCGCCGGAGCTTCTCCGGGCCCCGAGTCCTCGCCGAACGCCCTCCTCGCCGCCCGCCGCGTCCCGGCGCCCTCCGGAGCCGCCGAGCCGCCCGCGCACACCTGAAGCGGCCGGGCCAGGCCCTGCCTCGATCCTCAGCTCGTCCTCCCCGCCCCGCACCGGCCTTCACTCTGGAGCGGCCCCGGCAGCCGCAGCAGGGGCGGCGGCGGCGGATCGAGGAGCTCTCCAGGTCGTCCCGGGAGAGGCTGCTGCAGTCCCGGGACAGG,5.319901047687438,2.4113994112643806
4790,ENST00000298746.4,ENSG00000165832.5,TRUB1,114938193,114977676,85.27140436148568,3408,2535.66,1372.89,12.1985,GCACTCTTGTTGCATCATCAGCGTGCACCTCCACGATGAAACAGGTCTGGGCTACAAAAGT,6.990318839323334,2.805358260667961
4791,ENST00000361432.2,ENSG00000119979.16,FAM45A,119104086,119137984,2.4608502470964733,1648,1330.98,178.428,3.02032,AGAGCTGCGCGCCGCGGCGGCGGAAG,0.8147647425095597,-0.2955445432865071
4792,ENST00000392870.2,ENSG00000198873.11,GRK5,119207589,119459742,2.630088241068853,2654,3201.95,163.059,1.14734,AAAGCATCCGAGGGAGCCGGAGGGGAGGAGAATGGAGTGACAGAGACACGCGGAGGGTGGGGGGTGGGGGGGAGCGTGTTGAGGGAGGGGGGAGGGGGGACACAGAGGGAGGAAGAAGCGGCGGCGGCGGCGGCGGCGGCGGCGGCTCCTCTTTGCAGAGGGGGAAACTCTTGGGCTGAGAGCAGGAATAATGCGGTAGGCAAGGCGGGCTGCTGGCTCCCCCGGCTCCGGCAGCAGCGGCGGCAGCCCGAGCAGCGGCAGCAGCAGCGGCAGCACCCCAGGCGCTGACAGCCCCGCCGGCCGGCTCCGTTGCTGACCGCCGACTGTCA,2.292335524839065,1.196818224109743
4793,ENST00000369085.7,ENSG00000151929.9,BAG3,119651370,119677819,44.67556259882015,2571,3561.4,904.002,5.71886,GCGGAGCTCCGCATCCAACCCCGGGCCGCGGCCAACTTCTCTGGACTGGACCAGAAGTTTCTAGCCGGCCAGTTGCTACCTCCCTTTATCTCCTCCTTCCCCTCTGGCAGCGAGGAGGCTATTTCCAGACACTTCCACCCCTCTCTGGCCACGTCACCCCCGCCTTTAATTCATAAAGGTGCCCGGCGCCGGCTTCCCGGACACGTCGGCGGCGGAGAGGGGCCCACGGCGGCGGCCCGGCCAGAGACTCGGCGCCCGGAGCCAGCGCCCCGCACCCGCGCCCCAGCGGGCAGACCCCAACCCAGC,7.811969972830275,2.9656864038928936
4794,ENST00000361976.6,ENSG00000198825.12,INPP5F,119726097,119829278,7.52407326988621,5063,5014.17,513.398,2.30684,TCTCCTCCTACCGGTCGGGTGCCCCGGGGCGTTCCCTCTGCCGCTGCTTCTCGGCGCGGTTCCTACCCGGCCGCTCCCCGAGGCGCGGGCTCTGGCGGCCTCGACCGACTAGGACGCCCCGTGCGCCGCCCGCGGGCCGCCGCCTCCCTGGGCGCGCGGGGCCAGC,3.261636381320859,1.7055959543043342
4795,ENST00000369075.7,ENSG00000107651.12,SEC23IP,119892711,119944658,50.5373750753117,7168,6592.28,1713.52,5.85619,GCGTGATCGGTTTCCGGTCAGTGGTGTGGTACCGGGTACCCGGAGACGTGTATCGGACGGTGGGCCGCAGCC,8.629736240680664,3.1093164655366627
4796,ENST00000263461.10,ENSG00000120008.15,WDR11,120851175,120909524,26.74102951016582,4732,4498.42,945.287,4.7344,AGCACAACCGCCTAAGCGGCGGAACTCTGGAGAGTGCGGAACCTAGGATCCTAGGAAACTGAAGGCAACGGAACCTGGGGGCGATGGAATCCGGGAGCGGTGGAACCCGGAGCCTGTAGAACTTGAATCTAGAGGAACCTGACAGCGGCGCCGAGGGGGCCACCCGGACTCTGTTTGGAACGGAAGCACAGTGTCCGCCGCTTCCTGGTTGCGGGTCAGCGCCCAGGTCCTGGGCTGGCCGCCGGG,5.648240433880918,2.497801502451999
4797,ENST00000358776.6,ENSG00000196177.12,ACADSB,123008979,123058311,58.9068365311943,5859,5179.12,1279.89,5.56774,GGCCTGCGGCGAGG,10.580026461579438,3.40327133065137
4798,ENST00000368865.8,ENSG00000154473.17,BUB3,123154277,123170467,503.1581094134636,7828,7464.51,1843.52,5.56426,GGGTTGACCGATGCTGGGCAGCTGAGCGGACCAATCGGCCCCCTAGACTGAGACGTTGGCGTTTGAAATCAGCCAATGGCAGGTCTACACTGGAGCTTCCTCTCCGCCTCCTTCGCCTAGCCTGCGAGTGTTCTGAGGGAAGCAAGGAGGCGGCGGCGGCCGCAGCGAGTGGCGAGTAGTGGAAACGTTGCTTCTGAGGGGAGCCCAAG,90.42677901705952,6.4986781710013934
4800,ENST00000392757.8,ENSG00000107902.13,LHPP,124461834,124617888,13.99126671612945,840,663.295,54.2545,1.84285,CGCGGAGCTGAGGAGCAGGGCCGGGCGCC,7.592189660650324,2.9245160328044864
4801,ENST00000298492.5,ENSG00000165660.7,FAM175B,124801785,124836670,21.427927554958444,2992,2471.68,728.0,6.63593,GTGTGCCCTCCGCGGGGCATGATGGGGTAGCTGGAGATTTCCATC,3.229076791792325,1.6911217505897458
4802,ENST00000359653.4,ENSG00000019995.6,ZRANB1,124917143,124988189,14.7054981753736,5695,5132.58,829.722,3.64216,GTGATGGCCTCCCTGAAATTAAACATTTCTATTAGTGGCTTCCCGTTAATCTCATCCTTCTTAGATCAAACCTCGTTATATCTCCTGCCTATCTCTTTTGCATTCCAAAGTTCAGTTTTATTAAATCCCAGGGTCTAAGATTTTTTCTTTGAGAATTTATCTCCAGTGTTTCTATGGAAATTAAAAAAGAAAATTAGGATAATTCAATGTCGAAATGTTGCATGCATCTTTTGAGAAATTTATATTTTGTAGGTTGAAGGACTTGCTTTTTGGGCAGCGTATTTTTGGAGGTGGAATGTAGTTATTTTAATAACCATGTCCTAATTATTTATAGCTTCCTGCCTGACACAGCTCACTTCAAGAAGTGCACA,4.037576101921277,2.0134894525817257
4804,ENST00000337623.7,ENSG00000107938.17,EDRF1,125719515,125764143,14.684212998529404,4387,3812.85,583.577,3.44834,AAGTGCGGTCCGCGGAGCGTCTCTGGCGCTTACCCTGCTTTGGGCCTGCGTTGCTGCTGCTGCTCCTCCGCTCCCCCGTCGTATCGCCTGCCCTGGATCGAAGTG,4.258342564401829,2.090292012750388
4805,ENST00000278100.10,ENSG00000107949.16,BCCIP,125823546,125853695,80.03887014794505,1236,960.368,579.436,13.5935,GTGAGCGGCAAC,5.888025169966899,2.5577838386009057
4808,ENST00000280333.9,ENSG00000150760.12,DOCK1,126905409,127452517,6.328308197684543,6797,7079.11,670.51,2.13397,CTCCGCCGCAAACTTTTTCCTCCCCATCCTGTCGCGGCTCGAAAGGAATGGAAAATGGCGGCCTAGACGCGGAGTTTCCTGCCCGACCCGCGGCGGCTCCGGCGGCGCC,2.965509448438611,1.568279968380357
4810,ENST00000306010.7,ENSG00000170430.9,MGMT,129467184,129768007,28.66816191219413,1759,2266.03,148.041,1.4719,GTGCCCCTCGGCCCCGCCCCCGCGCCCCGGAT,19.47697663713169,4.28369784370729
4811,ENST00000331244.9,ENSG00000108010.11,GLRX3,130136399,130184521,185.824446108852,1302,888.326,1776.16,45.0475,GCTTCTGTCTGGCGGCGGCAGC,4.125077886871679,2.0444213595869862
4812,ENST00000368594.7,ENSG00000068383.18,INPP5A,132537820,132783480,13.01707173952209,2967,3224.29,451.657,3.156,GGAACTTTCCCAGCGGATCTAATGGCTGCGCGCGGGCCGCTGTGAGGCGCGGCGGCGAGCGACGGGCGCGGGGCCGCGGAGCAGCGAGCGAGCGAGCGAGCGCGAGGCCGGAGCCCCGGCCAGGCCCGGCCGACCCGCCGAGCCCGCGATGCGCCCCGGGGCCGCCCCCCGGCGCAGCTGACGCCCCGCGGCCCCGCGAAGACCCCGGCCGGCCGGTCCCGGAGGAAGCGGCCGCCGCCGCCGCCGCCCAGCCCAGCGCCCGCGCCGCCCGGGCACC,4.124547445982918,2.044235832509118
4813,ENST00000361518.9,ENSG00000198546.14,ZNF511,133308475,133352683,32.85380601085072,1520,2085.27,388.78,4.20053,CCAGGGACTGCAGCGGGAGACGACAGGCGGGGCAAGGCGGACGGGAGAGGGCGTGCGAGAGGGGGACCTGCGACCCGGCTTCCCAGGGCTGGGAGGGGACACCCGGGACGACCCGGAGGCCCGCTCCGCCCCGCCCCGGCTGAGTGTCGGGCCGCGGGGCAAGACGCTGGCCTGGCCGGTGCAGGCCCGAAGGGCTTCGGCCCCAGAGTTCGGGGACCGCTGCACAGCCAGAGGGAGCGCGCGGGAAGAGCCGCGTCCCGCCAGCCCCGTCGCCTCGTGGGCCCCCCCGGGCCTGGCAGTCCCCCAACCCCCTCATCACGCCCGCGCCCGCGTTCGGCCAGGACTCACCGCAGTCCCGGAGCCACAGCCCCCGCGCAGCCCCCGACGGCGGCGGAAGTGAGCGTGACGTCACGTCCGGCTCGGCTCGCGGACGGTGGCCGACAGGCTGCGCCCGCCCGCGCCCGGGGTG,7.82134778488684,2.9674172360528783
4815,ENST00000317502.10,ENSG00000148824.18,MTG1,133379234,133421307,56.65944485386865,1560,2123.08,309.05,3.27963,GCGGCGCAGAGGAGGTCAGCTGCGGGAGCGTTTCCGGGGACGGTGCCGCC,17.27616982826375,4.110711498600368
4816,ENST00000280886.11,ENSG00000151240.16,DIP2C,274190,689668,3.3020421651613967,7888,9333.22,416.881,1.00634,CTCGGTGCGGTTCCGCCGGGCGCGAGGAGCCGCCGAGACCTCCGCCTGCGAACAAAGAGGAGGCCGTGCGGGGCGCGGCGCCCGCGGAGC,3.2812391092090114,1.714240729211654
4817,ENST00000381344.7,ENSG00000067064.10,IDI1,1039908,1049170,134.49593009261628,2301,1809.61,2098.83,26.1309,GGGTGGGGCGTGTTGACCCCCTTAAAGGCGCCAGAGCCCGCGGTCACGGCTCAGGTTCCCGGTGCTTCGCGCGTCTGCCGTTGTCACAGGCCAGGGAGGTGGCACCACCAGGCGAAGCTTGGCGAGATTGTGTCGTCAAGCGCGTACGGGCGCCAATTGGCCGGGCG,5.147007186611111,2.3637337969374865
4818,ENST00000224949.8,ENSG00000107959.15,PITRM1,3137728,3172841,51.88624457624975,3450,3826.27,2584.6,15.2187,GGGGTTCCTCGCCAGCCAGGTGCTCGTCATGCGCA,3.4093742945356538,1.7695069929152494
4819,ENST00000497571.5,ENSG00000067082.14,KLF6,3775996,3785281,15.819858633391483,4656,4925.2,792.986,3.62747,GGCGGGGGCGGAGGGGGAGGCTGGCAGCGGAGCTTTGAATAGGGAAGTTTTGCAGGGGTTACGTTTGCAGTCAGTCCGGTGTTTGCAAATATTGTGTGGGCTCCGCGCGCTGCGGGCTGCGGGAGGGTCCGGCCGGGCGTCTCTGCGAGCCTGGAGTTTGCATGAAACTTTCACCTGCGCTCCGGGGAGACTTTCGGCTCCGGCTCCCACCGCGCGCCTCGCCGCCCTCGCGACCGCGGGCTCCGTCCAACCCGGCCCGAC,4.36112735140235,2.1247011198746923
4821,ENST00000357700.10,ENSG00000196372.12,ASB13,5638867,5666595,16.399951448005726,2699,3318.4,419.467,2.84794,GTCGCCGCGCGGCCGCCGGTGAGCCGC,5.75853123591288,2.5257008865158803
4822,ENST00000380191.8,ENSG00000057608.16,GDI2,5765223,5842132,356.4129146203665,2412,2096.54,4170.9,44.8216,AGAGTGCCGGGAGCGCCTGATTGGCGGCCCTCCCGGCGCCTGCAGGCCCCGCCCCGGCTGCGGAGGCTCAGTCACAGCCCTCCCCTCCTCGCTCCCTCCCCTCCTCTCCCCGCCCAGTTCTTCTCTTCCCGTCTGAGGTGGCGGTCGGTCTCGCCTTGTCGCCAGCTCCATTTTCCTCTCTTTCTCTTCCCCTTTCCTTCGCGCCCAAGAGCGCCTCCCAGCCTCGTAGGGTGGTCACGGAGCCCCTGCGCCTTTTCCTTGCTCGGGTCCTGCGTCCGCGCCTGCCCCGCC,7.95181150651397,2.99128355898262
4823,ENST00000263125.9,ENSG00000065675.14,PRKCQ,6427143,6580301,5.643742731995086,3285,3202.52,291.0,2.04721,CCGCCAGCCCCGCCAGTCCCCGCGCAGTCCCCGCGCAGTCCCCGCGCAGTCCCAGCGCCACCGGGCAGCAGCGGCGCCGTGCTCGCTCCAGGGCGCAACC,2.7567971688273727,1.4629931250588393
4824,ENST00000379562.8,ENSG00000151657.11,KIN,7750962,7787981,32.276329193571044,6348,5550.05,478.181,1.94114,GGCTGGCTGAGTACTGGGGTCCAGAAAGTGATCGCTGCCGTGGTCGCC,16.627512283282528,4.055500431579743
4825,ENST00000357604.9,ENSG00000151461.19,UPF2,11920022,12043170,12.36609685879622,5193,4473.9,1324.95,6.67227,GTGGGGGGAGGGGAGGGGAGAGCCCGAGCGCTGGAGTTGGTGCTGGGAAACCCGGGGCTAATGTTGACAACAGGCTCGAGATTGTCCTGGGTCACATA,1.853356782443789,0.8901406356636093
4827,ENST00000491614.5,ENSG00000165609.12,NUDT5,12165325,12196144,293.2079013018615,3433,3188.22,2105.63,14.8797,GCAAGAAGGAAGACCGAGAAAAGGAAGCGGAGGAGAATCCCGGGGCATACGCTTGACACACACGCATACAAAAAGAGCTTTAGTCTCGAAAGAGGAATTACCGAAGTGTCGAGAGAGGAATTTTAAGAAGTTTACAACTCCGTCTTCGCCCTAAACGCACGCTGACCCGGAAAGTAATCTCCTGAAGCTAGGTCAAAGGCGGGGGTTCTACGGATGCCGGAAGGAGGGTGCGCGCCCATCCTTTTAGCACCGCGAGAGGCGCCGGTGTTTCGAGCCGTGGCACCGGCATCGGCTGACACTGCTGCCTCCAGCTAGTTATTTCGTCCTCTTCCGTTCTTCACCCCTACACCTTGGAGGTGAACTTCTCACCTGAGGGCTGTAAAGACTCGTTTGAAA,19.705229359587996,4.30050663675156
4828,ENST00000378825.4,ENSG00000151468.10,CCDC3,12896625,13099652,9.179166701244888,2731,3301.59,544.766,3.71748,CGGAGACAGCGGTGCGCTCAGCTCCCGGGAGCGGCCCGAGCAGCCGAGCGCCCAGGGCTGCCCTTCCCGGGCCGGCGGGCTCCCCGGGCTCCCCGCCGCCGCCCCGTGCGCCCCGGGAGGGCCCGGC,2.469190607950786,1.3040382089113365
4829,ENST00000263038.8,ENSG00000107537.13,PHYH,13277796,13302412,27.90388783143097,1577,1341.77,186.301,3.12825,GCCCGCTGGGCTAAATGGGGCAGAGGCCGGGAGGGGTGGGGGTTCCCCGCGCCGCAGCC,8.919967340024286,3.1570384278057526
4830,ENST00000327347.9,ENSG00000086475.14,SEPHS1,13317424,13348298,23.869439468980328,3273,3185.78,1498.34,10.5964,GGCCGCACGCCGCCACCCAGCAGCCAGGGCCGCCTCTTAAAGGGAGGTGGCCGGCCTTAAAGGACCCCCGCGCGCCCAGCCGGCGGGAGCGCGGCGGCCCGGCTCCCGCAGGGCCGCGCCGAGGCAGGCGAGCCCCCGCGGCGCCCAGGCGCGGGCCCGGGCCCCCGCCGCCGCCGCCGCCGCCGGGCGCGGCATTTTTATTCAGGCGACGCTTAAGGGAGCCCGGCCGCGCCCGGTGCATTGTGGGAGCGGCCCGCGGCCCGTTTTCGGGAGGAGGCGGAGGGCGCAAAGCGAGCCGGTGGATCCATAAAGAACCCAGCCAACCCGCAGAGGGAGGGGAGGGGCTGAGCTGTGAGGAGAGCGGGGCCCAAGAACC,2.25259894577218,1.1715904780431061
4831,ENST00000378605.3,ENSG00000165626.16,BEND7,13438484,13528974,5.563193388993159,1609,1518.25,97.5008,1.44686,GGACCTTTGGCAGGAGACACATCCCTTCTCCTGTGATGTGTCAGTTAGTGTAGAGAAGCAAGCTGGCATGGACTTGAGAGCCGGGGAGATGAAAGC,3.845011534628892,1.942987926126488
4832,ENST00000378470.5,ENSG00000065809.13,FAM107B,14518557,14774897,46.20487695527844,3316,2850.6,503.593,3.98021,GGCCCCCGGGGGCTTCTGGGAGTGCCTGCCTTCGCAGCTGGAGAGAGCCCTCCTCAGGGGCTGTCTCTGCCTTCCCTTCTTCCCATGTGTATCTGGGGCAGCTGAGGCAGGGCTAGGAGAAGAGCCCAGGTTCCTCCTGCCACCTCCAAGCGATGAAGCAGCCCTGGGCCAACTCCAGCATTCTCGTGTGAACTGCAGAGGAGCCCTGCGCTTCCAGCTACTTGCAGCCAGACAGCCCACCTGAGGATATTGACCATAAGGACTCATATCTCATTACAAGAAGCATC,11.608653049783415,3.5371286811192433
4833,ENST00000356189.5,ENSG00000176244.6,ACBD7,15077523,15088776,84.10473585962403,1322,1154.19,434.486,8.48128,AGAGCACCGGACGACAACAGCAGCAGCAACAACGCGGCAGCCGCCACC,9.91651447182784,3.309833120829729
4834,ENST00000378165.8,ENSG00000152465.17,NMT2,15102584,15168693,19.266956099834275,2907,2647.06,284.747,2.42358,AGTACGGCGGGAGGCACTAGAGGGAGCTGCGGCCGCTCCGGCCCGGCCCCGAGCACCGCCTCCCCAGCCAGCGCCGCCGCG,7.949791671755946,2.99091705435138
4835,ENST00000378116.8,ENSG00000148468.16,FAM171A1,15211643,15371062,8.924772052290903,3952,4823.49,1051.43,4.91114,GGCGGAG,1.8172505879064542,0.8617573722428897
4836,ENST00000378076.3,ENSG00000077943.7,ITGA8,15513949,15720125,8.836411382675813,6755,6828.62,497.442,1.64124,GAGATGGGACTGCAATAGAAATCCGGGCAGCCCGAAGAGGCACCCAGCGCTCCAGCCACCAGCTGGGCCGCCCGGGAGTCCCTGGCTCTAGACCAGCCGCGAGGAGGCGCCGCGAGAGAGCTGGTCCCTGCCCGCGGCCGGAGGAGGGCTAGAGCCCCTGGGCCAGCCCCCCGAGCCGGCTGGGCGGGCGGGCGGGTGGGAGCAGACGCCGGGCACTGTCACCACGGGTGCGCCGAGCGCACCGACCCGGGACACGGGCAGCTGGGGACCGCCAGATTCCACCAGCCCCCCTTGCCCCGCAGGGGTCCTCGGCTCGCGCTCCTGGGTAGCAGCCACCCACCGGGGCGGAGGGAG,5.383984903290081,2.4286743646326525
4837,ENST00000277632.7,ENSG00000148481.13,FAM188A,15778170,15860520,68.18637329901124,2381,1851.92,822.052,10.0009,AAGTGGCACCAGCACTTCCGGTACGGAAAACTCGCTGCTGCCCCAACCTGGCTTGACAGGCTTGGTCTCTGCAAGTGGCTCTCAGCCCCTTCTTCTTTCCTGCCTCACCTTCCAATTCGTTTGCCGCCGCCGTCCCGCAGCTGCTGTTTCCGGAGTTGCCCCTTCCCCATGTTCCGGGGCAGGAGTCCGCAAAGCGAAGATCCGCCCGCCGGTTCCTCATC,6.818023707767424,2.7693536160544254
4838,ENST00000377799.7,ENSG00000107614.21,TRDMT1,17142254,17202054,10.480749148530132,3527,2471.02,109.748,1.00065,ACGGACCGGCAGGCCTAGCTCCGGGGCTGCGGCGGCTGAGGCGCGGGG,10.473941086823697,3.38873249002821
4839,ENST00000361271.7,ENSG00000165996.13,HACD1,17589032,17617377,10.287935860541529,2237,1843.65,128.949,1.5758,GGTAGAGCTGGCTGCGCCGAGCCCCCTGCGCGCTGCAC,6.5287066001659655,2.706797208257353
4840,ENST00000377304.6,ENSG00000241058.3,NSUN6,18513115,18659285,21.045916955361516,2201,1854.01,354.896,4.31272,TCCGCCGAGAAATAGGGGGCGCGTGTTTGGAAATTGATAGAAAAGATAAAGGGACCGAGCTGCTGTCAGCCTGGCTTACTGATCTGCGTCCGTTTCACCACGGATTCAGTTACTAAGCATTTTTTTCTTTTTTTGGTTCTTTGCAACGTGAGTGGCATTGGCTCAGTGATTTCCATGAGCATCTCTACCAGAAAACATTGCCTCGATGAGGTGTGGTGGAAGCCCGGCAGCCCCTTCTAATCGGCTAGGCTTGAGAAAGCGTGTACCTCTGCATTTCCGAAATTAACTCAGCGTGATCGGCAAGATTTTCCTCAGCATCTGGTGTCAAGACACTCGTCACTATTAATTCGGAAAGAAAAAAAAAAACAAAACACCGTTTTCCAGCATTTCTCTTGGTGGAGAACTAAACAACAGGAAAA,4.879963678458495,2.2868704098572565
4842,ENST00000417816.2,ENSG00000078114.18,NEBL,20779973,21174187,4.393112490555962,3008,2810.46,140.736,1.12821,CCTGCGCGGCGGCGGCGGCGAGGCGGGGGAGCGAGTGAGCGCGAGGGGCGGGCGCGAGTGACTGTGTGAGTCACCCGTACCTGGAGTGCGAGCGACGCAGAGCCAGCGGCGCGGAGCCGGAGCCGGAGCCGAGACCCAGCGCCTGCGAGCCCGAGAGCGCGGCCGGCCCCAGGCGCCAGGCCCCGTCGCCCTCCCCGTGCACTCACCCGTGGCCCGGCGCCGACTCCCTACCCGGCGCCCGCCGCCCGCAGCCCTCCCGCCTGCCAGGAGGCGGTGCGGGGCTCGCCGGGGGATGTCACAGCGGCTCCTGGGAGCCAGCAGCCGCCGCCGCCGCCGCCCCCGGGAACCGCGATC,3.8938783476090113,1.9612078121417313
4843,ENST00000377113.5,ENSG00000204682.5,CASC10,21492658,21497262,20.39435468154934,3801,4614.33,275.754,1.3464,CCATTGAGGACCAGGGTCGCGCCGAGAGGCCGGAGGGGGCTCCAGGCAGCCTGGAGCTGACGGCGCCGGGCTGCGTCCTCTTCACCTGGGGGTGGGGGGTGGGGGCACGTACTTTGTGACCAGGATGGTGCCGAGCCCCCTCTACGGCGGGAGCTTGCAGGGGTGCGGGGGTGTGACTGGCGCTCCGCGGACTCGTGTCCACAGTACAGAGGACATGTAGGGTTCGGCCGGGGCGCGGCTGCACCGGGGCCTGCCTCGCGGACCTGGACTCGGGACTCCGGGCGGCCCTGCCTGGTGCCATTGCCTCAGCCAAGTCTCCCACCTCTCTGCTCGGTTTCCCGCCCCACCTTTCCCCTACTACCGCATCCCTGTCCCCTCGCTTCCCTCCGCGATGTCTCCATCCGAGTAAGAAACGAAGCTGAACGCATTGGTAACTGTGCTCAAGAAG,15.147322253081803,3.92099087118323
4845,ENST00000376980.7,ENSG00000136770.10,DNAJC1,21756537,22003769,45.03635379790796,2106,2129.04,823.568,8.71521,GCAGCCCAGGCGCCGGGCGCTGCCTCTACAGCTGTGTGTAGGCCTGGGGGCGAGGGTCTTCGGAACGTAGCGCTGGCTGCGGCCCCGCCCGCCTACCCACCCGCCCGTCCGGCAGCCGGCTCCCGCCGCCTCCGCGCTCTGTCTGGGGCCAGCCACCTGGCGGGCCGCTCCGGTGCGCCTGCCCGCGCTTTTCACTGACAGGCGCTGTTCCCCACAGCCAGCGCCGCCCGCCACGTCCCAGCTCTCGGCCAACGGAGCTGCGCGGCGGGTGACCTTTCCGAGCCCAGCGCG,5.167558073518361,2.369482696888491
4846,ENST00000376573.8,ENSG00000150867.13,PIP4K2A,22534849,22714555,27.202835470670745,3802,3631.04,1120.9,6.95501,GCGGCGGGCGCAGGATACGGGCCGGGGCGCGAGCCGAGCGCAGTCTGCCGGGCCGAGCGGGCGGAGCGAGCCGAGTGGGGCTGAGCGCGCCGGCGGCGGCGGGCGGAGCGGAGCGCGGCGCGCCGGGGCCGCCGCCGGGGGGATGCGGCTGCCTCCCCGGGCCGGGGTGTAGAGAGGGCGGGTCCCCGGCCTCGGGAGCACGGCGGTGGAGGGGACATAGGAGGCGGCC,3.9112575640683116,1.967632543529039
4847,ENST00000396432.6,ENSG00000107863.17,ARHGAP21,24583609,24723668,2.132300924824774,7167,7004.13,730.72,2.35049,GCGGGATCGTCCGGCTGCGGGGTCCGGCTCACGCCGGGCGGGCGGGCGGGGCGCGCTGTCCCGGAGCCGGCCAGCCCCGTGCGGATCCACTCGTCCCGCTTCCTCTGGATCTCTCTAGGAGCTGACACTCGAACCTTCACGACCCATTCGGATTTTTCCAGGACTCAGGAGTGGCACTGGGAAGAAGGGGACCGCTTTCTGCAATTGGCCTCGACACTGGCTGCCAAGAAGACCTGTCGCCTTTGTTTTTAAGTCTCCAGAAATGGAAGAAGAAGGCGAAGTCAGTTGAAGTCACGAGAAATCAGCGAGGCATTTGAAGGCGCTTCCTGAAAACCTTTATTCCCTGGCACGTTGTCTGTTTCAACAGCCCTGCCCCTCCTCGGAGCCTGCTTGTGGAATTCTTCCCCTTCGGGTGTGTGGTGGCATTCCCCGCCACGTCCAATGTGGACTCCAAAGGATTTGTCCCTTCTTTGTCATTTGAAATGAA,0.9071729404612544,-0.14055048728422906
4848,ENST00000376139.6,ENSG00000136754.16,ABI1,26746593,26861087,13.738968653454007,3516,2740.75,249.191,2.04845,AGGGCGGGTAGGCGGTTTGTATCCGGGCTGTGAGGTGCTCGGAGCCTCGGCGGACCTTGCTGCCTCTGTCTCTTTAACGCGAGAGGAAGCGATGCAGAGGGGTGGAAA,6.7070070802089425,2.7456691250252354
4849,ENST00000376087.4,ENSG00000107890.16,ANKRD26,26991914,27100498,8.329781778692999,6591,4733.36,1131.8,5.38717,GTCTAGCGGGATCGCTTGCTTGGTAACCCGGAGGGAGAGATTGGAAACCGCGGAGTTTCCTTTGGGAGGCTGCGGCCAGCCGGGGCTGACTTGTTATGTTGGGCTCCGGAGGCCGTTAAGAGCCGAGAGAGACATGAGGTGTCTCTGAAGCCCGGTCGCCTGGGCC,1.5462258994412648,0.6287511085225559
4850,ENST00000376016.7,ENSG00000136758.18,YME1L1,27110112,27155266,139.09025397144256,3856,3199.09,3397.77,23.9293,GGCGGATTGTCTGTCGTTGCAGTAGCTGTAGGAAGGGGAGGCCATTTTCCGTTTCTGGGAGGAGTGAGGGGCAACGGGTCGGAGAAAAAGGAAAAAAGAAGGGCTCAGCGCCTCCCCGCCGGGCCGTGGACAGAGGGGCACAGTTTCGGCAGGCGGGTGAGGTCGCTGAGGGCCCGCCGGAG,5.812550052506449,2.539171234366858
4851,ENST00000305242.9,ENSG00000169126.15,ARMC4,27812164,27999048,6.278520778922336,3572,3082.3,184.632,1.34957,ATACGGTGCAACGGGTCCGCGGGAATCTTGGATGCGCGGAGGTCCCGAGACCAGGTGCGTGTGCTAAGCTCAGGTCTGAGCACGGTGGATCCC,4.652237956476756,2.217924890845773
4852,ENST00000375400.7,ENSG00000197321.14,SVIL,29457338,29736781,2.107782816671377,6729,7300.01,1157.68,3.57296,CTGTCGGCGGGAAGCGGCGATCCTGCCACCGGGAGGTGTGGAAGAGCCGGGTAGATTCTGGCTACATTGGAGATTGGTTGCTTTCTAAAACTGAAGGAGAAGCCCATGAAGAGATGGTGGATTCTCACTGAGTTTTGACTAGCGGAAGAAAAGAGAGAGTTCAAGTGGATGGCCTTGAGGACTTGAAAAGCTGAGATATGATGATTTTGAAGTCATTTCACATCGAAGCCATGATTTAAATATCGGCGTTAAGATTTCAACAAGAAAAACTTAAGCTTCCTTGGATTCCCACGTCAAAGGAAAGTTTCAAGCTTTCAGAAGGAGTTCTCACTCGAAGATAAAGAACAGCTCGCTAACCACGAAAGAGGAATCGATGCTCAGCTTTTAGTTGCACTTCCTAAAGTTGCAGAATTAAGACAAATCTTTGAACCAAAGAAGAAAGAATTCTTAGAA,0.5899262283012899,-0.7613935416303034
4853,ENST00000375377.1,ENSG00000165757.8,KIAA1462,30012800,30115494,5.329803188363717,9265,10617.5,825.497,1.75169,GCGGCGGCGGTGGCGGCGCGAGGCGGCATGAGGGAGCCGCTCGTGCTGGGTCCTGCCACCACCATGGTTCCAGTGGTTGAGCTTTGCTGAAGCCCAGGCATC,3.0426634783344753,1.605334779141596
4854,ENST00000263063.8,ENSG00000107951.13,MTPAP,30309801,30374448,53.2803018694607,5601,4856.23,762.526,3.53767,AGCTTCGCGCTAGTGCTGTTTTTTTTTTTTTTTTTTTTTTAGCA,15.060845660974795,3.9127308739703657
4855,ENST00000344936.6,ENSG00000165322.17,ARHGAP12,31805404,31928876,1.8411601058026228,4128,3276.32,385.485,2.65084,AGCCTGCGGGGACGGGCCGGCCGCGGCCGTAGCCGTGTGAACGCTCTTCGGGCTCGCGTCGTCGACCCGCAGCCGCGGGGCGGACTAAGAAGGGAGCCGCCTGCTGCGAGGCCGCCGGGCTCCCGGTTTAAATGTGATACTGGTGTAGATCTCCTTGTTCTAAGCTATATTCATCCAACAAGCCATAAAGCCATAATGTGGTATAACATCCTTTTTGAGAGGTGAATATTATTGA,0.6945572368768476,-0.5258345065757742
4856,ENST00000302418.4,ENSG00000170759.10,KIF5B,32009010,32056431,111.11784624143942,5877,4427.67,5381.0,27.381,CGCCCTGTCGCCCAACGGCGGCCTCAGGAGTGATCGGGCAGCAGTCGGCCGGCCAGCGGACGGCAGAGCGGGCGGACGGGTAGGCCCGGCCTGCTCTTCGCGAGGAGGAAGAAGGTGGCCACTCTCCCGGTCCCCAGAACCTCCCCAGCCCCCGCAGTCCGCCCAGACCGTAAAGGGGGACGCTGAGGAGCCGCGGACGCTCTCCCCGGTGCCGCCGCCGCTGCCGCCGCCATGGCTGCCATGATGGATCGGAAGTGAGCATTAGGGTTAACGGCTGCCGGCGCCGGCTCTTCAAGTCCCGGCTCCCCGGCCGCCTCCACCCGGGGAAGCGCAGCGCGGCGCAGCTGACTGCTGCCTCTCACGGCCCTCGCGACCACAAGCCCTCAGGTCCGGCGCGTTCCCTGCAAGACTGAGCGGCGGGGAGTGGCTCCCGGCCGCCGGCCCCGGCTGCGAGAAAG,4.058209935409204,2.02084349913589
4857,ENST00000396033.6,ENSG00000150093.18,ITGB1,32900319,33005792,112.46602970777796,3784,2961.42,203.785,1.55037,GAGCCAGCCCAGCCGCGTTCCGAACGTGAGGGTCGCCGGCCTGGGCGCTGTCACGTCGGGGCTGCCGGAGCTGCGGGGGACCGGGCCCGAACGGCCCCTGACACCTGCGGTCTCCCGCCGGGCTGGGCAAGCGCAG,72.54141250654874,6.180732932232404
4860,ENST00000374768.1,ENSG00000148498.15,PARD3,34109560,34815325,27.875443777893725,799,602.379,67.1831,2.51276,GCAGAGCCAAGCCAG,11.093556001326718,3.471649985468454
4861,ENST00000374694.2,ENSG00000177283.6,FZD8,35638249,35642278,39.60000848990373,4030,5540.17,426.0,1.7324,GGGAAGTTGGGCTAAGGGCGCTGCTCCCGCCGAGGAGGAGGCGGCGGCTGGGCGCGGGCCGCGCCACTCAGGTGTCCGCTCCGCCTTCCGGTCTGGATTTGCTCCTGGGTGTCCAGCAGGAAGGAGACTGTGTGCACCTCGCCCGACTGCGGCCGGAGCGCGGCGCTGACTTTTCCAGGCGGCGGGGGTCCGTCTGTCCCGGCGGCGGACGGACGAAGGACGGACGCCGGAGAAAGAGGGCGGCGGCCTGGGCCGAGGCGGGTCCCCAACTCCGGCGGCGGCGGCGGCGGCTTGGCCTTGGGGGCGGGCATGAGCCCCCGGGGGCCGAGTGGTGGCCGCCAGGGCTGACCCGGCGCGGCAAGCGGCCCGGCCCAGCCATCTTGACTGCGCACCGCGGCCCCAGAGGAAACTTGCGGCGCCTCCGCCCTCTCTGTCCGGCGGAGTCACCGCCGCCCGGCGCGGCGGGGAGAAGTGGTCGGGCGCGCGGAGAGGAGGCGAGCGAGCGCGGGACGATGAGCCGAGGCCCGGCCGCTCTGCGCCGCGAGGGCTGAGCGCGACCCGGGGCCAGCAGAGCGGACCTACGGACTGTGGCGCGCGCCTGCAGCCGCCTTCAAACCCCCGGAGCGGCGGAAAGGAGTGCGGAAGGGCCCTGCCCAGGCTGCGGGCCGCGCCGCTGCGGACGCGCCCCTAGAAGGGGTTAGATTATCGGCAGACCCCCCTCCCGGGCGAAGCATAAGGGAGACCCCAGATCACCCGCTGTACCCGTCTGCGGCTCTCTCGTGGGCCCCCCCCCCGGCACCCCTCTGCGCGCCGCCTGGAGGGCGAGGGCACCGGGCCGAGGCGCACAGC,22.858467149563456,4.514656756975661
4862,ENST00000302609.7,ENSG00000175395.15,ZNF25,37949572,37976633,1.0206183733832568,4139,3312.07,156.684,1.06583,ATTGGCGTTTTTTTGGTCTTACGCCCTAGGGTGGGGAGAGGACTCCGGTGCCTCCGGGTCTGGGCTGGGCCGCAAAGGGCGGGGCCTGGGCCCGGCGCGGGCCGGGAGCAGAGGCCGAGACCCTGCAGGTGATTCCTGGGGCTGCCAGCTAAGGTCCCTTATGATTTCTGCTCTGGCTTTGCAGTTTTCAGCCTTTCCCAAGAGCAGCAGAAA,0.95758082750838,-0.06253382766806297
4863,ENST00000359467.7,ENSG00000196693.14,ZNF33B,42574185,42638568,8.889062907695482,5958,4920.5,322.612,1.47718,GGGAGGCGGTCCCGGGATTTCAGGGGTCTACCGGCTCTCTTATGGCGAATGCAACCCGAAGAGAGAGTGAGCTGTATCTTCAGAGTTGTCTCCGTCTTTCCAAGAACAGAACAAA,6.017589533906147,2.589185702285388
4864,ENST00000443950.6,ENSG00000169813.16,HNRNPF,43385617,43409166,899.3681338928943,2755,2832.09,728.844,5.79814,CGCCGCTCGCTCCGCCCCCCGCCCGGAAGCTCCCGCCCGAGCCCGCGCAGGCCCTGGGGCCGACCTTCCTGCCGGGCCGGGCGGTCCGAGGCTGCTGGAGTGCCGTGAGCAGGCCGCGGGAACGTCGCCGTCACCTTGTCTCGGGGCCTCGGCGCTGCTTCCCGCCAAAACACGTTTACCGCGCGCCCGGGCCTCCCACCTTGCGGAAGGGACCCCACCACCACTTGGATTTCTGTTGCAGGTTGAGAACAAAAACATGCACCTGGAGTTTCCCCGGAGCCCTCTGCGTGGTTGAGCTTCGGTGGAATTTCGGGGCTCTTGGCTGCCAGCCGCGCTTGCCTGGTAGCAACAGAAACCAGTCCTGCTCGCCTCCGTGGACATTTCATTACCATCCAGAAGTGTCTCCCACTGAAGGCATCCGTGGTTGTTTTTAAGCCACAAAAAAGCCACACCCAAGATCACCTGACACCCACCCTGACAAGTGTCC,155.1132145641351,7.277177788940715
4865,ENST00000374433.6,ENSG00000169740.13,ZNF32,43643859,43648856,50.17038322623814,1137,1102.52,199.186,4.0704,CTGGCGCTGCTGCGGGCTCGGCGCCGGCCTTTGTCTGCGGGCACGCGCCGCTGCGGTGCTCAGGAACAGCCCATGGAAGAATCATATGAAGAGGTGGTGACTGAGGTCGTAAGCAGGAGTGGAC,12.325664118081303,3.6235934773160916
4867,ENST00000319836.7,ENSG00000165406.15,MARCH8,45454585,45594906,4.848853731761758,5272,6802.18,455.416,1.50842,CTCGGTGTCCTCCCGCGGAGGGGCGTAGGGTGTAAACAGGCGACGCGCTGGGGGAGGTGCGGCCTTGCTGCGTCCACGTCTCGGGCATGCTCGAGGCGGGCCAGGGCGGTAGCGCCGCCAGCTCAGAGCCCACCTGAGGTAACTCCTGCGGCCTCTAGGATCGGAGTCCCCCACGCCGCGCGCAGCCGCCGCCGCTGGCCGCCAATAAGGGCGGCCGAGCCCCCGGCCCGGGCAGGGGGTGTGGCTGCCGGCAGCGCGTCGGCTACAGGTGGGCTGGGCTGGGCTGGGCTGGGCTGGGCTGGGTGGGGGCGGCCGCCAAGGACCCATCCCTGCGCTGCGGGCCCGGCGTGGAGCCCGCGGAGAGGCAGCGCGACTCCAGGCAGTGGGTCTCTCTGCCCCGGTGCTCGCGTCTGCCCCTGGGGCCGGGCCGAGCGGAACCAGGAATCGCAGAAACGGTCAGCGCCCAGGGCTCTAGGCCGGCCGCCCCGGGTGCCAGGTGAATTCCTTTCCCTGACCGGCTGTGAGACGTTGGCCCGTCAGCCGTCGTCTTTGGCCTGAGTGTGCACATCTGTAAAATGGAAGCTCGGACTAGTGATCCGTGAGGACCTTCCACGTCTGACGTGTGATCTCGAGAGACCTGCGTACATTCGGGGTGCCAGAAGGAAAGCATAGCTTGAAATCCATGGCCCAAAATGACTCTACCAGTGGAGACTCTCTTCTGTGAAGAAGACGACCAGATAAGAGGTTGGG,3.214524954430303,1.6846055504534905
4868,ENST00000585132.5,ENSG00000266412.5,NCOA4,46005088,46030714,209.86178313180707,3489,3249.73,1088.85,7.54889,CTGGAGTTGCCGTGTGACGCGTGGGCGGGACGAGGCCCGGGCTCGGGGACCTTTCGCACTCGGGTCAGGGGTAAAGCAGCCTGTCGCTTGCCGGGCAGCTGGTGAGTCGGTGACCTGGCCTGTGAGGAGCAGTGAGGAGA,27.800349870220266,4.797031134413682
4869,ENST00000355832.9,ENSG00000225830.11,ERCC6,49455368,49539538,5.063013616391532,8008,7919.83,363.456,1.03395,TGGGTTCCAAGGCGGCTGGCGGCGGTAGCGTCTCTGTTTCCTTGTGGGCGCTCGCGCGGCCCTGGGTAGTCTGTAGAGA,4.896768331535889,2.2918299430651805
4870,ENST00000616448.1,ENSG00000227345.8,PARG,49818279,49970203,33.440423514077224,3197,2753.48,419.89,3.4357,CGGTGGTGGGAAAGTGAACGAATCCCGAATCAAAGCGGCGCATTGAGGCAGGTGGGGTGCCAGTGGAAGAGGGAAGGCAGGCGAGTGTTTACGGCCTGACTTGGGAGGCCGGCGGATCAGCAATTGCAGAAGCAGGCAGCGGCAGAGAGGGAATGGTGCAGGCAGGCGCTGAGAAGGAGGCGCAGTCCATCTCTCTCAGGGTTAGTGAATGAGGCTCTCCGCCCGGGCCGGCCCGGGGACAGTGCGCTGCTGGTCCCAGC,9.733219871955416,3.2829171456905404
4872,ENST00000361781.6,ENSG00000198964.13,SGMS1,50305586,50625163,11.579640309633962,3744,3419.05,398.165,2.62373,TCGGGCAGCGGACTGGGCATGCTCGGCAGCCCGGGAGGCTCGCGGTGGCAAGTCGAAAGCGTTCGCACCAGCGGGGCAGCGGCTGCGGGCGGCAGGCGGCGGGCAGGTCGGGAGTGAGAAGGACCGGCCTGGGCTGACTGCTCTCCCCTCGCGCCTAGGGAGCCGGTCGGAGAGCGCGATTGGGGTGCGGAGCCCCGACGCTGCCCTGCCCCGGATTTCATTCCGCGGCGGGGGCTCCGCGAGCGGAATTCCGGCGGCTGCCGTGACTCCAGTGCAACGTGACGACAGCATGTACGATCCCTGAATGGGCCCGTGGGCATATTTAGTCATTCATTTTTGATCAGGAGAAAGAAGACAGCCATCATTTGAAAGGTAAAGCTTCAGCGACTGAAGGAGTGTGGACTTTTTGAATTTCAAGAACAGTAAAGTTGGAACACAGCAGAGGGTGTGTAATAAAATACAGATTGGAAAGAAGACTGATGAAGAAAAATAACAGCATGATTCAGGCACACCATTGAGTTCTTTGGGATGCCCGAAAGTGTCTGGTTGGGAAACATGAAATAGAAGACGAGAACCTGCCTCAGCAAGCGTACCTGAGAATACTTTTAAAGGAACCTGTTGATAAATGCAAAACAGTGGCTGTTGCAGGTGATGGAACTGTACTGGAACAATGGGAGAAGCTGGTAGCTTATAGGAAGCCAAGATGACCAGAATGTTTTTAAATAATCCAAGGAAGAATCCTGCTCAAAAATGAGGTGAATTAATACTTGGGCGCTCAGGAACCCTGGACAGCTACATGAGGTGTTTAAAAACTGCCCTGACCATCTTGCCAAACAAGTCTCTGCTCATGAGGCCCCACAGGATGAACGAGCCGAGGCAGGACAGTGTCCTGCCCTGTCGGAACAGTGACTGCTGACCTGCCAAGAGAGAGCTGGGGACTGCCTGCTGTCTGCCAGTACA,4.413426804447852,2.141899271194733
4873,ENST00000331173.5,ENSG00000177613.8,CSTF2T,51695487,51699591,120.56697206021248,4105,4087.12,1438.0,7.92691,GCCTCGAAGAATCCGCTATCGGCTGTCTGCACAACCGGAATC,15.209832338226683,3.926932344850358
4874,ENST00000395405.5,ENSG00000122952.16,ZWINT,56357228,56361275,180.34629136090865,1851,1988.94,430.576,4.87743,GATTGTGGGAAGGCAGCTGAACTCGGCGCCTGGAAAG,36.975680094006194,5.208504777958201
4876,ENST00000373935.3,ENSG00000151151.5,IPMK,58191517,58267934,3.4605159789597035,6133,4455.06,368.0,1.86104,GCCGTCAGGGCCCCAGGGAGCGCGGGGCGCCGCTGCTGCTGTTCTTCGGCTCGGTTCTGTCTACCGGGCAGCGCCGGGGCCGGCGGCTGCGGCGGCAGAGGAACAGGAGCCGGGAGCCGCGTTCCGCCGAGAGTTGGGCAGAGGAGCGCCCGCGCCCCGGCGGCGTCATGGGCCCCCTCCCCGCGCTTCAGAGGGCACCAGCCGCGGGAACCCCCGGGCCTCCTCGCGCCCGAGCCTGAGCGACCCTCGGGTTCTCCGGCGCCCCCTCCCTCGCCCTATTTTTTTTCCTACTCTCGCTGCCGTTACCGCTTCTGCTCTCCGTT,1.8594527677855948,0.8948781023210093
4877,ENST00000263102.6,ENSG00000108091.10,CCDC6,59788763,59906656,48.15714387987735,5811,5228.89,1771.99,7.63508,AGTGCAATACTGCCCAAGCCCGGGCGGGGTCTCTGTTCTCTGGCAGAGGAGGTCCCTTGGCAGCGGGAAGCGCCCTCTCTTTCTCTCGCCGCCGCTCCGAGTCTGCGCCCTGGTGCCAGGCGCTCAGCTCGGCGCTCCCCTGTGCTCGCCCGGCGCCCACTCATTCGCAGCCCGGCCTTCGTCGCCGCCGCCTCCCTGCTGCTCCTCCTCCTTTCCCCAGCCCGCCGCGGCC,6.307352886921597,2.657034652088015
4878,ENST00000355288.6,ENSG00000151150.21,ANK3,60026298,60733490,8.035811905682248,3811,3637.91,250.851,1.55356,AGCTGAGAACAAAGTTGAAAGTTTGCCTGGAGCTCCATGCCACTCCCCGCCTGGGCCACTGCTTTGTTTTCTTCTAATGTTTTTCCTCTACCTGGGTTGGCTGTTTCTTCATTCATATTTGAGAAGAATCACCTCCTAATTAAATGTAGCACTTCGCTCTCTCCCTACATGAAGGCTGTCTTGGTTACCCGACTAGGCAACGCGCATTGGTATCAAATTACCGAAAGTCTACACCGGAGCAGTCCTCATATTTACATACAAATAACTCAGGGGCTTGCATTTATGTCACCATTCTGTCCTGCTAGAGGCTTGCCAGAGGAGTTTTTAATCCAATCAGAAGGAGCTTTAAAAGGATGTCTGCGAAGTGGTCAAAAGGATCTTAACCTCAATTAAGTGGGGTTTTTTAAAAAGATTTTTTTGGGGGCCTGAAATTTTGAAAATCTTCGAACTCTGAGTGGGGAAAGATGTATAATTCCTCAATTGCCTACGAGGATATCAAGATGCTGAGAGGAATTCAGCGGTGGTGAAGAGAGTGGATACAAACCAGGGATTGGTTTCCTTGAGCTGTTTTGGAGGTTGATTCTAAATCACTGCTTAAGGAATTCCTGGAAACATCAGGAAAACATTTGATCATCCAAGCCTAGTGGAA,5.172514679627596,2.370865834468249
4880,ENST00000373789.7,ENSG00000182010.10,RTKN2,62183035,62268707,24.32234631506762,6641,4889.8,598.073,2.75566,CCGGGCGGTTGGCGTCCTCTGCGGCTCCTGCCAGGGGCGGGCTTTTCAAATCTTCCCTTTGAAGGAGTGGCGACGGCCCGGACAGTTCGCGTTGGAG,8.826323390791178,3.1418126076972523
4881,ENST00000399262.6,ENSG00000171988.17,JMJD1C,63167221,63521850,6.4648359659768095,8666,7544.61,695.922,2.07819,CACAAGGCTGCGAATCTGGGAGTCCAAAGGAGTGTTTGCGGGGAGGGCCCGAGGTCGCTGTGTCCGGGGCAGAGCGGCCGGTTCGTCCCGAGTCTGCGCTCTTTCGGGTCCGCTGCTGTGTCCCGGTCCGCTCTCCTCAGCATGAGCGGCCGGTAGGAGTGAGGTTTCATCGGTTCCCTCGCACTGGAGGAGGCAGCGGCCGCTTCGGCAGCGACAGCT,3.110801209695364,1.637286204917294
4882,ENST00000225171.6,ENSG00000108176.14,DNAJC12,67796665,67838166,69.13742850232778,1201,807.274,296.108,8.26401,CATCTGGTGTATTGACTGTGGCCAGTCTTAAAGCTAGTTTTTGCTATGTGGAACATGCTGCTCTAATTCAGATTTAAAGAGTTTCTTCCTGTTAATTCGAAGCTCACTGTGCCTCTTGTTTCCGAGGGAAGAAGGACTGATTAAGTCATCTAA,8.366087226700811,3.064553039922262
4884,ENST00000373700.8,ENSG00000148634.15,HERC4,67921899,68075348,25.041751749049475,3905,3246.24,228.8,1.58795,ACTTCCGGCCAGCCCCTCCCCCGCCTCCCTCGCGTGGCCACCTCCCCCTCTGCCTTCTCCTACCCAGTCTCTTCCCCAACTCTCCCCACCCCTGGTGCTCTCCGCCCCGCTTGCCTCCCGTTCTTCCCCGCCCGCTCCATCCGGGTCGCTGACGGCTGTCTCTGGACTGGACAGCAGTGGCGTCCGCTTTTCTCTAAGGAACCCGATAAGAACTCCATTTTCTGTTGATGTGGAGACATAGGGTACCTCCAACTTTCCGGGGTTTCAGAAGAGAATTTTTTATTGAAACTGGAAGACCAAAATAATTACAAGC,15.769861613432083,3.9790980948704933
4886,ENST00000602465.5,ENSG00000204130.12,RUFY2,68341107,68407294,12.348116848251948,3863,2945.01,249.809,1.9111,CGGGCCTGGCTGCAGATGCGGTGGTGGCCGCCGAGCGCCTGGAAGGAGCTGCTGGACAGGCCGAGGGAGCCTCCGCCCGAGACCGCGCAGCCGCCGCCGCC,6.46126149769868,2.6918158644235537
4887,ENST00000358410.7,ENSG00000138346.14,DNA2,68414064,68472121,26.17803041607536,4208,3283.31,866.236,5.94409,CCCCGGTTCCGCTGTCTTTTCTGTCTACAGTTTGCGATCCCCGCGTCCAGG,4.404043413891,2.138828690677155
4888,ENST00000373232.7,ENSG00000180817.11,PPA1,70202830,70233911,507.05229999920886,1295,931.007,4429.75,107.198,AGTGCTCGCAGTGCGCAGGCGTGGGGCTCTCTCCTTGTCAGTCGGCGCCGCGTGCGGGCTGGTGGCTCTGTGGCAGCGGCGGCGGCAGGACTCCGGCACT,4.730053732338373,2.241856572346447
4889,ENST00000299299.3,ENSG00000166228.8,PCBD1,70882280,70888784,359.06356269332497,1006,1159.32,1341.16,26.0637,CGGGGTGGGATTCCAACCCAGAAGCGGGCATTTGGAGCCCTCATGCTTCACCCTAGCTCCCTGAAACAAGCACGGAGGATGGCTCTGAGCAGCGAGGAAAGTGCTGGAAGCAAGCAGGCCGAGCGCGTCCCTGGCTGGGGACGTTAATCATTACCGGAGGGCGGCCCGAGCGCGGCCCCGCCCCGGGACGGCAGCCTGCGCGCCCGGCCGCCGCCTGCCCTCTCCGCTGGCCACCTGCTGCCGCCCGCGCC,13.776384883701276,3.784125449213454
4890,ENST00000394936.7,ENSG00000197746.13,PSAP,71816298,71851375,396.7993033980121,2872,3579.22,4445.06,27.9802,AGAGGCGCTGAGTCAGGGCGCTGTTGAGCTCGGGCAGGCCCGGATGGGGCGGGGTTAGCGCCTGCGCTCTGGACGGCTTTGGGGCAGGGCAGATTTATATCTGCGGGGGATCAGCTGACGCTCCGCATTGCAGACTGCGGAGTCAGACGGCGCT,14.181431991122727,3.8259313130912265
4891,ENST00000394919.5,ENSG00000138303.17,ASCC1,72096032,72217134,63.66067721227021,2683,2703.04,141.467,1.17914,CCCCACCCCCAGGACCAGCCTGAGTGGCTGCGCTCACCACGACGAGGACCGCGGCGTGTTCGCCCCCCAACAGACGGAGCCAGCGGCGAAGGCGGCGTGCGCGCGCCCGTGCCGTGGTGGGCGTGGCCGGGGCGGAGACGCGAGGAGGGGAGCAGAGAACGCGCTCGCGTAGAGGAATTCCGGGTCCTCCTCCTCGCCCTACCTTGGTTTACCTGCAGCCGCCTAGTCCTCTTCTCCTTCTCTTTGATGATTCAGGGCCTCGGCTTCCCTCACGGGCATAATTGGAATATCATTTGGAGAAAGTGTC,53.9890744205694,5.75459557857024
4892,ENST00000338820.7,ENSG00000148719.14,DNAJB12,72332830,72355230,31.103415300049942,4360,5820.7,271.315,1.05017,GTTGGCGCATACTCAACTCTAAGACCTCCGGAACATGGAATCTGGGCGTGCACCATTATTGACACCTACACCAGCCGTCCCTTTCTTAGAAGACATACGGTAGCACTTCCACCCTCGCTCAAAACTCGGGAAAGGAGGGGCGGAGGGTGG,29.61750507065517,4.888378210402929
4893,ENST00000361114.9,ENSG00000107745.17,MICU1,72367327,72626191,54.0554071452282,2383,2556.5,1265.57,11.1533,GGAGGGGGTGGAGGTTTGTCTCCGCTGTTTCATCTCTATGGCTGTCAGAGGTGGGCGGCTTTGACCGAGAGGCTGCTGGAGCTCGTGTTTGGACGCG,4.846584163003613,2.2769683045574185
4895,ENST00000373008.6,ENSG00000122884.12,P4HA1,73007217,73096974,41.53386192558498,2727,2349.74,391.039,3.7494,AGCGGGCTGAGGGTAGGAAGTAGCCGCTCCGAGTGGAGGCGACTGGGGGCTGAAGAGCGCGCCGCCCTCTCGTCCCACTTTCCAGGTGTGTGATCCTGTAAAATTAAATCTTCCAAG,11.07746890851469,3.469556372458716
4896,ENST00000372979.8,ENSG00000122882.10,ECD,73130155,73169055,63.08214285487109,3069,2659.68,1050.11,8.89546,CAAGGTTTCGGGGACTGAGTGGGTTTCAGACTTTCTCTCAGGATTTCCGCTGGCTTCAGGTTCCGGTCAGGCGTCGGGACAGAGCCTGATCCAGGCTTCGGCGGCCGGTGGCAGCTCTCGATCAGCTCTCGCAGTCGGAGAGGCGGCTAAGGAAAGGTGCCACAGCAGAGACGCGAAGGAGAGGCCCTAGAACCTTTTCAAAGAAGA,7.091498680773236,2.826090551419042
4897,ENST00000372950.4,ENSG00000213551.4,DNAJC9,73183362,73252693,49.98209357663186,3032,3062.91,1131.31,8.32168,ATTTCAGTGTGCGATTTCAATTTTCCGTAGCAAATGTATATATAGAAAAATGTTAAAATAGATGTATTTGAATACCTTAAAAAATACAAGAAACTGGAAGAAAGATAATATTGCAAAGCATCTACATATATCCTAGGCCTTTTGTGTACAAGGTTATTTGTGACAATTGTAAGGTATTATGAAGGCAGGTAGGATTATCTCCGTTTTACAGATAGGGAAGCTGAGGCCTAGAGGTGGAAACTTGCCCAGTGATGTAAGATTCATCTCCCGGTTATGCCCTCCTGGAAAGCCCTTCCCAACATATTATGTTGTCCATAGAGGGAAAAATGAGCAAAGACAGATGGCTTAACTCTGGTGTGTGACTAAGATATAGGAAATTTATAGAGGAGGTTCTATCAATGTGCCGACTTACTTTGTGTTTTATGTTCTGAGAACGATTACCAGCCATCTCAAATTCTGTGGTTGTCAAAGCTCCCCTGGGGTTGTTGCTGGTTGGCCCCCACTTGCTTTGAGACTTTGATGCCAGGGCAGGTTGAGAGGAACTGACTTCAGCTGAGTTTGATCTTGGATCTGGGAAAGAGAAATGCTTTGAAAATCACGGCAACTCTGGGAAGTTTAAAAGATATTAATGTATCCTGGAGAGTTTGAGGCTTTGCAGAAACTTATTGGCAGAGCAGAATGATTCTGAAAAATGCTACATCAGTGAGGGGATATTTGATAAGGTATTTTCTGCCAACTCGGGTATTCACTTAGCATTGTTTATCCTTTAAGATATGTATACACATACTTCCTCTGTGAGTTTACCCTACTAACAAAGTTTTATCCCCAGCCTCAACCTTGCTTTGGGTCTCCAGGCCCAAGTTTCTCACCATCTCTTGGATGATTGCTCCAGCCCACTCTGCTGCCACCTGGGATCCAACATGTTCAAACCCAGCTGTGAACTTCACAGAGTATTAAAAGAAAGAGCCTTTGCTTCAGCAGTTTATGTTATTAAGACGGAGGCTTGGGTCATGTTATCTCTCTCCACCAATGTGTAAGGTGAAAGTCCTATTAGGTAAGAGTTTTTGGAAGACCCGTGTTTTGTGCTTTTTGGGTTTCAGTATAGGGTTTTTTCCTACAGGGCTAGAGGGAAAGTACCCCAGCATTTCCAACCAGTGGGGTGCAAAATTATTTGGGTCTACAGCTTTACCTATTCCTTTCAAGAACATTTTTGAAAAAACACATCTGTTAAGTTGAACCATGTGTAACTGCTGAATGCTGATGTTTGGCCGTTTTCTACTTAAAAAAATAGGCCAGCAGTTTGTAAATTCAAGCTAATATATGAACTTTTTGAAAAAGTTGTTCTTGGACACTAAAAGGTAAGACGGACGCCAGATTTCCAGAGCAAGGGGAGGAGAGACCCGAGCAACATCACTTCCCTGAAGACCTAGCTCCTGCGCGCGGCCGGGGACTGTGACTCCACATGCCGGCGTTACTTACCCGGGCCCGCGCCTGACTCGCCACACCTCATTTTGCGGCCGCCGTAAAGCGCGGATGCGCGGCGTGGCCACGCCCCTTCAGTGCTTGTGACGCAGGCGCCCTGGGCTTTTTGGGCGCGAAAAAGAAGCAGTCCTGGGTTGTACCCGGCGCAGCTGGGAGCGGCTGCTTCCTCCGGGGTCGTATCTCCGCCCGGC,6.006250369712829,2.5864646146910246
4898,ENST00000372945.7,ENSG00000182180.13,MRPS16,73183362,73252693,343.1659711667766,2634,2626.51,1201.32,10.3048,ATTGTGGGAAGTATAGGGCGGCAAGCGGAGGAGGCGTGGCGAGCGGATCATCCGCTTCCGGAGTCGAGGTTTTCGGGCTTGTACCGCTTGGCGGTGCGGCCTGGTGTCGGCTTGCAGGTTCTTTCTGTGTTTGTTCTCTGCCCTGCCAAGGCCGTAGAGCTGGTGCGTGCGGGTAGCGGGGCTCTCCGAGGAGCCGCACGCCGGCGGCACC,33.30156540318848,5.057518090392188
4899,ENST00000372921.9,ENSG00000138279.15,ANXA7,73375101,73414076,117.93526706263728,2452,2184.79,1165.49,12.0188,CCCGGCTCCATCTTGCGGGAGACCGGGTTGGGCTGTGACGCTGCTGCTGGGGTCAGA,9.812565901973349,3.294630438178849
4901,ENST00000342558.3,ENSG00000107758.15,PPP3CB,73436428,73496024,17.245920461264166,2418,2036.88,352.498,3.899,AGAGGGTCCGCCATGTTCCCCGGCGGCGCCGCCGCTTGGCTCTGGTAGCCGCCGCCCCCGCCCCCAACCCCGCCCGGCCCAGAGCCTAGCCGAGCCCCGGGCCCAGC,4.42316503238373,2.145079071528864
4902,ENST00000339859.8,ENSG00000166348.18,USP54,73497538,73625953,4.329030763218948,6247,7452.95,668.738,2.02158,GTTTACGGAGACTCGGAACTGGATAAAGGGACCAGGCTACATTGGGAAAGAAGTGGGAAGAAATGGGGTACAGCGACGAGGAGGGCTAAATGTGAACAATA,2.141409572324097,1.098560756232422
4903,ENST00000309979.10,ENSG00000166507.16,NDST2,73796514,73811798,3.507286354300948,3749,5198.92,308.988,1.33903,GAGATGGCGGAGCAGCCGCGACGCGGCCCGTGGCCCCGAAAGCAGGGAAGCCGGGCAGCCCCGGGACGCGGCGGAGCCCGGGGACAGCGGGGACGCCGCCCAGTCCTCCGGGTATGAAGCTAAAATGCAGCGGCTAAGAACGCGGCTCTGGAGCTTGACAGGCCTGACGTCGAATCCCAGCCCTCCCACCAACTGAGCTGTGTGATCCTGGGCAAGGTAGAGGGGAAGAGATTGAACTTTGCTGACCTTTGATGTGAGGCGCTCAGCCAGGGCCAAGGGGAGAGCCTGGCAAGATTTGCAGCCTGAAGCCATGGGCCAGGGGGCCATGGTGACCTGAGACAAGTGGACTCTGTATAGTTGCCCCCTGCTTCCCCTTCTACCTCCCCTACCCTATGCTAAGGGGACTCGTCTCCACCTCGTAAAGGAAACTCCCCAAGGGAATCCCTGTCCCCTATTTTCCTATCCTTCTACCCTTCCAAGACAGTCCTAGCCTATAGAACTCCTACCTCCCATCCCCTGAGGTGGTCCCCATTCCTCCCTCCCTTCCTCCCCCCGCC,2.619273917911434,1.3891669414556675
4904,ENST00000355264.8,ENSG00000185009.12,AP3M1,74120255,74151063,102.8909838516828,5124,4384.95,1546.72,7.94709,GGGACCCCAGACTGCGTTAGGCAGCAGATGACCGCCTGAATCTAGATGGAGAGAAACCCACCATTTTTCTAGGCCCTGGATTATGTAGAAGATTTAGATACTAAGCCTCAAGAGACGTCTTTCCTCTCATTTACGGTCTTCCTGCATATTTAAAATTTCTAATACGGTAGACAGAGTCGGTGTCTTTGAAGCTGTTAATCAGGCAATTTCCTGGGCACTCCAGCTGCGGGTCCTCGCGGCCTTCTCGGCTTCTCCAGCTTCGGTAGGAGAGGATCCGGCGCCGAATCACTGACTGGCACAGGTGTTGGGAAA,12.947001210717735,3.694546073924938
4905,ENST00000372538.7,ENSG00000165644.10,COMTD1,75233969,75236030,48.99236712760322,976,1239.5,173.029,3.14509,GCGGGCCCGCGAGTCCGAGACCTGTCCCAGGAGCTCCAGCTCACGTGACCTGTCACTGCCTCCCGCCGCCTCCTGCCCGCGCC,15.577413405531548,3.9613837919061528
4906,ENST00000372524.4,ENSG00000165655.16,ZNF503,75279726,75401906,53.48894234889648,3347,4767.47,1033.77,4.88538,CTGGCAGCGGCGGCGGCGGCGGCGCGGGACGCGTCACATCCCCTTGACCCTCCAATCACCTCGGGCTCCCATTTGATTGGAAGGCGGCAAAGGCTTTAATCTCCCCCTTGGTGCAGCTGCTTTTGAAGTGAGTTTCCTCGCCAGAGCCCCGGCTGGACACGCAGCGGCTCGCATCGCAGAGCGCAGCGCCGGCGCGGGGCCGCGAGAACGCAGCGCAGGGGAGCAGCCCGAGGCGGACACCGCGAGCCGCCCGGCACTCCCGCAGTCCAGCCGGCTCCTCTAGCCCGGCCACGGCTCCGCTGCGGGCCACCCAGGATTACTCGCGTCTGGCTCCAGGCGCCGAGAAGGCGCGCTGGGCGCCCGTGGCCGCCGCGCCAGCTCCTCCTCCTCCCGCTGCTCCTGCTCCCGGGGCGAGCGCGCAGCCCCGAGCCCGCCCCGCGCCTCCCGGAGCCCTCCCCCCCGCTGCTCCCATGCGCGCGGGTGGGTC,10.948778262672809,3.4526979882096525
4907,ENST00000372391.6,ENSG00000151208.16,DLG5,77790791,77926526,4.359063967426219,7415,9841.19,1278.71,2.92743,GCCACC,1.4890412298248699,0.574383701025704
4908,ENST00000372371.7,ENSG00000148606.12,POLR3A,77969251,78029545,27.544837076154646,6640,7809.56,2004.33,5.78236,GGGACACTCTACGGTGGCCGAGAGGATGCCGCAGATGTGTTAGCGGCGAGTCCAGAAGCAGCCCCAGGAGGTGCTGGGGGCATCGTTTCTCTAATCTGGCCTCCCGAGTGCCAAGGAGGCGTCCCGGCAGCGGTCATC,4.763597748350958,2.2520515931011085
4909,ENST00000372336.3,ENSG00000165424.6,ZCCHC24,79382325,79445627,9.57191940204525,4933,6595.79,443.919,1.51635,CGCAGTCGGGGGGAGGCGGCGGCAGCGGCAGCGGCTGCGGGCAGCGCGCGGGGCGCAGGGCGCGGGGCGATCACCGTCGGGGCTCGGGAGGCGGGCAGTGGGCACAGGCTCCCCGGTGCCCGCCCCTCCGCTGCGGAGGGGGGCCGCGAGCGGGCGGCCGGGGAGGGGCCGGCACCGCCGCCACAAA,6.312473638701651,2.6582054579765377
4910,ENST00000298767.9,ENSG00000062650.17,WAPL,86435256,86521815,30.68620665024536,6333,5429.49,936.532,3.88621,GCGCGGGGACTGTGGGAAGCGGAGTGACGGAGCGAGCGGCTGTTGGAGGAAGGAGGTGGGGGCCGGGAGCGCAAATGGCGTTGAGATGGTTCAGGGCCCTGTTCAAACTCCAGCACTGACCATTCACCGGCGGAAGCGGCGGCGCAGGAGGCGGCGGCGGCCCAGCGGGGGCACACAGCAGGCTCTGTTACCAGCTCCAGCAGTGGCGGCCAGCGAGAGCTAGGCCTGGGCCCGGCCGGCGGCGCTCGAGGCGGGGAGGGAAGTTGCGGGGCCGCCGCTCCTGCCCCCCCAACCGGGCTTCCTATTTACCGAAAGCAGAGTCCCTCGCCTCTCTCGGCTCTCACCTGCCGGCCCTGCTCTCCCGCGCGAGGGTTCCGCGCCCGCCCGCGGGCCGTAGGGAGCGGGAGAGGCGGAGGCGGCCCGTGGCCAAAGCACCCGCCAGGCTCCGAGGAGAATATGAAACTGGTGTCAAA,7.896178191668839,2.981154547207715
4911,ENST00000277865.4,ENSG00000148672.8,GLUD1,87050486,87094866,65.56957005192126,3039,3033.41,2519.68,18.7145,GGGCAACCCGCGCGGGACCCTTCCTCCCTAGTCGCGGGGAGTCTGAGAAAGCGCGCCTGTTTCGCGACCATCACGCACCTCCCCTCCGCTTGTGGCC,3.503677365247335,1.8088699310498042
4912,ENST00000308448.11,ENSG00000138138.13,ATAD1,87751512,87841343,104.87234184322054,4640,3707.43,596.032,3.62209,AGCTGGTTCCCGTGGGGCCTCATGGGATGGTTGTCGTATCCTTCTGAGGTCCTTTAAGGACCGTCTCGGACCTGGGAACCCCCGGAGGAAAGGTCACCCCGGTCTTCTCCCACGCCCTACCTCAGTGCCGCCCCCAAGCGCCCCGCAGCCCTTAGTATCTAGAGGATTAACCTCCAAGGGCGTCCCGGGCCTCGCCTTGGCGTCCGGCCCGGCCTGGGCCCTTAGGGTCTGCTTAGCTCTTCCCCAAGACTCGTGCCATTCCCGAGGGAATCTTTGTCGGCATCCTGGTCACTGTGGGGGTTTGAGGTCGTCCCGGAAGACTTCAGAACCAGGCGAACCTAGACGAAGGCGGCTGGAATGAACCAGGTTAACATTCAAG,28.95354390509914,4.855668039350514
4913,ENST00000224784.10,ENSG00000107796.13,ACTA2,88935074,88991339,17.273649187376787,1349,1401.56,339.229,5.4531,GAACACCACCCAGTGTGGAGCAGCCCAGCCAAGCACTGTCAGGAATCCTGTGAAGCAGCTCCAGCT,3.1676751182587495,1.6634243779327589
4914,ENST00000336233.9,ENSG00000107798.17,LIPA,89213569,89414557,107.2614398281588,2782,2442.43,491.183,4.53088,GCGTAGGCGACGCGCTGGTAGAGCTGTGGACCTGCCAGCCTGCGAGGCGGAGGACGGGCTCCATCTCTTAGAAACGCCTACGGCGCATGCTCTATGGGGTCAACTGGGGGGCTGGCAAGCGGCAGCGCTGGTCTGGGGCGGAGTCTCCGAGGCACTTCCCGGTGGCTGGCTGCTCTGATTGGCTGAACAAATAGTCCGAGGGTGGTGGGCATCCGCCCTCCCGACAAGGCAGACCAGGCCCCCTGCAGGTCCCCTATCCGCACCCCGGCCCCTGAGAGCTGGCACTGCGACTCGAGACAGCGGCCCGGCAGGACAGCTCCAGA,23.673423226428156,4.56519643275978
4915,ENST00000342512.3,ENSG00000152782.16,PANK1,89579497,89645572,12.765833507936758,2703,2140.45,230.358,2.42471,AAGTGCATTATTTCACAATCTAAAGCTTGTATATATAATGGTAGTTTGTAAAGTGTACCTTCCCCACAGGACGCTGTGGGATGTAAATTTGTAGGTCGAGTTTACAGCTGGTTTTTCTTGACTGAAGCTCATTCAACTGGTTACTTCTTTGTGGGTGTCTTTA,5.264890856200023,2.3964036237769024
4916,ENST00000265986.10,ENSG00000119912.15,IDE,92451684,92574076,55.73227007082858,5877,4765.35,2300.67,10.8773,CCGGCTCGAAGCGCAAGCAGGAAGCGTTTGCGGTGATCCCGGCGACTGCGCTGGCTA,5.12372280536793,2.3571924276431826
4917,ENST00000359204.4,ENSG00000148690.11,FRA10AC1,93667883,93702572,50.317700140452814,3089,2139.12,556.215,5.85827,ACCCGTAGGGAGAGGCGGGTTGCGGGCGGCGGCGGCGGCGGCGGCGGCGGTGGTGGTTGTGGCGAGGCTGTGCGGCAGGGCGCACGGGACCTGTGCTGCAGCGGCTCTCTCAGGCCGTGGGTCGTCGCTGCAGCTGCCGGGAAAGAAGGAAACGACGACTCCGGGGGCGAACTTGGCACACAGGGAGGAAGGGAAAGG,8.58917396099067,3.102519391004515
4918,ENST00000371361.3,ENSG00000173145.11,NOC3L,94333226,94362959,69.04484070313367,3455,2504.85,1545.22,13.8986,GGTAGTGTAGGGACTTCGGCACGTGTGTCATTCCCCGGGATTTCTGTAGTAACCCTGCTTCTGGTGAACTTGTCTGGCCGGCATTCATTTAAGGCCTAAGG,4.967755076276292,2.3125940465551724
4919,ENST00000329399.6,ENSG00000107438.8,PDLIM1,95237572,95291024,158.0320612010782,1452,1557.83,1773.73,25.6525,GCCCGCGCCGCGCCGCTCTTTCTCCGACAGCCGCCGGGGGTGCCCTGCAAGCTGTTCCGCGCGTCCTGCCCGTCTGTCCCCGCGGGTCGTCGCCCGCCACAGCCGCGCC,6.160493565971278,2.6230459412860467
4920,ENST00000371249.6,ENSG00000095637.21,SORBS1,95311771,95561414,4.265208695275537,5927,6336.97,396.397,1.40932,GCAGCGTGTAGTGCGAGTGGGGCGGACGCGCGCAGCCCGCCCGCCCGGCGACCAGCAAGGAGTTGGCATCCTTTGGAAGAGTTCGTGAAAGCTTTCTGCCCAGAGCTCCTGGACCAATGCATCTTCCCACCACCTTAAACCACTGAGCAGTTCAGAGCCCCAGTTGCAGACGACTTGTCCTGCCACCACC,3.026430260888611,1.5976171068950065
4921,ENST00000371224.6,ENSG00000059573.8,ALDH18A1,95605929,95656706,91.37846073849632,3359,3585.52,2063.24,12.9646,GCGGGACGTGGACGGAAGAAAAAAGAGAGTGAGCGAGCGCCGGAATCAGCCCGGCGTGGAGTGCGGACCCGCGGTAGTGCCAGGGGGCGAAGGCGGCGGTGGTGAGGAAGATACTTTGGTTAGTGACCACATCGCAGC,7.048305442396704,2.8172764456378285
4923,ENST00000371142.8,ENSG00000077147.14,TM9SF3,96518109,96587452,165.4997346387198,6141,4790.43,3407.31,16.025,GAGGAAGAGGCTGAGGAGGCGCGGGGGGCGGGGGAGGCTCAGGAGCGGGCGGTGACGGCGACGGCGGCGGCAGAGGAGGCAGCGGCTGGGCCGGGCCCCGTGCGTCTGTCCGCGCCCCGTGGATGCGAATCGGCCGCGGCGGAGGCGGCGGCGGCGGAGGAGGCGGCGGCGGGAGGAGGAGTCGGTGAGCCGGCTCCGGGCCGGAGGGGCGCGGAGG,10.327596545317927,3.3684326418691324
4924,ENST00000358531.8,ENSG00000213390.10,ARHGAP19,96998038,97292673,36.52743945910576,5463,5822.75,549.572,2.12646,GGGGCGGTGAAAGAAGTTTGCTGACGAAG,17.177581266097533,4.102455003245664
4925,ENST00000370902.7,ENSG00000171311.12,EXOSC1,97436142,97446017,73.64739772356313,923,807.583,515.804,14.39,GTTTTCATCCTGGTTTTGGGACAGCGGCAATC,5.117956756328223,2.3555679575191353
4926,ENST00000438925.6,ENSG00000155229.20,MMS19,97458324,97498794,29.81383476843327,3797,4676.85,670.105,3.22813,GATTTTCTCATTGGCTTCCCCCGTGGTGCGTACCGCCCCTCTCCCCACCCAGCCAGGTGCCCGCCCCGCAGCCCGTCTCCCGGGGAGCCGGGCTGGGAATTATTCGCCCTCAATCGCCTCCGGCTGCGTGCCCAGCAGCCGCCTTCCCTCTCGGTGCCACCGCCCCATTTCAGGCCCCGCCCCTCCCTGGAACTGCCTAGGCAGAAGCCGGCAGGCACGTGACCCCGGCGCCCCGCCCCCTTGCGCTTCCCCGGAGATTGGCTCGGGAGGCGCATGCGCGGAGAGCCCGTCTCGAGCCACCGCCCATATCCCCTCCCACGGTCTCTAGTTCGCGTT,9.235636349351875,3.207211368508818
4928,ENST00000370635.3,ENSG00000171160.17,MORN4,97614553,97633500,8.698358897875458,419,202.839,11.3901,1.26514,GCCCAGGATGGCGGCGTCAAGTGGGGCAATCGCTGGTGGAGGTGGCGGAGAGCAAGGTGGCAGCCGGGAGCCCATCAGAGGAAAAGTCCGAGGCGCTGGAACCCTGCGTCCAGGCGTGACGGTCATCCCGAAAGGCCGGCCCCAGTTTCATCCTTTTATCCTGTAATCTGTCACC,6.875412126622713,2.7814461942831286
4929,ENST00000370626.3,ENSG00000119986.6,AVPI1,97677424,97687323,42.68585916994318,1457,1843.48,178.0,2.17543,TGGACACGCCCCCTCCCTGTCTCCCACCGATGATTGGCGCACGGAACTCCGCCTTGGGTTTGGAAGGCTCGCCTGGGAGCTCATACCTGGCTAGGGCCGAGGATTGGCTGTTCCGGGGCTAGGGAGCGCTTTCTCCCGGGAACCGCGGCTGTGACCCAAGTGGCCCGGACCAGTTTGGGGCTGCGTGCGGCCTGCCTCAAGCAACCAGGTACGTAGGTCGGCGGCCCAGCTCGGCGCTGCGGTGGGAGCCGGAGGGCGACAGTCAGAGCCGGGGTGCCAGCGGGACGCGACCGCCAGATCCACTTAGGACCCCGTCGTTCTGCGAAGCGGCCACGTCTGAGTCCCGGGGCCTCCTCGTGCTGCAGATGTCGCCTTAGGACCTCGGCCAGGATACCCTCTGCCATGCTCTTGTGCTGCCCGTGATCACCGACTGGCCCTTGTAAGCACCTTCGCAGAGCTGCGCCTGCCCTTTCTGAAGGCTGTGGAAGAGGTTGGAGTGGGCGCATCTTAGCTTGCCCCATCCCCATTTGAGGTCTGTCGGAGCTGCCCTTCAGTGTGAGCATCCACA,19.621803123953967,4.294385717405695
4930,ENST00000370508.5,ENSG00000120053.10,GOT1,99396870,99430624,101.06876047742128,1947,2158.04,934.005,9.75104,GAAATCTCTTGATTCCTAGTCTCTCGAT,10.364921124046386,3.373637232619774
4931,ENST00000370495.5,ENSG00000155287.10,SLC25A28,99610522,99620609,17.721550496843975,1451,1653.78,109.92,1.49748,GGGGTGGGCGCCGCAGCTGGCCCGGGTGG,11.834248535435515,3.5648961939788464
4933,ENST00000016171.5,ENSG00000014919.12,COX15,99711844,99732100,73.89801443239404,2356,2475.48,350.964,3.19422,AGACCACAGAGCCCTGGGTTGTGGAAGAGGTGGCTGTTCCCTGTCATCAGT,23.134916953871066,4.532000015037452
4934,ENST00000324109.8,ENSG00000107554.16,DNMBP,99875577,100009919,4.08067211446005,6400,7469.89,638.698,1.92639,AGGGGCGGAGGTGACAGCGGGCTGGGGACTGGCGGCTGCAACTGCCTGCCGCGCCGAGGGACCGCCGGGCGGCGGAAAGCAGGTTATAAAAC,2.1183000921205206,1.0829069853387447
4935,ENST00000421367.6,ENSG00000107566.13,ERLIN1,100150094,100229619,45.27334439490932,5792,6250.14,560.577,2.02073,ATTATAATAAAACAGTTGAATATGGCTTAGGAAAATATGAAGGTTCCATGAAGTGGAATTAAGAGCATAGAATAACTGTACTTTCCTTAGGAATAATAGGACTTATGGTAAAGGTAGTATTGGGCAACTTCTTTAAGAGTGTTTTCCTCTGAGATGTCCTATCACCACTATCTACATCTAAAAAACATGCTCGATTCTTGCCCTATAAACTGATGTCACAGCCCCACCATCCCCATTTTTGCTAGTGGTATCATTTTCCTAGTCAACCAAATTTTTTAGTCATCACATATCACTGTTCGTCATCTATTATAATAGGCAGTCTCTCTCTTGTTTCCCTGGTTTTAGAAGATTTTAGTAATAAACATTTATTGGGTACCTGTTACTTGGAGGGTATTAAGCTAGATGGCAAGATCTGAAACAACATAGGCAGTATAGTAAAAGTGCTTATCTGGGAGTCTGAACATTACAAGCCATCCAAGCATTGCAATTATTGTTAAGGATTATTTTCAATGGTCATGCATTTTCTAATATTTTAATAATTGGTTAAAGATTTGTTATAGCGTGGGGGCCGCTGCTGGTGTGTGGCTGGGGTTATGTCAGGGCAGCCTGATCTATATAATTTGGGCAGATGGTGTGAGTCAGAACAGACTATTATAGTGGGATCCCCAAACTTGCTTTTGATGCATGAGTTGGACCACTATTTTTTGGTGGGTAACAACTTTTCAGAGGGGAATGGCAGTTGTGAATTGTATACATTTCATTCTTTAAGCAATATTATGAAAAACTTCAGAGAATGTCTACAGAAAACAGGGTATGGAGCAAGTTATTTTCCATTCTTTTTGCTTTTTGGAAGTTAAAATAGCTAAGCTCTGCAAATATCATTTATTTGGAACAGATAAGGTCCCAGACATTCCTAGATAATAAAAATCAAATGAATGATACAGGTAAGTGTATTTATTGAAGGGTGTGGGTAGAGTGGTCTGGGAAGTCTTGCTTTAATGAAGACGGATTGATTCTATTTACCTCTTCTTACTTCCACTACTAAGTAACCCTGGGCCTGCAGTTTCCTAACCACTTGACTTCCTTGCCAACAGTCTGTCTCCACTTTCAGCCGTTTTATAGATTCATTGGCCCTAAAGCACTGCTTTCCCATACTTCCCTACCCAAGAGGGCAGGGGTCCCCAAGCCCTGGGCCGCGGACCGGAACCAGACAGTGGCCTGTTAGGAACCAAGCCGGATAGCAGGAGGTGAGCGGCGGGCGAGTGAGCATTATCGCCTTGAGCTCTGCCTGCTGTCAGATTAGCGAGTGGCATCAGATTCTCATAGGCACGCGAACCCTATTGTGAACTGCACATGTGAGGTTTGCCGGCTCCCTGTGAGAATCTAATGCCTGATGATCTGAAGTGGAACAGTTTCATCCCCAACCCACACACACCCCCACCCCGTCCGCTGGGTTAGAGGACTTTACAACCCTAGTCCACCTTGTCCAGTTATAGTTCCACCTCTAGCCTTTCAAGGCTTAAACCATTAATGTCCTTAATTTCTCTTGTATTCATCTATCTCCCAACTATACCTTTTTCCTTCCCTTTTTTATTTTTGGCAATATGTGCCCATGGTTTTTTAATTTAAAACGAACAGAATATGTAGTGACGCCTACCATAGCACTCCTTCCCATCACACAAGCCTTCAAGGAAACTGAAGTACTTACTTTGGTCTCCCTGGAGGATTCCCTCCGCCTCCCGCCCCATGTGCTTAGCAATTCTGTTCCTGTAGTCTGGATGGCCTTCATAAAGCCCTCACTGGACCAGCATTCTGGCACATAATAGGAACACTTAAAAAACGAGAGAATGATGCCGTTATATCTAATATCTTCCTCTTCTGAACTTTCACAGCACTTTATTTGCAACAAGTTTAGTTGCTCCTGAAGGGCAGGATCTCTGCCGGAAGCAAGTGCGTGCCACACAGTGGGGCTCCGCATACACTGCAAAAGGACAAATAAACCGAACAGCTACCGTTTGAGAGTGAGCGAGTGGGTTCTCTGCACAAGAACAAACCAACCAGTCCCTTGTCCGAAAGGGCGTCTCCTTTTCTCTGCTTCGCTGCTCACTCCAGACTGCGGGCTGTCCTCTTCCGAAGCAGTTAACCAGCAGTGTACAGAAAGCGACTTGCCTCCAAAGGAGCCTGCGCGGCCCGCGGCTAGGAGAATTTTGTCCCATGCGCTCCCCGTCTCACTAGCCGCGGGCCGGGGCTACGCCGTGTGCGTCCCCGCGCAGCCGCAGTGCTGGGCGAGTGGGCGGGGCCGGCTGTTGGCGGCGGTTGGCTCGGCGCGGGAGTCGGCTGCACGTGCGGGCGGGGGCGATGCGTCACTGATCGGTGAGGCGCGGCCGAGGGGTCGGCTTTCCTCGCGAGCCTGCGGCTGGGCTTCTTCTCAGTTAGTGCCTTCCACCCGGGAGCGACCCTTGGGAGAGGGAGTTTCAGGAAGCTCACCGAGCAGGGGCGGCCCACTGGCCTCCGGGGGCGGAGGAGTTGGCAAGGGGTCAGCGGGCTCAGCCAGAAGGGAAGAATGAGGGGACAGGGGTACTGGACTCCCCGGCTCAGCCTGCGAGAGAGCGCCAAGTTTCCGGAGGGAGAGGGTAGAAACTGGAGGGGGTGGACCTGTCACTCACGGGACTGAGGGTCCTTTTCTCCCGCTCCCAGGAGGAACGAGA,22.40445007245368,4.4857134101981
4936,ENST00000370397.7,ENSG00000213341.10,CHUK,100150094,100229619,23.988212071961215,3625,2903.73,847.191,6.57336,CGCGAGAACAAAGACGCGCGAGCATCGGCGGCCCGGAACCGGCCTTGGAACAACTGTGGAACCTGAGGCCGCTTGCCCTCCCGCCCC,3.6493075188276944,1.8676227286681424
4937,ENST00000354105.8,ENSG00000095485.16,CWF19L1,100232298,100267680,65.78566547808167,2633,2587.68,829.105,7.21872,GATTGTTGCGCGGTCGCATTTTTCCGGGGAGCGCGGATTCGCATTCCCAATTTTAGGTGGCAGTCGCAACCCATACTATTCGGACAG,9.113203653567622,3.187958307883477
4938,ENST00000370372.6,ENSG00000196072.11,BLOC1S2,100273280,100286712,44.12790294907729,1249,883.982,477.912,12.1806,ACACCCAGTGCGCATGCGCAGCACCCCGGCCCGGAAACAGCGCGGGGTCCGCT,3.6228020745346936,1.8571059888198294
4939,ENST00000299166.8,ENSG00000166136.15,NDUFB8,100486642,100530000,315.2859646616342,671,643.281,906.857,31.7614,GAAGAAGGTGAAG,9.926702370224051,3.3113145370639776
4941,ENST00000318364.12,ENSG00000055950.16,MRPL43,100969458,100987515,181.39187738604983,1010,1098.2,521.468,10.6982,CCGGAAGCCTCGAGGTTTAGTCCCGCCCCCCTCTCCTCGCTGCTTAGGCTCCGCGGCCTCCAAGCTGTAGCT,16.955364209497844,4.083669869377097
4942,ENST00000331272.7,ENSG00000107829.13,FBXW4,101610664,101695295,5.160717640683747,2483,3450.38,259.303,1.69318,AAGTGGCTCCAAGGCTGCAGGTGTGAGGGGCGTGCCCAGGGCTCGGCCCGCGCCGCCCCATGTGACCCGGTCCGACATGGTGTCGCCTCCTCCCGGGGCGGCGGCGGTGGCGGCTCGGGCTGGGCTCCGCGTCGGGCCGGCCCCGCGGCCGCTCATGGGCAGCCAGGGCCGCTCGGGGCCCCCCGGGAACGGCGGGCCCGGCGAGGGCGAGGGCGGAGAGGCGAGGAAGCTGCAGGAAGGGAGGGTGGCGAGGGGGAAGCGAAGGAAGGGGAAGGGGAAGGGAAAAGCGAGAGCGGGGCAAGGCGGAAGAGGAAGCGGGGCGGAAGGGAAGCCCGGGCCGCAGACGGCGAAGGAGGCAGCCGGGCCGGGGGCTGACGCGGGAGCGAGGGCATGCCCAAGGGAGGAAGCAGAGGGAGGCAGAAGCGTGGAGGAAGGGGCGAGAGGCATCGTCAAGGGAGTCGAGGGGAGCGCAGGGGCCGGGAAGGAGGCACAAGGAAGAGAGTATGGGAAGAAGGAGGAATGGAGGGTCAGGGCTAGGCGGCGGGAGGGCGCCAGGCCGGGAAGAGCACAGGGACGAGGGGGTCAGGCTTGGGCCGACATCGCGGGGACAGGGGTGGCC,3.0479438929610243,1.607836345714466
4943,ENST00000370110.5,ENSG00000107833.10,NPM3,101781325,101783413,153.97359976424295,877,920.282,454.685,11.1314,AGTTTGAAGAAGGCTCTTACAGC,13.832366078322849,3.789976050905599
4944,ENST00000361464.7,ENSG00000198408.13,MGEA5,101784443,101818465,60.17627529871103,5155,5074.46,2473.33,10.9813,AGGCAGCAGCAGAGGGAGAGCTCGGGGCTTGGAGGGGAAACAGCGGAAGACCTAAGATTATCGGGAGGGCAGCAGAGGCAGAGAACGAGGACAGGACCCTTGGCCGTCTTCTTCCAGGGAACGAGAGGTCACAGCCTCGCTCTCCGCTTAGGCTTCTGGCGCCCCAGCTTAAAGCCGAGGCTGCGGCTGACAAAGGGCTCGCGCCGGTGCCGCCGCCCTTCTCATCCGGGCATTCGGGTCCCTGCGGAGAGGGAGGGGGAAGGGCAGAGGGGGAGGGGAAGGAGCCGGAGGGGCGCACACTTGGAGCTGAAGCCCTCTCCAGGGCTCCGGGCCGGTGCCCCAACGGACAGAGGTCGAGGAGGACCCGCAGAGGTGGCAGCGGCCGGGGGCAGGAGG,5.479886288391269,2.454145956529582
4945,ENST00000370033.8,ENSG00000120029.12,C10orf76,101845599,102056193,16.389843139924402,4119,4846.48,600.601,2.79204,GGGAGGTCGGGAGCGCGCCCGTGAGCCCGGAGCAGCGGCAGCGTCGGTGGCGTCGAGAGCGAGCGGGCCCGGGAACGGCGCGGGTGGTAGAGGAGGAGCCGCGGGCTCGATTCTCTAACC,5.8702035572285505,2.553410531599789
4946,ENST00000425280.1,ENSG00000198728.10,LDB1,102107560,102120453,39.80244800051831,2089,2983.95,359.448,2.71398,CGAGGGCGGAGAGGGGGGCGCTCGGCGACGGCGGCGGGAGCGCACAGACACGCACACGCACACGCGCACACACGCACACACGGACACACACTCCGCGGACTCACACCCGCGCGCACACACGCAGAGGCCGCTCGCCTTCCTGCCTGGCTTCCTTCCTGTCTGCTCCGCGCCTGACAGGCCCCTCGCCGCAGCCAGGGGCCGCCCGCACCGGGCCGAGGCCGGGCCGGGCCGGCGGCGAGCGCAGCGGGGGCCGCGGGCGGCGGCGGCGGCTCATGCCCGGCCTGTCCCCGCGAGGGGCGGGCACCGTGACTCGGCTGGGCCCCCAGAGGCGGGCGATGTGAAG,14.665711611919878,3.8743751703518234
4947,ENST00000369937.4,ENSG00000107874.10,CUEDC2,102423245,102432661,117.28610255425626,1191,1386.31,861.337,13.9982,GCCCTTCTCAAACATGGCCGCCACGGCGCCTCTGGAAGGGAACCGCTCTGGGCCCCGCCTTTGATCTCGTTGGTGGGGCTGGGGGATGAGAGCTGCACCGCGCGGGACAAGTCGCCGGCGGCGCCCGACGGAGCAGAAGAGAGAGC,8.378656009648116,3.066718844912832
4948,ENST00000369905.8,ENSG00000138107.12,ACTR1A,102461881,102502711,158.95494841460177,2829,3675.97,2509.44,15.3804,TCAGTGGCGCTAGCGGCGGACCCGGCTGGGCAGTTCCTTCCCCAGAAGGAGAGATTCCTCTGCC,10.334903410483587,3.369453000354399
4949,ENST00000260746.5,ENSG00000138175.8,ARL3,102673731,102714407,76.0111585376926,3844,4477.62,620.985,3.12461,ACCCCGCCCCGTATTGCTGCTCAGCTCCTCAGCTGTGCGTGCGAGGGACGTCGGGGGCGGCGCCGCAGCAGTTGCCCCTGGTAACGGGGGAGGCAGCAGGAGGAGGAGGAGGAGGAGGGACTCGGCGGGAGG,24.326606692576863,4.604463188315707
4950,ENST00000369847.3,ENSG00000156374.14,PCGF6,103302796,103351134,32.89798538264573,2230,1866.26,531.324,6.41429,GGCGTCCGAGGCCGGCCGAACTCCCGCGCTCTCCCGCCGCCTCGCCTCGCCTGGTGTCTCTCCCGACC,5.1288584368099555,2.3586377515977874
4951,ENST00000224950.7,ENSG00000107960.10,OBFC1,103882542,103918205,7.267704205373918,1417,1237.46,103.545,1.88522,CCAACTGCTCCTGCGCCGGGCGGGGTCGTCGCCGCCAGCGGCTCCGAGCGCCGGAAGGGCCAGGTCTCAGGGCTCCTGGAGCTGCAGGCGGCGGGAGGGGCTACAAATGCTTGACTCAGTGATGCAGAACCTTTCAGAGTTAGCTGGAAGCCACAGCCCTGCCTCTTG,3.855096065909506,1.9467668113943706
4952,ENST00000337478.2,ENSG00000148841.15,ITPRIP,104309698,104338404,21.05284629315068,4093,5692.47,388.251,1.53665,AGCGGGGGCATCGCCGCCCGCGCCCCTCTAAGTGCCGGGCCGCAAGCTCCACCGCAGCCGCCTGCAAGCAGCGGCGCCTCGGCCCTCGACCTGCGCGCAAAGCCTGTGCTGGAGCCGTCCTCCCGCGGCGGGGACCGGGACCGGGGACCCAAGCCAATCGAAAGCTCCAACC,13.70048240858405,3.776154787797168
4953,ENST00000502935.5,ENSG00000108039.17,XPNPEP1,109864766,109923553,56.64525801278996,2539,2749.52,1093.18,8.95769,GACCCGGCGCTAGCCCGCCCGCCCGCCCGCCGGCTCTCGCGCCTCCTTCGCGCCGGCCCTTCCGCGGGTGATCAGCTGGTCTGCGCTCCCCTGACGTGGGCTGGGGCACGTCACCGCCGA,6.32364571812487,2.6607565430565283
4954,ENST00000369603.9,ENSG00000119953.12,SMNDC1,110290730,110304951,140.50515970169516,4341,3479.87,687.279,4.44972,TCTCTGTCTTTTCCTCCTTCCAGTGCCCGGCGTTCCTCCCTTCCCCCTCGCCGCCGACCGAGTTCTTCCTTTTCAGACCGGGTCGCCTTGCTGTCGTCGCGGTGATTTTCCTGCTACTGCTACTGCTGCTGCTGCCACCGCCACTACCACTGGGCTCATTTGCCCCGACCCCTTCCCGCCGCCCCGCCCCCAGCCCCACACAAG,31.576180007212848,4.980764743666445
4955,ENST00000448814.5,ENSG00000214413.7,BBIP1,110898730,110919274,89.48691259330592,2119,1502.66,296.959,4.45243,TCGGAAGTTACTGTTGAAGCTAAGGCGGCCATAACTGATAATGGCAAAAGGAGATTCCTGGCTTCCTGTTTCCAGGGTGACGTAGATTTTTTTCCTTCGCCAGTCTCACCGTTACCCGGGGCAACAGCTGAGCCGTCTGGGAAGGGATGCATCTTTTCTTCTGTATGCTTGAGTCAAGAACTCTAAGTCATCTTGGTAATACCGGGTTGG,20.098443455215673,4.329011869605189
4957,ENST00000348367.8,ENSG00000119927.13,GPAM,112149864,112215377,9.676215983286378,6371,5687.4,574.183,2.27457,GCCACTGCAGCTGGCATTGGCCGGGACTGGAAGTGCGGGCTTCTGCAGCAGCCGAAGCTGGAGCTGCTAGGGCAGCAGCGGCTCCCCTGTTGTATGGACATTCTGCACCCGAAACTGATAGCTGAGTCCTGAAGTTTTATGTTATGAAACAGAAGAACTTTCATCCCAGCACATGATTTGGGAATTACACTTTGTGAC,4.254085819863261,2.0888491378219203
4958,ENST00000369405.7,ENSG00000023041.11,ZDHHC6,112395813,112446917,16.633010651877107,2170,1911.54,894.68,10.545,AGAGTCCTGGCGAGGGCGCTGGCCGAGAGGTGCTCGGCTTGTAGCAGGTCCCGCACTCCAGCCTCTCGCTGCCAGGGTTTGCTCTCTGCTTGTCCTGGGCTGAGGTGTCCATGACGGAGTCATCCAAGGAGGAAAAAATCTGTTCCGGGTGAGCCCAGGCCGCCCCGGATATGCGATGGCTGAGGAGCAGACACCAGGGACCACACTGAGGTTGGGTTTCAGACCAAGACACTGGATTCTCCTAGTTAAGATAAAGAGCTTTGGGTGCCTGACAGTGAAAATGGTGTAATCTGCGTTAACAGTTCACAGCTTGAAGGCATGACAATTAAAGAACACACATGGACTTGTGGCACATGGAAATGTGCGCACAGAAAAAGGAAATCTATAATTCTTTTAAAGTAGGAAGGCATTCTTCCTTGCCAAA,1.577336240102144,0.6574902316064295
4959,ENST00000361384.6,ENSG00000198924.7,DCLRE1A,113834725,113854383,8.932024661737993,4468,3606.72,297.916,1.86099,GGACTCTGAGGGCTTTTTGGAGCTCGCTATGCTTAACCTGGAGATGATTAAGGCCCCGCTTCCTGGCCTCCCAGCCTCTAATGCCAAAAGATAAGGGAGAGGCTGGCGTGTGACCCCGTTTTGAGTCAGGTGGACAGAGGGCTGGCCACCTTCGGAACCATGGGTGCAATACGGAGTCAGACCTCAATACAAGCCCACTCTTTCACATATTTGAACTTTTTTCACATATCAACTTTTTTTGTTCACTGTGCAGGGATTGTTCATTGCTGCTGGAGGAAGATCATGGACTGTCGCGGGAAACTGAAGTGGTTGAGTATCCACTAGTCGTGGATGAGGGCAGTGACTTCGCAGTTTTTTGCGAATTACACATCTCTTTGATTATGTTGTGACTAGTTTTGTTAGATAGTCATTTAGTGTTTGGGATACCTGTTAAGCCCTTTGTCCAGGGACTGTGGTTGGATTTATGAATTATTTGGACGGTTGTCCACTTGAAAGAACTGACAGTAGCTTCATAACAATGTTACAAATCTCGTTCTAAGATTAAGCTGTTGAACCTATATTTGCCATTAGCGCTTAATTTTTGAAGTATTATTTTTATGAATCAAGCCCTGGAAAAGGACAAGATATTTGAATGAAATAGCACCCATAATGGAGAACTTCACAGTTGCTACTCCTGTGATAGGTTTATCTTAGTTTCATTGTGGTATAAATGGAATAGCAGGTGTTGTCAGGTACAAGGTTTGTAGCTTGCCAATATGTTCATTACCAACACTGCAGATTCCCATTGAGTTGGTGGGGGTTTTGTTACCTTTGTTTTTTTTCTCAGCAAAATAATTCTATAACTTTTTGTTTGTGACAAGAAATGGACTTTCAGTTTACTTAAGATTAATACTTCTTGAATGATAAAATCATTTTGCC,4.799609165948228,2.2629169313952273
4960,ENST00000369287.7,ENSG00000165813.17,CCDC186,114120862,114174220,21.537474213511157,7245,5415.35,796.347,3.31313,GCTTCAGTGTCGCCGCCATCTTTGTTGATGTGTCAGCTCCGCAGGGGTTTGGGGAAACGGCCGCTGAGTGAGGCGTCGGCTGTGTTTCTCACCGCGGTCTTTTCCTCCCACTCTTGGCTGGTTGGACCCCGCTATGGAAAAGTTGGCCCCTGAGCCAGAGCTCCAGCAGCCTTGTTAGGGCGTGGCCTGAGGCTTGGATAAGTGGGATGTAAAACGAAGATCAGGAGCAGATTTGAAGAATTACAAAGTGAATTGGTGCCAGTCAGC,6.500642659210824,2.7005823512833906
4962,ENST00000392952.7,ENSG00000099204.18,ABLIM1,114431113,114685003,6.188068761939111,6841,6999.25,1164.46,3.74832,AAAGCGAGGAGAGGAGGCGTGAGAGAGCGTGCCTGCCCGCCGCACACGGGGCTGGTTTCCGGAGTGCGTCTCTAGAGGGATGCACGTTGCCTTAGCCGAGCTTCGGAGAGAAGCCTGATATGTAACCCAGGCAGGTGGGAGCCTCAGTCTGTCGGGCTGAGGTCTGGCATCTACAAAGCCTCTTGGCCGTGTTCTGAACTTGAAGCCTGGAGGAGTTCTCTGCTCAGCACAGCCAAGGAACAGAATTAGAAGAAAAGGAACCCTGGCCTGAGGCAGGTGACAAACATTACCACCCCAGCTGTGCACGATGCAGCAGATGCAACCAG,1.6508912691390039,0.723245104721451
4963,ENST00000369209.7,ENSG00000165868.13,HSPA12A,116671192,116850205,7.522257153744237,5722,6065.13,480.085,1.78337,GGCGGCTCAGACACGGCCCGAGCGCCGCCGCGGACGCGGACAGAGACCCGCACGGGCACGGGCGCTGCGCTGGAGGCTCCCCTCGCGGTCCGGGGCTGCGCGACC,4.218001398332504,2.076559573407336
4964,ENST00000355371.8,ENSG00000187164.18,SHTN1,116881482,117005577,31.94432436324271,5361,4682.41,226.631,1.09046,ATTGCGTCCCGCTCTACCTCTGTGGTTCTTTGGGAGCGACCCCCGGGAAGCGTCCAAAGTGGAGTTCCCACACACGCTGCGAACCCACAGCCGGTTTTCTCTGAACTCGCGTCCCTGAGTCCGGGAGGTGGAGGCGGAGAAAAGGGTGCGGAGCGACCCCACGCAGGGCCGCCCCCCCTCCCACCAGCGCGTCCTGCCGCGCCGGCAGCCACAGGCTGGCATAGCGGCTGCCGACCCGCCCTCGTTCCTCCACCCCCTGAACGGGACTGCTGGGCCCGCCCCGCCCCGCCTGCAGGTGAAGCGGCCGCAGCCGCCGAGTAGGTGCGTGGGGATGATCTCACTCGCGCGCTCCGCGCCAGGAGGAGGAGGAGCGGGAGCGGATCCAACTTCCGGGTAGTGGAGCCGCAAGCCACCGGCATCTTGCTTTTTCTTCCCCCTCCTCCTGTGTGCCCCGCGCCGCTCCCTCTTTCCCTTTTATTCCCGGCCCCACCCGCCAAA,29.294356843206273,4.872550870851229
4965,ENST00000334464.6,ENSG00000165650.11,PDZD8,117277274,117375467,19.40390342743649,9699,8591.91,1994.57,5.23024,GGTCCCGGCCCCGCTGCCGCCGCCGCCACACCGGCCCTTCGGGAGCGTCTGAGGAGGCGCGGGCCGCTGCGGGCTCGGGCGCCGCAGCGCGCCGGCCCGAGCCCCTGGACGAGGCCCACGGAGCCGCTCGCCCCGACCCAGCCGCCCGATGTCCTCAAAATGGAGGCAGCGGGGGCGGCGGCGTGAAGAAAGCGGCGCTGTGGGCGCGGGAGTAGGGGCCCGGGCGGAGGCGGTGGCGGG,3.709945132046806,1.8913978503745632
4966,ENST00000369172.8,ENSG00000165669.13,FAM204A,118297930,118342328,60.640490315660855,872,533.611,265.488,11.2094,GCGATGTTGACGGGGTCCTAAGATGGCTGCTGGGCGACCACTTCCTGACAGAAGAAAAG,5.409789133732479,2.435572360845561
4967,ENST00000369151.7,ENSG00000151893.14,CACUL1,118674167,118755249,22.606809621754245,11311,10489.9,1080.21,2.32006,GAGGCCGGGCAGGGGGCGGGGCCGGCGAATGCCCGTCCCGACCCGTCGCGCCTCCCCTGTTAGCTCCCTGCCAGCCGAGGCGGGGCGAACCTCTGCCCTGTTGCGTGGGAGTGACTCACAGCTCCCGCCCCTTTTGGCTCCGCTTTCTCGCGGCCAGTCCCTCGCACCACGTGCCCTCCTGGCCGCGCCCCCAGCTGCCCTTTCCAACTGCCTGTTGGAAGCCGCTGTAAAACGTCGTGAGGAGCGCCGCTGCTTTACGGCTGCCTCTCCCAGACTAGAGCCCCGGAGCGCCCACCGCCGTCAGCCGCGTCTTCAAGCTAGTCGGCCCCGCGGAGAGCGAGAGACCCTGCGCACCGCAGCCCTCTCCGCTGCGCCCATTCCTGCCGCCGGCGATGTAACTCGGGGAGGCAGCGGTGCCCGCTGGCCCGGGGTTGAGACAGGCGGCAGGTGCCTGTGAGGCGGGCGGGTGCCGGGGGCCAGCAGG,9.744062490519317,3.2845233855506115
4968,ENST00000369144.7,ENSG00000107581.12,EIF3A,119033670,119080823,142.17986153188895,6646,6360.46,2395.06,8.48381,GGCCGGCTGGGCGCGGGCGACTGCTGGCGAGGCGCGTGGGACCTTACGCTGGTTCCCCTTCGTCTCCTCTCCCGGCCCGGGCCACTAGAGAGTTCGCTGACGCCGGGTGAGCTGAGCCTGCCGCCAAG,16.7589634293895,4.06686101352328
4969,ENST00000355697.6,ENSG00000183605.16,SFXN4,119140767,119165667,77.61488758970478,1363,1275.62,581.914,10.2778,GCCACTCTAACCAGCGCAAA,7.551702464506488,2.9168019239374257
4970,ENST00000298510.3,ENSG00000165672.6,PRDX3,119167703,119178833,535.9503599182167,1591,1128.42,4260.32,85.0616,CCCTGCGTCTCTGCCCGCCCCGTGGCGCCCGAGTGCACTGAAG,6.300732174309168,2.655519486210776
4971,ENST00000369103.2,ENSG00000148908.14,RGS10,119499828,119542708,48.16739429338507,804,645.26,232.656,8.12348,CCTCGCCTTCCTCCGGCTCAGCCGCCGCGCCGCCGGGCTGCTCCTTCTTCCTCCTCGGGCGCCCGCGGCG,5.929403936906974,2.5678870827661826
4973,ENST00000436547.6,ENSG00000151923.17,TIAL1,119571802,119597029,94.13014759876508,1401,1166.36,392.369,7.5792,ACCCTGCCCTCCCCCTTGTCCCGGGATCGCTCCGTCGCACCCACC,12.419536045857752,3.6345393749801893
4975,ENST00000369077.3,ENSG00000197771.12,MCMBP,119829404,119892556,80.1384203283799,2465,2451.19,905.952,8.32702,CCCGCCATTGTGCGAAGTGAAGGCTAGGGGCCCGTACGCGCCCGCCTGACTGTCGCCAGCAGCTCCTCGGCGGCCCCACCGCAGCCGCCGCTCCCTGAGGCGCGGGAGGCCCGCGCCCCGCGGCTCGCTGTGCGTGGGAGGGCGCGAGCGAACGCGGGCGAGGAGCGGCCGAGCCGCTGAAGAGGAGCTGGGCGCCGGCCGCCCGGCCGCGCTCGGCCCGCGGATCGCCTCCGCCCGGTCTTCGCCGGCCCCGGCCCCTGGCGAG,9.623901507187433,3.266621877777979
4976,ENST00000358487.9,ENSG00000066468.21,FGFR2,121478334,121598458,12.352027336962925,4255,4564.79,298.363,1.4726,CCCAAGGACCACTCTTCTGCGTTTGGAGTTGCTCCCCGCAACCCCGGGCTCGTCGCTTTCTCCATCCCGACCCACGCGGGGCGCGGGGACAACACAGGTCGCGGAGGAGCGTTGCCATTCAAGTGACTGCAGCAGCAGCGGCAGCGCCTCGGTTCCTGAGCCCACCGCAGGCTGAAGGCATTGCGCGTAGTCCATGCCCGTAGAGGAAGTGTGCAGATGGGATTAACGTCCACATGGAGATATGGAAGAGGACCGGGGATTGGTACCGTAACC,8.38790393654959,3.068310338895506
4979,ENST00000369043.7,ENSG00000107669.17,ATE1,121740421,121928801,11.45499393943001,4900,4050.96,190.844,1.06141,CGGGCGGCGCGCTGCATTGTGGGGTGGCGGCGGCGGCCGCGCTAGCGACGCGGGGCCGGGCGGCTGAGCGTTCGCGGGGCCGAGGCC,10.792242337485053,3.43192274405736
4980,ENST00000369023.7,ENSG00000107672.14,NSMCE4A,121957088,121975217,83.70294420981119,1394,1275.21,991.383,17.5155,AGTTTCTGGCGCGAACTTCCGCCGTTCCGAAGTTGCACGGTGAATTGGCGCT,4.778792738420895,2.256646197645781
4981,ENST00000481909.1,ENSG00000119965.12,C10orf88,122930903,122954403,23.89367887851313,2482,2041.82,181.983,2.00806,CGACCTCCTCCCCGCACACTTTGAACGCCGCGCCTGAGGCCAGCTGGCACATGCGCATGCGTGTCTCTGGTGCCTGCTCTCCCCACCAAAGCAAGAAGCGGCGGGTACTTGAAGCGGAGTGAGCCGGAAGTCGCTTTGCCTGCCCATTTCCACGCTGTACCGGCGGAAATTCAAGCACTGGAAGAGAGGTTCCGGGGCTGGGCTGGCCTGACTGAAGGCGGCGGA,11.89888692494902,3.572754718591842
4982,ENST00000368886.9,ENSG00000095574.11,IKZF5,122990806,123008817,56.41943989271739,4555,3429.89,492.132,3.23268,GGGCGGGAAGGGAGTCGGAGACACAACAAAGATGGCGGCGGCGACTGTGACGGTGACGAAGACGGCGGCGGCGGCGACGGCATTTAACAAGGCGGTGTGGTTTACTCCATGCAGTTGTCAGGAGACCTCTGTATGGCTTTTCAATTTTAGTTGAAATTCTCTCTCCATGGCCTTTTGGAGTCCCTTGCTGTATCTCCGAAGTAAATTTCAATTACTCTACATTTCATCAATGTTGGAGTGGCAAGAAAAAGGAGGAACAGATTTGGGGTGAAAAGTTTTGTTTTCTAGGTCTAACAAACTGTAAATGTTAAAAAAGCAAAG,17.452837859830662,4.1253897349570945
4985,ENST00000435907.5,ENSG00000182022.17,CHST15,124007666,124093607,7.044156106895288,4820,5517.62,404.26,1.65071,GTCACTCCCAAACTTTTCCTCCCAGCGCTCGGGGAGTCAGGTTGACGCGCCCTGGATGCGGGGCTAGAGGCTCGGGGCTGGGCGCGCTCCCGCGGAGCCGGAGCCGCAGAGGCTCCCGGGCTGGACTCAGGCTTCTCAGGAAATCTGGCATTTTTTAAAGTTTGCGCCCCACAAAGAGGAAATATTCCAAAGGTACTCAGGATGTAAAAGGGGAGATCTTCACAGATGCCTCCGTGGATGGCATGGCAATCCATCCATCAATGAGAAGACCATGATTTCTTTTAATTTTCTGTGTGTTTCCACATTCCCCAGTGAGAATTCTTCCACCTTTTTTTGTGCCATGGGAAAAACCTGAAGGGCAGGCAGAGCTGCTCCCGAACTTGTGACCTTCTCTGAGGTTGCAGCGGCTCTTGTAGAACATGACTCTGGGACATCACTTCCTTTTGTTTTCTTTCGGAGCTGAACCAAAGAATGTGCACCCTCTTTCTCTAGTGCTGTGGTGTCTGCTTATTTTTGTATTTGTGCTTTCCATCCATCTTCTGTGATCACAAGGCATTCTTAAGGTTTTCTAGCACGACTTGCGGACATCCAGACTCGTGGGGGGCCCACCCATGGCTCGGTAAGCCAGCAGCCCAGGGCACTGGCACTACC,4.267349266009952,2.0933401943729724
4987,ENST00000368845.5,ENSG00000065154.11,OAT,124397303,124418976,496.1466220906135,2048,1750.47,2866.42,36.8934,CTCCGGCGTCACTGTTGCGCTTCATAGACGCCGCGTGTACCCGGTTGTCCTCAGGCGCTGTCAGATCTGTGGTTTTTCTACTTGAAGGACACA,13.44811326932767,3.7493318760024805
4988,ENST00000337318.7,ENSG00000189319.13,FAM53B,124617080,124791870,5.566666264203168,5431,8534.77,499.49,1.31855,GGCGCGGGGTCCGCGCCCGGAGCGCCCCGCCGCGCACAGGAGTTGACCACATTTGGCCATTTCCCAGAAGGGCCCCACCCCAAGGGTGAGTGGCCAATGGGGAGCTGTTTCTGCTGACATCAATTCCCCAGGAGGTACTCACCCCAAGTCTGCCCAAGTGAAGATGGCTGATACCCACCCTGGGATGGAGCCCAGCGCCTGAGGCCCTTATC,4.221809005500867,2.0778613126856595
4989,ENST00000368836.6,ENSG00000203791.14,METTL10,124617080,124791870,8.675367558172631,1462,986.52,95.9509,2.19132,ATGGCGGCCCCAACGGCCGTCCAGGACGTGGAGCGAA,3.9589688216110064,1.9851247056392134
4991,ENST00000337195.9,ENSG00000175029.16,CTBP2,124984317,125161170,25.42257715556783,6939,6718.82,1354.89,4.54333,GGGAGCGGCCCGGAGGAGCCGGCGGCGGCCCGAGGAGCGAGGGACCGAACCGGGAGCCATGCCGCGCTGAGGGGGGGCCGCACAGCCGCCGCCACCGCCACCGCCGCCGGGTGGGGTGGGAGGGGCGGGAGACGCCGCCGCCGCCGCCTCCAGGGTGGGCGCCTTTCGCCGTGGACGCCGACCGTCCGGGACGAGGGTTTCATCACCTTAAATGGTTTTGAACCAATGAAGGTGTATTCCCTTAAAAAGACGGACAGCCCATCGTGTGAACTATAGAGTTTGTGGACAGATTTATATTGGGTTCATAGTGGCGTCATGCACGCAGACTCCTGCAAGTTCCCCTAAGTTCTTAGAGGACTGCTTTGCCTTTTGATCTGAGAGTTGCAAAGTTCCATAAAGA,5.5955823494150385,2.4842882847124814
4992,ENST00000368797.8,ENSG00000188690.12,UROS,125784980,125823248,10.643472379146518,1313,1341.43,307.171,5.15912,CCCACGCGACCCCAGTCTGAGGTGCGGGGTCCTGGGGCCCGGCGCGGGTGGCCGCCGCGGCCCCTCGGGCTGCGTGGGGAGGGGGCTTCCGCCCCTGTTGTCATTGCTCCTGCAGCCTTTTCGCTGGGACTGCGCGACACCGCCCCCCGACCGGGTGCCCGCTGTGTGCCAGGCCGGGTGCTGGGCACGGTCCCGCGAGTGCCCTATAAGGACTGCCAGGCAATA,2.0630402818981763,1.0447719908450352
4993,ENST00000284690.3,ENSG00000089876.11,DHX32,125836337,125896436,15.759061876982477,3070,2690.14,703.739,5.89384,AGGCAGAGAGCACGAGGCCCAGTGCAGAATCATTTTCTGAACCAGCCAGGAAATACCGGAACCCACCAAACTTTAAACACCAGCCTAAATTATTCCTGTTCTTTTAAGCAGGCAGCAGAAATGACAGAAACCCGTTAACAGAAAAAAAAAAAATAATGCTTTTCATTTGAACTCCTGTGCATTTTCTTTTTAACTTATATGTGTTCCTAATTTTCCTTACTCTTTTTGTTTGTTTGTTTCTTAGTGTGGTTTATTGACAATCATTTACAATGCCGAAGAGTGCTGTAGTGAGCCAGCACAGTGGGTAACACAGCAACGGAGAACAGATGCAGGTTTGAGGAATTTAACTTGCTAAAACCTTGAACTGAAGTCTTAGAGATTGGAACATACGGGTTTGTATAAATAGGCTTTTAAGCCCTGTTTGCAATGGGTTACTGATAGGAGAAACTTGCTTGTGGAATGTCAGCTGCGTGAGCTCACTGTCAGACAAG,2.6738190851774863,1.4189018537083535
4994,ENST00000368653.7,ENSG00000148773.13,MKI67,128096659,128126385,24.68630034358631,11417,13559.9,14595.9,24.2513,TACCGGGCGGAGGTGAGCGCGGCGCCGGCTCCTCCTGCGGCGGACTTTGGGTGCGACTTGACGAGCGGTGGTTCGACAAGTGGCCTTGCGGGCCGGATCGTCCCAGTGGAAGAGTTGTAAATTTGCTTCTGGCCTTCCCCTACGGATTATACCTGGCCTTCCCCTACGGATTATACTCAACTTACTGTTTAGAAA,1.0179371969167141,0.025648555036618816
4996,ENST00000368648.7,ENSG00000108001.13,EBF3,129835283,129963841,1.1278656982914212,4375,4001.0,275.727,1.55265,CCGCCAAGCCCCGAGCGCCGCTGCTCGAGGAAACGCTTTCGGCCGGGAGCTGCGGCCGCCGCCAGCAGTTTTC,0.7264133567071916,-0.4611373648933507
4997,ENST00000456004.1,ENSG00000165752.16,STK32C,132207492,132331847,26.49210308147124,607,553.116,58.0379,2.36405,GCGCCCGCGGCCTTGAAGGGGTGGTGGTCGACGGGCAAGTAGAGACCGCGAGGGTCTGGAGGGGCGACCGGCCTGGCACAGAGGGGAAGGAAGAGAGCGGG,11.206236366181441,3.4862299227592044
4999,ENST00000368547.3,ENSG00000127884.4,ECHS1,133362480,133373689,288.6187753191362,1617,1936.84,1604.0,18.6584,CGGCGCAGAGCCCGGCAGGCGCCGCCGTTGCCTCCGCCTCCGCGCGGTCTCCCCGGGGCCAGCTGGGACCCCGAGGGCTGGGGCGGGGGCGGGGGCGCGGGCGACTGCGGCGGGGCCTGGAGGGCGCTGGTCCCAGCCCAGGGCGGGGTCCCGGGGACGCCCCTCGGCCTTAGATCCGCGAGCGGCAGCTCGGGCCTGGGGGCGGGGCCTGGCGGAGAGCGACCCGCTCACTCTGCCCGGGCTGATCTCGCGAGGGCCGCCTGGTCTCGCGGCGCTGGCCTGTGGGCGGAGCGAGCCCTGAAAGGCTATAGGCGAGGGGGCGGCTCCGCGGGGCCGGGCGAGGAGTCCAGAGAGCC,15.468570473306189,3.951267971288663
5002,ENST00000526104.5,ENSG00000177963.13,RIC8A,207511,215113,35.637863083851386,3703,5336.83,1343.47,5.67161,GGGTGGGGAACTGCCGGGCGCGGAAGCGATGGGCATATCTGTGGCTTATTTTCAGCACTGTCGCGCAGACAGTGGCGCGATCTCAGCTCACTGCAGCCCCCGCCTGCCGGGCTCCCAAGGTGCTGGGATTACAGCAGCACCGCGGATGTGACGTTTGGTGTTCCTGTGAACGTGGGGCGGGGCGGGGCCGTTTGCTTGCTCAGTGCCTAGACGATGGTGGTGGAAAGACGCTTCTGTGGGTTAGGTCCTAACGGTTAGGAAGGATTCACAGGCGGGTCATGAGGAAGGAGCAGACCCCTCGGGCAGAAGCCCGCGAGGAGCACTGGGTGTGGTGGGGGCAGGGGTGCCTCCTCTGTCAAGTGGAGATCGGCGCCTCGCTCGTGCCTGCGAGTGCGCGCCGCGTCGAATACAGCCGTACAGAACGCACTACAGGAAAGTGAAGCCGGGAGAGAGACTGGGAGGCGGCGCGGGGACTGGGGGCCGTAGACGCCTTTGCTCCCGGGCACTTGTTAGAAGAGCGAGTGGATCGCGCTTCCTGTGCGTCACTGAATCCTCATGACGGCCACTGAAACGGACACGCAGGATCTTTGCTTTTCAAGAGGGAACTGAGTCCAGGCCAGACTGGGTTGCTCCCCTTTCTCTCGGCCCCTCCACCTTTGCAAGTGCTGCTCCTTCTGCCTGGAGTGGCTCCTCCAGTCTTTTCCCGGCTCACTTCCCACCGTCCGGTGTCAGCAAAAACAGCACTTCCTCACAGCCCGTTGCAGCCCAGCAGTCGCCTTTTGCTTCTTTTGAAGCACAGCCCTGTGACCGCCTCGTGTCCTTTTGTTTTTCCTTGTCCCCCTTCCCCTCTGGAACATAAGCTCCACAAAGGCAGGGACCTGGGAATCCCGTTCGCCTGCATTCCCCAGCAAACGCCTAACGAACCCAATGGCCCAGGACTGAAAATTCCTTTCCACTTCGGCTTTCCCCTCTACATCCCATCGGTTCTGTGGAGCTCGAGGGGCGTCACTGTGTGTGTGGCAGGGCACGGTGGGGGCTGAGATCGTTTCCTGTTGGAACTTCTGGCCCAAGAAGCGCGGGTCACAAGGAGAGGGGTCAGTTCGGTTCAGAGCGACTCAGCCCCTCGACTCGGGTCTTAAAACCTCCGAGCCGCCAGTTCTGCCTCAGGCCGCGCCCCCTTAAAGCGCCACCAGACGCTGCGCCCCGTTAAAGCGCCACCAGACGCCGCGCCCCGTCCCGGCCTCCCCCGCGCGCTGGCGCGGGGCTTTCTGGGCCAGGGCGGGGCCGGCGAACTGCGGCCCGGAACGGCTGAGGAAGGGCCCGTCCCGCCTTCCCCGGCGCGCC,6.283553185753496,2.651580596352039
5004,ENST00000616316.1,ENSG00000185201.16,IFITM2,307631,315272,17.902572976492575,892,1050.43,52.9243,1.13514,AGTCTCCAGGACCCCACACCACTAACAAGATGAGACTTGTGCTCCTTTGGGCTCTAGAGAGGAAGCCCCTCTTAGCCCTCAGCCCCTCTTTCCTCCCTCTCCTAAAGTAATTTGATCCTCAGGAATTTGTTCTGCCCTTATCTGGCCCTGGCCAGCTCTGCATTTGACAAATGCCAGGAAGAGGAAACTGTTGAGAAAACGGAACTACTGGGGAAAGGGAGGGCTCACTGAGAACCATCCCGGTAACCCGATCACCGCTGGTCACC,15.771246697757611,3.979224802801567
5005,ENST00000328221.5,ENSG00000185885.15,IFITM1,307631,315272,20.54356054198476,844,924.164,91.7598,2.237,CGTTCCTGGGCCTGGAGGGCTGCTTTGGGGCAGGAAACTTTGGCCACCAGGCCTCTGACCTGCACCAGGAGACACTGGGAGGTTTAGTCCCCAAACCCGCACAGAGCAGGACTGCAGCCTGAGGAAAGAGCAAGGATTTCAGGAGAGAGGCCTGCGACAAGTGAGCAGGAAATAGAAACTTAAGAGAAATACACACTTCTGAGAAACTGAAACGACAGGGGAAAGGAGGTCTCACTGAGCACCGTCCCAGCATCCGGACACCACAGCGGCCCTTCGCTCCACGCAGAAAACCACACTTCTCAAACCTTCACTCAACACTTCCTTCCCCAAAGCCAGAAG,9.183531757704408,3.199049084951406
5006,ENST00000308020.5,ENSG00000174915.11,PTDSS2,448268,491399,19.08690553332414,2445,3460.66,457.427,2.978,CAATGCACCGCACACCCTTTACTGGCCGGCCCCGCGCTGCTCTCCTAAGACCCCGCGGGCCAGCGCCGCGACCCCTTCCCAGCGCTCCTCGCGCTGTGTGCGGCGCGTCCTCTCGCCGGTGACCCGGTGTGCGTGGGGTCGAGGCGCCGGGCGGAGTGGCTCCGGGCCGAAACGCC,6.409303402728051,2.680167565573983
5007,ENST00000264555.9,ENSG00000070047.11,PHRF1,576486,612222,8.310035286640806,5523,8681.29,637.501,1.65447,GAGCGCACGGCGGCGGCAGAGGCGGCGGCGGCCGGGCCTAGGAGCGACTCTCGGTCGTGCAGCGGCGGCGAGCGCTCGCGAGCGGCTGCGGGACGCGAGGTTTCCGGAGCTGAGCTCAATGTGCAGCA,5.022777860366647,2.328485471140708
5008,ENST00000319006.7,ENSG00000177156.10,TALDO1,747329,765024,389.426618895956,1346,1507.79,1493.93,22.3229,CCCGGGGGCGGGGCTTCGTCCAGGCGCGCAGGGACCAGCGGGCCTCGCCCTCCCGCGCCGCTTTCCGATTGGCAGCCGCCCGCGGGGCATTGTGGGCCGTCCGCGCGCCCGTCCCGTCGCCGCCGCCGCCGCCGCAGACCCCTCGGTCTTGCT,17.445162541424097,4.124755134472618
5009,ENST00000321153.8,ENSG00000177600.8,RPLP2,809647,812880,1853.7812624613405,781,836.37,5406.43,145.638,GGCATGCTGGGGGTGCTAGGTACCGAAGGCAGATGCCGTCCCTTTGGACTCGCTTCGTCCAACGCCCCCACGAGTTTCGGTGGCCCTTCGCCCCACGCTATAAGAGCAGTCACTTCCGGAACTGCTGCCCTTCGCCTTTGCCGCGAAAAGTGCCTGACGGGGGCTGGGAAGGGGGAGGGGGAAGGAGTCAACGACTCCCTCCCCGTCGTCATTGGCTGAGCGCCTCGTGACGTCACTCTGAGGCGCCTCATGCGGCGCCGCGCACGGGTCCCAGAGCCTTCTGGGTAGCGGTTTAACCCCGCCTCTTGCGTCGGCGCCTTCCTTTTCCTCCCTGTCGCCACCGAGGTCGCACGCGTGAGACTTCTCCGCCGCCTCCGCCGCAGACGCCGCCGCG,12.728692116489793,3.6700122836482363
5010,ENST00000336615.8,ENSG00000177666.16,PNPLA2,818902,825573,64.92100265299582,2428,3517.05,1309.5,8.38857,GCGGCCCCAGTCAGACGCAGGCAGCCCCAAAGCCTGAACAGGCAGGGCCAGACCCAGCTTCTTCGCCTCCGCCAGCGGGGACCCCGAGCTAGAGCCGCAGCGGGACCTGCCCGGCCCCCGGCTCCAGCGAGCGAGCGGCGAGCAGGCGGCTCACAGAGGCCTGGCCGCCCACGGAACCCGGGGCCCGGCGGCCGCCGCCGCG,7.739221661498423,2.9521884808968033
5011,ENST00000448903.6,ENSG00000183020.13,AP2A2,924894,1012245,29.39340611040569,4575,6242.66,312.988,1.12959,CTGGGACCCTGAGGCGGCCGTGGTTAGGCGGCTCCCCGGCGGCTCCTCCGCGGCGGTGACGGCGACCGCACTCCCCGCTTCCCGCTCCCCGCGCTCCTCCGCCCGGGTCCGCCAGCCGAGGCCGCTCCCGAGCGTCGGAAG,26.021305173032417,4.701621421256591
5012,ENST00000397298.7,ENSG00000214026.10,MRPL23,1947278,1984522,336.78877935476686,736,817.688,773.933,21.3245,GGGGGCGCTGTGCCAGGCGGCGGCCGTGCGGGGCGGGCGCGCTGCTCCTTCCGCCTCGCGGACCCCGGAAGCGCGCGTGGCCGCC,15.793513533952348,3.9812602536807975
5013,ENST00000263645.9,ENSG00000110651.11,CD81,2376177,2397419,697.943656122445,1520,1911.34,1386.2,16.3399,AGCGAGGCGCGCGCCCGGCCAGAGAGCGAGCGCGCAACGGCGGCGACGGCGGCGACCCCACCGCGCATCCTGCCAGGCCTCCGGCGCCCAGCGCCCCACGCGCCCCCGCGCCCCCGCGCCCCCGCGCCCCTTTCTTCGCGCCCCCGCCCCTCGGCCCGCCAGGCCCCCTTGCCGGCCACCCGCCAGGCCCCGCGCCGGCCCGCCCGCCGCCCAGGACCGGCCCGCGCCCCGCAGGCCGCCCGCCGCCCGCGCCGCC,42.7140714522393,5.416639515321204
5014,ENST00000333256.10,ENSG00000184281.14,TSSC4,2400488,2403878,31.78994319490247,1686,2567.46,115.779,1.01598,ATGCCGTCGTTTCCGGGGCTGCTTCCGAGCCGGACCCAAGGGCCGGGGCGTGGAGGAGTAGAGGGGCGAGCGCATGCGCACAGGACTACACGTCCCGACAGGCGTCGGGAGCGGCGGCCCAGTTCCTTGTGGGAGCTGTAGTTCTGCAGGCGCGGAAGCCGTGGTGCTCGGCCGGCAGAGCACTCGGTTTCCCAGAGGGCTGAGCGCGCCGCACGGAGGTGCGGCGCCGACCAAGATGGAGACTGCCGAGCAGCCTTGAGCCGTTGAGCAGCTGAACAGAGGCCATGCCGGGGCACTCCGAGGCCTGAGACGACCACGCCTGTGCCGCTGAGGACCTTCATCAGGGCTCCGTCCACTTGGCCCGCTTGGCTGTCCAATCACACTCCAGTGTCAACCACTGGCACCCAGCAGCCAAGAGAGGTGTGGCGTGGCCCTGGGGACGC,31.289930111717226,4.967626531107886
5016,ENST00000300737.8,ENSG00000167323.10,STIM1,3854527,4093210,13.70549439497312,4038,5671.57,478.68,1.90153,GCTGGACCTGGGCACCGCCAGCCGCCTGGGCACGGGACTGGGCGGGGGCGCTGACCTCGGCCTAGGAGGCCCAGGATCCCGGAGACGCCCGCGCCCTCAGGACCCTGCGGGTCGCACGCCCTCCCCAGCTTCTGCTGCTCGCCGCTCTTCGGCAGGGCGAGGTCAGGTGCCCCCTTCTCGCCTCTCTTCTCTTCTCTTCTCTTCCTCCTCCACTTCTGTGCCCGCGGAGACTCCGGCCGCCCCCTTCCGCAGGGGTGTAGTAATCTGCGGAGCTGACAGCAGCCCCGCAGCCACCCTGCCCGAAGTCTCCGGAAGCGGCACGAGCTCAGGCCGCCGCAGCCCCGGCGGACCCACTGTTGGACCTGAGGAGCCAGCCCTCCTCCCGCACCCAAACTTGGAGCACTTGACCTTTGGCTGTTGGAGGGGGCAGGCTCGCGGGTGGCTGGACAGCTGCGGAGCCGCGAGGGCATCTTGCCTGGAGACCGTCGGCTGCACTCCCGGGCTCCTGGCTTTGCCTCTGGGATCCCGAGGTGTCCACATCAGACGCATGTTGACTGAGACCTAGAGTC,7.2076140765452665,2.849521765763016
5017,ENST00000300738.9,ENSG00000167325.14,RRM1,4094707,4138876,196.716502808784,3076,2646.06,4378.5,37.2809,GTCACGGGTGGCGGGCGCGGGAAGGGGATTTGGATTGTTGCGCCTCTGCTCTGAAGAAAGTGCTGTCTGGCTCCAACTCCAGTTCTTTCCCCTGAGCAGCGCCTGGAACCTAACCCTTCCCACTCTGTCACCTTCTCGATCCCGCCGGCGCTTTAGAGCCGCAGTCCAGTCTTGGATCCTTCAGAGCCTCAGCCACTAGCTGCG,5.276602839759341,2.3996093986015783
5018,ENST00000254616.10,ENSG00000132286.11,TIMM10B,6481447,6484679,56.49467797299855,2840,2948.79,673.079,5.14262,GAGAGGTTACTTCCGGGGCGGCACCGAGAAGCTGAAACGGAAGTGGCGTACGGCATGCGCCGGTGGCGTG,10.98558282995799,3.4575395075328963
5019,ENST00000299421.8,ENSG00000166333.13,ILK,6603708,6610874,34.390668967806164,1802,2017.43,399.294,4.45919,AAGAGCGCCACGGGCGGGGCGGGGCCGGCGGCGGGCTGCGGGCGCGGCCGGACGGGAGTTCCCCGGAGAAGGATCCTGCAGCCCGAGTCCCGAGGATAAAGCTTGGGGTTCATCCTCCTTCCCTGGATCACTCCACAGTCCTCAGGCTTCCCCAATCCAGGGGACTCGGCGCCGGGACGCTGCT,7.712312991329403,2.9471636021223255
5021,ENST00000318881.10,ENSG00000170743.16,SYT9,7238778,7469042,10.872568782009678,3955,4435.28,412.034,2.09302,CGGAGGGACCGGGCGGGAGAGAGAGAAAGCCTGACCGACCGGCTGGCGAAGAGCTGCATGCAACCGGTGGGAGGCCGGGCCGGCTGGGTCTGGGGCTCGGGCTCAGGCTCGCACCGTTTCTCGGCAGGTCCCTGGCGGTGAGCGCGGACGGCCCGGAGGCGGCGGCTCTGAGCTGGCAGGCGGAGGGCTGTCTCCTGCGCCCGCCTGCCCGGCGCGGTCCGAGGATGCGGGGGGGCG,5.1946798320176955,2.377034833057397
5023,ENST00000533626.5,ENSG00000175390.12,EIF3F,7970251,8001862,76.28497466588622,7540,6989.82,431.093,1.38953,AAATCGCTTCTGGGTGCAGCCACAGGAGTGGGGTTGTTGGTCCAGGTGGAGCCATGGTTGAGGGAAAAACTAAAACATGACAGAGTTTATTCATCAATGGGAACTTTTATATACTGTTAGAAGGCATGTAAATTGGAACAGCCTCTTTGGAAAACAAGTCTGCATTATCTTCCTCGAGCTTCTGGGCTCAAACGATCCTTCCGCCTCGGTCTCCCGAAGTGCTGAGATTACAGGCGTGAGCCACCGCGCCTGGCCTTAAAATCCTTTTTAAAGGCACTTTGACATCCATTATCTCATTTAAGTCTAAAACACGAATTTCGACCTCCGCGCTGCTTTCTGGTTCCACCTGGCGGCAGCTGCACAAAGTGTTTCTCTTCGAACGCCGTCCCAAGTTTTACCCGGAACTACTTAGCCCAGGGTTTCCTGAGTGCTCCTCGGGCCAAAAGCAGAGCGCACAAATTCCAGAAGAAATTACCAACGGCGGGACTATTTCAGTGCTCCGAGAAGTATCACCAGTAACCAATCAGCAAAAAGCTCTAGCTCACGTGGTGTATATTCAGCCTATCAAGCTCCTGATATTCATGAATGCTGTCATTTCCGCTTCCGCCTCCTTCTTTCTCGACAAG,54.89983999329718,5.778730039359857
5024,ENST00000305253.8,ENSG00000166402.8,TUB,8019244,8106112,5.129174443174993,6420,7825.55,843.168,2.42751,CTTGAGGATTCAGTCTGGTCCTGAAGGGTTTGGGGGGAGACTGCGACCAGAAGATGTTTCCATGTCCTAATTAATGGGTGATGGTGGTTGTTAGTCTGACTGTTGCCACGGTGATGAAGGGAGACATCCAAGTGCTGGTTTCAGTACTGAGGCGAATACAGGGAATTTCAACAGGCTCCAGGTCTTACTATGCAGCCTGAAGTGGGACCATCCCTTAAACCCACTCCATCCTGTGGCCACG,2.1129364835469238,1.07924939943132
5026,ENST00000532359.5,ENSG00000166441.12,RPL27A,8682411,8714759,62.05854129640816,406,224.686,469.796,47.108,CTTTTTCGTCTGGGCTGCCAAC,1.3173673536640944,0.39765770353599494
5027,ENST00000379719.7,ENSG00000205339.9,IPO7,9384622,9448126,75.46479430761622,6191,5182.21,6493.81,28.2323,GTTCTATCCGGGGCCTTGGCGCTTCTCTTTCCTTTCGCGCCGGTTGCCGCTGCGGAGCGCGGCGGGTCCATGTGCGCAGTGAGTGGCGCTATTCCTGGCCCAGTAGCACCCGAGCCCCGGGTTTGACCGAGTCCGCGCTGCG,2.672994913897069,1.4184570924622266
5028,ENST00000396602.6,ENSG00000166478.9,ZNF143,9460319,9528524,11.943663046923565,2947,2658.76,305.16,2.58589,GGGCGGGCCTCAGACACACTATGCGGGTTGCGGGGCCTGGGGGCCGGACGGCTGTTTCCTGTCCTGGTGCATGGTGGTCGGACGAAGGAATTGTTGGAAAATTTTCTCGGAGGTAGAAG,4.6187823329389746,2.207512558616287
5030,ENST00000318950.10,ENSG00000133789.14,SWAP70,9664077,9752991,12.686468862307557,4882,4339.39,418.762,2.1742,AGGTGACTGCGCGGCGGGCTGTGGCTGCGGAGGTTGAGGGGCGTCCGAGGCGCGGAGGGGCTGGCTGGGCAGGAGGGGTTGGCGGGGCAGCAGGGCCGCGGCC,5.835005455941292,2.544734004905334
5031,ENST00000278175.9,ENSG00000148926.9,ADM,10304680,10307397,37.37661297619398,1885,2326.65,114.216,1.10601,ATCCGCGCTGTCCCTTCCGCGGGCTCTTGCTGTTCTTCGCCAGGAGGCTTTGCACTCCGGGCCGCATGGGTCCTGGATAAGGACCTCAAGAGGTTGTAGTGGCGCCCCTTCGCTCCGGCGTACTGTCTGAACCCTGTGCCCAAAGAGGGCTGTGGCAGTTCCTGCACCAACCGCCTGGAGCCCATACCTAAGCCCTCTGGGCACGAGGGACCTCCTCTCCCCCGCTCCCCCCTCCCCCCATCCCAACTCCAGCCCCAAAGGAAGCAATGCGCGCGTCCGAGAGCAGGAGCGCGCGTGGCTGAGGAAAGAAAGGGAAGGCAACCGGGCAGCCCAGGCCCCGCCCCGCCGCTCCCCCACCCGTGCGCTTATAAAGCACAGGAACCAGAGCTGGCCACTCAGTGGTTTCTTGGTGACACTGGATAGAACAGCTCAAGCCTTGCCACTTCGGGCTTCTCACTGCAGCTGGGCTTGGACTTCGGAGTTTTGCCATTGCCAGTGGGACGTCTGAGACTTTCTCCTTCAAGTACTTGGCAGATCACTCTCTTAGCAGGGTCTGCGCTTCGCAGCCGGG,33.79410039348106,5.078699504828017
5032,ENST00000361367.6,ENSG00000198730.7,CTR9,10750987,10779743,32.52947358523987,4586,4172.14,1534.05,8.28407,ACCAAGCGGCTACGCCTTCCAAGTTTTCATTCGGGGCCGCGCCAGCGCTGAGGAGAGTCAGACGCCAGATGGTTCCGAAGGTCCTGCAGGCTCTCGGGGCACCCTACAGCCGACACGCCAACAAAAGCTTCGGAGCCGCCAACCCCAAAACGGAAACACCGGAGCCACAAGCTGAGCTCGCGTAGGGCACGCTCCCCCGGGAGTGCTTCCGGGACAGGGGGCGGGGTCGCCGGAAGTGGCCGTCCGCCGTCCGCTGCTCGTTGTTTAAGCGGCTGACGGGAAGGAGAAGCCAGAGCTCCAGCGGCGCCGCGGGGCGGCAGTCAAGACCAGAGCCGGAGCCGTCACTCACCTCTGGATTAGCCTGAAGCGGAGACTACCGGCTGCGGAGCGGCGGGGCGAGACACTTGCTCGCCTTTTGACCCCATC,3.926750206751014,1.973335826437302
5033,ENST00000527733.5,ENSG00000170242.17,USP47,11841423,11959323,9.894295429691317,4525,3702.11,492.587,2.99775,GAAGGCGGCTGTGGTAGCGGCGGCGGCGGCGGCGGAGCCCTGGGTCGGTGTCTGCGCGCTGGTGTCTGAGGCCCAGGCTGAGGCCTCCGCTATTGCTGGAGCGCAGGCGGCGGAGAGGATGACTGCCGCTGCCATTCTCTCTTGAGCTAGCGAGCCGCCGCCACCCTCCACCCTCCCCCGGCAGGGCGGAGAGGAGCGGCCGGAGTCAGCG,3.300573906994018,1.7227169034970529
5035,ENST00000334956.12,ENSG00000197702.11,PARVA,12377185,12530801,12.28673048529703,4458,4422.7,291.89,1.48694,ACAGGCAGTAGTGCTGGGGCAGAGCGAGCTCACCAGCCGCCGGCTGGAAGACCCCGGGAGAGTAGCAGGGTTGGGTTGGTTCTCAGATGTGTTTTGCGCCAGGCTGTGTGGTGGGGACAGAGCCTGGGTAAATGAAGCTTTCCGGCTCGACCGCTCCCAACCTGGGCACACACGTCCTCCTGTCCTGCAAGGGGCAGTTTTGGGGCATCCTCCCTGCTTGGGGCAACCCAGGGGCGCAAGGCGCGGCCCCGGGAGCGCAGCTCCTTCCAGGGCAGAGGGCGGCGCGAGGGAGGGAGCGAGGGAGGGAGCGAGGGAAGGGAAAGGCGAGCGTGAGCTGCCTCAA,8.263097694121505,3.0466827247635444
5036,ENST00000527636.5,ENSG00000187079.15,TEAD1,12674591,12944483,9.836062639706356,2544,2498.64,129.069,1.16381,GGCCGCGTCCAGGCACAGGCCATGCAGTGACGCCCCCCCACCCCTCCACCTTTGCCCGGAGCGCGGGCAGCAGCCCAGCGCGCCAGCCGGCCCCGGGGCAGGAGCGGTGCTAGGCAGGGGTGGGGTGGCCGGGCCCAGGGACCGGGAGCCGGGGAGGGAGCCGGGCACCGAGCAGAGGGCGGGGGAAGCGGCGCCGAAGTTTGCCTCGGACTCGCCGGGCGCTGCGGTGGCTCCCTGGGCCGAGGACTGTTGCTGCCGCTGCCGCCGCCGCTTCATTGCACATTCAAGTGGAAAATTTTCAGGAGTCAGCAGAAACATTGTGTCCAAAAAAGACTGAGTCGCAGTTACCACCAAACCCAGGAGGAGACTCTCCCTGGAAAACTTCCCTTCCCTTTCGGTTTATTTTCTTGAAAAGGCTCCAGGCTTCGGCTTGGAAAATCCCACCGCCAAA,8.45160519303525,3.0792253750161427
5037,ENST00000354817.7,ENSG00000197601.12,FAR1,13668670,13732346,66.77940036756151,5264,3724.3,1061.15,6.4194,CACTGCCCGTCCGCTCTTCAGCAGCCGGTCGCGGGCGGTGGAAAAGCGAGTGAAGAGAGCGCGACGGCGGCGGCGGCGGCGGCGCAGCTATTGCTGGACGGCCAGTGGGAGAGCGAGGCCTGAGCCTCTGCGTCTAGGATCAAA,10.402747977624312,3.3788927742169
5038,ENST00000576479.3,ENSG00000262655.3,SPON1,13962689,14267884,24.58778792417381,4837,5288.02,551.837,2.35115,GCGCTGCTCTCGTTCGCTTGGCTCAGCTCAGCTCAGCTCAGCGCAGCTCCGCGGCCGCCAAGCCGAGGCGGGCACGGTCTCCGAGTCGCGGACGCCAGCTCCGAGCTCCCTCTCTCCGCCGCGCCTCCGCCAGGTCGCGCCTTCGTCGGGACCACTTCGGGCAGGAGTCGCGTGGCGAAGGCCTGCGGCCGCGGCACAAAGTTGGGGGCCGCGAAG,10.457770845830257,3.3865034577152224
5039,ENST00000282096.8,ENSG00000152270.8,PDE3B,14643723,14872044,8.315422927210975,6076,5494.98,629.567,2.5813,GCTCGCGCGCCCAACGGACCAGGCTGGGGCCGTGAGGTAACTGTTGCAGCCAGCGGAGGTGGGAGGCGACACTGAGTCTCCAGTCCCGAGAGGTGCCCGAGGGAAAAGGAGGCGGCAGCTAAACTGGTCCTGGAGAGAAGCCCCTTCCGCCCCTCTCCTCAGCCAGCATGTCCCGGACTCCGCCGCTCCTCAGTCCGCGCGGTGGGGACCCCGGGCCGTGGCGGCCGGCGCAGCCCTGACGGGTTGCGAACCAGGGGGCGCCCCGAACGCGGGGGTTGGGGTCTGGGAGCGCGAGCGGCCGCTACGGTACGAGCGGGGTGTGCTGAGTCCCGTGGCCACCCCCGGCCCCAGCC,3.22140895177274,1.6876918197532276
5040,ENST00000228136.8,ENSG00000110696.9,C11orf58,16613132,16756881,335.12574467865056,2049,1596.35,1484.53,20.9518,ACAAAGCTCTCGGCCAACGCTCACCGCCATACACATCCGCGGGAACGCTTCCTCCACCAGCCGAAGGCGGGGCCTCTGAGGGCACTCCCGCCACACAGCGCGAATTGAGCCTCGGGGCTTCCTGGGAATTGTAGTTTTAGTCACGGACACATCTTTTTTATTCGGGCCAGTATGCAATGAATCAGAAAACTACAACTCCCAAAGTGCCCCGGGGCGGCGAGGGGCCGCAACGGTGACGACTGTGGCAGAGAAGGCCCGGAGGGGCTCTGCGTTCTGTAGTGGCGCTGCTTGGGCCCTTGGCGGATTGTAAGCTGCTGGTTTTGCGGCTGGGAAGAGCGGCGAGAGGGTTCGGCATTTTTCGTCGGGATCCCCGCAAGG,15.995081314190216,3.9995564215879504
5041,ENST00000529010.5,ENSG00000070081.15,NUCB2,17208153,17349974,75.75299749170699,2274,1516.74,120.303,1.78701,GAGGACAGGTTTGTGCGCTGGACGCAAGCACCAGGCGCAGCCTCGCTCGCCGAGACCCGGCCAGAACGTGTTACGAGTCAGTTTTTAGTGAAAAAACATTGAGCTAGGAGCCAAGACCCATCTCTTCACTATTTTGGTATTGTGCAAGTCATCTTACCTCTCTGGATCTCAGTTGTCTCATCTGTAAAAAGGAGATAAAAATTATTTACCTGCCTGAAC,42.39091974398968,5.405683363372796
5042,ENST00000338965.8,ENSG00000188211.8,NCR3LG1,17351726,17377341,46.83104478562774,6438,7640.8,2542.86,7.49798,AAAGTGCGGCGCGGGTGGGGCTGGTCACGCGCCTGGCTTCCTGCAGTGCGAACCTGGGAAATCCAGGCGACTTCGCAGTTGCCGAAGGGATCTGAAGAAGTGGGATGTGCAAAAGCGCCGGCTGGAAATCCCGGCTGTGTCTCCGTCAACTCTTTACGCAACAGAGGTCTCCCCCTGCCCTTGGTTTCTACCGGGCCGCCTGCTCCCACTCGGCGAAAAAAATTACACAACAGCAGCCGCGGCG,6.24582151267778,2.6428913419403095
5043,ENST00000422447.7,ENSG00000134333.13,LDHA,18394388,18408425,636.4803511849669,2416,2067.95,440.232,4.79626,AGTCTGCCGGTCGGTTGTCTGGCTGCGCGCGCCACCCGGGCCTCTCCAGTGCCCCGCCTGGCTCGGCATCCACCCCCAGCCCGACTCACACGTGGGTTCCCGCACGTCCGCCGGCCCCCCCCGCTGACGTCAGCATAGCTGTTCCACTTAAGGCCCCTCCCGCGCCCAGCTCAGAGTGCTGCAGCCGCTGCCGCCGATTCCGGATCTCATTGCCACGCGCCCCCGACGACCGCCCGACGTGCATTCCCGATTCCTTTTGGTTCCAAGTCCAAT,132.70347128491093,7.052062299292369
5044,ENST00000446113.6,ENSG00000177054.13,ZDHHC13,19117099,19176422,14.463448874811132,2445,2095.55,141.319,1.51937,GCAGCGGCGGAGGTGAGGGCGCCAGCAGGAAGTGGGAGAAGAGGCGACCCAAGGCGGGCTGGCGGGCTGGCGGCAGTCGCTACTTGCCTAGTAGCCTCAGCCGCTGTGGGCTCCTGGGGAG,9.519372420681684,3.2508664647711627
5046,ENST00000419348.6,ENSG00000109854.13,HTATIP2,20363685,20383783,17.98872975126432,1477,1379.84,248.392,4.05576,AAGCCGGGTAGGCGCTGTCTCCGTCGCCTCCAACCCCCCCGGTCCGACCAGGGAAGGTGGGATGCTCTG,4.435353608513402,2.1490491279564043
5047,ENST00000331079.10,ENSG00000185238.12,PRMT3,20387530,20509294,29.899233763393408,2653,2404.17,312.966,2.93287,ACGTGACCCGCACGGCGCCTCGAGGCCGGAAGCGATTGCGAGCCAGCGCGCGCGCTTCGGCGTTCCCGGCGGTCTGCGAAGTTTCCGGAGCCCGGGTCCCGCCGCGGGTTCGCGCTTGTGCTCGCGCTCGTTCCTGGAGTCGGCGGCCGCTGCGCGCGCTCGTTGCCCAACCCGGTCCCCGCCCCCAGACACGCCGGGCTCTCGGGGCACCACAGCC,10.194530873647114,3.349723482617049
5049,ENST00000324559.8,ENSG00000171714.10,ANO5,22193176,22283357,8.576853111533643,6651,5404.45,397.715,1.65799,AGAGCGCCCAGGAGCGCTACCGGCTGAGGGTGGGGAAGCGCAGGGCCAAGCGCGCGAAGCAGGTTGTGGGGGACCGGGTCGAGTGGAAGTACCCGCCGGAGAGGAAGGCCGGCTGGCTGTGGCGCCCAGAGACGGTGGAGTCCGAGGAGGAGGAGAAGGAGGCCTGCAGAAGGAAGAGCAGGCCCTTAGAAGTCCAGCAGCAGCAACTCCGGCGGCCCACAGTCAGATTCAGCACCTGCCTCAGATCTCCACGTCTGTCTCAGCTGCCCCTCTCCTGCTGCCTCTCAGGCACCAGTGCCATTAACGAGCTGGCGAAG,5.1730427273588155,2.371013107701363
5050,ENST00000282032.3,ENSG00000152219.4,ARL14EP,30323051,30338227,34.49532709226176,2430,1686.19,370.287,4.94758,ACGTCTCTTTGTGGTGGCGTTGAGCTCCTCTAGCCCGCGCTTGCCGTCCTCTCAGTGGTAGCGCGGGGACTGGCTGGGAAGCGGTCGGTCGAGTGTGGCCTGTGTGGACTCGCATCTTGCCCGAAGCCGGGCGGAGGAGAGCTCAAGCTAAGGGTGATCAGCCCATGACCTAAACCTCCAGACAAAATAAAACGGAAAATTTGCTAGAATCAAGA,6.972161560250012,2.8016060002540404
5051,ENST00000465995.5,ENSG00000170946.14,DNAJC24,31369840,31431849,17.918100515657976,2004,1662.38,229.311,3.10782,GGAAGAAGAAGCCGGTCCGGAGTTCTGGCCGACAGCAGGCGAGGAGTGGGTAGCAGCGCCTATGTGAAGTTAGCTAATCTGAGAAGGCCCACTTCTGGTTCCATGG,5.765488514668796,2.5274428538147795
5052,ENST00000350638.9,ENSG00000109911.17,ELP4,31509750,31783998,32.26930427438553,1784,1421.37,280.374,4.44418,AGAGTTCCTATTGGGTTAACACTGGAGGCTCTAAG,7.261025492753563,2.8601733180323565
5053,ENST00000054950.3,ENSG00000049449.8,RCN1,31812391,32105755,25.27024895961491,2572,2537.07,2157.41,19.1586,AGCCCCGCGCCCACCACCCCAGCTGGCGACGTGGCTCCGCGGCCCCGGCTTCCCCCGGCAGCTCAGCGACCAATGGGCGCGCGAGCGGGGCCGCCCGCAGCTTCCCAGCCCGAGGCCCAGGCGCGCCCCTCTGCTCCGGCTCGGGGCGGGCACTGGCGGAGGGACTGGCCAGTCCCCTCCTCCGCGCCGGCCCCAACCCTGTCGCTGCCGCCGCGCTCCGAGTCCCCATTCCCGAGCTGCCGCTGTTGTCGCTCGCTCAGCGTCTCCCTCTCGGCCGCCCTCTCCTCGGGACG,1.3190028999830317,0.3994477365276981
5054,ENST00000531120.5,ENSG00000149100.12,EIF3M,32583798,32606262,279.8531097094236,5051,4094.26,312.748,1.721,AGTTCCCTTTTCCGGTCGGCGTGGTCTTGCGAGTGGAGTGTCCGCTGTGCCCGGGCCTGCACC,162.6107552059405,7.345278871352035
5056,ENST00000257836.3,ENSG00000135378.3,PRRG4,32829943,32858123,5.8156627409488,5530,4690.23,258.727,1.24282,CCCGGACCGAGGCAGGACCTCACCCCGCGCGTGTTCCCCGGGCGCCCCTCTGCGAACCCCAGGCCCTTCCCAGGTTTGCGCGCGGGGGCCATCCAGACCCTGCGGAGAGCGAGGCCCGGAGCGTCGCCGAGGTTTGAGGGCGCCGGAGACCGAGGGCCTGGCGGCCGAAGGAACCGCCCCAAGAAGAGCCTCTGGCCCGGGGGCTGCTGGAACATGTGCGGGGGGACACAGTTTGTTTGACAGTTGCCAGACT,4.679408716426192,2.2263262443873093
5057,ENST00000399302.6,ENSG00000060749.14,QSER1,32893178,32993316,14.36464488004499,9335,7587.13,2541.55,7.54715,CGCCCGCGCCCCCCGCCGCCCCCGTCCCCGCCAGCGCCGCTGCGCAGCCCCCCGCCCCAGCCTGGGCGTACGAACCCCGAGCCGCCGCCGCCGCCGCCAGCAGCAGCTGCAGCAGTGGCAGCTGCAGTAGCGGCAGCAGCCCCAGCCTCAAGGCCAGTTTAAGCTATGAAGAAGGACATCCCTCACACTCTGAAACAGATCTCCTTCAGAGACAGAGTTTTGCAGCCTCTCATCAGCTTCCTGGATATGCTCCCACACCTCAGCCTACTGGTCTTTCTGGAATATTTGATACTAGTGTGAACAGTGCCAGCAGTAACACTAAAGAGTCTTCAGTG,1.9033204428221235,0.9285184740405665
5058,ENST00000241051.7,ENSG00000121690.10,DEPDC7,33015864,33033582,12.283915639325851,1755,1296.16,186.435,3.24062,GAGCCACGCCCCGCACAGTTAACAGACGGGCGCTCAGGGAGCTAGGGAGCTGTGAAGCTGCTGGAGGAGTTGGCGTCCGGGGAGCAAGGGCC,3.7906066244502137,1.9224287465635534
5059,ENST00000303296.8,ENSG00000110422.11,HIPK3,33256672,33357023,3.447326657316934,7408,6224.93,454.213,1.64394,CCTCGCCCTAGCCAAGCCGTCCCCACCCCAAATCCCCGGGAAGGAAGATGAGGGAGACGGGCCCGGCGCTTAGCAGCCAGAGCAGCAGCAGCAGCAGCAGCGGTCGGGGGAGGGTGTTTCGCCGTTTCCTCTCAGCCGCCAGGACAAGATGGCAGCGGCCGCGGAGAGGGGCTGAGCCCGGGCTGGGTGGTGCCGCCTGCTGAAGCGCCTGGCTCCCGGTCCCCGGCACGGCCCTGCGCCCCACCCCGGACATGCTCAGGGCTGCGGCCGCCCGAAGAGGAGAGAGCGCGGGCCTCTAGGAAGGT,2.0969905576340584,1.0683203652565427
5060,ENST00000341394.8,ENSG00000135387.20,CAPRIN1,34051683,34101156,182.7630244197536,4108,3923.58,3901.7,22.4044,CAGAGGGCTGCTGGCTGGCTAAGTCCCTCCCGCTCCCGGCTCTCGCCTCACTAGGAGCGGCTCTCGGTGCAGCGGGACAGGGCGAAGCGGCCTGCGCCCACGGAGCGCGCGACACTGCCCGGAAGGGACCACCACCCTTGCCCCCTCAGCTGCCCACTCGTGATTTCCAGCGGCCTCCGCGCGCGCACG,8.157461231711343,3.028120225933358
5061,ENST00000257829.7,ENSG00000135372.8,NAT10,34105602,34147670,34.71297082373309,4002,4710.33,1217.0,5.82103,AATGCGCTTGCGCACGTGCTGTCTACCAGTTCCTGAGAGGGACGCGTGCCGCGGAGCCAGGCTTACTACGTGACCCGGACACCAGGCATACGCTAGGGGCAGTCAGCTGTGCCTTCTCTTTCGGAGTTGTTCCGTGCTCCCACGTGCTTCCCCTTCTCCACTGGCTGGGATCCCCCGGGCTCGGGGCGCAGTAATAATTTTTCACC,5.963372603084521,2.576128481962191
5062,ENST00000241052.4,ENSG00000121691.4,CAT,34438925,34472062,32.49891727121218,2302,2092.58,488.027,5.25439,ACTCGGGGCAACAGGCAGATTTGCCTGCTGAGGGTGGAGACCCACGAGCCGAGGCCTCCTGCAGTGTTCTGCACAGCAAACCGCACGCT,6.185098036349068,2.628796462692948
5063,ENST00000227868.8,ENSG00000110435.11,PDHX,34915829,35020591,32.10177439633211,2389,2008.82,533.77,5.98654,GGGCGTGGCCAACCATGCGGGAGGCGGGGCCTTGATGCTGGACATCAGGCTGTGCTGCGGGCAGCCAGTGAGAAGGCCGTCAAG,5.362325215622398,2.4228587188985573
5064,ENST00000263398.10,ENSG00000026508.16,CD44,35138870,35232402,11.64114155464726,4589,4788.25,461.26,2.17035,GAGAAGAAAGCCAGTGCGTCTCTGGGCGCAGGGGCCAGTGGGGCTCGGAGGCACAGGCACCCCGCGACACTCCAGGTTCCCCGACCCACGTCCCTGGCAGCCCCGATTATTTACAGCCTCAGCAGAGCACGGGGCGGGGGCAGAGGGGCCCGCCCGGGAGGGCTGCTACTTCTTAAAACCTCTGCGGGCTGCTTAGTCACAGCCCCCCTTGCTTGGGTGTGTCCTTCGCTCGCTCCCTCCCTCCGTCTTAGGTCACTGTTTTCAACCTCGAATAAAAACTGCAGCCAACTTCCGAGGCAGCCTCATTGCCCAGCGGACCCCAGCCTCTGCCAGGTTCGGTCCGCCATCCTCGTCCCGTCCTCCGCCGGCCCCTGCCCCGCGCCCAGGGATCCTCCAGCTCCTTTCGCCCGCGCCCTCCGTTCGCTCCGGACACC,5.3637162460650405,2.423232917103878
5065,ENST00000317811.5,ENSG00000179431.6,FJX1,35618419,35620868,14.582626944774834,2450,3195.84,203.741,1.43634,ACAGCGAAATACAAAAGCAGCTGGGAAGCGGCGGGGACTCGAGTTCCCAGCGCCGGGCGGAGCGCCGGACAGAGCCCCGCAGCGCCCCGCGGCCGCGATGGGGCCGAAGCGCCCGAAGCCCCGGAGCCCACAAACTGCCGGGCCCGCCTCGCCGCCGGGACCCGGGTGCCTGGGCTCGGCTTGAAGCGGCGGCGGCGCACCGGCACAGCCGCGGGAGC,10.152628865571407,3.3437814341457512
5066,ENST00000299413.6,ENSG00000166326.6,TRIM44,35662805,35818007,27.254241736359933,12964,12931.8,2362.32,4.1157,GGAGGCTGAGCGGGCGGCGCGACGCGGGGGCCGACGGGGGCGCCGGGTGGCCGCGCCGGAAGTGCCTTGCGCGGCAGAGGAAGCGCAGGGACAGAGCGGAGCAGGCCGAGCCGGCGGAAAGGGTCTTTGCTGCTGCGCCCGGGCAGGGGCTGCCGCGGCCCCAGGTCCCGCTTCGAGACGCGGCGCGGTCCAGGCGGGAGGCGACTCCCTAGGAAGGGACCCGGGGCGGGAGGAGGAAGTGAGGCCGCGCGGAAGGAAGGCGGCGAGCCCCGGGGCCCCGAGGCCTTGGCCGCGTCACAGCACCCAC,6.622018547600635,2.7272710515826897
5067,ENST00000315571.5,ENSG00000179241.12,LDLRAD3,35943981,36232136,12.255015549050777,3798,4184.79,422.453,2.2744,AGCGGGAGCGGCGGCCGCGCC,5.3882410961355856,2.429814405443369
5068,ENST00000347206.8,ENSG00000166352.15,C11orf74,36594493,36659290,6.144127128766219,633,372.041,37.9822,2.30012,GTGTAGCTTTGGAAATCTGTCTTTGTTGCTCTGGGAGAGGGGACTCCTGGAATGTGTCTGTGAATAAAGACTAGCCGAAGATACTGTGGCCTCATGAATAGGA,2.6712202531894937,1.4174989370676025
5069,ENST00000531273.5,ENSG00000166181.12,API5,43311963,43344529,44.89218141136914,1868,1559.86,413.137,5.96718,GTGCGCGGTGACTGGCGGCTGCACTGGCGGCAGCTGGAGGTGTAATAGTGCGGGTAGTGGGTTTGGAGAAGTTCCGAGGCGGCGGTGGCGCCGGTCAGGACAAGGATAGCGGAACCGGGCCCTGGGCTTGTCGCTCACC,7.523182040992418,2.9113430001698597
5071,ENST00000039989.8,ENSG00000052841.14,TTC17,43358932,43494933,7.665007795362342,4469,4485.66,717.915,3.60586,GCCGGGGGGGCAAG,2.1257086507413883,1.0879438748867503
5072,ENST00000278353.9,ENSG00000149084.12,HSD17B12,43556436,43856617,206.46022272219068,2571,1986.98,1917.69,21.7443,ACTGGCGGAACCCCGGGGGACGCGGTGATGGGAGGAGTGTGGGAGGGGCAGTGGAACTGGAGTCAGCTAATGGCTGACGCACTACGCGCAGAGGGAAAGACGGGTCACCAATAGCGACACGGATATGGCCCCGCGGGCGGGGTTTAGGCCCAAAGTGGTGTCGGAGCAGCGCCTATTAGTGTCATCCTCACCGTCACGGCCGGCGCCTCCTCCTGGATTCATTCACTCGCTCTTTTCATTCACGAAGGTAGTGAGGCCTAGTGGAAAGCC,9.494912355062738,3.2471546833131684
5073,ENST00000302708.8,ENSG00000166199.12,ALKBH3,43880811,43920266,16.370550093543084,1474,1502.01,252.628,3.78941,GGTTCCGATCACAGACTGCGGAGTGGGTCAGGGGCTGCGAGGGCTGCCCCAAGTCCTACCGGGTTTGCACGGGCGCGCCCGGCTCCGCCCGCAAGTGCGCCTTCCTGACTTACTGCTGGGTGCGCGGGGCTGGGGGTGCGAGTACCACCCCTGAAGTCTCTTCCTGGGCGACCTCCGGGGCCTCATTCTAGGCCTCCTTAAAGAGAAGGATCTAAATTAGGAAAAGGAAGTGCCCTTATCCACGACCAAGCTCTTCCACCTGCGGAGCTCGCTTAGTCTGCACCTCAACCGTGCGGAAAGTGACTGCCCTGTTTACTGAGGAAAAACTGGGGCTCAGAAAGATACCATGGAGTAGTTTGAAACAGGAACAAAATCTTCTGAAAGCTCGGAGCAGAAGCCTTTTTGGTCAAC,4.320078876010536,2.111057653358747
5074,ENST00000533608.5,ENSG00000151348.13,EXT2,44095549,44245429,53.67584461987079,3136,3466.64,461.445,2.99897,CTGTCTGAGCATTTCACTGCGGAGCCTGAGCGCGCCTGCCTGGGAAAACACTGCAGCGGTGCTCGGACTCCTCCTGTCCAGCAGGAGGCGCGGCCCGGCAGCTCCCGCATGCGCAGTGCGCTCGGTGTCAGACGGCCCGGATCCCGGTTACCGGCCCCTCGCTCGCTGCTCGCCAGCCCAGACTCGGCCCTGGCAGTGGCGGCTGGCGATTCGGACCGATCCGACCTGGGCGGAGGTGGCCCGCGCCCCGCGGCATGAGCCGGTGACCAAGCTCGGGGCCGAGCGGGAGGCAGCCGTGGCCGAGGAGTGTGAGGAAGAGGCTGTCTGTGTCATT,17.89809321862866,4.161733992401604
5075,ENST00000456247.6,ENSG00000149091.15,DGKZ,46332905,46380554,1.4824904621251458,3482,5030.17,274.741,1.23056,GCGGCGCGGAGCGGGCGTGCTGAGCCCCGGCCGCCGGCCCGGCATGGGCGTCTCCCGCGGGCCCTCCGCCGGCCGGGGCTAGGGCCGG,1.2047283042884098,0.2687078201047887
5076,ENST00000405308.6,ENSG00000110492.15,MDK,46380756,46383837,140.42989943360615,1166,1524.76,68.555,1.01298,CGGCTTCCCGCTTCCCGCGGAGAACAACAATGAAAGTGAAAGAGGGGTGGGGCGGGGGCGAGCCCGGGTTCTGTGGCCCATTTGCCCTGTGGCCTTGAGCAAGCCCCTCCCCCAGGCCTCGGGGGCTCTCCCGGTTTGGGGGAACCGGGCGAGGCAATGCCACAGGCCCAGGGTTAGAGGGGGTGGGCACTTGCAGCTGCCGATGTGGCTGGATCTGGAACTTCTCAGACGGCTCCTGTCAGCGCCAAGTTTCACCAAATCCAGGCCTGCGGGCTCCTCCCCCAGGACCCCCACTCGCAGTCCCTCAAGCCTGTGCTCCCGGAAAGGCACTGGGCGACCGCACCCGTGGCTTTCTCTGGGCGACCGGGTCCCAGACTCCCCCCAGCACAGCAGAGCGCTTCCCTGCCCACCCGCGGAAACCGCCCCAGG,138.6304758569825,7.115100637254137
5078,ENST00000529655.5,ENSG00000175224.16,ATG13,46617527,46674818,18.942867709224632,2566,3113.36,344.332,2.49178,CCCCCCCCCCCCGGCCATTACCGAAGCGGATGAAAACAAACACTAACGATGGCGGCGCCGGGAAGCGACCGGCTGCTGGGCTTAAGGCGGGAGTGACCGCTTAACCAGTGAGGGAAGCACTGAAGAGCGCCAGTCGACGTGGGTGCGACAACTCGCGGAGTCTTAGGAGCAAAACGTCTGGGGCCTGCGAGCCAGGACCCTTCTGAAGCCTTAGGTGTCTATCGGCGACGTGTACGGTCACTGCAGCTCCGGAGCGCGGAACCCTCAGCCAGGAGGCGCGGCTGGTCGGTCCCAGGTCCCGGCCTCCGTAATGAGAGCCCGGAACCACTCTTTGTGCCGCAGCTTCGCAGTGGAACGACCTGTGGAAACCTGTGATCCATTCTCATTAAATAAATCTCTGGATTCCTATAGGCA,7.602142929642518,2.9264061498970637
5079,ENST00000311764.2,ENSG00000175213.2,ZNF408,46700818,46705912,3.821336697140927,2442,3529.33,175.59,1.12091,GCTTTCCCAGCTAGTCGAATCACTGGTGCACCTCCGGAATCCGAGGTTCGCATTGCTCTCGGACAGAGTTCTGCCTCCCCAGTACTCCCAAACTCCCAGTCCTGTGCACCAATGAGGTCCAGCTCTGAGGCTTCTTTCCTGAGAAAAAAATTTGGAAGTCCGTGACTGTTTCCTGGAGGAGCTGAGAAGAGGAAGCTCACTTCCGGCGTAGGGAGGCTTTCTGACCCGGA,3.4091378408087416,1.7694069327811377
5080,ENST00000256996.8,ENSG00000134574.11,DDB2,47214465,47239240,28.15541522484264,1870,2314.81,432.571,4.21021,CTCCGAGACGGGTGGGGCCGGAGCTCCAAGCTGGTTTGAACAAGCCCTGGGCATGTTTGGCGGGAAGTTGGCTTAGCTCGGCTACCTGTGGCCCCGCAGTTTTGTAGTCCCCGCCTTGTTTCTCCCCAGAGGCCTCTCAATCCTCCCTCCATGATCTTCGCATAGAGCACAGTACCCCTTCACACGGAGGACGCG,6.687413507839903,2.741448327318174
5081,ENST00000354884.8,ENSG00000165915.13,SLC39A13,47407132,47416501,5.471589802721948,2289,3312.66,191.421,1.30189,GCCGCCCGGATCGCCGCCGCCGCCGCCGCACGGTGGCCTTTTGTGTTTTTCAGTACGTGGC,4.202805000977001,2.07135252081306
5082,ENST00000326674.9,ENSG00000110536.13,PTPMT1,47565336,47584562,22.680522688583437,768,769.042,163.408,4.78725,GTCGCCGCTGCGCCGGGCCGGG,4.737693391526124,2.244184834956796
5083,ENST00000263774.8,ENSG00000213619.9,NDUFS3,47565336,47584562,137.94828925245014,958,801.739,470.676,13.2267,ACACTTCCGTTTCCGGTCCGTGCCCTTGGGGCTCCGTGTCCTGCTGTCTTTCCGTCCGCTGCCTAGTCTGCATCTGAGTAAC,10.429531875104912,3.3826024994736046
5084,ENST00000287169.7,ENSG00000156599.10,ZDHHC5,57667747,57701187,9.93006209759972,4666,5860.45,1177.69,4.52755,GGGGTTGGGCGCGGCAGCGCGAGCCGCATGAATGAGACAAACGTGCGCCGCGCGAGACGTCGCGCGAGCCCGGACTAGGGAGCCAATGGGAACGCTGGAAGGGTTCGAGACCCGGCACTGAGGGCAACGGCCGCGCGCCGGCTCCGAGACGAGCGACGCCTGGCGGGAGCGCGCGGCAGCGGGGCGGGCGTGGAGCGTGCGGGGGCCGCGCGCTGCTTCTCTGAGGCAGGACGGCACTGCCGGGAGGCGGCGGTGACAACGACGGCGGTGGTGACGGGCACCGGGCTCGCGGGTGAGACACAGTAACCTGGTTGAACTCTGCATCTGGAAAGCTGAAGACTGAAGAAAGATAAGAGACATTGACTAGTCTGGAAACAGGGACATCTTTGGAACTTCGTTTTCATCCACAGTAAACTTTTGAAGTGTCATCAATTGGAATTGATTTCTTCATCTTATTCTGCCTATTGGGAAGAACATGGCTTCAAGGATTTTAAGTTTCCCTTTAGTTTTACATGAACTTTGTAGGAAACAGAGCCCTTAAAGGGCTTGGGAATAACAAGAAGAGATTGAAGACAGAGAAGCTTGCCCTGTTTTCCTTGCCCCTTCAAAGAAAAGGATTTACAGCTCAAACTTAGAACAGCTGTTGTCCAGCTTTAGCCATCAAGAGAGAAATAAATTAAACCACCATTGCCAGACTACAAGCCCTGGTGAAGTCAGGGTGTGGGAGTGGTGGCATTGAGAAGACTACCTAAAAGAGACAAAGACTGCAGTAAACAAAGCTCCTCTTTAAAGTTGGAAGGGGCCTCAGGTTCCTTCTTGGATTGAAATAGAAATAGAAACACAGGGCACACCTCTTTTAGGTGCAGCTCACATTTTATGGAACTGTAGTCGTGGAGGTACTATAGTATCTCAGAAGAATTTTTCTTTGCCCAAAGTTTTTTTGCCATACCCTGATATTCTCTCCTTCTTTTGAAGACCTGCCTCCATCCATGAGCTGTATCTTGATCTGTCTGACTGTCCATGTTTTCCACCTGCAACCATTTGCATGTGTACAGCCTACTGTTTGTCTCCAGTTTTTAAACTGTACAAGTTGTGTTTCTTAATCTTCCCTTCTGCCTTGTTCTGGGGAGGTGGTTATTCATCATTTGGAATCACCTTTCCCCCTCCCATGTGCTTTCCTTCATTTGAGATCTTTTGACCTTTGGCTTTATTTGGGAGGGGGAAGGGTGATAAAGTTTTCTGTTTCCCTGGTTTTCTTTTGTACTCCTCTCTGTTGCTTCCCTCCTCCCATTTTCTTGTCTGTTCTGCCGCTGTGTGGGCCTGGGCTATGCGGCAGGGCAGATTTCCCATCAGAGCTCCAAC,2.193252884584316,1.1330721660023568
5085,ENST00000378312.8,ENSG00000213593.9,TMX2,57712600,57819546,20.201983537288616,1521,1507.77,188.337,2.81424,CGTTACGGCCGAAAAG,7.178486389678427,2.8436796785459753
5087,ENST00000534355.5,ENSG00000211450.9,C11orf31,57712600,57819546,278.80061928270345,818,727.04,745.179,23.0921,GTGGTTCCGTCAGGCGCTTCCCGCACCTTCCCGCTCCCTGCTTGCAAAGTGGTTGTGCCCCAAGGTCCGCCTCCAGGCCACGTGGGTGCTGCGGGCCAAGCTTTCCCTTCCTTTGAGAGAGGTTTCCGCTGTAGGAGCAGAGCTTCCGGGCTGCGCTCTTCGTTGCCCAGTTTCCGCTCAGTGGTCGCGTCTCCGCCCCCCACCCACCAGTCCCGCTGCATTCTCGGCCGGGCTCTAGGCGCC,12.073419883107361,3.5937624826256473
5088,ENST00000358694.10,ENSG00000198561.13,CTNND1,57712600,57819546,25.95679999039208,6135,6792.07,716.49,2.37667,CTGCCAGATCAGTTTGTCACCACCCAGGCTCCCTTGCCTTTGGCTGGGTGCAACTTCCATTTTAGGTGTTGGATCTGAGGGGGAAAAAAAAGAGAGAGGGAGAGAGAGAGAAAGAAGAGCAGGAAAGATCCCGAAAGGAGGAAGAGGTGGCGAAAAATCAACTGCCCTGCTGGATTTGTCTTTCTCAGCACCTTGGCGAAGCCTTGGGTTTCTTTCTTAAAGGACTGATTTTTAGAACTCCACATTTGAGCTCTCTCCTTCCTGCTTCCTCCTTGCTGTGGTGGCTGGGATGCTTCTTCCATGATTTTTTGAATCTAGACTGGGCTGTTCTCTGTGTTAAACCAATCAGTTGCGACCTTCTCTTAACAGTGTGAAGTGAGGGGGTCTCTCTCCCTCCTTCTCCTTCCTCTGTGATTCACCTTCCTTTTTACCCTGCCCTGCGGCGGCTCCGCCCCTTACCTTC,10.921499404794138,3.449099031306576
5089,ENST00000316059.6,ENSG00000186660.14,ZFP91,58579111,58625733,15.783292523265407,5220,5262.52,2034.58,8.71053,GGGGTGGGGGGGGCGCCCTCGGAGCCGGGCGGAGGGGAGGGGGGAAAGAGGAGCGCAGGGTGAGAGTGAGCCGCAGGCTTCGGGAGGCGAGGGGGCGGGGGGAGCAGCGCCGAGGCCGCCGCCTCCGCCTCCGCCGCCTAGGACTAGGGGGTGGGGGACGGACAAGCCCCG,1.8119784356710105,0.857565785993631
5090,ENST00000343597.3,ENSG00000189057.10,FAM111B,59107185,59127410,106.81631161759792,3488,2651.89,865.652,7.35444,AAATCCAGAGCGGCGGGCACTGACGGGCACTTGCACCGTGTGGACAGACTCTCCGGTTCTGGGGAAATCCAGTCCCTGTTACTCCATTTTGGCCAGAAATTCAAGACATTTCAGGTGGCAGAATAAATTCAATCCTTGTTTCTCCATCTTATCGAGTAGTAGAAGTTAGTTACATTCTCTTTGAACTCATC,14.524057796052169,3.8603726711125037
5092,ENST00000529177.5,ENSG00000166900.15,STX3,59755059,59805882,5.270120713604244,1571,1558.83,107.91,1.55965,CTAGCTAGCGGCCGCCGCCCGCCGCCGCCTGCGCCTCCAGCTCCTTCGCCCCGGCGGGCCCGGCCGCCGCTTCCGGCAGCTCACCTGGGAAGCGCTCACCTGGGACGCGCTCACCTGGGACGCGCTACCTGCCTCCGGGCGCCTGGGCTTCAGG,3.3790406268100175,1.7566136963865877
5093,ENST00000227520.9,ENSG00000110104.11,CCDC86,60842071,60851081,124.6067119773908,1893,2448.64,2054.5,18.9036,GGTTTCGGCGGGGGCTGCACGTGCGCAGGGGTGTGGAAACTTACCGGCTGAGCC,6.591692163259421,2.720648869203609
5094,ENST00000227525.7,ENSG00000110108.9,TMEM109,60913874,60923443,116.037275008661,2413,3343.79,790.563,5.32672,GTAGCTCTAGAACTACATGACCCAAAATGCCGAGTGGTGGCAAGAGGAGGATTAGCTTCCACTCCGATTTCAAAGATCCAGTTTACCCACTCTACAGCCCAGATATAGTCACTTATTTCCCCTTTCCAGCCAGAGACTTCCGTTCCCTGCTGGAACTTCCGATCCCATTCTTCTCTCGGTGGGAATGCTTGTGGGGGGAAAAAGAAACGCAATAGATAAAGCGGGGCGCATGCGCTCCCGGCACAGGCTTCGATTGTGAGGAAGGCCGGCTAGTCTCCGAGCTCATCCCGCCTTGCGCATGCGGAGAAGGTAAACCAGCGCCCCGAGTTGAGGCGCGGGTTTGGTGGCGCGTTTCAGCGAAGTCGCACGTGAAGGATAGCAGTGGCCTGAGAAAGACCCAGTC,21.784001225643735,4.445197063552756
5096,ENST00000278826.10,ENSG00000149483.11,TMEM138,61362001,61369509,32.85428462540976,1848,1995.72,124.51,1.40562,GCTAACCCCCTAACTCCCGTTCCTCCTCGGCGTTTCTTCTCCAAGTCCGAAGTCAGGGTCCAGGACTGCTGCGATGCATCAGCCCCGCCTCTCATCCCCCATCCAGAGGAGGCGGAAATGTTCAGGTGAACGCGAAGCCTCCCACTACGAGCCGGCCCTCAGCAAGGCCGTGCGCAGTGTGGGCGGGAGCCCTAAGTCAGCTAGCGGCGACGCTGGGAGGGCCCGGAGCAGGCCGGGCCCCGAACAGCGAAAGCTCCAACATGGCGGCCAGACTGGCCATAGAGCGGGAAGAGAAAGCCGGGGACTAGCAGGCCGCACGGCGCAGACGGGGCCCGCCTCCTCCATTTACTTCCGGAATTTAAAGCCGGCTTCCGGAAGCCGGGACGATGTCCGCATGACAACCGACGTTGGAGTTTGGAGGTGCTTGCCTTAGAGCAAGGGAAACAGCTCTCATTCAAAGGAACTAGAAGCCTCTCCCTCAGTGGTAGGGAGACAGCCAGGAGCGGTTTTCTGGGAACTGTGGGATGTGCCCTTGGGGGCCCGAGAAAACAGAAGGAAG,23.373518180880865,4.5468029997439325
5097,ENST00000334888.9,ENSG00000187049.9,TMEM216,61391687,61398863,5.799640277891175,1306,1472.09,74.1144,1.13431,ACTTCCGCCCAACGCCCGGTAGTCTGAGAGCCTCCAAGGTCCTCCCCCGCACCCCTGAGGTCCTGCAGACGACGGCGTCGTGGGTGGTCACCGTTATCCCTTAGGTCTGGAGAGGGGACATCCGAGCGAGGGCCACTTGCGGCCAGGCCCGAGCTCGTCCAGCTCCGGGTGACCACAGAGTGCCGCGGGCGGGCAGAGGGGCCGGAAACCCAGGCCGCTTCGTCCCTGTTTCCGGCAGCGCCGCGCTGCTCCGGGAGCCGCTGTGGCAGCGT,5.112923519929451,2.3541484460828013
5098,ENST00000301761.6,ENSG00000167985.6,SDHAF2,61429220,61490931,62.37895845535997,2033,2044.2,109.544,1.20733,CGTGGTCGGCTGGCCGGGCGGCTAGGAGTTCCCGGAAGTGCCCGCGCAGCCGGTTTCCGGTGCAGGTGGGGAAA,51.66686693394513,5.69116749663146
5099,ENST00000305885.2,ENSG00000168496.3,FEN1,61792637,61867354,92.1435462235085,2296,2754.49,1471.47,12.0357,AAAGGAAGTGCCTCCGGCGCAAGTGGCATTGAGGGACTTGTAGTCCTGCGATTTCGGGTGTAGAGGGAGCAGGGGCCTGCGGGGACCTGGTGTGGGTGGAGTGGGGACAAGCGGTGGAGAAGGGTACGCCAGGGTCGCTGAGAGACTCTGTTCTCCCTGGAGGGACTGGTTGCCATGAGAGCAGCCGTCTGAGGGGACGCAGCCTGCACTACGCGCCCCAAGAGGCTGTGCGTGGCGAGCAGGTCACGTGACGGGAGCGCGGGCTTTGGAAGGCGGCTGAACGTCAGGCCACCCGCCGCTAAGCTGAGAAGGGAGAGCGAGCTTAGGACCGCCTGCCCGGGGCAACCCCGAACCAAGCTTTAGCCGCCGAGGCCGCGTGTCCCAAAGGCCAGTCATCCCTCCTCTGTGTTGCC,7.655852690205679,2.936563070530005
5100,ENST00000521849.5,ENSG00000134824.13,FADS2,61792637,61867354,47.304970737468125,1703,2094.19,279.06,3.00222,AAAGCGAAGAGGGCCCGGGCTGCACACACCGGCTGGGAGGCAGCCGTCTGTGCAGCGAGCAGCCGGCGCGGGGAGGCCGCAGTGCACGGGGCGTCACAGTCGGCAGGCAGC,15.756663648056481,3.977890182475989
5101,ENST00000394818.7,ENSG00000149503.12,INCENP,62123973,62153163,23.5924001924792,3964,5512.04,617.61,2.52443,CTTGCCGAGGATTGGCTGAGCCTTCAGTTTTGAAAATCATAGTTTTCGCCCGCGCTGCGCCGCCTGGTTGCTCCTCCCGTGCGGTGAGTCCCGAAGGCCCGGAGCCAAGTGGGTCTGGGCAAGCGGGGCCTTACCTAGGGATACCACCGGACTTGGATCGGAGCAGCCTTCAGGGGACGTGGCGCAGTCGAACAGAGCCACC,9.345634536302928,3.2242926213058114
5103,ENST00000316461.8,ENSG00000162222.13,TTC9C,62728069,62740293,40.47632071990196,1080,927.047,136.759,3.32366,AGTTCTTCGGAAAGTCTCATCCACCCCCACATCGCCTCTTTAGGAAGTCACTTAATGTTGGGCTTCATTATTCCCACATCCCTTTCCTTACTACTTGCCTGCACTTCTTGAGAAAAAGACTGCAGAAAGGAGAGGTGGGGCTTTCAGTAGAAACAAGCAAACCGCAGGTCCCTGTGGGGGGACTCTCCAGGAAGAAGGGTAATTTCCTGCCTCCTTAAATTGGCTGCTACTGTCAGTTATTTTGCTCCCAACCCCAGAGCTTCACTTGCTCCTTCACTTCCCAGTTCCGCAAGAACCGTGGGCGACAGTT,12.178237461082652,3.60623344404664
5104,ENST00000301788.11,ENSG00000168002.11,POLR2G,62761544,62766710,312.9401497623407,827,765.892,636.171,18.7141,AGTCGCAGCAAGCGCGGAACTGGGGTTGCGGCGTCTAAGTGTTTCCGGTGGATTCCCAGGGACTGTCGGAGGTGTGGACTCTGCCTGCCTACCTGGTCTGGGAAG,16.722158680478394,4.063689193298813
5105,ENST00000294168.7,ENSG00000162227.7,TAF6L,62771303,62787342,11.210810929854828,2116,2771.57,154.856,1.25882,AATCAAGAGCCAGGAAGCCTCCTGGAGGGCCGGAAACTTTCCAAGGCGCCCGCCGACTGGCTGTATTGGGGAGGGCGGGGCCGGGGCCCCGGGAGAGGGAATGAGTGTGAGCTCGTGAGTGGGCGCCGCCGCCACCGCCCCCGCCGCCGTCGTCTCGGTAGCAGCCTTCGCCACGCCGGGGTCTTCAGCTCCACTGGGGCC,8.90580935308847,3.1547467282980235
5106,ENST00000333449.8,ENSG00000185475.9,TMEM179B,62787415,62790405,81.13601607505426,1023,1050.15,434.087,9.31293,GCGCC,8.712190049216977,3.1230354255966355
5107,ENST00000535296.5,ENSG00000168003.16,SLC3A2,62856102,62888875,136.36427032044656,2084,2560.24,347.799,3.06062,CACGGCGATCCTGGACTGACGGTCACGACTGCCTACCCTCTAACCCTGTTCTGAGCTGCCCCTTGCCCACACACCCCAAACCTGTGTGCAGGATCCGCCTCC,44.55445965864647,5.4774979397748975
5108,ENST00000537981.5,ENSG00000133318.13,RTN3,63681446,63759891,146.2504499349805,2532,2223.03,2579.7,26.1448,AGTCTGTCGGAGTCTGTCCTCGGAGCAGGCGGAGTAAAGGGACTTGAGCGAGCCAGTTGCCGGATTATTCTATTTCCCCTCCCTCTCTCCCGCCCCGTATCTCTTTTCACCCTTCTCCCACCCTCGCTCGCGTAGCC,5.593863786870831,2.4838451239609514
5109,ENST00000294244.8,ENSG00000168005.8,C11orf84,63813388,63827718,22.690874101955973,2024,2957.96,746.619,5.68681,GGCTGGCCGGCCGGGCGGGCGCCGACAATGAGCCTCCATAAAAGGGAGCGGCGGGGGGCAGGGGCCCCGGATTGAGCCCTCCCCGCCCGGGCTCCCGACGCGCCGAGGTCTCGGGGAGGCCCGGACGCGCCGGTCGCAGGCCCGGCCGGCGAGCGGCGGGCGGGCGGCGGGGAGGGGGCTGCGCGGGGCGGGCGGCGGGCCCGGCGCTATTCCGGCCAGGAGGCGGGAGGCGGTTGCCGGCTGCGCGCCGAAGCCTGCGCGCCAGTCCTCCGGCCACTGCTATCGCCCACGGCCGCACC,3.990088309958654,1.9964206770063988
5110,ENST00000402010.6,ENSG00000072518.20,MARK2,63838928,63911019,3.679132429084025,4728,6939.11,376.294,1.22176,AAACAGAGCCGAAGCTTCGTCTTCGGAATCGAGGAGGAGAGCGCGTCCCCGGGGTTTACCTTCTTCGGCTGTTTCCGGAATTCACCCGTAGTCTGTGGCCGGGAGGAGAAGGCGCGCCCCACCTCCCGTTTCTAGCCGCTTCGGATGTTTCCGGCTGCTGCCGGCGAAAAGAGCCGAGGGCCGGCGGTGGTGGCGGCCATGTTGGGAGCAGCAGGTCCGGCGGCGGCTGCCTGTGTGCCGGGCGCGGAGCAGTGCCGCTGAGGGCAGGGGAGGAGCGAGGCAGGCGGCCGGCTGCGGCGGCAGAGAGTAGGCGGAGCGGCGCGGCCCGGCCGAAAGGCGGCACAGCCCAGCCGGGGGTCGGGGGGGTGCGGTCCGGAGCCGCTCGGAGCCGGCGCGGCCTAGCCCGAGCGGCGCATCCCCGGGCTGGCGTGAGCGGCTGCCCGGCCTCCCCGCACCCCCGGCCGGGGCCCATGCGGCGGGTGCTCCTGCTGTGAGAAGCCCCGCCCGGCCGGGCTCCGCGCCTTCCCTTCCCTCCCTTCCTCCAAGCTTCTCGGTTCCCTCCCCCGAGATACCGGCGCC,3.011338093475007,1.5904046935814011
5111,ENST00000377793.8,ENSG00000110583.12,NAA40,63938959,63957328,20.477981033694448,3664,4686.51,432.557,2.07949,AGGGCCGTCCGCTCTGCTGCCGCCGCTGTTGCAGCCACCGCCGTTGCCGCCTCCCTGCCGGCAAGTGTGTGAAGAAGAAGCTGAGCGTTGTCGCCGCCGCT,9.847597744492376,3.2997718316966003
5112,ENST00000314133.3,ENSG00000176340.3,COX8A,63974607,64001811,293.56961260332866,507,380.308,1509.98,89.4539,GGCCAGCGCAGCCATTTTGGCTTCCTGACCTTGGGCTACGGCTGACCGTTTTTTGTGGTGTACTCCGTGCCATC,3.2817978042693348,1.7144863553159926
5113,ENST00000305218.8,ENSG00000168439.16,STIP1,64185272,64204543,275.82207954934967,2196,2554.24,3696.07,32.6018,CTAGAAGAACTCGACCAGTGAGCAGGCGAGGAAGGGGCGGGAGCCGGGGTCCCGGTAGCTTCTAGTAGGTTCCAGAAGGCGGCGCGTGCGGTTGGGAACGCGGAGCGGACGGATTCGATTCAACGGGGTTCCGGACCGCGCTGCGCT,8.460332851233664,3.080714423791777
5114,ENST00000279206.7,ENSG00000149761.8,NUDT22,64225941,64234286,9.403963299839774,1094,1407.93,76.7107,1.22754,GGCGGCTGGTGAGCGCCCGCTGGAGGCTGGAGCTTCCGGGCCCTGGAAAGGGGTCCCCGCGCGCCCCGGGTCGGAGGCAGACCCCTGGGTTTGGGGGACATGGGCATTTGGGGCGCCTGAACCCAAGACCTCTGGATGAGCTGCCCCGTTCAGACC,7.660820258272458,2.937498872461744
5115,ENST00000321685.7,ENSG00000110011.13,DNAJC4,64225941,64234286,2.8890417506168684,1288,1673.15,74.6785,1.00559,ACAAAGCCGCAGAGAGCGGGCTCTGTCCCGCCCGCTCCCCAGGTGGACGTGGTCTTGGCATCCACGCCAATGAGAATGTGAGGGCGGGGCCTGAATAGACGCAGGAAATGGCGACGGCCGCGGGTCTGTGAGCAGCGGGGGCGGGGCCTGGTTGTGGCCCCTCCTTCTCCCGTCCCCAAGTTCCCTGGGTGGGAACGGGGTCTTGGGGTCCCTGGCTGGGTGGCCAGACCCCGAAGCCAGCGCTGGGAAGGGCTGCGGATGCCCGGGTCAGAGGAAGGGGCAGGTCCAAGGACACGCGGGTCTGGTCCTGGGCAAGAACCGCCCCCTCTCCGGGCCTGCTTCAGTCTTCCTTTGCAGAACAACGGGCCAGGCCCCTTCCCTCTGCCCCCGGGTGCTTGAAGTCTAGCCCCATCCTGGTCCAATGCGCTCTTGGTAGCCTCCTTTCCCAGCTGCCCGCCCGCCGCC,2.8729817824529564,1.5225488447854716
5116,ENST00000309422.6,ENSG00000173511.9,VEGFB,64234538,64238793,6.850695105032684,1380,1890.58,329.04,3.92118,ATGAGCCGCCTGCCCGCCAGCCCGGGCCCAGCCCCCCGCCGCCCCCGCCGTCCCCGCCGCCGCTGCCCGCCGCCACCGGCCGCCCGCCCGCCCGGCTCCTCCGGCCGCCTCCGCTGCGCTGCGCTGCGCTGCCTGCACCCAGGGCTCGGGAGGGGGCCGCGGAGGAGTCGCCCCCCGCGCCCGGCCCCCGCCCGCCGCGCCCGGGCCCGCGCCATGGGGCTCTGGCTGTCGCCGCCCCCCGCGCCGCCGGGCTAGGGCGATGCGGGCGCCCCCGGCGGGCGGCCCCGGCGGGCACC,1.747100389431927,0.8049625087552286
5117,ENST00000309366.8,ENSG00000173486.12,FKBP2,64241003,64244132,45.32650751105242,657,713.003,74.7655,2.3625,GGCGTGTGGCCGCGGGTTTCGCACGGTCCAATAAGGGAGGGCGGCGTGGCCCGGCCTGGTAGCGACGAGGACGCGCCTGCGCAGAGGCGGCAGCACCACCGGGGTTGACTCCGGGGGCGCGGCGAGGAGAGAC,19.185823285101556,4.261968768811601
5118,ENST00000438980.6,ENSG00000173264.14,GPR137,64270062,64289500,5.667456950231984,1596,2288.22,114.426,1.12665,ATCTCCCTCTCTGCACCCTGCAATTCCCACCCCTCCGTATTTATTTCCCTGGTCCCGCCGACAGTCCCTCCTTGTCTGTCTCCGGGATTCAGGCCTCCCTCCCTGAC,5.030361647567554,2.330662123370134
5119,ENST00000265462.8,ENSG00000126432.13,PRDX5,64318088,64321811,85.27435555218392,893,939.114,569.724,13.6681,CGCGCCTGCGCAGTGGAGGCGGCCCAGGCCCGCCTTCCGCAGGGTGTCGCCGCTGTGCCGCTAGCGGTGCCCCGCCTGCTGCGGTGGCACCAGCCAGGAGGCGGAGTGGAAGTGGCCGTGGGGCGGGT,6.238932664538884,2.6412992388175756
5120,ENST00000246747.8,ENSG00000213465.7,ARL2,65014113,65040572,109.0596607701388,979,1260.02,749.479,13.4013,GACTATGCCGTCGGCGAGCGTGATAGCCAACAGGAACCGGGAGCGGGGTCCCGGGACTGGGAAGAAACGGCGGCCGGGAGGGGGCTCCGGGGACC,8.13799114788407,3.0246727111180993
5121,ENST00000398846.5,ENSG00000168061.14,SAC3D1,65040901,65044828,45.18845558394442,1566,2276.53,114.946,1.13758,ACAAAGCGGTTGGTTGCGGCAGGGACTACACCGGTGTATCATGGGAGCGGCCCGGGCTACACGTTAAAAACACTAAGGGGAGCGCGCGAAGCTGAACTTGGCGCTCGATGGGGGCCGTTAGCCGCCCTAGAGCGCGCGGAGCCGCAGAGGCGTAGCTGGACTACAACGCAGTGCATCTCGGGAGGCCAACTCGACTGGACTGGGTGAGAGGACAGAGGTGGCTCGATGGGCGGCCCGAAGGCCGGGGATCATGGCGGGAAGGCGGGCCCAGACAGGTTCAGCCCCGCCCCGACCCGCCGCTCCCCACCCCCCGGCCGGCCTCGCGTGCCTTCCCGCAGCACTGCCGTCCCCGGGATGCTGAGCGCCCACCGTCTCCCCGCAGCCCCCTC,39.72332107099669,5.311914339414364
5123,ENST00000294258.7,ENSG00000162300.11,ZFPL1,65084223,65088400,25.380544801305263,1371,1844.2,266.177,3.25181,CGGAGGGATAATCGGGGCGGCCGGGGCTGAAGGGAGAGGCGCAGGAGCCCTGGGGAGAGTGGTCCCTGCCCTTCCGCGCCTCGAGCCATCGCTACCGCCCTTCGGAACCAGTGCAGCGGCCGATCAGTAAACACAGAGACTGGGGATCGATC,7.805051587056213,2.964408167647671
5124,ENST00000279281.7,ENSG00000149823.7,VPS51,65089324,65116384,23.67476214403702,2714,3857.14,392.42,2.29217,CTCGTTTCAACAACAACTTTATGGCTCCCGGAAGTGCCTCCTCCCCGTCCCCTTCCTTTCCAGCCTCACGCCCGTGGGCTGCAGTTGGAACG,10.32853677695678,3.3685639798598817
5125,ENST00000279263.11,ENSG00000149809.14,TM7SF2,65089324,65116384,7.591310798900721,1722,2371.72,181.286,1.72212,GGGACGAGAGCGGTCCTTGTCTGCGTTCCGTGTCCAGGCAGGTGCAGGCGCCGCGGGGCCGGATCCTCCGCGCGGCCGAGTCCATCTCCTGGGAAATGGGGCGGACAGTGTTTCCTTGACTGACTATTGTGAGCGCCCTCTCTCTCCGGCGGAGCGGAGACC,4.408119526456182,2.140163343212089
5126,ENST00000279242.6,ENSG00000149792.8,MRPL49,65122183,65127371,108.94025367204314,2019,2600.46,945.396,8.19078,GCTGGCGTAGCAGGTAAAG,13.30035157482476,3.73339247659521
5127,ENST00000265465.7,ENSG00000014138.8,POLA2,65261762,65305589,51.48953532296596,3744,4603.59,256.053,1.25313,GCAGCTGCTGACTGGCGGGCCGCCAGGCGCGTGCGTAGAGACGCCCACACGCCCGCTGATGCGCACGCGCCCTGGGCCGCGCGTGCGCGCGTGGGGTTCCGGAATGAGCCGGGGAAAGCAAGGGGAAGGTTTGGGGTTGGCTCCCGGTTTCGCGCATGCGTGCACTGCACAAACCATTTGGCGGGTTTTTCCGGCCACTCAGTTCTGCCACCGTCACTGAGAAGCTCAGCGGTAGCTTTTGGGAAGCAGGACGTTCTCACCAGGAGAGCGTCCTCTCGAGATTTCTGCTCCCTCCATTCAGGGCGTTTGGGAGCCACCCCTTCATTTTTTAAAAAAAGTATTTCTCTGTGACCGACGGCCGGGGCCTTCTGACGGTCTGAGGTCTTGCTTGGGCCAGTCACCTCCTGTCACGGTCCGCGGAGGGGGGAAGGATAAGAGGGCGAGGAGCTCATCGCTCGCCACCCCCGTGGGCTTCTTGGGCGCAGGTCGGAGCTGGGTGGGCCGGCTCCCCGGCCCCTGGCTTGGGCGACC,41.08874204828386,5.360671257262404
5128,ENST00000528416.5,ENSG00000133884.9,DPF2,65333754,65353249,28.166471090081096,2799,3639.66,726.369,4.49634,AGTGCTCGCTCTAGTGCGCGCGCCCGGACGGCGCCTGCGCAGAGGGCAAGGAACCTGGTACCCCGGTGCGGTCCCGGCGCCTGCGCGCTGCGGACTGTGGGGCTTCTCGGCCCGAGGCAGAGGAACAGGGAAG,6.264310770555851,2.6471557860673975
5129,ENST00000270176.9,ENSG00000142186.16,SCYL1,65525077,65538704,15.081191670700182,2642,3612.97,402.252,2.50839,CTCTCCGCCCCGCCCCGGCTCGGGCGGCCGGAGGACCCGGAGCTAAGGCGCCCGAACCCGCGGCGGCGGTGGGGACG,6.012299391522125,2.587916852219972
5131,ENST00000309328.7,ENSG00000173465.7,SSSCA1,65570430,65574198,64.40685986921949,698,674.294,111.461,3.72423,CGCAGCGGAGGGCGCTCCGCTTTGACGTCACTTCCTGTGAGCCCGGCGGTGACAACGGCAAC,17.294007048227282,4.112200277275712
5132,ENST00000355703.3,ENSG00000197136.4,PCNX3,65615773,65637439,22.357583572315047,7105,11378.8,777.365,1.53919,GGCGCATGCGCCACTGCAGGCTGGCGGTTCGCGGCTCCTTCTTCCGGCCTCCTCCTTAGGCCGGCACCAGCAGAAGCCGGGCGAGCGCGGAGCCCCAAGCAAGTGACCTGCGACCCCGAAAGTGGACCCCAGATCCTGGGGTTCTCCCTGGTCCGGAGACTAGGGAGCTGTCGCCTGCACCCCGGGAGCACCCACCCCACGACCACCTCTGGATGCCGCCGACGGGTACCCGGCCCGTGCCCCGCGCCTGCCTGCCGGCTCGGCCCCTCGGAGCAATTCTGGGCCAGGAGTGGGGACCCGGACCCCGCCCCTGATGCAGCCCCACCCCCGCGTCCGGGCCTTGCACCACTGACTGTCCCGGCCGGCCCCGCCCCCTGCTCGCACCCTCGCGCGGCCGAGCCCCCCTCCCCCGCTGGGGGAGGCCATGGCGTGAGCGTGAGGCCGGGCCCCGGGGCCCTCAGGCGCCAGACGGGGCATGGGCCGGGGGCCGCCCCCATGAGGGTCCCGGGAGGGGGGGCGCGGGCAGCAGCGGCGGGGCC,14.525551473382134,3.8605210325488684
5134,ENST00000530446.5,ENSG00000172977.12,KAT5,65711996,65719604,15.2724983887207,1697,2004.62,377.481,4.24254,GGCCGGAAGTGGCAGTGGAGGGAGGGAAG,3.599847824350672,1.8479359210841406
5135,ENST00000308110.8,ENSG00000172732.11,MUS81,65857126,65867653,6.886525481958285,2392,3400.32,165.874,1.09906,ACAAAGACCCCGCTCTCGAATCTGGGGTGACAGGAAGGAGCCGGTCCAGGCTCCGGGGGCTGGGAAAGGGCGCGTCTCAAAGGCTGGCTGGAGTGGAGCCAAGGGAAAAGATCGTTAGAGACAGCGCCCCTGACCAACCACTTAGAGCAGCGCAGGGGTGGGAGGGCGGCCGCAGGCTCTCCTCTCGTTAGTGCCCCCTGTGTTTGGGGCCCCGTGATCTCAACGGTCCTGCCCTCGGTCTCCCTCTTCCCCCGCCCCGCCCTGGGCCAGGTGTTCGAATCCCGACTCCAGAACTGGCGGCGTCCCAGTCCCGCGGGCGTGGAGCGCCGGAGGACCCGCCCTCGGGCTC,6.265832149253257,2.647506122935364
5136,ENST00000312579.3,ENSG00000175602.3,CCDC85B,65890112,65891635,53.69865404646962,1524,2031.78,255.0,2.82765,TTGCACATAAAAAACGTTTATTGAACAAACGAATCCTGTATGTTCCTCCCCCCAGGCAGGAAACGCTCCCTGGGAGGGAGGGTAGTCTATTGGTGAGCTAGGACGTTTGGACTCAGGGTTCCGAGGAACCAGGAGCGATCCTTAGTGGGCCGAGACTTCCGAATTTGATCAAAGGTAAAGAGGGACTGGAGAGCGGTCCATCTGACTTCTGTGGGGGATGGGCAGGAGTCAGGGGCGGACGCCTGAATCTTGTTTCTCAGAAGAGCCGAGAGGCCTAGGCTCAAGCTTGGGGCGATCCGGTACTTGGAGGTTCGAAGCTCCTAGTTTCGGGTTGAGACCGATGTGGAGGGCGATGACGCGCGGGTTCCTTGACATCGAGGATCAGTAACACCCGGAGTGGGTGGGGAACGAGGGGGGCGGCCCCTGAGCTCAGGCCCCGCCCCTTTCCGGGGACGTTTCACCGGATTGGCTGTCCTTCCATAACGACATGCGGCCCCGCCCCGGCGCGCGCCCCGCCGCGTGCCCAGCCCGGGTAGCTGCTGCAGCCTACGCTGCCTCGGCCACTGCCTGCCGCGTGCGGAGCCGGAGCCCGAGCCTGAGTGGCGCCGGGCCCGACGTGGGGCTCCTGGGCCGCGGCGGCGGGCGGGCGATGCTCCAGAGGCCTGACCAGCC,18.990558961140742,4.247210464755915
5137,ENST00000312515.6,ENSG00000175550.7,DRAP1,65919257,65921561,102.91154731876284,989,1055.18,321.335,6.86109,GGGCGGGAGCGGCGGTCCAGACTGGGGAGGGACGCGCACCGGCCAGGAGGCTTCAAGAGGAGGGCACTAGGGCCCTGCGAGCGGCGTCTTAACCGGCGGCGCTAGGACTCCGCGGGAAACGGCGGGGGCGGAGCGGGCGGCACCAGGACCCAGGGGAACCGCGACGGGCGGGCGGCGAGCAGGCCCGGGAGCCGGGAGGCTGCGGGCGGCGGCGCTGGACCCGACGCGGCGAGAGAGGCCCCGAG,14.999300011916889,3.906823269415176
5138,ENST00000312397.9,ENSG00000175467.14,SART1,65961689,65979828,25.64509773794649,3293,4744.23,543.796,2.58245,AACACGACAGCGGCTGCCGAGCGACCCGGAAGTATTCCCATTTTGCGTTGTCTGGGCTCGGCGGCAGCCGGGCTCGGAGTGGACGTGCCACT,9.930530208889422,3.311870747896102
5139,ENST00000445560.6,ENSG00000175334.7,BANF1,66002079,66004149,388.7572446124392,946,942.198,510.058,12.1966,GTCAAGCCTAAGTCCTTGAGTTCCGGGTCCGGGCAGCAGAGAAAGGAAGTCCTCTCCCTGGAGGCCTATCTCCCTCAGAACTGCGCGAGAAGCGAGACCTTAGAAGGCAGGGCTTCCCGCGAAGGACCGGAAAGGAGCGCCTACTAAGGACGCCGTCGAGGTCCGGGGCGCCTCAACTCTATAGCTCTAACTGGCTAGAAGTGCCCAACGTGGAATGTTTCTTTTTTAAAGGCGGCTCTTGAAGCGACCCGGAAGCGGAAGTGGAAGAAAGTTCTAGTGGCTTGAGATTAAGCCTGATCAAG,31.87423090143476,4.994318626252663
5140,ENST00000322535.10,ENSG00000087365.15,SF3B2,66050729,66069308,112.0095235493783,2903,3636.63,4432.0,27.4577,GAGGCTGGCCCCAGCTTCCGGGTTGGTCGCGCGCCTTCCTGCGGCTAAG,4.0793483630959,2.028338713860235
5141,ENST00000320580.8,ENSG00000175115.11,PACS1,66070363,66244747,8.33217532231659,4392,6194.82,681.604,2.47894,CCTCGGCCTCCGTAACCCCCGCCTAGCCGGGCC,3.3611847492543547,1.7489698433027918
5142,ENST00000311481.10,ENSG00000174903.15,RAB1B,66268533,66277492,112.93230036507268,2007,2849.07,2165.96,17.1281,CCGGGAATCAGCGCGGCGAGGCCTGAGAAGAAGACGTTTGCGCCTGCGCGTCGCGGGCGGGGCCTCTGGGGCGGAGCGGCCACCATCTTGGAACGGGAGGCGGAGCAGAGTCGACTGGGAGCGACCGAGCGGGCCGCCGCCGCCGCC,6.593393334057641,2.7210211490327256
5143,ENST00000310137.4,ENSG00000239306.4,RBM14,66616582,66668374,106.4420957755914,2828,3927.29,1381.85,7.92736,ATTGGCTAGGCCAGGGCGCCTGCGCGGCGGGGTTCTCGGTCGCCAGCCATTCCTGAGGAGGACTGCCGGTCGTTCGGACGTCTTGCCTGTCGCTGGAGGAGAGGTCCGGGCTCTCCAGGAAGGTGGCTGCGGCGACAAA,13.427180773371134,3.7470845172075444
5147,ENST00000506523.6,ENSG00000173933.19,RBM4,66616582,66668374,19.785637549061533,654,477.136,39.5427,1.86718,GCCGCGAGGAGGAGGCCCTGCTGGTTTCTGTGCGGGCTCTTGTCAGG,10.596534639971258,3.4055206356079344
5148,ENST00000309657.7,ENSG00000173653.7,RCE1,66744451,66846546,8.740206979735586,1485,1913.42,91.8917,1.082,TCCCTGGGACTGCGTCACTGGTGCGCGCCGCGGGTCAGGGCGCA,8.077825304746382,3.0139669459046625
5149,ENST00000309602.4,ENSG00000173621.8,LRFN4,66856647,66860475,2.815880688935758,2431,3592.43,373.184,2.34044,CTTGTCCCCAGCGCCTGGACTCCCCCTTAACTGCTTGGGAAATGTGACCTTTGCTCTGGGGGGCCTGGCCCTGCAGGCCCCAACCTTCCCTCATCTCTGGCGGCCCTCTTGGGCCTCTGACCCAGCCCCTCCCCGGGCCAGGCTCACAGAAGCTGGCTTCTGGGACTGTCCTGGGCCCAAGTGGGCACCTGCGCCAGCCCCACCTGTGCCTGGGCTGTGGCCCCTTCCTACAGGGCGCTCACC,1.203141584033668,0.26680642685655115
5150,ENST00000529006.6,ENSG00000173120.14,KDM2A,67119269,67258087,9.378474704757764,6967,8969.58,479.994,1.20566,GCAGGCGACCAGCCCCTGCTGGCCGAGGGCACGGCGAGGAGGGCGCTCCCTGCGGCCGGGGCCGGCCCGGGGCTCGGGCCCGGGCTGCTGACCGCTGGCCTGGGGGAGGCGGGGGCGCCCCGGGCTCGGCGCCGAGGGGTCGCGCTCCTCTCTCCTGACGCCTCCGACTCCCGGTCTCCAAAGCCAGAAGAGAAGGTTTGATTCAGCAACTGTTTGCTCCCTTTTCCTGGTCGCTCTGACCCTCTCTGGATACTGGGTTGATCCACGGAAAAACCGAAGACGACGTTTGGGATTTAATTATTCCTCTCAGCTTTGGAATCTTTTACTTCTCACTTGGACAAGAACTCAAGAGCAGAATCTCCGTGTTGCAATCTGGTTCCTAAGGAGGAAGAGGAAGGCAGCCCTGGAGTGGTTTCTTTACAGTAATTTCAACAGAAGAGTGAGAG,7.778706023885477,2.959530185007661
5151,ENST00000308595.9,ENSG00000173020.10,GRK2,67266410,67286556,13.538317409238932,3466,4904.25,704.862,3.23813,GGAGGCGGCGGCGGCTCCGGGGCGCGGGCGCGCGGGCGGCGGCGGCGGCGGCGCCCCGACTGCAGTCCCGGCGGGAGCGGAGCGCGAGCCGGGGCCGGGCCCGAGCCGGCGCCATGGGGCGGCGCCGCCTGTGAGCGGCGGCGAGCGGAGCCGCGGGCGCCGAGCAGGGCCAGGCGGGAGGCGTCGGCGCCCGAGGCCGAGCGAGCCGCGGCCGGGCCGGGCCGAGCGCCGAGCGAGCAGGAGCGGCGGCGGCGGCGGCGGCGGCGGGAGGAGGCAGCGCCGCCGCCAAG,4.180906081361444,2.063815635471036
5152,ENST00000312629.9,ENSG00000175634.14,RPS6KB2,67428460,67435408,9.296696651676717,1733,2472.64,745.013,6.78836,GCGCGGCCAGGTACGGGCCGACGGGCCCGCGGGGCCGGCGCCGCC,1.3695055435593748,0.4536551058749321
5153,ENST00000279146.7,ENSG00000110711.9,AIP,67483041,67491103,86.2993519251934,1221,1531.11,639.607,9.41173,CCCTCAACCAAAATGGCGCTAGCTCGGAAGCTGCCGAGGTGCTAGGAGTTGCCGAAGCAAGTCCGGAAGCTACCGAGCGAGTCCGGAAGTTGCCGAAAGGGAGCAGCGGGGAAGGAGG,9.16933995399288,3.1968178865603925
5154,ENST00000398606.7,ENSG00000084207.15,GSTP1,67583595,67586660,82.6386282010706,965,1074.78,650.615,13.6385,TGGGAAAGAGGGAAAGGCTTCCCCGGCCAGCTGCGCGGCGACTCCGGGGACTCCAGGGCGCCCCTCTGCGGCCGACGCCCGGGGTGCAGCGGCCGCCGGGGCTGGGGCCGGCGGGAGTCCGCGGGACCCTCCAGAAGAGCGGCCGGCGCCGTGACTCAGCACTGGGGCGGAGCGGGGCGGGACCACCCTTATAAGGCTCGGAGGCCGCGAGGCCTTCGCTGGAGTTTCGCCGCCGCAGTCTTCGCCACC,6.059216790781289,2.5991313242131278
5155,ENST00000322776.10,ENSG00000167792.11,NDUFV1,67606852,67612535,107.60527495126496,1596,1907.21,567.86,6.70819,GAAGTTGAAGGGGCGCAGCGATACCGGTGCGCGGCGCTGGCGTCGGGCGCGTGACGTCTTTCCTGCGCGCCACCTAGCGTCTCTATCGCGCCAGTTCCTCAGCCTCAGTGCTATGAAGGTGACAGCGTGAGGTGACCCATCTGGCCCGCCGCG,16.040880617762014,4.003681440421118
5156,ENST00000313468.9,ENSG00000110717.11,NDUFS8,68030617,68036644,245.2134730116041,791,765.579,1386.56,40.8048,ACAGAAAAGGGGGAACCCGCTGGCCCAATGGCAGCGTCCTACAGTGTAGCCTCCGCCTCCCGATTGACTGGCCTGCTTGGCAAGGCAAGTAGCGGCGGCGCTTCAAG,6.009427151011746,2.587227472503215
5157,ENST00000294304.11,ENSG00000162337.11,LRP5,68312609,68449275,7.3645221587086995,5159,7575.11,717.803,2.1349,GCCCGAGGGGGGAGGCGGAGGCGCCGGGAGCCGCGCGAGGAGCCGCCGCCGCCGCGCCATGGAGCCCGAGTGAGCGCGGCGCGGGCCCGTCCGGCCGCCGGACAAC,3.4495864718294533,1.7864234254274214
5159,ENST00000524845.5,ENSG00000110075.14,PPP6R3,68460731,68615334,40.89129157424115,2771,2501.91,359.742,3.23952,TTTGGGCGCTTCGCTGATGGTGTCGGTGAGCGCGTTTCCCGCCTGAGCGCAACTAGCGGCGGGTCGTGGGCACCTCCAGGAGAGCTTGTTTCATATCCATATCCCACTGTATTCCTGCTAATCTGCTAATGCAGTAAATTGGAGGAAAACTGTTACCAGGATAACCTGTAATGGGCAAGGAGCCACAAAGAAGAAAACATTTCTTTTAATTTTTAAACTTGGTTTGAAAGACCAGC,12.622639024991711,3.65794166212083
5160,ENST00000255078.7,ENSG00000132740.8,IGHMBP2,68903842,68940602,4.927239337923964,3961,5683.92,305.572,1.21123,GCGAACCGCGTGCGTAACGCACGGGCCCGGCGGGGAACACCGGTCCGCTGTAACACCGGCCCGGCGCAGAAGCGGGACGTCGGCTTCTAGGGGCCCAGGCCGGCGGCGGCG,4.067963423894689,2.024306707611595
5161,ENST00000227507.2,ENSG00000110092.3,CCND1,69641087,69654474,77.67792146539968,4307,5150.56,992.404,4.34106,GCTTAACAACAGTAACGTCACACGGACTACAGGGGAGTTTTGTTGAAGTTGCAAAGTCCTGGAGCCTCCAGAGGGCTGTCGGCGCAGTAGCAGCGAGCAGCAGAGTCCGCACGCTCCGGCGAGGGGCAGAAGAGCGCGAGGGAGCGCGGGGCAGCAGAAGCGAGAGCCGAGCGCGGACCCAGCCAGGACCCACAGCCCTCCCCAGCTGCCCAGGAAGAGCCCCAGCC,17.893768219144558,4.161385329041428
5162,ENST00000301838.4,ENSG00000168040.4,FADD,70203163,70207390,59.569415208581525,1841,2434.8,267.591,2.47611,GACGATACGCCGGGCGCAGGCGCAGAAGCCGCGCCCGTCCGCGGCGCCGCCAGCCAGGGCGGAAACGGCTGCGGCTTCGCTAGGGACGCATGCGCGGGTCCCTTAGTTTTCGCGAGATAACGGTCGAAAACGCGCTCTTGTCGATTTCCTGTAGTGAATCAGGCACCGGAGTGCAGGTTCGGGGGTGGAATCCTTGGGCCGCTGGGCAAGCGGCGAGACCTGGCCAGGGCCAGCGAGCCGAGGACAGAGGGCGCACGGAGGGCCGGGCCGCAGCCCCGGCCGCTTGCAGACCCCGCC,24.05766109283575,4.588424484126651
5163,ENST00000253925.11,ENSG00000131626.16,PPFIA1,70270700,70384403,10.153104005322284,5234,5485.13,1031.93,4.23863,GCCGCGCAGCCGGGCCCGCTCCTCCTCCGCTCCGCCAGTGTCCGGCCGCGGGCCGGCCTTAGTGACTGGGGCGGCGGGCCCCGGGGCCGCGGCGTGGGGCGGGCAGGCGGACGCCGGCCGCGGGCTGCTTTCGTCGGCTCCCAAGCTCTCCCGGAGCGAGCAGCCGCCCGCGAGCCGCCGCGGAGCCTCCTCGCCCGCTCCCGCCGGCGAGCAAG,2.395373978224635,1.2602509145878718
5164,ENST00000301843.12,ENSG00000085733.15,CTTN,70398404,70436584,71.06375939912728,3272,4101.45,1368.33,7.51649,GATGCGGCCCCGCCCCCGCCCTCGGAACCGGAAGTAGAGCCTGGTGCCTGGGAGCGGCTGGCGCGGCGGAATCCAGGGCCGACCCGGGCCGGACCGACCCCAGGCGGCGACGGAATCAGTCCCCAATGCCTGGAAATTCCTCATTGGATTACTGTGTTTTAAACAGAATTTCGTGAACAGCCTTTTATCTCCAAGCGGAAAGAAAG,9.454380887771723,3.240982987589552
5165,ENST00000319023.6,ENSG00000172890.11,NADSYN1,71453109,71524107,11.096348109251966,2773,3790.3,221.881,1.31889,AGACGGGGCGGGGCGATCCGTAGGCAGGGCCTGACGCCGCAGTCCTCCTTGGCCGGAGCCTCAACGGATGGGCGGGGAGGGGGCGGGGCCGGGCAACCCGGAAGGTCCGGCGTCCCAGCCGCCTACCTCGCTGGGACCCTGGTCTTGCTGTCCCCCGCTGGCCTCCTGCCCAAGCGACTGCGGCCAGG,8.413399229088071,3.072688804063484
5166,ENST00000298229.6,ENSG00000165458.13,INPPL1,72223701,72239105,10.658398709532529,4733,7129.21,929.465,2.93734,TGAGGCCGGCGCTGCAGGCAGCGGCGGCTGCGCGGTGAACGAGGCGGCCTGCGCGGCGGAGTGCTGAGTCCCGATCCCCGGCTCTGTCCGGCCCACGGATCCTCAAGCCCGGGCCCCGGGCCCGGCCCCAGCCTCAGCCCTGAGCGTCTCGGGGCGGATGGCGCGGGGCGGCGGGGGCGGGCGGTGCTGAGCCCTGCGCGGGCC,3.628588692331337,1.859408533763062
5167,ENST00000310614.11,ENSG00000175581.13,MRPL48,73787316,73865133,86.41359574054383,1536,1350.08,136.288,2.27436,AGGCCGAGGCGGGCGGATCACCTGAGGTCGGGAGTTCAAGACCAGCCTGACAAACATGGAGAAACCTCATCTCTAGTAAAAATATAAAAATTAGGCGGGCGTGGTGGCGGGCACCTGTAATCCCAGCTACTTGGAGACAGAATTGCTTGAACCCGAGAGGCGGAGGTGGCAGTGAGCTGAGATCGTGCCACTACACTCCAGCCTGCGCAACAGAGCGAGACTCCGTCTCAAACAAACAAAAAAGTCAGATCTGTGCTAGACGCTGAAAGGAATTAATCAGACAGGATCTCAGTCTTTTAAGAACTTTCAAATACAGAGAAGAGGTGGTAACAAATCATTAGTGTATAATATTGTAAGCGAAAAATTAGAATTGTGTGCTAAGTACTGGGGTAACACAGAGATGGTAATTAATTCTTTCTGGAGAAACAGCAGTGAATGTGACAACCTGAGTGAGGGTGGAAAGCAGGAGAATTTCTAGACTCTGAATTTCAGAAGCTTCCGGAACTAAAATGATGTGGAAGTTGAGTGAGTCTCGGTGGGATATTGCTGCTGCACCTGGTCAAGGCCGTTCCTTCAGTGTTTTCAGACGCCCTGGGAACGCGGCTGCAGGGTCCGGTCTTCGGTTTGCACAGCTAGAGGCCGCGCAGCAGCAAAGG,37.9946867428832,5.247725778031956
5168,ENST00000328257.12,ENSG00000214517.9,PPME1,74171099,74254703,67.83529334967884,2677,3086.92,538.475,3.93008,ATTGCGCAGGGTGCATTGCCCTGAAGAGCGCTCCTCCTTCCGGTGAAAGTCGTCGGGTTCCCAGCCGGGAGTCTGCGGAGTTCTCATACTCTGTTACCCAGCTTCCTTTGTATGAGTGCTGTTGCGCACTTCCGGTGGAAGCGCTGAAGCGAGTGGGTGGAGTTTACGGAGCCGGTGGGCGGTAGGCGGTGCTACGGGTAGCTGGGTGCTGTCCAAAGGCGACAGGGCGTCGTTAGGGGAGCGAGTCGTGACCGGTTGGGCCACACTCAACGTGGGACGAAGCTTCGCCTACTGTTTGACTACGTGCGTGCAGCCTCCCCTCG,17.260537533505385,4.109405489001392
5169,ENST00000263681.6,ENSG00000077514.8,POLD3,74493366,74669117,28.515914551222,3821,3605.07,707.057,4.41879,GTAGTGCGTCGCCTCCGTTGCCGGGGAAACGACCCGGGACCTGGGAGGGAGCAAAGACGTTTCCCGCCGGCGGGAGCTGTGGCTGTGATTGAGAGAGGGGTTAGAGGCGGGTCCCAGCGCTGCCGCACC,6.45333101397034,2.6900440282661995
5170,ENST00000299563.4,ENSG00000166439.5,RNF169,74748868,74842413,9.892802548375156,7823,7734.97,976.87,2.84538,AACGGGAAACAAG,3.476794856354918,1.7977579452793424
5171,ENST00000294064.8,ENSG00000162139.9,NEU3,74988134,75018893,8.722768360001735,6728,8098.67,431.184,1.19953,TTTCCTTTTATTGGCGTTTGTAAAATTTCTTCTTTTTAAAATTGTTATATTTTAGAGACAGGGTCTCGCTCTGTCACCCAGGCTGGAGTGCAGTGGTGCAATCACAGCTCACCACAGCCTCCAACTCCTGGGCTCAAGGCATCCTCCCACGTAGGCCTTCCAAAGCGCTGAGATTGTAGGCATAAGCCACCAGGCCCAGCCTATTACCTTTACGTTGTACTTAGTCCCAGATAAAAAATGACCTTAGATCAGTCCTTTCCTCTTTGGCTGGGGAGAGGGGGGCTTAAATTCCGGTACTGTGAAACAGAAGAATGGACTCAGTGCTATGTGACAAATCTATGTATGTAAATGTGTGTATATACACACACATAAATTATATATATGAATATATTTTCATTTTCATATTTTGCAAGGAGAGTAGCCAATGCTCTGGACCTCTGGTCCTTTTTGTAGGGTACCCTCTGAGGCCGGGAACCTTTGCTCAACTCTCAGGCTGTCCAGGGAAGCTTTAGGCGGTGATACCGAGCTACAGACCAATATAAGAGCTCGGGGCTGTGGCACTGAAGAGAGGAGGCGGCCGTTGGGAACTGAGGTGGGCCCAGGGCTTGAGCTGAGTTGGCGAGGGTGGAGGTGGTGCCGGTCCCACGCCGTGGTGGGGACCGAGCTGCGGGCTGGAGGGAGGGGCAGCGCCGAGGGGGCGGGACGGGGAGGGCTCGCGGAGTAGGCCAACGGTTGGCCCCAACCGCCACTGACTACAGCCTGCGCCCGCCTCTTTTCGTTGCCGTTACCTGTTTCCGGCAGTCGACACGCTCTTCGCTTCTCGGGGCTTGTCTCCGTGTCCTCCGTCTCAGTTGTTTCTCCCTCTCTATCCTCCTCTGTCTCAGTCTCCCCAGCCTTGGGGCCGGTGCCTCTTCCGGGCTTCGGCGA,7.271821763525494,2.8623168386919233
5172,ENST00000531188.5,ENSG00000149273.14,RPS3,75399486,75422280,642.4724532150348,2097,2202.46,338.349,3.46113,CCTTTATACTCACTTCCGCCCGCGAGCCACTTCCTTTCCTTTCAGCGGAGCGCGGCGGCAAG,185.62505690772517,7.536247657980278
5173,ENST00000356136.7,ENSG00000198382.8,UVRAG,75815167,76143195,6.247322002746399,4123,3925.19,221.324,1.27037,AATGAGCGCTCCGGGTCTCAGCGGGGTGGAGGGGTTGCACTGCGGTAATATGGCTCTTCCTTAGCCAGCGGCGGCAACGGCGGCAGCGGCGGCAGCGGCGGCGGCTACTGTCTGGGCTGAGCAGTAGTGCCTCTCGGGTGGCGGGTTTCTAGGCTGCAGGGGCTTGGTAGGTGGTGGCAAGGGGGCGGCGGCGGATGCCGGAAGAGTGCCCGCCCCGCCGCTTGGCGGCCCCTGGATCGAG,4.917718462138117,2.2979891434529893
5174,ENST00000532485.5,ENSG00000078124.11,ACER3,76860867,77026797,16.43674193936161,7378,6130.35,433.827,1.59439,GGGCGGGGCGCGAGCGAGCGCGCGGGCTGGGCCGGAGCCGGCCTGGTCGCCAGCCTAACCCGGCACAGTGAGCGGAGCGCCTGGGCGGCGGCGGCGGCGGCGTG,10.309110029140681,3.3658478871506334
5175,ENST00000533655.5,ENSG00000165490.12,DDIAS,82899975,82958277,24.281166831564004,3533,2622.48,145.428,1.24939,GGGAGATTCGATTGGAAGGCTGCCGGCGTGCTACTGAGTTCGGCCGGTCCGAGTCACTGTGCGTCGCCTGGGCCCGTTCCTGGTCTTCTCCCCCAGGGTCTTGCTCTGTCACCCAGGCTGGAGTGCCATGGCATCATCATAGCTCACTATGGCCTTGATCCTCCTGCCTTAGCCTCCCAAGCAGCTGGTATTACAGACCACGGTGTGAACAC,19.434417460972156,4.28054195899554
5177,ENST00000298281.8,ENSG00000165494.11,PCF11,83156988,83187451,11.518373014453957,7677,7193.46,779.48,2.44134,GGCCGGAGAAGAAGGCGGTGCCAGGGCGTCCTGCGGAAGGGCCGGGGGCGGGGCTCGTGACGTTGCCGGGACAGCCAATCACGCCTGGTTTTATCAGTGGCCCCGCCCTTTTACCGCACATTTCCCCTCCCCTAGTTCATTTCGCACGACGCAGCGGTTGGGAACACAGACATTTTCGGAGCTGGAGCCGCCACTGCCGCCGCCATTTTGTGTCTGTGGAGAAAGAAGCTTCTGTGGCGGCTGGAAGTGGACGGAGATCACCCGCGAGACGGCGGCGTTTCATACCCGAGGTTCCCCCTGTGTCGTCCCCCATCCCCCCTCCGCGGTCAGCATGTGGTGAAGCCGGAGCCGCGAGAGAGCCGGGGAGAGGAAGAGGAGTCGGAAGGGAGGCGGGGTATCCAGAGCGGCTTCAGCTTCAGCTGCAGCGGACCTCGGAGGGGGGCCGCGGCGCA,4.71805361582326,2.2381918134147685
5178,ENST00000358867.10,ENSG00000171204.12,TMEM126B,85628573,85636539,69.78272955787072,989,560.568,203.911,8.19547,GGCAAGTCACATGAGCCACCAAA,8.514792874340424,3.089971436210767
5179,ENST00000304511.6,ENSG00000171202.6,TMEM126A,85647967,85656547,25.125887716290364,739,535.537,105.982,4.45865,AAAGATGGCTGCGCCCAGGTAATTTGAGCAAAGGCCACAGTGAACTCCGGCGTGGCTGAGGAAGGAGGAGGCACCCACAGGCTGCTGGGAGGAGAGCATAAGGCTCAAA,5.635312867412864,2.4944957097293288
5180,ENST00000263360.10,ENSG00000074266.18,EED,86244544,86278813,29.074869390040543,2223,1917.79,122.119,1.43464,ATTCGCCAGATGGGGGAAGCCAGGGGGAAGCAGGTTACTGTTTTTGCATTTCTATCTTCAAGGAAGAATTAGGTTATGAATAGTTCCGTGAATAGTCAGGAAGCGCTGTCCTCCAAGTTCAAGATTAAGGAAACGTGGCATGCACAGCTAAAGCAAGAGGTGACGTCTTGTATCTTCCCCCGTTTCCTGGGACATTGGTGGTGTAGCCCATTCCACAGACTTTCGCTCCCTAGCAGCGGGTCGGAGATCGAAGGAACGGGCCAATTGCGGCTGAAACGTCTTTGGAAGGAGGAAGGGGGTGAGGGAGCATCCCTTTGAGTTTCGCCTCTTCTCGAGGCGGTGGTGGGAAGGGAGACATACTTAATACTGCCCTCTTAATCCAACGGACCTTACATCGTGTAGACTGCCGGGAGGGCGGCGGGAAAAGGGCAAGACGGGAGTTGGGGAAGGGAAGGAGCCAGGAAGCCGCGCGGGAGGGCGCGCGCGCGCGCCCCTTTTTCAGCAGTGTGGCGGGGTCGCACGCACGCCCGCCTCGGCGGCTGGGCGCGATTTGCGACAGTGGGGGGGGCGGTGGAGGTGGCGGCGGCAGCGGCAACTTTGCGGCAAGCTCGGGCCGGGCTTGCTTGACGGCGGTGTGGCGGAGGCCCCGCCCCAGGCGGCAGGAACCTGGAGGGAGGCGGAGGAAT,20.26631725731929,4.341012044702921
5181,ENST00000278483.7,ENSG00000149196.15,HIKESHI,86302211,86345931,31.39300153868247,1113,724.161,203.671,6.3366,AAGCCCCGGAAGTACTTGTTGCCTGAGCAGTGGGCTGCTTAGGAAGAGAAGGTCAGAGTTCGCGGGGGCAGAGGCATTCTTGCCGCTGGCCCAGTCACTATGTAGTGGAGGGGCAGACACCCTCCCGCAAATTCTGGAAGGTTCTTAGTCTCGACTAGGGCAGTAGCCCCAGGACTCCTAGTCGCCGGCTTCAGGTCACTGCCGGCTGAACGGAGCTGCCGTCGCC,4.954234374693443,2.308662121149812
5182,ENST00000280258.5,ENSG00000150687.11,PRSS23,86791059,86952910,86.28105992454601,4015,3969.35,479.871,2.72375,CGCGGGTCCCGGGCAGGAGAGCCCGCCAGAGCCGGTGCTGCCTGGCGCCGAGAGGCCCGGACTGGCGACTGCTGCCGCGCCACCGGGGCCCACCTGCGCAGGGACGCTCGGCCTCAGGCCCTCTGGGCTGCTCCACCCTGCTCCGGCCGCAGGCGAGCGGCGAGGGGAGGGGGGCACGGTTTATGTGCAGTGGGGCGGGCGGCGTCCGCGCGGCTTCCCCGAGGCCGGAGGCGGGGCGGGCGGGCCTCGGGTGGCGCGGGGGGCGGACCCGCCAGCTGCCTGCGCTGCTCGCCAGCTTGCTCGCACTCGGCTGTGCGGCGGGGCAGGCATGGGAGCCGCGCGCTCTCTCCCGGCGCCCACACCTGTCTGAGCGGCGCAGCGAGCCGCGGCCCGGGCGGGCTGCTCGGCGCGGAACAGTGCTCGGC,31.677305158162834,4.98537770302199
5183,ENST00000305494.5,ENSG00000166575.16,TMEM135,87037844,87323758,23.36543285762445,2433,1830.14,153.83,1.89373,GGCTCTCCCCCTCCTGTCTTCTCCGCGCTGTTCCTCGTC,12.338312672674801,3.6250732069429077
5184,ENST00000325212.10,ENSG00000166004.14,CEP295,93661639,93730358,3.487798743832845,8057,6817.41,1504.83,4.97312,ATGACGGAAGTGACGGCGGCTCGGCGATGGCTCTCCCGCAGGCGCAGAAACGGCTGCTGGGCAGCTGATGGGCAGGAGCTTACCAGGCTGGCTTGCTCTGAGCTGCGGTTACTGTGTCCAGGCCCCGGGTTCTCAGAACTGTCATACATAAAGTACACAGAA,0.7013300993808403,-0.5118344485880622
5185,ENST00000251871.7,ENSG00000042429.10,MED17,93784227,93814695,30.462284665315977,4874,4354.26,273.428,1.41478,GCACCGTGATTCACCGGAAGCGCTCTAGGGAACCCTGGAGCTTCCGCGCCTGCCCAGTTTTGCTCCGAAAGACTTACCGAGGAGGGAGCTTGCGGTGCGTTCTGGGAAAGTTGCTGGGCCAGCTCCTTTGTTTCCAGTCTGAGCGTTGCGTTCGGTTTCCCGAGGGTCTTCTGAGGCACCGCGGCTGCGGGCTTCTGAGTTCCCGGCTCTCCGCAGGGAAGCCTCCTCTTCGTACCTCGTTTTTTGGCTCGTGGGGGGTCCTCCCACCGCTGGCCGACGCAGCCAGC,21.531464019364126,4.428374512937243
5186,ENST00000227638.7,ENSG00000110218.8,PANX1,94128928,94181972,10.980850627081356,2769,2659.9,307.0,2.60037,GGGCGGCGCGGAGGGGCAGGGCCAGAGGGAAGCGCTTTGTTCCGCGCGTGGTTCCCGCGCCTGGGGGTGCGCGGGAGAGGCGCGAATCCGAGTGCCGCGCGCGGCCCGGGGACTTGCACGGGCGTGCGGGGTGGAACCGCAGGAAGCGGAGCTCTCGGGTTCCCGCCCCGCCCCGCCCCGCCGGCGGCGGAGGCAGCGAGCGCGAGAGCCCAGCGGAGTCGCTGGGAGCCTGAGGCACCGAGACACAAAGGCAGGCGGGATGCGGGAGCAGGCAAAGGGAAAGCGAAAGCCGCGCGCCCGGCCGGTGACTGGGTGAAGGCGCCGCGCAGCTTTCCCGACGCCGGCTGTACCCGGACCTCCTGGTCGAGCCTGGCGCGCCGCAGCC,4.222803149967642,2.0782009960890804
5188,ENST00000544612.5,ENSG00000168876.8,ANKRD49,94493629,94499583,10.397450532562493,2268,1843.85,144.484,1.76545,GGGCTTCCGCCTGGGAACCTGCAGAAACAGGAGACGAATGCGATTCCTAAATTACCCCACTGCTGGACTCTTCGAAGCCCCACAATCGCGACCCAAGGCTGTCTTCTTTTCGGGAAGAAAGGGCAGGATCCGTGAAAAGAAAACAACACGGTCTGAACTTGCCTCTGAGAACCCGCAGGGCCGTAAACCTGAATTCCGCGGGAGAGAACGGCGTCCGTTTCTCTCGCGACACTTCATGGATAACGTAGATGCTTCAAGTCCAGTTCGGCTCTCATTGGCTACCGCACGCAGTGAGGGGGCGGGGAAAGTAGCGGCGAGGCCCCGCCCTCACGCAGGAGCCAATCCTGAGCAGGCTAGGAGACGAACCCGGAAGTGAGATGCAAGGCGGCGATTTTCCCTTCTGTCAGATCTTGATGAACAAAGCAGTCATAATTCATCTCTAGAAAGATTTATATCCTGGCATTTGAAATGCTTTTTATTTAGAATAGTAGTAAAAA,5.88940526923022,2.5581219535033917
5189,ENST00000433060.2,ENSG00000166025.17,AMOTL1,94706431,94876753,21.09598392372992,8970,10597.7,1649.44,3.50661,CTAGGACCCAGCAGCGGTTGTCGGGTTTGGGGCTGGAGGTGAAGCCCTGTGTGAATGGGGTTGATTGTCCGGCGCCACTTCCCCGCGCTGCCCGGCAGCCGTCTTCCCCAGCCGAGGGACTGAACTAGCCATGATCGCCTC,6.016062214996798,2.588819486696939
5190,ENST00000587424.2,ENSG00000263465.3,SRSF8,95067197,95071224,80.78534766683327,4028,4086.07,590.698,3.25703,AGTTTCCGGGCCCGGGCTGCTCTCGGAGCC,24.803378435824442,4.63246473649349
5191,ENST00000278505.4,ENSG00000149218.4,ENDOD1,95089810,95132645,10.616528598568474,4687,4757.81,397.0,1.87995,AGGTTGCGACTTCCCTTCCCTACCCTGCTCGGCTGCGTAGTGCGCTCCCCGCCCAGCCTGCAGAGCTCGCGCCGCGGCAGCCCAGCCGCTCGGCCCCGCCGCGCTCGCAGAGGCCGCC,5.6472398726394175,2.4975459126575283
5193,ENST00000538658.5,ENSG00000166037.10,CEP57,95789965,95832693,33.574967275014274,2084,1421.32,85.0527,1.34821,CCGCCCCCGAAGTGCGGAGACCCCCTGGGCAGGCTGAAAG,24.903366148459273,4.638268857159168
5194,ENST00000332349.4,ENSG00000183340.6,JRKL,96389989,96507574,12.634075706752748,2855,2151.21,143.0,1.49767,ATCTTCCGGGAGCGTGGCTAGGGGCGGAGCGACTGCCGCGCGATAGTCAGGGAGCTGTGCGGGTCCTGGTTGCAAGAGAGTCTATTTGCCAGCCAACCCCAGCCCGGGAGGGGATCAGGGCCACCAGGTTGCTGGTAAGGATGAAAGACTGAGTGTGTTAAGACTGTTGAAGTGAGCCTGTGTAAGAGAAGGAAGGATTTTGTGGATTGCTACATTGTGAGTGTGGGGTGAGTCCCAGAACCTCGCT,8.435820779445905,3.076528445137391
5195,ENST00000227758.6,ENSG00000110330.8,BIRC2,102347211,102378670,14.035637292886191,3743,2749.05,362.924,2.97437,GGATGGGGCGGCGGGCTTCGGGAGCGCCCGGGCTGATCCGAGCCGAGCGGGCCGTATCTCCTTGTCGGCGCCGCTGATTCCCGGCTCTGCGGAGGCCTCTAGGCAGCCGCGCAGCTTCCGTGTTTGCTGCGCCCGCACTGCGATTTACAACCCTGAAGAATCTCCCTATCCCTATTTTGTCCCCCTGCAGTAATAAATCCCATTATGGAGATCTCGAAACTTTATAAAGGGATATAGTTTGAATTCTATGGAGTGTAATTTTGTGTATGAATTATATTTTTAAAACATTGAAGAGTTTTCAGAAAGAAGGCTAGTAGAGTTGATTACTGATACTTTATGCTAAGCAGTACTTTTTTGGTAGTACAATATTTTGTTAGGCGTTTCTGATAACACTAGAAAGGACAAGTTTTATCTTGTGATAAATTGATTAATGTTTACAACATGACTGATAATTATAGCTGAATAGTCCTTAAATGATGAACAGGTTATTTAGTTTTTAAATGCAGTGTAAAAAGTGTGCTGTGGAAATTTTATGGCTAACTAAGTTTATGGAGAAAATACCTTCAGTTGATCAAGAATAATAGTGGTATACAAAGTTAGGAAGAAAGTCAACATGATGCTGCAGGAAATGGAAACAAATACAAATGATATTTAACAAAGATAGAGTTTACAGTTTTTGAACTTTAAGCCAAATTCATTTGACATCAAGCACTATAGCAGGCACAGGTTCAACAAAGCTTGTGGGTATTGACTTCCCCCAAAAGTTGTCAGCTGAAGTAATTTAGCCCACTTAAGTAAATACTATGATGATAAGCTGTGTGAACTTAGCTTTTAAATAGTGTGACCATATGAAGGTTTTAATTACTTTTGTTTATTGGAATAAAATGAGATTTTTTGGGTTGTCATGTTAAAGTGCTTATAGGGAAAGAAGCCTGCATATAATTTTTTACCTTGTGGCATAATCAGTAATTGGTCTGTTATTCAGGCTTCATAGCTTGTAACCAAATATAAATAAAAGGCATAATTTAGGTATTCTATAGTTGCTTAGAATTTTGTTAATATAAATCTCTGTGAAAAATCAAGGAGTTTTAATATTTTCAGAAGTGCATCCACCTTTCAGGGCTTTAAGTTAGTATTACTCAAGATTATGAACAAATAGCACTTAGGTTACCTGAAAGAGTTACTACAACCCCAAAGAGTTGTGTTCTAAGTAGTATCTTGGTAATTCAGAGAGATACTCATCCTACCTGAATATAAACTGAGATAAATCCAGTAAAGAAAGTGTAGTAAATTCTACATAAGAGTCTATCATTGATTTCTTTTTGTGGTAAAAATCTTAGTTCATGTGAAGAAATTTCATGTGAATGTTTTAGCTATCAAACAGTACTGTCACCTACTC,4.71886056303896,2.238438542107458
5196,ENST00000375735.6,ENSG00000187240.13,DYNC2H1,103109431,103479863,13.303295922791724,13678,10433.6,2026.12,4.37516,GACTACCCCTGGCAACCGCGAAGCTCTGCGGTCCCGCGGTCGGGCTACGGGTTTGAGCAAAGCTCCTCTCTTCCCTTCACTTCCCTCCGGACTGGTTTCTTCTTCCTTCCCCCTTCCCCCAACTTCCCTCCACCCCTTCCAATC,3.0406421531536503,1.6043760385823098
5197,ENST00000278618.8,ENSG00000149313.10,AASDHPPT,106075501,106098710,198.99406608331316,2955,2090.14,1021.47,11.0106,ATACAATGCCGCAAAGCGCAGGGCTGATCTCCGTCTCCGCCCCCAGCTGCTTTCTCCGAGAGGAGGTGGCTGAGTCGGGGGCGGGCTGGGAGGGCTGTCGGTGGGCCAGTCTGCGTAGCGACGGCCCGTCCCCTGCGCACGGACGCCGGGAAGAAGGGGGTGGGGCCACGTTTGCGTCCGCGCCATCAGGCCCGAGATAGCGGCGAGGTCCGCTTTCAGTGT,18.0729538883724,4.17576041801446
5198,ENST00000320578.2,ENSG00000179331.2,RAB39A,107928503,107963482,23.043027595938955,1830,1393.59,212.0,3.42738,ACAGTTCCCGCCGCCGAACTTAGCCCGCGGGTGGGGCGGCCCGGGAGCCAGCGGGGCACGTGAGCG,6.7232193675457514,2.74915222309426
5201,ENST00000393094.6,ENSG00000166266.13,CUL5,108008733,108107776,25.05088707305988,6351,4698.4,714.487,3.42615,AGCTGTTGTAAGCATTTCAGGACAATGCACCTCCCTTAACACCGAGTCCGGGATTTGGGGCGGGGTGCCGGAAAACGCCAGGTCCCGCCAGCAGAGGGCACGGTCCCGGCCTCGCTGCAGCCTCGGGACCCACCGAGGCTTCCAGGCTCCCACGCTCGCTCCCGAGCGCGTCCCCGCCCTCGCGTCACGTGACGTGGCCGCGGAACCTGAGCTGCGGGGCCTAAGCCGAGCTAAATTCGTTGCAGGTGGCCGCGGCGGGTGCAACCACAAAGGCTAATCCGAAGGAGTCGGGGAGGCTCGTGGAGTCGATGCTTCCTCTTCCAAGTCAGGTCGGCTCCCGTTACCTTCTCAGCATTCGCCGTTCCGGTCTTCCTGAGCGCGTGCATGAGGTCTTTCGCGTGGGGAAGCTCCGGTGACCATGTAGGGGAGAAGAGTGAGGAAGCTCCTGGTGCTTGGGACGAGGTCAGCGCTGTCGGCGCGCTGCTCCAGCGCCCACCACACCCTGGTGCGGGCCGACGGGCCCTGGGCCCTGGTGGGAGCTCCGGCCTCCGGTCAAGGCCTGGCCGGGAGCGCCACGAATTCTCGCGTCGTCTCGCGAGAGTCCAAGTTAAAGAAC,7.311672598415096,2.8702014709405694
5202,ENST00000265838.8,ENSG00000075239.13,ACAT1,108121516,108147776,200.29240206555212,1761,1394.81,1314.91,21.2393,GCGGTGCCCGCGCCGGGCCGCTAGGGGTGCGGGGTTGGGGAGGAGGCCGCTAGTCTACGCCTGTGGAGCCGATACTCAGCCCTCTGCGACC,9.43027322301357,3.237299570664575
5203,ENST00000322536.7,ENSG00000178105.9,DDX10,108665025,108940930,18.21418684978889,3264,2844.22,1255.42,9.94458,AAAAGCTCGGGGGCGGGCTTCTGAGTTCGCGCATGCGCCTCTGTGCGTTTGTCCCATGCTGGTTCCGTGAGTCTGGCCTTAGGTGTCTCGTGTCTGGGGTTGATCCGAGCTGTCGCCGCCGCCGCCGCA,1.831569241716482,0.8730802425658438
5204,ENST00000260270.2,ENSG00000137714.2,FDX1,110429883,110464881,45.108829312034224,3206,2801.15,288.005,2.31646,GGGCGTGAGAGGCGGGGCGGGGCCGCGCTCTGCTTGCCAATGTCTTTATAGGTCACCCGGAAGGCACGCGGAACCTCGGCGCGGTGCTTCCAGCAGGGTCTCTCCGCCACTCCAGCCCCGCGCCCCTCGCCGCGGCCCTCGGGCGTCTGCGCCGCAGCTGCCGCCCCCGCCTCTTTGGAGTCTCTCGCGGCCTCAAAGCGCGGCCTGCGTCGCTTCCGGCAGTTCCCGACCGCGGGCG,19.473174288368554,4.283416169331638
5205,ENST00000304987.3,ENSG00000170145.4,SIK2,111602391,111730853,8.345665404120368,9678,11797.9,733.882,1.40147,GACGTCGGCGCACGTCAGCGGCGGCGCGCGCCTGGCTGGGCCCTGGGGAGCGGGAGGGAAGGAGCGAAGGAGCGAAGGAGCAAGCGGAGCGGCCGTCGCCCAAGCCAAGCCGCGCTGCCAACCCTCCCGCCCGCCCGCGCTCCTGTCCGCCGTGTCTAGCAGCGGGGCCCAGC,5.954936890636523,2.5740862187446076
5206,ENST00000440460.6,ENSG00000150764.13,DIXDC1,111927144,112022584,5.5277574264504,5897,5633.76,318.653,1.27433,TCCCGCAGGAAAGCGGGGCTGGGGGCAGCCCGGCAGCGCCGCTCAACCTAGTGCGCGCCCAGTTGTTTCCATAGGAACCGCGACCGCGCCGGGCCCCTCCAGCGGAGGCCCCCGTGCGAGCATGCCCAGTGCAAGCCGCTAGTTTGGCTCCAGTCTAGGTTTCCAGTAAGTGGCATGCGGGACTCCGGAGGGATCCCAATGAGCTGAGCCGAGAGCCTTTGTGTGCAGAGGGAGGAGGAGGAGGCGGCGGCGGCCGCCGGGCTGGAGACCCCGCCCGGGGAGCCCCCAGCAGGAACA,4.337775479232538,2.116955381875914
5207,ENST00000280346.10,ENSG00000150768.15,DLAT,112024814,112064390,71.51121111982151,4458,4384.3,267.124,1.3727,ACAAACCTGAAACGAAATCTTTGCAACCAGTACAGCCTGCGCGGGGCGCGGCCCAGTCCATCCCCCTTCGGATGCGCAGAAGCAGAGGTCACCACGCCGGACCCCTCGATTCCCTCGCGGGCGATTCCTGGCTCCTTCACCACCCCAGCACTCCAAGACCCCCGCCCTTTGGCCTGAGGCTCCCACTGCCCTAGCCAGTTCCCGGGCTCACTTCCAGCTTTTCCAGAAAGCTTGGCCACGCCCCTCGGCCCAGACTCTCAGGCCACTCGGCCGCAATTAACCCGCGTCTCTGCGCCTTTTTAGGCCCCTCCCCCTCGGTCGTGCCCTTGTCATCTCTTAGGCCCCGTCTCACCCTTTCGGATGCCTCCCCTAGAACCCTACCACTTTCCACCCCTTTCCGTCTGTTATTTCTCCCAAACTTGCGCCCGCACAGGCCCCTCTGGAACACTCCTGCCCCGTAGTGCCCCTCGTCCCCGCTCCGTAGAGAAAGAGCGTGCGTGCCGCGCATTTCTGGCCTGGGGAGCGGGTGGAGTAAACCTGCGGGAACCATTTTACGACAACGTGCGGCTGTGCGGTGTGGCTGACGGCAACGCCGCTGCTCTTGGAGAGGTCACTCCGGAGACGGCGTTGGTTTTGGGGTGTGGGGGGTTGGTGGCACT,52.095294762017566,5.703081169309575
5208,ENST00000393047.7,ENSG00000150776.17,C11orf57,112074086,112085150,12.640605788640032,3669,3383.6,566.381,3.77131,CTTCTTCCCCCCTACCCCCCGCCACGCGAGGCTGCGGCGCACGGTATGGGTGTGTTTGTGTGTATTTGTGTGGGGAGGGCGTTTGGAGGGAAGGTTACCGGGAGCTCCGAGGCCGCTGGGGAACAGGGATCCCGGTGACAAAGATGGGGATATTTCCTCTGTCTTCCACTTGGAAACCTCAACCCCCGCTTCAGGCTCCCTAGATACTTTCTGGGGCCCAACCGAAGGCCGTAGCCATCCAAAGCGTTCCCAGCCTTTCTGGGGAGTGAAACTTACCCCCGGGGTTCGTCCTAGAGGAGCGTGAGCGGGGAATGCCCAGGTCAACCGGGCTGTCCGAATTCCGCCCCGGCTCAGCCTCCGGCCTCAGTCCGGGAGAGAGATCTGCCTGTCGGTCTGGGCTGGGGGAAACGCGGCAGTGGCCTGGGCCACAGGTGAGGGCAGAGTAACCAGTGGGAAGGCTGCGTTTTCACGAAGGACTCGGGTGAAGCTGCAGAGCTGCCTTTGAGCCCTGACTCCTTGGCTTCCTGGGTCGGAGGAGATCTTGTAATGGAGTGGTTCTTCGTCTCACTAGCAAGATGCCTGATTTCCTCAGGATCAAGGGATTGAAGA,3.351781155259056,1.7449279555618857
5209,ENST00000280362.7,ENSG00000150787.7,PTS,112226365,112269955,92.39025634618868,935,642.514,150.542,5.27883,GCGCAGCCGCGGTGGGAGGAGGCACCGGCCGCGCGGCGGGAGGAGGTGCCGGCCGAGCACCGCAGACAGCGCCGGGAAG,17.502032902402366,4.1294505991094645
5210,ENST00000316851.11,ENSG00000149294.16,NCAM1,112961247,113278436,24.311455277452943,5837,6727.41,568.555,1.90409,GCTGAGGCTGGGACTGTCACTCATTCTCCGATCAGCGCGTGAACGCAGCTCGGCTGCCGCTGGCAGGAAACAATTCTGCAAAAATAATCATACTCAGCCTGGCAATTGTCTGCCCCTAGGTCTGTCGCTCAGCCGCCGTCCACACTCGCTGCAGGGGGGGGGGCACAGAATTTACCGCGGCAAGAACATCCCTCCCAGCCAGCAGATTACA,12.768017938990774,3.674462678539805
5211,ENST00000375490.9,ENSG00000076053.10,RBM7,114400030,114450279,31.12950475527164,2064,1465.39,244.101,3.75299,ACGTCGTCGCCCGCTGAGAGCAAGCGCAACGGGCGTTTTCGTTTGTGACGCCAGGGAGCGTGAGGACGTGGGGCTTCCGTGAATGCGCAGTGGGTGCGTCGGCCACGACCTTTTGGCCAGGTTAGGGAGGGGGCGACGCTGAG,8.294587716799576,3.052170273681354
5212,ENST00000265881.9,ENSG00000076043.9,REXO2,114400030,114450279,86.04942384266572,1161,826.984,298.381,8.12896,GTTGAGGGCGAGCCGGCGCACCGTACGCTGGGACGTGTGGTTTCAGCTCGTGCGCCTCCCCGTGGGTTTGCGACGTTTAGCGACTATTGCGCCTGCGCCAGCGCCGGCTGCGAGACTGGGGCCGTGGCTGCTGGTCCCGGGTG,10.585539090199205,3.404022838295461
5213,ENST00000527958.5,ENSG00000168092.13,PAFAH1B2,117144267,117176894,145.84431163996294,4198,3725.89,1632.47,9.87133,GTGGCAGGGGAACCGGAAGTGGAGGAGCTGCTGCTGGTGCTGGGGCCGGAGGAGGGACGCGCCGGAGCGGGACCGACGGGACCGAGCGAGCGACCGACGCGCCACCCGCCGACGCCTCAGCCGCTTGGGGCCCGCACGGACCCTCTACTTCAGTGTAGA,14.774535107220904,3.8850408304300097
5214,ENST00000300650.8,ENSG00000167257.10,RNF214,117232625,117286445,13.21487845814702,2755,3010.77,202.532,1.51558,CTCCGCTCGTGCCGCCGGAAGTGGGAGGTGCCGCGCGCGGGCCGGCGCTCGACCCCTCCCCCCGTGGCTCGGCCGCCCCCTCCCCCCGCTCCGCCCGCTCAGAGCATA,8.719353949080233,3.124221244063322
5216,ENST00000252108.7,ENSG00000110344.9,UBE4A,118359585,118399211,29.8610222760047,6103,5495.45,1510.89,6.19429,TAACTTCCGGTTGCTGTGCTGAGTCGGAAGTGGGAACCCTTCGGCCGCTGAGATTCTGTCGTGTCGTCGCTGCTGGCACTTCAGGCTCTGCCTCTCCCACTAGGTCTGGATGGAGGATACCTTAAAGTGAA,4.820733655673968,2.2692527233966606
5217,ENST00000300688.7,ENSG00000167283.7,ATP5L,118401154,118431496,311.0017193429334,1577,1228.17,1507.47,27.6536,TGATTGCTCGGCCCCTAACTTTATATGTTTGGCCTTGGACCCTCTCTACCTCTGTACAACGATCGTGTTGGACTAGAAGAATCTCAGCGAATCCTTCTCCAGTACTGACTTCAAAGGTTCTCAGAATCGCGGCGAAAGCACCCTACGCAAAATAGCGGAGGTCGGCGCCAAGAAAAGCACTGCAGGTTCAGGGCGCATGCGCATTTCCGCTCCTTGCCGGTTTTCCGGACCTCTACGAGTGGCTGCCCCACAAAATGCCTGCTTCTCTGCGGAATCCTACTGTTCTTCACATGCTCTCTAATACCATCTTTTCATATCCACTTTCTCTTCCATGTTGAAAAATTAAATTGACAGGCTGGATTCTGCAAAGATCTTTGGACATTTAAGTATCTTCGACCGGCGCGAAAAGAGGCGGCCTGACCTTGGAAGTGGGACGGGGTCCTGCAGCGGGTCCTTCCGGCGGGTGACATTCAGCCGGCGGTTCGGGGCGACGGACTCTCCATTCCAGAACC,11.246337523611155,3.491383345503373
5218,ENST00000264028.4,ENSG00000095139.13,ARCN1,118572390,118603033,205.5866489965788,3845,3791.05,3182.2,18.9116,AGCAGGTCCAGAGCTGCTGGTGCTCCCGTTCCCCAGACCCTACCCCTATCCCCAGTGGAGCCGGAGTGCGGGCGCGCCCCACCACCGCCCTCACC,10.87092837182358,3.4424032459456964
5219,ENST00000334418.5,ENSG00000186166.8,CCDC84,118998142,119015791,4.723540384950959,1202,1225.83,59.1727,1.08756,GCCGCCGGATGGCGTAGGATCGGCCGCTGGTGGTGGTGATACCGGGTACCCGGGCT,4.343245784095552,2.1187735971534067
5220,ENST00000533632.5,ENSG00000196655.10,TRAPPC4,119018432,119025454,43.35365658582516,1759,1745.34,100.77,1.30081,CGGCGAAGCGCTCGCCCTCTAGCCTGAGGCGGAAGACAGGAAGTGGATTCTAGTTCCCAAGCCGCACCGCCTAAATACTGCCGGAGTCTGCGCTAGTTGTGACGCATACTATAGCGCTGTTTTCCTGCACTGATAAACGAAAAGCAATCCACCAGGTCTCGGCAGCTAACTTTCCGGCACTACTTATGCCCGAGCGTGTCGCTCCCAGTGCGCAAGTGCAGCAGGTGGCTGCACGGGGGGCGCGGGAGGAGGAGGAGGAGGAGGAGGAGGCTGGGGTGGGGCCGGCGGCAAGTGCTGTGATGCGGTTCCGGGGAGGGGCCGTCGGGTAGAGGCTGAATACCAGTTTCCGAGCGGCAAGGCAGCG,33.328200571816915,5.058671521660572
5221,ENST00000278715.7,ENSG00000256269.6,HMBS,119084866,119093549,38.2272909152046,1501,1790.82,320.445,4.03148,GTGACGCGAGGCTCTGCGGAGACCAGGAGTCAGACTGTAGGACGACCTCGGGTCCCACGTGTCCCCGGTACTCGCCGGCCGGAGCCCCCGGCTTCCCGGGGCCGGGGGACCTTAGCGGCACCCACACACAGCCTACTTTCCAAGCGGAGCC,9.482197831864376,3.2452214930508414
5222,ENST00000264033.5,ENSG00000110395.6,CBL,119206276,119313926,9.55627672298776,11231,12068.2,851.816,1.59025,TCCGCCCGGATAGCCGGCGGCGGCGGCGGCGGCGGCGGCGGCGGCGGCCGGGAGAGGCCCCTCCTTCACGCCCTGCTTCTCTCCCTCGCTCGCAGTCGAGCCGAGCCGGCGGACCCGCCTGGGCTCCGACCCTGCCCAGGCC,6.009292075452137,2.5871950442824825
5224,ENST00000311413.4,ENSG00000173456.4,RNF26,119334527,119337313,28.201644179542527,2787,4001.75,958.0,5.39358,ACACAAGATGGCGGCGCCCAGCGGAGTAGGGGCTGCGCTTGGGGTTTGCTGAAGCTGGCTGCCTCTCCCACTCCCCTTTTGGGTGCAAAGCGCCGCTAGCGGGAAGACGGGGGCCGGGCGGGGACAGGGGCACCTGCGTAGCTGGACTGAGAGCCTGCGCCCAGCTTACATCGACCCCACCCGGCCCCGGCCCGACCCGACGCGACCCGATCCGATCCGATCCCATTCCATCCGTTCCTCGTCTCCTCCCGGTCTGACCCGTTGCCCGGCCGTGGTTCGCCACACCAGGCATCCAAAGCTGAGGTCGCTCCTACGGCCTGGGCTCGCCTTCGCTTTAGAGATGTTTGGCCTCTTCCCTCCCAAACAGCCCATCTTCAAAACCTGGACTCTTGGACTGGCACCTGGCCACCTTTCCCTCTACCAAGACTCCACTTCCGTCTTACCCACTTCTTCCTCAGATTCTTGGTACCCCCTGGGTTGGAGACTGCTCATTTTCCTTCCAAATTAATCCCAGACCCCCTAAAATATTGACAACCTTGACAACCCCCCAACCGAGGAGCCAGACTTTGTTTTGGACTAACTTCCATAGCCCTATC,5.2287430944831685,2.3864641875264527
5225,ENST00000328965.8,ENSG00000184232.8,OAF,120210767,120230332,18.38393729187592,2525,3592.14,359.0,2.25166,AAACTTCTGACTCCGCCTGGGTCGCTGACTCCGCGCGGCCGGGCGGGAGGGAGGTCGAGGAGGCCGCTCGCACAAAGCCGCGGAGCCGCTGCCCCCTCTCCCCGCCCCCTGCCCGGCCAACGCCGAAGTGCGGAGAGCAGCCGCGGGCCCTTTAAGGGCCGCGAGGTGCGCGGTCTCTTTAAGGCGGGTCCTGGTGGTTTCTGTTTTCTGAAGGAAGTGACGGGGGGTGGGATTGAATGAAAAGTGCAAAACACAGGCTCGCAGCGCTGGAGCCCGGGGCCGCGGAGCCGGGCCGGGGCAGCGCCGTCTCCGCCTCGGGGCCGCCGGGGGCGCCCTGCTGAGCGCTACCCACGTGCGTCCGCGCCACCTCGCGGGCGACCCCGCGGCCAAGGCCCCCGGCGGAGCGGCTCCCGGGCGCCCCGAACTAGCCCCCAACTTTGGGCGAAGTTTGCCTGCGCCTCTCCCCGCCCCCACGCGGCGCGCCGGGGCCGCGGACGGCAGCGGCCCCCGGGG,8.164615124786122,3.0293848795837275
5226,ENST00000356641.7,ENSG00000196914.8,ARHGEF12,120336914,120489936,7.806116522532124,6891,6847.34,469.261,1.54403,TCCCGGGTCCCCTTCCCACTGCGCGCGGATTTCCCTCTCTGAGGAAGTTTATCCTTGTGCCTTCTGGAGGATTTCTCTCTAGCTCGACTCACTCTGGACTGACTCGCTCCCTGGCTTTCTCAGTTCGTTTTGGGAGATAACTTGTTTTGCTCCAAGCCGCATCCGTTGACCCCTTACAGTCGGATGGTCTAGATGACTGAATGGAGTTTTGAGTTGGACTTTTGTGTCCCTGACGGAGTTGGGCCTGATCCCAGAGCACTGGGGGTGGGGAGGAGGTGTTACTGTAAAATGCAAGTTGGATAAAAGGAGGACCTCTCGCCAAGGGCCCCA,5.055676717765927,2.3379042141899866
5228,ENST00000264027.8,ENSG00000109929.9,SC5D,121292453,121308694,93.82879501805073,2456,1818.33,186.074,2.30555,ATGTTTGTATAAACACCGTAAACCTGCCTGGTACCACCATGAATGACACAAGAGCTAGTTTAAAAAGAAAGCAAAGAAACAAACGCAAAACCCGAAACCGCATCCTCCACCGCAAAGGTACTCGGATGGGGCGCCCGCCCTCCCCTTAGTCAGAGGACAAAGGGGGCGTGGCCGAGCGCGCGGCGCCCACGTGACCGCGGAGAGCTGCGCGCAGGCCCTTCGCGCGATCTGCCGTCATATCAGCTTATGGCGCCGGTCGCTGATTGGCTGGCCGCTCCAGCCTCCCGGCCCGCTTGCTGGCTGCCCAGCTGCTAGGACAGTTTGCAGAGCAGTGGCGTGCGGAGCGGCGGCGGACCACCTCCAGGGGCTAAGTG,40.696924819696264,5.346847879182591
5229,ENST00000284290.8,ENSG00000154144.12,TBRG1,124622836,124635398,5.324561431138177,4468,4380.26,196.895,1.01274,AGACACGGAAGTGCTGGGAGGCGCCGGGAGCCCGTTCGGTTGCGGGTGTCTCTGGCCCTGCGGTCAGCCCTGGGAACGTCCCGGAGAGCTAGATTCCTAGAGGCCCGATTCCGCTAGCCCGGAACAGACAAAGCCAGCGCTCCCGCCCGCTCCCCGACTTAGGATCCGATGCCGGCAGCGTCCTGGGGCCCCCGTAGCGGGGCTGGACC,5.257579863674958,2.3943988599456816
5231,ENST00000532692.1,ENSG00000064199.6,SPA17,124673798,124697518,26.89592301873635,4949,4988.62,272.918,1.23257,TCGCCCCTTCTCGGCCGCCGTAGTTTTTTTTTTTTTTTAAAGAAAAAACGGTTACCCAGCAACTAGAAAAACAACCGGAACCGGCGGCACCAGCTCGGAGAGAAAGGAGGTGAGGCCGCTTCCCCACTTCCTCTCCGATACCAAGACCTAGCCTTTTCCCTTCGTCTCTCTTATTCTCTCAGCATCCCAGACACAGCCTCGGAGCCCTGGGCCGTTTGGGAGCCGAGGCAGCCCATTCTGCGCGAGTCTGAAATCCCAGGTCCTCAACATCCCGCCCCCGACTAGACCCGTCTGCCCCCTCCGCCCGCCCTCCTCTGCCCACATTGGTTCAGAATCTCGCCAGCTCTTTTCACCACTCTAGAATGGTTCGATACCCCCATCTACTGCTCCCTCAGAAAAAGCAAAAGAGAGGAGTCAGGCGTGGTGGCGCGCGCCTGTAATCCCAATTGCTCGGGAGGCTGAGGCGGGATCATCGCTGGAGCCCAGGAGTTCGAGGCCAGAGACCCCCTCTCAAAGAAAAAAAAAGCGATGAAACGAGAACCCTCCATAGTCTGAGCCTCATTAAACCGTCCAGTTCTCCCAACCTGGACCCCTACCACGGCCTCCGCCTCTATTCCGCATTGACGCACACTCTCACATTAACAGGCCAGGTCCCGGAGGATTCTTTTCATACTCAGTAGTAGCTCAGCCCGCTGCTTAGCAGCTACCCTTAATCTAGCCCTTGTATTTCAAGACAGAAAGAGACAACCTGATCAAGAAGAAACCGAAAAATATAAGAATTCTAAAACTTTAGAGGCTGGGATTTCAAAATCATGACACACAGCCCCATCCCATCCCATCCCTCCCTCACACACACGCACGCACAACCCCATTCCACAGTACGAAGGTGTTCGAAGCATTGTGGGTCATGCTTCAGAAGTGGCAGCAAGGGGAAAGATTGTGCAACTTCTTCATTCAACAAATTAATTTCTAGAACCAGGACTAATTTCTACTCTTTAAAAAAAAATAGACCTCAAAGAAGGTCTTCTCAGCAATTGACAATGAATTTAACTTTTTAGCAATCATTCTCTCTAAATTCCTGTGTGATAGCAAAAATTACCCTTACCTTTTGAGCATATAAAGGGTAAAGAGAGAAAAAGTCATATTGAAAATTATGGGTTTTTTGCAGGATTTTAAATGATTTGGCCTAGTGAATGGGTCTGTGTTTGTATTATACTAATTCACAATGGAGATTTCAAAACTCTTTGGAAGAAATGGATGGGCTTGGGTTGTGTTAGGGAAAAAAGAATTCAAGTCCAGATGTATGAGTCTCAGAAATAATTTGTTGGCATAGTTGTGATTATATAAGTAAAATCAGACAAATTTAAAGACAGTACTCTTTAATGAATCTTTAGGTTCCATAGGCAGTTCTTACCAAGAAG,21.821010586608754,4.447646012980011
5232,ENST00000284292.10,ENSG00000154146.12,NRGN,124739846,124747210,59.44421186454002,1306,1741.77,126.712,1.63903,CTCCACTTCTCCCCGCCCACCCTGCCGGAGGCTGCTCCTGATTGGCTTCCCGGCCGCGGGGCTCAGGTTACATTCGCGAGCGGAGCCGAGCGCGGGAGACCGGACCCGAGAGCAGAGCTGCTGTTTCGGCGCGGGTCGGCTGGCGGCCGACTGCCCCAGAGCCCCCACCCGGCACCACACAGACCCCACCCCCGCCCTGCGCCAGCCTTCGTCCCCGCAGAGGACCCCCCGACACCAGC,36.26792179797809,5.180622174145095
5233,ENST00000344762.5,ENSG00000149548.14,CCDC15,124954121,125041489,2.1902405056875063,3893,3563.57,206.596,1.30617,ATAAGGCTACGGATGGGCGGGACGGAGCAGCCCACCGCAAAGTGGCGGTCTACTTGAGGCGGTTACCTTAGTACTCCGAGTAGACTGAGTCTGTGGCGAGCTGCGGGCCGATTCCTGGCCAGTGCCATCTCAGCCGGAGCAGGCCTCGGGGCCTCAGAAGCAGGCTTTTATCTGGCCCGAGGCTCCCAGCCGTTCAGCGCGTCTTCCCATAACCTATACCGATTATTGGGACTCTCGGCTGCAGACACAGGAGTCACAG,1.6768418396437723,0.7457466197775516
5234,ENST00000278903.10,ENSG00000149547.14,EI24,125569216,125584687,25.48629422626438,2455,2609.28,2060.5,17.7916,ATCTGTGAGAACGGGATCGGCGAGGAGGCGACGGGGAGGAGGCGACGCGGAGGGGTGAGGGGTCCTCTCCGCCGCCAGGCGGAGTTGGGAGCCGGACGATCCCGCACGCAGCGCGAGGCGGGACCCCGGACTGACTACATTTCCCAGTCTCCGTCGCTCCGCGCGGCCCACCCCTTCGGCTCTGGGCCCCGCCTCGTGGTGCCGGCTGGTTCTTCGCGCTCGCCCGACTTCCCAGCGGCCCCGTGCGGCCCGGGCATGCCCAGTGCGGGCGCAGCGGCCCCGGCCCTGGAAGCGCCCCGGCGGAGCTGGCCTGCGGTGGGCTAGGGGCAGGGCCGGAGCCGCGGCGGCGGAGCTGTGGATCCTTCATGATGAGAGATTTGGGGACACTTCTCTCTCCTGTGTGTAGTTGATAGTTTGGTGGTGAAGAG,1.4324902890276525,0.5185253588641102
5235,ENST00000392708.8,ENSG00000134910.12,STT3A,125591712,125676255,159.00977767503704,4558,4463.89,646.503,3.26302,ATTGGCCTGGAGCCAGCCAACGGGGGAGCGGTCCGGGAGGCGGACCCGGCTCCTGCCAGGGTTGGGTGCGCCGCTGAACGGATGGCTGAGGGAGCCCCGCGGATCGTTTAGGAAAGCCGGCCAGCTGATCGTCGTGTGTTGCCACCCATTCATGTCAAG,48.73086210781333,5.606763840661284
5236,ENST00000533050.5,ENSG00000197798.8,FAM118B,126211414,126262986,18.644975925921283,2402,2437.96,136.369,1.26023,ACTGCCTCTAGGGAGTTCTGGTCCCTTTGGACTCACCGGCTCCTTCTTTGTGTCTTGTTCCCGTTTCTGGGCTCGGAGCTTCTCCGCTAATCTCTGGGCATTTATGGCCGTAGAGGCAGCGGCAGCGGCACAAAATGGCTTTGAGACGAGAGTGAAGAGACTCCCGCAACCTTGGCCGTTTCCCCGGATCCAGGGGCCCGACGCGCTCCACCTGGGCGCCGCCATCTTACAAGGAAGGGCGGGGCGAGCCAAGACCACGTGGAGAAGGGCGACTACAATGAGGCGGGAGTGGGTGGGCCCTGCAGGTCACGTGGTGCGGGGTGGGGCCTGGGCGAGTCACGTGGGGACGGTGCGCGCTCAGTGCGGCTGCGCCGGCCGGTAGCTGCAGCTGGAGCAGTGGCGTTTGGAGGAGACTCGGATATACCTTCTCAGAAGCTGCACAGGAGGAAAGCAGTGACAAAGAAAGAAGTTGTCATTCTTTGCACGAAACTGG,14.794899284988679,3.8870279704295423
5237,ENST00000263578.9,ENSG00000110074.10,FOXRED1,126269055,126278131,29.58208951710899,1970,2521.67,253.958,2.26901,GCGCGGAGCAGTGACGGCTGCGATAATAGCGAGGCAGCAGTGCAGCTTTCAGAGGGTCCGGGCTCAGAGGGGTT,13.037443430002066,3.7045890877334546
5238,ENST00000263579.4,ENSG00000110063.8,DCPS,126303752,126345749,19.291247719446677,1479,1745.54,275.956,3.56181,GGGCGTCTTCGGCTCCCACCCCGGGGCGTGGGCCTGGGGGTCCCTCTTCACTGCGCAGCCACCTCTAGCCCGCCGCTTTCGGGACTCTCAGCCTTCTTTTCCCTTCCCTGAGGGCCGGCCGGCACCACAACGGGGCCAAAGGCAGTAACTCGGTTGAAAGGCGCGCCCTGGGACAGGTCAGCGGGCTCCGCCATGCGCGGCACGCATCCCGCAGGAGCGGGTGCCAGAGCAGGGTAGGCCGGGAGTTAGCAGCCCAGCCAGGCCGCTGGACTCGGGCTAGGGGCGGGGCCAGCGCAGGGGGCGCAGGCGCACACCGCCTCCGCGGCAGC,5.416136099187401,2.4372639920805113
5239,ENST00000281437.5,ENSG00000043039.6,BARX2,129375940,129452279,14.926971454045068,1813,2303.68,244.461,2.39083,GGGGCCCAGGCCCCGCCGTCGCGCCAGCCCCGCGGCCCCAGCGGGCCGGGCACTCGCAGCCGCGCTCGGGCCGGCGGACGCTCGCGCCGGCTCACC,6.243426531390801,2.642338029578203
5240,ENST00000528499.5,ENSG00000084234.16,APLP2,130069837,130144811,54.262372438367535,2530,2778.1,988.375,8.01559,AGATGCTTCTGGGTCGCGGTGTGCTAAGCGAGGAGTCCGAGTGTGTGAGCTTGAGAGCCGCGCGCTAGAGCGACCCGGCGAGGG,6.769604288438847,2.759071504732022
5242,ENST00000299106.8,ENSG00000166086.12,JAM3,134068925,134152001,54.61592053794031,3912,4401.95,712.062,3.64447,TAGACCTCAGCTTCCTCTGTCACCATGGTGCCGGCTCGGCTGGGCCCGGCGGTCGCCATGGTAACTGGGGCGGGTCGCAGGGTCCTGGCAGGCTGGGCGCATGCGCGCGGGGACTACAAGCCGCGCCGCGCTGCCGCTGGCCCCTCAGCAACCCTCGAC,14.98597067281122,3.905540628154743
5243,ENST00000281187.9,ENSG00000151502.10,VPS26B,134224645,134247792,21.210122709580443,3691,4998.6,552.892,2.49203,GAGCTCGCCCGCCCCCTCCCCCGCCCGGAGCCGCCGAAGCGCCTCGGTGCGTTGCACCGCCGGAGGCTGGGCAGCTCGCAGCGCTGCTCGGCGCTGGACCCCACCCGGCAGGCGCAGGCCACCCACACCCGGCTCTGTGCGGCTGCCCCCCGCAGCATTGCACGGCCGACCCTCGCCCGCCCACTGCCACCGGCCGCGGGACTGGCTGGGACTGGCTCGGCCGAGGGCACTGCTCCTCGGTGCATTGCTGCTCGGGCGCCGCAGCCCGCAGCCGCCAGCCTCCCCCGGCCGTGCCCCTCCCCCGTGGAGCCGGCTGTCCGTCGGCGCCCACTGCCCGGCGGCAGCGGCGGAGCCAGGCAGCCCCGCGGCGGCCGAGCGCGCTCGCGCATCGGGCCCTCTGGCCTTCTTTACCTAGGGCAGCCCGCGCCCCGGTGCGAGGGAGCGGTCCTTACCGAGACCCGCCCGGCCCGGCGGTGCG,8.51118273438941,3.0893596262091565
5244,ENST00000339772.9,ENSG00000149328.14,GLB1L2,134331874,134378341,32.65276189861034,3152,4267.79,1106.01,5.83871,AGCCCCGCCCCCGCTTGCGCGAGGCCTAGGGCTGCAGGCGCGGAGCCGCGAGCCCCAGCCAATGAGCGCCGGCGGGCCGGTTGCCCAGGCGACCAGTGCGCGGCTCCGCCCCCCGCGGCGAGGCTCCCGCGCGCGGCTGAGTGCGGACTGGAGTGGGAACCCGGGTCCCCGCGCTTAGAGAACACGCG,5.5924616736591375,2.483483464219331
5245,ENST00000382762.7,ENSG00000177951.17,BET1L,167784,207428,14.35187617140796,2819,3975.26,619.587,3.51155,ATCGCTAGCTGGGGGCGGGGCCGGAAGCTCTTTCCCCGCGACTGCGCCACGTCTGAGGCGGCTGTGGCCGCGTCGGTGTCCGCGTCGAGGAGCCGGGGCAGGGCACG,4.087048787973391,2.0310594652198777
5246,ENST00000382743.8,ENSG00000142082.14,SIRT3,215458,236931,14.142834185671031,2543,3263.25,191.657,1.32324,CGGAGGCGGGGCTGGGGCGCCGGGGGCGGGGGTGGGAGGCGGAGGCGGGGCCGGGGCGCCGGGGGCGGGGCGAGTCCGGAGGACTCCTTGGACTGCGCGGAAC,10.688034057065257,3.4179246049190826
5247,ENST00000397596.6,ENSG00000174775.16,HRAS,532242,537287,36.49469037176492,1100,1286.85,108.752,1.90402,GGGGGCGCGGGGCCGGCGGGCGTAAGCGGCGGCGGCGGCGGCGGCGGCGGGTGGGTGGGGCCGGGCGGGGCCCGCGGGCACAGGTGGGGCAGGAGACCCTGTAGGAGGACCCCGGGCCGCAGGCCCCTGAGGAGCG,19.167178061031354,4.260566042898251
5248,ENST00000382409.3,ENSG00000177030.16,DEAF1,644233,706715,8.477169111497828,2500,3209.7,570.868,4.00712,AAACCCGCGGCACTAAGCTCTCTCTGAGAGGCAGAATTGCGCCGGCCGCCGGCGAGAATCTGCCTAGAGCCGTCCAGCCCTGTCGGCCGGGGACGACAGCCGCCTCAGCCTGTCAGGACAGTGAGGAGAGCAGGGGCCGAGTCTCTCGGAAGCCCTCGTGAGGACTCGGACCTATTCGGACTGATTCGGCTTCCCACTTCGGGGAACTTCGACCCTCCTCGGTTCAGGACTCGGTCTCGGCTCGGCGGCTTCGTGCAGGTTCGGCTCCTACTCGGGCAGCCTCTGTTCGCCTCGGCTCCGCTCCGCGGGCGGACTCGGCTCGGCTCTGCTCGGCGGCTGGCTGCCTTTTCGGTCCCTATTCGGGCGGCGGCTTCGGGCGGCCTCGGCCCAGCTCGGGCGTCCTCTTCGGGCCCCGCTTCGGGCTCCGCGACCGGCGCTTCGGGCGGTCCCGGACGGCGCCTTCGGGAAGGCTCGGCGGAGTCCGG,2.115526640454448,1.0810168534132525
5249,ENST00000319863.12,ENSG00000177225.16,PDDC1,767220,777488,69.56455047829931,4357,5967.3,707.151,2.66991,GACCCAGCGCCGAGCCCGAGCC,26.05501701491785,4.703489291791907
5250,ENST00000322028.4,ENSG00000177700.5,POLR2L,837356,842545,462.192196947685,892,1069.04,1287.2,27.1278,CCGGGCCGGGCCGGGCAGTCTGGGACGCGCCGCCGCC,17.037584947827874,4.090648945080253
5251,ENST00000317204.10,ENSG00000078902.15,TOLLIP,1274371,1309654,20.79747974359655,3617,5169.23,231.881,1.01065,GCTGACTGTGGCGGCGGCGGCCTCGAGGTGACAACTGTCTCCGTCGCAGGCTCCGGCGGGGGCGCAGGAGGTCGCCCGGCGCGTCACTGTCGGGTCGGCGAGCCACGGGGGCCGCCGCAGCACC,20.578320628898776,4.36305334537879
5252,ENST00000236671.6,ENSG00000117984.13,CTSD,1732410,1764573,154.08098087748738,2123,3112.99,605.737,4.38398,GCGCACGCCGGCCGCGCCCACGTGACCGGTCCGGGTGCAAACACGCGGGTCAGCTGATCCGGCCCAACTGCGGCGTCATCCCGGCTATAAGCGCACGGCCTCGGCGACCCTCTCCGACCCGGCCGCCGCCGCC,35.14636948103946,5.135303765630059
5253,ENST00000314222.4,ENSG00000181649.5,PHLDA2,2928273,2929455,17.93412913791373,955,1158.68,145.0,2.81946,GCAGCTATAAAGGCCGCGCCGGGGCCACGAGGAGCAGAGCCGGCGCCGTCACCGCCCGCATTGCCGCTCCCAGTCCCGCGCTCGGCACGAC,6.360838294536447,2.6692169107413024
5255,ENST00000380542.8,ENSG00000205531.12,NAP1L4,2944431,2992377,125.79033592659452,2511,2753.63,735.688,6.01936,CTTGCTCGCGGAGAGAGGAGCTAGGAGCCTCGGCCAATGGGAGCCGGCGTTGTTGGAGGCCACGGCGGCGCAGCCCCAAAGCGAGCGAAGCTAGGGTCGCCGCCACTGCCGCAGGAGGCGTGAGGGGATAAAAACATTCAG,20.89762631352744,4.385267175940703
5256,ENST00000278224.13,ENSG00000110619.16,CARS,3000922,3057613,4.152353843704724,2491,2812.8,330.504,2.64728,AGATTCTAGGAAGTGTCTGTAGCCGCAGCTGCGGGTCCGGGATTCCCAGCC,1.568535947729263,0.6494185932659609
5257,ENST00000324932.11,ENSG00000110713.15,NUP98,3665587,3797792,12.86183257790442,6973,8259.08,1703.94,4.64819,AACCGCGGCGGCGAGGGGCGGGACTCCACGGCCCTCTCACCGCTCCTACCCTGTGCCTCCCCGAACTCCTTCTGCCCCTCCTCTTCCCTCTCGCCCCTTCCCCCTTCAGTTCGGTTTCAAAAGACGCGTTGCCCAATGAATAACAGGGTCGACCCAGAGTGGCGGCCGCGTCCACCAATTCGCGGACGGCGAGGGCGGAGCGTCCGCAACGAGCCTCTGACGCCGGGCGGCGTGTGACGCAGTCGGGCCCTCTGCGCGCTGCGCCCGAAGCGGCGGTCGGTGGCAGGGGTGGTAGCGGCGGCGGCGACGGTTTCGTGGGGGCCGCGCGCTGCTCTGTGAGCGGCGGGTGGCAGCAGGGGACTCCTGACACTTCCCCTTCCCCACCGAACCGCGCTTTCTGAAACAAAGACTCATTTTGAAG,2.7670625722925313,1.4683552683481005
5259,ENST00000351018.4,ENSG00000177105.9,RHOG,3826978,3840983,42.81655961721812,1319,1851.11,293.822,3.57614,CACTTCCTCCGGCCTCCCGCTCTCACTTCCTTCTCGAGCCCGGAGCCGCTGCCGCCGCCCCCAGCTCCCCCGCCTCGGGGAGGGCACCAGGTCACTGCAGCCAGAGGGGTCCAGAAGAGAGAGGAGGCACTGCCTCCACTACAGCAACTGCACCCACG,11.972842119497033,3.581693755522863
5260,ENST00000254436.7,ENSG00000132109.9,TRIM21,4384897,4393696,4.076158024830071,1924,2226.75,155.0,1.56828,GCTTCTGAGCGGAAACTGAAAGTGAAATAGGGAGCTGGCTACCAGCGTTGAGTCCCCTGTAAAGCCAAACCCCCTAAAGGTCTCCACACTGCTGTTTAACGGCACACTTGACA,2.5991264473372557,1.378026822539948
5261,ENST00000299402.10,ENSG00000166313.18,APBB1,6395124,6419414,14.936565223896816,2636,3944.41,230.264,1.31524,ATGTTGTGATGGAGAAGCCGCGGCGGAGCCCGAACCCCGCAGCCTGAGCCACCTCCGTCATCTGGGCCCGGGGCCTCACCGCGCAGGAGCTGCCAAGGCC,11.35653205794898,3.505450441470112
5262,ENST00000254605.10,ENSG00000132275.10,RRP8,6595075,6603620,13.200883878146875,6560,7382.1,335.093,1.0227,GGCTGTCACGCTTTGGTTTCCGGGTCGGTTCTGGCAGGTCTGAGCGCTCCGACTTCCAGAGGAGCGCTGTGCACGTGGAGAAGAGCGGGGACTCGGCGACCCTGCCCTCCCGACCCTC,12.90787511307996,3.6901796194570347
5263,ENST00000299424.8,ENSG00000166337.9,TAF10,6606296,6612667,67.64072941331113,1215,1492.47,271.419,4.09729,CCCCACCTCTCGGGGCAGCTGGCGGAGAAGAGAGGGGGCTTTCCAAATCCACTATGAATCCTTAAAAGGCTGAATAAGGGAACTTGAAACGATGCAGACAGGCAGGCAACCCGTAGTCGAGGGACATAGGGCCATAAACGTCGAAGCCAGGTCTTGAGCGTCAGACAGAATGAGGTGTCCCAGAGCGGCGGAGGAGAGCCAGACGCACGCTGGTTCCGGTCTGGACGGAATCGCCGCGGAGCACGGCAGAGGCTAGGGCGGAATGGCTACGGCAGCGCAGTTCGCCAAGGCTCGGTCTCCGCCCTGCAGCCTATTTCCTCTAACCCGCAGATCCACTATGGGAGGAGGCGGGGAGCGGGCTGGAGAGCACTAACAGAGACAGGCGGGGCGAGTCGTGGGCGCGTGACGTCACCCCGGGGTGTGCGCGGCGCGAGCGGAAGCGGAAGCGGCTCTGTTCGCCGCCTCTCCCACCGGCCCG,16.508650696755936,4.045150304015039
5264,ENST00000299427.10,ENSG00000166340.15,TPP1,6612763,6619461,32.46615901667773,3536,4165.84,944.302,5.10706,GGTGGTGGAATATAGAGCTCATGTGATCCGTCACATGACAGCAGATCCGCGGAAGGGCAGA,6.357113293495226,2.6683717996955574
5265,ENST00000288937.6,ENSG00000158042.8,MRPL17,6680782,6683401,166.31517750720653,1969,1994.92,461.643,5.21367,ACCACGCTCCGAGCTAAGGCGCATGCGTTCCCTGAAATTGCCGCCACCGGCTCTACCTTCCAGTTTCCAGTTCCGGCCTCCAAGGGGCGGGCAGAAGTTGGAAAC,31.899828241374415,4.995476750978307
5266,ENST00000328194.7,ENSG00000184014.7,DENND5A,9138825,9265390,3.919043992853228,5031,5625.8,720.452,2.88525,GAGGAGGGTCACGGTGGGGGCTGTCCACGCGCTCTCCGCCCTTCTCCAGGCTCGCTCGGGCCGCGGCGCTCTCGGCTAGCTGCAGCGGCGGCGGCGCGGAGGGGAAGGCATCCAGGATGCGGTGCGGGGCGGCCCGGTGCCCCCCCGCCCCGTCACGGCAGCCGCGGCGGCCGAGGGGACCGGGCCAGGGCCGGGGGCGGCGGCCCGAGCCGCGGTAGCGGCGGCGGCGGGAGGGGCGGCCTGAGGGCGGACGGGCGGGCGCCCGGGTTGCGGGGGCTCGGTGCCGCTCCGCACTGCCCGGCCGGTCTCGGCCCCGGCGCC,1.358303090842467,0.4418054375104289
5267,ENST00000528080.5,ENSG00000166471.10,TMEM41B,9280654,9314780,59.635127165564136,3968,3310.3,181.366,1.23438,TGCTCTCGCCCCAGCGCCCGGCGGCCACCTCTTTCCCGCGGGCGGGCCGGGGCGGGGCACTGAAGGGGGCGGTCCAGGACCCTGACTTGTCTCGCGGTTACTGGGCCGGCGCGAGCACGCGAGGCTCGGGGGCGGCACGGGGCGGGGTTTAGCCTGTGGTGGGCGCTGCGGGTGTTTGCAGGAGGTTGCAGTACTCGCTGGGCTGAGGTCGTCTCGGGTGAGGAGGTCGCGCCGGAAGTGGCTCTAGCCGTGGCGCTTCGGCGTAGTAAGGAGCCTGCAACAGAGTTTTGTTGTTTAGGGGGCGCGGCACCGCACCGCTCCCTTCACCTTGCAGCAGCC,48.31180606098943,5.594303881553634
5268,ENST00000256190.12,ENSG00000133812.15,SBF2,9778667,10294207,7.493913709365491,7439,7315.04,622.638,1.9177,GGTTGTCAAACATGGCTGAAGCGCTGCCGCTGCCGCTACTGCCGCTGCAGGGAAAATGCTGAGCCCTCCCGGGCCGGGTGGGCGGCGGCGGCGAGGGCGGCGACGGGGACCCGCTTCCCGAGCGCGGCGGCGGCGGCC,3.907761229267086,1.9663423189245126
5270,ENST00000265981.6,ENSG00000110315.6,RNF141,10511678,10541230,8.556075312261662,4074,3251.26,344.07,2.38428,CGGGTCCCGGCCTGAGTCGCGGCCACCCGCAGGTCTGAGCTGTGGGCTGAGGCAGCGCAGCCGCTGCCGCAGGGTGCGCGATGCCTTGAACCTGGGAAACTATGTGAAGCAACACTCTGGATTTTGAAAGACATCTTTTCATC,3.588536292827043,1.8433955115463057
5271,ENST00000339995.9,ENSG00000110321.15,EIF4G2,10797050,10809110,940.5916173959534,3978,3615.94,4422.31,27.5543,GCGCACTGCGGCGGGGCTGCGCCGCAACCGAGCTCAGCCCTGTGGCTCCTCCTCGCTGCCCTGCGCGGATTGGTGGCAGACGGCAACCGGGCCGCTGATTGGGCGGCGAAGGAGCCATTCGGGGAGACTCTGGTGGGTTCGGCTGCCCCAAGAGTGATAAGTTCGGCTTCAGACACGCCTTAGCGCCAGCAGTGAGTCGGAGCTCTATGGAGGTGGCAGCGGGTACCGAGTGGCGGCTGCAGCAGCGACTCCTCTGAGCTGAGTTTGAGGCCGTCCCCGACTCCTTCCTCCCCCTTCCCTCCCCCTTTTTTTTGTTTTCCGTTCCCCTTTCCCCTCCCTTCCCTATCCCCGACGACCGGATCCTGAGGAGGCAGCTGCGGTGGCAGCTGCTGAGTTCTCGGTGAAGGTATTTCATTTCTCCTGTCCCCTCCCCTCCCCACCCCATCTATTAATATTATTCTTTTGAAGATTCTTCGTTGTCAAGCCGCCAAA,34.13592859901915,5.093219092905186
5273,ENST00000432999.6,ENSG00000236287.7,ZBED5,10812074,10858796,80.35791196489235,2741,1982.84,193.523,2.19891,AGAGTGCTAAATTTATCTTCAGACCGGCGACCGCGCCAGCCGCGAATCGGATCTCTATGGAGATGGCCTAGGCGATATCCCTGAGCTGAGAGCATCACCCTGTCCCCGAATCCTTCTTTCCTCTCTGTTTTGTTTTTCATTCCCCTCCCTCTCTCCCCTCCCCCTCCAGTCCACGACGACTGGCTGTTGACCCTGTTCAGGCCTCGGTGAAGGCTTTTGGTTACTCCCCTTCCCACCCCATCCCTTAATTTTATTCTTTTGAAGAGTGCATTTCAAGCTGCCAAGGTGGAGAGAGGGATTACAGAAAGGAGAACACCTTATTTCAGCTTTTATTTTTATGTGATAATCTACCTTTAAGAAAAGGTGTACCATACCTGAGAGCACCAGGAAGTCGCATGAGAGATCACCTGATACATGAACGTATGATGTTCCATCTGCGCATTGATGAATAGGCAGCATTTACAAATTAACTGATGTGTTGCTGTATATCATCTCTTTG,36.54442972422353,5.191579615383362
5276,ENST00000227756.4,ENSG00000110328.5,GALNT18,11270876,11622005,42.281238221001566,2504,3171.76,188.858,1.34152,GCTGTTCTCCTAGCAGCGCGGGCCGGTCGGACCGCCAAGGCAGCCGGCGCTGGCGATGGGAAGCGGCGTGGCCGCCGACACAGGCAGTGGCAAAGTTTCCCAGACGTACACATCTGGACGCGCGGCTGCCGGCTACCCGTGACCCCTCTAGGAAGGGTTCAGGGATTTTTAATTTGGAAAAAAATCCACCTGGTTTCCTTTGTCAAGGTCTCTCCGGGTGGCCAGCGGCAGGAGCTGCAAACTTGGGCACGGCGGCTACACCGGCAGCGGACCGGGCTTTGGAGAACCTCGGGACTCAGGTGCTGAGGTGCCCAGCGGCTCCGGACGTGCTACGGGGTGCGAGCGCGGGGGAGTTCGGGGCGCACGACAAGGAAGGGCCCCCGGGAGCTCTATATGGAGGAAGGAGCCCAGA,31.517411757559756,4.978077158937656
5278,ENST00000278174.9,ENSG00000148925.10,BTBD10,13388001,13463297,8.43734401882543,2504,2147.33,285.225,2.99261,TCTCGCGGTAAGAGGCTGAGGAGCCGGCCTGCAACCTGCCGGGGCGGCTCCGCTACGCGCAGCCGCCTCAGTGGCTTCCTCCACAGCCACCTCCGGAGGGATCTGGCTGAGGAGGAAGTGGAGGTGTCACTGGCCCCGGCCTTTGCCCCAATCTTGTGTGGGCACTGAAGGGGGACTACAGGTTCGAGAGTTATGGGTGCTACATGTGTGCTTTCAGAGCAGTAGTGTGAGGAAGCTTGGAGTGGG,2.8193931113059936,1.4953846486040976
5279,ENST00000256196.8,ENSG00000133818.13,RRAS2,14277926,14364506,9.329407713589644,1516,1315.68,82.7398,1.41686,CAGACGGCCATTTGTGGCGGCGCTGGAGGCTGCGTTCGGCAGGCGCTGCGGAGACGCGTAGAGGAGCGCGCCCCCCGGCCGCTGCCGCCCCTGGCCCGTGCCGTCACCCCGCTTCTCCGCGCCTCGGGCGGTACCCAGCCAGTCCCCAGCGCCGCGCTACCGCGCTGACCGGCCCTCCAGACGCCTCCCGGTACCCGGGACCCCAGCCCGGCCGCTCGCCCGCAGCCCGCCGGCCGCACACGTCCCCGGAGCCGGGCCTAGGGCGGGCGGCAGCGGCGGCTCGGCGCAGTCAGGCTGGGCTCTGTAGCGTCCCC,6.584565668866115,2.7190882805670373
5280,ENST00000249923.7,ENSG00000129083.12,COPB1,14443440,14643635,115.15168379850422,3481,2692.19,368.942,3.08755,AGCCAAGGACTCTGGAGCCGCCGCCGCCGCTGCTGCGGTTCATAGCCGGAGTAGACGGAGCCGCAGTAGACGGATCCGCGGCTGCACCAAACCACTGCCCCTCGGAGCCTGGTAGTGGGCCACAAGCCCCCAGTCCCAGAGGCGTGGTGGGTCGGGCAGAGTCGGAAGAACTGGCTTTCTAGCTGGAAGATGCGGAAGGGGAGCGACTAGGCCGCTTGCGTCTGGGCCTGGCAGAAGGGACCGGATTTTCTGGCATCCTTAAATCTTGTGTCAAGGATTGGTTATAATATAACCAGAAACC,37.295487943030636,5.220929196789771
5281,ENST00000396394.6,ENSG00000129084.17,PSMA1,14443440,14643635,378.0512812978344,1505,1311.62,1562.78,26.8443,AGTATCACCCAGAGTCACGGCTGTTGACTCGGACGACTTTAGATGCAGCCCGCCAGCGGGAGAAACTGGAGGGAATCCGCCATACACAGGAACCTAGAAGGGCTACGTGACAGGGGCTGCCCCGCAGCTCTCAGCCGCCGGCACTCCCAGCCAGGTTTTCCCGCCAGTCTCAGTTCCTAGATCTTCCGAGGCTCCGCCCGCCGCCGAGCGGTCGGAAAGTTTTAAGGAGGGGGAAGTGTTGCAAGCCTATCGATATCTCTGGAATAGACTGCGCTACCCTGCGCCGCCGCCGTCAAACTCCCGCAGACTTCTCTGTAGATCGCTGAGCGATACTTTCGGCAGCACCTCCTTGATTCTCAGTTTTGCTGGAGGCCGCAACCAGGCCCGCGCCGCCACC,14.083111919395716,3.8158942537645197
5282,ENST00000525634.5,ENSG00000110700.6,RPS13,17074389,17207983,694.5330306631199,646,366.407,2590.66,159.298,CACACAGACGGGCGGTGGCTGCGCAGCGTAGCTCCGCCTCCTGCGTGAGAGGAAGCGGGGACGTGTGAGGTCACTTCCTGCGTGTTGGGTGGCTTCCTGCGGCGTTTCCACTCTCGCTCTCCTTTCGTTGCCTGATCGCCGCCATC,4.359960769520772,2.1243151538387925
5283,ENST00000524803.5,ENSG00000166788.9,SAAL1,18069935,18106091,36.53077964913725,1582,1428.15,361.952,5.71005,CTCCTCCGCAGCTTCCGGCACGGCCTTCAAGCGCGGGACGCGACAAAGTC,6.3976286808587055,2.677537260689053
5285,ENST00000251968.3,ENSG00000074319.12,TSG101,18468336,18527232,70.75587609407853,1824,1935.7,481.0,5.59846,AATCAGTCATTAAGGCTCACTGGCAAGCCCTTCGTACTTCTTCCCTCTCCGGCACTAGCTTCCTTAAGTCGACTCTGTGAAATACCTGCTAATCTTATCCTGAACCAGAGTTTCGACCCTCGGAACAGTCTTGCCCACATCTTTGGGACCCGATTCGTCCTGCTGATTCCGGCACTCGAGGGGCGGGTTGGTTGGAACCCACCCCACCAGGCCCCTCTCAATCCCACACGGTGTCCACCCTTGCCCGCAGGACGGCGGCCCGGAAGTGACGTAGTGGAAGCGGAAGTGGTGTAGTGGTGCCGACTTCCTGTTGTTTGAGGCCGGGTTGGGGGTGTGCGATTGTGTGGGACGGTCTGGGGCAGCCCAGCAGCGGCTGACCCTCTGCCTGCGGGGAAGGGAGTCGCCAGGCGGCCGTC,12.63845344864097,3.659748028458925
5286,ENST00000396197.7,ENSG00000151116.16,UEVLD,18529609,18588747,9.903163944900468,4156,3104.25,249.287,1.80928,CTGGGACCTAGCTCGGGACCGGCCTGGAG,5.473538614753089,2.4524738296130906
5287,ENST00000336349.5,ENSG00000179119.14,SPTY2D1,18606401,18634791,15.216646757296424,5754,5309.75,616.661,2.61658,TAAAAGCGGAAGTTACGCAGGGACTCGCGAGCGCTGTGGCGGCCCTGAAAGGATATAGGCCGTGGAGGGAAGGGGGCGGGCAGACGGCATAGGAAGGCGCCGGAAGTGGTCCCGCAGAGGCGGGGTGGGAGTGGGGCTCCCGAGGCAGTGCAGTTGGCTGTAGCTGGGCGCCTCGGTTAGGTGCGCTGTCAGTCCTTTCCGAGTGCCTGGCCCAGTCTCTCCCGCCTCGGCCCAAC,5.815471629874272,2.5398961978015606
5288,ENST00000327470.4,ENSG00000183161.4,FANCF,22622519,22626787,23.725582605019124,4269,3788.72,172.319,1.02472,CTTTTTGTTAAAGTACAAAACAAAACACCTTCCCCCACTTTTCGAATAGTTTTGGCTGTGTCTTTAGGACTGGAAGGAAATTCAGCTCAAATGAATTACTATATTATGAACTTAAGTAAGAATTGTTGTGCATTTTGTACAGAATGCAACTCCTAGGAGTTGACAAATGTTTGTTAAGTGCATCAGTGAGCGACATAGGACCTTCTCCTCCCTACTCTCTTGTCACGGTTTTTATTTAATCAAACATTTATTATTGTTCGATGCTCTTAAATGCCATTTCCTTCAGCTGATTATTTGTATGACAGAAGAGTCAATTAAGCTATTTTGTCCTAAAAATTACGAAAACGAAATGTACAATTGTGAAGTAAAATTTTGTTCCTTTGCAAATTTTAATAAATTATTGAAGTTTATTTTTTGTTTCAAATAATCTGGGCTTCAGTTCTAATAATGGAAGGACAATGTGAAGGCCCAGAATTCAGCATAGCGCCTGGCATTAATAGGAGGTCAGTACATTTTTAGTACATGTTTCTCAAATAGATCTTAAAATTTCATTTAAGAGCGTTTCCTCACGTCACAGTATGTCTCTGGCGTTACTTAATTTTGAAAAACCTCAACACAGATTCTAGTTTTAGGCAAAGCTCAGAAAATTTCTACTTAAGGATATTTCCAAAGCGAAAGGAAGCGCGGAGACGTTCATGACTGGCATCATCTCGCACGTGGTTCCGGAAATTCTCGGTAGGATGCCCTACATCTGCTCTCCCTCCACTAAGAAGAACCTCTTTGTGTGGCGAAAGTAAAAGTATTAGGGCTTTTAAGTTGCCCAGAGTCAAGGAACACGGATAAAGACGCTGGGAGATTGACATGCATTTCGACCAATAGCATTGCAGAGAGGCGTATCATTTCGCGGATGTTCCAATCAGTACGCAGAGAGTCGCCGTCTCCAAGGTGAAAGCGGAAGTAGGGCCTTCGCGCACCTC,23.1532346446045,4.533141855532204
5289,ENST00000354193.4,ENSG00000198168.8,SVIP,22813799,22830299,24.356391832758412,4541,3179.03,446.243,3.16256,AGTGGAGGGCGGTGGGGGCGGGGCAAGCGCGGAGGACCAGGGACCGGCTCCGGACCGCGCAGTTAGCGCCGCCTGGCCTGGGCCGGACCCGGTCAGGGTTCTCAAGCTGTCGTCCCT,7.701479760940002,2.945135671607858
5290,ENST00000328697.10,ENSG00000109881.16,CCDC34,27330827,27363868,18.400830145726022,2103,1981.41,484.32,5.50707,GAGACTTTTAATCATCTATCCCTTGTGCTTTACGCAGACCCTACAATACACTAGAGGCTTCAAAGAGGTCAAAAATTCACATGTGTAGACAAATTAGGTCCCTTAAGATGCCAGGCAAACGAAGTGCTACCAAAACACGCAATGACTGTCCTAAAAGTGCGTTCTGGGATACACCTGTAAACTTGGATCAAGTTCCCTCCCCTCTCCTCAAAATATATCGACTTGTGCTGAAAGAAATCACGACCGATGCTCACAATTCTGACCTCGTAATTATATAGGGGGTGGTTTTGGTTTCTGCGTCTTTCCCTGATTCAGTGGCAGGTAACATATTTCATGTACAAAATGAACTGCAACACCACGGCAAACAAGGGACAGGCCCTCAAAGTTGTCGGTAGGGAGCCAGGACCCCGCCAGTGGCGTGGGGAGACACCGTACTAAACAAGCTTGCAAACAGCAGGCACCTTCCTGCCACTGAGGAGGAAGGGCTGGCTAAGGGAGGCCGGGGCGGAGGAAGCCAAGCTCTGCAGGCCCTGACAAAGTCCTCCCGGCCTCCACGCGTCGCCATGGCAACGCGGGGTCTGTGCTGGCCGGGATTGGCCGGCCTGGCGCGCGCAGGGCCCGCTGGGAAAGCGCGTCCCCGCCGCGGCTCCGCCAGTTTGAACTTGGCGGGCCAG,3.341310378427371,1.740414002612973
5292,ENST00000379214.8,ENSG00000205213.13,LGR4,27365961,27472775,202.73716890525333,5206,4588.14,763.534,3.74933,CCGCGGCTGGGAGACAGCGAGCCAGAGTCTGGGTGTTTGTGCGAGAGCCACGGCGGGGGCTGGGGCGAGTGGCCGGCATGGCTGAAGGCTGCGCTCTGCAACCTTGAAGAGCCGCTGCATTGAGAGGCCAGGGACAGGGAGACCGGTGCGATGGCAGAGCGCGGCCCCCGCCGCTGCGCCGGGCCGGCCCGGCTGGCGTGAGCCGCCGGAGGAGCGGGGCTGCCTCTGCGCGTCCATGGAGCAGCGGGAAGGGCGAAACTCCGGAGCGCCGCGTCCCTGCGCCGCTGCGGCGGACTGCTGAAGGGGCCGAGCCCGCGCGGACCGCCGAGGAAGAGACCCCCGCTCCAGCCCGCAGGCCGGCTGCCCGGGGGCGGCGGGGGACATCGGAGGGCAGCGGAGCGAGCAGCGCCGCGGGAGAGGCCGGCGCGGGAGGCGGCCGCAGCA,54.07290606728491,5.756833988873333
5294,ENST00000278193.6,ENSG00000148943.11,LIN7C,27494576,27506773,117.53650658315205,4688,3209.91,884.129,6.20561,GTCTGTAGGTTAAGGGAGAAG,18.940363088101257,4.243392082524821
5295,ENST00000263181.6,ENSG00000121621.6,KIF18A,28020620,28108308,16.676658445195557,3568,2494.15,631.411,5.70363,GACGAGCAAGCAAAGAGCTTCCCCTGCGCAGCCAGGCTGAGCTTCTTGGCGCCAAGCTGCCGCGAGCCGTGACAGCGTCCGACGTGATGACATCACGCGAGCGGCAGCCAATGAAACGAAGCGCTGAGGAAAGTGGCTTGGGTTTGAATATTGTGGTTGAGTCTGAAGCGCTGGGAGGCGGACATTAAAGTGAAGTGGTTGCGGTAACCTGGCCTGGGCCTGAAGTGAGTGAGAGGCACATGAAGAGAAGTATTCAAGTATTTATACAGATAGGAATCAAGATAATCAACA,2.9238675098482116,1.5478779394656081
5296,ENST00000532287.5,ENSG00000148950.9,IMMP1L,31432401,31509645,29.88266711231068,685,313.125,58.5198,4.21063,GAGAAAGGCCCACCTGTGTCCTGGTTGAGGGTCTCCAGGGTTCTTTGGGGCCCGAGGCCAATGGTGGCAGAGTCTACATAGAACT,7.096958676566376,2.8272009059902943
5298,ENST00000438862.6,ENSG00000176102.11,CSTF3,33077188,33162371,182.90749539591076,1132,600.556,161.643,6.06409,AATGCGGAAGCCACACACCTCCTCCTCGGCCGGCAGGGGCGCAGCCATTTTAATTCATATTTGAGTGGGCGGTGGCGATTGGTGTTGGCGGTCTGGCTCAGCTGGGCAGGGGGTAACTTTACTGATTTGGGGGTGGTTTTTAGTTTAATTTTTCTTTTCTAGCTTCCCATCGACGGTCAGTGCGCACGTTGTAATCAGCTGAGGCC,30.162397885900564,4.91467922112601
5299,ENST00000265651.7,ENSG00000110429.13,FBXO3,33740939,33774543,42.08354038085744,2397,1882.66,282.0,3.37472,CTGCACCGGGCCAGGCAAG,12.470231717255785,3.6404163679322425
5300,ENST00000435224.2,ENSG00000166016.5,ABTB2,34150988,34358008,11.220112014196,4902,7085.32,435.0,1.38322,AGAAGTTTGCAGAGCGCTTTCTCGCCGGCTGGTCCCGGACTCGCGCTGCGCCCTGCGCCCTGCGCCGCCGCCTCCTCCTTCTGCCGCCGCCGCCCTGTTCTCCCGGGATTCCTTCTCTGTGGAGGACTGACTCTCTGCTTGTGGGAATTAGAGGTGGACAAGGGGGAGTGCCGGGGGGTAGCGACGGGGTTCTTTCCAGTGGCAGCTGCGAGTCGGGACGCCGGGAGCGTGGGGCTCCTGCTGGCCACGGATCTCGGCCACCTTCCCGCGGCCTCCGGGCAGGCAATGCGGCCGCCGAGCCCCGCGACGCAGAGAGGAAGGAGGGTGGCCCGGAGGGCCTAGAGCTTGTTTCTGCCCACTTGGGAAAGAGGGCATGGAGTTGTGAGTGCCCCTCGCTCGGCGACGCCGCCCTCGGCAGGCTCCCC,8.11158891152239,3.0199845396272447
5302,ENST00000395787.3,ENSG00000149089.12,APIP,34853094,34916499,28.947437493758127,1366,1130.85,229.915,4.58063,ACGTTGGCCTTGCCTCCCGGGAAGTCAGGTGCGCCGCTGGATATCTCAGCCGGCGGGGCCTTACCAGACCCCGGCCCCCGCCCCGTTCGCCCCGCCCCCGGGCTGCCCTCAGCGCCGCCTGATTGCATTTGCGGCCTCGCTGCCGTATCCCAGGCTAAGCGCCGCGCGCAAAGCCGTGCGGAGATTGGAGGCCGCGCGGGTCCCTGGTCTGGGCC,6.319531918919041,2.659817703455712
5303,ENST00000452374.6,ENSG00000110442.11,COMMD9,36269284,36289449,1.3317219756945928,917,782.72,150.448,4.33054,GCTTCCCTGGGTGCCACGGTCATGTGACTTCGGCAAG,0.30751868720635134,-1.701254012498029
5304,ENST00000526995.5,ENSG00000175104.14,TRAF6,36487027,36510272,8.308076449097106,4627,4161.29,305.708,1.65516,AGCAGAGAAGGCGGAAGCAGTGGCGTCCGCAGCTGGGGCTTGGCCTGCGGGCGGCCAGCGAAGGTGGCGAAGGCTCCCACTGGATCCAGAGTTTGCCGTCCAAGCAGCCTCGTCTCGGCGCGCAGTGTCTGTGTCCGTCCTCTACCAGCGCCTTGGCTGAGCGGAGTCGTGCGGTTGGTGGGGGAGCCCTGCCCTCCTGGTTCGGCCTCCCCGCGCACTAGAACGAGCAAGTGATAATCAAGTTACT,5.019500500916592,2.327543806266749
5305,ENST00000308212.9,ENSG00000175274.18,TP53I11,44885903,44951306,8.621853536785267,3683,5630.18,329.957,1.32038,ATTACACACTTGGGTATCACCGCCAGCCAAAGCAGTCCCTTCCATTTCAGGCACCGGCCTGGGCCCGGGAGACACCGCAAGGCTATTTAAGATGGTGTGGTTTGCCCATCTACGTTGATCGTCCCAAGAAAGGGGCACCGTCTGCAGAACTTGCCAGGAAAGTCATCCTGGGCGGCGCGGGCCACGCCAGGGTCTCCCCGCGCGGCTTCCTCCCCCGGCGCCTTCTCTCGGGCGCGCGTGCGCCCCCTGCAGGCGGCCCCCGGGAGAGCCTCGCGGGGGAGCCGGGAGCCTGGTTTCCCCGCCAACCCCCATCCCGCCCGCCCCGGCGGCCACCCTGGGGGCGAGGCAGCCCGGCGCGTGGGAGGGGACGGCGCGCCATTGGCTTGTGCGCGGAACCGAGAGGAGGGACCAGCGCGGGCCGCCAGACTCGGGCAGCTGTGATTAGAGAAGCCAGGGCCACCCCGGAGCCAGCCTCTGAGGCTTCACCTCACCCCGTTTACACTGCTGTCTCCTCTGCATAGATTTGGCTGACTGAGGACGCGACAGCCCTTCTGCAGAGGCCGGGCTGGAGGAGAAG,6.529827426032859,2.707044863916188
5307,ENST00000418153.6,ENSG00000135365.15,PHF21A,45929323,46121178,5.019721871242095,2730,3129.82,243.46,1.75255,CCTCCTCCTCCTGCTTCTCCTGCTCAGAGTTCCTGCCTCCAGCTGCCAGGGGGGACAGCCAGCCAGCAGCAGGAGGGGGGCTAGAGAGCTGAAGGAGAGCCAGTTTCCCCAAAATTGCTGCAGTGAGAAGAGGAGTTTGTTACTTTAAACAGAGGCTGAAGAAACTATAGAATTAGCAGAGAAAGTGGAGAAGGTAGAGG,2.8642388926091096,1.518151825985301
5308,ENST00000311956.8,ENSG00000175220.11,ARHGAP1,46677080,46700615,21.85567691301094,3375,4837.14,456.399,2.12578,GTTTGCCGAGCCTTGACAGGCGTGGCAGAGGGAGCAGTGCCCGAGCGCGGTTTCTCTTAAGGTTCTGCAGGGCAAGGCTGTCTGGGACAGGCTTGGCC,10.281250605900395,3.361943858756953
5309,ENST00000529230.5,ENSG00000175216.14,CKAP5,46743048,46846308,56.95562929230791,7121,6973.96,1761.54,5.69082,CCCAGCTGAGGAAATACTCTTAATTCTAAGGAAAACCTGGAAGCACA,10.008334351166951,3.3231299868171926
5310,ENST00000524782.5,ENSG00000149182.14,ARFGAP2,47164299,47177125,38.82920153237329,2976,3934.33,405.154,2.32012,CCCGCCCCGGCTGCGGATTGGCCCGGCGCGGCGTTGATTCTTGCGGCCGCGGTTGTCGTCGCCGCCCCCGTCCCGCCGGCTGCCCATTGGTCCAGATCGGACTCCAATCACCCCACCCCTCGGCTGGCCCAGGCACCGCTGAGGCCGGCCTGGTGAGCCCGCCCTCCCCGCCGTGGATTGGCCCGCGGCGGGACCCGTCAGCCGCGGTTGTGTCTGGGAAGGAGAGAAA,16.735859150549665,4.064870709874852
5311,ENST00000298838.10,ENSG00000165912.15,PACSIN3,47177525,47186443,18.95112890612968,1843,2743.59,168.247,1.38163,AGGACTCGGGCCGGAGCGTGGCCGGACCCCCACCCGCCGAGGGGCCCAGGGAGGACGCGGCAGAGTCACGGTGGCAGCATTGAGAGTTGGACACCCGGGTCCTTGAAGTGATCTCTAGGCCCCAGCCCCAAATCCGCCACCATTCCGTGCTGCGGGGACACC,13.716500731838249,3.7778405719721286
5312,ENST00000256997.7,ENSG00000134575.9,ACP2,47239302,47248906,19.267377231930087,2203,2838.55,381.911,3.0313,AAGTAAGATGGCGGCGAACGCACTTCCGGCGTGTGTCCTTACGGGTGCGTCCGGGCGGCTGCTTGCAGGTGCCACCCAGCGGGTTCCAGCTTGTTTGCTGCATAGATTACAACGGTG,6.356143315386167,2.6681516542751544
5313,ENST00000619920.4,ENSG00000165916.8,PSMC3,47418769,47426473,140.1344076814895,1580,1777.05,452.652,5.73887,GTGGCCAGGGGTTGGTCTTTGGAATCGGAGAGGCAGATTCGCTGCTCCGCAGCACGGCCGGAGCTGGTCGGGTCAAGAGTCGGGATTTGTGGGGAGAGGTTTTCCACTGGTCAAGAGAAGGCTTTAAGAAAGACGGTATTAATCTCCCGTTGCGGCTCCCGCCTGGTCCCATCTTCTGCCCGCTCCTCCAGGAA,24.418466994633004,4.609900724833326
5314,ENST00000310513.9,ENSG00000149187.17,CELF1,47465944,47565569,52.449526457780536,2112,2199.98,170.572,1.74683,GGCAGCGGCAGCGGCGGCGGGACGCGGAGGCTCCCCCGGGATTCGGCCTCAGCAGCGAGGCGGCGGCGGCGGCTGCGGAGGCGCAGGCAGCAACTGAGGCAGCGGCAGGCTCAGGTGCAGCCGCTGCTCAAAGAAA,30.025547109782025,4.908118629090648
5315,ENST00000302503.7,ENSG00000109919.9,MTCH2,47617315,47642623,110.7021063495648,2587,2430.71,989.388,9.17054,GGGGCGGGGACTGGGCGGAGAGGCGCGTGCTGCTGCGTGCGTGCGCGCGCGCCGCGGGCGGGCCAGTGAAACCGGCGGCCCTGGCACGTGACCTAGGACCGGCTCACCGGGTCGCTTGGTGGCTCCGTCTGTCTGTCCGTCCGCCCGCGGGTGCCATC,12.071492665597097,3.59353217430334
5316,ENST00000263773.9,ENSG00000109920.12,FNBP4,47716517,47767443,8.657432955047208,3972,3853.38,1316.41,7.69679,GCTTGGGCTCGCG,1.124810856869839,0.16968242473350928
5317,ENST00000378460.6,ENSG00000030066.13,NUP160,47778087,47848555,41.08839343977998,5376,4898.39,1450.73,6.67261,GTGGAAGCCTCGCAACGAAGGGCCGGAGCCGCCTTTCTGCTCCCGGA,6.157769364578475,2.622407833149208
5318,ENST00000278412.6,ENSG00000149136.8,SSRP1,57325985,57335877,235.21267593348853,2819,3493.66,7264.36,46.8467,GTACGGCTTCCGGTGGCGGGACGCGGGGCCGCGCACGCGGGAAAAGCTTCCCCGGTGTCCCCCCATCCCCCTCCCCGCGCCCCCCCCGCGTCCCCCCAGCGCGCCCACCTCTCGCGCCGGGGCCCTCGCGAGGCCGCAGCCTGAGGAGATTCCCAACCTGCTGAGCATCCGCACACCCACTCAGGAGTTGGGGCCCAGCTCCCAGTTTACTTGGTTTCCCTTGTGCAGCCTGGGGCTCTGCCCAGGCCACCACAGGCAGGGGTCGAC,5.020901705637506,2.3279464815926314
5319,ENST00000257245.8,ENSG00000134809.8,TIMM10,57528463,57530803,228.38307884500657,680,614.737,357.083,13.087,GGAAGTAACCCACGTGCTTCCGCTGGAGCCTCTCGGGAGGCGGGTAACGTTATAGTATTTGTCAGAAGTTGGGGTCTCCGTGGGCATTGTGATCCGTCCCAGGCAGTGGATTAGGAGGCCAGAAGGAGATCCCTTCCACGGTGCTAGGCTGAG,17.451140738519644,4.12524943986184
5320,ENST00000431606.2,ENSG00000156603.14,MED19,57703714,57712221,20.696919198556166,1089,1059.17,224.19,4.76884,CACGGAGACAGCGCCGGGGCGGAGGGTACG,4.340032208787917,2.117705749417721
5321,ENST00000263847.5,ENSG00000110048.11,OSBP,59574398,59616144,30.47856084651768,5083,5553.16,1283.31,5.20658,AGAAGAGCGATGGGAGGGGGTGACGTGGCAGTGACAGGCGCATAAACTGAAATGAATGGCGGAAACAGCAGCCAATCGGCGATCAGATTGGCCGGGCATTCCGCATTCTCCCGTCCTCCCTGAGCGCTGGAAACTTCAGGAAAGCACCAATGAGCTTCCCCAAAAGTCTGATTGGCCTTTATCTGAACCAATCAAAGGTGGGTCTGGCGGACGCGTCCCACCCCAGGCTCTCACTGGGCGCTGTAGAATGACAGGCCCGAGAGAAATGCCAATATCCGCGGGGTCTTCCTCAAGTGACACTCAGCGGCACCAATCGACGTCCTTCTTCCCGGCGGCCGAGCCCTCCTCCCCGCGGCTGGCCGGGCGGGGCGGGGACGCTGCGCGGCGGTGGCTGATGCGGTAGCCGTGTGGGGCGCTCCGGGCGGCGACGGCGGCTCTCGTAGGCGGTTCCGGTCTTGTATCTCCAGGCGGCGGCGGCTC,5.853854324051044,2.5493868440411367
5322,ENST00000300146.9,ENSG00000166889.13,PATL1,59636716,59668980,14.68574300390746,4072,4398.78,1615.92,8.27657,ACCCGCGCGCGGAGGAGCCGGGGAGTCAGCGCTTCTTCCCTCCCTCCCCCTCTCCCCTCCCCGCTCCCTGCCCCCCTCCCCAAGA,1.7743754966015464,0.8273113477225379
5323,ENST00000300151.4,ENSG00000166902.4,MRPL16,59806135,59810872,94.93406567768606,1182,1230.9,732.811,13.4132,ACTCAACCTCCCCCGGAACTCAACCCCCGTCGCTCGAGTTTCTTTCGCTTCCGTCGGGACTCTGCGGAGTGGACCCGAGTGAACACAACTTCCGGCCCCACTGAGCGGTGTCCTGAGCCGATTACAGCTAGGTAGTGGAGCGCCGCTGCTTACCTGGGTGCAGGAGACAGCCGGAGTCGCTGGGGGAGCTCCGCGCCGCCGGACGCCCGTGACC,7.077659743960134,2.8232724063660344
5324,ENST00000227524.8,ENSG00000110107.8,PRPF19,60890730,60906588,212.59205692415003,2157,2659.65,2413.91,20.4484,GGCAATTTCCGTTAGGTGCTGAAGGCTGTGGCGCGCGGCTGTCCCCATTCCCACGTGAAGCGCTACGCTAGCATCGCTCGGCTGGCGGCTCCCAGCTCGCCGCGGAGCAGTCCCGGCAGCAGCGGGGGACCGGAAGTGGCTCGCGGAGGCTCAGAAGCTAGTCCCGGAGCCCGGCGTGTGGCGCCTCGGAGCACGGTGACGGCGCC,10.396513024204829,3.3780278265010066
5325,ENST00000301765.9,ENSG00000167987.10,VPS37C,61130256,61161617,4.792450573251267,2865,4207.84,232.695,1.24592,GTGGCCCGGGCGGCCGCGAGCGTGTGTGTGTGGCACGATGTCGTGGTAACTCAGAGGCGCGCGAGGCGGGGCGGCCAACGGGGTCGCGGGGCGAGCACGCGCGCCACTGGGGCGCCGGACGTTGCAAGGGGGTCACATCCGGTAGGGGGCGGGCCTGGCGGACCCCGGAAGTGTGGGCGCGGCTGCGGTTTAACCCGCGGTGGCGGCGGCGACGGCGGCCCTGGCAGGGAAGG,3.846515485144526,1.9435521162990563
5326,ENST00000301764.11,ENSG00000167986.13,DDB1,61299451,61342596,188.16147532093547,4506,5523.68,5874.33,23.9603,GGGAGTCTGCGGGCGAGCTCGGAGGACACTGGCGCACCTCCCCCGCCGGCTCACGGCCGCATCCGCCACATCCGAAGGCGCCGCGACTTCCCGGAGACCCCGAAGCGTGCGCTCTCATCCGGGTCCTGCGGGCGCTGGCGGAAAGAGGCGAGGCGGTGCCTCCGGGGGCGGGGCCTCCTTCGGTTGGCGGCCTCGGGCTTCGGGAGTCCTCCAAGAGGCCAGGTGAGGCCGTCCCGTGATGCCCCGCGCCCCGGCCGCTCTGGCCTGCAACGTGTCTCTGGGGCGGAGGCAGCGGCAGTGGAGTTCGCTGCGCGCTGTTGGGGGCCACCTGTCTTTTCGCTTGTGTCCCTCTTTCTAGTGTCGCGCTCGAGTCCCGACGGGCCGCTCCAAGCCTCGAC,7.8530517281058865,2.973253400174648
5327,ENST00000447532.6,ENSG00000162144.9,CYB561A3,61348745,61362299,8.057019833071104,1803,2249.16,111.596,1.11787,TATAAGAAGGCGAGGCGGCACCCGCCGCTCTGCTCTGGGGCGGCATTGCCAGCCGGCTGTAGGCATTCAGGGCAGTGTCTTCTGCATCTCCTAGGAACCTCGGGAGCGGCAGCTCCGGCGCCTGGTAGCGAGAGGCGGGTTCCGGAGATCCCGGCCTCACTTCGTCCCACTGTGGTTAGGGGTGAGTCCTGCAAATGTTAAGTGATTTGCTCAAGGTGCCCATTTCGCAGGAATTGGAGCCCAGGCCAGTTCTCTGAGCCTATCATTAGGGCTAAAGGAGTGCGTGATCAGA,7.207474780673159,2.8494938836644867
5328,ENST00000439958.7,ENSG00000149532.15,CPSF7,61402641,61430031,25.074177177583717,3524,4520.17,660.186,3.29058,GCGTGTGACGCCGGCGGCGGGGGGGGCGGGACCTGGGGCGGAGAGCGGTTCGCGCGCTTCGGGCCTAGTCCGGACTCGCCGCCGCCGCCGCCATATTCCCGTGGCATCTTCCTTACTTTGTCCATCCTCCGGACTCGCGATCTTCCTTCCGGAGCC,7.619987107921315,2.929788556858529
5329,ENST00000537328.5,ENSG00000134825.14,TMEM258,61768501,61792802,258.4784862510775,575,465.332,233.301,11.2957,GCCGACGTGTTCTTCCGGTGGCGGAGCGGCGGATTAGCCTTCGCGGGGCAAA,22.882909979113958,4.516198623642033
5330,ENST00000350997.11,ENSG00000149485.17,FADS1,61799625,61829318,41.96146528954132,4525,5347.01,1073.5,4.52329,CATTCACTCCTGCAGCGCGGCCCCGCACCCAGGGCCTGCACTAGAACCGCTGTTCCTACCGCGGCGCCCCCTGGGAGCCAACGCCGCGATGCCCGCCTGACGTCAGGAAGTCGAATCCGGCGGCGACGCCTTTAGGGAGCCCGCGAGGGGGCGCGTGTTGGCAGCCCAGCTGTGAGTTGCCCAAGACCCACCGGGGGACGGGATCTCGCTCCCCGCGCCACGAGGCTCGGCCA,9.27675768954485,3.213620658524988
5331,ENST00000378024.8,ENSG00000124942.13,AHNAK,62433542,62556235,3.0402911754785493,18787,22716.9,1358.94,1.34776,ACAAGAGCCGCCTCCGCGCACGGGGGCCCGGCCACTCGGAGCTGCTCTGCCGCGGGGACTGCACCGCCCGCCCTGCCAGACCCGCCCGGAACGGGGCTCGTCGCCGCCAGTAGCCGCAGCACCGCAGCCTTGGGCCTCGCGCCGGCTATGGCCGTGCCCTGGGGCTGAGCCCTCAGGTTGTGACCGAGATTCCCGACGAGAGAGACTGAGGGGAAGAGAGGAAGGAGGGGCGGGCTCCTGGCAAGGCATTCGCTCCTGAGCGGAATCCTGCAAAG,2.2558105118704734,1.1736458864130597
5332,ENST00000308436.11,ENSG00000149016.15,TUT1,62559601,62592177,8.818834884490347,2826,4149.73,215.088,1.16777,GTTTCCGGAGGAGTGTGTCCGCGCAATTGAACGACTTT,7.551859428218182,2.9168319103432916
5333,ENST00000278823.6,ENSG00000149480.6,MTA2,62593214,62601840,116.63222525963393,3058,3931.59,1299.53,7.44695,CGAAGGTGTTCCGGAAGGAGGCGAACCCTGAGGCGGGCCCGGCAAGCCTTCCCTGCGGCCGGCAGAGCCCAACGACTAGTGGGACTCCGCGGGGGCGGGGGTAGCTGGAGCCTGGCTCTGGCCTGGCAGGAGCCGAGCTCGTTCCGGAAGAAGCCGAGCGGACGGGGGCCAGCCTCAGCGTCCCGGGAGTGAGGCGATAGCTGCGGCGGCGACAGCGCGGGCCGGGATGAACCGCGACGGCTGAGGCAGCGGAGGTGCCGGCTGCGCGGGCCCCAGTGAGACTCCCTCGAAGCGGCAGCCCACCGTTCGGGGCTTTGCCTCGAGCCGAGCCCTGCCCCCGCGAGCCTCCCGGACCCCTTTGTGCGGCCGGAGGCGGCGGCGGGAACGGCC,15.661744104584283,3.9691729761578025
5334,ENST00000265471.9,ENSG00000149541.9,B3GAT3,62615296,62622175,22.81775843751385,1641,2552.8,452.677,3.99515,GGGACCGGAAATCAAGTCTACAAGGCGGGGGGGTGCACAGATGACCGGAAGCGTGCCCTGGCGGCGCTGCCAGCCCCAGCTGGGAGCTGGTAGGGGAGTGCGAGGAAGGCGGGACGCAGGGCGGAGCCGCTGCAGGGGCGGGGCCTGCGGACAGGAGCCGGGGTTTGGGGCGGGAACCCCTCGTCCCCTGCAGACCCCGCCTGCTCGGGCGCGGGCGGCGGCGCGGCC,5.7113646390032535,2.513835495623546
5335,ENST00000356638.7,ENSG00000089597.16,GANAB,62624826,62646726,202.950841493426,3608,4913.15,5531.28,25.3646,AGCAAACTCTGCACAAG,8.001342086743966,3.000242007437127
5336,ENST00000330574.2,ENSG00000185085.2,INTS5,62646848,62672255,15.73184761646016,3285,4881.85,358.521,1.6546,ATGCGCCGCCTGCGCTCCGCCGCTCGCGCCTCGGGCTCGGCTCGGGCTCCGGG,9.50794609963747,3.2491337246932486
5337,ENST00000524958.5,ENSG00000278615.4,C11orf98,62646848,62672255,70.39452292730616,654,497.574,450.602,20.4032,CGGCGCTGAGCGGAAGTACGGACCGTGAACTGGAGTGGAATCGCGACT,3.4501707049534467,1.7866677442378163
5338,ENST00000301935.9,ENSG00000162191.13,UBXN1,62676498,62679117,109.0102234638871,1153,1419.08,807.656,12.8228,CGCTTCCCCTCGGCTTTCTTCTCGTCGGTGTTCCCGGCTGCTATAGAGCCGGGTGAGAGAGCGAGCGCCCGTCGGCGGGTGTCGAGGGCGGGTTGCCTCGCGCTGACCCTTCCCGCCCTCCTTCTCGTCACACACCAGGTCCCCGCGGAAGCCGCGGTGTCGGCGCC,8.501280801688171,3.087680213843491
5340,ENST00000403734.2,ENSG00000234857.2,HNRNPUL2-BSCL2,62690275,62727384,8.678550637877752,4001,5166.12,759.986,3.31439,GTTTTGGGCTCCGTGAGCCGAAAGGGGGAGGGGAGACGAAGGAGAAGCAAACACTGCGCAGCGGGACCGTGCGCGGCCTCCGCTCCTGCGTGCGTGCGCTCGCTCGCGCGGGCTCAGTGCTGGCGCGTGAGGCGGAGGCGGGCGGCGGCGGCGGCGCCTGCGCGGTCGGACTCGGTCGACGGTTCGCAGGGGAGGAGGCGGCGGGAGGCGGAGGAGGCGGCGGCGGCG,2.6184458189524324,1.3887107527584897
5341,ENST00000301785.5,ENSG00000214753.2,HNRNPUL2,62690275,62727384,75.42804439697133,5106,6431.32,1247.45,4.37004,ACGAAGGAGAAGCAAACACTGCGCAGCGGGACCGTGCGCGGCCTCCGCTCCTGCGTGCGTGCGCTCGCTCGCGCGGGCTCAGTGCTGGCGCGTGAGGCGGAGGCGGGCGGCGGCGGCGGCGCCTGCGCGGTCGGACTCGGTCGACGGTTCGCAGGGGAGGAGGCGGCGGGAGGCGGAGGAGGCGGCGGCGGCG,17.260264070116367,4.109382631810546
5342,ENST00000307366.7,ENSG00000168569.7,TMEM223,62771629,62792021,31.68509894535044,1288,1348.5,358.448,5.98876,AAGCCCCACCCCGGAAGTCGGCTGGCC,5.290761183508846,2.403475298270043
5344,ENST00000294172.6,ENSG00000162231.13,NXF1,62792123,62806302,35.309014806367585,2346,2533.57,1190.84,10.5896,CGGCGCGCGACGTGCTTTGCTGTATAAATGCGGTGGCGCCCGGCGTAGGGACACTTCGGTCCTGAGCGCTTGGGAGTTAGGTTGTTTGCCGGCGTAGCGGCCAGCGCCTGAGCCCGCCCTTGATCTTCGCTGTGGC,3.3343105316884096,1.737388471950163
5345,ENST00000294179.7,ENSG00000162236.11,STX5,62806897,62832088,61.67335183109076,1794,2071.71,409.293,4.4511,GGGGGTGGGGTTACGTGTAGGTGACGTGGCCGCTTCCAGTCTTTGGTCGGGTTTCGGCGGCTTCAGTGCTCGGGGAGGAGGCAGTGACGGCCGGTGAGATTGGAAGTGGCGGCGGCGGCAGGCGGCAGAGGGGAGTCCGAGGTTATGCGTCTCA,13.855755168630397,3.7924134378501866
5346,ENST00000255681.6,ENSG00000133315.10,MACROD1,63998558,64166106,24.22597583530591,1205,1501.16,102.229,1.5343,GAGAGACACTCCCGAGCGCCGTAAATAGAGTCCAAGTGGGCGGAGAGCCGTCCCGCGCCGCCCGCTC,15.789595147823704,3.980902275223259
5347,ENST00000317459.10,ENSG00000149743.13,TRPT1,64223799,64226254,7.666793717585725,962,1109.41,53.15,1.07938,GCGGTCGAGGATCCTGGAGGTTTGTCCCCGCCGCCCCGACGCTTCCGCCCGGTCCGTCGGCACGTCGGCCCTGCCTCCCGGACCACCCTGCGGGGCGCACCAGCGATCTGGGGTGCGGGGCTCGGCCTCCCTGCGCTCCTGGCTGACCGTGTGACCTTGGGTCTTAACC,7.102960697424193,2.8284205025266544
5348,ENST00000309318.7,ENSG00000173457.10,PPP1R14B,64244480,64249494,16.979027123228516,982,1106.8,762.323,15.5178,GACAGAGAAAGCGCTTCGGCGGCTGCAGCTCGGGCGGCGGCCGCGGGGGACAAAGGGCGGGCGGATCGGCGGGGAGGGGGCGGGGCGCGGCCAGGCCAAGCCCGGGGGCTCCGCATGCTGCAGCTGCCCCCGGGCGCCCCCGCCGCCGCCCTCGCCGCGGAGCCGCGCGGAGCGGAGCCGGCGAGCTAACCCGAGCCAGCCGGCGGGCGTCCCGGAGGCGGTGGCGCAGGGAGGGGCCCGACGCTCGCACGTGGCCCCGGCGGCCGCC,1.094164580238727,0.12982975936994282
5349,ENST00000539854.1,ENSG00000173113.6,TRMT112,64316460,64318084,333.41846159633883,659,539.007,473.704,19.8004,CGGCCTGGCGAGAGTTTGTGCGGCGAC,16.83897606090477,4.073732509018068
5351,ENST00000227503.13,ENSG00000168066.20,SF1,64764606,64778786,106.7182906573702,2850,3904.5,965.965,5.57388,GCGACACCTCCCAGCCCACCGAACTCCGCCGCCATTTCCTCGCTTGGCCTAACGGTTCGGCCAATCCCAGCGCGCATCAAGAAGGACTGAGGCTCCGCCAATCGGAGGCCGCCGATTTCGACCCTTCGCCTCGGCCCGGCCCAATCCAGGCCCCGGCCCCGCCGCCCCCGGCCCGCCCCCGCGGTGCCCTCTCTCCTCCCTCTTTGTGCGTCTCGCGCCGCCGCCGCCCGCCGCGTGAGAGGACGGGCTCCGCGCGCTCCGGCAGCGCATTCGGGTCCCCTCCCCCCGGGAGGCTTGCGAAGGAGAAGCCGCCGCAGAGGAAAAGCAGGTGCCGGTGCCTGTCCCCGGGGGCGCC,19.14614068788173,4.258981710454205
5352,ENST00000275517.7,ENSG00000146670.9,CDCA5,65066300,65084164,39.87441518483054,2587,3351.34,994.284,6.68427,GACGGGTGGAAAAGACTCGGGGTTCCGAGGGCCGCAGACCGCTAGCCCTACGTCACTTCCGCTTCCTTTCCCGCAGGGCGGGTAATTCGAACGTTTTTTGCAGCGAGTGGCCTTCCCGGTTGGCGCGCGCCCGGGGCGGCGGCGCTGGAGGAGCTCGAGACGGAGCCTAAGTT,5.965410611006219,2.5766214448902223
5353,ENST00000310597.5,ENSG00000174276.6,ZNHIT2,65116403,65117708,22.08730544558981,1306,1627.19,114.0,1.57845,AAGTTTCGAACTACCACCGGCGTGCGTTCGCAGGTAGATCGCGGTGCCAGTTGCC,13.993034588102132,3.8066369602104477
5354,ENST00000529639.5,ENSG00000149806.10,FAU,65120628,65134533,1156.0451884862089,847,826.252,1127.4,30.7418,GAGCCTCACACCCACGCGATGCCCTCAGCTCCTCGCTCAGCGCTCTCACCAACAGCCGTAGCCCGCAGCCCCGCTGGACACCGGTTCTCCATCCCCGCAGCGTAGCCCGGAACATGGTAGCTGCCATCTTTACCTGCTACGCCAGCCTTCTGTGCGCGCAACTGTCTGGTCCCGCCCCGTCCTGCGCGAGCTGCCTGCCCAGGCAGGTTCGCCGGTGCGAGCGTAAAGGGGCGGAGCTAGGACTGCCTTGGGCGGTACAAATAGCAGGGAACCGCGCGGTCGCTCAGCAGTGACGTGACACGCAGCCCACGGTCTGTACTGACGCGCCCTCGCTTCTTCCTCTTTCTCGACTCCATCTTCGCGGTAGCTGGGACCGCCGTTCAGTCGCCAAT,37.604993477486964,5.2328523415477415
5355,ENST00000406246.7,ENSG00000173039.18,RELA,65653596,65663094,26.823749435376065,2700,3676.44,505.069,3.09517,TCTTCGTCCTCGGCGAGGCGCGCACTTGGCCCCGACCCCCGGCAGCGGCTGTGCGTGCAGCCTCTTCGTCCTCCGCGCGGCGTGCACTTGCTCCCGGCCCCTGCGCCGGGCGGCGGCGGGGCAGCGCGCAGGCGCGGCCGGATTCCGGGCAGTGACGCGACGGCGGGCCGCGCGGCGCATTTCCGCCTCTGGCGAATGGCTCGTCTGTAGTGCACGCCGCGGGCCCAGCTGCGACCCCGGCCCCGCCCCCGGGACCCCGGCC,8.666325092119678,3.1154203561565192
5356,ENST00000308418.8,ENSG00000172922.8,RNASEH2C,65714896,65720947,140.96426826707102,2794,3860.85,875.14,5.10689,AAAACACAACTGGAAAACCCTAGGACTTGAACCCAGGGAAAGCGTTAGGGGGTAAGGGGACTACACTTCCCGTGAAGCTCCGCGGCGGCTTCCCGTGAGGCCCCGCGGAGGCTTCCTGAGAGGTCCTGCGCGCTTTCCGCGCCAGCTTCAGTGTCAGCTCGCGAGCCCTGGCGTCGCGTAGGAGGGAGG,27.602761811409884,4.78674071885765
5357,ENST00000525451.6,ENSG00000172757.12,CFL1,65823022,65862026,1128.8923558737945,1878,2526.23,823.947,7.34831,AACTGCGAAGCCCCCCTCTCTCTCCCCGTTGCTCTTGGAAACTCTAAGGCTCAGAAAAGGGGGCGCTAGCCTCATATTCATGTAGGGTCGCTCGCGGGAGGCGGGGTCAAGCTGCTGTCTCCACCTGGAGCGCCGGGAGTCCGGGCGGGGGCGGTGCTGTGGAATGTCCCCGACTACAACCCCCGGTCGGGATTCCAGGCTAATCAATAGTTGCTTCGATTCAGAAATGCAAAACCCTAACCTCACTCAAAAATTTCAGGCCAAGGGATCCAGATAATACCAGATGGGTCTTAAGAAAGCCGTTTTGCTGTGGGATAAAGAGCCGCTTAGTCGGGGATCGTTTTCGGGTCATTTTACTGAGCGCCGCCTCGCCGGGCTCAGAGCGGTTCCTGGGAAATTGGACCAATGGGCTCGCGCTGCGCGCTGCGGTGCCGCCCAGGACCTGGGCCTACATTTCCCTACATGCACTGCAGCTCGGAGCCGGCCGGCGGGAAGACTCCGTTACCCAGCGAGCGAGGCGGCGGCGCAGGGCCAGCGGACTCCATTTCCCGTCGGCTCGCGGTGGGAGCGCCGGAAGCCCGCCCCACCCCTCATTGTGCGGCTCCTACTAAACGGAAGGGGCCGGGAGAGGCCGCGTTCAGTCGGGTCCCGGCAGCGGCTGCAGCGCTCTCGTCTTCTGCGGCTCTCGGTGCCCTCTCCTTTTCGTTTCCGGAAAC,153.6261202744297,7.263279720850912
5359,ENST00000357519.8,ENSG00000172500.12,FIBP,65883741,65888539,22.32064373566093,1248,1322.04,633.237,10.7916,ATAAGCTGGGTCCCGATGCCGCGAGCGGAATCTCGGCGCTCCCGGAAGTGGCCTGAAGGCGGCGCGCCAGTCCCGAGCAGTGCTCGCTCCTGCTCGGGGCGCTGCGGCCCCGGGCGTCGCC,2.0683349768024137,1.0484698559795604
5360,ENST00000312562.6,ENSG00000175592.8,FOSL1,65892049,65900573,5.479265346296,1669,2249.47,135.143,1.35355,ACGGGCCAAGGCGGCGCGTCTCGGGGGTGGAGCCTGGAGGTGACCGCGCCGCTGCAACGCCCCCACCCCCCGCGGTCGCAGTGGTTCAGCCCGAGAACTTTTCATTCATAAAAAGAAAAGACTCCGCACGGCGCGGGTGAGTCAGAACCCAGCAGCCGTGTACCCCGCAGAGCCGCCAGCCCCGGGC,4.048070146131284,2.0172342896861086
5362,ENST00000376901.8,ENSG00000174851.14,YIF1A,66284580,66289170,48.0561295006418,1124,1381.15,499.995,8.15619,GAAGAGCCAATGGCAGGCGCGGGGGATGACGCCACGGACATGGTGGCCGAGACCGGCGGGGTGGGGGACGTGTCGCGCGGCCGGGTGGCCTCGGTCGGTACCCTGGGCGCGGAGCAGCTGCCTCATTAGTATTCGTACCCACGAGGCGGCGCAGCGGGCCCTCGGGGACAGCGAGCGTCGCGGCC,5.891982592441054,2.5587531680119047
5364,ENST00000359957.7,ENSG00000174744.13,BRMS1,66337333,66345125,42.90985196225107,1445,1805.12,420.638,5.25004,GATGACGCACACGGAAGCACCGATAGGCTCTGCCTCCCGAAGAAAAGGGAGCCGCGCAGCGCCTACGGGAGTCCGGCGGCAGCAGCCGGTACCGGCAACCACGGGCAGCTCTCAGGGAATCTCCGTCGTGAGGCCAGAGGCTCCAGTCCCCGCGAGTCCAG,8.173242863340292,3.030908604026955
5365,ENST00000311181.4,ENSG00000174684.6,B4GAT1,66345372,66347692,129.709749317602,2072,2648.93,577.0,4.90759,GGGCGGCGGGCGGGGCGGCGCTCGGGGCTCGGCTGGCCTCGGCTCGCCTCGGCTGCGCTCGGCAGGCTGCGGTAAATCCGGGCTTGCGGCCGCTGGCGTAGTCTGTGGCCGGGTGGTCGTTGCTGCGCGCCCCGAGCCCCGAGAGCC,26.430437203923308,4.72412838466878
5366,ENST00000357440.6,ENSG00000174669.11,SLC29A2,66362521,66372214,9.509203826412492,2514,3719.35,234.812,1.42238,GGTGGCGCGACCCTCTGTCCCCGCCTCGGGGCGGAGCCCAGGTCCCAGCCTGCGGAGCGCGAGACACGCCGAAATCCGCCCGAGGCTACCTGTGCGACTCCAGCCGCCCTGCACCGGAATCTGGGGAGACCCGCCCCCCGCCCCACCGGTCTGCGGCCCTCCGCCCCAGCGCAGGTGCAGGTGCGGCTTCTCTGCCCCTTTCACCCCAGGCGCATCCGCCGCGGCGGCC,6.68541727696712,2.741017610374489
5367,ENST00000310999.11,ENSG00000174547.13,MRPL11,66435075,66466738,91.39167721814792,1605,1667.27,85.6541,1.15745,GTGAGGACCCTTGACCTCTGGCCCAAGATGGTGGCGCCCAGAGCTTCGCTCTTGCTGCTCCCCTGAGGTGAACTGAAGCCAGCAGCCCCGCATC,78.95950340675442,6.303041011291784
5370,ENST00000310046.8,ENSG00000173914.11,RBM4B,66664998,66677921,20.44157692146158,1840,1968.6,240.607,2.75368,GGCTCCCGCGAGGGGAAGGGGAGGGAAGCAGCGCGCACTCGCGCGTGCGTGAGCTGGCGCGCGAGAAAGGGCCCGGTCGCGTCCAGGCTCGAGCGGCCGTCGCCATTTTGTAAGGTTCTCTCTGACGTGGGAGCCGCCGTCGCTGCCGCCACCCGGAGGCTCTTGTCAGG,7.42336688411928,2.892073672737771
5372,ENST00000533211.5,ENSG00000173898.11,SPTBN2,66685248,66729226,6.2268556395837145,8128,11864.4,695.789,1.32127,GATGTTCTGGGAGGGAGAGCCGGCCCAGCTGCCTGAAGGAGGACGCGAGAGCGAGGGGACGGGTGAGAGGAATGCTTAGCGGAGACGGACTGGAGGTGCCCGGAGAGGAAAGGGGAACGGAGGCTGGATCTCGGGAAACCTCGTCGGCAGTGTCATTAGAGGAAGGATCGCGTGTCTCGGGGATACGGATTTTGGAGGAAAAGCAGAATAGGGACAAAGGCTTCCCAGGTGGCTTCCCCTCTTCCCCTGGGGGCTGATTTCCACTGAGCAGCCAACCGCAGCCTCTGGCCACAAGGAGAGCGGAGCACAGGAGCAGGAAGCCGCCTACCACC,4.712780612277365,2.2365785230790483
5373,ENST00000376745.8,ENSG00000172531.14,PPP1CA,67398183,67421183,161.2085440733291,1476,1701.38,1181.06,15.6398,GCGGGGCGGGCCCGGGAGGCCTGGAGGCGGGGCCGCGGGCCGGGGGCGGACTGGGGCGGGCGGAAGGAGAGCCAGGCCGGAAGGAGGCTGCCGGAGGGCGGGAGGCAGGAGCGGGCCAGGAGCTGCTGGGCTGGAGCGGCGGCGCCGCC,10.307583477623059,3.3656342400585393
5375,ENST00000393893.5,ENSG00000172725.13,CORO1B,67435510,67443821,38.158601345932745,1931,2963.66,225.45,1.71389,ACCCAATCCTGGAGACTCCTGCGGATGCCATTATGAGGAGCAAGAACGCGAAGGGGCCTCGGGTCCGCTAGGCCGGGATCCGGAGCCGCCCGAAGCCGGTGCCGCAGCCCCCTGCGCCCCCGGTGCCCCCGAC,22.264323466460944,4.4766618689672715
5376,ENST00000301488.7,ENSG00000167797.7,CDK2AP2,67506497,67508649,36.47599292645856,1378,1833.57,129.427,1.59033,GCGCGCAAGGCACCGGTGGCAGCGGCGACGGCAGCTGCGACAGCAACCCCTGCTGGGCCGAAACTGGGCAGAGCGGAGCAGACGTCTGAAGCAGCGCGAGTGAGGCGCGAGGGTAGCGCCCGCGCCCGGGAAGACCCCTCGGCGCGAACCGGCAGCCCAGCCCCGGGTCCCGGTTCCCAAGGCCCCGCCTCTAGGGCCTGGGGACTAATCGGATTGAGAGCGCGCCGGCCCGGGCCGCGAACTCGCCAATTGCGGAGGGCGGTGGCCACCGCCCAATCCGGAGCAGACAGGTGCGAGGTCCGGAAGGCGGAGGCCAATCGGCGGCGGTTGCGACCTGCTGGGGCAGGTCTCGGCCAATAAGGAGGCTCGAGTGACATCTTCGCGCACCAATCGGGAGTGAGGGAGCATTCGTGCCCGCTCGCCCTTCCGGCCAGACCTCTATTTACCAGGGGCGTGCAGCCCGCTTGCCAATCAGAGCGCGGCTGAGCGGCCCCGCAGCCAACCCCCGAGGAGCGGCCGGCTGGCGTCCGCCGCGCCCAGGAGTTGGGG,22.936115728470543,4.519549183985017
5377,ENST00000265689.8,ENSG00000110721.11,CHKA,68052859,68121444,30.96520989379253,2530,2784.91,247.917,2.00565,CCGCGCCTCCTCGGCCGCCTGTCGGGC,15.43898980070926,3.948506452597863
5378,ENST00000304271.10,ENSG00000171067.10,C11orf24,68261335,68272001,20.714547628802123,2063,2930.05,414.947,3.19065,CCCGGAGCTGCCTGGGTTGCGCTGCCGGCCACGTCCCCGCGCCGGGCCTCAGGCTCCTTCCTACTGTCCGAGGGCCACCAGGCCGCCGGGGGCCTGCTGCGCCCGGATGCGTCTGTTACTAGAGTGGAGAGTCTACCTTCGTCTCACATGTGCCACAAAGGATGGCATGGCCCGGGAGTGCCCCACCACGTGGCTTTCACCCCCTGCAAAGCCAGACTTCGCCCAGCGACACAGTGTCAAGCCCACAGCTCTCCAAGGAGGAAGATGGTCCAGGCTGGGAGCATCCCCTTAGCAGCAGCCTCTGATCCCTTGGCCAAGCAGGAGGGAACCATTAGCAGCCTGAGGAGCTGGCTGGCTGGGAGCCTCGGGGACCGCCCAGCCTTGCTCCCAGCTCACCCACAAG,6.49226572290979,2.69872204937431
5381,ENST00000362034.6,ENSG00000197345.12,MRPL21,68891276,68903835,122.06381775858485,683,531.403,455.557,19.3144,GGCTGCGGCC,6.319834825756164,2.6598868528364807
5382,ENST00000355527.7,ENSG00000172893.15,DHCR7,71428193,71452868,152.3551587192169,2666,3515.25,894.026,5.73002,AGGCAATCGCTGACATCATCCGGGGGCGGGCGCCCCTGCCCTGCGGGTGACTCCGACCCCTGGCTAGAGGGTAGGCGGCGTGGAGCAGCGCGCGCAAGCGAGGCCAGGGGAAGGTGGGCGCAGGTGAGGGGCCGAGGTGTGCGCAGGACTTTAGCCGGTTGAGAAGGATCAAGCAGGCATTTGGAGCACAGGTGTCTAGAAACTTTTAAGGGGCCGGTTCAAGAAGGAAAAGTTCCCTTCTGCTGTGAAACTATTTGGCAAGAGGCTGGAGGGCCCA,26.588940129217157,4.732754365471533
5383,ENST00000393695.7,ENSG00000137497.17,NUMA1,72002864,72080693,4.318888451823525,7343,10318.1,535.295,1.16884,AAGTACAGGCCGGGGTCCGGAAGCGGTGATACCCCTTCTCTTTCCCAGTGGCCCTCAAACTTCCTTTTCCCGGGTCCTTAAGCGGGCCCCGCCGACAGAGGCCAATCAGAGGGCAGCGCGAGGGGGCGGGGCCATAGTTTAAACTAATTGTGCGCTCACAGCGCTGGCGCGAGCCCACGAAGAGGTACGATTCCGGAGAATCGCGAGGCAGAGCGGGAGCGCGCAGCCAGGTGGAAACTAATTCTAAGCCAGACTGCTGGAGATCACCCTGTTCTAGTGTGTGGAGGCTTCCACCAGGAGGCGCATTGGAGTGACTGTCTGGCATCACCAAG,3.6950210908452177,1.8855825991673572
5384,ENST00000278671.9,ENSG00000149357.9,LAMTOR1,72085895,72103387,49.11302039553132,1179,1459.79,596.116,9.20033,GGGGTATTGACTGAGGCGGCCAAGCGGCTCCGGGACAGGGGGTACGGGGGGTGGGGGCGGGTGGTTGCCTGCGGGAGGCCGCCGCGGGTCATGTGACCGGAAGGGCTCCTCACGGACGCCGTCCCTCCTCGGCGCGGCCTGAGCGCCCGGCCCGACCCCGGCC,5.338180303916417,2.4163480351863265
5385,ENST00000538039.5,ENSG00000162129.12,CLPB,72292425,72434680,37.92537252640027,3078,3960.89,219.816,1.25034,TCTCCCGTGAGGTAGTGCGCAACTCCACCCTGTTCGCGGCGTCTTCGAACGCGCCGCGGCAGCCATGTTGGACGTGGTCAGCACAGGGGCCGGCACCACGGGGTTATCGAAGCAGCTGTCAAG,30.332047704144685,4.922770991889791
5387,ENST00000356467.4,ENSG00000054965.10,FAM168A,73400487,73598189,21.55083873719497,1767,2386.04,169.848,1.60379,GAGCGGTCCCCCGCCTCCTCCCTCCGCCTCCTCCTCCCTCGCCCGCAGCCGAGCGTCCCCTCCCCCCACCCGTCGGGCTCCTCGGCGGCTACTGCAGAGGATTCAGAGCCGAGTCGCTGAGGAGGAGGCTCCGGTCCCCGCGCGCCATCCGCCACCCTACTGGACACGGGCGAGAGCGTCGCCGCCGTAGCCTCCGGAGAAGACAAGGGCATCGCCGCCTCAGCCGCCGCCGCCGCCGTTTTCGCCTGCAGCTGCTCACCGGATCCTCAGTCTTCCACA,13.437444264644977,3.748186865642517
5389,ENST00000336083.7,ENSG00000175582.19,RAB6A,73675638,73761137,37.34350771433599,3085,2455.47,1611.77,14.7888,GCTCCAGAGGCTCGCGCACTCAGCAGGTTGGGCTGCGGCGGCGGCGGCAGCTGTGGAAGCTCAGGCGCTGCGCGTGAGAGGTCCCAGATACGTCTGCGGTTCCGGCTCCGCCACCCTCAGCTTCTCTTCCCCAGGTCTGGGAGCCGAGTGCGGAAGGAGGGAACGGCCCTAGCTTTGGGAAGCCAGAGGACACCCCTGGCTCCTGCCGACACCGCCCTCCTTCCCTTCCCAGCCGCGGGCCTCGCTCGGTGCTAGGCTACTCTGCCGGGAGGCGGCGGCGGCTGCCAGTCTGTGGAGAGTCCTGCTGCCCTCCAGCCGGGCTCCTCCACCGGGCCTTGCAGGGGCCGAGAGAGCTCGGTGCCCGCCCTTCCGCTCGCCTTTTTCGTCAGCTGGCTGGAGCAGCATCGGTCCGGGAGGTCTCTAGGCTGAGGCGGCGGCCGCTCCTCTAGTTCCACA,2.525120882988207,1.3363524544439016
5390,ENST00000355693.4,ENSG00000181924.6,COA4,73872667,73876988,181.6046180214544,960,1043.19,682.698,14.7444,CCCCTTCCCGGAAGTGAGTCCCCGAGAAGCGTGCGGCGAGGACAGAGGTGGGCTCAACACCAAGAGGCCACCAATGAAAACGTGACTTTTTCACATTCCCCGCCCCTTCCGTGTGCACGCTCCCCACGAGGGGCTGGTTCCTGAAAGGATGTACAGAGGATCCCCAACCGCCTGCGAAACCCAAGCCGCCGCGTAGGAGCGTGCGTTCGGGCCCTCTTCTCCCACCTGTTCGACTCCCCATCCCCAGG,12.31685372218974,3.6225618688509984
5391,ENST00000334126.11,ENSG00000168014.16,C2CD3,74012714,74171210,2.6599761589067183,7960,9167.34,627.88,1.5431,AAAGCGTCCTGGGTATTGTAGTGTATTGGAGGGAAGGCGTCTTGGCGCCTTCTCTTCGCACCGTTTTCCGGAGACTGTTAGAGGAAGAGTCGCTTTTTCCTGCCTCCCAGGCTGCCCAGCGGCGCCGGTTGCCGGGGAACGCAGGCGCCGTGGGGAGGGATGGCGGGAGGATACTGCTTAGGTGCTGGAGACGGAGTTGAGCTGGTGAAGAAGAGCTCGGGCTCATC,1.723787284626219,0.7855817568232961
5392,ENST00000298198.4,ENSG00000165434.7,PGM2L1,74330318,74398473,8.218256007662555,8515,7068.55,400.746,1.27732,GGGCGGGCGGCGGCGGCGGCGGCGGAGCCAGGACCCAGACATCTGGGACTGTTGTTCTCTCGCGGCGCGACCGCCTCAGTCACTTCGCCCAGAGACCCGGACCTGGTCCGCTGGGGAGCAGGCGGCCATAAACCCCCTCTCTCCCGGTTCCCTGACGCCGCGGCAGGAGCTGTTACGAACACCCTGCGGTTGGTCTCCGATGCCCTTCAGTGAGGTGGGGACGCCTGGACCCTGGTGAGCGAACCCCAAGCCACCCCCCACCCCAACTCAGTGTCTTCGCCGGCCCCCGGCCCGTACGCCTGTCTGGTCGCC,6.433983659272974,2.6857122719067563
5393,ENST00000356341.7,ENSG00000149269.9,PAK1,77321707,77474635,18.187405936491505,3737,4238.07,752.79,4.00191,GCCCTCCCGCGGCTGCAGCCGGAGCCGAAGGTGGTGGCTGCACAGTAGACGCCCCCTCACGGCTTCCCCCACACGCTCCCGCCCCCTCGCTCGCCCATCGCGCTTCCCTCACAGGCTCTGCAGTCCTCCCCCACAGACGCCTTCCCCCTTGGACTCTCATTCCCTTTTCCACGGAGCCCCGCGCTTTCGTGAGCCCCCTCGAGGAACCTGGTCTCCGCATCCAGTTACCACCTCCTGCCTCAGAGGCCATCTGAGCCCTTCGCACCTCGCCCCTCAGTCCCCCCTTCCCCCCCCGCCCGCGTCGCCTCGCTCCCTCCCGCCCCCCCATCATCCCTTCCCTCGCAGTTCCCCTGTCCTGAGGGGAGCCCCGCCACGGGCAGCGCGGCGGCGGCGGCAGGAGGGAGAAAGTGAAGCGGTAGCTCGCGCACACTCGCGCCCTCACTCCCGGCTAGGCGGCACCCACCGCCGGGAGGAGGAGGAGGAGCCGAGAGGAGCTGAGCGAGCGCGGAAGTAGCTGCTGCTGGTGGTGACA,4.544681398754971,2.184179158985422
5394,ENST00000525428.5,ENSG00000074201.8,CLNS1A,77514936,77637805,202.1017035576917,2993,2561.22,195.539,1.72008,GGGGTGACTGCCTCTTCCAGGGCGGGCGGTGTGGTGCACGCATTGCTGTGCTCCAACTCCCTCAGGGCCTGTGTTGCCGCACTCTGCTGCT,117.49552553235414,6.876462006861195
5395,ENST00000308488.10,ENSG00000048649.13,RSF1,77659996,77821017,15.609707521942246,11550,9835.12,567.948,1.30104,TTGTTTTCATTCCCCCTGTCACACGAGGCAGTGGCAAGCCCGAAGGGGAGGAGAGAAGGGGGCGGAAAGAGGGCGGAAAGTGAAAGGCGCCGAGGGCCGCTCTGTCTCCCGTCTGACTCGGTTCTCGACTGCTCCGGGCCGCCGATGTATTGTGGGATCGCGGAGCCGTCCCTGAGACGCTGGGATCCGCAGAGGAGCCCACTTGAGAGCGCCTCCTGTCGTCTGTAAGGTTGCCTTGCCATCCCTCGGCACCACAACTTCCCCCGCCCCCCCATCGCCTCCTCCTCCATCCTCCAGTTCAAA,11.99786902934748,3.584706282904733
5396,ENST00000534064.5,ENSG00000149262.16,INTS4,77878720,77994678,8.251821943803336,3156,3122.01,437.579,3.1578,TAGTGTACGGAAGCTGAGAGGGCCCGCGGGTAGGC,2.6131553435313624,1.3857928907049282
5397,ENST00000281031.4,ENSG00000151366.12,NDUFC2,78015715,78080219,661.762985241075,2518,2393.94,522.067,4.91331,TAGCTTTTATGGAATTTCAATTAATTACGTTTATCAAAACTACGCATCATGCCCATTTGTGGGTATTGGATGAAAAGATAAATCTTTCCAGAAGGGGCAGGGGAGGGAGAGGCAATTCTGGTTGGGGAAGTTGGGAGAAAAGAAAATCAGTATCTCCTAGTCTTCGCCCAGTTTGGCTCGTTTGGGGTACTCCTCGACCCCGCGTTACCAGGCCCGTGAATCCCACTCCCACCAGAGAATTAGCGCGGGCGGACGAGCAAAGTGAAACTTAGTAGCCCGGAACTTCGCGTGCCGGGTTCCCGCAGCAACACGTACCGGGAAGCGTTTGGGCGCTGCACCGCGCTGCGCCGTGCCCGTGAGTCCGGCGCGCAGAGGAGGAGGAGAAAGCTGACCGCTTAGGCCGGGGTAGTGGTCGTCGTGGTTTTCCTTGTAGTTCGTGGTCTGAGACCAGGCCTCAAGTGGAAACGGCGTCACC,134.68781437382842,7.073475521364183
5398,ENST00000299626.9,ENSG00000159063.12,ALG8,78100936,78139660,94.80791686085016,1675,1339.4,881.105,14.8211,AGAGGGCTTTCTCCGCATGCGCGGGATCCCGGATGTGGATCAAGTTGGTGGGAAGCGTGCGGTGCCGCAGCA,6.396820536994566,2.6773550089755456
5399,ENST00000281038.9,ENSG00000137513.9,NARS2,78435961,78574874,22.71161663373535,2519,2160.77,292.665,3.05157,GTAGCGTGATGACGTAAGCGGCGTTGGCGTGGTGTGGTAGGAGTGGTTGCGCGTGTTGCGGCCCGGGTTCTGTTCGTAGGTTTACAATTGTCGCGGGTAGTGGGGCGCCCCAGCTGCCAACTGCACGTGGTTTCTTTCTGGCGTTTGCCTAGTGTCCTGTCCATTCCGCCCCGTTGGGAAGTGGGAAGCGGAGAGGTTCTGTGGGGACAGAGCTGGGAGTCCTGAAGGAGAAAGCGCGCAGCCGAGGGGCTCTGGAGTGCCTTAGAGCAGAGCTGCGGCCGCGGAAGGGGAGCAGCTGAGAAAGGAGGGCCGCTGCAGGCGGGGTTCGAACCGTGGGGTCTGGGCTGCTCCCGCGGAGGGCCTGGGCGGACGCGGG,7.442600574043968,2.8958068121561693
5400,ENST00000313010.7,ENSG00000137509.10,PRCP,82823502,83071923,68.97308369806208,3090,2817.47,293.637,2.34808,CTCGGGGATGGGGGCGGAGTGGCTGTGGTGACCTGGCTTGGGCGGCGTCTCTGAGGAGCTGGCTGGCTTTGGGTTTCCCCTGGGAGGAGCTGTTTTGCGGCGGGCGGAGCTGCAGGCTGGGCAGGGCTTAGCCTGTGCGCTTCTGCTGGCCTCCTTTTCGCCCTCCCACCCGCACTGCAGTCTCCAGCCTGAGCC,29.374247767564174,4.8764800016832845
5401,ENST00000490820.2,ENSG00000137504.13,CREBZF,85659708,85682908,111.54991358835892,4329,3759.04,584.354,3.50236,GGCGCGGTCGAGTCATCGCAGGGCCTCACCGCTTCGTTCTCCCGTCCCTCCCCGCGCCTTGGCGCGGGGGGTCGACTAGCCAAGTGAGGCGGGAGGCGACTCGGACCTTTCCCTGCATTTCGTTTCGGCCAGTGCCGGGGGCTACCCGCCCTGGGGCCTGGGATCCTTGGGGCCCGTGAGGCCCACTCTTAGCGGCCGGGGCCTACCGCGGCCCGCCGCTGGCCCTC,31.849927930983373,4.993218202887603
5402,ENST00000532317.5,ENSG00000073921.17,PICALM,85957684,86069882,32.19979165390538,3474,2913.53,696.156,5.3833,CTCTTACCCTGCCCGGCTCCAGCTGACCCGGGAAGGGGTGGGCTGAACTGAGGCGGGGGCAAGGGAGTGCCCGACATCTTGTCCGACTCCGCGGGTGACACGAGCCGGTTCTCTCTGGACTGGTGGCAGCGCGCGGCCCCGAACCGCGCCCCAGGCCGGCAGGCGGGGAAGGAGCCGGTGGGGGTAGGGGGTGCGGTGGGGGGTGGGGACCCTCCGGCTCTTGGGGGTCCCAGTCCCCGCCGGCTGCTGAGCGGGTGGGGTGGTGGAGGAGCTGCAGAG,5.981422483217614,2.580488622456729
5404,ENST00000243662.10,ENSG00000123892.11,RAB38,88113242,88175467,18.716942879048176,1465,1357.49,80.0,1.32775,TTGCGCTCCCCAAGTCTCTCTCGTGCGCAGAGCCCAGGCTGCGCTTCCCTGGTCAGGCACGGCACGTCTGGCCGGCCGCCAGG,14.096737246505876,3.8172893778667425
5405,ENST00000227266.9,ENSG00000109861.15,CTSC,88293592,88337787,99.48705108542806,1921,1872.93,633.594,7.62172,GGTTTCCGGGCCGGCGTAGCTATTTCAAGGCGCGCGCCTCGTGGTGGACTCACCGCTAGCCCGCAGCGCTCGGCTTCCTGGTAATTCTTCACCTCTTTTCTCAGCTCCCTGCAGC,13.053097081161216,3.7063202475458956
5407,ENST00000320585.10,ENSG00000110172.11,CHORDC1,90201160,90223364,25.049727465804057,2654,2177.21,228.119,2.3606,ATGAGAGGGCGGGGCGGCCACTTTGCTGCAGGAGATACCCAAAGCCAGTTAGCACTGAGGAAGTCAGAAGAGAATTGTCAGTCTCTCGGACACCTTCATTTTCTGCCCCGGAAATTTCTCCTCCGCTGTTGTCTGGGCTCCACTTCCGACCCCCAGTTGCTACCAGCTGTAGTCCGACCTATCGTGGCCCGGGCTAGTGCCAGCCTCCCGCCGCTACCTCCGCCTCGTCCCTTCTCCTCTGCGCCTGCGCGACCGGAAAATTCGCGAAGGTTCCTGAAACGCAACGGATCGTTTCCGGAAGCCGGTAGCCGCCTCAGTCGTCAGACCGGTGCTAGCGACACGGGAGTGGCAAACGCATCCTCTTGCCGTTCCCGGTGTTTGGGCCTTGCCTGTGACGGTGGGAAAAGAAA,10.611593436331466,3.4075694024206893
5409,ENST00000326402.8,ENSG00000180773.14,SLC36A4,93144171,93197964,18.09229841228172,6012,4241.13,518.67,2.75532,CGCCGGGGCAGGGAGGCGGGCACCAGGCGCGGGTCCCTCCGGGCAGGGGAGGTAGGCCTGGGCCTGACGCCGGCCACGCAGCGGCGGGAGAGTGAGCACTCGGGCGGCGGCGTCCTGGAGACCCGCGAGAG,6.566314770074517,2.7150839101821123
5410,ENST00000323981.6,ENSG00000166012.15,TAF1D,93729948,93784391,26.783009123548464,2540,1801.05,271.665,3.39837,CTTTTCTTCCGCACGGTTGGAGGAGGTCGGCTGGTTATCGGGAGTTGGAGGGCTGAGGTCGGGAGGGTGGTGTGTACAGAGCTCTAGGACACCAGGCCAGTCGCGGGTTTTGGGCCGAGGCCTGGGTTACAAGCAGCAAGTGCGCGGTTGGGGCCACTGCGAGGCCGTTTTAGAAAACTGTTTAAAACAAAGAGCAATTG,7.881133932899733,2.9784032187270757
5412,ENST00000407439.7,ENSG00000020922.12,MRE11A,94415578,94493908,160.32114159942975,2684,2098.84,111.844,1.2006,GACGCCGTTCTCTCCCGCGGAATTCAGGTTTACGGCCCTGCGGGTTCTCAGAGAATTTCTAGAATTTGGAATCGAGTGCATTTTCTGACATTTGAGTACAGTACCCAGGGGTTCTTGGAGAAGAACCTGGTCCCAGAGGAGCTTGACTGACCATAAAAATGAGTACTGCAGATGCACTGTAAGCACCTGACTTCTGGAATCCCTTGTTATTTGGGGTTTCTAAAGCTCGTCAACTGTGATCACAGTAAAAGAAAACTTATTTAATAAGCAGTAAATAAGGAACCTGTTT,133.53418424073777,7.06106530338428
5414,ENST00000279839.7,ENSG00000150316.11,CWC15,94962622,94973612,72.04779645388756,1576,1254.99,463.833,8.32689,GGATTTTGCTTCCGGGTCGTAGGCGCTAGCTCTGGGCGCAGAGGTTTCTGGGAGCCAAGAGTGGTAATGGCGTCTGTATGATCTTCGGAGCCTGCTGCATCGGACCTCGGCCAGTCATAAAAG,8.652425629963593,3.1131046360736097
5415,ENST00000536441.6,ENSG00000149212.11,SESN3,95165513,95232541,32.50473383840628,9558,7454.73,1663.48,5.02744,GAGGCGCTGCGGCGGCGGTGGTGGCGGTGGCAGCGGTGGCGGCTGCTCGTCCTAGCCTGGCGGGGGCGGGGGTCTGGAAGATGGGGGCGGGTGGAACAACGGGCCGGTGAGGAGCAGCCGCCGCCGTCTCCGCCGTCGCTGGGGCAGCTGCCGCGGTGGTCGCCTCTGGCAGTGCCGCTAGCTTTCAGGCAGTCGCCTCTCCTCCCGACATCCCGCCTTGAGGAGGCTGAGGCGGAATCGCGGCTGGCGGCGGGGGGACGGACCGGCCCTGCAGTGGCCGCAGTGACAGCCCGGACCCGGCCCTCCGCCCGCTCTCGCCTCGGCGCCCGCAGCCACG,6.465464299605023,2.692753976947458
5416,ENST00000358780.9,ENSG00000077458.12,FAM76B,95768942,95790409,6.643662509577712,3952,2756.29,182.305,1.49017,GAAGGAAGCGGATCCACGGCCGCACAGCTAAACAGCAACCCCCTACCCGCTTCGTCTCCCTCCGCCGCTATCGGGGCCTAAGCGGGAGCGGCTGGCACGGCGTCACTGGGTGGGCTGGGGCGGAAGTGGAGGCGGAGGGAGACGGTGGCGTCGTCCGCGGGGCCCTGGGCTCTCGCGGCGAGGCCCTGGTGGGCGCGAGGCAGGGGGAGGGGGAGGAGGAGGAGCCCGCGGCCCGGGCGGCGGCGGCTCTCGGGTTCTCCGTAGGGCCCCGCCTCGGAGCGGGCGGCGGCGGAGGAGGAGACTGAGGAGCAGG,4.458325231066061,2.15650186382322
5417,ENST00000346299.9,ENSG00000087053.18,MTMR2,95832882,95925315,30.087330753785345,4681,4030.33,254.999,1.42548,CTCCTTCCATAAGGGTCTGGTCCTTCATCCCTCCCGCTTCACCAGACCCCCTCACCCTGGGAGCCGCCACCTCCCTTTCCCCAAGACCAGATGTCGCGCGGCCGGACACAGCCAGCACGGAGAGTCGATGCCGGCGTCTGAGCTGCGCAGTGGGGTCTTCCCGCTGCCCAGCAGCCTACAGGCGCGGTGCACTCTGGGGGAACATGGCCGCTTCCGGTCTCCCTCCCGGGCCGGCGCTGGCCTGACTGCGGCCCCGGTCCGTAGCACTCCGCCCTCCGCTTCTCCCGCCCTGTAGCCGCGAAGACTGCTTCAGCCTTTCCCTGTGCTGCCCCTGCCGCGCG,21.106806657256044,4.399636418326991
5418,ENST00000278520.9,ENSG00000149231.11,CCDC82,96352769,96389923,12.369747376626115,2941,1838.71,240.281,2.94421,GGCTCACTGGGGACTCCTTTAAATTTTGCAATTGGTGTTATTAATAAGATGATAAGAGGGAAGTCTGCAAATACTCTTTTCTTGCCTGGTGGATAATAATTTACAGAAGTTTCTGGCCTAACTCGTGCAGTAAAATTCGGTTACATAATTTTTTAAAAAAGCATATTTGTAAACTCTAAACCATTTTAATCGTTATTTTTCTGAAACTAAAATACAGCATGAATGAGAGATAAAAATAATGATTTTTAAAGGCTTAATTTTTACTATCTTGTACAAATGTGATATTGGCAGCCGTCATTGTGTGGCACTGGACGGGGAATCAAGAGACCCGGTTTCTAATCCCTGCTCTGTCACTAACAAGCTGCGTGATCTTCGGAAAAAAGTAATCCTCTTGGAAAGCTGGAAACATAGTCCGAAGCTTAAGTGAAA,4.2013808038917455,2.070863554448079
5419,ENST00000398136.6,ENSG00000152558.14,TMEM123,102396332,102470384,354.77441888416286,3579,2800.59,3827.59,30.792,AAAGGCTTCCTTCCGGGCACCGCGAAGCCAGCGTGCTCAGCATTCAGGGAGGCAGCGGCGCTCGCCTTCATCCAGGACAACAAAACTGCCATTTCCGAAGAGAAAGGAAACGGCTCGCGGTTTCTGGGGTTCCCAAGCGCGCGCCTGCGAGGGAGGCCGCGAGCCGAGTCGCCACGCCCAGAACCCCGAGCCCGCCCCCGCGCCACCCAGCCCGGCCCCGCCGCCCCGGCTGCGCACGCGACGCCCCCTCCAGGCCCCGCTCCTGCGCCCTATTTGGTCATTCGGGGGGCAAGCGGCGGGAGGGGAAACGTGCGCGGCCGAAGGGGAAGCGGAGCCGGCGCCGGCTGCGCAGAGGAGCCGCTCTCGCCGCCGCCACCTCGGCTGGGAGCCCACGAGGCTGCCGCATCCTGCCCTCGGAACA,11.521642598212615,3.5262745060567293
5420,ENST00000260247.9,ENSG00000137692.11,DCUN1D5,103062076,103092215,59.17349556387834,1337,1195.92,566.507,10.6725,GATTGCGTCACTTCCGGGCCTCAGCGATTCGCCTCCGGGTTAGGCTGAGCCTCTTGCTTGCTGTGACTGGTGGAGCTGCCGCGCTGTCCGCGTTATCTCCTCCCGGTGAGAACGAACCGCAGTGTCCACCGGCGAGGAGCCAGCCCTGTCCCGGTCAGAGAAAGACGACGAGGATACCTGGGAGCGGGCGGCGGCCGGGCTGGGCCGCGCCGGTGCGGGCTGGCGACTCTGCTCCTCCGCTTGCTGCTGTCTCTGGGAACTGGGTGCCAGCGCTGAGGGGCTTCCAGCGGACAGGGACCCCCTTCCCCGGCTCCCCTGCCCACCCTGCCGGGGAGGGCGGAAG,5.544483069934724,2.471052959538299
5421,ENST00000301919.8,ENSG00000170903.10,MSANTD4,105995623,106022403,50.37790831360673,4087,3424.85,457.012,3.0064,GGCGACCGTGGGGAGGTGCCGCCGGGGTCGCAGGTGAGCGGTTCTATGCTGGAGGAGGCGGCCAGGGAAGCGGCGGCTCCGTGACCAGTGGGTGCCCTCGCAGTGGGTAGGGTCCCGGAGGGGTCAGCGGCAATTGGCGCAACGCTTGCTGCCGGGTTTGGTCCAAGGGCTGCGACGTAGCGGGACTGCACGCTCGGGAGAAGTGCCACGCGCGTCTGTCGCCTGACCGGGGAGGCTGGGGAGGGCCCAGGCCACGGAAACAAGACTGCAGAAGTTTCTGGGCACTCAGTCGGGACTCTCATTTAATACCCAGAGAGAGGAGATCTTCCAGGTTGCCCCGACTCCCACCGGGACTCCTACCAGCAGCAACCTCATCATTGTGGCCGAGGCAGGTGCGCGCCCCTGCTCCCCTGGGTGGCCTTCCGGGAGCCCAGTCTAACTCGATTCTTCCCAGGGGCTCTTTTTGGACGGTCCCAAAGGAGGCAGCGGGAGGGAGGTGAAAGATACTTTGATAACCGTCGACCCATAAGTATACTTGTTATGCACCTACCACGAGTTTTAGAGAAGAACATACTTTTTGGCAGGGAAGTGAATCCCCTATAAGAATATAGGGGAGGGGAAAGCCACACTTTAAAGAGAATTTGGGTAGGGTTTGATATTGTAGATTTGTGATGCTTTTCTTCTTGAACTGCTTAACTAATTTACCCTCAAATTTTTTTGATCCGGAACTTGCCGTCTGGTTTTTCTCAGACTTCTTAATTCTGACTTATCATGAAGTATCTAGGAACTTCATTCTCAAGTTTTAGTGCTTGTAAAAAGTTGCCTGGTTATATTATGCCATTGGCAGTACATCATCTTCACAAGGATTACGTAAGTGAACTACATCTCATTCCTGTTTCCAACTAGTGAAGAACGATTGTGAAATGGGATTTTAGAAAATGGCTGTTCTCTGTGATTGGGCATAGAAGGTTTGTAAGTTTTAGAGACTGCAGCTGTTGAATCCTTTCTGCTAAGAGAGCGATGACAGGCAATAGAAAAGGGATAGTGTTTGACATCTAAAATGACATATTTTCACATTTTATGAGGTGTTATATCCCCAGCACCAAAAATAGTGCCTTTCACACAGTAGGAGCTCAGTAAGTATTTTTTGAGGAAATTATTGGGGAATGAATGGATGGTAGAAAACCCAAGCTTCTGTTACTTGGATACCGGCATATAAAGGAGAGGACAGGAAGACAAACATTTCTGGAAATGGCTTTTATCCAGGAATTATCCAGACTGCCTTGCCACTAGATGAATGGAAGACAATGATTTGAACTAAGGGCCAGCAAAGAATTATCCCTGGTTTTTGTGCTTTGCAGCATTCCTCAAATTGTTTTCACATCTCTTACCATAAAAACTGCATTGAAATTGAAA,16.756888076638745,4.066682345759168
5422,ENST00000282251.9,ENSG00000152404.15,CWF19L2,107326345,107457844,8.491703765214924,3278,2674.47,338.583,2.85226,AATTTTCTTGCGGCTTCTTAGCTTTACG,2.977184325838081,1.5739485456405191
5423,ENST00000428149.6,ENSG00000137760.14,ALKBH8,107502726,107565746,5.562473041600291,4079,3385.01,241.415,1.60682,AAATGTAGTGCAGTTTTCTCCAACATGGCCGCGCCCAGGGGAGATGGCGTGCAAGTATCCGCTGCGGTGTTCTGGTGCTAGAGTGGAGAGGCTGGCAAAGAAGAAGGCACACGCATGGTGAGAATCCGGCCTGAGCCGAAGCGGAGTTTGCT,3.4617897720966204,1.791518115241024
5424,ENST00000525815.5,ENSG00000110660.14,SLC35F2,107790991,107928293,45.95876793182697,3170,3430.37,800.687,5.25877,ACTGCTTCTAACTCACTGCTCACTCACCGCTTCTTAGCTTAGGAATCACCTACAATAACCTCGTGTCACTGTATCTTGTGATTTCAAACAAGGAACCCTAAAAACCTGAAGGCACACTGGGTGCCGCTCAACAATAAGGCTCGGCTGCCAAGACGAAAAAAAAATTGCCCTTTCTCCTCCTGCCACCCTGGAGGTGCCAGGTTGTAATCTGCAAATGTATTGTCTGGCCCTTAGGGCTTGACAGTTAATGATTGGTCGCTGAAGGAGCCGAGCGGAGGAGCGAGAGGGACGCGAGCAAGCGAGCGAGGGAGGGAGCGCAGGGCCAGAGCGGAGCCCCAGCCGGCCGCACAGGCACCGCCTCCCGTCTTCCGGGACCCGGCACTTCGGGGGTTTTGGGCGCCGGAGACGCGCAAGGGCGCCG,8.73945198816966,3.1275428176277744
5425,ENST00000278612.8,ENSG00000149308.16,NPAT,108157215,108222642,18.09813166334512,6117,4602.68,923.97,4.52282,GTTCAGTGCCGCCACTGGAACCAGGAGATGCGGCGCAGGAGCTGTCGCTGTGTTTGCTTTAACCTGAGTCTTGTTCCTTATTGTGGTTCCTGCTGTGGTTTTGATC,4.00151490957967,2.000546284694535
5427,ENST00000323468.9,ENSG00000178202.12,KDELC2,108472105,108498432,57.15677806403995,4312,3656.95,1581.34,9.74248,GGTCCGCGGCGCTGCCGGCCCCTCCTCGCCGCCGCGGAGCTGGACCGCAGTTGTGCCCCGCCGACC,5.866758573180539,2.55256362394353
5428,ENST00000343115.8,ENSG00000137710.14,RDX,110174880,110296722,51.898548741545234,4491,3562.23,2277.88,14.4069,AGCGGCGGCGTTGGCGCTCAGTCCGCGGCGCGAGGACGGCCGGCCGGCAGGGGGAGGCGGGGGGGCGCCGGGCAGCCCCGCCTTTTCCCGCGGAGGCGCCGAGCGGCCATATTGCGGAGCTGTCTGCGGTGGCGGCGGCGCCTCTCGTCTCCCGCGGGCCAGCGCTCGCACCACCGCTTCTCCCTCCCTGTCGCAGCCGCGCCGCCGCGCAGCGCCCCAGCCACACGCCGGCGGGCAGAAGCCGCCCGCTCTCCGGAAAGTGATAACAGAATTCATTGAAGTGGAGAATTTTTAAAGAAGGTAACAAAAAGAGAAAGAAA,3.6023397636927608,1.848934259055914
5430,ENST00000527614.5,ENSG00000137713.15,PPP2R1B,111726908,111766427,51.41746798109378,5587,5271.65,479.697,2.05014,CTGGGCGCGGGGCGGGGCCTGGGCGCGGGGCGGGAGGCGGTGACCAGCAGCAGGAGGAGAAAGAAC,25.079978919046397,4.648464230371812
5432,ENST00000509359.6,ENSG00000150779.11,TIMM8B,112084800,112086798,156.2202218441223,1155,942.464,102.262,2.44462,AAGTCGAGAGGCGGTGCACACCCGTCGCGCATGCGCAAACACAGCTGTCGGAAGGTGGCGAGCCTGAGGCGAACA,63.903683126261875,5.997827179030884
5433,ENST00000200135.7,ENSG00000086827.8,ZW10,113733187,113773811,28.07948366209646,2992,2437.72,576.822,5.33113,AGTGCGCCCCTCGCCTTCCGGGCGGCGGTCTGAGGCCCGCGAGACTCCGTTTCCCGGCAGGCCTCGCGTCAAGACGGCCGGCGGGACGGGAGCTGCGGCGCTGGCTACGAGAGTGACCCAGTCAGCGTTGGTTCCCGTCTTGGCC,5.2670791487164,2.3970031391202515
5434,ENST00000003302.8,ENSG00000048028.11,USP28,113797874,113875570,9.741198202450551,4669,4407.29,294.512,1.50554,AGTCCTGAGAGGCTGGGCCGGCGGCGGCTGCGGCGGGAGACCGGTGACCCGCGGCTGGGCGCCTCGGCC,6.470235398893786,2.693818201033676
5435,ENST00000537058.5,ENSG00000182985.16,CADM1,115169218,115504957,48.78101492653814,3550,3142.48,478.613,3.43142,AGTCTGAGGCAGGTGCCCGAC,14.215984906114127,3.8294421495794597
5436,ENST00000260210.4,ENSG00000137656.11,BUD13,116748170,116772988,9.72659495872602,2196,2514.33,461.636,4.13656,CGTCTCTCTGCCCCCGCCGCTGCC,2.351372869903016,1.233503333081062
5437,ENST00000278937.6,ENSG00000149573.8,MPZL2,118253403,118264536,14.010530591430228,2620,2131.82,104.611,1.10557,GAGGAACTCAACTCAAACTCCTCTCTCTGGGAAAACGCGGTGCTTGCTCCTCCCGGAGTGGCCTTGGCAGGGTGTTGGAGCCCTCGGTCTGCCCCGTCCGGTCTCTGGGGCCAAGGCTGGGTTTCCCTC,12.672676168338711,3.6636493144803297
5438,ENST00000264021.7,ENSG00000118096.7,IFT46,118544528,118572970,14.938339487159988,1722,1768.36,251.563,3.20507,TAGACAAACAGGCGACTTGGCCGCCCAGAGAGGCTTTATCCGTGACTCCTTGATCTTCTTCCTGCGTGGAGAGCCTTCGCGGGTGAGGCTTAACGCGCAGGAGGTCTCACGAGAGTGGAAGCAACTCTCGCGAATTTTAAAATTTATCTTTTTGCCTAGCGACTGACAACAGGCTGGTTGCTTGGCGTGGAATCCTAAAGTGGCCTGGCTTTGAGACTGGAGTGAGACCCCAGCCCTAGGCTGGGGTTCTTTCCATTATAGAGGAGACGGATTCAGAAGGGCTACAGACCAAGGTTGTTGAAAACCAGACATATGATGAGCGTCTAGAGATTAACGACTCCGAAGAGGTTGCAAGTATTTATACTCCAACCCCAAGACACCAAGGACTTCCTCGTTCTGCCCATCTTCCTAACAAGGCT,4.660846560967463,2.2205920189109585
5440,ENST00000620157.4,ENSG00000110367.11,DDX6,118747766,118791149,110.04350941680894,6152,5561.89,1614.14,6.53855,ATTTTGGGAGCTTCGAGTCAACAATAAAGGACCGAGGGTGCCGAGCGGGAGTGGCCTCGTTGGTAGGACACGGGCCCGAGTCGCGAGGCTTGGGATTGACGTGAGTGAATTCAGATATAACTCAAGCTTGTTAGAGGGCTTTTTAAAAATAAAAAGTTGATTCCGTGCAAGAGAGCAAGTTACTGCTGCTTACCGTTCAGAGACTTACAGGTGCTTGCCTGCATTGCAATAAAGGACTCATTTATTGAGCAAGACTTATATTTATCTCTTCATTTTGGAGAGCCTAATAAACTGTTATTACAGTTTCTCTACTGACTTTCAAAAGTTTTGAAGTTTGAAAGACCTTTGCAATTAAAACAGC,16.82995609375304,4.072959507835238
5441,ENST00000617285.4,ENSG00000149428.18,HYOU1,119044189,119057202,79.09654312776388,4529,6175.89,2485.89,9.06869,AACAGTTTGCAAACCGAGAGGAGTTGTGAAGGGCGCGGGTGGGGGGCGCTGCCGGCCTCGTGGGTACGTTCGTGCCGCGTCTGTCCCAGAGCTGGGGCCGCAGGAGCGGAGGCAAGAGGGGCACT,8.721937030349904,3.1246485746513626
5442,ENST00000530167.1,ENSG00000188486.3,H2AFX,119093854,119095467,1262.4275518744923,1614,2043.4,2831.14,31.2154,ACAGCAGTTACACTGCGGCGGGCGTCTGTTCTAGTGTTTGAGCCGTCGTGCTTCACCGGTCTACCTCGCTAGC,40.442459551198844,5.337798833829968
5443,ENST00000264036.5,ENSG00000076706.15,MCAM,119308529,119321521,23.279191573425923,3313,4527.02,704.954,3.50841,CTCCGGCCGGGAAGC,6.635254024879054,2.7301516989666808
5444,ENST00000278919.7,ENSG00000149557.12,FEZ1,125445745,125496317,2.260138630977478,1748,1947.39,143.546,1.66074,CGGGGAAGGGGTGGGGTGGAGGCGGGAGCGGAGCCGGGCGCCGCCGGAGCTGCGCGGGGAGCGCTCGCTGGCTGGCTGGCTGGCTGGCTCTCCGCTGCGCTGCGCTGCGCTCCGGCCGCTCCCGCGGCCCGTGGATGGGGGTGTCCGGCTGAGCCCCGGGATCCGCCTCCCTCCGCCAGGACCCGCACAGATAAACTCATCCTGAAAGTCGCTGTTGTTCTCCTGCTGAGCAAGA,1.3609226194211481,0.44458503910415764
5445,ENST00000298317.8,ENSG00000165526.8,RPUSD4,126202094,126211692,21.635562502284262,2512,2750.55,260.591,2.13453,ATTGTAGTCGCCCTTCTCCACGTGGTCTTGGCTCGCCCCGCCCTTCCTTGTAAG,10.135984269269706,3.3414142854629176
5446,ENST00000332118.10,ENSG00000182934.11,SRPRA,126262919,126269144,62.50719915614727,3069,3710.52,1960.74,11.9055,GATGGGGAGGGCACCCGGCGTTCTGAGCGGAAGTACGGTTGAGCCGATTTCCGGGGCCACTGGTGTGACGTGTCCCGCGCTTGGCGCAGCAGGAAGCGGCGGCGAACGCGGCCTGAATTCCCGGCGCCGGCCCCAGCTCCTCTGCCGCTGCCGCC,5.250279211805239,2.3923941478788735
5447,ENST00000446488.7,ENSG00000170322.14,NFRKB,129863636,129895590,8.298355849859798,5093,6388.45,612.154,2.15887,CAGGATTCCAGAATTGGAAATAACGGGAGGGAGGACCTGGTCCAGCTTCCCTTCCTCAAATAAGGAAATTGACACCTGGCGTGAGTACCTGTGGAGAAGAAACA,3.8438423109588804,1.9425491524842018
5449,ENST00000265909.8,ENSG00000120451.10,SNX19,130875436,130916509,9.63702223544548,6535,7751.83,1254.01,3.64468,ATGCCTCGCTCCCGTCGACGTCGACCCGGAAGCTGTCGCCGGCGGCCGGCCGGCGGTCAGCCTTCACACAGGCCCGGCTGCGGAGCGCAGTCGCCCAGGTTTACGGCGGCAGAGGGCCGAGGCTCCCGGAGAGGACCGCGATGAGTCCACTTCAGGTCGGGGCTGAGTGTGGGCGCGCGGTTCCCGGCGGCGTGTGACCCAGTCTTCGCCGGCCGCTGCCCGCTGCGTGTGTAAGTGTCCGTGGGCCCCAGGGCCTTGCAGCGCCCGCCCCGAGGCCCCGAAGAGGCCTTCCGCCTGGGGCAGTGTGAAGGCCACAGAGTTTTCCTCCAAAGCCACACCTCAGCTGGAAGGGGCGAGTTGGAGGGCTCTGTTAGTGGTAGCCATGGGGAGACGCGGAGCTGCAGCTGTCGCTTTGCAGTGCCTGTAGGACTTTGAGGGCCTGGAGCCCCGGTTCCCTGAACAGCACCCAGATCGCCCCATATCTGAGACACAGTTCATGCCCCCCTTCCCTAACTCTGAAGTAAAATCTTGAGGGCTGTCATCTGGGGAAGCCACCTTGTCCGTTCAGCC,2.644133980334482,1.4027952811825575
5450,ENST00000534548.6,ENSG00000151503.12,NCAPD3,134150119,134225454,48.400901432145645,5061,5476.8,3138.92,12.9126,GGCGCGCGCGCGGGAGCGAGCTTTGAAAGTTGAGCACGGCGGCGGCGAGCCGGTGCCCTGGGATC,3.748346687123093,1.9062543950094448
5451,ENST00000352327.5,ENSG00000151500.14,THYN1,134248279,134253370,7.729733555378412,835,752.66,193.366,5.7882,ACAGCCTGCGGCGCAGCGGAGGCGGACCGCAGTCGAGTCTGCAGAGTGTTGGGTCTGTAGCCAGCAAATTACTTCATCATCTAGATTATCCATTCAGTTGATCCTAATTAGCAAGGATAACAAGAATCGTCCGCACTAAAGTCCCCTGCAGCGTGACC,1.335429590438895,0.4173039129236453
5452,ENST00000266383.9,ENSG00000139044.10,B4GALNT3,460364,563509,7.082772786888104,5068,7518.94,409.57,1.22725,TCGGCGCAGCGCC,5.7712550718175635,2.5288850951252515
5453,ENST00000535572.5,ENSG00000060237.16,WNK1,752593,911452,16.782821378303048,9886,11370.2,3864.34,7.65721,ATTTAGCGCGGAGAGTTTCCCGGGTGGACGCGGCTCCTCTCTCGGCCACTCCGCACCCCCATCTTCGGTGACAGAAGGCGCCTGGTGGGGGTGGCTGCTCTTTTCTCTCCCTGTTCCCCCTCACCCAGTCCTCTAGGTCTCCTCTCCTCTTGCCTCAGAGAAGCAGCGGAGCTCGGGCCCCGCGGTGAGCGGCCCTCCCCTCCCCGCCGTTCCCTCCTCCGTCAGCCCCCGGCACCGGCCCGGGAGGAGACGGGTTTGCCAGGCCTGGGGCGGGCGGGGAGGCCTCGGGGAAGGGGGGGCCCGCTCCTCAGGCGCCGAGGCTCCGAGGCTCCGGCCCTTCGCCTCTGGGCGATGGGCGACCTGTGAGGCCGGTCCCCATCGCTGGGGGCGCGTGTGGGAGGAGGCGGCCGCCCGAGTGACCGGGAGCCGGGCCGCGGCCTTCCCTCGCCCGCCTCGGCCCCTCCCACTCCTCTGCCCCGGGGCCGCCACCGCCCGGGCGTCGGACCTGGTCCCGTGCTCGCGGTGCCGCCGCCCTCTGGGCCTAGCCCGCCCAGCTCGGCGAGCGGCGGCAGTGGGAGCCGCGTCCGCCGCATCCGCCTCGACTCGGTGCCGGCCCCTGGCCCTCCCCTCATGACTGCGGCGCCTCTGCTGCCACCGCCCGCCCGGCCGCCGCTCGCCGCAGGATGGATGCGGACCGTGCGGCGCTAACCCCCGTGGCTCAGCTCCCGAATCGCCCGCCTTCGAGCCCTCCTCGTGAGCCGCAGCAGCCTCGGTGCCAGCCCCCGCCGCAGCTGGGCCCAGCGGTCCGCCTGTCCCTCGTTGCGGCTTGTCGGTGCTGAGTGAGGCGTCGTCCGGGTCGGCGCGAACCCGCCCGGCCGCGGTTCCCTGCAGACCTCTGCGCGGGCGGCTCGGCCCTTCACGCCCTTTTCGTTCACGAATCCGAGCCCGCTCGCCTCTCTCCAGCGAACCGACC,2.1917671551783284,1.1320945401266678
5456,ENST00000543086.7,ENSG00000082805.19,ERC1,990509,1495933,3.17004106184002,9241,10763.0,685.991,1.43598,GGGCGCGGTGACGTCGCGGGCGCCTGGGCCGTGCTGTGGCGGCGGCGGCGGCGGTAGTGGCGGCGGCGGCGGTGCCTGGGCGGCAGCAGCAGCAGTAGCGGCAGCCCTGAGGACGATATGGTGTAAGATACTTCTTCAAGATTGGACAGCTGGGGACCTTCTTCTGATTAACCTTAAACCAACTTGTAGCCATAGAGACACCTCACAAGGTTCCCATTTTTGTTGTTGTTGTTGTTGATTTTCTGCTCACACCTTTCCTGACCTTGCAACC,2.207580232203805,1.142465872074922
5457,ENST00000357103.4,ENSG00000006831.9,ADIPOR2,1688574,1788678,61.105959532898034,4018,4513.41,2046.01,10.2133,GCGGCGGCGGCGGTCGCTGTCGCGGCGGCGAGAGCGCGATTCCAGAAGCGGCATCGCGGCGGCGGCAGCGGCGGCGGCTACACCGGGCTTGGCCCCCTCCCTCCTCCGTTCCCCCCTCCTCCCCCCTCCCCTCAGCGGTGGCTCCCAAGAAGTCCGAGACACGCGGATCAACTCACTATCCTGAAGGTCCATTCTCCCAAGAAGAGGGGACAGAAAGACAGATCTATTTGTAAGAAAGGCTTGGGTATCCC,5.982979010985483,2.5808640018529267
5458,ENST00000001008.5,ENSG00000004478.7,FKBP4,2794953,2805423,321.8667549740303,3732,4577.38,6269.92,30.8608,GAGCCGCTCCTGACCCACCTACCCCAGCTCTCGCGCCGCGTGCAGAGGTGCTCAAGCCTCCTCGCGGTCCGCAGTCAGTGCCGCCGCGCCCGGCCTCCCGCACGCCCCGCAGGTAGCGCCCCCGCCCGCGGCCCAGAGTGCGCTCGCGCCGGCACCAGCTCCCGGATAAACGGCGCGCCGCGCGGAG,10.429630954934101,3.382616204911295
5459,ENST00000228799.6,ENSG00000111203.11,ITFG2,2812622,2859791,7.397253952557643,2361,2852.88,237.355,1.87446,GAGGAAGAGGCAGAGATTGGAGGTTCAGGCAGTGACGTAACTTGCTGCCTTAGGTGGCCTTCCGCTCTGGCGGCTGTCGCGACGGGGGTTCAGGGAATATTTACTGGGCCTCTCCGCTCCCTCTGCTCTTGGAGGTGCC,3.946338653562969,1.9805147657046258
5460,ENST00000448120.6,ENSG00000078246.16,TULP3,2876258,2941140,10.631476634722032,3076,3534.5,887.72,5.65861,GCGACGGCGGGGAAGAGTGTGTACGTGGTGGGGGCTTCCTCGGTGGCGGGC,1.8788141672110346,0.9098223774011435
5461,ENST00000359864.6,ENSG00000197905.8,TEAD4,2959330,3040673,22.78403333773999,1690,2108.56,420.846,4.49675,GTCCTCCTCGCACACTCGAGGCCAGGGGGCGGGAGGGCCGCAGCTCCGGCGCCGCCGCGTCCCGCCAGAACGATCGCCGCGGCCGGAAGAGTTGGCGCTCGGGGCGGACTCCTTGGAACTGGCTTAGCGCACCCATCCCACCTTCCCGCACCCTGGGACCGGTCCAACGAGCGCTCCTCCAAGCGGAGCC,5.066777859062655,2.3410685786820524
5462,ENST00000261254.7,ENSG00000118971.7,CCND2,4273772,4305350,125.2522946232725,6480,7016.64,2730.72,8.76821,AGAGCGAGCAGGGGAGAGCGAGACCAGTTTTAAGGGGAGGACCGGTGCGAGTGAGGCAGCCCCGAGGCTCTGCTCGCCCACCACCCAATCCTCGCCTCCCTTCTGCTCCACCTTCTCTCTCTGCCCTCACCTCTCCCCCGAAAACCCCCTATTTAGCCAAAGGAAGGAGGTCAGGGGAACGCTCTCCCCTCCCCTTCCAAAAAACAAAAACAGAAAAACCTTTTTCCAGGCCGGGGAAAGCAGGAGGGAGAGGGGCCGCCGGGCTGGCC,14.284819207486192,3.836410872140741
5463,ENST00000179259.5,ENSG00000078237.6,TIGAR,4307763,4354593,46.6746855410547,2782,2376.96,486.865,4.61476,GGGGAGGTAGCCCGCAGTGCAGGGGCAGCGCGGCGCGGGGCCACCGACGGGACGCGGCTCCGGGAAC,10.114217324639785,3.338312778051079
5465,ENST00000352618.8,ENSG00000111247.14,RAD51AP1,4538798,4560048,70.36230725743397,2113,1422.54,720.829,11.4164,GAAGCCAACAAGAATTTGAGAACTGTAAATACCAAGCCTTGAAAGGGACC,6.1632657630631345,2.6236950021703866
5466,ENST00000266544.9,ENSG00000139180.10,NDUFA9,4562204,4851927,186.44561170137868,8363,8725.03,963.943,2.48912,GTGGGGGATTGTGGGAAAAG,74.90422788028647,6.226975247079785
5467,ENST00000315579.9,ENSG00000010292.12,NCAPD2,6493356,6531955,89.29900142500794,5548,6609.85,4486.24,15.2916,AAGTTTTGGAGCGCCGGACAAGCTGAGGTCCGCGACTCGTCGCTAAGATTCCCCAAAACTGAGATTTCAAGAAAATTCACCCTTTCCGCTTTCTTTGGCGTCCTTCAACCGTGAAGGAAATGAAGGTTGAGAACCTGGAACCCGCTTCCAATGACCAAGCCCTTTCTCTGTGCCTCACAACAGTCTTCCGCTGTAGCTGTTTTTATTACCCCTATTTTACTACTGGGGAGGAGATTTGAGGTCCTGAAAGTGAAGTGACTTGCTGGACGTCACTTAGCAGAGGAGATGGCGAAACCTGGATTAGAGGCGATGCCTTCTAACTCCCAGCGTGGACTTGCCTCCTTTCCTGGGGGTGACTGAATGCCCAGCCAGGGACGCGACGTCTCTGGCCAGCAGAAATACGGCCTCCTCCCCGCCGACTGGGCAAAGGGGGACCTTGCGGCCAAGGAGGGATTCGCAGGCGGGCCGGGGGTGGGAGCGGGGGCCGGAGCCGGAGCCTTGGCCCGCCCCCGGGCGGCGCTGTGATTGGCCGGCCGCTCCGGCGGGCGTCGCGATTGGCCGTCCTGCAGCCGTTGAGATTTGAACTCGGTATTTGTGGCTTTGCCCGCGCGTTGCCAGACTCAGAGGCGGCCCTTTGCCTCTGCCTGCCGGGGATTGGCCGGATTCTCCGCCGACTTGAAAACTGCCTTGCTAATTGGTGCGTGTTGTGCACGCGTGTTTTTTCCTTTTCATTTCAGCCTGACTGCCGGAATCAGAGCCGCGGGTGAGATCCCCAGCCCTGTGAGCCTGTAGGAGTAGA,5.839742173808362,2.5459046751362626
5468,ENST00000229239.9,ENSG00000111640.14,GAPDH,6533927,6538374,782.1861790194758,1875,2276.74,4029.37,39.8735,GGGGGAAGTGGGGGCTGGGAAGGAACCACGGGCCCCCGCCCGAGGCCCATGGGCCCCTCCTAGGCCTTTGCCTGAGCAGTCCGGTGTCACTACCGCAGAGCCTCGAGGAGAAGTTCCCCAACTTTCCCGCCTCTCAGCCTTTGAAAGAAAGAAAGGGGAGGGGGCAGGCCGCGTGCAGCCGCGAGCGGTGCTGGGCTCCGGCTCCAATTCCCCATCTCAGTCGTTCCCAAAGTCCTCCTGTTTCATCCAAGCGTGTAAGGGTCCCCGTCCTTGACTCCCTAGTGTCCTGCTGCCCACAGTCCAGTCCTGGGAACCAGCACCGATCACCTCCCATCGGGCCAATCTCAGTCCCTTCCCCCCTACGTCGGGGCCCACACGCTCGGTGCGTGCCCAGTTGAACCAGGCGGCTGCGGAAAAAAAAAAGCGGGGAGAAAGTAGGGCCCGGCTACTAGCGGTTTTACGGGCGCACGTAGCTCAGGCCTCAAGACCTTGGGCTGGGACTGGCTGAGCCTGGCGGGAGGCGGGGTCCGAGTCACCGCCTGCCGCCGCGCCCCCGGTTTCTATAAATTGAGCCCGCAGCCTCCCGCTTCGCTCTCTGCTCCTCCTGTTCGACAGTCAGCCGCATCTTCTTTTGCGTCGCCAGCCGAGCCACATCGCTCAGACACC,19.616692264774244,4.294009892024935
5469,ENST00000290510.9,ENSG00000110811.19,P3H3,6821545,6839851,19.63795826394657,2632,3969.33,262.403,1.48941,TTTCCCCTCGGCTGCCGGCGGCTCCGACATC,13.185058690318025,3.720832087936048
5471,ENST00000389231.9,ENSG00000111667.13,USP5,6852128,6866632,67.82349203715728,3083,4355.28,775.533,4.01186,CCGCCGTGTGTGGAGAAGCTGCTGCCGGTGTC,16.90574746804656,4.079441899619347
5472,ENST00000229277.5,ENSG00000111674.8,ENO2,6873389,6923698,46.27982916389499,2423,2967.21,689.87,5.23819,ACCCGCGCTCGTACGTGCGCCTCCGCCGGCAGCTCCTGACTCATCGGGGGCTCCGGGTCACATGCGCCCGCGCGGCCCTATAGGCGCCTCCTCCGCCCGCCGCCCGGGAGCCGCAGCCGCCGCCGCCACTGCCACTCCCGCTCTCTCAGCGCCGCCGTCGCCACCGCCACCGCCACCGCCACTACCACCGTCTGAGTCTGCAGTCCCGAGATCCCAGCCATC,8.835080278473095,3.143243243642636
5473,ENST00000356654.8,ENSG00000111676.14,ATN1,6924463,6942321,16.588695613977247,4351,7258.68,2909.62,9.03109,GACGCCATACTGGACGCCAAGTGGGAGGAACTTCAAGGCTGTCCCCTGCGGGCCTCCCGCTCTGCTTCTGCGAAGGTTTCATTGAAAACAGATCCTGCAAAAGTTCCAGGTGCCCACACTGGAAACTTGGAGATCCTGCTTCCCAGACCACAGCTGTGGGGAACTTGGGGTGGAGCAGAGAAGTTTCTGTATTCAGCTGCCCAGGCAGAGGAGAATGGGGTCTCCACAGCCTGAAGA,1.8368431290107003,0.8772284219516766
5475,ENST00000229281.5,ENSG00000111678.10,C12orf57,6942978,6946003,194.13543509885665,560,398.981,804.798,45.4461,CTTTCCGCTCCCAGGGGCGTTGGGAACGGTTGTAGGACGTGGCTCTTTATTCGTGAGTTTTCCATTTACCTCCGCTGAACCTAGAGCTTCAGACGCCCT,4.271773267647975,2.094835075321208
5476,ENST00000599672.5,ENSG00000126749.14,EMG1,6970893,7071032,107.10584137447664,4898,5904.73,441.633,1.68509,GCGTTAGCGCAACTTCCGGTATTGTTGCAAG,63.56090260726528,5.990067706952326
5477,ENST00000266546.10,ENSG00000139182.13,CLSTN3,7129698,7158945,12.471031753920371,4185,6428.61,456.092,1.59844,AGTTCCTCGGCTCCCCCAAAATTGCAGCCAGGGGAAGGAGCCTTGAAACTCTCCAGCCCCGACGCCCCAGTCTCATTGGCTCCCTCCCCCGCTGCAGCACCTGGTCCCCCCCCCTCCCAGTCACCTGATTGGCCGGCGGCCCCATCAATCGTTGCCCGGCTGTGCTGACGTCATCCTGCAGTAGCGGGGTTGGGGTGGGAGTGAGAGAGTGAGGACGCTGGGCTGGGGGAAACGGGAAGCCGCTGCAAGTCCACCGCCTCAGCTACCCAGATTGGGATCTGCCCAGGCCCGCTTTATGGACTAGTGTGGGCGGCAGGCTCCTTTCCGTCCCTGCCCTGCTGTACCCCGCTCCTTGGAGACCCCCTGTATCCCTCCCGCAAGGTGGAATCCGCAGGCTGGAGGCTCCCAGGGGAGGCAAACGCCTGGCCCTGCCCTGCCCCACGCCGCACC,7.802001797953237,2.963844330828243
5478,ENST00000266563.9,ENSG00000139197.10,PEX5,7188685,7218574,8.896595531576882,3252,4170.13,289.152,1.56221,CTTAAGGCCCCGCCTTTTCAGACAGCTTCCGCTGGGCCTGGGCCGCTGCGGGGCGGTCACGGCCCCTTTAAGCCTGAGCCCCGCCCCCTGGCTCCCCGCCCCCTCTTCTCCCCTCCCCCAAGCCAGCACCTGGTGCCCCGGCGGGTCGTGCGGCGCGGCGCTCCGCGAGAGCTGGCGGTCACC,5.694878109586343,2.509664963517722
5479,ENST00000162391.7,ENSG00000065970.8,FOXJ2,8032703,8055503,6.1591730895116745,5523,7181.9,431.091,1.35236,GGAGCCGGGGCCTGCAGCGGAGCCGAGCCGAGCCCGAGCCCGCGCCGAGCCCTGACACTGTCTGCCCGCCTTCTGGCTCCCCGGGAGCCCAGACTGGTCGGAGCCCGAGCGGTGGCAGCGCGGGGAGCCCCACGCGCCGAAGGGAGCGGACCCGACAGGACGGCCCTAGAGGAGGTGCTGCCGCCACAGTAGCAGGGACCGGAGTCTCGAGCCGCGGCCTCCCGGACCGTGCTGCCCAGGCCAGCTCAGGGACAGCCGGGAGTACGAAAGCCCCACCCTCTGGGGCACCCCGGGAGCGGAGGCGGGAGCGGGGACGCGAGCAACCTCTCCCCCTGTTGGAGAGAAAAGACCCTTACCACTCGGGTGAGGGAAAGAAGAGACCCCTGGAGGGGACGCCTCTCTCCTGCCTAGAGGCGAGGAAGACCCCTGTACTGGCCGGGGAGGAGACCCCCAGAAGTGGAAAGAAGGGAGCTTTCCGTAGGGAAGCAGAGTGAGACCACCCTAGCGCGCCCCCGCCCCTCCAAACACACACTCTCAACAGTTCAGGACTTTGGAGGCAAAGAGAGACGGGGCTGTGCCTGTGGAGTAGGCACCCTCGGCCCACCACTATTCACAGGAGACAGGAGTCCTTACGTTCAGAAGCCACTCCAGGGAAAGAAGAGGAATCGGCTTTCAGCCTTCTGGAGAGGGGAAGACCTCCCCCTCAACTTCCTCGTGCCTAGACAGTGGAACGGGGTGGAGCCCCTCCGCTCCTATCTCCAGCAGACAGAAAGAGCCCTCCACCTCAGAAAGATCCAGTTTGGGGGGGAGGGGAACTCCCCCAAGGGGGAGGAGACAACTCCTGGTTGGGAGAGGCTCCTCCCCTCCTCCCCCGGGTAACAAGCAGGGTGTGGGGGGTGTGCCACCTTCCCCAAGTAGGACCTCCTTCTCCTCCCCCTCCCCCTCCTCCAACCTTGACTCCTCATCCTCAGGGGACCCAGTTCCCCTCACCAACTTGGGAGGCTCAGCCTCGTCCAGGAAGAGCCACTGAGGATGAGAGCCGTCACCTGCCTCTGAAGAGGGGAATCCCTCCAACCCCAAACTCCAGTACCAGGTGGTTCCCTCCCTTTGCCGGAGGAACCTTGGAGACAGAACCCAGAAGTACC,4.554388690520035,2.1872574223388606
5480,ENST00000339754.9,ENSG00000089818.16,NECAP1,8082211,8097771,26.47325651996411,2587,2596.27,415.964,3.60968,GCGCTTTGCATCTCCGCCTCCCGTGCTCCGCCTCCGGTCTTACGTTTCGCCCCCGGCAGCGCCGACAGCGGACCCAAG,7.333962157300401,2.874592821869609
5481,ENST00000266458.9,ENSG00000139112.10,GABARAPL1,10212458,10223130,33.5916206952862,1957,2251.76,417.233,4.17463,CTGGGCGCCTGGCGCATGGGGGGCGGGGCGGGGCTCGCGGGGTGACGTCACAGCCCGACGCGCCACCCAGCTGTTTTTGTGCTCCCAGCTCTAGCGAAAAGCCGCCGGTATTTCTCCATCTGGCTCTCCTCTACCTCCAGGCAGGCTCACCCGAGATCCCCGCCCCGAACCCCCCCTGCACACTCGGCCCAGCGCTGTTGCCCCCGGAGCGGACGTTTCTGCAGCTATTCTGAGCACACCTTGACGTCGGCTGAGGGAGCGGGACAGGGTCAGCGGCGAAGGAGGCAGGCCCCGCGCGGGGATCTCGGAAGCCCTGCGGTGCATC,8.04661028529144,3.008381161549686
5482,ENST00000622602.1,ENSG00000256537.4,SMIM10L1,11171222,11176016,133.76319848002163,4795,4040.8,869.35,4.84718,GGCAGCGGCAAGCTTGGGTGTGAGCCCGGGAGCCGCTTTGCTTACCGTCCTGCCGGTCCCAGCCGTCGCTAGGAGGTCCGCGGGCCCTGCGGCAACCCTCGCTACAGACGCTGGGCGGGCGGCGACACCTGGCTC,27.596086483279276,4.786391781764403
5483,ENST00000228865.2,ENSG00000111269.2,CREBL2,12611827,12645108,5.358725402613364,3754,3136.51,526.405,3.78125,CAGAGCGTCTGTAAACACCCAGAGACTGTCATGGAGGGGGAGGAGGAGGCGGCGGCGGCGAAGGGAGGCGTTTGGGGCCGCCTCCAGGGTCCGCTCTGCCATTCCTGAACTGGTCCCTCGTCCCCGTGACTCTGGCATCAGGGAAGCGAACTGTTAGGCGAGAGGAGGAGGCAGCCAGAACCATATCCCCTTCTTCCTCGGGGCGGGGGCCGGGCCAGGCCGGCTGAGCCGGGGGAGGGCTCCGGGAGGGAGTGCCTGGCCAGGCCGGCCTGTCTGCCGCG,1.4171835775506416,0.5030266525872638
5484,ENST00000228872.8,ENSG00000111276.10,CDKN1B,12715058,12722371,194.0534354118075,2657,2872.47,1490.29,11.689,TTTAATTTCTCCGAGGCCAGCCAGAGCAGGTTTGTTGGCAGCAGTACCCCTCCAGCAGTCACGCGACCAGCCAATCTCCCGGCGGCGCTCGGGGAGGCGGCGCGCTCGGGAACGAGGGGAGGTGGCGGAACCGCGCCGGGGCCACCTTAAGGCCGCGCTCGCCAGCCTCGGCGGGGCGGCTCCCGCCGCCGCAACCAATGGATCTCCTCCTCTGTTTAAATAGACTCGCCGTGTCAATCATTTTCTTCTTCGTCAGCCTCCCTTCCACCGCCATATTGGGCCACTAAAAAAAGGGGGCTCGTCTTTTCGGGGTGTTTTTCTCCCCCTCCCCTGTCCCCGCTTGCTCACGGCTCTGCGACTCCGACGCCGGCAAGGTTTGGAGAGCGGCTGGGTTCGCGGGACCCGCGGGCTTGCACCCGCCCAGACTCGGACGGGCTTTGCCACCCTCTCCGCTTGCCTGGTCCCCTCTCCTCTCCGCCCTCCCGCTCGCCAGTCCATTTGATCAGCGGAGACTCGGCGGCCGGGCCGGGGCTTCCCCGCAGCCCCTGCGCGCTCCTAGAGCTCGGGCCGTGGCTCGTCGGGGTCTGTGTCTTTTGGCTCCGAGGGCAGTCGCTGGGCTTCCGAGAGGGGTTCGGGCTGCGTAGGGGCGCTTTGTTTTGTTCGGTTTTGTTTTTTTGAGAGTGCGAGAGAGGCGGTCGTGCAGACCCGGGAGAAAG,16.60137183777975,4.0532305570491545
5485,ENST00000326765.10,ENSG00000178878.12,APOLD1,12725917,12829981,5.150435106324974,4724,4749.32,235.275,1.11611,CGGGGGTGCGCGGGGCGGTCAGCGATCTGCAGCTTCGCGGGGACAGAGATGTAACCCAACTCGTTCACGG,4.614630373641464,2.206215094356306
5486,ENST00000014914.5,ENSG00000013588.6,GPRC5A,12890782,12917937,39.04379555913348,7362,9212.76,978.358,2.3926,AATTTCATCTGGCGCCCCCGTTCAATCAGCCTGCATTGTCGAGGCTTTAGGAGAGGCAGTTAGGAAAGGAGAGATACTGATCTCTCAGCCCCAGGGCAGCACTAATGGTGCCTGTCTAGACTCTGACAGGTGGAGCTGCTGAGCTAACTACGGACCTGGTGGGGGAAGTTTTCCTTGGCTTTCACGTGGCTTTGGCTGGGGAGCCCTGAGAAGGTGGCTGCCTCCTTTTTCTGAAGCCTGGCTTCCCATACGGCAGTGGCTGGGGGAGAGTGATGGAGAGAAAGGCTAAGCTAAGGTCAAAGAAAGTGGAGGAAGGCTGGCTTGTCCCGCTGGACTTGACGGCGGAGCTGCTGCAATCTCGCGGGCTGGGCCCTTGCCCCGGGTGGACCCGAGTGCCTGCGGGGAGGCGGGTGTGGCTCCCCCGGGAGGTGACAGCTGGCGGGGCCCGTAAGGAGCTGGTCTGCTCCGGCTCCCCTCTCGTAGCCGGCGCCCTGGGACCAGCGCGTGAGCACGTCTCGGAGGAGTCCGATGCGCTGGGCAGGGCCGGGTGGTCACCCCCGCCCAGCTTCCAGGGGTGACTGTGCCTCTGACGTCAGACGGTTTTTGGGTCATTCCCTGGCACGGGGACTTTATTTTCATAACAGCATGAAGTGCCGTGGAACTGGAATAGGCGTGTCCTCTCCCTCGACCCTCCCCCTCCTTGTCCCTCTGCTCACCCCTCGCTCGTTCCCTCCCTCCGGCGAGGGCCGCCTTTATAACAACTGCTCAGAGTGCGAGGGCGGGATAGCTGTCCAAGGTCTCCCCCAGCACTGAGGAGCTCGCCTGCTGCCCTCTTGCGCGCGGGAAGCAGCACCAAGTTCACGGCCAACGCCTTGGCACTAGGGTCCAGA,16.31856372111238,4.028442178936088
5487,ENST00000197268.12,ENSG00000084444.13,FAM234B,13044284,13142521,35.37747745862468,4808,5058.21,662.696,2.95175,CTCAGCTCTGTCCCCAGCAAGCGGGTCCCACCTTTCCCGGTCCCAGCCCCACGCACCGCCGCTCGGAACTACACTTCCCGGCAGAACGCGGGCGCGCGCACGCGCACCGGGGCCTCAGCC,11.985255342974398,3.5831887404717144
5488,ENST00000261168.8,ENSG00000171681.12,ATF7IP,14365632,14502935,18.34982178258451,8878,7915.44,1445.5,4.11438,AATTTGCATAACGGCCCCGGCGCGTGCAAGGGAGAAGCGGGTTTGTTTTTGAATCTGCGGAGGCGGCGGCGGTGGCAGCGGCGGCGCGGCGACTGAAGCGCGCGAAAAGCTGAGGCGGCAACGTCGGGGACGGCTGCGCGGGACGGCTCTGTAGGAAGGAACTTGGTTCCCCCTCCCTCAGCTTCCGCCCCAAAAGATTCAGA,4.459923921121654,2.157019100379515
5490,ENST00000544848.2,ENSG00000246705.4,H2AFJ,14774383,14778002,48.30099896279755,644,570.463,102.214,4.03687,GGCAGTTCGGGTGCGGTACGTTGCATTCCGGTACCGGACGCCGAGAGCGGTTTGTCTCCGTCTCTGGAGTTGTAGGCGAGAGGTGATC,11.964962697039425,3.580743993905009
5491,ENST00000419869.6,ENSG00000023734.10,STRAP,15882391,15903478,252.2121467009714,1866,1633.45,3265.12,45.0355,CTTCCTGCCGATGCCGGTGTGGACGCTGTGAATCGTGGCTGGCCCGGTTCTCCGCTTCTCCCCATCCCCTACTTTCCTCCCTCCCTCCCTTTCCCTCCCTCGTCGACTGTTGCTTGCTGGTCGCAGACTCCCTGACCCCTCCCTCACCCCTCCCTAACCTCGGTGCCACCGGATTGCCCTTCTTTTCCTGTTGCCCAGCCCAGCCCTAGTGTCAGGGCGGGGGCCTGGAGCAGCCCGAGGCACTGCAGCAGAAGAGAGAAAAGACAACGACGACCCTCAGCTCGCCAGTCCGGTCGCTGGCTTCGCCGCCGCC,5.600296359560156,2.4855031745192995
5492,ENST00000428559.6,ENSG00000023697.12,DERA,15911172,16037282,39.447871446528026,1705,1449.41,301.302,4.68352,GGTACCTCGTGGAGAAGACGGGGGAGGGGAGCAGCGAGATTTCCTTGCGGAGCAATATTCCTAGGGTACAGACCTCGTAGCCCGGGCCCGCGACTCCGCCCCGGGAGCGGGCAGGGGCGGGGCGAGCGCTCCAGCTGGCGGGAAGGAGGAAGGGCCGGGCGCGGCGCAGAGGCGGGCGCCTACCAGCCGGCAGCTCCGGAGCTGCCCGCGCC,8.422697340147588,3.074282325462444
5493,ENST00000396210.7,ENSG00000008394.12,MGST1,16347142,16609259,224.47407952858745,914,622.83,530.54,19.1916,CCTGCATTGCGCGCGACCCGGCGGCGGGACAGGCTTGCTGCTTCCTCCTCCTCGGCCTCACCATTCCAGACCAAAATTGAAAAA,11.696475516819204,3.548001964831018
5494,ENST00000299275.10,ENSG00000052126.14,PLEKHA5,19129752,19376400,7.865426513082274,4238,3587.49,526.267,3.30505,TCAGAC,2.3798207328428536,1.2508529022814017
5495,ENST00000266508.13,ENSG00000139154.14,AEBP2,19404045,19720801,55.54943666708939,3620,3261.83,307.197,2.12186,C,26.17959557515076,4.71037090545428
5496,ENST00000240651.13,ENSG00000121350.15,PYROXD1,21437615,21471252,7.206977776335823,4055,2611.31,566.216,4.88523,CAGAGTCCCGTTGCTCCGCCGCGATATTCAGTAAACCACTGGGAGTCCGGCAGC,1.4752586421388192,0.5609679097419702
5497,ENST00000229314.9,ENSG00000111711.9,GOLT1B,21501781,21518408,77.10516013395039,3227,2085.83,589.631,6.36888,AGACGTGGCGGCTCTCGCCTGGGCTGTTTCCCGGCTTCATTTCTCCCGACTCAGCTTCCCACCCTGGGCTTTCCGAGGTGCTGTCGCCGCTGTCCCCACCACTGCAGCC,12.106549367227895,3.5977158186999
5499,ENST00000229329.6,ENSG00000111726.12,CMAS,22046174,22065674,72.10051140901946,1787,1427.9,548.499,8.65447,GGGGGAGGGGGCGGGGCGAGGGACGGCCGCGCGCGCCAGCTGCCAGGCGGGGATCGGGCGGCGCCGAGCTGAGGTGGTGAGGGACTAGCTCCCGGATGTGGAGAAGCTGGGGAGAAGGCGTGGGAGGAAG,8.331014078160702,3.0584921158175944
5500,ENST00000266517.8,ENSG00000139163.15,ETNK1,22625075,22690665,114.56070288616704,7159,4977.38,1268.88,5.74357,GTGACCGGAGGCGAGAAACCCCGCCTCGGCACCCTGACGCAGCGCAGGACCCGCCCCGCGCGTGACGCCAGCGTCAGGCCAGCCCCGGC,19.9459052272658,4.318020695236566
5501,ENST00000381356.8,ENSG00000205707.10,LYRM5,25195216,25209645,28.56320105128628,1134,607.668,52.1946,1.93518,GGCCGGCGCCCCGCCCCCTTTACTGACAGGTTGCCCACCTCCCCCAACGCCACCCCGCTTCGCAGTAGACGGACAGAGGAGTCGTAGCGGTCGAGGCTTTTGCGGCTCCGGCGTGCCGGAAAGTATGTTATGCATAAAAGTGGATAATTTACATGATAA,14.759971191975053,3.8836180004838226
5504,ENST00000546072.5,ENSG00000111790.13,FGFR1OP2,26938383,26966650,32.8879348033243,956,661.271,159.37,5.42985,GGTCGGCGGAGGTGTCTACCCCGCCGGTGATGGCGTTGAACGCCACTGGCTTCCCGGCCTTCCGTCCGCTGCCTCCGTCCGATTCTGCGTCTGCTTGCTGAGGAGGCGGATTAGGGGGGCGCGGAGTCTCTTCCCTTGAGTGCATAGGTCCCGGTTGGTAGAGGGTTTGAGTCCGCATCGCCACAGCTGAAGGCTGCGAGGGACTAAGAGCAGAATATATCTTTAGAA,6.056877225581609,2.598574167897106
5507,ENST00000282892.3,ENSG00000152944.8,MED21,27022546,27066343,151.3832268793916,1753,1188.51,779.931,14.7847,GTTTTGGCGTCTGTTTGCTGCGGTAGGAAC,10.239181510574554,3.356028490124701
5508,ENST00000389032.7,ENSG00000211455.7,STK38L,27243968,27325959,23.96431535492596,5068,3734.37,652.165,3.93462,GAGAGTTCAGGGAGGCCGCCCTGAGATTCCGGCGAGGCCGCGGGTCCCACCTCCCGGGGGCGGGGCGAGGGCGGAGCGGGGAGAAGGGAGCTGACGGGCGCCCGGCCGGCTGCGGTCCGTGCGGAGGCTGAGCCGGCCGCGGGCGCGACCGGAGGCAGTTTCCGTTACT,6.090630189173532,2.6065915095369485
5509,ENST00000544915.5,ENSG00000029153.14,ARNTL2,27332854,27425289,4.892427493252178,6785,5860.2,765.814,2.94424,CTCCAGTCCGCATGCTCAGTAGCTGCTGCCGGCCGGGCTGCGGGGCGGCGTCCCGTGCGCGCCTACGGGCTGCGGTGGCGGCCGCCGCGGCACCCGGCAGGGCCCGCCAGTCCCCGCTTCCCTGCTCCAGAGCCGCCGCCTGGGCCGGGGCAGGGCGGGCCCGGGGCTCCTCCATGCTGCCAGCCGCGGGGCTGCGGAGCCGACCAAGTGGCTCCTGCG,1.6616945266867436,0.7326551923732434
5510,ENST00000081029.7,ENSG00000061794.12,MRPS35,27710773,27756295,131.9165158976567,1888,1519.14,1440.11,21.358,GCTTAGCGGCCCCAGGCCCGCCCCTGACACTGAACGCCGCTTGTCCCCTCCGGCTTGCCGTCCTCGCAGCC,6.1764451679771835,2.626776738760085
5511,ENST00000381271.6,ENSG00000087448.9,KLHL42,27780020,27803040,17.931823570343266,6703,6928.31,1215.87,3.95386,CTGGCTGGGAGCTGGAATTCCCTTCCCGCCTGGCGCCGCCCGGGAGAGCCCGCGCGAGGACGCCCGCCGCGCTCCGCCGGCCCTTTTTTGGCGCTGAGGGAAAGGAGAAGGGCAGGGCCGCCGCCTCGCGGGAGCGGGCCCCGGGAGGAGGGGCCGCCGGAGAGGCCGGGCGAGCGCGGGCGGCCCTCACCTCGCCGCTCCTCCCGGGCCGCCATCCCTCGGCGCCCCGCCCGGAACCGGCGCGCGCGTAGGGGCTGGGAGGCCGGCGCGCAGATCTGGCGGTGAGCGCTGCCGCCCCGGGGCCCCCAGCC,4.535270234743583,2.1811885165110394
5512,ENST00000545336.5,ENSG00000123106.10,CCDC91,28133249,28581511,20.78515974282632,2738,1859.57,89.993,1.09033,TTCCGGGGGCAGAGGTGTTCGAAGCCGGGTGGTGCGTGGGCTACCCCAACCTGTGTGGCTGGGCCGCGGTCTCCCCTCAAGGGCCTGGGGCCGTGCCTCGGGTGTACGCGTAGGGGTCTGTGTGCTGGGGGTGGCTCACCGGGCAGCGTGGGTGAGCGGCGCAGCGGCGGCAGCGGAGAGCGAGAGAGGGGAGCAGGCTTCTAACCCTCCTTTATGTGACTCAGAGAAAGGAGACCTCATTCCAAGTTCCAGGATTAATTCTGATGAAAGTATTCTGTCTCATGCATCTAATACTTTACTTGTGAATGAAGATTCATTATGAGGTGCTATACGTGGATGACCTGCTTAGTTTTAATTTTTGGAGAAATACATTTTATAAAACATTTTCATCAGATTGCTAAAATTGTGCCACTTGAAGA,19.063182470285437,4.252717082489417
5513,ENST00000536681.7,ENSG00000064763.10,FAR2,29149103,29340980,32.20762173579409,3616,2978.22,780.221,5.90231,GGCAGCGGCGGAGCCGGGGAAGGTCGGAGGGAGGGTGGTTTCCTCCCGCCCCACACCCAGTCTCCGAGCCGGATATATAGAGTGTCACGTTTGGGAGCCGAAAGACTGGAGCCGTTTCCTTGTGGCTGGAGCGCTTCCCGTAGCCTCGGGGAAGGAGCAGGATTTAGAGGACCACTAGTTGGACCCCATCCTCGTGCTGGAGGAACAGGAACCTCTTTCAGGAGCTATAAAAGAAAGGGAGGAATC,5.456782469201735,2.4480505328329425
5514,ENST00000435753.6,ENSG00000013573.16,DDX11,31073845,31104791,10.704197027065826,4182,5737.87,512.554,2.01257,TTCACTGAGGGGACCCGCCAGTTTCTAACTCAGTGGCGTTTGCCCTGATTCCCGGGGCCTGGCTTTCAGCGTAGCAATTCTGCCGGCGAAGAAGGTGAGCGCAGTGCTGTGTGGCAGCAGAGCTCCTTAGGACGAGGAGCAGCGGGACGAGGAAGGGCAGACTGGTGAAATCGCAAACTGGGCGTCTGTTCCGGCGCCGGACCCCTATTTGCAAAGGTCC,5.318670668382131,2.411065708173878
5515,ENST00000312561.8,ENSG00000174718.11,KIAA1551,31959370,31993107,5.375765151782343,6230,4758.5,866.437,4.10231,GACTTAAACTCTGGGGCCCGGGAGGCCGCCGGTTTTCTCCCCGCTTGCCGGGGTGGTCCTCTTCCCTTTGTCGGACCAAAGAAGTAAACACTGTGTGGAGAGGGACTGACGTGTTTGGAGGGAAATGGGAATGTACACGATAATTAAAGAGTAAAGTTGTGCTCAACGCTGTTTACTTCTAATTATTTCCTGATTCACAAATTAATTTTTGCAATTCACAACTTCAAGAATACTTGGACTATTGGATTCAATCCATAGTAATCTGCAAAAGAAGAGAAGCAGAATTATACCTAGAAGTCTACTAATGGACAGTTAGTCACCCACCTACATGTTGAGATTCCTGACATTCAGACAACTGACTTGTAACTGACTTATAACTGACTTGTAATACACTGCTACTATATCAAACCGACA,1.3104239201284988,0.3900335969021496
5516,ENST00000550207.1,ENSG00000151746.13,BICD1,32106835,32383633,7.613938100239237,1328,1539.18,73.814,1.08046,GGTGGAGCGAGAGAGCGAGCCGCGAGCCGGAGCGCGCCAGACCCAGGGCGAGACTGCAGTGACGCGGCCCGGGAGACATGGCGGACGGGCGTCTCTGAATAAGCAGAATCCGGAGCCCCTCGCTACCCGCGGCCGCCGCAGCCCGGGCCATGCCGCACGGCTGCTGACCGCACGCAGGGGCCGGCCCCGAGGACACATGCGGCGGCCTTTGCCGCCTCGCCCCTGACCCTCTGCCCTGTTCTCCATGTTGCATTTCTCGTCAGTTTCTCGGGCGGTGTAGCTGCCGCTGCCACCAGAGCCGGCGGGGCATCGCGCTGCTCATTCATCCGGCCGCACTTTCTTTTCCGTTTCCACCCATCCCTTCCCATTTCCTTCTCCCTTTCCCCGCCAGCTTCGCATCCATCTCCCCCACCCCGTAACCCCCTCCTGCCTCCATCCACCGGGGCT,7.046941210446696,2.8169971783467314
5517,ENST00000452533.6,ENSG00000087470.17,DNM1L,32679200,32745650,27.87574494591782,4439,3829.39,1830.57,10.7701,AGCGCATGGCCTGCCGGGAGGGGGCAGGTAGCCGGCGGGCCCGGTCCAATGGGTGCCGGCTTCCGAGGAGAGGGCGGAGGAGAGGAGGAAGGAGGCGAACTGTGGGCCCCGGCCCCATTCATTGCCGTGGCCGGCGGGCACTGGGGCCCCGTGTTTTCAGAGTC,2.5882531216904043,1.3719787145291833
5521,ENST00000266483.6,ENSG00000139133.6,ALG10,34022281,34029694,26.37494176905217,3128,2574.06,209.337,1.83227,CTAAGCAGCAAGCCACGCACCTCCCGCGCTGGCGAAATCCGAGACCCGCCCCTTCCGGAAGTTTTGACACTTTGTGCGCCCCGGGCAATGCGATTGAGAGGGTAATCATCCGGTCCGTTATCTAAACCCGTCACTCCGGGAAACAGCGACCCGATCTTTCCGGATCCGCGCTCTCCCAGCATCCTTTGCCTTCCGGTATGTGGCCCCGTCTGGCTAGTCCCGCCTAGCGCGCCCATTTCGAGCCCAAGTTTCCAGCTCGGGTTTCCAGGCTCAGAATTTTCCAGGAGTAGGTTCTTGGGCAGTGGCTGTGGGAGCTGGA,14.39468078888601,3.847463891472119
5522,ENST00000308742.8,ENSG00000175548.8,ALG10B,38316578,38329728,11.44011791446044,10253,7386.11,811.078,2.47405,AAGCAGCAAGCCACGCCCCTCCCGCGCTCGCGAAATCCGAGACCCGCCCTTTCCGGAAGTTTTGACACTGTGCGCCCCGAGTAATGTGATGGAGAGGGTAATCATCCGGTCCGTTATCTAAACCCGTCACTCCAGGAAACAGCGACCCGCTGTTTTCCGGATCCGCGCTCTCCCAGCATCCTTTGCCTTCCGGTATGTGGCCCCGTCTGGCTAGTCCTGTCTAGCGCGCCCATTTCGAGCCCAAGTTTCCAGCTCGGGTTTCCGGGCTCAGAATTTTCCAGGAGTGGGTTCTTGGGCAGTGGCTGTGGGAGCAGGA,4.624044750292209,2.20915535993034
5525,ENST00000552761.5,ENSG00000134283.17,PPHLN1,42238447,42466128,42.95504146372362,1095,818.816,68.683,1.88984,GGGATAACGGCGGCGAGCGGACGGCTGCATTTACGGGGTCTCCCGGAGGGCCAGAGTCGGAAATTGTTGAAAACGTTAAATTTGATTCCTAAAAGGACTCA,22.72945935302651,4.506491463249725
5526,ENST00000431837.5,ENSG00000198001.13,IRAK4,43758944,43789543,10.679779574048942,4147,3912.11,216.973,1.24956,CCCGCCCCTTCGCGGCGCTTCCTAGTTCGGCTGGTTCTTCTGTCGCCGGCTTCAGCAGCCCGCGCCCGGGCAGGAATAGAAGATGAACAAACCCATAACACCATCAACATATGTGCGCTGCCTCAATGTTGGACTAATTAGGAAGCTGTCAGATTTTATTGATCCTCAAGAAGGATGGAAGAAGTTAGCTGTAGCTATTAAAAAACCATCTGGTGATGATAGATACAATCAGTTTCACATAAGATGCTGTTCCCAAAACTGCTAATACACTACCTTCTAAAGAAGCTATAACAGTTCAGCAAAAACAG,8.546832144153896,3.0953897887951416
5527,ENST00000266534.7,ENSG00000139173.9,TMEM117,43835967,44389762,5.718884747588271,2758,2186.84,125.852,1.29659,GTCTCGCCGCGCTTCCCAGCGAGGCCGCCGGCGCGCCGAGGGCTGTGCTCGACCGCGAATCCCGTGTGCAGTCGCCCCGCGCCCCGCGCGACCCTTCGGGTAAACTACGAACTGGGAGTTCTGAAGA,4.410711749734513,2.1410114800363704
5528,ENST00000320560.12,ENSG00000177119.15,ANO6,45215987,45440404,27.90591613106041,5975,5621.91,1547.93,6.20341,GAGAGGCGTCCTCCGGCTCTGGGCTCCGGTCGGTGGGTGCCTCGGCTCGGCTTTCCCCGGCGCTGGCTGGGCTCAGCGGCCCCTGAGCCCAAGCGACACACGCCCCGCGGTCCCCGATCCGGCCCCTGGGAGAGCCGCGCCGTTCTGGAACCCGGGAGCCCCCAACTTCGCGCCAAGTTCGGAGCCGCCTTCTGAGGGAGAC,4.4984800506593,2.169437625044356
5529,ENST00000334344.10,ENSG00000189079.15,ARID2,45729665,45908040,14.58747084428837,8642,7412.97,413.592,1.25702,GCGCCGCCGCCGCCGCCGCCGCCGCCGCCGCCGCCGCCACCGCCGGCCCATGACTGAGCCCCGCCGCCGCCGGCCGAGGAATGGGCTCCGGGCTCTGGTAGGAAGCGCTGGGAGCGGGGGGCGCTTTTAAAACACCGATCTGGGTTTTTTAAAAACCTCCTTTGAAAAAATA,11.60480409562964,3.536650263183788
5530,ENST00000442218.2,ENSG00000211584.13,SLC48A1,47753916,47782753,13.001367469141057,3010,4287.28,294.145,1.54576,GCTCTGGCGGCTCCCGCGGCTCCGGCTGGCGGCTTCGGGCCCTGCACCTGTGACTCTCGGCCGCGCTCGCCCTCGGCCCGCCCGGCGCCGCAGCCCC,8.410987131987538,3.07227512828664
5532,ENST00000552561.5,ENSG00000134291.11,TMEM106C,47963569,47968878,87.89054406860245,810,600.188,233.219,8.75466,GCGTGCCGCTCCGCCGACCGAAGAGGCTGGACATGACACCAGTGGCATATCACGGCC,10.039286970436597,3.3275849019504635
5533,ENST00000301072.10,ENSG00000167553.14,TUBA1C,49188736,49274603,981.4520090243172,3001,3355.03,275.223,1.84821,GAACTTTTGAATCCGCCAATCAGCGCCGCGCGCCCCCACTCCGCGGGTGCGGCCGGGCGCAGGCCAGGGCTCGAAGGTGGGGCCGCAGCGGCACGGGGCGGGGTCTGGGGCCCGCCCTCCCGACACGTGGCCGGGGACCGGGTATATAAGGCCCTTCGGGGCCGGCCACCCTTTCACTACTTCTCCCCCGGACTCCTTGGTAGTCTGTTAGTGGGAGATCCTTGTTGCCGTCCCTTCGCCTCCTTCACCGCCGCAGACCCCTTCAAGTTCTAGTC,531.0284053350633,9.052645224325756
5536,ENST00000550709.5,ENSG00000135451.12,TROAP,49323236,49331731,31.283957154670407,778,872.22,51.3979,1.32764,ATTTTACAAACTGAGAAAGTAGCTCCAGCAGCACCCGAGAGGGTCAGGAGAAAAGCGGAGGAAGCTGGGTAGGCCCTGAGGGGCCTCGGTAAGCCATC,23.56358437126812,4.558487106098544
5538,ENST00000553127.5,ENSG00000123352.17,SPATS2,49366584,49527424,15.974446471169829,3320,3166.24,263.689,1.87634,GACGGCGGCGGTGGCTCTAGAAGGGGAGGTGGAGGATCTCCTTTCCTCTTCTCAGACCCGGGAGCGTCCGGGACGCGGAGCCCGGAGCTGGGGCGACGAGGCGATTGCGGGGGCCTGGGCTAGCTGCTGGCTACCAATATTCTACTTTCTGTCTCTATGAATGTGACTACCCTGGTTACCTCATATGGAATAAGGAGGGAGACTGATTTGGAAACATCTGTGAGGAGCAAAGAGGACACTTACTCACCCCCAGGTCCAGTGGTATGAGAGAATCTCCCTGGAAAAGGAGACATGAATGTCTGCAATGATACTTCCTGACAAGAAGTTGATACAAGAAAAGGAAAGGAGATTAACAGCTAGTGAGCAGAATTTCGAACAGCAGGATTTCGTATTTTTTGCTTCCAACTGCACACTTCCGTTGCCCACTTTTAAATCAGAGATACCTACACTCAAAACCCAGACAAGGCAAAAGGATACTTTTCTTGTATATTTTTTGAGATCGAAGAAACGACA,8.513620383922866,3.089772762841978
5539,ENST00000447966.6,ENSG00000110881.11,ASIC1,50057548,50083611,9.373325588696105,3778,5490.63,528.168,2.16726,GAGCCAGCGAGCCAGCGCGCGCGGGCGGGCGGACAGATCGGAGCCGAGCGGGGCCGGGCGGGGCGCTCCCTGCAGGGCTCTGCGCGGCGTGCCGCGGCGGCCGCGGGCTCCGGCCCCGGGCCATGAGCCCCTCCGCGACTCGGCGCTGAGCCCGCCACCGGTCCAGCGCCCCAGGACCCGCCGCCGGCTGCCGGCTTGCCGAAGCCCCCTCAGGATCCCCTCAACAAGG,4.324965896429641,2.1126887567387693
5540,ENST00000394963.8,ENSG00000066117.14,SMARCD1,50084972,50100712,87.49758075171545,3658,4740.63,1030.84,4.8991,TTGGAAAGTTAACGCCATGCGCCAAGATGAAGCTATTACTCCAAGCCCCTCTTCATCAGAGGGCTCGAGTTGGGGTTGAGACTGGGGCTGAGGCTGTGGTCCGTCCCCCTTTCCAGGTCCTTGTCTTCCTCCCGTCGGCCTGGGGGCGCCCGCTCACGCGGCCTCTCTATTGCAGAGCTCTTCTCTATGGTTTTCCCTCCCGGACCGTGAAGGCGGGAGGGCGTGGCCAGCACGCCTTTTCCGCTAGTCGCCCCGCTCTATCCCATAGTCTCGCTGCCCTGAGCCTCCCGTGCCGGCCGGCCGGCCGGGGGAACAGGCGGGCGCTCGGGGGGCGCTCGGGGGGCGGGGGGAGTTCCGGTTCCGGTTCTTTGTGCGGCTGCATCGGCGGCTCCGGGAAG,17.859929528222622,4.158654482766188
5542,ENST00000550487.5,ENSG00000178449.8,COX14,50111979,50165618,4.3920316256115255,739,644.032,254.216,8.89318,GGAAGTTCAAAGCCGGCCTCCAGCCAGAGTGACGGCCTGCGCGGACTCCCGCCTTAGTGGGCGGAGTTGTGCCGCGTCTGATGCGCAGTTCCCTTTATAGCGCGGCAAGCCGAATCCTAGAGGCTAACCCGGCAGGTGGGAGGGAGAAAGTTGCTTTCTGCACCAATAGCTGAGGCGTTCAGGGTTGTCCAGGGACGCTACCCTCACGTGTCTGGTTCCGAGTGCTGCGTTCGGCTGTGCTGGGAAGTTGCGTAGACAGTGGCCTCGAGACCCTGCCTGCCTGAGGAGGCCTCGGTTGGATGCGAAGGAGCTGCAGCATCCAGGGGACAAG,0.4938651444827976,-1.0178109436569072
5544,ENST00000398473.6,ENSG00000161813.21,LARP4,50392383,50480004,39.718061835048296,6427,5047.18,1607.72,7.17667,CCGGGTGGAGGGGCAAGGCGAGTGTGTGTCCTTATCCTAGCAATTGGGGCGCGGGCCTGTGAGCCAGTTGGAGTTGCGGCGGCGGGAACGATTGGGCTGAGCAGAGGACGAC,5.534330244395841,2.468408734973665
5546,ENST00000301180.9,ENSG00000066084.12,DIP2B,50504985,50748667,14.686092629566517,8593,9080.12,1484.58,3.6836,TCTTGTCTTCCGGAGTGTGGCTGGCGGAGCTGGG,3.9868858262478324,1.9952622909975035
5548,ENST00000262053.7,ENSG00000123268.8,ATF1,50763710,50821122,45.279019848312124,2181,1296.5,366.849,6.37497,GAGGCGGCAGCCACAGTTGATT,7.102624772871421,2.8283522706769357
5549,ENST00000412716.7,ENSG00000183283.15,DAZAP2,51238292,51271362,166.30060649416487,2598,2708.46,503.962,4.19216,AGGCAACGACTGTCCTGGGGAAGACAGGGCAGCGAAGATTCCAGTGCAGGTCTCATTCAGGAAAGGATACATGTGAGCTGGAGTGGCAAAATAAATTTTAACAGAGCTGAAGCTTAAGTTGGGCTTGGTGGGGAGGGACGCATGATAAACTAAGGTGTGGGGAGCCGATTTCAGGCAGTGCGACAAATTTGCAGAAATCTAAGCCCCTCGTGGAAGGTTGCCAAGGTGAGGTGACCTTGAGTGAATGCGTGTAGGTGGAAAAAGGTTCCGGGGAATGCTTGCATCGTTCTGCATCCGAGCGTCCAACAGAGAAAAGATCCTGTTTCCAGACAATACCTGCATTTGGTTTTTCTCCAGCTGAGGGACACCGGTAGGGGGGGGGAGGACAGAAACGAGCAGGGGGTGGGGCCAAGGCGAGTGGGCGGGACCGCGCGGACCCTCCCGCGGCCGACTGGAGGCCCGGAGCAGGGGCGGAGTTTCCGGCGGCAGCGCCACTCGGGCGTCGGGTGACGCTAGGCGGACGGACCATCATGTGACACGGAAGTAGCTCCGAACAGGAAGAGGACGAAAAAAATAACCGTCCGCGACGCCGAGACAAACCGGACCCGCAACCACC,39.669432105207065,5.309955839361584
5551,ENST00000257963.8,ENSG00000135503.12,ACVR1B,51951667,51997078,19.234636608671885,4563,6069.19,955.79,3.54808,GGGGAGGCGCCGGGGGCGCGCGCGCGCGCGCTGGGCGCTGCTGGGCTGCGGCGGCGGCGGCGGCGGCGGTGGTTACT,5.421139491970836,2.4385961295551803
5552,ENST00000336854.8,ENSG00000123395.14,ATG101,52069246,52077494,43.20447610923941,1439,1832.97,292.26,3.59233,GCGGCTTCCGGTCCCGGCTCAGCCTCCGACCCAGGTGGTCTGGAGCCTGCCGGGAGAGTGGTGGCATCTGAGAGGCTGGTCGTGGACTGTGGTTGGGGGAGGTGGGAGCTGTTTTAACCGTGTGCCCCCTCTCCTGTGCCGGCGTGGGCATCCCCCGGGGCAGTGGAACGCGGGCGCTCCTCCAGCTTCCGAGTCCAGCCAGCCTGGGCGCGGGGCGCCGCCCCCGAGACACCCGAGGAGTCCGTTCCTCCCTGGTTACGTGGACTGTGGAGCTGGTCTCTTGTGGCTCAGCGCCGTGCGGAGGTTGAAGCGTACCTGCGGAGGTCGCACCAGGGCGTGAGGAGGAGGAGGAAGGGCATGAGCCGAGCTTGAGGAATCCGTGCTCCAAACTCTACACTCAAGGGTGGCCCTTGGGTAGGGTGAAGATCCCCTGTCTTTATCCTAGTTCCACACCTTGGTGTGGGTTACTGGGTGCAGG,12.026867272561098,3.588188996843373
5553,ENST00000388837.6,ENSG00000111057.10,KRT18,52948871,52952901,28.46509779179128,1420,1640.95,1045.3,14.3518,GCAGCCTCGAGGGCCAACAACACCTGCTGTCCGTGTCCATGCCCGGTTGGCCACCCCGTTTCTGGGGGC,1.983381721581354,0.987962365329955
5554,ENST00000262056.13,ENSG00000063046.17,EIF4B,53006158,53042209,11.532955907526318,4148,4374.21,6230.72,32.0923,TCTTCCGGCAGGAAGTCTGTGCGTCAGGAGGCCGGCCAGGACTCAGCTCCAGCCCCGCGCTCGCGTGTAGCCCTACGTAAAGCGTGAGGGGTTTCGCGACAACCCAGGCCCCGCCCCTTTGGCCACATGTCGCGCATGTCTTCCCGTCGGACGGCGTGCCACCTCGCCGCGCAGCTTTACGAACCTAGAGCAGCGCCGCCCCGCCTCCTGTCTCCGTCCTCACCTCCCCGCCCCCTCCCAGCTTCGCGTCTCCTAGCTCGACGCGCCCGCTATAATCACGTGATTGCCTCATCCGGGTCTTTTGCGTTCTCTTTCCCTCTCCCAAC,0.3593683191147508,-1.4764648643105973
5556,ENST00000416904.4,ENSG00000139651.10,ZNF740,53180700,53195141,35.725142389129765,8578,11787.8,865.836,1.65487,AAACGGGCCGGGGTTGGTGTTTGTAAACTTGCCTCGGTCCCGGTGGGGGCAGCCGCGGCGGTGGGGTTGGCAGGGTGTGCTGGGGCCTGGAGGAGGCGCCGCGCGGCCAGGGAGCCAGCGGGAGGCCGCGCCTGGCAGGTTTCTGAAACAGATCGTGAGCTTCATCAAGAGAATTCAACTGGAAAACCAAGACTGGTAGACTCTCTTTTTCTTCAGACAATAGGCAGGAGCCAGGCAGAGTCCAGGGATTCTTGGAACACCTATCTTTTCTTCGGAGGACACTAAGTTCTATTTGAAGACAAAGTTCAATATGGCAACAGGACTGATGGGACACGAAGGAGTCGCTACCGTGATTTGGTGACAGTTCTTCAAAACGACAGTGTCTCAAGGAAAGGTGGACCTAGGAACTCCTGAACTTTTGGGTTGCCTTAAGTGAGAAATCAGC,21.587884479826066,4.432149967242552
5557,ENST00000257934.8,ENSG00000135476.11,ESPL1,53268299,53293643,30.64363345433427,6623,9587.01,2228.77,5.23775,GGTTACATTTTGGATCCTCGCGGAGTACTGGTCAGGCGGTTAAGTCCTGTACCTAGGAAAGAGGGCGAGCTCTGGGGCGCTCTCCGGTGTC,5.850533808282997,2.548568263572664
5558,ENST00000551018.5,ENSG00000123349.13,PFDN5,53295291,53299450,615.7916190976996,847,703.687,59.8897,1.9175,ATATCGTGGTTGTGTCGTGAGAACTTTAAGATTTTGCAGTTCCTTGTAGGCAGGAGTCCTGTTTGCTGCTACTTTACAATACTAGGCTTAAGACATTTTATGAAATGAACTCACACAACAGTCTCTGAGAGGCTCAAGCCCCTCCTTCCCTTCCGGGACGGAGGATCATAGAGCTGTCTGGCGCAGCGAGGCCTCCCGGCGCCACCGAGACGCGCAGAGGACGGCTAGAGCGTTGCTCGCCGAGAGACTTCCTCTTCGTTAAGTCGGCCTTCCCAAC,321.1429565046673,8.327071844534043
5560,ENST00000267103.9,ENSG00000139637.13,C12orf10,53299686,53307177,68.99245669359611,1192,1388.38,436.03,7.07571,TGGCGCTTCCTCTTCCGGGTCGGCGCTCCTGCCTCCCTGCAGGGAGCTGCTT,9.750605478969051,3.2854918080298496
5561,ENST00000327443.8,ENSG00000185591.9,SP1,53380176,53416446,61.76091673642766,2846,3599.71,262.987,1.646,GGTCCGGGTTCGCTTGCCTCGTCAGCGTCCGCGTTTTTCCCGGCCCCCCCCAACCCCCCCGGACAGGACCCCCTTGAGCTTGTCCCTCAGCTGCCACC,37.52182061751377,5.229657926262352
5565,ENST00000546463.5,ENSG00000197111.15,PCBP2,53441605,53481162,69.2003233289627,1457,1521.17,3881.4,57.4874,CTTCCCCTTCCCGCCCGCTCCCCTTTTCCCCTCAGTCGCCTCGCGCCTGCAGTTTTTGGCTTTCACCCCCAACCAGTGACCAAAGACTTGACCACTCAAAGTCCAGCTCCCCAGAACACTGCTCGAC,1.2037476617304435,0.2675329956486558
5568,ENST00000266987.6,ENSG00000139546.10,TARBP2,53500921,53506431,19.01641276488006,1867,2396.8,133.774,1.25748,TCCAGCTGCGACACAGATGGCGCGCGGGCTCTTGGGTTCTGTAGTTTTCTCGCGATCCAAAAGGCTCCGTGCCCAAGTGAGTCCTTACCGCCTCCCTACCCAGCGGCTTCCCCTCCGCTAGTACGCATGTCCACAGCTTCACGGACCGGGAGAGAGGGGGCGCGGAAGGAAGGAGGCGGGACGGTATTACAAACAAAAAAATACGGCCTTCTCGAGAAGCGACGGCGGAGGGCCCGCTCCTCCCAGAAGGCGGTGCAGCCTGCCCGGGCGAGCCACGCACGCAGAGGGTTGTGGGGCGGATAGCTCCCCTCCAGATGGAGGCTCACGAAGTAGGGTGGGCGGGGGACTCCATATCCCAGCGTGCCCCGCGGCGGGCCCTACCGGCCGCGACTCCGGGCTTGGCCCCGGCCCTAGCTCGTCGGCTGTGTATTGGGGCGCGTGGAGGCTGCAGTCACGGTGGCGCCCGCGGGGACGGAGGAGGGA,15.122636355950043,3.918637763950589
5569,ENST00000243056.4,ENSG00000123364.4,HOXC13,53938765,53946544,17.311257901849466,2423,2954.42,354.0,2.69956,GGGAGGTGGAAGCACTAGGAGGAGGGGAGGGGTGGAGAGAAAAGAGGGGAGGGATGGGGGGAGGGGAAACAGGAGCGAGGTGTCTCCCTAGCTCGCTGCCTCTGGCAAGTGGAGTTTTTAAAAAGCTCCAGCAGATCATGTC,6.412622020569821,2.680914372851639
5570,ENST00000303460.4,ENSG00000180818.4,HOXC10,53985065,54056030,15.703677871627846,1936,2450.96,214.161,1.96865,TCCCGGATGGGGAAAAAAAAAGATGTCAGCTCCTCCGCTGTAGTATTGCTCCTTAAAAACCCCTCTCTCTGAAA,7.976876474552534,2.9958239373212368
5571,ENST00000508190.1,ENSG00000180806.4,HOXC9,53985065,54056030,78.43025382700101,1505,1783.23,109.601,1.38474,TGCAAATTTCCTTGCGACACATACATCACACAAAAGATCAGATAAAAAGTACATATACAGTTCATACAATAATCTTATGTATGTAAAACCCCGTTACG,56.63897470066656,5.823723244353962
5572,ENST00000040584.5,ENSG00000037965.5,HOXC8,53985065,54056030,17.526202398849723,1889,2156.36,368.0,3.84493,GCCGAGCTCAGCACCGAGGCGCCCCCCAACCTGCCCAGCCCCCAGCCCACCAGCCCAGCCCAGTCCCGGGGAGCCAGCTGGCCTGGGGTTCGGTCCCGGGGGGAGGGGAGTTTCGGGGGTACTGGGCGGGGTACTCGTGAGCCAGAGGGGAGGGGGCCGCGGGTTTTCATGTACCCAGC,4.558263063007577,2.1884841867236546
5573,ENST00000303406.4,ENSG00000198353.7,HOXC4,53985065,54056030,56.61411764878709,1524,1746.74,122.871,1.58483,ACCTGCCCTGGGCGCTCCCTTCATTAGCAGTATTTTTTTTAAATTAATCTGATTAATAATTATTTTTCCCCCATTTAATTTTTTTTCCTCCCAGGTGGAGTTGCCGAAGCTGGGGGCAGCTGGGGAGGGTGGGGATGGGAGGGGAGAGACAGAAGTTGAGGGCATCTCTCTCTTCCTTCCCGACCCTCTGGCCCCCAAGGGGCAGGAGGAATGCAGGAGCAGGAGTTGAGCTTGGGAGCTGCAGATGCCTCCGCCCCTCCTCTCTCCCAGGCTCTTCCTCCTGCCCCCTTCTTGCAACTCTCCTTAATTTTGTTTGGCTTTTGGATGATTATAATTATTTTTATTTTTGAATTTATATAAAGTATATGTGTGTGTGTGTGGAGCTGAGACAGGCTCGGCAGCGGCACAGAATGAGGGAAGACGAGAAAGAGAGTGGGAGAGAGAGAGGCAGAGAGGGAGAGAGGGAGAGTGACAGCAGCGCTCGCGGGGGCTCAACCCCCAGACCTCCAGAAATGACGTCAGAATCATTTGCATCCCGCTGCCTCTACCTGCCTGGTCCAGCTGGGACCCTGCCTCGCCGGCCGCATGGCCAGAGGGTTGGAAATTA,35.72251765097019,5.158761857165401
5575,ENST00000243108.4,ENSG00000197757.7,HOXC6,53985065,54056030,14.491952202599858,1733,2040.26,422.172,4.66193,TTCCTGACATCTGGCTTGCGATTGGCTGGGAGGGGGTCAGCTGACTTTGTCATTTTGTCTGTCCTGGATTGGAGCCGTCCCTATAACCATCTAGTTCCGAGTACAAACTGGAGACAGAAATAAATATTAAAGAAATCATAGACCGACCAGGTAAAGGCAAAGGG,3.1085735312627727,1.636252705281496
5576,ENST00000262061.6,ENSG00000111481.9,COPZ1,54262615,54351849,282.2769276502872,1897,2116.76,2210.69,23.5298,TTTTGCGGCTCCACGTCGGCACCAGCTGCGGGGCAAG,11.996571481707756,3.584550249631433
5577,ENST00000394252.3,ENSG00000170439.6,METTL7B,55681546,55684611,17.72980574511421,1506,1819.91,128.0,1.58461,AAAAGTCATTGAAGAGCTTGTGGGGCTGTGGGACCTGCGCCCTCTGGAGGAATTCCATACACCCACTCAACTCTGGCAAATAGGAAATTGTCAAGTAGGAGACAAGGAGCAAAGTCCTATCACAGCGGGAGGGGACGCCAGCGCCTGCAGAGGCTGAGCAGGGAAAAAGCCAGTGCCCCAGCGGAAGCACAGCTCAGAGCTGGTCTGCC,11.188750383447163,3.4839770126785368
5578,ENST00000548925.5,ENSG00000135441.7,BLOC1S1,55716036,55724705,82.14499421885209,571,537.148,410.292,17.2092,CAGCGGTCACGTGAC,4.7733185865032715,2.254992629671002
5579,ENST00000257868.9,ENSG00000135414.9,GDF11,55743280,55757278,17.325184503790904,8657,10078.5,1164.4,2.60296,TCCCCGCCCCCCAGTCCTCCCTCCCCTCCCCTCCAGC,6.6559549527426105,2.7346456694052725
5580,ENST00000243045.9,ENSG00000123353.9,ORMDL2,55817919,55821879,143.71137072339425,2141,2320.15,253.05,2.45726,ACTGTATCTTGCGAACGACAGAAATGGCAACCAACTGTGCTTCTGCATTACAGACCACCAACCAATGGGTGGTGGCAGCGCTGATTCTGTTCCTCCAATAGGAAAGGGGCAGAAGGAGAGGCGTTACTTCCTGGAGACTTCAGGTGTGGTAGCCGGCGCCGCGCCCATAGCCGGACGGGGATCTGAGCTGGCAGG,58.48439754987028,5.86997988916101
5581,ENST00000266970.8,ENSG00000123374.10,CDK2,55966769,55972784,154.67047173434082,2296,2557.14,1884.76,16.6059,AACGCGGGAAGCAGGGGCGGGGCCTCTGGTGGCGGTCGGGAACTCGGTGGGAGGCGGCAACATTGTTTCAAGTTGGCCAAATTGACAAGAGCGAGAGGTATACTGCGTTCCATCCCGACCCGGGGCCACGGTACTGGGCCCTGTTTCCCCCTCCTCGGCCCCCGAGAGCCAGGGTCCGCCTTCTGCAGGGTTCCCAGGCCCCCGCTCCAGGGCCGGGCTGACCCGACTCGCTGGCGCTTC,9.3141878328992,3.2194299763025165
5583,ENST00000553116.5,ENSG00000111540.15,RAB5B,55973913,55996683,29.64313306129163,3322,3762.2,2295.84,13.7487,GCTCGTACTTGTTGGTGACAGCGCCCAAAGAGACTCGCCTTTCTCCAGAGGATTGGTGGATGAGTGCACATATAGCCCACCCTCGAAGGAGTGTTGAAGCCTGGAAATCCCCTCCCCTTCCCCCTCCCCCCTTTACAGTATCCCCCTCCCTCCACCCTTTCCCATTCTGATAATCTGGCC,2.1560680690750127,1.1084027260341864
5584,ENST00000356464.9,ENSG00000197728.9,RPS26,56041853,56044675,552.3502630114305,1183,1098.13,183.607,3.76701,CTGCATCGTCCAGAATTGCTTCCGAGTCGGCGCGGCGCAAGGCTTGCTGGGAGACACATAACCTCGATTTTCTTCCGCCATCCGGCTAAATAGTCCCATGTGCACTTTGTTCCATGGATAAATAAACACTAGGAACGCATTTCCACCCTAGATTTCAGCAGAAATGCTGAATGTAAAGGAATATTTGAGTAAAGTGAGTTGCCGTTCTTGAAGCCCGTCTCCTAAGGATTCTCCCGGTGTCCGCGTAGGGATCTCATGCTATATAGGAGGGCCCTGCCAGGCACCGTCTCCTCTCTCCGGTCCGTGCCTCCAAG,146.62829751219945,7.196019743048142
5585,ENST00000303305.10,ENSG00000170515.13,PA2G4,56079857,56113907,150.79634616728396,2577,3049.88,12209.9,90.1972,GTTTTTCCGGGAGAGACCACGCTTCCCCTCAAGCTCCCCAACGGCTCCGCCTTCCCGCCGGAGCCTGACCCTTCCCAGAGTGCCCGGCGATTCCGGCGTGCGAGGCCCTTGGAGGGCAAGGCCCCAGGGCCTGGCTTAGGAGCGCGAGAGGCAGGCTGGGAATTGTAGTTCGAAGGCCCTCGAGAGCGGCTAGAGTCTGGCGGCCGAGAGGACTAGTTGTCCCAGCGTGCCCTGCGCCTCAGCCCGCGCGCTCGCAGCTTCTCGCTCTCGCCTGCCTGCCCGCTCCCTTGCTTGCTCGCGCTTTCGCTCGCCCTCTCCTCGAGGATCGAGGGGACTCTGACCACAGCCTGTGGCTGGGAAGGGAGACAGAGGCGGCGGCGGCTCAGGGGAAACGAGGCTGCAGTGGTGGTAGTAGGAAG,1.6718517444808039,0.7414469185996895
5586,ENST00000394048.9,ENSG00000139641.12,ESYT1,56118159,56144671,58.480854624776526,4388,5790.51,1805.66,7.02558,ATCTTGGCCTTCGGGCCCAATCAGGGAGGCCCTACCTATCCGAAACCCGGTCCGTTCCCCGCGGAAGAGGGGTGGAGTTTCAACCTTTTAACTCCACCTTGGTCTGTGCAGCGCGGACCAACCCAAATCGCCAGAAAGGAGGGGCGTGGCTTGAAGTCCCCTCCTCCATCCCGGGGATCACGTTTTGCCTGGGGGAGCTGATCGCAAGACTAGGCAACCTCCAGCCAGTCCCTGGGTCGGGCGGATCCTCCCAGAGGTGGCACA,8.323989567377573,3.057275156915863
5588,ENST00000553066.5,ENSG00000196465.10,MYL6B,56152256,56163496,59.96534474021356,1305,1824.99,173.114,2.13714,CTTTCAGCAGTAGGTCCAGGAAAACAGCCGCCCCGCCCCCTCCACCTCCCGAGACTAGGAGCCCGCCAGGGTTAAGTAGGAGGGATACCCTAGGGGCCCCGCAGGGTTTTTAGGGTTGGGGTGGATTGGAAATTGTTCATTGCCTTTCAGTTCCGGGACATAAAGCGCGCTGGAAGGACACTGAGTCACCAACCACCGCCATGGGCCGGAAGCCACCGCCCTCGCGTCAACTGCAATCTAGAGCGCGGCGCATCCCGTGAGCCCGCGGGGAACTACGACTCCCGGCATGCTCCGCGGCCACCGGAATTAACCCTTCAGGGCTGGGGGCCGCGCTATGCCCCGCCCCCTCCCCAGCCCCAGACACGGACCCCGCAGGAGATGGGTGCCCCCATCCGCACACTGTCCTTTGGCCACCGGACATC,28.05868812535143,4.810375652694289
5592,ENST00000547649.5,ENSG00000092841.18,MYL6,56152256,56163496,359.06593869760013,655,601.953,2677.22,100.204,ATTACTGCAGGAAAAGGTCCCGGAGAGCTGAGCAGTCAAG,3.5833493542932433,1.8413087042063585
5593,ENST00000267023.8,ENSG00000139579.12,NABP2,56222015,56229854,69.59556360611047,1417,1581.67,851.532,12.1296,AACTTCCGGGAATGTCCGCACTCCCGCGTTCCACGGGGCAGCATCCGGCGGCAGCGGAGCCTGTGGCTCCCCCTGCGGGCTGCTCAGCGGCGTGCACAGTCCTGCCGGCTGGCTTGGTGGGGTGCCGAGGCTCAGGCAGC,5.737663534338352,2.5204633686687887
5594,ENST00000433805.6,ENSG00000135469.13,COQ10A,56266858,56270966,3.320626677329418,1410,1344.57,82.9132,1.38932,GGGGGTCGCTGCGAACCCCGGGGTTCCGCGGTGGAGGGGTGCTATACTGGGATGCAGGCGCGGCGGGGACTGGCAGCAATCATGCCCTGGGAGCTAACGTAGAGCTTTGGATA,2.390109317744953,1.2570766050519593
5595,ENST00000338146.6,ENSG00000176422.13,SPRYD4,56468567,56479707,46.558020591274754,10779,13432.7,683.912,1.14709,GTGCCCGGTTCATCCAAGGCGCAAG,40.587940432986734,5.342979229638351
5596,ENST00000262031.9,ENSG00000076067.11,RBMS2,56521929,56596196,1.3993030102760058,8382,9961.81,455.502,1.03018,CCCTCGCTCCCCTCCTCCCTCCCTCCCCGTCTTTCTTACCCCCTCCCTTTCTCTCTCTCTCTCTCTCTCGCTCGTTCCCTAACATTAAAGAGAAA,1.3583092374885997,0.44181196603553446
5597,ENST00000349394.5,ENSG00000182379.9,NXPH4,57216795,57226449,26.000631872863064,1804,2508.24,418.0,3.75464,GCGCCGGCTCCGCGCCTCGCGCCCAGTCCGCGGGCCGCGCCGCCGCTCCCGCCGCTCCCGCCGCTCCCGCCGCTCCCGCAGCCGCCCCGCCGCCCGCCCGGAGCCCCGCGTCCCTAGGCCTGGCTCCCGCCTGCCCGAGACCCGCCCAGCCTGCCCCGCTCAGCCGCCAGAGAAG,6.924933381858996,2.7918001924435663
5598,ENST00000328923.7,ENSG00000182199.10,SHMT2,57229327,57234935,23.88198674543605,2537,3124.27,649.512,4.68383,ACGGTGCTTTCCAGTGTTCCATAGCTCTTTATCTTGTGTGGGGGTCTAGATCTCCTGGAGTCTAATAATGCTAGCTAGATATTCAGTAGGCACCCTATAAACGTTTGTCTTGACAACAAGCAGAGAGAAAACCCTGAAAAGCTTCAAGATAGTAAGGAGAGGGGGCGGCACTGGACCTCTGTTTTTGTTTTTTGTTTTTTTCCCCCCAGGCAAGGGCCTCTAACCCTGGGGCTACAGACGGGAATCATAAAGAAAAAAGCGGTGAGTGGGCGAACTACAATTCCCAAAAGGCCACAAAGGGGCCACCACTACGCATGCGTAGATCCCTCCCGTTAGCTTTGGCGCCTCAGCGAGCTCTTCTCGCGCATGCGTTCTCCGAACGGTCTTCTTCCGACAGCTTGCTGCCCTAGACCAGAGTTGGTGGCTGGACCTCCTGCGACTTCCGAGTTGCG,5.098815871933022,2.350162240409018
5599,ENST00000262027.9,ENSG00000166986.13,MARS,57475445,57517569,138.3003422824801,2905,3597.95,2996.54,18.7641,AGTCTACTTTCCGGTAGCGGTGCCAGGGCAGTGGCCTAATACGGAACTCCATTTCCCGGCGTGCCTCGCGGAGGCCGCTGAACTCAGAAGCGGGAGGCCGGTTCCGGTTGCATCAGCGAGGGATTCACGGCGAA,7.370475657371262,2.8817577273783033
5600,ENST00000355673.7,ENSG00000166987.14,MBD6,57520710,57530148,4.058029425476516,4282,7217.83,1046.53,3.26667,GCGGCTGCGGCAGCGACGGCGGCGGCGGCAGCGGCAGCAGCCTGCGCAGTGCCTTCTGGGAACGGAATCCCCAGGGCTGCCCCTGGCCCCCATGGCGCATGCGCGGGAGGCCGCTCGGTGATCCGCGGCGGCGGCAGCGGCGCTTCCTGCTAGGACCGGCCGGGGCCGTACCGGAGGCTCGGGCTCCACCGACCCTCCTCCCACCCCCTCCCACTCACCCTCTGGGCCGCGACTGCGCAGGGCGGGGCCGGCCGAACCATGGGCCGCGGTGTGGGCTAAGCTGGTGGCCCCGGCTTTAGACTGGACCCCACAATGTTTGCAGAGATGTTCAGGCACGCGGGAGCTGATTACACACA,1.2422526381533843,0.31295860572119905
5601,ENST00000455537.6,ENSG00000155980.11,KIF5A,57549998,57586632,5.455403812754952,5824,6982.15,390.755,1.26089,CGCCCAGGCCCGCAGCGCGGCGCTGCAGCGCGAGGGGCGGAGAGGCAGAGAGCCCGAAAGGACCAGACGCCCAGGTCGCCCGCATCCCGCTGCCGCAGGAGAGAGACAGCGCGCCCCGGCCCTGCTCCCCAGGCTTCGCCCGGGCGCCCTCAACTCTGTCCCCAGAGACTGAGCACCTGTCCTCCGCCTCGGCCTCTGCTGAGAGCCCTCTCCTCTGGAGCACACACCACCCCTGCAGCCCAAGAAGAGTCCCAGCCCCACGCCGGCTACCACC,4.326629454397253,2.113243569293532
5603,ENST00000337737.7,ENSG00000178498.15,DTX3,57604622,57609804,13.825185034632176,2029,3063.92,294.796,2.16774,CTCAGTCATGTGACCGGCAATGGCGGCGCTGACGAGAGCTGCATTTGGAAGTGTTGTGGAGACAGCCCCGTAGCCCAATGCGACCAGACTCAGGGAAAACATCAGGCCCCTCCAGCTGAGCCCTTGTGTGAGCCCCGCCCCTCCCTAAATGCCAGACTTGGGAGCTGACAGACAGCACTGCCTGTGCTGGGTTTAAAAGTCCTGGTCAGCTGAGTGGAAATAGAAGGATTTCTGCTGCCATCATCTTCCATGGGCTTTCCAGGTCACACGACCTACAAGTAGGGAGCAGGGAAAGAAGAGTGAGCCTGCATGCCAATTCTAAGCTCTTCAGGATCAA,6.377695219275456,2.6730351549520215
5604,ENST00000286494.8,ENSG00000240771.6,ARHGEF25,57610180,57619379,1.202942840757209,2552,3567.65,219.875,1.38853,ATTCAGCTCTCCGCTCCGCTGGGACCCGCACAGCGCCAGTGGCTCGGGGGTCGGCCCTCGCCTCCTCCCCGGCCCGGGCCTAGAGCCACCCCTAACCAGAGGCCGGAGACAGCTGGAGCGGCTGCCGCATCCCGGCCCAGCCTCCCCTACCATCCCTCCCCCTTCCACTGGACATCTGGACCCTAGGCCCCCGCACCGACAGGGTTCCGGAAACCCTCCCCGCCCAGCCCGGCGGCCGGGCCCCGCGCCTCTCTCTCTCTAGAGCCCCCAGCCCTCCTCAAGACTAGACTTCCGCCTACCCCTGGACACCTCCTCCCGGTCCCCTCCCTCCCCCCCTCCCACAGCCTGGACCGGGGTAGGAGGGAGGGGGGGTGTGCGCCCGGCGCCGTCCCCGCCCCGCCCCCCGTGATTCCCCCTGCATGGCCGGCCCGGGTGGGGGGCGCGGGGGGGCCCGGGCGCC,0.8663427083010153,-0.20699025496852314
5607,ENST00000389142.9,ENSG00000135506.15,OS9,57693955,57721557,31.86725668212562,2457,3190.52,394.341,2.78466,GAAGGGGAACGAAAG,11.443859100258424,3.516501734937414
5608,ENST00000257910.7,ENSG00000135452.9,TSPAN31,57738013,57750211,95.1102525826491,1849,1917.8,170.517,2.00321,AGTTTTAAGTTTCGCCCAATGAAAAAACAAAAGGAGAGGGACAGAAGGCGGGTCGGTGACGTAATGCGGGTTGATTGGCATGCAGGCCTTGGACGTCCAGGATTAGCCACGCATTTCGCCAATCCAGAGGCAGGGGAGGGACGGTGCAGGCGCAGAGTATTGGGTTTGGCTGGCCTCGATTTAAAGAGACAGAAGCTGTCGGGGTCCTGGAAGACGGTCCCCAATACCCTCCCCCCAAGTCCTTGGGACCACTTGGGTCCCCAGAGCTGGGGAG,47.47892262051861,5.569215292974384
5609,ENST00000454289.7,ENSG00000123297.17,TSFM,57771492,57808071,182.44115414291412,2192,2203.92,350.002,3.57798,ATTTTACCTGGGGTGGGAGGTGGGGGGTAATTCCCGTATGAAATGTGTCGTCTCAAGAAATCAAGTAGAGGCGAGGACTGTGTTCCTCCGGCCAGCAGGTGGCACCATACTCGTTTGGTGCGTTCCGCTGGAGAATTCTGGCCCTTCCGCCGCGCCGTAGGTTTGTTGCCTCACCAGTGCGCCCGCCGGAGGGTGTTTATCGCGGCTAGAGAG,50.98998712762903,5.672142068646968
5610,ENST00000300145.3,ENSG00000166896.7,ATP23,57941541,57957269,16.716619832725108,1245,966.045,106.207,2.47695,GGCTGCCCTTCTTCCCTGCGGAGGGAGGGCCTGGGCGGTCGCGTTGGCGGGAGGGAGGTTACCTTTCCCAGTCTCGCTCTGGCCGCCTGAGCCAGGAGGAAGCAGCGGCGAGGTCTGCGGGAGGC,6.748872537889383,2.754646506629213
5612,ENST00000312635.10,ENSG00000135655.14,USP15,62260338,62417431,19.429953655783144,2226,1783.27,161.789,2.04405,TACCGCTAGTGGAAGAAG,9.505615643346857,3.2487800678880943
5613,ENST00000393630.7,ENSG00000061987.14,MON2,62466817,62600479,10.496578779702052,13275,10700.8,492.987,1.03796,ATTGTGGGCGACTCGGCTAATGGCGTCGGCGAGTCTTAGGGGCCTGGGGAGCTGGCGCTGAAGCTTCTTGCCAGGTTGGCTGGTGACACCCGGTGTGGCTGGGCCCCGCGGCAGCGGAGGGACCTGCCCGCCTTGTGGGTTTCTCGGCCAGAGTCGGCGGAGCCTAGCGGGACGGTGCGACTGCGGGGGGCGCCTCCGAGAAAAGCCAGAGGTGTTGCGGGGAAGCTGCTGGGGGACGCTCGAGCAGGCTCCGGGTTCGCAGCCCAGGGCCCAAGAAGCGGGCTGCTGAAGGACCAGAGACACCGGGAGGGAGCTGCCTGTGGCCCTAAGGAGCTGACCGTGCCAGAGCTTGTTTGTACCTCTCGGAAATTGGCTGGGACCTTGGAGGATC,10.112700662551593,3.3380964246868317
5615,ENST00000261234.10,ENSG00000118600.11,TMEM5,63779803,63809558,13.733014878842328,1918,1475.58,242.102,3.69656,GCGTGTCCGGGGCGGGGCTGTACCGGGCGCTGGGCGGAGGAGCCTTGGCTGGGGACTGCCTGGAAACGGGCTGGGCCTGCCTCGGACGCCGCCGGTGTCGCGGATTCTCTTTCCGCCCGCTCCATGGCGGTGGATGCCTGACTGGAAGCCCGAGTGGG,3.7150796629413096,1.8933931469948646
5616,ENST00000332707.9,ENSG00000184575.11,XPOT,64404350,64451127,47.76259370749852,6414,5444.0,5714.19,23.6482,GAGTTGTAGGCCTCCGGCGTCAGCCCGCGGGCTGCCGCCCGCACTCTCCAAGAGACTGCTGGCGCCGGCGCCCGCCCGCGCGGCACCGACGCGGGGAGCGCGCTTCGCGCTGACTCAGCGGCGGCGGCGGCTGCGGCGGCGGCGGCGGCGTTAGCCGGCCCTCGCGCTCTTTCCCTTCCTGGGGCGCCGACCCCGCCCGCTTGCTTGCTTGCTTGCTTGCCTGCCTGCCTGCCTGCCCGGCGCCACGCAAGAGAAGGTGCCAGGGGACGCAGAGCGACTAGAGGCGCGCGGTCCCGGCCAGCACCGTCTCTGGCGTTGTAGCTGCGGCCGTGGCGGAGGACTACGGCGACAAGGACGAGGGCCGCTCTCCCAGCTCTCTGCGTGCCGCGCCGCTCCGCTCCGCTGGCTGACCATCTGGAGTGCAGGCTGGGAGGCGGGATGGAGTGATAGGGAAGATGTTTATAAATTCTTCTGTGGGATCAGAGGGCACGCCTATTACAACCAGAAAACTACAAGTATAACAGCGAGG,2.0197137079142817,1.0141508071135328
5617,ENST00000331710.9,ENSG00000183735.9,TBK1,64451880,64502108,32.219060781520845,3256,2525.78,777.704,6.93715,AATCCCAATTACTGTGTTCGCTGCTCAGGGCTCCTCATTCCCCTTTAGAGTAAAGGGCGAGGGCAACAGTGGACGGGGTGTCTCCAGACATCCCCCTCATTACCGTGGCCGCGGAAGCCGACTCGGCAGTTGCCGCCGCGGCTGTGGTGACTACCAGACGGGCCATAGGCGTGCGCACGCGCACCCGCACCGGCGCGCCGGCCGTCGGTCACGTGGCCTCCGGCCAGGGCTTGCGAAGCCGGAAGTGTCCTGAGTCTCGAGGAGGCCGCGGGAGCCCGCCGGCGGTGGCGCGGCGGAGACCCGGCTGGTATAACAAGAGGATTGCCTGATCCAGCCAAG,4.644423254725766,2.2154994536137407
5618,ENST00000542104.5,ENSG00000153179.12,RASSF3,64507001,64697567,27.897119974234272,3492,3543.04,646.333,4.11001,GCTGCATAAGGACTGCCCGGGGCTGCGCGCCGGGAACCTCGCGGGGCTGGCGGGCGCCGCACCCCCTCCCTGGCCGCCTGCGCCCCGGGGAGGCCGCCCGCGCGCGACGGGACCGGCAGC,6.787603916835792,2.7629023804537995
5619,ENST00000539867.5,ENSG00000111490.12,TBC1D30,64781193,64881032,9.030802340436,2594,2947.8,187.258,1.43122,ACGCCGCCTCCGTCTCCCACGCGCTCGCTCGCTCGCTCGCTCCCGCCCTCCCCGCCTCGAGCGATCTCCTGCCTCAGCCTTGCAGGCTCCGCACTGCAGATGCCTGCTGGCTTCCCTGCGCTCGGCGGCTCCCGCGGTGCCCCGTAAGTCCCCGTGACCCTCCAGCACCAGCCGGCTGTGCGCTCCCTGCTCCCACGGGCCGGTCAGCCGCAGACACTCACCCAGCTCCGCGAGCTCAGCCGCTCAGCGAGTGGGGTAGCGGGGACCGAGACGGACGGTAGCCGTGCCAGAGCCCGGGGCGCTCTCGG,6.309863152021353,2.657608716453298
5620,ENST00000308330.2,ENSG00000174106.2,LEMD3,65169571,65248327,40.80426631396515,4764,4466.17,1034.46,5.21844,AGCTTGTAAAACACCCTGGAGAGAAA,7.819246041722267,2.967029504679937
5621,ENST00000403681.6,ENSG00000149948.13,HMGA2,65824131,65966295,239.2252895690802,4473,4600.09,2833.86,13.8795,CAGCCCGGGATCCCCGGCCTGTCCCTTTAACCCCGCCGCCGGGCGGGAGCACGTGAGCGGGGCTCCGGGTGGCACCCGGGCGCCGCCGCCGCCGAGGCAGTTGTATTTCGAACGCTGCCTCTGGCTAGCAGCCAGGCGCCTTGGCTCGGCGGTCCGCCTGGCCTCCCTCCTCCTCATACTTTTCTTCCTGCGCAACCCCCTCCCCTTTATCCGCCCACGATTAGAGGTGGGCACTCCCCCCACCACCACCCCCTCCCCAAGCGCAAGCGCGTGCACGCACACACACCACACACACTCACACTCACACACACTCACACACACTCATCCCACTTGAATCTTGGGGCAGGAACTCAGAAAACTTCCAGCCCGGGCAGCGCGCGCTTGGTGCAAGACTCAGGAGCTAGCAGCCCGTCCCCCTCCGACTCTCCGGTGCCGCCGCTGCCTGCTCCCGCCACCCTAGGAGGCGCGGTGCCACCCACTACTCTGTCCTCTGCCTGTGCTCCGTGCCCGACCCTATCCCGGCGGAGTCTCCCCATCCTCCTTTGCTTTCCGACTGCCCAAGGCACTTTCAATCTCAATCTCTTCTCTCTCTCTCTCTCTCTCTCTCTCTCTCTCTCTCTCTCTCTCTCTCTCTCTCTCGCAGGGTGGGGGGAAGAGGAGGAGGAATTCTTTCCCCGCCTAACATTTCAAGGGACACAATTCACTCCAAGTCTCTTCCCTTTCCAAGCCGCTTCCGAAGTGCTCCCGGTGCCCGCAACTCCTGATCCCAACCCGCGAGAGGAGCCTCTGCGACCTCAAAGCCTCTCTTCCTTCTCCCTCGCTTCCCTCCTCCTCTTGCTACCTCCACCTCCACCGCCACCTCCACCTCCGGCACCCACCCACCGCCGCCGCCGCCACCGGCAGCGCCTCCTCCTCTCCTCCTCCTCCTCCCCTCTTCTCTTTTTGGCAGCCGCTGGACGTCCGGTGTTGATGGTGGCAGCGGCGGCAGCCTAAGCAACAGCAGCCCTCGCAGCCCGCCAGCTCGCGCTCGCCCCGCCGGCGTCCCCAGCCCTATCACCTCATCTCCCGAAAGGTGCTGGGCAGCTCCGGGGCGGTCGAGGCGAAGCGGCTGCAGCGGCGGTAGCGGCGGCGGGAGGCAGG,17.23587229864766,4.107342409495509
5623,ENST00000247815.8,ENSG00000127311.9,HELB,66302545,66347645,7.989395876526913,12866,11909.9,589.222,1.11464,CATGACCATGCAGTTAGCCAGGGTTTTCCCGAGTTGTTTGGGTTGAGTTCAGGAGAAGC,7.1676917000349105,2.841508584884886
5624,ENST00000545606.5,ENSG00000111530.12,CAND1,67269281,67319951,178.02088101399417,11251,9700.06,2556.7,5.93838,GTGAACTCTGACCTTAGCTTTCCGTAGCGCCCGCGTCTGCCGCCCCCGCCCCCGGAGCGAAGGAGGCGGGCTTTGGCCTTTTGCCCTAGGGAGCGAGTGCGGAGCGAGTGGGAGCGAGACGGCCCTGAGTGGAAGTGTCTGGCTCCCCGTAGAGGCCCTTCTGTACGCCCCGCCGCCCATGAGCTCGTTCTCACGCGAACAGCGCCGTCGTTAGGCTGGCTCTGTAGCCTCGGCTTACCCCGGGACAGGCCCACGCCTCGCCAGGGAGGGGGCAGCCCGTCGAGGCGCCTCCCTAGTCAGCGTCGGCGTCGCGCTGCGACCCTGGAAGCGGGAGCCGCCGCGAGCGAGAGGAGGAGCTCCAGTGGCGGCGGCGGCGGCGGCAGCGGCAGCGGGCAGCAGCTCCAGCAGCGCCAGCAGGCGGGATCGAGGCCGTCAAC,29.978021112490975,4.905833247171717
5625,ENST00000344096.3,ENSG00000127334.10,DYRK2,67648338,67665406,24.39185745612664,8912,8162.64,1082.38,2.98754,GTGTGTGAGTGCGCGGGGGCGCGCGCGCGCGGGCCCGGGAGAGGCTCCCGAGCCAGGCGGTCTTCGGTCCTCGCAGCGCTTCCAGCTCCCCGCGCCCCTATGTGAGGGAGACGGGGAGGCCCGCGGCGCGCAGGGGAGGGCGAGGCATGTGCACGGGCCGGAGGGTGCTGCAGCCGCCCGAGGAAGAGGAGGACGGCGGCGAGGAGGAGAGCGGGGGGCTCGCGGCGGCGGGCCCCGGCCGAGGGGATGCAGTGGACTGTGTGTGTCTGGCTGTAGCAGACGCGAGGCGGCGACGAGGCGCCGGGGACCCGCGCGAGGGGCGGCCGGGAGGCGGCGGCGGCGGCCGCCAGAAGTAGCAGCAGGACCGGCGGCGGCGACGGCAGCCCTGAAATGCATTTTCCTCTCCAGCGGCC,8.164529163166565,3.0293696900061162
5626,ENST00000540209.5,ENSG00000127314.17,RAP1B,68610839,68671901,1.193975935473614,1264,794.98,137.828,3.9061,AGGCGTGTAAACCAGCCGGAGCGGCGCGGCAGCGGCAGGACCGCCGTGGCGCCTAGAGTAGCGACCCGGGGGGAGCGCGGGGCGACGCTGGCTGCAGGGACCCGGTGACAGCGTGAGAGGTACTAGGTTTTGACAAGCTTGCATC,0.30566957719300936,-1.7099551246608282
5627,ENST00000258149.9,ENSG00000135679.22,MDM2,68808176,68850686,135.60166567051397,12633,11950.4,3582.78,6.75459,GGGGCGCGCACCGAGGCACCGCGGCGAGCTTGGCTGCTTCTGGGGCCTGTGTGGCCCTGTGTGTCGGAAAGATGGAGCAAGAAGCCGAGCCCGAGGGGCGGCCGCGACCCCTCTGACCGAGATCCTGCTGCTTTCGCAGCCAGGAGCACCGTCCCTCCCCGGATTAGTGCGTACGAGCGCCCAGTGCCCTGGCCCGGAGAGTGGAATGATCCCCGAGGCCCAGGGCGTCGTGCTTCCGCGCGCCCCGTGAAGGAAACTGGGGAGTCTTGAGGGACCCCCGACTCCAAGCGCGAAAACCCCGG,20.075484325549585,4.327362888390347
5628,ENST00000435070.6,ENSG00000111605.16,CPSF6,69239537,69274358,63.413601330639786,6616,5507.99,2288.35,9.36032,CTCGGAAGTGACGCAAGCGCCCCCCCACCGCCGCTAGATCCGCTGCTGCTGCCGCGGCGGGCAGACCTGCAGGAGGCGGCGGCGGCGGCGGCGGCCGAGGCTGAAGGAAG,6.7747257925626245,2.7601625544789243
5631,ENST00000247843.6,ENSG00000127337.6,YEATS4,69359703,69390796,90.6885686355708,1434,945.026,890.913,21.24,CGCGAGCCCGTTGCGCCTGCGCGCGGTGCGGCCGTCGCCCCTCTTTTCGCGGCGTTCTCCACCTGCGCGGGCCTGAATGGCCTTCAGGAGCACAGTCGGCCTGAGGAGTTGACGGTTACTCACCGCCGTGAGCCCAAGTAACTCGCCCTCCTTCGGCTAGAAACCCTCCGCCTGGGCCCGCGCGACAGGAGCGCGGTCTCTGAGGGGAGCGGCGACCCCGCCAGCCCCGGTCTCTTTCCCTGGCGGCGGCGGCTTCTTCCGTGGGACAAT,4.269706621260396,2.094136943243022
5632,ENST00000549921.5,ENSG00000166225.8,FRS2,69470349,69579789,9.183683961426649,1952,1766.05,106.026,1.35261,GGAAGTGCTTTTCCAAGATTCGGGCCGGAGAGAGGCCTTGTAGGCACAGCGGCTGAGACTCGATCTGCTCCAAGTAGGGGCTCCAGCGCGGGTCGGAGTCTGGGGGTTCGCGCCCGCCGACCCGCGCCCTGCTCCCTCTCAGCACCTGGGCGGACGAAATGACCATTAAGAAGTAGATGCCCAGATGCAAAAGTGATGAAACAGTCCATTTGTCATAAAGTAAGATGCAGCTGTGGCATGTCAACCAGCTTGGAACAAAATTGTATCTGTTTTTCTCAGAAGAGAATTCCACAAGGTTAAATCAGCAAACAAAGAAAACATGGTATTTTGAAATATGATTAAACTCCTGATGCTGCAGCAGAGGCTAAGAATATTAATGGCCAGATCTAGTGCACACATGGTCTTCTGAAGAAGCC,6.78960229587734,2.7633270704097015
5633,ENST00000299300.10,ENSG00000166226.12,CCT2,69585334,69601570,677.9462245335015,2041,1791.89,6252.41,78.6139,AGTGTGAAAGGCTGCGTTTCCGGCCCGTGGGGCTCCAATCAAAATGGGACGCCTGCTGGCGGTAACGACAGGCCGGGGCCCCGCCCCCCGAAGTAGGGCGTGTGGCGTCACTTCCGGCTTCCTTCAGTCCGCTGGTCCCGAGCACGAGCTGTGAGGGGATTCACTTGTGTGCGGAACTCCTCGGAACC,8.62374496791918,3.10831451355439
5634,ENST00000258111.4,ENSG00000135643.4,KCNMB4,70366276,70434292,11.74335570069324,4731,4772.76,221.138,1.04389,GCTCGCCCCAGCTCAGACACTCCTAGCCTTGGGGCAGCTGCCGGGCGAGTCAGCGGAGTAGCGGCCAGCGGGCGATGGAGACAGAGAGACACCCGACGAGAGGAGGCGGGGTGGGGGAGGCGGGGAGAGTGCGGGGGCGGAGGCTGGCAGGGGGCGCTGGAAGCTGGAGCGGTCCGTGCGCTCCCCGCGCCCGAGGGTGCAGGAGGCTCTGAAGCGGCTGCTGCACCGCGGGGCCCAGGCGGCGGCTGGGGGGCTGGGGGGCGCTGCCGCCGCCGCCGCCGGGGGCGTCGCTGGCCTCGGCCCCTTTGTTCTCGCGCGCTCCCCCTCGCCGCCCACTCCCCTGCTGTCGCGCGGCGGCGGCGGTGGCGGCGGCGGCTCCTCCCGCCCGAGGCAGTCGGGCTCGGCGCCGGGGGCGGGAGGGGGCGGGGGGAGCACGCCAGCCGCCGAGAGTGGGGGGCG,11.249610304431732,3.4918031210762153
5635,ENST00000266674.9,ENSG00000139292.12,LGR5,71439770,71586310,27.936288608679288,4611,4369.39,612.174,3.15657,AAAAAACGAGCGTGCAAGCAGAGATGCTGCTCCACACCGCTCAGGCCGCGAGCAGCAGCAAGGCGCACCGCCACTGTCGCCGCTGCAGCCAGGGCTGCTCCGAAGGCCGGCGTGGCGGCAACCGGCACCTCTGTCCCCGCCGCGCTTCTCCTCGCCGCCCACGCCGTGGGGTCAGGAACGCGGCGTCTGGCGCTGCAGACGCCCGCTGAGTTGCAGAAGCCCACGGAGCGGCGCCCGGCGCGCCACGGCCCGTAGCAGTCCGGTGCTGCTCTCCGCCCGCGTCCGGCTCGTGGCCCCCTACTTCGGGCACC,8.850204053348822,3.1457107188522064
5636,ENST00000266673.9,ENSG00000139291.13,TMEM19,71663009,71705046,43.10612219710512,5656,5166.04,754.52,3.2906,CACAGCGGGCGAGGCGCTAGAGGCGGGGGCGCCGGGAGGCGCGGGCTTTGCTCCTGGGGTCTCGGCCTTGGCCGGCTGGACCTGACCCTAGGGCGGCTTGCGCAGCTGTCGGGACGTGACTGCGTTCAGCCGCGTCGGGCGTGCTTCCCAGACTTGCCCAAGTTCGGGTGCCCTAGCTGCCCCTTTGCAGCCGCTGGCCTACCCGGCCCGCGGGTGAGAAGGTTGCGACGGGAGGTGGGTGGAACTCGCCAGCGCCGGGACCGCGGATTGGCTGCCTCGGCTTTCTCTTTTCCCCGTGGGCTCCGGCGTGAGGCGCTGAAGCGGCCGGCAGCCGGCGACCGGCCCTCACCGTCCGCCGGGTTGCGCTCTGCTTTTGCGGTGAGGCGTTGACCACGCCCATATGAATTGGAGCTCTCCGCCAGTAGGAGTTTCCGGAAGGAGTTTGAATTTTTGTGATTTTTATGCTTGTTTGGTCGGTGGAATATGTTGGGATTTATGTTTGCCTCTGAACAAGTGTCTTGCTCACATCGTAAATGACTTTCTCTCCGAAACGCTAAATATTCTTTCCCGCAGGAGCTCATATCCTTATTTTCC,13.099775784691278,3.7114702137430453
5637,ENST00000261263.4,ENSG00000080371.5,RAB21,71754874,71800285,113.74421056123752,15546,12766.3,908.573,1.60346,GAGACGCCATTAGAGGGAGGCAGAGAGGGATCGTTCTTCGCTTTTCCTCCGGTGCCTGACGTGGTGGGCTGGGGCCCTTCATTCTCGGACTTTCCCTCAGCCCTTCCAGGCCTCGCCCGAGGAGGGCGTGGGGACAGCGCCCGGGTCGGCGGGGCCGGGGCGGTGGGGGCTGAGCCGGCCGTGGCTGTGAAGGCGCTGCCGCGGCTGTCGGGAGGGCGGCGCGACACTCGGGCTCGGGCGGCCGGGAAGCGACGGG,70.93673092015861,6.148460940892809
5639,ENST00000485960.6,ENSG00000121749.15,TBC1D15,71839707,71927248,36.95679807765864,2489,1823.61,376.123,4.64685,ATTACCAGGCACGCGCAGGAAAC,7.9530860857696375,2.991514787026012
5640,ENST00000519948.3,ENSG00000253719.3,ATXN7L3B,74537827,74545430,269.8458193618848,7604,6505.71,1603.68,5.55372,AGAGGCCCAGGAGGCTGGGTGAGGCGCTGAGACGGTTTGGCGGTGAGTCCTGGGCCAGGCGCAGCTGAAAGGCCCGCAACCCGGGAAACGTCAAAACAAACAGAAGGACTTGGGATTCCGGAGCAGTCGCCCCTATCGCTGCTCCTGCAGTTGCGGACGCCACCGACCCCGCCGCCGGAGGACTGGGCACTGAAAGGCCTCTAGGCCTAGGCGCGGCCCGCGGAGCCAGACGTGTTGCTGCCGTGAGTAAAACGAGCGCCCTCTCCGCACTCGTTTACAAATTAAA,48.588301059809424,5.602537082900515
5642,ENST00000426126.6,ENSG00000186908.14,ZDHHC17,76763588,76853696,17.601791445532633,5259,4637.49,533.112,2.58998,TTGTATCCATGTTTTTCCGGGCGTCCCCCGGAGGGACAGGTTGCGGGTGACCTTTTCAAGTGTGGAGGAAAGGGAAGCTGCTTTTGTCTTCAGGAATGATGCAGGTCTCGACTCAAGCCTGACGGGCCCAAACCTCCCTGGAGCTGGCTGACGACTCTGCCCGAGTTCCTGAAGAGGGGTCCCGGGGGTCCCGGAGCGGAAGTGGGAGCGCGTGGGCGTGGGCTCCTCGGCTGCCTGGGGCTCCAGACTTGTGCTGCGTGCGGCTCCGGAGCTCTGTTCTCGCTCCTGAGCAGCTGCTAGGTTTCCCAAGCGACTGTCTCAACCGCCCGGCCGCCTCCCCCGGGCAGCCAGAGCTTCACATCTACCTCCAGCCGGGACCCGCCCCCGAGCCGCGGGGCCCACGCCCAGAGCCCTCCGCCGTCCCCAGCGCAGTGCAGCAGAGCGCGATCCAGTCTGGGGCCGGGCCGCGCTTCCGCGCACGCGCGGAGAAACCCGCGCCCTCCGAGGGGGGAGGGGACAGAGGGGGCGTCACGGGGGCAGGAGAAGAAGGAGGAGGAGGCCCGCGTCGCCTCCGGCGGGGCTCGCGCTCGCCCCGCGCTCGCCCTCCGCCTCGCCCGAGCCCCGGGAGGGTGAAACGCTTTCTCCCAGC,6.7961109527998795,2.764709406045897
5643,ENST00000316824.3,ENSG00000180318.3,ALX1,85280107,85301784,13.72266167449152,1445,1365.72,138.0,2.27657,GTATTAAAGGGACCGGAGCGGGGCAGTTCCCGACGCCGCAGCGCTCGCTTTCCCTTCCCTCCTCTCTGGCCCTCCCTCCTCCCACCCACTGGCTCCCTCCCCCAGCGCTCTCCAGTTTCTGTGCCCCAGGAGCTACGCGACAGTCTTCCAGGATT,6.027779367421832,2.5916266114692936
5644,ENST00000256010.6,ENSG00000133636.10,NTS,85874295,85882992,25.1172356634128,1237,729.632,132.0,4.07598,AGTTCACTCACTTTCAAAGCCAGCTGAAGGAAAGAGGAAGTGCTAGAGAGAGCCCCCTTCAGTGTGCTTCTGACTTTTACGGACTTGGCTTGTTAGAAGGCTGAAAG,6.162256847043606,2.623458816137982
5645,ENST00000356891.3,ENSG00000133641.17,C12orf29,88033846,88050160,70.5010894825962,2919,1785.61,574.816,7.25276,GAAGGCGCCGCGGCCAGGAAGCCGCTTCTGGACGGGCGTTCCCGCCCCTCGCTGGGCTTGGTAGTTGGGGCGCAGCCGCGGTGGCTGGGCGCGGAGTGTGCGTGGCCTGAGCCGTGCGGGTGACTGCTTCAGGGCTTCTCCGCGACTGGACCGGGCGCCGCTCGAAAGCACGCCCTCCATTCGCACTGCTTGTTGGGCTCATC,9.720587677325073,3.2810435374455738
5646,ENST00000266712.10,ENSG00000139324.11,TMTC3,88142296,88199887,51.42907523856859,7203,4819.87,2055.87,9.60997,ATGCAACGCGTAAGACTGCGACGGTACCGGGGCGGCGGGGAAGGACCGAGAGGCGGGAGGAGCAGCGGCTCAGGCGCCTGCAAACTGGTGGCCTGAACGAGGTAGACCATGACTGTGGTTTCAGTGGCGTCACTCGCTGGGCTGCTCTTCCTGAGGTTTTCCTAAGCCATCCCCTGGCGGAACCGCCCCCAGTTTTTGTCCAGAAGTGCTTATAGAAAAG,5.351637438885719,2.4199803800228303
5648,ENST00000549982.5,ENSG00000198015.12,MRPL42,93467488,93516213,597.2985296887204,15582,13525.4,1709.68,2.84792,GCGCAGCGCTGTTTCGTGGGACCAGGATTGAAACAAGATGGCGGGTTCGTGGTGAGAAGCCGTCAAGGAGTAGAAATTGGTATGCTTAGAAGCAGATTCTAAAAGCAGTTTCTCTTCAGAACATCTTTTTTCATACCACTTGATAAGCATCTTGAAACACC,209.73149866875488,7.7123997396240815
5649,ENST00000332896.7,ENSG00000169372.12,CRADD,93677375,93894840,16.583550516993714,1169,1101.93,84.1195,1.71991,GCCATTAACAAAGATGGTGCTTATGGGGCAGGTTCCCTAACAGTCAGGATTCCGGTTGCAGTTTTTCTCCCCCGCCCCAAAGATACGTGGTTGCAGACGGAGAA,9.642103666467266,3.2693479408619623
5651,ENST00000547997.5,ENSG00000028203.17,VEZT,95217746,95302790,23.005765763527428,3002,2544.13,413.805,3.66453,CACGGGACGGGCAGGAGCTGGAGCTCCGTGCCGCCTGTACTCCCGCCTTCATTTCCCATCGTGCTGAGGCGGGTGGCATGGCGGAGAAGG,6.277958091086013,2.6502953981484154
5654,ENST00000323666.9,ENSG00000111142.13,METAP2,95473520,95515839,153.6252027518358,3601,2889.49,1272.31,9.92054,GCAGTCGGGTCTGGCCCCAGTCGACTCCAGCCAGGCGGGGCTCCAAGCCGAGACTCCTGCACGCCCGGCCCGAAGCTAGCCCGACACCCTCAGCTGAGTCCTCCGCCGTCCCAGCATTCCCTGCGTCCCTACCATCGAGAGCAGCTTCCGGCGTGGCTGGTGTAGGCGGGTGGAGAAGGATCGGGGCCCTCGCCGCTCTGTCTCATTCCCTCGCGCTCTCTCGGGCAAC,15.485568603305442,3.952852452140069
5656,ENST00000266735.9,ENSG00000139343.10,SNRPF,95858928,95903828,927.3955872245082,1389,840.764,1501.91,40.2468,GGTGGGAGGTGAAAGGTCATAGTCCTGTTTGGCGGCCATTTCTCTTGAAACTGCGGCTCGGGACCTGCGGTACCTGCTGTAGTCACGAGGGACGGGCGGCGGCCTGGTCGGCAGAGAGTAGCCTGCAACATTCGGCCGTGGTTACG,23.042716122139105,4.52623887698816
5657,ENST00000228741.7,ENSG00000111145.7,ELK3,96194382,96269835,3.457281572443806,4205,3909.69,447.231,2.57722,TGGGCGGCCAGCCCCGGCGCACAGCCGCGGCCGGGGCGCGCGGCGCGGGGCGGAAAAGCCTGTTTACACAGACTGCACACCGCCTGGGGAATAATGCAGTAAAGGAAGTGAGCCGGCTCGGCCTGACTGCTCCAACTTCCTGCTCTCACACACACCAGAGGGGAAAAAAAAAGAGGAGCGAGAGAAAGAAAAAAAGGGGGAAAAATCAGGATCTCATTACAAGAGCCACAGACCGTCTGCAGACGCCTGTCAGCATGGAAAGTCGGGGGCTTTCGCCCGGGTCCTCCTAGAAATTCCCCCCGAAGAAGACTCCCCCACATCTGGGT,1.3414770847827528,0.42382241057857145
5658,ENST00000266742.8,ENSG00000139350.11,NEDD1,96907223,96953777,36.31101815921079,4046,2777.42,456.043,3.69935,GAAGTTTAACAGTCCAGGCGGGAGCCGGAAGCCCAGCGCGGAGCCGGCCGCGGCCCCCTGTTGTGTTGCTGCGGAGAGGTACTTGGATGCATTTTACAGGTTAGCCTCACTTGAGCTGTTGTCCTGCAAGTAAAGTGTATTTTTGGTGATTGAAAGTTGGAGAACTTTCATTTCAGCTGAGTGGTGTAGTTGAATTGGTTCCTGTAGCCGCTGTCCCTAAACCCAGGCCGACGTTACCGCCTTGTGTCCTGACTGCTAGCTTTCGACGGGACCGTCTTTGAGGGACTCATGTAAAGTCTCTCCCTTAATGCTCAGTTCTTAGAAGACCGAGGCGCAGTC,9.815513038563745,3.2950636766418304
5659,ENST00000556029.5,ENSG00000120802.13,TMPO,98515512,98550379,234.05719593565183,4242,3641.95,4736.55,29.3015,CGCGAGCCGTCTCGCCAATCACCGCCGCGCTTCCTCCCGTCGCCCGCCAATGGCGGCGCGCGTTCTTGGGGCGTGGGCGAAGCAGGCTGCTCGCCTCCTGCCTGTAGTGTGTGGGCTGGGGTTGGTGCGAGCTTCCAGCTTGGCCGCAGTTGGTTCGTAGTTCGGCTCTGGGGTCTTTTGTGTCCGGGTCTGGCTTGGCTTTGTGTCCGCGAGTTTTTGTTCCGCTCCGCAGCGCTCTTCCCGGGCAGGAGCCGTGAGGCTCGGAGGCGGCAGCGCGGTCCCCGGCCAGGAGCAAGCGCGCCGGCGTGAGCGGCGGCGGCAAAGGCTGTGGGGAGGGGGCTTCGCAGATCCCCGAG,7.98789126616903,2.99781469447112
5661,ENST00000401722.7,ENSG00000075415.12,SLC25A3,98593591,98606379,645.2068081899332,6087,6091.41,274.604,1.01567,ACCAATGGGCGACGCGTACTTGCAGTGGCGCGCTGTGTGCGTCACGCCGACGACGCGCGAAGGGCACACATCTTAGGACCCGGAGGACGTCCGGCCTCTGTGAGCCGCAACCTTTCCAAGGGAGTGGTTGTGTGATCGCCATCTTAGGGA,635.2524030343843,9.311186117494097
5662,ENST00000357310.5,ENSG00000120868.13,APAF1,98645141,98735433,6.934490041050699,7055,6248.84,490.398,1.76812,AAGAAGAGGTAGCGAGTGGACGTGACTGCTCTATCCCGGGCAAAAGGGATAGAACCAGAGGTGGGGAGTCTGGGCAGTCGGCGACCCGCGAAGACTTGAGGTGCCGCAGCGGCATCCGGAGTAGCGCCGGGCTCCCTCCGGGGTGCAGCCGCCGTCGGGGGAAGGGCGCCACAGGCCGGGAAGACCTCCTCCCTTTGTGTCCAGTAGTGGGGTCCACCGGAGGGCGGCCCGTGGGCCGGGCCTCACCGCGGCGCTCCGGGACTGTGGGGTCAGGCTGCGTTGGGTGGACGCCCACCTCGCCAACCTTCGGAGGTCCCTGGGGGTCTTCGTGCGCCCCGGGGCTGCAGAGATCCAGGGGAGGCGCCTGTGAGGCCCGGACCTGCCCCGGGGCGAAGGGTATGTGGCGAGACAGAGCCCTGCACCCCTAATTCCCGGTGGAAAACTCCTGTTGCCGTTTCCCTCCACCGGCCTGGAGTCTCCCAGTCTTGTCCCGGCAGTGCCGCCCTCCCCACTAAGACCTAGGCGCAAAGGCTTGGCTCATGGTTGACAGCTCAGAGAGAGAAAGATCTGAGGGAAG,3.9219566777428567,1.971573599489589
5663,ENST00000552376.5,ENSG00000075089.9,ACTR6,100199122,100241865,2.829807601896712,1659,1006.37,182.774,4.09182,CTGCGGTGTGGTTGGTGGTGAG,0.691576756039296,-0.5320387142101918
5664,ENST00000360820.6,ENSG00000136021.18,SCYL2,100267140,100341724,19.24219031559563,5779,4315.79,1020.25,5.32609,GAAGAAGGAAGAGGTAAGTGACCGGCCGCCGGCACCGACCGACCTCCCTCACCGGCGGCTCTCTCGCCTGGGCTCCCGGAGCCGGCGAGGAGGGAATGGAGGACTCGCGCCCGGGTTAGGCCTCCCAGGGCCGCTCAGGCTGGTGGGTGTTGCCTGGTGACGGGCCTGCCGGCGGCCGGCCGGGCGATCGGCGGTCGGCGCCCGCGCAAAGCGGGGCTGGACGAGCAGCGAGCTCCGGGGAGCGGATCCGAGAGGGCCGAGTCCTCGAAAGAGGCCTTGAGGCGACGGGAGACCCGGGATCGAAGTCAGCTGCCGGAGGGAGAGCCCCCCATGCCGGCTCGAGAGCTCGGGTTTCGGTGGTGGAGAACGTAGTACCTTTCGGGGACATTGGACACTACTCTAGGACCGGGTAACTATAACTACCCAATATTGCAGCC,3.6128173417264127,1.8531243162575002
5665,ENST00000547754.5,ENSG00000139354.10,GAS2L3,100573683,100628286,8.940637750730554,2340,1990.03,89.1333,1.00912,GTCAGGGGCGTGTTGGCCCCGCACAGATTGAGCCGAGTTGTCGCCCCGCTGGGAGAAGTGACCCTCCTGCGCCTGATCAGAACACTGAGGCTCAGAGAAGTTAACTACTCCAAAGTCATATAGCCAGTATTTTCTGGAGCTGTAATTCAAATCAGATGTGTTCAATACCTTCTACTACCCCATTGCTGTCTTTATGAAAAGAAATTTCATTTCAATATAGGTGACT,8.859836045991115,3.147280001508948
5666,ENST00000261637.4,ENSG00000120800.4,UTP20,101280109,101386616,20.19223805479949,9025,8040.15,1905.26,5.3389,AGGCTCCTCCTTGTCTCCAACATGGCGGCGCCCAGGGGCTCAAGCCGCACGTGAGAAAGTCTGGGCATCTGGGAATCGGAGAGTATAGCCTGTGAGCCGCTTTCCCCTCCTTACTGTCGGTTGCATCCCTTCGACACTCCCGAGGCCGTCGCGGGCCACTGGCCCTCTGCAGCC,3.7820970714565716,1.9191863920322008
5668,ENST00000549128.5,ENSG00000111666.10,CHPT1,101696947,101744140,36.03465154096208,1552,1425.3,124.886,1.97411,CGGCAGCCGGGCAGGCCGGCCTGACCTCGACCTCCGCCGTGCGGGCCCGACCGGTGAGTCCAGCCCGGCAGTCGCAGGACCCGGCCGCCAGCCTCTCCCTCCACCTCTCCCTGCCCCCAGCGCCAGGCGCGGGCTGCGCTCGGTGGCGGCGGCGGGGCCCTCAGGCGGCC,18.25361886671061,4.190110608386133
5669,ENST00000327680.6,ENSG00000185480.11,PARPBP,102120185,102197520,31.69862449781776,3014,2074.46,499.373,5.42352,CCGCACACTGAAGAGTACGTCTTCGGGTCTACCCCTAATCACATA,5.844658911153229,2.5471188328756083
5670,ENST00000299767.9,ENSG00000166598.13,HSP90B1,103930107,103953645,458.9745754821876,2858,2446.8,14145.6,130.252,GATTGGTGGGTTCATGTTTCCCGTCCCCCGCCCGCGGGAAGTGGGGGTGAAAAGCGGCCCGACCTGCTTGCGGTGTAGTGGGCGGACCGCGCGGCTGGAGGTGTGAGGATCCGAACCCAGGGGTGGGGGGTGGAGGCGGCTCCTGCGATCGAAGGGGACTTGAGACTCACCGGCCGCACGCC,3.5237430172449375,1.8171087139106792
5671,ENST00000392872.7,ENSG00000139372.14,TDG,103965804,103988874,79.27788424714305,3251,2626.37,2349.83,20.1577,AGTACGCGTGGGATTTGGCTCCGAGGAGGCGGAAGTGCAGCACAGAAAGGGGGTCCGTGGGGGACGGTAGAAGCCTGGAGGAGGAGCTTGAGTCCAGCCACTGTCTGGGTACTGCCAGCCATCGGGCCCAGGTCTCTGGGGTTGTCTTACCGCAGTGAGTACCACGCGGTACTACAGAGACCGGCTGCCCGTGTGCCCGGCAGGTGGAGCCGCCCGCATCAGCGGCCTCGGGGA,3.9328834265388934,1.9755874244077751
5672,ENST00000229330.8,ENSG00000111727.11,HCFC2,104064457,104106524,4.273425040792399,5734,4634.94,315.728,1.53473,CACGTGACCCCAGCACAGCTGGAGGCGGGTCCCCGCCCTCCCCAGGGAGCAGCCGGTTGAGGCGGGAGCGGTGCATTGTGGGCAGAGGGGCGGGGGTTGGGAAG,2.7844800328347,1.477407947282566
5673,ENST00000549260.5,ENSG00000171310.10,CHST11,104455295,104762014,14.55533863975532,5696,6535.47,301.039,1.03778,ATATATAGATCGTTGGAGCGCAATGAAGTAGCCTTTGGAGAGAAGGGAGAGGGCCCGTCGGACAGCCACAGCGGCCAGCGCAGCGGCAGCGGCGGCGGCACCACCATCACCGCTCGCACCCCAGCCGCCCGGCCCGCGACCAGGCAGCGGCGGCCGCCGGCGGGATCGGAGGAGGCGGCGGAGCGGCGAGGAGGAGGAGCAGGAGCGCGCAGCCAGCGGGTCCACGCATCTCAGCACTTCCAGACCAACTCCGGCACCTTCCACACCCCTGCCCGGGCTGGGGGCTCCGAGAGCGGCCGCGAAGCGACTCCGATCCTCCCTCTGAGCCTTGCTCAGCTCTGCCCCGCGCCTCCCGGGCTCCGGTCCGCGCGGCGGGGTCCCTGCTCCTGCGCCCCGGGCGCGCTTCCCGGACACCCCGGTCCCCGCAGCCAGGACAAAGCC,14.025456878871553,3.8099758622381135
5674,ENST00000552951.6,ENSG00000151131.10,C12orf45,104986310,105074197,115.67732110267812,23529,22864.1,1519.16,1.49697,TTTTTCCTGCATCCGGGCCTGAGAGTGCAGGCTTGAGGGAAGC,77.27430817095743,6.271916927726322
5675,ENST00000332180.9,ENSG00000136051.13,KIAA1033,105107324,105169134,23.37187388267785,5812,3992.27,983.559,5.55064,AAGTCACGTGCTGTGACAGTAGCTGGGGTGAGGCCGTCGTCGCCGCACGGGCTGGTTGGGGCTGTGTCTGTGGGAGGCGCCGGGGTG,4.2106628934101025,2.074047377650607
5676,ENST00000443585.5,ENSG00000235162.8,C12orf75,105235290,105396097,40.913958764558245,1366,1079.14,478.412,9.98818,GGGTGGGTCCGGCGGGTCCCCGGGCGGGGCGGGGCCGGGGCGAGGGGTGCCGGGTGGTTTCCGCCCGGCAGCCCGCAGCCCGCTGCGCCCCGGGCCGCGTCTCCCGGCGGTGGGAGGGGGCGGCCCCCACTCGGTTCCTGGCCCCTCGCGGCCCCGTCAGCCTCCCGCTCGGGGTGCGCCGCCCTTCGTCTGGGTCTCCGCCCCCAGGACCCGCGGCCGAGAGCTCCGGAGCGCGGCTTCCCCGGCCGGCTGCGCG,4.096237629333697,2.0342994108254957
5678,ENST00000299045.7,ENSG00000166046.10,TCP11L2,106301929,106347015,11.82402897511322,2219,1864.25,162.623,1.96535,GGGACACTGGGGCTGGGGGGGTTTGTTGGGCTGGTGAGTTTTCGAGGTGACTGTGCTGTGCTCGGTGAGGGGACGCCCAGAGAGCCCTGACCCGGGGTCACTCCGTCGCCGTTCTCCTCTTGTCTACGTGCTGGACCCGGTGCTACCTTTTTACCCACACTTAAGTGACGCAAA,6.0162459486163895,2.588863546669182
5679,ENST00000228347.8,ENSG00000013503.9,POLR3B,106357658,106510198,19.03661063140951,4273,4106.75,782.453,4.29261,ACCAGAGGGCGTACTTTCCTTACTCGGCCTCGGCCACATCCGGGTTCCACCGCAGATTCGGGCAGGGAGCGGGCGGAACCTTTCTACCGCGTCTCTAGCTAACACGCACGGCGGGGACAGTTTAGGCCTCCGCGCACCGTTCGCCGGGAGTCTTGCAGTTTGCTTGGTGCAGGGAAGGCGGGCGCGGAGGTTCTATCTGTTTCTTCCTCCTTCGTGAGCAGC,4.4347403168257795,2.148849627728964
5680,ENST00000548125.5,ENSG00000151135.9,TMEM263,106955719,106978778,212.92366944293863,3349,2690.58,620.456,5.19549,GCCGGACCCTGCGAGAACGGGTGGGCGTGTGCCCGGTGGGCGCGGGAGGGGCCCGGGCTGCACGAGCGCGCGTGCGCGTCGGAACTGGAGCCGCGGGAGGAGGCGGGAGCTGAGGAGGCGGCGGAGGGGGCGGGTCGCGTCGGGCGCCACGTCCGCAGCCAGAGGCCTCCGCCTCCACCACCGCCGCCACAGTCTTCCAGCTCCACATCCTGAGAGGACGCCTCTGGAGCCGCGACTGCCCGGGGTTGTGCCGGCCGCCGCTGCCGCCCAGGCCGCCTCAGCTCTCCTCTGCGCCGGCCCGCTCACTCCGCCCGGCCCCAGCCCTAGCGCTGGCCGCGACCCCGGCGGAGATC,40.98240386237653,5.356932704385789
5681,ENST00000412830.7,ENSG00000136045.11,PWP1,107685732,107713167,101.2466132601717,2621,2326.25,1744.36,16.8944,AGAATGACGTCTGAAATGAGCGCCGACGCTGCCCAAACAGGAGCCTGCGCATGCGCTCTGCCCTGGCAGCGGCCCTGTGCAGATCCCTGAGCGTGTGGCAGCAGTGCGGTCGTGGTCCCTCCCTATGCAGCCTGGTTTCTAGCGTGACACGCCCTTGACTTGAGGACC,5.992909677773208,2.583256630472562
5683,ENST00000392807.8,ENSG00000136003.15,ISCU,108562582,108569384,22.39644632238309,1069,897.313,88.4266,2.22025,AGGCGCAAGCCGGCAAGATGGCGGCGGCTGGGGCTTTCCGTCTGAGGCGGGCGGCATCGGCTCTGCTGCTGCGGAGCCCCCGCCTGCCCGCCCGGGAGCTGTCGGCCCCGGCCCGACTCTATCACAAGAAGGTATCTCAAATCTGTGAAGTATTGTAGAGGAGACACAAAAGGAATTGGGGGTCACAA,10.08735337118932,3.33447579766472
5684,ENST00000257548.9,ENSG00000135093.12,USP30,109023089,109088026,13.873831661554792,3742,3962.96,443.766,2.52288,GTTCCGCTGTCTCGGGAACCGTCGTATCCCTCGGTCCGGCGGCGGCGGCGGCGGTAGCGGAGGAGACGGTTTCAGGCCTCCGGTGCGGCTGCA,5.499203950070869,2.459222793109145
5685,ENST00000242576.6,ENSG00000076248.10,UNG,109097574,109110992,123.48638467831182,2071,2277.0,1796.31,17.7738,GCATGCGCGGGCCGCTTGGCGCCAATTGCTGACCGCCACAGCCACAGCCAGGGCTAGCCTCGCCGGTTCCCGGGTGGCGCGCGTTCGCTGCCTCCTCAGCTCCAGG,6.947663677902971,2.7965279178414333
5687,ENST00000405876.8,ENSG00000139437.17,TCHP,109900264,109983841,10.576954724050998,3090,3512.89,336.974,2.16119,GGGCTCGTTGCCGGTGCAAACAGGGAGGAAACAGCCGGCGTTGCTGTAGCGCGTCTGGGAATTACACCGGGGGACTGGCCGGCCCGCTTCGTGCCTGCGGGAAGTCGGGCCGGGGGACTCTTCGGAAACTCCGAGCCTCAGAGAAAT,4.894042043527407,2.291026495313492
5688,ENST00000261739.8,ENSG00000076513.16,ANKRD13A,109999186,110039763,10.394820153411777,4148,4394.62,800.808,4.10552,CGGACCTCCCGCGCGCCCCGCACCCGACCGGCTCAGCCGGCCGGCAGCGTAACACGCCCTACGCTCGCTTGCTCGCCGGCCTCAGGGCAGGCAGGCGGGCGCGGGAGACCCCGCCGGGGCCGAGACTTGGGGCGGGCGACGAGGACCAGGTTACGGCCTCCTCGCC,2.531913168955888,1.3402279289112906
5689,ENST00000552912.5,ENSG00000122970.15,IFT81,110124335,110218797,26.720243928336576,2710,1808.48,414.353,5.16201,GTAACTCTACGGCCTAGCAACCGTTGCCAAGGAGCTCGACTCTGGGAGCGGTCTAGAGCCCGGGCGCCTCCTGGGGGGTGGGGAAACGGTTTCGTGAGGAGAATTTGAGTTAAAATTATAAGACCTAATT,5.176325487230085,2.371928336814357
5690,ENST00000539276.6,ENSG00000174437.16,ATP2A2,110280756,110351093,239.88804414405504,4094,4183.49,5323.26,28.6682,CCCGTCCGCGCCTGGGCTCCCGGGGTGGCACGAGCCCGCGGCCGGAGTGCGAGGCGGAGGCGAGGAGGCCGCGGGGACGGGAGGCGAGGCCGGCCGGGCCCCCGAAGCC,8.367740009629312,3.064838026937927
5691,ENST00000377673.9,ENSG00000204856.11,FAM216A,110468364,110490385,203.7367393592393,1582,1336.3,1047.7,17.6643,GAGAAACGCGTCCTGAGAAAAAAGGGGAGGGGCGAGGGAGAGGATTTGCGCGTGCGCAAAAGTAGTTGATGGAAATCGGCCGTTGGGATGCTGTCTAAGCTTGGATACCTGAGTAATAACGGACAACAGATAAAGCTCCGCATCCTTGCGCCACGTGCTTCGGTCCGTGGTTTGCGTGCAGACGTTTGACCTGTATGGTGACCCTCGCGATTTGCAAATGTGCTGAGGATCTGGAATACTGAAGTGGAAGGCACCTCTTGTTTTGGGGAGCATGTATATTTCCCTCCTGTGACGCACTGCTTCCACAGAGAGGTGCAAACGTGCAAACGCTCAGCGACCGCAGCGCTCCTGCCCCTCCCCCACCGTAACTCCGGGGTCGCGGATCTGCCCGCCCCGCTCTCCCGAAGCTGTTCGGGCAGTGTCCGAACGGCTTCGGAGGGGCGAGAAGCCAGCATCCGAGCCGCCTCTCCGGAATACCAGCAGCCTGACGCACGCGTGCTGTCGGGGGAGGG,11.533813361369502,3.5277976770850596
5692,ENST00000550703.6,ENSG00000204852.15,TCTN1,110614027,110649430,3.486785485750137,2149,1808.63,124.091,1.5458,ATCCGCCCCCTGCCTCATCCAGGCTTCGCCCCAGTCAGTCTCCGGCAGCTTCTCGCGGCTTCGCAAGCCCCTTCCCGTGATGCCCCGCGCCTGGCTGTCGCGGTTGCCGGGCAACGCGCTGTCCATGTCGCGGGCCTCGCTGGGACTCCCTGGGAG,2.2556511099431598,1.1735439379141397
5694,ENST00000261733.6,ENSG00000111275.12,ALDH2,111686056,111817529,72.30148500588906,9569,10861.8,546.623,1.13383,TCAGTGGCCCTGAGACCCTAGCTCTGCTCTCGGTCCGCTCGCTGTCCGCTAGCCCGCTGCG,63.76748278479937,5.994749026962085
5695,ENST00000550735.6,ENSG00000089022.13,MAPKAPK5,111841978,111902238,8.139374759725579,11349,11675.2,644.18,1.2431,ATTAGCGCAGCGCCATCGCCGCGGAAGGCCCAGGGGCCTGTCCTGTATGCGGCGTGTCTTAGGGAGGCCCAGGCGGACGCCTGCAAGTCGGGTGCGCGGTTCGGGGGCGGCTCGGAAACCCCAGCGGAAGGCAGCAAGGGGCGCGTGGGGCCGTGGAGTCACGAAGCTGGGCGGCAGGAGGGGCGGCCTGGAGCTCCCGCGGGGCACAGCGCGTGCGTGAGGGCGGCCGGCGGGGCTGCCCGGCGCGGGTGTCCCGGCGATGTGTGGCGCTGAGGCGGCGGCGGGAGCAGCGGCGCCGAGCTCTGCTTCGGCTTCGGCTTCGGCTTCGCGGCGGTGCAGGCGGCGGAGGCGGAGGCGCAGGCTCTTCTTTAGGACCTGGCGAGCCCAGGTCTAAGCGGCGGCCCCGCGAGGCCCTTGCACGGCGCCCCGGGTCGAGGCCCTCCCCGCCTCGCCCTACCCCAGGAGCCTGCCTCCCCAGCTGGGGATGAGGCTAGGAGGCGGCCGCGTGGGGCCCAGCACAAAGACCTGTCCCCAGGGGCCGCCGCCTCCGCCGCTGCTGCTGCCGCCAGCCTAGAGCCGCCCGCCGAAGCAGAGCCGGCGCCGGGGTCCTCATCCCCACCGGTCCCGAGGGGCGGCTGCTGCCCGTCGCCACGAGGCCCAGGGGCCCGAGTGCCGAGCCCTTTGCTCCCTCGGCCGCGCGGGGACAGGGCTGCTGAGCAGCCTCCGCCTCTCCCGGCTGTGGGGGCCCCACTGAGT,6.547642796014462,2.710975618318595
5699,ENST00000261735.3,ENSG00000089248.6,ERP29,112013316,112023451,124.34177632415786,1735,1785.59,813.129,10.2598,CGTGGCCCCACCCTCTCACCCTAGACAGATGGGAGCCTCCTGGGGTGTCCACGTGAGCGCGCGTGAGTCCGCCCCCCCAGTCACGTGACCGCTGACTCGGGGCGTTCTCCACTATCGCTTACCTACCTCCCTCTGCAGGAACCCGGCGAT,12.119317757086675,3.599236581142835
5700,ENST00000412615.6,ENSG00000135148.11,TRAFD1,112125501,112153609,47.87971943528493,2697,3345.87,844.718,5.68806,CGCGATGGGCGGAAGTGGTGAGGCAGCTCTGAGGGCCGTTGTTCAGTGCGGGGTCTGACAGAGGAGGCTCCGTGTCTGCAGCTAGTGTGTCAACTCAGCGTTTCTCCTCTCGTCCCTGGAAGAGCTAAAG,8.417583400190034,3.073406110136023
5701,ENST00000351677.6,ENSG00000179295.16,PTPN11,112418351,112509913,3.3946544615794134,6101,5728.64,5250.64,20.6501,GGAGGAGCGAGCCGGGCCGGGGGGCAGCTGCACAGTCTCCGGGATCCCCAGGCCTGGAGGGGGGTCTGTGCGCGGCCGGCTGGCTCTGCCCCGCGTCCGGTCCCGAGCGGGCCTCCCTCGGGCCAGCCCGATGTGACCGAGCCCAGCGGAGCCTGAGCAAGGAGCGGGTCCGTCGCGGAGCCGGAGGGCGGGAGGAAC,0.16438925049173678,-2.6048121314474466
5702,ENST00000548278.1,ENSG00000139405.15,RITA1,113185526,113192368,6.853459633344713,2053,2857.4,479.7,3.78234,GCGGTGACCACGTGACCTCCGCTGAGCTTTCGCCAGTGCCTGCGGCCCTCGGCGGCCTAGTACACACGCACCTGAGTGAGTGGCACCAGAGGACCCTCTCCATGTTTAGGGACCTCCTGGGCCTCAGGAGCGTGGCGCCCGCCCCTGGGCGGACTCCCCCCATCCGCGGGCGCGAATGGTCCGGGCCGCGTCCGCAGTGCTGCTGGCTGCTCCCTGGTTGCTGGGTGCAAAGTGCTGGGTTCTGGGTTTCTGGATTCGCGGGCCGTTCACACGTAGCCTGTGCCGGCTCCTCGGGTGAGTCCGTCCGCGCGCGGTGCCCCGGGACGGCCTAGGCTGCCGGGGGTCCGGGGCCCCAGGCATTCCGGGCTGCAGATTGACGGGGATCCCGGATGCACCGCGCGCCCCCGCGCCCTCACCGACGGGTCCAGACCTGGTGGGAAGAAGGTGCGGGGACGGGTCCCTGAGGATCCCGATGCCTACGAGCCAAGATGCTCAGCTTTATAGGTGTGACCTACACATGTGACTTCACCTCAGTTTTGTGATCCGTAAAATGGACAAATTCGAAGCTACTTCACAGTGCTGTTGAGAGGATTAAATGAAACAATGCTTGTAAAGCTCTTTGCAGGAGGGAGCCTCGGAAGCAGGGCCTGGCCGGCAGAGCACACCTGCTGTCACCAGGGACCACAGGCAGC,1.8119628677867967,0.8575533908097845
5703,ENST00000280800.4,ENSG00000151176.7,PLBD2,113358566,113391625,28.255879308674288,4800,6491.85,1669.1,5.79262,CCCGGGCTGCGGGGCGCAGCATTGTGCGGTC,4.877910049109778,2.286263154423608
5704,ENST00000403593.8,ENSG00000139410.14,SDSL,113422237,113438276,12.14362216024366,1449,1995.37,110.485,1.2475,GGTGCATGAGTCATAGGCAGTGCCCGGGAAAGCGGTGAGGGTTGCTCTCATCCCCTCTCCTCCTCCGTCTTCACCCGGAGGCTTAGGGTCTGGAGCTTTCTCTTTAACAAAGGAGGAGGGACCAAGGTTGCCGGAAGCTGCCTGAAGCTGGACAGAGCCGGTTCCTGGAAAGAGCTGGTTCCCTGGCAGGCTGGAGGGCAGGAGCTGGGGCCACGCTGGTCTGGGATAGTTGGGCAGGGAGGCTGTCTACCTGGTCTCCAGA,9.734366461117162,3.283087087507795
5705,ENST00000257575.8,ENSG00000135119.14,RNFT2,116738178,116853631,23.141590241003943,3882,5084.72,226.522,1.0037,ACATGCTGCCCAGGCTGCGCGGGTGATTGGCTTGGCTGGACCTGAATGATGCGGCTGTGATTGCTGAATTGTCTGGGCAGGTTTGGAGTCTCTGGCAAGCTCCCCTGACTGTGCATCCCTCTGGAGACGAAGAGGAGGGGGAGGCCTGTCCTCTCTGGGATCCATTGGTCACATCCCCCTGAGGATTCCCGAATGCCTACCTCCAGTGTCGTCAACATGGAGTTCTGAAGTCC,23.056281997612775,4.52708798098757
5706,ENST00000454402.6,ENSG00000111445.13,RFC5,118013588,118033130,153.0658740508708,1655,1517.39,909.405,13.5027,GCTTTTGCGCGCGAACTGTAAGTGCCAGGGTCTCAGGGTCAGGTCGCGGCTGGTCACTGTGCAGGCGCTTGGGTGACGCGACGATCTCAGCGGATCTGGTCACCTTCGTCTCCCCGCC,11.335945703516392,3.502832848106387
5707,ENST00000261313.2,ENSG00000089220.4,PEBP1,118135858,118145584,392.0509389827629,1697,1946.42,5336.0,61.7649,TCTCTCTTCGGCGAACCTATTCCAGGGCGCCCTTCATTTTCATTTCTTGAAACAACAGCCTTGCAGGCCGAGCCGCTGTTCCCGAGAACTCGGCAGCCACAGGGAGCAGGTTGCATGGACCCAGGAGCGCGAGAGGCCCTGCTCTGCCAGCTTCGGCCAATCAGAGGCCAGGGAGCGGTGGGCGTGACGTGGGGCGGTGCGCGGGGCTGGGCGGCGGCTGAGGCGCGTGCTCTCGCGTGGTCGCTGGGTCTGCGTCTTCCCGAGCCAGTGTGCTGAGCTCTCCGCGTCGCCTCTGTCGCCCGCGCCTGGCCTACCGCGGCACTCCCGGCTGCACGCTCTGCTTGGCCTCGCC,6.34747144385829,2.6661819994597518
5708,ENST00000543473.1,ENSG00000111707.11,SUDS3,118376380,118418031,17.71305434622351,4897,4942.77,1393.24,6.35064,GGATTTTAAGACGGCGATGAAAGGGCTGAGGTTGTGGCGACGGGGGCGTCCAGCGGCATCTCCACTCCCCCAAGGATGGCGGAATCAGGCCGTTGTCGGGCAGCTCTCGACCCGGAAGTCGCTCGCGGCGCGAGGCCCCCGTTGCCGAGCGCGGGCGCGGGGGGCGGAGCTCGGCGGAGACGGGGAAGGGGTCGCCGTGGCTGCCGGTCCTCGAGTTGGGGGCTGCCGCGGACACTGCTAGGCAGACGGCGAGTACCGAGCGCGGGTGGCCGCGGTGTCCGTGGGCCACGCTCAGCTGCGGTCAGAGGCGAC,2.789176263529898,1.479839109154738
5709,ENST00000229328.9,ENSG00000111725.10,PRKAB1,119667753,119681630,38.24747307387936,2610,3121.85,321.776,2.32222,AGCGCCTCGTCCTGGGCCTGGCCCTGGGCGGCCGGCTGCTGACTGCGACTGCGCGCTCCGAGGCCTGCAGAGACGGCCCGGGGCACCTGTTACCGCACCGCTCAAGACCGGAAGCGGAAATGGAATCGAGATAGCCTCGCGCGTTTAGCTGGCCGCCGCCACCTCCACGCCCTAGGCCGGGCCGACTTACGGAGTCGCCGGAAGCGGAAGTCGCTGAGGGGTGGTGAAGCGGTTGGGAAAGTGTCGGTTTATCTTCGCGCCCCTTGCGTTCTTGCCGCGGCTTGCCTGGGCAGGTAAAGCGCGATTGCGAGAGCTCGGCAACCCTGCCGACTCAGCCGGAACCGGCTCCCGGCCCGAGGGGCGTGGTGTCCTGGTGCTCCGACTCCTTCCGCAGGCTCCTTGGGACCCGCGGTTCCGGGAGTCCCTTGCTCAGGGTCCCTTTCCTGCAGTGAGGCGCCGTCCGCCTTCCCTGTGTCCCCGCAGACCCCCATC,16.47021947700018,4.041787874983204
5710,ENST00000551765.5,ENSG00000257218.5,GATC,120438090,120463749,321.1267877047034,4244,4057.57,2204.33,12.2398,GGCGTTACGCGCGGGCGCACTGCGGGGGCCAAGGAAGGAAGAA,26.2362773660275,4.713491127093017
5711,ENST00000325954.8,ENSG00000022840.15,RNF10,120533480,120577594,27.40142517743264,3825,4532.86,1668.61,8.29362,GAGATGCTGTTTGGCGACTCGTCGCCATTCCCGGAGCAGGTCGGCCTCGGCCCAGGGGCGAGTATCCGTTGCTGTGTCGGAGACACTAGTCCCCGACACCGAGACAGCCAGCCCTCTCCCCTGCCTCGCGGCGGGAGAGCGTGTCCGGCCGGCCGGCCGGCGGGGCTCGCGCAACCTCCCTCGCCTCCCCTTCCCCCGCAGCCTCCGCCCCGCCAGGCCCGGCCCGGACTCCCGAGCCCCGGCCTCCTCGTCCTCGGTCGCCGCTGCCGCCGGGCTTAACAGCCCCGTCCGCCGCTTCTCTTCCTAGTTTGAGAAGCCAAGGAAGGAAACAGGGAAAAATGTCGCCATGAAGGCCGAGAACCGCTGCCGCCGCCGACCCCCGCCGGCCCTGAACGCCATGAGCCTGGGTCCCCGCCGCGCCCGCTCCGCTCCGACTGCCGTCGCCGCCGAGGCCCCCGTTG,3.3039161641638555,1.7241770792877549
5713,ENST00000228506.7,ENSG00000110917.7,MLEC,120686869,120701864,132.03899676624084,6626,7985.6,4026.75,11.3608,GTGGGATTCCGGGGCCGCCTGGGCGCTGCACCCGCCACTTCCGCATCGAACCGCCGCTTCAACCGAACTCACTCCCTCTGCGCGCGCTCCATCTGGTGCCCGACTGCTGGGCCGGCGCCTGGGAGAAGCCACGCCCTTTCCCGCGCCTGACAGCCAATGAGCGGGCGCCTCCCGGCGGGGTGGTGGGTAATTAATGAGGGCCGGGCGCTGATTGGCTGCAGCGTCGTGGCCGGGGGCAGGGCGGCGGGGTAGGTTGTTCCTGAGGTGGGAGGCGGTACCCGTGGCTGAGAAGAAGGAGGCCTGAGAGCGACATGTCCCCGGCGGCTCAGGCGGAGCGGCCCGTGGCGCTGTTTTTCTGAGTCCGGGGTGGCCTGGCAGCCGGCCGAGGACGAGGGTCGGCGGGGGCTGCCCCCGTGGTGGTGGCCGCC,11.62233264965855,3.5388277474815237
5714,ENST00000344651.4,ENSG00000175970.9,UNC119B,120710435,120723640,54.47670608223096,4404,5200.44,1453.81,6.29838,ACCGCGCTGTGGAGGCGGCGGCCATCTTGGCGGCGGAGCG,8.64932031446673,3.1125867665672358
5715,ENST00000361234.9,ENSG00000170633.16,RNF34,121400041,121430623,31.471214228374446,2066,2015.42,216.865,2.4243,GCGCTTTTACCGGGGCACGCGGCGAGCGTGACCACGCCCCTTACGTCCGGACGCTCGGTCGCCTCCCGGGGCGCGGTAATCACCGCCCAGAGGGAAGGAGGTCGGCAGTGTGAGGAGCTGCTATGGTGCTGAGTTTCCTGGTAGAGCCGGCCGAGCTGAGGCGGTCGCGGCC,12.98156755697498,3.6983926978027886
5717,ENST00000617316.1,ENSG00000276045.2,ORAI1,121626550,121642677,22.296946829076447,2138,2674.04,225.712,1.90172,GCCGCCCGGGGGCTTTTGCCAGCGGCGCCGCGGGCCTGCGTGCTGGGGCAGCGGGCACTTCTTCGACCTCGTCCTCCTCGTCCTGTGCGGCCGGCCGGGTGAGGCCGGGCCCGCGTAGGGGGCAGTCGGCGGCTGCCTCCGGCGGAGGTGCCTCGCGGCGCCCGGGCCGGCCCGCGCCTCGGCGGCGTGCTCCATGCATCCGGAGCCCGCCCCGCCCCCGAGCCGCAGCAGTCCCGAGCTTCCCCCAAGCGGCGGCAGCACCACCAGCGGCAGCCGCCGGAGCCGCCGCCGCAGCGGGGACGGGGAGCCCCCGGGGGCCCCGCCCCGCCACCGCCGCCGTCCGCCGTCACCTACCCGGACTGGATCGGCCAGAGTTACTCCGAGGTG,11.724621305490002,3.551469420654484
5719,ENST00000541212.5,ENSG00000110801.13,PSMD9,121888731,122003927,86.01638045279606,2784,3258.18,175.288,1.21211,GACTGTTCTCGCGTTCGCGGACGGCTGTGGTGTTTTGGCGCATGGGCGGAGCCGTAGTTACGGTCGACTGGGGCGTCGTCCCTAGCCCGGGAGCCGGGTCTCTGGAGTCGCGGCCCGGGGTTCACG,70.96417029213195,6.149018888672227
5720,ENST00000538010.5,ENSG00000110987.8,BCL7A,122019422,122062044,29.931219045850757,6247,7971.06,712.201,2.01302,CCCAGCCTAGATTTCTTTTTATTATGATCAAATACACATAAAATTGACCATTGTAACCATTTAAAAGTGTACAATTCAGCGTCATTAAGTACATTCACATTGTTCTGCAACCATCACCACTATCTCATTCCAGAACTTTCCTATCACTCCGAAAGGAAACCCCACATCCGTTAGCAGTCACTCCTGCTCTCCCTCCCCCTTGCCTCTGGCAACCACCAATCTGATATCTGTCTTTATGGATTCGCCTAGTTGTAGATATCTCCCGCAAATGGACTTACGCATATTTATCCTTTTGTGACTGGCTTCTTTCACTTAGCGTGTTTCAAGGTTCACCCATGTTGTAGCATGTATTCATTCCCTTTTATGGCTGAATAATATTCCATTGTGTGGATAGACACATTTATCTGTTCCTCAGTCACTATTTGAATTCTGACATAATATTTTCCTATTTTAAATTTTAAGATACATTTTTTTAAAGTTTCATGTGGCCCAAAGCACATACCTATTGATCTCACATATCTCTGTGAGATCTGTTTTATGACCTGCTGTTGCATATTTTCCCAGAAAATTCTCGGAACGATTCTCTGAAGTCCTTCTTTCTCTTTCTCTTTTTTTTCTTTTTCTTTCTCTCTTTCTTTTTTTGTTTTGTTTTGTTTTATTTTGTTTTGTTTTGTTTTTTTGAGATTCAGTTTTGCTCTGTTGCCCAGGCTGGAGTGCAATGGCATGATCATTGCACCTCTGCCTCCCAGGTTCAAGCATTTTCCTGCCTCAGCCTCCCGCGTAGCTCAGATTACAGGCCTGCACCACCACGCCCAGCTAATTTTTGTATTTTTAGTAGAGACAGGGTTTCTCCATGTTGGCCAGGCTGGTCTCGAACTCCTGACCTCGTGATCTGCCCACTTCGGCCTCCAAAGTGCTGGGATTACAGGCATGAACCACCGCGCCCGGCCTTTTTTTTTTTTCTGAGACAGGGTCTCACTCTGTCTCCCAGGCTGGAGTGCAGTGGCTGGATCTCTGCTCACTGCAACCTCCGTCTCCCAGGTTCAAGCGAGTCTCCTGCCTCAGACTCCCGAGTAGCTGCGATTACAGGAGCCCACCACCGCGCCCGGCTAATTTTTGTATTTTTAGTAGAGACGGGGTTTCACCCACCATGTTGGCCAGGCTGGTATCGAACTCTTAACCTCAAGTGATCCACCCGCCTCGGCCTCCCAAAGTGCTGGTATTACAGGCATGAGCCACCGCGCCCGGCCAGTATTTGTTCTTTTCTTCATTTTTCACGTCAGGAGACTGCGTTTCAGAATAGTAAAAACAAATGCCTAGGAAAAGGCCTGCGGTCTCTCCATTTCCACAGTAGCGTGTTCCCCAAAGACCAAACCCTCAGGGGAAACGTCTAGAATGAGTAACAACTTAAGGCTGCAACCTTAAACTTTCCCAGGACTCAGTTTCCCCAGCTGTGAAATGGCTGCTGTCGGGCTGTCATCTCCAGGCCCGGGGCGCTGACATTTGGGCCACTCTCGGTCTCCCTCTTCATTCTGGGCGCGCATTAGCTCTGGTCCGGCCGGTTCCGCTGCAGCTGAACAGCAAGATGCGGCACCCAGGTTACCCTGATCATCGCAGATTTCTCCCCGGGGCTCTGTTCTGAGGCCTCAAAAGTGCTCCTTGTAGATGGGACCAGGGGTCATTTGGGCAGTAGCAGCGCCTGGTCTCAGTCTGGTACTGAAGTCAGGAATGGCTTAAGGTGAAATCGTGGTCCTCTGGTGAAGCTCAGCGAAGACCCCCTCGCCTTGTTTATGACAAGAGAACTTCTGGGGGCGGGAGGAAGAGTCCCTGTTACGATGCTGATCATCATTGAGCTTTTGCTGAGCAGAAAACTCTTTAGTACTCAAGGTCGAGAGTCTCTGGTGGTCTGCCTGGCACCAGGCACCTTCCTACAACCCTAGTTTTCCAAAAGGACAAAGCCTGGGGCAGGCGACGTCCTAGCTCGCATTTGAACAGGGCCGCGGGCCAGCAGAGATGCGCGATGCCCAACTCTTTCCAAGAGCACCTCGCGTCCCGAACCGGTGCCTTCAACTCGGAGAAGTCAAGAGACCCGCAAGAAACTTGCACGACTGCACCCGCCGCCGCGCTCTGGGGGCTGGGCAGGGGCAGCTGGGCTGGCTCCCGGGGAACGCGACCCCCCCGCGCCCCGCAGACCGGCTGTCTCCCATGGACCCCTCGGCACCTGCAGCCTCCGAGGAAGGGTCAGCGCGCGTGTCCGCACGCCCGCCCCCACCGCGCGCCCAGAGCCGGGGGTCGCCGTGCGCCCTTCGCCACCTCCCCAGGAGGGCGTCCGGGGCGTCCCCTCTGGGGGCGCAGGAGGCCCGGGGGCGCTGCCCGGTGGCCGCGGCGCCCGGAGGCCGCACTGCCGGCGGCGGCGGCGGCGCGGCTCCCCCTGCTCTGTGCAGCTGCCGCCCGGCGCTTGCGCACTGGGCCAGGCGCGCGGCGGCCCCGGGCTTTGTGTGTGTGTGTATGTGTGTGTGTGTGTGTGTGTGTGTGTGAGTGTGTGCGTGTGAGAGTGCGAGTGTCTGTGCGCGAGTGAGTGAGCGGCGGGCGGGCGCGAGTGTGGCCGCCGCGGAGCGCGAGCAGGACCCGGCGGGCGCGCTCCCCAGCCTCCGTCTCCCCGCCGGAACC,14.868813546736126,3.894217627379902
5722,ENST00000319080.11,ENSG00000175727.13,MLXIP,122078722,122147347,8.881023759778017,8427,12214.1,1622.99,2.99375,CCTCCCCCTCCCGCCGCGCCGCGCGCTCGCGGACAGTCGGCGCGCGGGCCGGGCCGGGCCGGCGCCCCTCTGCCTCGCGCGCTTGTCGCGTTGCCCCGGGCTCCGGGGGATGCCCCCGGCCGAGCCCTTCTC,2.9665215063976675,1.568772241945315
5723,ENST00000333479.11,ENSG00000184445.11,KNTC1,122527246,122626396,22.63243204743057,6975,5383.5,1508.54,6.31326,CAATTTAAGCCTGTGGCATGGAACCTAAAGACTAGAGGCGGTTGTGTGAGTCAGGAAGAGGGGCCAGATATCTGAGTGTTCCTCTTTAGTTTCTTCAATTGCAGATAATATGGTGTCTAATTTTATGTTGTTCAGGAAAGACAGTGGTTCCTGACTCAGGAAGACAGTCTCAGAAAC,3.584904161626572,1.8419345506163733
5724,ENST00000280557.10,ENSG00000139726.10,DENR,122752774,122771064,111.68005655803788,2769,2118.46,1831.7,19.4803,CTCGCGACATCCGCCCAGCGGCGGCCGGAATCTCGCGATAAAGGCTCATTGTCTCGCGGGAGCGCTGCTGGCGGTCGGGCGCTCGGGCGGCCCTGGCCGGGGAGACGAGTTGCATGTGTTGGTTCAGCTGGCGATAGCGGCGGGAGCGGAGCCGGCGGGGCCTGTGCGACCGCCTGGGTTTGTGAA,5.732974161488164,2.519283776825311
5725,ENST00000253083.8,ENSG00000130787.13,HIP1R,122834453,122862960,7.292838695320142,4539,6677.81,457.448,1.54337,CTCCTCCCCGGCGGGCGGGCCCGGGCGCGGCGCGGTGGCCTCGCGGTGCCTAGGCTGGGGCTGCCGGACCGTGAGGCTGTGAGTCGCGCGGACGGAGCCGGACAAAAGCGGGCGGCGGCGGCAGG,4.7252691806372695,2.2403965165313813
5726,ENST00000543566.5,ENSG00000182196.13,ARL6IP4,122974580,122982913,119.0465426449657,1591,2233.76,203.038,2.04787,CTGTCATTGTGGAAGAGTTGCAACTTGGGGGCCCGAGATTGGATGAAGCGCACAGCCACGCTTTGGGTTACACATTTGAAACTCAGGGGGCTTCCATATTGCAGTCTTGAGTTTGGTCTCCCTGGGAAGGTGGGGCACCAGCCCC,58.13188466307221,5.861257777067896
5727,ENST00000253233.5,ENSG00000130921.7,C12orf65,123232916,123257959,62.07570597601906,2073,2202.48,165.953,1.69759,CACACGCCGAAGGGCTCCGAGGGGGTCAGGCCAATCGGCAGCCGTCACCCCACACCCCAGCCCATCACCACACTCAAGGGGCCGCTAAGACAGTGTCTCCTAAGTCTCGTCTCCTGTCCCCAGCGGCCTACAGCTCCCTGCAGGCTGGTGGCCGCTTACCTGGCCGCCGCTCCCGCTGCCGATGTCAGGGTCATGCAAGCGGCCTCTCGCGACCGTTACCCGAGGGAGCGCGCGCGCGCCCGGCGTCTCTCCAGTGATTGGCTGCCCGGAAGGAGGCGGAGACAGCCTCGCATGGCGCGCGCGTCCACCTCGCCGTTCCCCCTCGCGCAGCTCCAACCAAAGAGAGACATCCAACCCCGGGGGAGTGACAAGGGGGCGGGATTGCTGTGAAACTCTCTTCTCTGATTGGCTCTCTGGGAGCCAGCCGCTGCCACGAGGGAAAGAAGCTTCAGTTTCTCGCATGCGCAGTGAGTAAACATGAGCCTCTGGTAGATAAGAGAAACCGCGATCGGAGTACGGCGCGTGCGCAGATCAGGGATCGCGATTGCGAATCCTCCGCTGAGGTGATTTGGATATCCCTAGAACGTTGAGGGCACGAGTCGGGTCCTGAGACCAGGTCCTCAGCCAGCAGAGCCACGTTCCTT,36.56696020595024,5.192468795997107
5728,ENST00000262225.7,ENSG00000086598.10,TMED2,123584531,123598577,306.96436990064143,2560,1897.49,5222.69,62.0122,GGAGCTTAGGCGGCGGTGGCTGAGAAGGCAGCGGGGCGGCGGCGGCGGCGGCGGCGGCGGCTGTGGAGGCCGCAGTCCGGGTCCTGGCTTCGGCCTCAGCCCCACC,4.950064179316996,2.3074472303603515
5729,ENST00000238146.8,ENSG00000111364.15,DDX55,123602077,123620941,24.76800310181161,2654,2556.68,647.945,5.70983,GCACAAGGCGCGTTCGAGCAGCGGCGACCGACGCGGCGAAGGAGCGCGCC,4.337782929055963,2.1169578596007597
5730,ENST00000543341.6,ENSG00000111358.13,GTF2H3,123633739,123662606,103.47080945735529,3329,2775.61,475.34,3.85841,ACTTGCTCTGCGCTGAGGTGCTGGGACAGCC,26.816955548361964,4.7450735564180135
5731,ENST00000426174.6,ENSG00000168778.11,TCTN2,123671113,123708403,13.310246320476004,2513,2576.04,160.051,1.39981,ATAGCTCCGGGCGTTCGCTTGCAAGATGGCGGCGGCGGGGCAGTGGCTGCTGCGTTTTCGTGTCTGAGTCCTTCCTGGGTTCTAATGAGGGCGCGGTTCTGCTGTGCCCGGCCCGCGAGGTCTAAGGC,9.508609254453107,3.2492343454572548
5733,ENST00000330342.7,ENSG00000185344.13,ATP6V0A2,123712318,123761755,33.19001887073622,6542,6292.43,1016.59,3.6399,GGGGGCGGAACCGGAACCGGCAGTGGCTTGGGGGCGGGACCTCGCGGACTGCTGTGGCGGCAGCTGGAGCGGCGGCCGCGGTGGCAGAACCGGGGGCGGCCGCTGCAGTCTGGAGCCCCATAGTGCGGGGCCGCGGCCAGGCCACAGGAAGAGCTCGAGGCCCGGGCCGCACCGGCTGAGTGTGCGGGCCCGCGCGGCTCGGAGCCGCCGCCGCCCATCGAGCCCCTCCGGGCGCGGGTCGGCCCGCC,9.11838755755274,3.1887787291716374
5734,ENST00000341446.8,ENSG00000184992.10,BRI3BP,124993700,125031231,77.8988104821122,6648,7378.2,1959.11,5.98234,GAGCGCGCCAACCTTGCCCTAGCCGGAGCCCGCTGCGGCCCAGCGCACGGCCCTCACCCCGCATCGCGACCCCGCGCCCCGCCGGCCGAGC,13.021461582275865,3.702819486490517
5735,ENST00000316519.10,ENSG00000081760.16,AACS,125065379,125143333,21.10816268482585,3316,4356.16,437.126,2.26081,GGCCTGCGGGGCGGGGCCTGGGCCAAGCGGCCCGCAGGAGGCGGCGGCGGCCGTTCAGTCCCTTGTTCCCCGCCGCCGCCGTCGCTGACCCAGCCCGCCAGGCGCTCCTGACCGTCGCTTCCTCCGGTCCCAGGTCCCCGGCCCTCGCCTCAGCCCCGGCCCCTGGTCCCCAGCCCTCGTCGCAGCCCCGGCCGCCCGCCGCCGCC,9.33654870812932,3.222889350594847
5736,ENST00000543796.5,ENSG00000132341.11,RAN,130871879,130877678,638.695267287661,2661,2253.19,3040.84,30.4059,ACCGCGCCTCCCGCCCCACCCTAAGCGCAGCGACCGCCCGAGCGGCCGACCGAACCGCGTTGCGTGCGTGCGCGCACGCGCGGGCCACGTGGGCGGGCGCCGCGCCGTTGCCCCGCCCCTTGCAACCCCGCCCCGCGCCGGCCCCGCCCCTGCTCTCGCGCCGGCGTCGGCTGCGTCTCCGGCGTTTGAATTGCGCTTCCGCCATCTTTCCAGCCTCAGTCGGACGGGCGCGGAGACGCTTCTGGAAGGAACGCCGCG,21.005635988004332,4.392704561875784
5737,ENST00000261674.8,ENSG00000061936.9,SFSWAP,131711081,131799737,24.300967671781063,3246,3911.75,1194.43,6.87944,CATTTTGTGGCCCGCTATGGCGGCGGTGTTGAGGTTGGGTACGGGATGCGGGGTCTTTGACTGAAGGGGTAGGCCAAGTGGAGGTATCAGGGACGTCGCGCGGCACAGAAGAGGACCAGCCTGGACGCCGGGGACGCTGTC,3.5324049154845545,1.8206507269271848
5738,ENST00000321867.5,ENSG00000177169.9,ULK1,131894651,131923167,5.492203424615382,5310,8102.15,676.371,1.88082,GAGGCCCGGGCGCCGCGGCTCTTTTGTTTCTCCGTTGGGGCCGAGCCCGGGCCCTAGTTGGAGCCGGAGTCGGAGTCGGAGTCGGATCCGGATTCGGATTAGCAGCCCGGGAAGAGTGCCGTGGCACAGGCGCCGGAGGGAGCGCGACCCTCGGACCCCGCCTGGCCCGCGGGGCTGGGACCCGGCCCCGGCCTGCCCGATGGGGCGCGCGGCCCCGGAGATGCGCCCTCGCCCGGCCCCGCGCCCCCGGCCCCGCGCCCCCGGCCCGCCCGCCCCGGCCCGCGCCTCCGCCTGAGTCCCCCGCGCCTTGGCCCGCCACCCCCCGCCCCGCGCCCCCGGCCCGCCTGCGCC,2.920111134832351,1.5460232768520188
5739,ENST00000389561.6,ENSG00000183495.13,EP400,131949920,132081102,10.260466535653723,12317,16484.5,1992.7,2.7235,GTAGCAGCCGCGCCGCCGCTTCCTCCCGCCGGGGCCCCGGATGCACTGAGCGGCTGCGGCGCGGCTTCCATCCTCCCGCCCTCCTGACGCGGCCGGAGCGCAGCCCTGAGGCCCAGGGAGAACGACACATTGGATACAGAAGGGAGGTGATC,3.7673826090155034,1.9135625583978157
5740,ENST00000330579.5,ENSG00000184967.6,NOC4L,132144448,132152473,46.159515843809146,1632,2151.48,662.462,6.93724,CCGGCGGCTGAGAATCCGCGTTGTTCCGTGTTGGGGGCGGC,6.6538732757997625,2.7341943900987182
5741,ENST00000434748.2,ENSG00000112787.12,FBRSL1,132489551,132585188,10.486122853807258,5568,8515.58,518.019,1.37055,CTGGCCGAGGACCCTCCCCCGGTCCTCCCCGCCCCTTCCCCGTCCCTTCCACGCTCGCCGAGGGCAGGACTTCGGTTCCGCGAGACCGGAGGCCCCTCGTCCTCCTCGGAAGCCGCCCGCGGCCGGGGACCCCAGTCCCGCAGAGGAGGGCGGCGCTGCCCCCGCCTCCCGCTTGGAGAGCGCCGCCCGCAGGTGCCCACGGAGGGGCCGCGGCATCCCAGCGCCCTCCCAGGAAGGAGCCGAGCGGATCACCGCCGGCTGCAGCGGAGGTCGGGGCGCCGGGGAGGGGCGCGGCTAGGGGGCGAGGTCGAAGGGCGGGCACCTGCGGGTGGGGCGGGGCCTGAATTAGCGGGAGCGCCCGGGAGGGGCGGGGCCGGGGCCTGCGTGAGCGGGTCGGGGAGGGGGCGGAGCCTGCGGGGGGCGGGGCCTGCGTGAATGGGGCGGGGAGGGGCCGGAGCCTTGTGAGCGGGGCGGGCCGCGTGTGCGGGGTGGGGGCGGAGCCTTATGAGCGGGGCGGGGCAGGGGCGTGGTCGGGGCGGGGCGCGCGGGCGCCCGCGGCGGCCCTCACTTCCTCTGGCGAGCGCAGCCGGGCGGAAGTGCGTCAGTTGTTATCTGTTCGGGGCGCCGCCGCCGCCTCACGAGCCCGGTGCCCAGGAGCCCGGCCGCCTCCCGCCTGCCGCCTGCCGCGCCCGCCCGGCCCCGCCCGCTCGGCCCGATCGCCGCGCCGCGCGCATGGGGCGCGCCCCCGGGGGGGCGGCCGAGGGCCGCTGAGCGCCGGGCCCGCCCCCGCCGATGCGCCCAGCCGCCCGCGCCGGGGGTCCCAGGCCGCGCCGGGCCCGGGGCTGAGCCGCCCCCCGCGCCCGGCATGCCCGGCCCGGCCCGCCGCCCGCCGCCGCCCAGGGCCCGAGCCCGCGCGGCGCACACTCAGCCCGGCGGCGCCGCGTAGCCGAGGGAGCCCGCCTGCTGCGAGCCAGGCGCGGGGCGTCAAGGTCACCGGCCCGACGGGGCGCACGCGCGGCC,7.651032690385071,2.935654487249316
5743,ENST00000317479.7,ENSG00000176894.9,PXMP2,132687606,132722734,38.00994861253514,957,890.066,318.021,8.05,GGGCTCCGCGCCCGGCCAGCCTGAGGTGGGGTCGGTGCCCCCGGCGGCACGGCGCTGGGGAGGCG,4.721732746898775,2.239316386412977
5745,ENST00000498926.6,ENSG00000247077.6,PGAM5,132687606,132722734,138.25939682270698,2834,3506.37,1507.04,9.68339,TCGCGGAGCGCCGTCGGGGCCGTGGGCGCCTGCGCGGGCCGGCGCGGGAGCAAGCGGC,14.277995291184904,3.8357215261804485
5746,ENST00000392319.6,ENSG00000198040.10,ZNF84,133037292,133063304,17.727710502358942,7020,5617.61,270.254,1.08388,ACTCTTGGTAATGCTTGCAGGTGGCCCGTTCTTCCTCTTTGTCCTTCGCTGCCACGTGAGAGGGGAGTGTACGCGTGTGCGCGCGTGCGAGTGTGCGCGTGTGCAGTCCCCGACTCGTCCCGGCCCGTTCGGAGCCGCCCGGGAGCGCACAAAGGCCGACGGTTTGGGCGCGTGCGCGGGACACGGGGGACGGGCGGTGTCACGTGATCGCGAGGCCGCGGGCGCGCGGGCGCGACTCGGCGGCGGCGTCTTTTATCCTGGTCCCTACAAATAAGCCTGCTCATGTGAGATAAGAAAGGAGTTCCTGGAACCAGGAATTCATTCTCAGTGTAGAAGACCTAGCTGAGACCTCACTCCACAGTTTTGGGGCAGAAGCAGAAGAGACGCACAGTAGAACCGATCTCAGCCTTGCTGATCATCTCGTACAGCAGCAGAAA,16.355787081926913,4.031729282120359
5747,ENST00000399788.6,ENSG00000073614.12,KDM5A,280129,389454,16.594219184544,10763,10684.0,1846.03,3.89285,GCAGAACTTTGGCGGGCAAGGAGACAAACAGCCACACTGTGCTGCCGGGGAAGAGAAGAAGAAGGAAAGGCCAGACACACAGGCGTCGTGCAGCTGCGGAAGGATTCCGTTTCCTGCAGGGGGCGGAGGGATTTGACAGCACGGTAACTTCCGGAAAAGTCCTGAACCTCAGTGGAAAAGCCTTGCAAGAAACAATAACAAACGGGAGGAGGAAGCGATTCTGGGGTTTCTGTGTTGAACGGTTCTTGTCCGCGAAGATGCGCTTCGGCCTCTGTCAGGGGACTTGAACGGGCTTAGTGGGCTTCAGCCAGCTTTTCTCCACCGGTTCCCCACGGGGACCCCCCCCCCCCCCCGGCCGTTGCA,4.2627430249159355,2.091782086534801
5748,ENST00000339235.3,ENSG00000171823.6,FBXL14,1565993,1594165,11.32217197959152,2111,2488.39,669.957,6.06582,GGCGGCGGCTGGGGAGAAGCGCTCTCGTCGCCTGCCCGAGGCCGGAGCGGCGGGGCCCGCGCCTCCTCCCCCCAGCGCCGCGGAGGGGGGAGGAGGAAG,1.866552581446782,0.9003761504432961
5749,ENST00000280665.10,ENSG00000151065.13,DCP1B,1946054,2004535,12.211643312577143,2086,2238.01,444.438,4.47416,TGCGAGGCAGCTCGCTCGTTCTGCGATCTATTGAGAGTGGCTTCCAAGAGCCCCGTGCCTATGTCTGGGAGGGAGGGAAG,2.729371169689314,1.4485686013756758
5752,ENST00000359843.7,ENSG00000111206.12,FOXM1,2857681,2877155,14.04392548209888,3315,4309.55,1071.58,5.60216,CGGCGGCGACTGCAGTCTGGAGGGTCCACACTTGTGATTCTCAATGGAGAGTGAAAACGCAGATTCATA,2.5068768978570555,1.3258911532473836
5753,ENST00000427057.6,ENSG00000111224.13,PARP11,3791047,3873448,62.16668819441898,4406,3602.99,189.129,1.18265,CCTTCGTAAAGGTTGCATCTCCGTCCCTTCGCTCCCGGGGACCCGCGGGAAAAAAAAAAATCCAACACCCAGGCCCCGCGGCTAGCCCCTTCCCACAGGCTCTCTCCGCTCGATTTTGTCACCGTTATGTGGGAAGCGAATCCATGTATTTGCATGCCCGAGTCTTTGAGCCGTGCTATACCAGTTTGTCCAGATTGTTTATACTAGCAATGCAGTTTACGGTGAAGACCTGCCTTCCCTCTGGGAATCTGGAGCTTCAGTAACAGGAGATGTTTCACAAAGCAGAAGAATTATTTTCTAAAACAACAAACAATGAAGTGGATGACATGGACACGTCAGATACCCAGTGGGGCTGGTTTTACTTGGCAGA,52.5655842340667,5.716046641454234
5754,ENST00000261250.7,ENSG00000047621.11,C12orf4,4487728,4538508,20.67466952788066,3826,3179.14,536.56,3.80251,CCAGTGCAGGACGCGCTGACAGCTCGAGTGAGCGGACTGCCCAGGACTTCGGAACTAGACGAGTTCTGTAGAAATCCTGTCAAAGAAT,5.437111152339024,2.4428403218437857
5755,ENST00000162749.6,ENSG00000067182.7,TNFRSF1A,6328757,6342114,51.489065497988896,2223,2957.04,467.528,3.56215,CTCCAGCTCTTCCTGTCCCGCTGTTGCAACACTGCCTCACTCTTCCCCTCCCACCTTCTCTCCCCTCCTCTCTGCTTTAATTTTCTCAGAATTCTCTGGACTGAGGCTCCAGTTCTGGCCTTTGGGGTTCAAGATCACTGGGACCAGGCCGTGATCTCTATGCCCGAGTCTCAACCCTCAACTGTCACCCCAAGGCACTTGGGACGTCCTGGACAGACCGAGTCCCGGGAAGCCCCAGCACTGCCGCTGCCACACTGCCCTGAGCCCAAATGGGGGAGTGAGAGGCCATAGCTGTCTGGC,14.454491107333745,3.8534459122910683
5757,ENST00000229238.4,ENSG00000111639.7,MRPL51,6491886,6493841,299.2878662813501,1234,1157.42,872.478,16.9835,GTAAAATAGGGGTAATAAAAACAGCTACAGCGGAAGACTGTTGTGAGGCACAGAGAAAGGGCTTGGTCATTGGAAGCGGGTTCCAGGTTCTCAACCTTCATTTCCTTCACGGTTGAAGGACGCCAAAGAAAGCGGAAAGGGTGAATTTTCTTGAAATCTCAGTTTTGGGGAATCTTAGCGACGAGTCGCGGACCTCAGCTTGTCCGGCGCTCCAAAACTTCCGGCAGGCGGACCGGAAGCACTGAGGCGGGAAGGGTGGTAGAGGCCCCTCCTGCCGGAACCCGGGGGGCGGGGCTCGTGGCTGTTGCGGATGGGGCGTAGGTGGGCGGTGCGCCCACAGCTGCCTGGGTAAGGCCCAAGATGGCTGTCTTCGCCTTAGTACTCGTGTGAAGTTGGCGGGGACGGTTCCTGTCATCTTCTTGGGCTTATTTGGTGTGCTGTTGAAGGGGGGAGACTAGAGAA,17.62227257522596,4.13932808166513
5758,ENST00000399466.6,ENSG00000111641.11,NOP2,6556863,6568691,43.70809255806102,2701,3627.62,713.652,4.43228,GAGTGCCGGCCGAAAGCTAGGTCCGGATTGCACGTGGAGGGCCGCCCGAAGGGCACTCTCGGACATTAACCCGCATTCTGGTGGGTCTAGAGGAAATTGGGGGACGAAGAGTGGCAGCACTGACCTGGTCTGGGACGTGGGGAGAAGGTACC,9.861311234412314,3.30177949098558
5761,ENST00000357008.6,ENSG00000111642.14,CHD4,6570083,6607476,39.56525412827695,6496,7921.44,2841.03,8.08042,ATTTTCCCCCCTTCGGCCGCGGCGAGGAGGAGCCGGAGCGGGAGTGACACCGAGCCGGACCCAGCGCGACCTGCGGCGGCTCCGGGTGACTCGGGCCAGTGTAGAGGTCCTCAGGCCGCCGGCAGGAGCAGCTGGGCCAATTCCCTGGCCGGGAGCGGAAGGGG,4.896435349681941,2.2917318359931294
5763,ENST00000396807.8,ENSG00000111653.19,ING4,6650280,6663148,22.658503785217142,1393,1686.71,101.789,1.35964,TTCCGGGGCGGATCGGAAGTTGCTTTGTTTTGCTTCGAG,16.66507589157214,4.058755982281246
5765,ENST00000396801.7,ENSG00000126746.17,ZNF384,6666477,6689572,11.90511279755314,3008,4233.72,413.005,2.19783,GCTATTTCCCTCCCTCCCCCCTTTTCGTTTCCGGCGCTCCCGCCTTCTCTCCGCAGAGCTCTTCTCTGAGCCTGTTGGGGGGAGGGAGGGGGGCGTGGAGGAACTGGGGTTCGCGGGAGCACGAGCTGCAGCACCACTTCCGGAAAGTTCAGGAGCCCTGGAAAGGAGAAGGAATAAGACGGCAGGAGGAAGAGAGAGAGAGGGTAGA,5.4167578009004975,2.4374295851321284
5766,ENST00000203630.9,ENSG00000089693.10,MLF2,6747996,6767475,264.6040833197234,1969,2556.48,885.428,7.8032,AAAGCTCCCCCCAGGGATCCGCCCCGCCTCGTCGCCCACAGAGCGCCCGCCTCTCCCCAAGGGGCATCTGCCCCTCGTCCTCCAGTTTCCCCTTGAGGAGGGAGAGAGAACGTGCTGCACTGCGCCCCCAGGTTCAACCTCCAACCCGGTCCCTCCCGAAGAATGGATTCCTCTTCTCCTTCTCCTCCCCTGCCTTATGGGAGCCTCTTCCAGTCCACAGAACCCAAATCGAGGTTACTAATGAGCTCCCCTTCTTCGTGCCCAGGGGACCCCTCTCGGCCTCAGGCTCTGCTCCCCTGAGCTTGGCCCATGGCCCCGGCGCCCCTGGGACTCGGCCCCAGCCATCTCACCACCCGCGCCAGGGGGCGGGGCTCCCACGGCCCGGCCCCGGGTGGGCGGGTCTATCGTGACGTCACTTCCGCCCGGGCCTGGCCGAGGTTCGGGCTCCGTTGGCCGAGGGGGCCGTACGGAGGTGGCAGCTGTGGGAGGAGGCGGCGTGGAAGGCCGAGGAGCTCAAGCCCGGACCAATCCCCACGTTCCGGGCCGCGACCCTGACCCTGCAGCGTACCGGGAAGCGAAACCGGCCGGATGGGCCGCTGAGCCCGAATCGGGCACTGTGTGGAGCCCCCTGGAGCTGAGATCAGG,33.90968875842262,5.083625637471263
5767,ENST00000535923.5,ENSG00000215021.8,PHB2,6965327,6970825,639.1031053606692,1515,1803.0,4369.37,54.5992,AGGAAATGGAGATGACTTGCTGTCTTGCGCTGCCCTCCCTGGGAGGGCAGCCTTCCAGAAAGGGGCGGGACTTCCGTATGCGCGATTCCTGTGCGCGAAGTTCGGGTCCGTAGTGGGCTAAGGGGGAGGGTTTCAAAGGGAGCGCACTTCCGCTGCCCTTTCTTTCGCCAGCCTTACGGGCCCGAACCCTCGTGTGAAGGGTGCAGTACCTAAGCCGGAGCGGGGTAGAGGCGGGCCGGCACCCCCTTCTGACCTCCAGTGCCGCCGGCCTCAAGATCAGAC,11.705356586921955,3.5490969796446725
5768,ENST00000261407.8,ENSG00000111684.10,LPCAT3,6976186,7018510,56.18936268452283,2268,2413.57,912.689,8.5197,CCGGAATTGGGGGTGAAGCGATAGCGTTTTGCCCGCATTCGGGGCGCGCGGAGCTGGGGGGTCCCTGTGGGGCTCCCGGAGTTAAG,6.595227846581784,2.721422501395774
5769,ENST00000000412.7,ENSG00000003056.7,M6PR,8940363,8949955,113.9536739600946,2756,2948.45,1409.87,10.7732,CCGGGAGCGGTCAGGCGCGTGACCCCGCGTGACCGGGGTGCGCGAGCCGAGAGGCCCTGGAAGCGGGACTCTGGGACCCCATTGAAAGAAAGGCAACCAGAAAAGGCGAAACGACAACCTCGATAGTGATTGGAGCTGATGGAACGAGGGCGGAGCTAAAGTCCCAGAATACTGGCCAATCAGAGTTTAAGATTATCAGGGAGCCCGGGAAGGGGAAAGGGGCGAAATGGTTCTATGGTCACATGCCGCGGGGTCTGGTGGGAGGAGCGGTTGCCCAGCGGCCTCTTGGCGCTTCCTGTTTCCGGTTCCCAGAGTGGGGCACAGCGAGGCGCTAGGGGGAACGCTGGCCTCTGAAACTAGCTCTGGGACCGGGGTCTGCGGCCGGCCCCTAGCTGGCCCCGTCTCCCATCCCCAGAAGGGTATTCACTGGGGATTCTGAGCTTTGGCTACTCCAGTTTCCCACGACACG,10.577514012558442,3.402928691792704
5770,ENST00000320756.6,ENSG00000111196.9,MAGOHB,10604190,10613623,192.3718210672464,2623,1926.34,255.918,2.99316,GTGGTGACGCACTTATTCCGCGCGATGACGTCACTGCAAGGCGCCGGGGGACACGTTGGCTGCGTTTTCGGCGGGCTTCCCGGGTACAAAA,64.27047704340777,6.006084275611116
5772,ENST00000228251.8,ENSG00000060138.12,YBX3,10699089,10723312,205.3364777820039,1796,1982.2,2257.97,25.6645,GCGAGGAGCCCAAGAGAGAGCGCGCAGCACGAAGCTCGAGCCGCCTCCGCCGCGCGACCCCACCTCGGCCGCCGCCGCCTGCGCCGCGAGATCCGCCCCGGCCTCCCCGAGAGCGAGCCCCGGCCGCCGCGACCACCAGCCGCGCTAACCGCCGACCAACCGCCACCGAGGCGCCTGAGCGAGAGCAGAGGAGGAGGAGGC,8.000797903017938,3.000143884165655
5773,ENST00000535024.5,ENSG00000111215.11,PRR4,10824960,11171613,25.53967159989607,889,709.488,59.9296,1.90309,GGGAGTCGGCCATCATGCTGGCCCCGGAGGCCGTTAGCTTAGTCATGGCTCTAAATATGTACCTGCAATCGGATGTTGAGGATCACCGAGCCCGCGACGTAGAAGTACGGGAAGTTCATGCGCAGCTGCCAGGCCAGCTCGAAGAAGGCGAGCAGGGTGCGGGAGAGCCCCTTGCAGAAGACGCCGTACGAGGTTCTCCAGCATTTGGCTCAAGGCCCCAAGGGCACATGTGACAAGAAGGCGCCAGCTTTTTAAACATTGGAAGTTCTTCTGTGTCAGTTCTGTGACAGAACATTTACTTAACACATCATGAAGGCTAGTTTGG,13.420107088942757,3.7463242788002895
5774,ENST00000261349.8,ENSG00000070018.8,LRP6,12116025,12267012,11.17676881662603,10020,9125.77,1006.98,2.48606,GCGGCCGCCCCGGCTCCTCGCCTCCCCCACTTCTGGCCACCCCTCGCCGGTGAGAGAAGAGAACGCGAGAAGGGAAG,4.495775973478528,2.168570147212738
5776,ENST00000298573.8,ENSG00000111266.8,DUSP16,12474210,12562383,15.688221587395692,5253,5606.11,1277.34,5.13342,GGAAGAGAAAGAGTGAAGAAAAGTTGCGAGCGTCTCCTCTCTTCCTAAGCCTCCCGCCCCAACCCACCCCTCAGAGAAGGAGAAGATAATATACTGAAAAGAAGAGGAGGAGGAGAGCGACGGGACGGGACGCGAGCGGGAGCGCAGCCGCCCTCTCGGCTCCGCGGCGGCGCCTCGCAAGTCCGGGAGGCGAGGGGGGCCCGAGGGGAGACGCCGTGACAACTTTCGTTTCCCTCTGAGGGAATTGGGAGGTCGGCGGCCCCAAAAGCTTTCAGTCCAGTGTAAAGCTGTTGGAGCGCGGGAGCAAAGGTAAAGAATGATGTAATGCGCTGGCTGCTCCAAAGCATCTTTTGTTGTGGAATGGTTATTCCAGTCATCTCTTTATGAATCAAATGTGAGGGGCTGCTTTGTGGACGGAGTCCTTTGCAAGAGCACATCAACGGGAAAGAGAAAGAGACATTCACTTGGAGGGCTCTTGCTGAAAATGGGTTTAACTCTCCTTTTGCCAGTCACCACCAGCCTGACCTCATACACTTTTAGTACAATGGAGTGGCTGAGCCTTTGAGCACACCACCATTACATCATCGTGGCAAATTAAAGAAGGAGGTGGGAAAAGAGGACTTATTGTTGTC,3.0560954660627204,1.6116896108684466
5777,ENST00000014930.8,ENSG00000013583.8,HEBP1,12974864,13000273,40.49309525776047,1173,1119.81,288.272,5.79992,CTCGCCGCCTCGCCGTCCCGCCGCCTTGCCGCCCTGCCACCCTGCCGCCCTGCCGCCCTGCCGCCCTGCCGCCCTGCCGCCGGTGGTCGCTGCCCGTGGTGCTCCGTCGCCCCCGCCACCTCACGTCCTCCCGTGCGTCGGGAGCGTCTCGGCTACAAC,6.981664446709691,2.803571019637566
5778,ENST00000261167.6,ENSG00000084463.7,WBP11,14784579,14803540,29.347102833554104,4646,4400.93,3804.2,19.4752,AAGCGGCGCTAAGAGAAGGCGGGACAGAGGAATGGGAAATGACGTGAGGAGTGCGGAGGGGCGCGAGGTTTCAAGATGGCGGTAGCTGAGGGGTTGACCGAGAGACCCAGTTGAAGGCCTTTACGAAGTGAAAGAGGCCGGGAGTCGCCCCCTACCCGCTTCTCGTAGTCCTGGGAGCACAGCAGAAGTGTTTTTCTTTTTTTAATGAACAAGTAAACCATACAAATTGTCAAC,1.5068960952161776,0.5915799424272146
5779,ENST00000281172.9,ENSG00000151491.12,EPS8,15620158,15882329,15.552508913635949,4061,3523.43,240.291,1.53651,CACTTCGCCTCAAGCGCTGGAGTCGACCAGAACTCTGCGGCTCGGCTGCCGGCAAGACCCGGATAGCGGATTTCGCTCCTGGCTGCGGGGCGCGCACTCGCCCGCCCGCCCGCTCGCTCGTTCCTCGCGCGGGCACTGGGCATGCGCGGCGCGCGGTTGGCACTGGCTGCGAGCGGGCGGGCGGCTCCAGACTTCACAGGCAGCAGCTAGCGAGGCGGTCTCGCCCGGCGCGAGGCCGGCGCTGTGCTCGCCTCGGAGATCGCTGCTCTTTAGCTGGGTGCAGAAGGCGGCTCCGCGGCTCGCGGACGACTGGCTGGGCGCGAATCAGATTGGGGGGCTTTCTCCCGGTCCCCTCCCACCTCGTCTGGGCTCGCGGCGTCTCCGGGGAAAGCCGTGGCCCCGAGGGCGGATCCGAGAACACACAAGTGAAAGACACA,10.12197051345969,3.339418271605335
5780,ENST00000444129.6,ENSG00000004700.15,RECQL,21468911,21501669,55.06058391882687,3702,2565.62,1144.76,10.0528,GTAGCGGAAAGATCTGCTCGAGGCCTGGGTGCTTTGGTGTCGGAGATCCGAGAGTCGGAGATCGGAGAGTCGGACACAGGACAGTCGGACACCGGACAGTCAAACACCGGAGAGTTAGACCGGGCTTCTCGGTGGGGAGAGGCTCTGGGATAACTACTGTTACAGCTTTGAAGGGTCAAGGGTGTGCGCTTTTTGTTTCATCCTTCCCTTTCCTGCTGCAGGGCGAGGCCGGTCTGTAGCGGATCACTTCCTTTCGCCCACACATTGGCGGAGGAGAAACCGGAAAGTTAATCACTGCCCTGCTCTGAGAACTCGGGCCTTTAGGGGCACGTTCGCCTGCTGACCGGTCTTCTGATCTCCCCATTCTTTTCCATGCAGGAGGATTGGCCACCAAAGCCTGTTTATTAGCAGCTGCCATTTGTTGAAAGAAATTTGGATTATTTTAGAAACAAATTTGGAAAGAAAAAGA,5.477139097448161,2.4534225195211823
5781,ENST00000396076.5,ENSG00000111716.12,LDHB,21635342,21757857,1700.103915837313,1538,1366.05,70.6897,1.16587,TCCGCACGACTGTTACAGAGGTCTCCAGAGCCTTCTCTCTCCTGGTAGGTTTCGGCTCAGGACCCTGAATCCTGGCCCACAGGCAAGCCTGATGGGACGTGCGGGGTAGTACTTGTATGGGGAGACGCGGGAAGGAGGAAGAAGCACATCTGTCCTCCGCGGCCTTTAGCTCTGAGCATCCGGCCGCGGGCCCTGACTTTGCCGCTCAGTTTGGGGCGCAGGGGGGGCCGTGCCCTGGCGGAGGAGCAGAAGGCAGAGGGTAGCAGCTGCGGCTCAGCGGAGAGACTTGTTGCATTTGCAGCTAAAACCAGGCCCTACTTGTCCTTGTGCAAA,1458.2276890539365,10.510000285686743
5782,ENST00000333957.8,ENSG00000111731.12,C2CD5,22448583,22544546,7.61706190047983,4436,3527.94,1016.43,6.49107,GAACGATCGATGCTTTCTTCCGCGCCCCGAGAGCCGCCATTTTTGAGAGCGGGGGAGGAGAGACAAGCAGGGGCGGCAGAGGCTCAACGGGATGCTGACTGGGTTTTGCTTTTCGTCCCAGCCTTGTGGGGCCGGGACGGAAGAACCCATCAAAGCCCTTCCTCCCGCCGCCTCTCCGGAATGAGGTCTCAGCACCCGCGCGGGACAGCACCCTTCCTCCTGCGACAGAGCCCAAGAAGAGGCCGAAACCGAGACC,1.1734678412772979,0.23077830554622572
5783,ENST00000261192.11,ENSG00000060982.14,BCAT1,24810022,24949459,31.18240396620284,9674,8041.06,2059.44,5.77028,AGTAGGGAGGTGGGCAGGAGCCAGTGATGACGGAATGGCAATCACATTTGACCTCTGATCTGTTTATTTCCTCCTCCTTGACGTCTCCATATAAATGTTACACGGGCATCCCCACACTCGGATACGCACCCACAGTGGCTGATTCGGGGGTAACCGTGTCATTTGCTTGCAACACTGGCACCTCTGCCCTGCACCCCGGGAGTGAGCAGTGAGTGAGGCTCGGGTCTGGGCGCTGGCTCCGAATCTTCGGGCTGGGAGAGACTCCACCATCTGGGGGCGGCCTGGGGGAGCAGCCTTAGTGTCTTCCTGCTGATGCAATCCGCTAGGTCGCGAGTCTCCGCCGCGAGAGGGCCGGTCTGCAATCCAGCCCGCCACGTGTACTCGCCGCCGCCTCGGGCACTGCCCCAGGTCTTGCTGCAGCCGGGACCGCGCTCTGCAGCCGCAGACCCGGTCCACACGGCCAGGGGCTACGACCCTTGGGATCTGCCCTCCGCTCAGCTCGAGCTTCCCTCGTGGCCGACGGAACA,5.403967219303542,2.434018923240271
5785,ENST00000311936.7,ENSG00000133703.11,KRAS,25204789,25250936,87.54206267915106,5765,4217.67,1565.93,8.36491,TCCTAGGCGGCGGCCGCGGCGGCGGAGGCAGCAGCGGCGGCGGCAGTGGCGGCGGCGAAGGTGGCGGCGGCTCGGCCAGTACTCCCGGCCCCCGCCATTTCGGACTGGGAGCGAGCGCGGCGCAGGCACTGAAGGCGGCGGCGGGGCCAGAGGCTCAGCGGCTCCCAGGTGCGGGAGAGAGGCCTGCTGAAA,10.465392057912286,3.3875544542030047
5786,ENST00000242728.4,ENSG00000123095.5,BHLHE41,26120026,26125127,4.909956803570961,3837,3976.65,304.627,1.72589,CCCCCGCCCCCCTCCGGGCTGGACCGCGGATGGTACGTTCCGCACGTGAGCTGGGTGCTGGTCTGGCCGGCGACGCGCGTGCCCTGTGGCCAAACACTGCCTGGAGTGAGAGCAAACTACCAGCGCAGTGGGGCCGGCGCGAGTGTGCGTGTGTGTGCGTGTGTGTGTGCGAGCGCGGTGGAGGGGGGGGACCAACTGCTTCACACTTTCAACACTGCACTGAAGAGGGAGAGCGAGAGAGAGACTGGAGACGCACAGATCCCCCCAAGGTCTCCCAAGCCTACCGTCCCACAGATTATTGTACAGAGCCCCAAAAATCGAAACAGAGGAAACGAACAGCAGTTGAAC,2.844883974975787,1.5083698152241687
5787,ENST00000381340.7,ENSG00000123104.11,ITPR2,26335864,26833198,7.73283313259674,11405,10513.3,1370.04,2.936,CTTCCAGCTCCCGCCGGGCGGCTGTGACGGCCGCAGCGGGTCGCAGAGCAGGGAGTGGACACGGAGTGGGGAGCGGAGAGGGAAGGAGGAGGAGGAGGAGCAAAGGTGTTGGAGAGAAAACTTCAGAAAGGAACAGGAAACCTGCCGGGGAGGCGGCGGCGGCTGCGGCTTCTCTGGGCGCCTGGGCTGCGCTCTTCGCGGGGTGTCCGCAGCTGCGGCTTGGCCCCGGTCTGGCTTCCCCGGCGCGCACGCACGGCTGAGCCGCGACGCTCAGTGGCTCGGGCCGTGCCCTCCGCCGCGGCTCTTGGCCGCTGTAGTCCCGCGATCCGATCCGCTTCTGCCGCGGCGGCTCCCTGGAGAGAGGGCGGCGAGGGCGCAGGGAAGAAGAGGGACGTCCACTGTGGAACATGAAGCAGC,2.6337987508844485,1.39714511317483
5788,ENST00000261191.11,ENSG00000064102.14,ASUN,26905181,26938326,38.81606684842322,2974,2757.9,873.098,7.13258,GAGTTTTTCCAGGGGAAACCGGCCTGGGTGGAGAGACAGAGAAGGGGAGACCGGGTGGGTGGGTCGTACGCTTAGGGGGCCGTGGTTGGTACTTCGCTGTTGGGGAGGCTTTCAGGTCGCCCAGATCCTGCTTCCCAATGGGTGACTGGGAAAATTAGCGGGTGGAAAATCTCGAGGGGTGGAGGCTTTTTTTTTCCTCCTTGGCCCCGCCCTCTTCCTGTTCGGCGACTGGGACGCCTGGCCCTACGAGGGGGAAGGGAGGCTTGGCCGGGCTATCGGAGAGCGCTGTGCGCACGCGCGAGCCCGAGTGCGTGTGTGTGTGTGCACGCGCACGCGCGCTCCTGCTCTTAGGAAGCCTGGGAAGGACCGGTGTGCTAGGAGATGATCGGGGAAAGCATAGTCCCCTGTCTGTGGCACCAGACACTCCCGACTGTGCGCTGACTCTCCCCGCCCAGCCAGCAGCCTTTTCCAGAGAGGCTGTGGTCCATAGCCTCTGTTCGTTTTCACTGCAGGACCAGGCACGAAAGTTAAAACAAA,5.442079422652563,2.4441580116833035
5789,ENST00000343028.8,ENSG00000064115.10,TM7SF3,26973195,27014434,35.95480774957248,2709,2785.98,991.56,8.01869,GTTGGGGGTCAGGTGCCGGAAGAGGAAACCTCTCGCTGGGGCTAGGAGTTCGGCGGGGCGCGCGCCGGCGGCTGCGGAGCTGGCAGGTGCGAAGCGTCTGCACCTGGCGGGCGATGGCGCCCGATGCGGGCGCCCCGGGATAGCGTGGGCGAGGCTGCGGGGCCCCGGCGCGCACGCCCGCACCTCTCCCCAGCCCTGGCGTGGGCCCAGCCCGGCCCAGGCAGCA,4.483875514525749,2.164746225273274
5790,ENST00000360150.8,ENSG00000087502.17,ERGIC2,29337352,29381189,49.88404698806438,5014,3716.02,1068.87,6.48052,TCTGTGAAACATGGCGGTAGGCTGGGACCATAACACAAGCATGACTATATGAAGGAAGAGGAAGGTTTTCCTGAAG,7.697537695750399,2.9443970273352438
5791,ENST00000551659.5,ENSG00000133687.15,TMTC1,29500840,29784759,5.017370511404402,4228,4437.64,234.171,1.1889,GCGCGGGGAGCTCGCGGCGGGTCCAGCTGCCGCAGCACCATGCCCGAGCCCCCCTCCGGGCAGACGCCGCGCGCCGCCGGGGCCCCGGTAGGGGAGGATGCCAGACGCCCGGGAGAGGCCAGGGCAGCAGCGGCGGCGGCGGCGCG,4.220178746239719,2.0773041057695103
5792,ENST00000256079.8,ENSG00000133704.9,IPO8,30628988,30695986,31.76996948846176,5325,4614.67,1620.84,7.91336,ACAGCAGCATGGCGGCCGCCGACGGGAGGCGGTCATAGCATCACGCCCGGGGGAAGAGGCCGCCGTAAAGGAAGCTCTGCTTCCTCTTCTTCCTTCTCCCGCCTCCCACCGGCTGTCGTAAAACGGTGAATGGAGAGCGAGTTGTGGGGGGGAAAAAGGGAGGACAGGGGGCGCGGAGTCAGAGTGGCGCAGCAAGTGGCCGCAGGTGGCGACGGTGGCGGGGGGTGGGGTGTGAGGTAATCCAGGGGTCGCGGAAGAGGAGGCTGAGAGGGTCAAAAGAAAACTAAAGCTGCAGTCCGGCCTACTGTTCCGGGGGCCGCGGAGCCCCCACCCGGGGAG,4.0147256650097765,2.0053014086013827
5793,ENST00000337682.8,ENSG00000139146.13,FAM60A,31280422,31327058,55.975082478198594,3163,2763.06,1242.83,10.1341,CTCTGGCCGCCGCGTTTCCCGCGCCGCGGAGCTTCTCCCCTTAAAAGGACAATAGAGGCCTCGGGAGCGCGCGCGGTCGCCGGGACTTCTCCCCCTCCCAGCCCGCAACGTGCGCGCGCCCGTATGCAAATAAGTTCGATTCAAGAGAATTTTGTGCCGGGAGCCGCGCGTGCGCAGAGGGAAAGCGGAATCTACACCTTCCCGGCCAGCGGTAGCAACTGCAGAACTGCAGGAGACTATCTTTCTAGACAAGGCAGTTGAGGAGGAGGGAGCGCTTGAGGGGGACTGGCCTGGCGTGCACTCCGCACCTCGGGGACATTATTGCGCGTGGAACGGCTGCTTTTGGAAGACTATTGCCCAGAAGAAAAG,5.523438931745157,2.46556677877423
5794,ENST00000389082.9,ENSG00000170456.15,DENND5B,31382223,31591097,6.16623400067848,9470,9252.87,562.981,1.37082,GCGAGGGCCTCTCAGGCCGACACTCCCCCCGCGCCCCTCCCCCACCCGGCCGGGCTCCGGACCCGCCGCGCGCGAGCCCGCGGCCGCTTCCCCCGCGCCGAGCGAGGAGGCAGGCTGCGGCGGCGAGAGGCGGCTGCGCGGCCATGGGCGCGCCAGTGTCGCCCTAGGGCGGGCGCACAGACCACAGCCGGAGCGGTGGTGGCAGCCTCCGCAGAAAGCCTTCCCGGGCGGCGGCGGCGGCGGCCCCTGGAGCAGCGCGGCCGGG,4.4982083721265225,2.1693504931456724
5795,ENST00000281471.10,ENSG00000151743.10,AMN1,31671137,31729174,8.47084148337794,2110,1514.23,137.543,2.04649,TTCTTTCCTTGTGGAGTCCGAAGCGTGGCCACGCCCCGGTCACCGGAAAAATCCGTGTGACGTCACAAAAACCTACGCGTCGCGCGGTGGGCGGGAGTTGGCGGACGGTCCCTGGCTGGGTTCTGGAGGCCCTGGGACCGCGGAAGAGGCTTCAGACGCTGCAGCG,4.139204923248069,2.0493536751048875
5796,ENST00000324868.12,ENSG00000139131.12,YARS2,32727490,32755902,88.76476806096419,2122,2070.54,488.515,5.31564,CCAGCATTCCCTTCGTGCCGCTACCAAG,16.69879225473587,4.0616718579991575
5797,ENST00000340811.8,ENSG00000057294.14,PKP2,32790745,32896840,21.571035689334416,4302,4298.61,869.563,4.55759,GGGGCCGGACTCGAGCGGGGCGGGGCTCGCGCCAGCGCCCCCAGCTCCGTGGCGGCTTCGCCCGCGAGTCCAGAGGCAGGCGAGCAGCTCGGTCGCCCCCACCGGCCCC,4.732991710385185,2.2427523952652355
5798,ENST00000331366.9,ENSG00000139117.13,CPNE8,38646822,38907430,29.025873754009236,3489,2640.37,405.606,3.461,ACCCTCAACCCCCATCCCCGCCTGACGGGAGCTAGCCCTCAGTCCGCCCGAGCTGTGGTTGTGGGCGCCGGACAAGTCCAAGGCGCCTCCTCCCAAT,8.38655699335719,3.06807864998743
5799,ENST00000544797.6,ENSG00000139116.18,KIF21A,39293228,39443390,5.400255458588079,5040,4561.79,503.578,2.4871,AGCCTACTGCGCCCGAGTCCCGCGGCCCCAGTGGCGCCTCAGCTCTGCGGTGCCGAGGCCCAACGGCTCGATCGCTGCCCGCCGCCAGC,2.171306123030067,1.1185631396072762
5800,ENST00000280871.8,ENSG00000151229.12,SLC2A13,39755021,40106089,10.161273802577275,7003,5465.24,395.918,1.63214,CTGCCGGCCCGCGGAGCCGCGTCCCCCCGGGCAGCCCCGGGCCCCTGCCCT,6.225736641818273,2.63824454989113
5802,ENST00000280876.6,ENSG00000151233.10,GXYLT1,42081845,42144879,31.140132576617383,1937,1288.94,156.738,2.73971,TCCCTCCGCTCCAGTTCGTCGGGGCGGGCGCGGCGGCGGCGGCGAAGGAGGAGCGCGGCCGGGGCG,11.366214882822408,3.506679990371805
5803,ENST00000534854.6,ENSG00000015153.14,YAF2,42157104,42238349,37.501686104093714,2076,1280.62,340.077,5.98301,ATTATCCTCCTTATTGACAAACAGAGCGGTCGCGGCGGCGACTCTCGGCGTGCGGTGATAGCCAAGCC,6.268029988934284,2.648012082296657
5804,ENST00000266529.7,ENSG00000139168.7,ZCRB1,42312078,42326118,28.711232961496524,1827,1275.52,811.103,14.3269,GCCCGGATCTCAAACAGTCGGGAAGAAGCACCGTGGCTGCTATTATCTGCTCTCCGCGCCTGACCCCTCCCAGGACTCGTGATGCCAAGGCCGCTGCGAGCGGCTACGAAGAGTCGGGGTTGAGCCCCAGCTGAGCCGAGGGCTCGCACTCTTCTGGTCTCCCAGGCCCAACCCACCTGAAGAA,2.004008750078281,1.0028888077681433
5805,ENST00000344862.9,ENSG00000129317.14,PUS7L,43718993,43758817,24.37368740137608,13593,10102.5,1533.53,3.41998,AATTACGCCCCTGTCGGAGGCTGAAACACTTAAGGCTTCCGGGCATGCGCACAGCGTTGTGCAAATGAATGCCTTCCACTGAACCGAGGCACTGTTATAGAAGA,7.126850859179317,2.833264733967914
5806,ENST00000395510.6,ENSG00000151239.13,TWF1,43793723,43806375,9.405523901630376,3045,2200.83,2069.29,21.1835,GGGCGGGGCGGCCGCGGGTCGCGGGCGGATGACGCGCCGGGGCCGGCGGAGGAGCAGCCACTTCCTGGGGCCGCCGGCCGGGGCCGCTGGCTGCACTCAGCGCCGGAGCCGGGAGCTAGCGGCCGCCGCC,0.4440023556839227,-1.171360763977527
5807,ENST00000429094.6,ENSG00000184613.10,NELL2,44508275,44921848,33.61991645902691,3612,3663.34,251.023,1.54383,GGCCCGCCCCTCCCTCCCCGGAGGAGCAGTCTCTCCGCGCGTCTCCCGGAGCTTTCTCCATTGTCTCTGCCTTTACAACAGGTTCGGGCGGCGGGGAAGACGGGGGGGTGCGGGGCCGCCCCAGCCCGGGCTTTCTTGGGGCCGCCCCCCTTCTACCGGGTGTGCGAGTCTTTGGCTGCTTTTATTCGGCTCGGGAGCTAATTCCCCGACGGAGCCGCGCCGGGGCGAGTCCGACCCCTCCCTCCGGGCCCCCTCCGGGCCGCGCTGCCGCCTCGGCCCTGCGTGTGGGAATGATGTGCGCATTGGAGGGTCTAAGTTCTTCACGCGCCTGGGGAGGCCTCCCTTTTCTTTCTTAGGCAACCAAAGCGTATTAATCCTACTGATCAGTAAATCCGAGGCAGCAGCAGGAGAGACAAACGTTATTTTCCCGCTTGATTCCAAGAACCTCTTCGATTTTTATTTTTATTTTTAAAGAGGGAGACGATGGACTGAGCTGATCCGCACC,21.776955013846674,4.444730336658633
5808,ENST00000369367.7,ENSG00000139218.17,SCAF11,45919131,45992120,35.50099402510689,7543,6232.47,1463.98,5.29219,TGGCTTAAGCCGCGCGGAGCAGCGCAACCTGGGTCGCTCCCTGCTTCGCCGCCGCCTCCGGACCGAGCCAGCGGAGTCAGTGTCCTAGAGACCCTGTAACACCACAAAGCGGACGAAGGAGTCCATGTTGGGGAACTTGGCAGCGGAGTGACTGGGACCTGGGAACCTACTGTGGGGCCGCGGCCGGACCGAGCGCCTCGACCTCGGTCTGAGGAAACCCTTTTCCAAAGAGAA,6.708185840853577,2.745922657292836
5810,ENST00000398637.9,ENSG00000111371.15,SLC38A1,46183063,46270017,96.5034168348486,8066,7656.82,5164.8,15.1973,GCACAGGAGGGGAGGAGACCGCGCGCGGGACGGGGAGGAATGGCCTGTCCGCGTTAAACCATCACAAGCCATGGTTGCGGAAGGGCCACGCGTCCCCCAGTAGGAGAATGACTCCGATTCGTGACCCTCAGCGCCGGTGCATGTCGATGTAAGTGCGAGGCCGGCGAGCAGAGTGTGAGTGGGGGTTGGTGGTGAGGGGAGATTCTGATGCAATCGGCCCGGAAAGGAGGAGAGCCAGGCGAGCGCGGACTGGGGCGGCCACGCCACTCCGCCAGAAGGTCGCCAGGAGCCTCCGCCCTTCACCTTCCTCCGAAATCCGCCAGGCCACGCCAAGCTCCCTGCCCAACCCTTACTGACGGGGGCCACATTTTCCCGGCCTCCGCAGCCAGACCTTGACACAAAGGACATCAAACTGCCGAGGGTAAAAACCCCGGAAGGGCGGACACCTCCACATCGCCTTTTGCCACCTTTCCCTTTATTTCCGGAGATATTTATTGAGTGTCTACTGTGTGCCAGGCACTATATCTATGTGCATAGAAAAACCCTGGAAGGCCATACAACAATATATATAGAGTGATCGTCTCTGCTTGCTGAGCTAACAGGGGTGTCAAGCTTCCATTTTGGTATCTACTTCTAAATACACTCAGAACAGGAGAAATTTGGACTAATTTTCAAACTACAGACACTTTCTAATC,6.350036969385917,2.666764991159523
5814,ENST00000549258.5,ENSG00000134294.13,SLC38A2,46358189,46372867,145.80724706931937,4384,3325.63,604.523,4.09544,AGCCGCGCGACGCCGCCGCCTTAGAACGCCTTTCCAGTACTGCTAGCAGCAGCCCGACCACGCGTTACCGCACGCTCGCGCCTTTCCCTTGACACGGCGGACGCCGGAGGATTGGGGCGGCAATTTGTCTTTTCCTTTTTTATTAAAATTATTTTTCCTGCCTGTTGTTGGATTTGGGGAAATTTTTTGTTTGTTTTTTATGATTTGTATTTGACTGAGAGAAACCCACTGAAGACGTCTGCGTGAGAATAGAGACCACCGAGGCCGACTCGCGGGCCGCTGCACCCACCGCCAAGGACAAAAGGAGCCCAGCGCTACTAGCTGCACCCGATTCCTCCCAGTGCTTAGC,35.602339936446235,5.15390015921859
5815,ENST00000005386.7,ENSG00000005175.9,RPAP3,47661249,47706061,75.20889826774352,4370,3087.64,686.404,5.00859,GCTTGTGGGGAAGCGCAGGAGGCGGGGCTTTGCGTGAGTCACTGCCGGGCTCGGCGTGAGTCGCTGCGGGGCTGACGGGGTGGCAGTGCGGCGGGTTACGGCCTGGTCAGACCATA,15.015982196135743,3.9084269396225766
5817,ENST00000354334.7,ENSG00000061273.17,HDAC7,47782722,47833132,1.9663799337311447,4065,6445.63,324.791,1.13527,GGCGACTGGGGGGATGTGAGGCCGGCGCCCCAGCCCCCCGCCCCGCCATGAGCCCCCCGCTCTGAGGGCCCCGGCCCCTGG,1.7320812967233739,0.7925066457846959
5818,ENST00000380518.7,ENSG00000139219.17,COL2A1,47972965,48004486,24.889782931388343,5071,7950.9,495.481,1.40402,GGGAGAAGACGCAGAGCGCTGCTGGGCTGCCGGGTCTCCCGCTTCCCCCTCCTGCTCCAAGGGCCTCCTGCATGAGGGCGCGGTAGAGACCCGGACCCGCGCCGTGCTCCTGCCGTTTCGCTGCGCTCCGCCCGGGCCCGGCTCAGCCAGGCCCCGCGGTGAGCC,17.727513091970444,4.14791825653114
5819,ENST00000448372.5,ENSG00000079387.13,SENP1,48042898,48106308,18.182945431396494,4679,4059.81,597.254,3.31448,GAGGCCGTTCCTTCTGGTCTCTCTCTCCTGGGCCGCGGAGAGACCGTCTCCCTGCCGTTACAGCAGGCCCCATCCCAGCGCCCAGCCGTACTTGGGGAAAGGCCGGTTGCGATTCCGGGGCTTTCCCGCCAGAGCTGGGTCTTCTCTGGGGAGAGCTGTTTTCACCGGGAAGCTCGGCTTTCTGTGGTACCGGCTTCATCTCCCGCCTTCCTTGAGACCCGAGTGATATTTCTTGACTACTTCTGCGTCTCACGTAAACATTTCTCCAACTCTCCTACTCTGTGGTATCTCCCTGAGATGTGATATCGCTAGTGCCACCATCAGAAAGAAACGTCTGGACCCTCCTGCTCAGGACTTTGTATCTTTGCTAAAGTCAGTGATGTGAAAAGACTTGAA,5.485911947393405,2.455731466138369
5820,ENST00000317697.7,ENSG00000177981.10,ASB8,48147788,48181213,19.945957076531958,2615,2850.09,385.287,3.0457,GAACACTCATCAGTGCGCAGGCGCCCATCTTAGTTGGTCTTCTAGTCCGGTAAACAGAGGGCCTGCCCCCGACAGCTTCTGCTTCCGGGTCACGCCTTGACAGCGGCTTTCAACCCCCACCTCAGCCCAGCAATTCGGCAGTTTGGAGCATGTGAACACCTTGAGCCTTG,6.548890920488543,2.7112506014604856
5821,ENST00000261900.7,ENSG00000129315.9,CCNT1,48688458,48716998,42.03383361434195,6973,6671.64,1678.28,5.66753,GCATATTGGCTGTTAACTCGGCTACGGGGTGTAGCGAGGTGCATTCCGGAAGTAGGTCCTTTGACTTTTGCTTCCTCTACGGAGGCAAGTAACAACCCGGCGGTCGACGCTTAGCGGAAGTTCGTCAAGTCGCAGTTGCCCCCGCACAGCGGATGTGGGTCGCCTCTTAGGTGACGCTGGGAAGTGCCTGCAGCCTTCGCCGCTGCCTTCTGGTTGAAGCACT,7.416605402060854,2.890759012963258
5822,ENST00000307885.4,ENSG00000174233.11,ADCY6,48766194,48789037,8.519293462073371,6464,9103.8,604.369,1.49569,CCGGTCTATAGGTGCATACCACCACACCAGGCTAATTTTTTTTTTTTTGAGACGGAGTCTCACTCTGTCACCCAGGCTGGAGTGCAATGGCGCGATCTTTGCTCACTGCAACCTCTGCCACCCGGGTTCAAGCAATTCTCCTGCCTCAGCTCCTGAGTAGCTGGGATTACAGGCGCCCGCCACCACGCCCGGCTAATTTTTGTATTTTTAGTAGAGACGAGGTTTCACCATCTTGGCCAGGCTGGTCTTGAACTCCTGACCTTGTGATCTACCTGCCAGGGCCTTCCAAAGTGCTGGGATTACGGACGTGAGCCACCACGCCTGGCCCAGGCTAATTTTTTGAAATTTTAATAGAGGCAGGGTCTTGCTGTATTGCCCAGGTTGCTCTCACATTCCTAGCCTTAAGCCATCCTCCTATCTCGGCCTCACAAAGTGCTGGGATTACAGGTGTAAGCCACTGTGCCTGGTTTTGGGCAAGTTTCTTGTCCTGACTGTGTCTTGGGTTCTCACCTGTTGATTGGGGATACCCTTGTTGCCTACCTCCAAGTAATTTTATGAGGATGAAACTCATAGCTTGTCAGTGGGAAGTGCTTAGGTAATGAGCTACTAGTGGTGGCAGTGGCTGTGATGGTGGTATTAATACCACTCCTACTGGATGGTCTCTAATACTATCTCCTTCCTTCCCTACCAGCAAC,5.695895180200022,2.5099225970772983
5823,ENST00000308025.7,ENSG00000174243.9,DDX23,48829764,48852842,36.3579605374041,3248,3965.67,2573.25,14.6193,ATCTCCGCGACCAGGAAACGGGAAAGATGGCGACGGCTCCGCGACGTTGAGGCCGCGTTGGGCGGTTCAGACTCAGGGTG,2.486983681667665,1.3143970413487995
5824,ENST00000550765.5,ENSG00000134285.10,FKBP11,48903418,48957551,68.52606498643159,1030,1197.33,122.027,2.29617,GGCACATCCTGAGCACCCTGTGCCTTATCTGTAAAATGGAAACAATCATGCCGACCTTTCAGGGTGGTTTTGAGGATTAGAGACTAGCTCCTGACACACAGTAGGTAATCGTAAATGGGTGCTATTGTTTGGCCCGACCCACGTTATAGGACAGAACGTCTAACGGATGCGTCAGAACCTGCGCCCTCCGGATCTTGGAGGGTACAGAGGGCGCCCCTCGGCCTCCTCCCTTTCGGAGGTGGGGACAAGGTGGAGGAAGGGCTGCAGGAGGAGGAGCTCTAGCATCGCGACCCGCCCCGTCCCGTCCAGTCTGGCCTGGGCGCCGCGGGAACGCTGTCCTGGCTGCCGCCACCCGAACAGCCTGTCCTGGTGCCCCGGCTCCCTGCCCCGCGCCCAGTC,29.843637442537613,4.899351481703458
5826,ENST00000256682.8,ENSG00000134287.9,ARF3,48903418,48957551,128.40614970889902,4105,5554.68,2457.85,9.96917,ACCGCGCAGCTATCGCGCGATCGGGGAGGTGGGAAGTATCCCGGGCTGGGGGTGGGGGTACGCCGCACAGCTCCAGTCGCCGTCGCGGCTTCCGGTGCTAGGTGGAGGGAAGGAAGGAGGGAGCCGGGGAGTGGGCCAGGGCAGCAGCCGGGCTGAAGTCGGCTTGGGGAGCCAGAGGGAGCGGAGCGGAACCTGCGGGGCAGAGGCGGCGGCCGCAGCGGCGCAGCTGATAGCAGGAACAGGATCAAGTCTTCCATACCAGGGACCAGGCCAAAACCAGACTGCCACTGCCCCTACTTGGGCCCCACTGTCCCCAGAAAGCAGCTGCTGTGATC,12.880325012904688,3.6870970927335174
5828,ENST00000547306.5,ENSG00000181929.11,PRKAG1,49002274,49059774,63.554515258162525,1531,1554.76,501.074,7.26107,AAACCAAGCCGGGCGCCTCTTGCAATGGAGACGGTCATTTCTTCAGATAGCTCCCCAGCTGTGGAAA,8.752775452951497,3.1297405594934236
5829,ENST00000336023.9,ENSG00000123416.15,TUBA1B,49127782,49131397,1074.9406105375797,1627,1771.7,48995.4,623.055,AGTGCGTTACTTACCTCGACTCTTAGCTTGTCGGGGACGGTAACCGGGACCCGGTGTCTGCTCCTGTCGCCTTCGCCTCCTAATCCCTAGCCACT,1.7252740296403684,0.7868255269951729
5830,ENST00000301071.11,ENSG00000167552.13,TUBA1A,49184796,49189324,255.75425869567167,1915,2113.5,2038.7,21.7327,ATAATGGATGCTCGGCCGACTGCTTCTGCACGGTCTCTTTGTCTAAAGGATGCAAACAGTCTACGGATGCTAGAGAAAAAGGGGTGGGGGAGAGATTACCTCATCCCACGTCGCTTGCACCAATCACCAGTCTCCTGTCATGGCTTCTCTGGGCAGATTGGGGGTCTGGACCAACAGGAAAAGGCCCCGGCCCATCCCCATGGTGACCGAGTTGTATATAGGGAGCCGCATCCGCCTATGTGCCGCAGGTTCTCTTACATCGACCGCCTAAGAGTCGCGCTGTAAGAAGCAACAACCTCTCCTCTTCGTCTCCGCCATCAGCTCGGCAGTCGCGAAGCAGCAACC,11.768176926735824,3.5568189367189835
5831,ENST00000343810.8,ENSG00000187778.13,MCRS1,49556544,49568153,170.74041594159883,1928,2365.65,747.051,7.11478,CCTGGTTCGTTAACCGGAAGTAGACGTACCTCACGGAAGCCGGCTTTGGCCCTGCGGCTGCTACCGTCGCCGCGGAGAAATTGTTGGATCTGGCAGTCTAGGAATGAATCTCCTCTCAGCCTTTAAGCTCACCTGGTCAGAATCCTTGGATGAGCCTGTGGGACCGTTCCTCCTAGCCCGGTGGTTTGGAACCAGTGGCTTTGGGACTGTAAGAGG,23.997989529064686,4.584841641640249
5832,ENST00000335999.6,ENSG00000167566.16,NCKAP5L,49791146,49828750,6.758034899126042,4900,8368.85,598.291,1.61068,GGAGGCGGCTCCGGCACCCCCCTTTCTCTGCCCCCCGCCCCCAAGCCGCGGCCATGGACCTGGCGGATCCGGCCTGCCCTGGCCCAGCTCAACACCTGATTTCGGCAAGGTGACCGTTCTGGATGCTAGAGTGAGTGTGCCCACCTGCGTAAGGGGGCAGAGACAGCCTGCCGGGGCTTCTCTTCCTTGTTCCCAGGGCCAG,4.19576508004448,2.0689339040013044
5833,ENST00000333924.5,ENSG00000186666.5,BCDIN3D,49836039,49843129,14.049312778626552,3253,3094.29,205.836,1.49872,GGCTTCCGGTTCCGCCACGGCCCAGAGGCTGTGTTGAGGCTA,9.374207843110488,3.228696782325003
5834,ENST00000312377.9,ENSG00000161800.12,RACGAP1,49976923,50033136,93.67835431881538,3073,2933.51,1160.57,8.9134,TCTGCCGTTGGGTGAGGCGCGGAGCGAAGTGAAGGGTGGCCCAGGTGGGGCCAGGCTGACTGAAAAAG,10.509833993629298,3.393667976512932
5836,ENST00000317551.10,ENSG00000139624.12,CERS5,50129306,50167533,35.899920949253094,2051,2114.91,226.363,2.41144,CCAGAAGGGGCCGGAAGGGGGTGGCCGCCGGCCGGGCCCCGCCCTGGGGCCGCCTCCCCGCGGGTTCCGTTGGCTGTGGCGGCAGCTGACGCTTGTGGCGGCGGTGGCTTCGGGGTGGGCGTAAG,14.887337420484481,3.8960138478841224
5838,ENST00000552783.5,ENSG00000050405.13,LIMA1,50175788,50283546,180.5229430287816,3612,3374.06,783.268,5.23021,TTCCTGCTTCAGCTCCTGAGTTTTTCTCTCTTCCCCTCTCCCTCTCCCTCTGCCGGGTGGATGCTTTCTCCATGTGGCAAGGCTGTAACTGTTCACAGCTGTCTGAAACAGCAGTGGACCAGGAGCAGCTTGGAGTTTTAACTTTCATTTTACAAAGAACAACATGTTTGAATGTTTCAGCAGGCAAGTTATAACTGGCATCTACTTCTTGTTCTTCTAGAACACCGAAAATCTCTCCCAGCACTTTAGAAAGGGGACCCTGACTGTGTTAAAGAAGAAGTGGGAGAACCCAGGGCTGGGAGCAGAGTCTCACACAGACTCTCTACGGAACAGCAGCACTGAGATTAGGCACAGAGCAGACCATCCTCCTGCTGAAGTGACAAGCCACGCTGCTTCTGGAGCCAAAGCTGACCAAGAAGAACAAATCCACCCCAGATCTAGACTCAGGTCACCTCCTGAAGCCCTCGTTCAGGGTCGATATCCCCACATCAAGGACGGTGAGGATCTTAAAGACCACTCAACAGAAAGTAAAAAA,34.515429213890386,5.109169519802158
5840,ENST00000262052.9,ENSG00000110911.14,SLC11A2,50979401,51028566,18.20913429389966,4132,3988.29,439.188,2.481,AGCGTGGCGCTGGCTCCCGGAATATGGAGCCCTGGGCGCGGGGGCGGCGTGTCAGGTGGTTGCGGAGCTGGTAAGAATCATATTCTAAGAACTCAGCCACTCAGGTATCCACC,7.339433411487167,2.875668694405246
5841,ENST00000228515.5,ENSG00000110925.6,CSRNP2,51061205,51083664,5.262186044315315,4471,5116.95,516.993,2.27633,CGCCCGAGTTGCCGGAGACGCCCGGCCCTCTCTGCCTGCCGGCTGGGCTGCCCACCGCCCTCCCTCCCCGCCCTGCCGCCCTGGGAGCTCCCCGGCCGTCGCCGCGGGGCCCGGGACTCGCTCGCTCCTCCCTCCTTCCCACCGGGCTAGGGCGGCGGCGGCAGCGGGGGCGGCAGAGACCATCACGGGAGGAGGCAGCTGCGGCGGGGCCGAATCCTAATGTACCTGGCTAGCTGGTGGTGAGTAGGGGCTTTGGGGCCAACTTGGTGGGCTCCCCAAGGAAACCCCTTTGAAACCA,2.311697356848662,1.2089525352290738
5842,ENST00000257915.9,ENSG00000135457.9,TFCP2,51093663,51173134,37.22753041704223,3546,3676.36,798.591,4.89405,GAGAGAGCGAGACCTGGGAGGGAGGGGGCCTCCAGCAGAAAGGGGCGGGGGAAAAGGTGCAAAAGCAGCGTGGGAGCGCCGGGCTGGCTTCCTGCGGCTGCTGCTGGTCTGACTGGGAAGCAGCAAGCCACCACTACGAACTCTCAAGAGGAGTGGGAGTGCGGGAGTCCAGAGCTGCCTCTGGGAAGTCTGCAGTAGTTGAGCAAAGGGGTCCTCACGTTCCTGAGAGCTGGGCAGGGGGGATTTTGGAACCTGGGGCAGCCAAGAACGAGCAGCCAAGGGTACGGGAGATTAGTTGTGCACAGAGCAGTGCTGGTCGGGCTTGGGGGTGGCTGGTGGGCACTGCGTGGGAAACCTTGGTTTGTAGTTTTCTTGGTTTGCGTTACTCCTGTTGGGTAGAATTACCCTCCGCGCCTTTGTACAAGACACGGTGTCTCCTGGGGCAAGGAAGGAGCCAGG,7.606691884439724,2.9272691686362484
5843,ENST00000543196.6,ENSG00000139629.15,GALNT6,51351247,51392867,5.701935081737413,5207,6511.51,352.005,1.21795,AACAGGCCCTGCTGTGAGGGACCACGAGGCAGTGCCAGGATGAAAGAGTTGGAGTAACCTAGGTGATTCTGAGTGAATCAGTCAGGAGGCCTTCCTGGAGGGGGCTGAGGCCCCAGCTTGTGGCCACCACAACGTATCAAGCTATCTCCAGGGTTGGGCTCAGGACTCAGAGCTGACGCAGCTGGGGTGCCCCTTGGTTCTGGAGG,4.681583875969796,2.2269967057539226
5844,ENST00000301463.8,ENSG00000167778.8,SPRYD3,53064316,53079420,6.165372225365194,2932,4163.18,217.839,1.17889,CCTCTAGGAGTGAAGGAAAGGCGGGGACCCGGATGTGTGTGGTGGCGGCGGCCGAAGAGCTTGTGTGCGGAGCTGAGAGGCCTATGG,5.2298112846535245,2.3867588884212405
5845,ENST00000209873.8,ENSG00000094914.12,AAAS,53307456,53324864,82.89454779518029,1840,2483.21,1280.78,11.6204,TTTCCCGTTAGTCTTTTCTTCACTTCCGTTGAGTTCCGCCTCGCCGTTTGTCCCTTGCGGTACCCGTCCGCATACGAATCTAGCCCGGGAACCGAGTTGCGGGAGTGCGGTCTGTGCCGTTCCGGCCAGGAGTTTGCCGACTGCAGACGTCCTGCGAACCGGCAAG,7.133536521563826,2.8346174844109906
5846,ENST00000420353.6,ENSG00000170653.18,ATF7,53506688,53626410,14.95627012923976,6680,8124.99,813.733,2.25643,TCGCGAGAGTTGAGCGCGCCTGGCCGGACGGGAGGAAAGTATCCGTTCCGCCAAGGGGGGAAAGGAGGAGCTGGAGACAGATTGTAGGACCGAGCGCGGGCAGGCGGGAGGCAACGGAGCTACCAGCCGCTCCTCTCTGCTATATGAAAT,6.628288991566218,2.7286365050352797
5847,ENST00000394349.7,ENSG00000135390.17,ATP5G2,53632726,53677408,733.2490413115465,878,886.769,83.4936,2.12131,CCACGTTACGGATCGGCTTACTCCGCGGAGTTGGCCTCATTTCTGCAGTCGGCGCTCCCTGTAGTTTCTCCTCTCGAACGCCAGGTGGAGCAACCGGCCGGATACCGCCACAGCCCTGGCAGGCGGCGCTGTG,345.6585983715471,8.433204003380768
5848,ENST00000550804.5,ENSG00000012822.15,CALCOCO1,53708517,53727745,9.373097060284596,2291,2818.06,171.146,1.36829,GGTGAAAGGTGAGGGGAACAGCTGATCCGTCTGTTGGGAGGACAGATATCTCAAGGCCAGG,6.8502269696369895,2.7761517899045463
5849,ENST00000209875.8,ENSG00000094916.14,CBX5,54230940,54280133,166.90752268988402,11528,11316.0,6522.37,12.986,TTGCGCAGAAGGCGGCGGCGGTGGTGGCTTGTGGTGCGGCCTCACCATACAGGAACAGGGCAGACGTTAGCGTGAGTGATCACTCTCAATCCCGGGGACCTGGTGGCCTTAGTCTTTCAGGTGGAACGGTGTGCGAC,12.852881771899277,3.6840199602917494
5850,ENST00000338010.9,ENSG00000161642.17,ZNF385A,54369133,54391298,11.019907199640166,2331,3696.08,339.627,2.07025,AGAACGGCCCCCGGGACAGAGCGACGCGGAACCCCGGGCGCCTGGGTCCCCAGC,5.322983794053938,2.412235173951994
5851,ENST00000293379.8,ENSG00000161638.10,ITGA5,54395261,54419460,12.386970001701304,4444,6318.25,931.691,3.32229,AGTCCAGACAACCGGCTTCCAGCTGGGGCTGGGGAAAGGGGGTTGGAGGGGTGCGCCCCCCCCCCACGCCCCTTAGGGGTGGGGGACGCGGGCTCAGAGTTCCAGGGACCCAGGAATGCCCCCCCGCCAGCCCCCTCGGCAGGCGGGGGGAGGGCTCAGCCGGGAGTTTGGCAAACTCCTCCCCGCGTTGAGTCATTCGCCTCTGGGAGGTTTAGGAAGCGGCTCCGGGTCGGTGGCCCCAGGACAGGGAAGAGCGGGCGCT,3.728443333273526,1.8985734148977542
5854,ENST00000552884.5,ENSG00000205323.8,SARNP,55752463,55830824,131.53661414358749,997,765.556,181.914,5.35366,AGTGGAGTGAGGGGTAACAAG,24.56947474131482,4.618795110251241
5856,ENST00000398213.4,ENSG00000170473.16,PYM1,55901413,55932618,27.464243818103554,1073,1260.62,131.285,2.34636,AAG,11.70504262692151,3.5490582832916915
5858,ENST00000550164.5,ENSG00000139613.11,SMARCC2,56162359,56190284,29.73668984767949,4114,4826.53,579.572,2.70542,CCCGAGCCGGAGAAG,10.991524365044794,3.458319575932052
5860,ENST00000267116.7,ENSG00000139645.9,ANKRD52,56237807,56258391,33.2350261427389,8688,13236.0,2827.52,4.81295,AGGCGGGGCCGCGCTCTCCCTGCAGCCGCCACCGCAGCCGCCGCCTGGGCCGCTCCGTGTCCCCGGTGGAGCCGCCGCCGCCGCCGCCGGGAGCTCGATGCGGACGGAGCCCGGGCCGAGCC,6.905333764684633,2.7877111478675647
5861,ENST00000351328.7,ENSG00000062485.18,CS,56271699,56334053,157.22024717907846,2975,3487.58,5454.74,35.238,CAGTGGGCGGGGCCTCCTTGAGGACCCCGGGCTGGGCGCCGCCGCCGGTTCGTCTACTCTTTCCTTCAGCCGCCTCCTTTCAACCTTGTCAACCCGTCGGCGCGGCCTCTGGTGCAGCGGCGGCGGCTCCTGTTCCTGCCGCAGCTCTCTCCCTTTCTTACCTCCCCACCAGATCCCGGAGATCGCCCGCC,4.461667721751475,2.157583074310106
5862,ENST00000273308.8,ENSG00000257727.5,CNPY2,56271699,56334053,113.45407161164688,1214,1345.91,266.581,4.46246,CTGGACTGCTCGCTGGCCGGCAGCGCACCGTTTTGAAGGTCCTAGCCCACCTGGGCTGGCTCACGCGCACGACTAGCCGCTCCCATACAGCACGCCCGGACTCTGTCGTCGCTTAAGGCCACTCCTATTCTACGGCTGACCCCTGGTGGTCACGTGGATCTGTTCGCCACGCAAGTCTGGGTCCTTCGGCGATTGACCGGGGTCCTTGCTGTTCGGGAGCCTCTCCTAAGCTGCCTGTTCGCGCGAGAGTTTGGAGGGGCGGGTTTGGGGTCGGTGTCTGATTGGGGCTCGCACCGCAGCACGCTGGAGTCCCGCTTAGGTACCAGTTAGCGTCAGGGGAGCTGGGTCAGGCGGTCGCCGGGACACCCCGTGTGTGGCAGGCGGCGAAGCGCTCTGGAGAATCCCGGACAGCCCTGCTCCCTGCAGCCAGGTGTAGTTTCGGGAGCCACTGGGGCCAAAGTGAGAGTCCAGCGGTCTTCCAGCGCTTGGGCCACGGCGGCGGCCCTGGGAGCAGAGGTGGAGCGACCCCATTACGCTAAAG,25.424109484823813,4.668125337433138
5863,ENST00000440411.7,ENSG00000135473.14,PAN2,56271699,56334053,9.024629088228812,4576,5478.59,386.237,1.58836,ATGCCCCGAGCCCTTCTTGATTGGAAGAAGCGCCTCGGACCCCGGTCCTTGGCGCCGTAGTGGTTAGGTTGAGCCCTAGGCGTGGGGGAGAACTGGGGAAACTGGAATTTCCCGCGGAGCTGACAGCGCTTGCGCTCCCCCTACTCGTTCTAATTCCACGCGCTCCAAAATATCCGCCATGGAGAAATCTTGGCCAGGATGTCCATTCTAGGCCCATCGGTGCTGTCTTGCTGAAGGTTGGGTCAGGCATCTAAAGGGACTGTGGTAAGGGAGGGTGTGACACAGGTGTAAGCTGCCATCGTCATC,5.681727749520771,2.506329703786101
5864,ENST00000553532.5,ENSG00000111602.11,TIMELESS,56416373,56449403,15.074415481590004,5121,5975.29,1009.99,3.80821,GGTCCAGCTGAGCCTGGTGGCGGAAAGGCTGCGGCCCCGCGCCAGAGGGCCGGTGGCTCCTCCGGGCTTCTGAGGACCCGCAGGGAGCGGGCCTCATCATTTCTGTCTCCTGTTTCTCCACTTCCTTCTCTGTTGGTTGGTCCACTGATGT,3.9583992168472864,1.9849171199957745
5866,ENST00000551812.5,ENSG00000076108.11,BAZ2A,56595596,56636816,20.212221532425087,8600,11850.9,2916.41,5.54444,AGTCTGTCACACAGGGACATCACCCTACAGCAGTTCAGGCTGTGTGGTTCGCAGGAAGCATACACTGGCTTTTTGATTCTTGCTAGTTCCCAGCTCACAGTTTGGGAGGATCCAACACCAACCTTTACGTGAAGTGGAGGCCCAAGGACAGTGAGGAGCTGGGTGGTCCCAGCCTGGAGCTGTGCCAGCCTGAC,3.645493779791122,1.8661142399043351
5867,ENST00000262030.7,ENSG00000110955.8,ATP5B,56638175,56646068,1394.1916770101418,1839,1947.93,16558.1,191.514,AGTTCACCCAATGGACCTGCCTACTGCAGCGTAGGCCTCGCCTCAACGGCAGGAGAGCAGGCGGCTGCGGTTGCTGCAGCCTTCAGTCTCCACCCGGACTACGCC,7.279842084704731,2.863907155632167
5868,ENST00000262033.10,ENSG00000110958.15,PTGES3,56663341,56688408,260.42679541091087,1920,1399.67,5554.5,89.4091,CCAGCCGCCGCCCGGCCTCACCACCCCTCGTTTGCACGCACGCACGTTCATTCTCCGTCCTCGCGCCCCTTTTCCTACACTTTCCTCTTCTCCCCGACCGGAGGAGCCGCTCTTTCCGCGCGGTGCATTCTGGGGCCCGAGGTCGAGCCCGCCGCTGCCGCCGTCGCCTGAGGGAAGCGAGAAGAGGCCGCGACCGGAGAGAAAAAGCGGAGTCGCCACCGGAGAGAAGTCGACTCCCTAGCAGCAGCCGCCGCCAGAGAGGCCCGCCCACCAGTTCGCCCGTCCCCCTGCCCCGTTCACA,2.9127549143309897,1.542384315019448
5871,ENST00000356769.7,ENSG00000196531.10,NACA,56712428,56752373,1313.3226981739754,2690,2685.01,148.481,1.24591,TCCCAGCTACTCTGGAGGCTGAGACGAGAATCGCTTGAACCCGGGAGGCCGAGGTTGCAGTAAGCCGAGATCGCGCCACTGCACTCCAGCCTGGGCGACAGAGCGAGACTCCGCCTCAAAAAATAAATAAATGTTGACTGGTTTAGCTAATTCAGGTACAGCAAATATTTGTTGAGTTCTTTTGTAGGGCTGTGGGAAGATATGGGAGGCTTTTCATTAACACAACACTGATTTTACATTCTACTTTTCAAAAATACAGTTGTACAAAGCATGGTTTAAGGTGGGGTCCCAGACACCTAGAATAAATAAGCTTAGAATATCCAAGAAGTGCCAGGGGCGGTAGTTCACGCCTGTAATCCCAGCACTTTGGGAGGCCGAGGCAGGCGGATCACCTGAAGTCAGGAGGAGACCAGCCTGGCCAACATGGAGAAAGCCCGTCTCTACTAAAAATACAAAAAATAGACTGGCGTGGTGGCGCATGCCTGTAATCCCAGCTACCCGGGAGGCTGAGGCAGGAGAATCGCTTGACCCGGGAAGGGGAGGTTGCAGTGAGCCGAGATCGTGCCTTTGCACCCCAGCCTGGGCAATAAAAGTGAGACTGTCCCAAAAACAAAACAAACAGGCTGGGCATGGTGGCTCACGCCTGTAATCCCAGTAGTTTGGGAGGCCGAGGCAGGCGGATTACCTGAGGTCAGGAGTTCAAGACCAGCCTGGCCAACATGGTGAAACCCGTCTCTACTAAAAATAAAAAATTAGCCGGGGGTGGTGGCACACACCTGTAATCCCAGCTACTCGGGAGGCTGAGGCGGGACAACTGCTTGAGCCCTGGAGGCGGAGATTGCAGTGAGCCGAGATCGTGCCACTGCACTCTAGCCTGGCCGACAGAGCGACTCAAAAAAAAAAAAAAAAAAATCCAAGAAGTGCCCAAAATAGCAAGCAAAGGAATTGTATATGTGCCTATGTTCTTTTTTTCTGGGAAGGAGAATCTGCAGCTTTATAATTTCAACATCGGCTAAATTGTCGTGAACCTAAAACAATCAAAAGGGCCGGAATCTATTTAAAGAGTTTATTCAAGGGCAGTGTGAGGATGGACCAACCAGAAAACCTCCAAAGAATGGAGTCAGCCTTCAGAAGTAGAGAAGTTACGATTTCATTTATTTAGGGAGACAGAGGAGTTTTTAGCTGGATTACGTTATCCATACAAGGTTGGAACATAATTACAGAATTTGGTTACAAGAAGTGTTTTTTTTGGGGGGGGGGCGGGGGTACAGCTAACATTGTTTTACGAAGAGTTTAACACGCATGAGTTGCTGTCATCTGGTGACATCGTTTGAGTCTCTCTAGTCATTGAACAGAACAAGAAAAATCGAATTAAATTTATAATCTGAACTGAAGTTATATGTGACCCATCACATCTCTCAAGTTTTAAAATGGGTTTTTTTGTTGTTGTTGATGGGGGGGGAGAGGGTCCAGCAGCTTTTAAATGTTTTCACATCGTGTGTTCCAAAAATAACTGGTTAGCCTAAGTCACTTCCACCCTCCAATGTTGTGAATGCAGTCTCTAGCATTCGCTATTTAATGTCTTCTTCCTGCACTATTTGAGAAATCGCGAGGTCGACTTAATACCGCAGTCGCCACTTCGCGGACCGGAGGGCGGAGTCTGCTTAGTTCTGAGGACTGCGTGGGTCCGCGCAGAGAGCTCCTGCTAGGCCTGCGCGTCCCGTTCTAAATTCTTACCCTTTAGTCCTTGTCACCACCCCCGCCGTGGGAACGGCCTGACAGTCACTCGTCAAAGGAAGTGGCTGCCGGCAGCTCTTGACCCGGAATCGGATCCTAGTCCCACCCCCTCCGCTCCAGGCTTCCTTCTGCAACAGGCGTGGGTCACGCTCTCGCTCGGTCTTTCTGCCGCCATCTTGGTTCCGCGTTCCCTGCACAAA,1054.107197288709,10.041805873774637
5872,ENST00000338193.10,ENSG00000198056.13,PRIM1,56712428,56752373,143.24318150097002,1393,1014.26,991.739,22.0298,CCTGTGGTAATCCTTACCGTGGCGAGTTCCGCGCTCA,6.5022461166678776,2.7009381645450694
5873,ENST00000300101.2,ENSG00000166860.2,ZBTB39,56998834,57006446,14.182344376035717,6170,7579.09,634.0,1.88467,GAAGCGGCGGCGGCGATGGTGCTCGGGGCGCCGCAGAGCCGGATTAACTGTGCTGATAAGGAGGTAATTTCATAGGAGCTGCTAAG,7.525107512740011,2.9117121940967663
5874,ENST00000300128.8,ENSG00000166881.9,NEMP1,57055643,57088063,134.64188337721893,5590,5157.66,2971.48,12.9802,AGGAGGAGGTGGCTTGAGGCAACC,10.372866625877792,3.37474274462411
5876,ENST00000634871.1,ENSG00000179912.20,R3HDM2,57243453,57431005,2.4170914417920355,4092,5050.77,288.165,1.28542,GGCCGTCGGGGCCGAGCCGCAGCCGAGCGGCCGTGGGCCCGGGCGGCGGGCGGAGACGTGGGCGCCCTCCCCGCCAAGGCCCGTGCGAGAGGTTAGACTTGTTTCTTATATGTGATGCCATTCCAGCACTGGACTCATGGAGGCTGAGCATTTATTCAGGAGTCCATAGAGGCCACTGTATTCTATTGAAGAAC,1.880390410754489,0.9110322284903734
5877,ENST00000548249.5,ENSG00000175203.15,DCTN2,57530102,57547331,230.02138920760345,2061,2416.2,1143.61,10.6637,AATCCTAGGCGGCGTCCCCTGGCCATTACCTCATTCCCTGGCCTCGTTCTCCCCAATCCCGGCCTCTCCAGGGGTGTGGCAGCAGGGCTGTTCTCGCGACTTTTGCTTTACCCTTCTGCTGTGCTACTGCTGTCGCGAGACTTCCTGCTCATCTGCCGCTCCCTTTGCCGCCGCCTTAGCCCGGGACCCGAACCCAGCCTCTCCCCTACCCGAACACCGGCCCCGGCTCCACCGAGGCCCGGGTCCCCCAGCCCGTCTCGCCGCCGCC,21.57050453478656,4.4309880164632345
5878,ENST00000257904.10,ENSG00000135446.16,CDK4,57747727,57756013,242.52525400572168,2076,2318.38,2793.82,27.1504,GTGATAGCAACAGATCACGTGGCTGCCATCGCCCCTCCGCCCCCTTACACTCTTCGCCCTCCTCCCAGTCGAAGCACCTCCTGTCCGCCCCTCAGCGCATGGGTGGCGGTCACGTGCCCAGAACGTCCGGCGTTCGCCCCGCCCTCCCAGTTTCCGCGCGCCTCTTTGGCAGCTGGTCACATGGTGAGGGTGGGGGTGAGGGGGCCTCTCTAGCTTGCGGCCTGTGTCTATGGTCGGGCCCTCTGCGTCCAGCTGCTCCGGACCGAGCTCGGGTGTATGGGGCCGTAGGAACCGGCTCCGGGGCCCCGATAACGGGCCGCCCCCACAGCACCCCGGGCTGGCGTGAGGGTCTCCCTTGATCTGAGA,8.932658598242444,3.1590896239089634
5879,ENST00000324871.11,ENSG00000037897.16,METTL1,57762334,57772793,22.265207820199617,2066,2820.62,149.974,1.19793,AAAGAGCCCGACCTCCCGCGGGAACACCGATTCCGACTCAGATTCGGGATCTGGGCCGGGGTCCGCCATCCGGCCCGCCAAGGGAGTGCCTGGGCACCGCGGCCGGCGCTCAGATCCCGGATCCGGAGCGGGGTAGAGGCTGGGGGCCGCGAGCCGTCGTGGTGTCCCTGTGGAACGAGCCCCGCCTCCCTGAGTTTGCCCTCCTTCCTCCAGTTCGATTTCCTGGAGGTGGAATGAGGAGCTGCCCCTCCCGCCCCGGCCCCGAGCGCACACTCGACGAAACCCACACGGGACCACAAGAGTCAGACCGGGCGGACTGGTCCGAGACCAGGAGTAAGGGGACAGGAGCGAGGACTGATGCCACTGTAGAAGGCGAGGTCTCTAGACCCCTCTCACCTGTGGGGTGCACAGGTGCCTGCAACCAGGATGGTAACCCAGACCAGGCAGAAGCAAGCTAAGAGAAAACGTTGGGTCCCTGGGCCTGGCCTCGCCCTCCCAGTTGGAGGCTAACGGTGCGGAGGTTCCCTCCAGCACTCGCTCCTTACAGCCCTCCCCACCTAGCCCAGCCCAGCCCAGCCCAGCCCAGCTGAATTTGCTCTTGGGTCTTTAAGGGGCGGGAACTGCCACCAACGCGCATGGCTGCGTCATTAACTTGCGCCTCTGGCCTGCGCCTCCACGTGGATTTGGTAGAGAAACCCCGGACTGGGATC,18.58640139256853,4.216175564679019
5880,ENST00000398073.6,ENSG00000175215.10,CTDSP2,57819927,57846739,260.6560193284297,4795,6225.47,875.339,3.16786,CCATTTCCTCCTCTTGTTTTCGCTCCGGATTCTCCATGTTGGACCCAAACTGAGGAGCCCGGAGCTGCCGCTGGGGGATCGGGGCCGGGGGCACCCGGGGGAGCCGCTGCCCGGGCCGCCCGCCCTTTGTACAGGCCGCCTCCCTTCCCGGTCCGGGGAGGAAACGAGAGGGGGGATGTGAACAGCTGTGGAAGTCGGAGTCTCGGGAGCCGGAGCGGGCCCCCGCCCAGGCCCCCCAGCCCAGCCCAGCCCGCGCGCCCGCCCGTCCTCCCGCCCAGCCAGCCCGGGCCCGCGGGATTGTTAG,82.28142005278949,6.3624947876981715
5883,ENST00000320743.7,ENSG00000139263.11,LRIG3,58872149,58920522,19.78275779862961,4070,4265.07,320.82,1.69472,GGCGAAAAAGTTTCTTTTGCAGACAAGAAGGGGCTTCGGCGAGCCGACGCTGCTCAAGCTGCAACTCTGTTGCAGTTGGCAGTTCTTTTCGGTTTCCCTCCTGCTGTTTGGGGGCATGAAAGGGCTTCGCCGCCGGGAGTAAAAGAAGGAATTGACCGGGCAGCGCGAGGGAGGAGCGCGCACGCGACCGCGAGGGCGGGCGTGCACCCTCGGCTGGAAGTTTGTGCCGGGCCCCGAGCGCGCGCCGGCTGGGAGCTTCGGGTAGAGACCTAGGCCGCTGGACCGCG,11.673171850588657,3.5451247203163456
5884,ENST00000228705.6,ENSG00000111110.11,PPM1H,62643982,62935037,6.577154012767971,6353,7078.07,473.244,1.50637,GCTGCAGCTGCAGCCGCCTGGGCGCTCCTGGAGCGCGCGGTGACTCCCCCGGTCGGCCCGCTCCATGCAGCTCCGTTGCGGAAGTGTAGCGGGGGGAGGCGGCGGCCACCGCGGCACTAAGCACGAGAGGCCGGGGCTCGGCCCCCTGCAGCACTAGGCTCTGGGAGCCGCGCGCGGCGCGTCCCAGTGGCCCGACTCGCCGTGCGCCCGGCGCCCACCGCAGCCTGCATGCCCCGCGCTGCGCCTTGCCCGGCCCCCGCCGCCTCCTGCTCGCACCGCTGCAGCCGGGCGCCGGAGTAAT,4.366227429361957,2.12638727981728
5885,ENST00000324472.8,ENSG00000177990.11,DPY19L2,63558913,63795718,4.52594543070246,4060,3219.74,162.912,1.13997,GCGAATGGCTTCCAACGCATGCGCCCCACCCCACATTTCACAGTCGCCATGACGACCGGGAGGTCCGCAACGGCTGCGGGGACAAGTCCGTTGAGGCTGCCAGGCGAGTCAGGTCTCTCTGGACCTCGCCTGACTCGGCTGGGCTGTGCCTGAAATTGACCCAGCTCCACCATACTCCTTGATT,3.9702320505824362,1.9892233319125232
5886,ENST00000398055.7,ENSG00000174206.12,C12orf66,64186316,64222296,8.925342014795211,4151,3932.23,265.979,1.52395,CCGGAAGTGCGAGGCCGAGGAGAGCCACGTGGGTCGAGCTGGGGCGCAGCTCGC,5.856715781223276,2.550091884037848
5887,ENST00000258145.7,ENSG00000135677.10,GNS,64713445,64759447,54.64783345679215,5122,5268.37,1227.3,5.2485,CCCCTGTCCCTGGCTCACGTGATCGCGCCTAGGGAGAAAACGTCTGACTCCAGCCACCGGCCTTCAAGGCACGGCTTTTTATTCCTTCGGCTGGTCGGCCTCTCGCCCTTCAGCTACCTGTGCGTCCCTCCGTCCCGTCCCGTCCCGGGGTCACCCCGGAGCCTGTCCGCT,10.412086016346032,3.3801872301864417
5888,ENST00000358230.7,ENSG00000155957.17,TMBIM4,66116555,66170072,117.46647267988143,2952,2372.63,183.951,1.74676,CTCGCTCGGTGTTCGCCCGCCGACGCCGCACGGCTTGCTGGGGCTGGGCTCTTCCTCGCGGAAGTGGGGAGGAGGCGGTTGCGGTTAGTGGACCGGGACCGGTAGGGGTGCTGTTGCCATC,67.24820392033332,6.071423831258023
5889,ENST00000303145.11,ENSG00000111554.14,MDM1,68272443,68332381,5.055588465135858,2918,2442.24,138.733,1.27984,GCTAGGGAACACTGTTATCGCCCCGCCCCCTCGGAGCTTTTTCTCCAGTTAACTGTCGGAGTAGCGGGGGCTCCGGCGCCGGGCGAC,3.9501722599198787,1.9819155680019813
5891,ENST00000378743.7,ENSG00000133858.15,ZFC3H1,71609472,71667725,8.085471448794276,7285,6307.48,891.535,3.18453,TCCTAGTGAGTATCGAGTTGGTCTTATTATCGCGTGAACTGGGAGCCTTTGTTTCCTGCGTGTCGCAGGAAGTGACGTTTCGGGTACAGCCGCTACCAGAGTCCCTTTCTCGCGAGGCGGAAGAACCCCGATCGCTGAGGAGCAAGGGGGCGCTAGGAAAGGGAACTGGGTTGCGACGGTCCGGCGAGAGAGAGCTGGGGTGCTGGGGTGCGGGGAAGTTGGGGAGCAGAGGCCGCTTGGTGTCCGAGTAGGGTAAGACCGCACCGACCCAGTCCGTTAGGAAAGAAGGGAAACGAGGCAATTGTCGGGCGGATCCCCGGACGGAGGGCTAAGGTTGTGTGGAAGGCGCTGCTCCCCGG,2.538984229633345,1.3442514340163658
5892,ENST00000229214.8,ENSG00000111615.13,KRR1,75490861,75511636,138.55213816105135,10118,8092.8,2457.52,6.84163,GGAGCCACCGGAAGCAGCTTGCAA,20.251334573932137,4.339945080403158
5893,ENST00000547773.5,ENSG00000187109.13,NAP1L1,76036587,76085033,74.50381619804158,1967,1414.19,2148.35,34.2261,GCTGACGCTAATTGTATATGAGCGCGAGCGGCGGGCTCTTGGGTCTTTTTTAGCGCCATCTGCTCGCGGCGCCGCCTCCTGCTCCTCCCGCTGCTGCTGCCGCTGCCGCCCTGAGTCACTGCCTGCGCAGCTCCGGCCGCCTGGCTCCCCATACTAGTCGCCGATATTTGGAGTTCTTACAAC,2.1768129058829833,1.1222174151723825
5895,ENST00000393262.3,ENSG00000179941.6,BBS10,76344474,76348442,29.601732384544626,3595,2636.58,863.0,7.37448,ATTCCGTTTCCGGCCGTTCCCACCCCTGTTTTCGGTCGGCCCGGGTGTTCTGCAAGCTGGTCAAAAAGGGGAAGCGGCCCAGAT,4.014077248096764,2.005068380620253
5896,ENST00000261183.7,ENSG00000091039.16,OSBPL8,76351797,76559809,40.29839910257697,7239,5225.63,356.748,1.5381,CACTAGAATGTGAAGGATCTTCGCGGTTCTGGGTGCCCAGAAAGGCGGCGACGCGGCGGATGACAACATTAGGCCGCGACGCGCTCCTGGCCAGGCGGCGGCTGTAGTGTTAGCTTTGGACGCCGCAGTAGCCGCTGCCGGTAGCAAGCCGACTGAGGGAAGGTGGGGGTCCGCCCGGGCTGGTGGACCTCGGGGCCGAAAGTTCCCGCCCCGCTCGGGGGCTGAGCCGGCAGTGCCTCCGCGGCCGCTGGGCAGCGCCCTTCGTCCAGGCTCGCGCCCCAGCTGCCGCCGACGACAGCGGCCGAGAGAAGTTGGGGTCTGACTAGACGCTTACGGGGCCTCGGACCCCGGCGCCGCGGCGACCTCGGAGGAACCGGCTCCTTGCGTCCCGCCTCCCTGGGAGCTCCGCACGGGATTTGCAGATTTACAGAATGGCTGCACATTAATGGAAAGAGAAGCATAAACCTATCTTCTTTCATT,26.20011644403938,4.711501318591494
5897,ENST00000311083.9,ENSG00000175183.9,CSRP2,76858715,76879060,160.4816988674248,943,807.263,1222.08,34.1072,CACCGAGCGCTCTTTAAAAGGCACCGGCGCGCGCTTCGCCTGGGATCTCGGACTCCCTGGACCCTCCCTCCAGCCCAGCCTCGCTAGCTCCGCCTGCGGTACGTGCTCCCGCCTCCGACTCAAA,4.705214701512431,2.2342605554171797
5898,ENST00000322886.11,ENSG00000165891.15,E2F7,77021247,77065580,19.09041599335251,5740,5733.0,1298.51,5.103,GTTTTAGCGGGGACTACGATCCAGGCTGGAGTTGCGCTCGGCCGGTCTGAGCGCTGGCGCTGCCCGGACGCCGCGGGGTCCCCGCCAGCCCAGGGCACTCGGCGCGGGGATCTGCGCGCCTCGCTCTCCCTTCCCGATGCCGCCGCCCGGCTGCTGATCGCCGCACCACCTTCCCTCATCGGCTTGGGTCCGTGGAGGTCCCTGCAGAGGCAGGAAGCCTCCTTAGGAAAGCAGGG,3.7410182232711175,1.903430993570866
5899,ENST00000328827.8,ENSG00000177425.10,PAWR,79574979,79691097,120.46545949069797,9129,7075.91,1702.53,5.42094,TTTTCCGCTCGTGCTTCGGCGCCGCTCGGCTCCCTTCCCGCCCCTGGCTCCCTCCCTCCCTCCCTCCCTCCTTCTTCTCCCTCCCTCCTGTCCTGGGATTGCCTGGAGCTCCGCACCGCGAGTTTGCCGCGGCACTTTCCGCGCGGCGGAAGAGCGCGCGCCAGCTTCGGCACACCTGGGAGCCGGATCCCAGCCCTACGCCTCGTCCCCTACAAGCTCCTCCAAGCCCCGCCGGCTGCTGTGGGAGCGGCGGCCGTCCCTCTCCTGGAGGTCGTCTCCTGGCATCCTCGGGGCCGCAGGAAGGAAGAGGAGGCAGCGGCCGGAGCCCTGGTGGGCGGCCTGAGGTGAGAGCCCGACCGGCCCCTTTGGGAAT,22.22224549445262,4.473932699194534
5900,ENST00000450142.6,ENSG00000058272.16,PPP1R12A,79773563,79935460,15.0908967339787,5721,4623.59,853.862,4.16074,GAAGTTACGTTAGATTGGCCGCCGGTGACGGGTGGCCGTGCTGGGGGCGGGAGGGCTTCTGTGGTAGGAAGGGAGGTCCGCTCGGCCGGGTGCGCCGCCCCAGTGCTCTGTGGGATACTGGAAGTCTCGAGCGTCGGCTCCGGGTTCCCAGCCCTCCTCTGGCCCGCACTCATAGAAACATTCACACACCCCCTGCCTCCCCTCTCTTCCCTCTCCGCCTCCCCCTTCCCCCCCTCGCGATAAGAAGACCCGGCGGCAGGAGAGGGG,3.6269742242915206,1.8587664925872294
5902,ENST00000256151.7,ENSG00000133773.11,CCDC59,82223681,82358805,62.06948238444424,1983,1569.99,127.245,1.82602,CTGAGGGCAGGGCCTCCGTCTCCGACGCTGACTTCCTCAGCGCAGCCAGCACTGTCTCCGGTGGCAAGTCGACCAGCTCCTCCCACACGGATTCTGTGTAGAAATCCACGGTATGTGCATTGGAAATGGACAGGGCATCCCTCAGGAACTGCAGCAGTCCCTGCAACTTGGCACGCAGCGTGGGCAGGTCCGGGGTCACCGGGAGAGGGCAAGAAGCCGCCATGACGCTCACCCTCCGAGGCTGTAGGTGGCGCAAACATGGCCGTGAGGCGCCAGCTCGGCCCAAATTAGCACAGGCAGGCTCAGTAGAGCTCCGAGCCGGATTCCTTCTGAGCGATTGATTGCTTCGGCTTGGTGACGTATTTTGTGGGCGTCCGTCGTGGTCTTCTGATGACGCAGTTAGTCGGCTGCA,33.99167719107361,5.087109642867231
5903,ENST00000266682.9,ENSG00000072041.16,SLC6A15,84859488,84913615,40.65744188189711,4879,4012.12,556.426,3.12461,GTAACACGGGCGGGCCGAGCACGTGGGCGCCTCCGTCACACCCTCACACATACACACACGCGCGCGCGCACACACACATACGCATGTACACGCGCACCCGCACCCGCGCGCCTGTATCCCGTGCTGTTTCCCTGGCAGACACACAGGCGCTCACGAGTCTCTCCTTGCCAGCCTGCAGGGCGGCGACCCCCAAAACCCAGCTCCGGGTCCCAACCTAGGCAAGAAGCTGCTTCTCTGCCAACAGCTCCTCTTCGGCCTCCGTCACAGCCACCTGGACCCTACCCTTTCGCGACTGCTGCTGCTGCTGCCCGGACGTGGAAGCAGCAAGAGGCGCTTGGTCAAGACACACTGACGGTACCTACAGAATACTGGACATACGGATTCAGAATCCATAAGGCTTTATCACCTTGAATCAAGGATTTATTTGATATCATCCTCGGTCTTTACTTCCTATCAAGTAACATTGTTTTGAAAAATAGAGTTAACACATTTGCCATAAGGGAGTTTTTTTTTTTTTTTTTAAATACTTCGCATACTCTCCA,13.012005300468573,3.7017714100641177
5905,ENST00000552810.5,ENSG00000198707.14,CEP290,88049014,88142216,19.160061740700936,7948,5289.74,648.083,2.76031,ATTTGAAGTCCTCGTTCCACGCCTTCTCATCATCCTGAACACCGAGCTCTGGGACTCCGGCGGAGAATCTAAACGTAAAGCATCACCCACGGTCGTGAACTGTAGGCTCTCCTGGCATCCGGGATCTTATTCTGGCCTTGGCGGAGTTGGGGATGGTGTCGCCTAGCAGCCGCTGCCGCTTTGGCTTGCTCGGGACCATTTGGCTGGACCCAGAGTCCGCGTGGAACCGCGATAGGGATCTGTCAGGGCCCGCGGCCGGGTCCAGCTTGGTGGTTGCGGTAGTGAGAGGCCTCCGCTGGTTGCCAGGCTTGGTCTAGAGGTGGAGCACAGTGAAAGAATTCAAG,6.941271719734717,2.7952000051198387
5907,ENST00000313546.7,ENSG00000139323.13,POC1B,89419718,89526262,11.622858399798664,3001,2341.45,331.325,3.18809,GACCGGGAGGCGCTGCCGCTCTGGGCAGACGGTTCCGGGAGCCGCACGGTCCCCTCTCCTTCCCCATCCTCTCCCCTCCCCTCTCCGGGTTCCCCCACCCACAGGAGCCTTGGGCCGACCACTCCCCCG,3.6457121347887496,1.8662006507603761
5908,ENST00000428670.7,ENSG00000070961.15,ATP2B1,89588049,89709300,53.7176571347367,7032,5653.81,469.221,1.86982,AGCGTGAGTAGGGAGCCCCGGCTGGTGGACGCCGAGCCTCTCGGCTCCTTGGCCGCCCCATCCCCGAGGTGCAGCTGCACCTCCGCGTGGCGCCCCGAGCCCTGCGAGCCGGCTGCGGACGCGCTGAGGACGGAGCCCCCATCCTCTGCGTTTCCCGCTGCCCCTTAACGCCCCGCGACCCTCCCGCAGCCTGCCTTTCCTTCCCCCTCGGAAAATGGTTCCCACTGCCGGGCGAGATGTGTATATCTCATGATTGATATGGAGAAACTAGTCATGGGCCAAAGGTCAAGATACTTCTCTGGGAAATGTTGCTGCTGATGCTGCTTTACAAAGTCATACAATGAGTGTTTGGTTTAAGAAAGATTTTCATACTTAAAAGATTTTCATCTTGGAAATACATCAAGTGAAAATTAAATTCTTTTGGGAAACATTTTCCTTCTGATATATTATACTTGTA,28.72878519576039,4.8444250843082335
5909,ENST00000256015.4,ENSG00000133639.4,BTG1,91984976,92145897,120.3431390728597,4680,3747.85,864.765,5.19849,ACTTCCTTTTCGTGGCACTATAAAGGGTGCTGCACGGCGCTTGCATCTCTTCGCCTCTCGGAGCTGGAAATGCAGCTATTGAGATCTTCGAATGCTGCGGAGCTGGAGGCGGAGGCAGCTGGGGAGGTCCGAGCGATGTGACCAGGCCGCCATCGCTCGTCTCTTCCTCTCTCCTGCCGCCTCCTGTCTCGAAAATAACTTTTTTAGTCTAAAGAAAGAAAGACAAAAGTAGTCGTCCGCCCCTCACGCCCTCTCTTCCTCTCAGCCTTCCGCCCGGTGAGGAAGCCCGGGGTGGCTGCTCCGCCGTCGGGGCCGCGCCGCCGAGCCCCAGCCGCCCCGGGCCGCCCCCGCACGCCGCCCCC,23.149633657631295,4.532917457940887
5910,ENST00000322349.12,ENSG00000102189.16,EEA1,92770637,92929331,29.8792202882458,9875,6847.05,1613.49,5.30915,ATCTGTCAGTTACGGGGGCTGCCCGGCGGGCGGGCTGGAGGCGCTCGCAGGCTGCCTAGTCGTTCGCTCGCTCTCTCTCGCGTGCTCCCTCTCGCCGCCTGTGGGGAAGTCGGGGCCGCCCGAGCGGCCGTCGCCACCGCCTCGCCCCGACCTCCTTCCCGGTCCCCTCCCGGCCCAGTCCCTCCCGCCCGCGCACCCCGAGTAGTGAGTGGCCCCGCGCAGGGTCTGGAGAGTCACCGCGGCGGCGCCGGGTGGTGGTTAAACC,5.627872689271503,2.492589693067323
5911,ENST00000318066.6,ENSG00000177889.9,UBE2N,93405673,93442262,208.5807384033135,5186,4673.0,680.476,3.28079,GGTTAAGAGAGACGCGCGCGCAGTCGCGCGCGGGTCGTGCCGTACCACCGTCGCGGGCAGGCTCGGCCACGAGCGCCAGAGCCCCGCGCCTCCCCTCGCGGCCTGTCCCAAGTCCCTGCCCCGCAACAGAGCGTCACTTCCGCCATCCCCGGCAGCGGTTGGGGCGGGGCGCACGGGGGAGGGGGCCAGGTCGGAGGGAAGCCCGCCCGTGCCCGAGCCCGCGCCCGAGCAGGGACTACATTTCCCGAGGGGCCTCGGCGGCGGCTGCGGCGACGGGCGCGGCAACGTCCCCCGGAAGTGGAGCCCGGGACTTCCACTCGTGCGTGAGGCGAGAGGAGCCGGAGACGAGACCAGAGGCCGAACTCGGGTTCTGACAAG,63.576375934855164,5.9904188752854255
5913,ENST00000261226.8,ENSG00000057704.11,TMCC3,94567124,94650562,4.334851091245938,5877,6063.61,276.406,1.02702,GCACCAGAGGCAACAGCTGCAGCAGCCGCGCCGCCCCCTCGCCCGCGGCTCCCAGGGTGATCCCGAGCACAGCCGGTGGCTCGCGGCGCGGCAGCCCCAGAAGACGGGAAAGTTCGCGGCCGGAGCGCGGAG,4.220804941720647,2.077518158811197
5914,ENST00000327772.6,ENSG00000184752.12,NDUFA12,94897055,95003770,616.3942409248025,635,317.334,1083.83,76.9494,TTCTGGGCGTGGGCTTCCTGCGGCTGAGTGGCAGCTTCCATCCGGTGGGTTTTGCTCGGCGCACCCGGGAGGCGGGGCCAGCGAGGCAAG,8.010383978624947,3.0018714000348146
5915,ENST00000333003.9,ENSG00000120798.16,NR2C1,95020229,95073703,29.45332799105408,4143,3224.35,306.167,2.13933,GTGGACTCACAGAGCCGCTGCTCGGCCCTCCGATCCCTCCACCCCACCCTGGGAACGTCACGACCTCCTCTCGCCGCTTCTCCCCGTTGCTAATGCGCAGGCGCTGGCGGGATAGCGCGCCGCCGAGCCGAGAAAGAGGTCACGAACTCTGACCCCCCAGAAATACCCAAACACAGAAAGCTCTCTCCGCCGTGAATCTCGATCCCACATCCCGTCGGCTTTCTTCAACCTCTCTTCCCGGAGCGCCCCCCAATCCACGAGTGGCAGCCGCGGGACTGTCGCGTCGGCGCCCGACGCCGGAGTCAGCAGGGCGCAAAAGCGCCGGTAGATC,13.767547779470245,3.7831997101736965
5916,ENST00000343958.8,ENSG00000180263.13,FGD6,95076749,95217482,2.3965376785762023,9288,8049.4,543.873,1.52228,AGTGCTCGCCCGCCCGACCCCGGCGGCTCGCGCCCGGGAGCGCCGCAGGGTCGCTAGAGTCGGCCGCGTCCTTTGTGTGGCGCTCAGGCTGCGCCGCGGGGCGGCGGGACGGAATGTGGGCGCTGCGGGGGCTTTTCTCTCCTACCCGAACTGTGGGAACAATGGACTGAAAGGGGAAGATGGATTGAGGGGCCGAGCGGGGAAGCGAGCTGCACCGGGGAATC,1.5743080632841542,0.6547178774940461
5917,ENST00000228740.6,ENSG00000111144.9,LTA4H,96000828,96043520,146.5085429245486,2139,1739.39,3318.8,42.9879,AAGAAACTTCCTTTCCCGGCGTGCACCGCGAATCCCTCCTCCTCTTCTTTACCTCTCTCCCTCCTCCTCAGGTTCTCTATCGACGAGTCTGGTAGCTGAGCGTTGGGCTGTAGGTCGCTGTGCTGTGTGATCCCCCAGAGCC,3.4081344500324184,1.768982250636793
5919,ENST00000261211.7,ENSG00000059758.7,CDK17,96278261,96400560,13.77631762012877,4157,3570.62,431.02,2.71966,GCGGGGGTGGGGTAAGCTCCCGCGGCCGGTCGCTTTTCTCCGCCGCCGCTGGTTGGATCGTTTCAATAAAAGTGTTTTTTCTCTTGCACTCGCTCTCCTCCGGGGAACAGGCGGAGGCGTCAATCCGCAGCCGCCGAGTGTGAAAGCGACGCACACGCAAGGAGCGAACGCGGCCGCCCGCAGTCTCCTGAGCTCCCCGCGGGCCGCCGCAGAGCCGCGGAGAAGGAGCCAGCGCCCGGCCAGACAGTCTCAGCCCGCCGTCGGCGCCCGCCGCGCTCGCGCCCGGCTGCTCCGAGGGGATTAGTGGGCCGTCCGCGCGGCTCGTCGGCGCGGGAGCCATGTTGACCGAGGGACTTGGCAACGCGTGAGACACCCGCGGCCCCTCCCGAGGCTCCGGACCCGCGGCGAGAGCCGGAAGGCGGCTGTGGCGGCGGAGGCCTGCGCTCGGAAGCGCCTCACGTCTGCCGGCCGCTGAGACCCGGACTTGCATCCGGTCGCCGCGGGCGTCCGCGGAGCAGCTTCCCCCCGCGCCTCTCTTCGCCTCGCCTCGGGACCCGCGGTCCCCGCTCTTGCTGGATTTTTCAAGCCACATTCAATTGATAGG,5.0654558364386615,2.3406921018751174
5921,ENST00000299157.4,ENSG00000166130.14,IKBIP,98613405,98645113,78.07665399871824,3189,2604.96,787.744,6.81313,GGACTCGGGCAGCGGCGGCGCGCCCGACGTGGCGCGCGCGACCCCTTCGTCCTGCCCCTCCTCCTCGGGTCCCGTCGGCCTGCGCGCGCCCGGGAGTTTGAATTTCCTCGGATTTGGAGCAATATCGCAGTGGAAGGCGCTGTGGGTTGAGGTCGCCGCCCACCTCTCCTAGGGGAACTATGGAGCTGGCAGCTGAAAGACTCAGTGAAGCAACGAGGATGCCGGGGAGAGGGAAGGGGCTGGGCTCTGGGCGGTGCCAAGTCTGTGAGGGGGCGCGGTCACCGCCCAGGGTTCCCACGAACGCCAAGGCGGCCACGTCCTGCTCCCCCTGGTGAAGAAGCTGCCCTGGGCTTGTCGTCCTAGGGTCTCCAGAC,11.459733485008835,3.518501587121174
5922,ENST00000279907.11,ENSG00000111647.12,UHRF1BP1L,100028455,100142848,8.373649860052744,5168,3876.36,952.706,5.53729,AGATGGCGCCCGCGGCGGCCGTGGCGGCCTGAGCGTGATGCTCCGGGTTCTCGGCGGCGGCTGTGGCCTTGGCCGGGGCCTTGGGTCTCTCCCGGTCGTGAGCGATCAGCGCCTCTCCGCCGGCCGGGCTAGCCGGGACAGAGAGGAGACGGCCACGAAGAGAGGAGGCAGTGAGCAACAGGACGAGACCGCGGCGTCTCCAGCCTCGGTACC,1.5122288809241966,0.5966765128289493
5923,ENST00000261636.12,ENSG00000120805.13,ARL1,101393120,101407820,173.6406773388153,3241,2393.53,956.294,9.00148,GATGCTCAGGCCACCGTTCCCGGCGCGCAGTCGCAGCTGACCCTCGCTCCCGCCCCCGCCTGGAGTCCGACGTGGAAGTTGCTGGCTGACTGGGCTTGCGAGGAAACCGCCTCGGAGCTGCAGCCGAAGGCCAAGGAATCACTGAAGATCGGCGAGGGAGGACAGGGGGTTCATC,19.290236420990247,4.269798920042136
5924,ENST00000299314.11,ENSG00000111670.14,GNPTAB,101745497,101830938,5.946052710903259,5701,5070.98,1275.66,5.66766,AGACCCGGGCGGCGCCGGCCGCCTCGCCGGCCGCAGGTCCGCCTCCGCCGCGCCGAGGGCGTGGGCTCCCGGCTCCCGGAAGCGGCGGCCGCGGCGCGGAGCCGAGCGGGCGTCCGTCGCCGGAGCTGCAATGAGCGGCGCCCGGAGGCTGTGACCTGCGCGCGGCGGCCCGACCGGGGCCCCTGAATGGCGGCTCGCTGAGGCGGCGGCGGCGGCGGCGGCGGCTCAGGCTCCTCGGGGCGTGGCGTGGCGGTGAAGGGGTG,1.0491195150914592,0.06917903826615752
5926,ENST00000535501.5,ENSG00000120860.10,CCDC53,102012927,102062149,3.1287351283554017,921,658.643,30.3519,1.03824,ATTACCGGGTTGGGCGGGCCCCATCTGGGAGGGGTTTGTGGGTGAACTCGGGGTCCACCGCCCGCTGAGGAG,3.0134989292990073,1.591439552200595
5927,ENST00000552283.5,ENSG00000075188.8,NUP37,102073103,102120124,150.25619998622443,2372,1916.14,203.222,2.3895,AAGCAGAGCCACAGCGCGTCGCGGCAGCCCCCAAGGAAGACCAGCCTGCCTCTGGTCGGTTCCTGGCGCTCTGCGTTTCGTGACCTTGTCCAGTAGAAGGCTATTTAATTTTCACAACTGCTTGAATTTTGACATACAAG,62.881858123550714,5.9745719439410205
5928,ENST00000392876.7,ENSG00000111696.11,NT5DC3,103770453,103841197,13.236058175446455,7207,7938.61,449.245,1.27497,GCAGAGCGGCGCGGCGGCGGTGGCGGCAGCAGGCAGCAGGC,10.381466368186276,3.375938331713801
5929,ENST00000378090.8,ENSG00000204954.9,C12orf73,103950202,103965708,106.85332720288662,1738,1400.42,100.888,1.62309,TGCGCCGGCAGCGCTCCCACTTTCCTGTCCGGTGCGGCCCCGGGTCCCTGTATTTTGGGTCCGGCCTGCTCGCCGTCCGCTCCGTCCGCCCTTAGACCTGTTGCCCAGCATCCCTGCAGTTCGCGGTACAGTCTCTAGTAGAGCGCGTGTATAGAGGCAGAGAGGAGTGAAGTCCACAGTTCCTCTCCTCCAAGAGCCTGCCGACC,65.8332730796731,6.040745021922602
5932,ENST00000240055.7,ENSG00000120837.7,NFYB,104117077,104138289,53.817711490215785,3512,2624.22,467.978,4.01779,GTCGCGCCGAGGGAAGCGGCCCGCGGCGGAGGGAGGGGAGGCCGAGTCCTGGAAGCGGAGCTCCGCGCTGGGACTGGTTCCTTCGCAGCCATTTTCTGTCCAACCAAACAGCCGATTGGAGACGGGAGCCAACCAGGGCTGCATTGGAGGTTGAAATCACAAAGATTAGACACCTTTTTAGATAGGTGTTCTTCAGCACCACTGACAACACGGTTCTGACAGTATTTC,13.394854258240423,3.743606979012212
5933,ENST00000258538.7,ENSG00000136052.9,SLC41A2,104802553,104958744,20.102290959805725,4449,3247.63,450.513,3.12538,GTGGAAATATTTTCTACACAATGAAGTCAACAACTTAATTTAAACCAGTGTTTGTGCGGTTCTGATTCATCTGCTGTGGTTCCCGAAGCTTGAGATCTAAGGAGTACAGGGTCTTTTGTGATGACAAT,6.431950981898433,2.6852564117342674
5934,ENST00000258530.7,ENSG00000136044.11,APPL2,105173296,105236238,15.935635857171055,3239,3046.38,595.013,4.40053,TTTCCCTGCCGGGCGCGCCACACTTCCTGTTGATCCGGCTCGGCCGGGGGCTGGGCCGGCGGGCAGGCGGCGGCGGCCACTGGCCAGGCGTGGACGCGCGCGGGGCCGCCGCGGGCACGGAGTGGCCGCCGCGTCGCCTGAGCCCAGAGCCGGGGAGTGCTCTCGGCCGCCGCGTCTCCTGCCCTCTGTCCTTCCAACCCAGCCCTCGGCTGAGCCGCGCCGCACC,3.621299220132815,1.8565073885143728
5936,ENST00000261402.6,ENSG00000074590.13,NUAK1,106063340,106140033,5.696197876223706,6828,8519.08,569.285,1.50556,AATCTCCCAAGGCCTAAGGAGGCAAGAGGCCTGCAAATCGCCTCCTGCTCAGCAAACGGGTTGCTCAGCAGGCCCGGGGTCCTGGTCCACCCCAGGTCCCTGGTTTGCCCACCTCCGATGGCGGCCTTCGCTGGCAGGGTGGGCGCCTCTGGGGAGCCAGCTCCGTCCCGGCGCCTTTAGAGCCCCATCTCTTCCACGTCCCTGGCCTTCCTCCCCTTCCAGGCGGCTGTCCCCGCCGGGGTCCAGATGGTGTCGGAGGGCCGGCGGTTCGACGGCGGGCCCGGGGTTCAGCCTCCCGGCCTCCCTCCGTCCCTGACTCTCCTTTCTTCGGAGAGGGCGCGGGGGCCGGGGCCAAAGCGCCGCTCTTGGGGTTCTCCTGGACTCGGAGTTGCCCCAGGCGGGCGCAGCTCTGCCCCGCGGGGTGCCAGCCTCGGGCGGGCAAGGTCCGTGAGTCACCGCCTGTAACCGAACACCAGGCCTCCCTGCCCCCTCCCCCAGCTCCGGCCGCCAGGCTGCGGCGACACCTACAAGAAAATGAAGGGGCGCCCAGGCCCGCGGCGGCCCCGGCCGTATCGCGAGCAGGTCCCGGCGGCCCCCGGCTCGCGGCGCTCTTTCTTCCCCGGCCCCGGGGCTCGGCCAGCCGCAACCGCCGCCCCGGCGCCAGCAGGAATCCAGGCCGAGCGACCGGCCCCGGAGCCCGAGGCGGCGGAGGGCCCGCGGTAGCTGCGACTGGCGAGCCCGAGAGCGCCCGGGGAGGGGGCGCCCGGCTTGGAATTTCCCGGTCCCTTCCGGCCCAGCGAGGACAAAGCACTCCTGGCCGCCGCCGCCGCCGCCGCCGTGGCCTACGCCGCGCCGCACAAAGGGCGAGTCGCGACACGCTCCCATCCCCCTCCCAGCTCACGGCGGCCCCGGCCCCGGGTGGCTGCAGGGAGGTGGGGGAAGCCCTGGCTGCACCGCCCCTCGCTCCCCCTCCCCTGGGGCCGCGCGAGCGCCGCCCCCGCCCCGTCTGCGCGTCCTCCCGGGGAGGGGTTGGGGGGCGCGGCGCCCCACATAACACTCCCCCTCCTGCGCTGCGAGCCACCCTCTCCCCTCCCTCCTGCAAACACCACCGCCTCCCCTGCCACCGCCGCCACCTCGCCCGACGCTCCACAGCTCGCCGCGGCCGGGGGGCGGTGCGCGGACCGTGCGCGCCGCGGGCGCCAGATGTGCAGTCCCCGCCGCCGCCAGTGACCGAGCCGCAGTCCGAGCGGTATCGGGCCGCCTCCCTGATGCTGCGGGGGCGACCTTGAGCGTACAGCGGCTTCCCTCGGTGGGGACCCCGACATCCCAGCGCTGTGCCCGGTCTTGCCCTCTGTAGCCCGGCTCGCCCCGCGCTTGGAC,3.7834412950820333,1.9196990600499282
5937,ENST00000378026.4,ENSG00000136026.13,CKAP4,106237877,106304279,116.22190978530784,3093,3665.16,1946.85,11.9675,GTCCTCTCGCCGCTCCGACGCCAGCAGCGCCCGCGTGCCGCTCGCCCAGTCCCGGGGGAGCCCCTGCAAGTTTCCCGGGCCGCGCGCCGCGCTCGCTCGCCTCCCAGCCCGCGGCCCGAGCCGCCGCCGCGCCCGCC,9.711461022377927,3.279688355498081
5938,ENST00000008527.9,ENSG00000008405.11,CRY1,106991364,107093829,17.142722045577802,3267,3074.18,437.344,3.20521,GGGGCCTGTGGTCAACGCGATTTGCTTCCAAGGGACGGCCACCAGTCGGCACAGGAAAGGGGCAGAGGCAGTGAGTTCAGCGTGTGGACGAGGGTCAACAAGTTTGGGATCAAGCGGCTGCCGCTCCTCCAAAAGCGACCGAAGCGCGAGCAGATTACCCCTCCGAGCCAGTGTAGTAAACACACTTCAGAAACGTGAGGTGCCGGTGGTCACGAGGGGAGCGCGCCCTCCAATGAGGAGCCGGGGGCGGGGCCGAGGCCGCTGACGCGGCGGCGGCGGCAGAGTCACCCGGGCAGCCTCGGGACCGGTCACCGGCCGGCAACCGTCCAGCGGCCTCGACCACCGCCTCTAGCCTCCGTTCCCGGTCCTTTCTCCCGGGCCGAGAGACAGCGTCGCCGACAGGGGCTCATTCCCCTCCGGTTCTCCTCGGTGACTCACCTCGGGCGGGCCGTTTTGTCTTTAGGGGCCGCCTTGGTGGGGCGAGGTTTCCGTGACGAATCTCCTGGGGCCGTCCGTGCCGGCTCGGGCCGTCGTGGCGGCTCGAGCTCCTGGAACTTGCTCAGGCTCCGGAGGTCCGAGGCCCTCGAAGTTATGCGTCGCCTCCAGGCGGTTGCGGCGGGCGCGGGCTCCTAAAGGGCGTCACACCCGGACTCCGCCGACTAGGCAACCTCCATTCATCTTTCCACTGCGCCTCCGGCGCCCCCGCCTTCTCCGGTCCCCTCCTCGGAGTCATTTTTTCCTGTTCCCCCTCTGCCGCCCTTTCCTCACGCCCCGGGTGAGGCAATTCTCTTGGAAGCGAAGGTGTCGGCTATGAGCCGGAGCCTCCTTCCTTGAATTTCTCCGTGGAGGACCCGCCGCGCCCCCCGGC,5.348392787236344,2.419105421188412
5940,ENST00000228437.9,ENSG00000110851.11,PRDM4,107732866,107761272,11.040926530766871,4210,4551.8,1152.59,5.70495,GGCTGAGGATCCGGAAACGCGCCGCAGAGGGTGCGGCCCAGAGGAGGCCGCGGGCCGGGAAGGGCCGGGCGGGACGGGAAACGTTAGGGCAGCGGCCCCCGGGGTGAGGGGGCCGAGCGGACGGGCAGGGCCCCGAGGCGAACTCTGCCCGGATGAGGAACAAAGCAGTGGGGCAGGCGCGTGCGCCCCCAGCGCAGCTGGCAGGTTGGGCAGCCCCCTTCCCGAAGCTTCTGGACGGAAGGCCCCAGGTGTTCCCCGAGATGCCCCAACCCGTGGCGGGGTGCACGGCCACCGGCCCTCGGGAGAAGTTGGGCGGCCCCGGGCGACCCCGGGGACGAGTGGCCGCGTCGGTGCAGCGGTTGTGAGCAAGATGTGGTAGCACGTGACCCTGGAACGCAAACCCTGATGCCTGTTCCCCACCACCCGAGCGCTCCTTTCTCTGATATTTGGCCCCAAGCCG,1.9353239784339689,0.9525750976129294
5941,ENST00000228284.7,ENSG00000075856.11,SART3,108522580,108561400,39.59136820271181,4004,4557.29,854.32,4.22353,AGTTGTGACGGAACGCATGCCATTATAATGAGTTTTTATATCTGGTGGGAGCTTTTACAGGGTATAAAATAATGTGAATTTAGTGTATGTGGAGATTTTCCTGTTATCTAAGTTCCCAGTTTCTCTTTCAATGGCAAGAAAACGGGTTTTTGATAAGGCGCGCGCCGCGGGCAGCTTCTGCCTCAGCGGGTCTTCGGCGGCCGCGGGAAGACCCGAGAGTCATTAGAAGCGCAAG,9.373999522369159,3.228664721307692
5942,ENST00000261401.7,ENSG00000110880.10,CORO1C,108645109,108731596,173.54153583732028,3892,4102.08,3133.71,17.2114,GCGCGGCGCGGGGGCGGGGCCTACGCGCGGTGGCGGGGGCGGTGGCGGCTGCCCGCGCCCCTCCCCCGCACGGCGCTCAGTGCCAGGCTGGAGGCGGCAGCGGTTGGAGGCTTCGCCCGGCTTTGCAGCGGGGACTTCGGCGGCGGCGCCTCAGGCACCTCGGCCCGGACACG,10.082941296891612,3.3338446439889204
5943,ENST00000429722.2,ENSG00000189046.10,ALKBH2,109088188,109093631,20.21705770022453,1159,1238.25,99.2061,1.80506,CGAGGCCACCAGGGTGACTGCGGGATTCCGATCTGCGCCGGAGCTGCGATGCTAGAGCACTCTTGCCACCCCCACCCCACGGACGTGTTGCAGTGATATCAGAATTTTGCGTGCGGTTTACCCGTGTTTAACCTCTTTGCGTCTCGCTTCTGAATCGTATCCACTTGAGCATCACTAGACTGATCTATTTTAACACTGGTGGGGGGCAGCGAGGACATGGTTTTAAACTTTAAAATGAAAATGTGAAACTAGGAATGTTGCTGTGAGACCCCTTGGACAAACAGATTTTTGCACTGGGGATAGAACTTGAGCAATTTCTGTCTTGGCCTCGCCACTGACGTCCCTTCTTTCCTGTGGGGACAGG,11.200213677232075,3.4854543511115326
5944,ENST00000228495.10,ENSG00000110906.12,KCTD10,109448656,109477544,120.10460668278228,4163,4864.91,577.055,2.67242,ACACCTTGCCTCCCCTCTGGCAGCTGAAATAGCGGAGGTGGGATAAATGCCCTCCCCAGCCGAGAAAAGCTGGAACCCACTCCGGCCGGGGAGGCTGGAAAGAAAACTGGCCCCTAGGCGCACAACGGACGGCTTAAGACGTTGCCCTCTGCGGGGCGGAAGTGGGGTGCGGACAGCGGAAGTTATCGCTCCGGCCCCGCCTCCGCCCCCGGCTGGCGTGAGCTGGGTGTTTCCTGCCTCTCTCAGTCCGGGTTTGGAGACTCCTGCGTCCTCCGACTTTTC,44.94226457023308,5.490000916377412
5945,ENST00000545712.6,ENSG00000139428.11,MMAB,109553737,109573874,74.57796930998224,4438,5467.54,277.367,1.14295,CCTGCCGCCGCCGCCGCCTCCCCGGCCGCCGCCCCTCCGCGCCGAAGCCGGAGCAGCTCCCCAACTCCCACAACCCAGAGCGCCCGTGCCTCAAGGGGAGGAGGCGTTGTACTTCAGGCCAGCCAATCAGAGCGCGCGAGCCCGGAGTACCTTTACCAATAGGCTTGAACATTGGTCAATAGGTGTTGCAGCCAAGCCGACACGGGTTTTCCCGCCCCGCTCCTTCCGTTAAACCAATGGGAAACAAGTCCCTGGGAGTGTCCCGCCCTGGGGTGAGAACTGCGAACCAATAAAAATTGAAACCTGAGCGGTGGCGCGGCCAGCTGTGGGTGGAGTCACCCCGCGGACTGGACGGGAACCTGGCGGGGTCAGGTCCCGTCAAGCAGCCTGGCTC,65.25042154948356,6.027915317112182
5946,ENST00000318348.8,ENSG00000139433.9,GLTP,109850943,109880488,16.312661947493933,2356,2548.4,570.139,5.04052,CCGGAGCCTGCGGCGGGCGGCTGTGACGGCCCCGGCGCTGACGGCGGCGGCCGGGGGGGCGGTGTCGACGCCCGCGGCGCCGGCTGGGGCATCACCGCGGGCCTCGACCCCGAA,3.236305370774034,1.6943477437739718
5948,ENST00000450008.2,ENSG00000196510.12,ANAPC7,110372900,110450422,84.15389904857025,2200,2032.36,786.505,8.71891,G,9.651882981768393,3.270810424604036
5949,ENST00000228825.11,ENSG00000111229.15,ARPC3,110372900,110450422,352.79977300993204,1014,685.914,2455.38,80.6514,AGAAGCGGAACTGCAAGGCCGGAAGCTCCACGTCCGCACCCGCCCCTTCCGTTTCGCTTCCGCCTACCTCGCCCAGGCTGCCAGACCGGAAGCGCTCCGCTGTACCTGGATCCTGCTCCTCTGGGTTGAAACCCGGGCGCCGCCAAG,4.374378783380475,2.1290781507116026
5950,ENST00000228827.7,ENSG00000111231.8,GPN3,110452484,110469268,109.45661186007544,1468,914.37,443.446,10.9265,CCGGAGCTCAGTGGGCGTCGCGCGAAGGCTAAGGGAGTGTGGCGGGCGGCTCCGGGAGCCAAC,10.017536435278949,3.3244558519633514
5951,ENST00000360579.11,ENSG00000111237.18,VPS29,110491097,110502117,405.8852514084223,1091,672.284,431.581,14.4634,GAAGAGGGCGGCGACGGTGGTGGTGACTGAGCGGAGCCCGGTGACAGG,28.062920987348914,4.810593277567157
5952,ENST00000354300.4,ENSG00000196850.5,PPTC7,110533245,110583320,27.68079294012779,4996,4437.55,887.787,4.50742,ACGCTAGTGGAGCGGAAGATGGCGGCGGCGGCGGCGGCCGCTGCAGCCGGGACTTCAGTTGGGCTGAGGCGGAGGAGCCGCCGCTTCTGACCTCGCTCTGGCTCCGGTGCGCGCGGCTGAGCGCGTGCGAGGCCCCGCGCGTCGGGCAGGGGCGGCGGCGGCCACTGCGCGCCGCCCTGAGGAGCGCCCCAGCGGCGGCGCGACTGCGGCTGAGGAGAGAGCCGGCTCCGGGCCTCCGCGTCCTCCTGCTCCCCCGGCCCCCCGCCTCCTCGGGGGGGCGGCGGCGGCG,6.1411612275154726,2.618511479500601
5953,ENST00000335007.9,ENSG00000186298.11,PPP1CC,110719680,110742939,284.69071432467,2559,2035.7,4059.21,44.9251,TTTTGTTCTTCTCGTGGTTCCAGTGGGGAGAGAAGGAGGAAGTAGGGAGCGGGGTGGCAGGGGGGGGACCCGCCGCGGCTGCTGCCACCGCCGCCACCACCGCCTCTGCTCGTGGCGTGGGAAAGGAGGTGTGAGTCCCGGGCGCGAGCCGGCGGCGGCGCCGCTGCGGGAGGGTCGGCGGTGGGAAGGCG,6.3370079159460975,2.6638018176919402
5954,ENST00000389153.8,ENSG00000204842.14,ATXN2,111452214,111599676,14.883321439703131,3854,4312.01,899.867,4.70176,CGCGGCGACCTCCGGCGGCGGGAGGCCCGGCCTGGGCAGAGGTCGAAACAGTAACAAAGGACTGCCTCAGTCTACGATTTCTTTTGATGGAATCTATGCAAAT,3.165478765335349,1.6624237177069356
5955,ENST00000419234.8,ENSG00000089234.15,BRAP,111642146,111685986,23.268117560241738,4026,3860.2,468.333,2.73343,AGCGACGGCGGCCGGGAGGCGGAAGTGGAGGTTGTTGTGGCTCCGAGGGCTGTTCGAGGAGCTGCTGCTGCTGAGGCGGCGGCAACTGCATTGAGGTGGTGGCGGCGCTGCCGGCCCCGGGCCGCTCGGCCTCTCGGCTCGCCTTCCAGCCTCGCCTGAGCCCGCCGGGGCCCGCGCCGGCCAGCGCCTGCCCT,8.512424887500956,3.0895701630327292
5956,ENST00000261745.8,ENSG00000111300.9,NAA25,112026689,112109022,45.318753416111726,6010,5240.02,1589.57,6.83452,AGTGACTCGGAAGACTTTAACAGCAACAGCTGCCTCCTCTTGCCAGCTTGATCCCACCTGCTAAGTGAAGGAACAGCGTTTAAAGAGGTGGCAATCGGCAAGGGTGGATGCTTCCCTTTCCGCGCAGGCGCGTTCAGTCGCAGCACCGCGACTATCGTGATAGACAAGCGAGATCGACGCTGGCCCTTTAATAGCCCTTTCCCGGGGTCCTGCCCCGCGCGTGCGCACTGTGGTTCTGCGCTTGTCATC,6.63086118939029,2.7291962538941252
5957,ENST00000377560.9,ENSG00000173064.11,HECTD4,112160188,112382439,4.414695003808951,15759,20227.6,1038.93,1.15718,ATGCCGGGAGCCCCGCCCCCAACATGGCGTCTCACTGACAGTTGGTTGCCGAGCGGCAGAGGCGGATCCTGCTCCTGAGGGCGGCGGCGGCGGCGGCGGCGGCGGCGGCGGCAGGGCCGGGGTCTCCCGGGCCGGGGTCGGGGGTATGGCGACTCGGACCGCCTAGGGCGGAGTTGCACGGGCGAGGCAGCAAGTGGGGCGCCGCTGGCGGGCGCGGCGGCCGCTGCCATGGACTGGTGATCGCGGCGGCTCCTGCTCCGTTTCCCCCGGCCGGGCGTCTGCTCCTCAGCGCCAAGCCTTCAGCCGGGGCC,3.8150460635414984,1.9317004765202737
5959,ENST00000314045.11,ENSG00000123064.12,DDX54,113157174,113185479,47.74524327538632,4380,6454.04,1115.49,3.89401,CCTTCTGCGTTCCCAGCGCGCGGCCCGA,12.261202019354423,3.6160285145649858
5961,ENST00000257566.7,ENSG00000135111.15,TBX3,114670254,114684164,9.7698290525219,4208,4905.19,239.818,1.10151,GCAGGGCTGGAGTGTCTATTTCGAGCTCAGCGGCAGGGCTCGGGCGCGAGTCGAGACCCTGCTCGCTCCTCTCGCTTCTGAAACCGACGTTCAGGAGCGGCTTTTTAAAAACGCAAGGCACAAGGACGGTCACCCGCGCGACTATGTTTGCTGATTTTTCGCCTTGCCCTCTTTAAAAGCGGCCTCCCATTCTCCAAAAGACACTTCCCCTCCTCCCTTTGAAGTGCATTAGTTGTGATTTCTGCCTCCTTTTCTTTTTTCTTTCTTTTTTGTTTTGCTTTTTCCCCCCTTTTGAATTATGTGCTGCTGTTAAACAACAACAAAAAAACAACAAAACACAGCAGCTGCGGACTTGTCCCCGGCTGGAGCCCAGCGCCCCGCCTGGAGTGG,8.869487387787583,3.1488507263451333
5962,ENST00000281928.7,ENSG00000123066.7,MED13L,115953872,116277338,4.99279884519745,14234,14484.0,2447.37,3.80692,CCCCCCCGCCAGCCCGGGCCCGCTGCCCCCGGCGCGGCGTCGCCGCGGCGCCTCCCGCCTGCCCGCCGGCCCTCGCGCCCTCCCCCGGCGGCGGCGGCGGCCCGGCCGCCCCGCGCTCCCCGGCGAGGCGCCGCCGCCCGGCCCGGCCTCGCCTCGGACGCCTCGCTCCGACATGCCCCGCTCTGGCGGCCGGGCTCGCGGAGGATC,1.3115061112913984,0.39122453021765274
5964,ENST00000261318.4,ENSG00000111412.5,C12orf49,116710185,116738070,9.598534030563576,8404,9422.97,985.317,2.35587,GGGCTGCGCCCAAGGCTGCCGGGAGCAGACTGGGCTGCGGGCGGCGGGGCCGGCGCCTGCCTGGAGGGATGGGGCTGCCGGGCGCGTAGGGGCCATGCCGCCCGGGACCCGGGCCTGCCGCGTTCCGCGCCCCGGCCGCCGCGCCCCACGTCCGCGCCGGG,4.074305471254176,2.026554150490914
5965,ENST00000335209.11,ENSG00000088992.17,TESC,117038923,117099479,12.642223869884749,1041,1170.87,68.0218,1.30888,ACCGCGGCGCGCCGCCCTCCGCCGTTATATGAGGCCCCGCTCCGGCCCCACGCGGAACCCGCGGCTCCGAGCCTTCGCCGGCGTCCCGACCCGAGGCCGGACCCGAGGCCAGTCCCGCCGCTGCGCAGCCGAAGCCAGTGCGGGGCCTGAGAGGGACGCGCGCCCCGGGGCCCCCGCCGCGGGCACC,9.65881048674038,3.271845527513608
5966,ENST00000622495.4,ENSG00000135108.14,FBXO21,117141988,117190531,27.50074218685308,6040,5901.18,267.261,1.02037,CAGTAGGCGGGGCCAGGCGGGGCGCCCGGGCACTCTCGCACGCGCGCGCGCGGCGGCCCCAGGTACGCGGACAAG,26.951735338017663,4.752306261481184
5967,ENST00000315436.7,ENSG00000176871.8,WSB2,118032694,118062430,3.879725983084266,2646,2592.45,1086.37,9.44123,CATGTGACGGGAAGCAGCTGATGGCCTCTCCGGGCGGCGGCGGCGGCCTGGCCGGGGCGGGCGGCGCGGGGGCGGCATGAGGGCCCGCGGCCCGGGGGGCTGAGGCGCCCGCCGCCTGCCGCGGGGGCCGCTCGCGTCCTCC,0.4109343785803615,-1.2830200641319083
5968,ENST00000392533.7,ENSG00000135090.13,TAOK3,118149801,118372945,14.934912541952466,4384,4086.56,284.89,1.57066,GTGCTCGGCGCAGTCCGGTGCGATTGGCCACCCCTGGCAGGAGCCGCACCTCGGACAGCAGCAGCGGCGGCGGCCGCGGGAGGGTCCTTGTGGCGCCGGGCGGCGGGGTCCTGCGTGGAGAGTGGGACGCAACGCCGAGACCGCGAGCAGAGGCTGCGCACAGCCGGATCCGGCACTCAGCGACCGGACCCAAGGATCCGCCGGGGAACAAGCCACAGGAGAGCGACTCAGGAACAAGTGTGGGAGAGGAAGCGGCGGCGGCGGCGCCGGGCCCGGGGGTGGTGACAGCAGGTCTGAGGTTGCATCATAAATACAAAGGACTGAAGTTATAAAAGAGAAAAGAGAAGTTTGCTGCTAAAATGAATCTGAGCAATATGGAATATTTTGTGCCACACACAAAAAGGTACTGAAGATTTACCCCCCAAAAAAAATTGTCAATGAGAAATAAAGCTAACTGATATCAAAAAGCAGAGCCTGCTCTACTGGCCATC,9.508685865784107,3.2492459692751123
5970,ENST00000392521.6,ENSG00000122966.14,CIT,119685790,119877291,9.677149881069116,8708,10358.2,1229.93,2.67521,GGCGCGGGGCGGAACAGATCGCAGACCTGGGGGTTCGCAGAGCCGCCAGTGGGGAG,3.617342145502266,1.8549300614370305
5971,ENST00000229340.9,ENSG00000111737.11,RAB35,120095095,120117502,134.52310650246997,2945,4004.19,1004.24,5.65046,AAGGAGGGAGGCGGTGGTAGCGGCGGCGGCTGCTGAGGAGGAGGAGGGGGAGCGGAGGGAGGTGTTTCTGTCAGTTCCGGCTGTTTGTTCGGGAAGTGGATCCGCCGCTGCCGGAGCAGCCCGAAGGGAGCTGCGGATCGCGAGGCCAGTACCGACCCCGCCCGCCCGCGCGCACCGCCCCCGCCCGCC,23.807461074402788,4.573341868764217
5972,ENST00000300648.6,ENSG00000089154.10,GCN1,120127203,120194710,47.38480822678158,8675,12123.3,4782.93,8.88862,CAGCCCCGGCAGG,5.330952186816579,2.414393242648252
5974,ENST00000546989.5,ENSG00000089157.15,RPLP0,120196686,120201235,143.70032396326016,993,1037.08,159.77,3.47092,CTTCTCTCGCCAGGCGTCCTCGTGGAAGTGACATCGTCTTTAAACCCTGCGTGGCAATCCCTGACGCACCGCCGTG,41.40122041512341,5.371601390652919
5975,ENST00000424649.6,ENSG00000089159.16,PXN,120210439,120265771,14.174602095723792,3683,5389.29,440.22,1.84035,GGCGGGCGCGGGCGCGGGCGCGCGCGGCGGCGGCGCGTTCCGTTCCGGGCCGAGGCTCGCGGCGGAAAAGTTGCGGGGCATAGACGAGCGGCCCCGGGACGGGCAGCTAGCGCGACCCTGAGCCGGCGCCCGTGGTCCGGCC,7.7021230177541185,2.9452561659402057
5976,ENST00000257552.6,ENSG00000135097.6,MSI1,120341330,120369180,31.32036663541196,2975,4551.53,469.644,2.32473,CTTCGCCGCGCTCCTCATCTGCCCCGCGCCGAGCGCCGCCGCCGCCGCCGCCGCCGCCGCTCCGCTGCCCGCGCCGCCCGCGGCTCCCG,13.472690005037986,3.7519660280535514
5977,ENST00000546954.1,ENSG00000170855.3,TRIAP1,120443961,120446412,339.73104516574614,1182,848.814,617.115,16.3801,ATCAGAGTGCGCCGTCGTCGCCGCCGCCACCACTGTCGCC,20.740474427246852,4.374376990292502
5979,ENST00000229390.7,ENSG00000111786.8,SRSF9,120461668,120469793,370.7361876014988,1201,1144.68,2285.83,44.9907,CGCAGCCGCGTTCTCTTTAAGAGGACTCCTTTTGCCTCCGCCGACCCCTTCGCTTCCGCTCCGCGTTCCCACAATGCAGTGCGGCTGAGCGCCTCGGAGCCCGCGGGGACGCTGCGGGGGGACCCGTGCTGAGGCGGCGGCGGCGACGTGGGCTGCGGCGGGCCCGCGGCGTCGGGCGGTGCGG,8.240284938920684,3.042694224891555
5980,ENST00000288532.10,ENSG00000110871.14,COQ5,120503274,120534434,28.820266226063683,1535,1334.95,285.273,4.81458,AACAAGGCGTACTCTCTGGCCGTTGTCACTCGACTACCAAG,5.986039535341335,2.5816018072777993
5981,ENST00000357500.4,ENSG00000167272.10,POP5,120578764,120581398,170.93038050886733,801,636.75,319.604,11.3085,GGTTTGCACGCCGGACCGGAGAGCGCGGAGGCAGCC,15.115212495809995,3.917929355989692
5982,ENST00000353487.6,ENSG00000157837.15,SPPL3,120762510,120904371,27.5013041653272,4148,4656.9,434.869,2.10389,GCCCCCGCCCCTCCTCCCCTCGGCGGGTGTGATCGAGTGGCCTCGCCTCATCGCCTAGCGCCCCCCTCAGTCGCCGCCGCCTCCGCCCGCCGGCCATGTCCCCCGGCCGCCGCCGCCGCCGCCCGAGCGCGGCGCTCCCGCGGCCCCGCGCGCAGTGAGCGCGGGCCCGTCTTGCCGTTCGCCCGCCCCAGGGCCCCCTTGTTCTCCGCGCCGCCGCCGCCGCCATGTTGGGTTTGGAGCTGCAGCGGAGCCGCCGCCGCCGCCGCGGGTGAGGGAGGCCGAGAGCGGAGCCCGCCCCGCCCCGGGGCCCAGGGAGCGGGGCCGCTTCGGAGCCCGGCCTCTCCCCGCCAGCCGCCTTCCCGGCCCGCCGTGCAGCCAGCGAGCCAGCGAGCGAGCAAGCAAGCAAGCACCGGACCCCGGCCGCGCCTTCAGCTACGGCCCGAGCGAGCCCGCCGCCGCCGGGCCCGGCCACAGCCTGCAGCGGAGCCCACGAGAGGCAGCGCC,13.071645459281237,3.708368853964526
5984,ENST00000261819.7,ENSG00000089053.12,ANAPC5,121308245,121399896,104.62277249254517,2513,2612.4,1627.33,14.0345,GCGGATGTCTGTTTCCTGGGATATTGTGAGGGCGGGCGGAGATGTAGACCCGGTAGTGTTGTGCCTTGTGGTGACAACTGGCGGCAGCGCGCCGCGGGCCCGAGACTTAGTCTCGGGCCGCC,7.4546847050158656,2.8981473351875477
5986,ENST00000342392.3,ENSG00000184047.15,DIABLO,122207662,122266521,12.123983541441383,1336,1426.9,520.144,8.21278,ACTTCCGGCGTGTGCGTCTGGCGTCCGCGCGCTGCACA,1.4762338138171707,0.5619212412625894
5987,ENST00000267199.8,ENSG00000139719.9,VPS33A,122207662,122266521,94.42517660365117,4586,4887.62,618.469,2.8509,GTGCGCTGCCGTACCGGTCACGTGGACGTTTGGTCACGTGACTGCGTCCGTGGTCCTCCCGTAGGAACCGGCGGACTCGGTTGGCGTTGTGGGGCAGGGGGTGGTGGAGCAAG,33.121181593058736,5.04968223656635
5988,ENST00000633063.1,ENSG00000033030.13,ZCCHC8,122471600,122501073,18.83689261992959,2955,2718.19,534.396,4.4294,ATGCCGTCCTCCGGGCAATCGCAAGCCCGATAGGCCCCGCTGCATTCCGGGAGTTGTAGTCTCTAGCGACTGGCCCCGCCCCGTGTGCAGCTTTCGCGGCCTGCGTCTGGAGAAAACCCTAGCGGGTGGCTCCGTGCGGCCAGAGCTCTAGAGAGTGGTGCCGCCTTCCAACCTTCTTCCCCAAGCCCTGGTGGCCGGCTCCGCCTCTTCTCGAATCTTTTCCACAGCCCAAA,4.252696216175913,2.0883778022786146
5992,ENST00000532695.5,ENSG00000111011.17,RSRC2,122503458,122527000,79.91508520570693,2001,1644.83,763.001,10.4512,AAGCTGTGCGACGCGCCGGGCCTCCTCGCCTTTGTGCCATCCGGGTCTCTCGCGCGAGCGATTTAGTCTGAGGCGAAGCTTCGGAGCGGCCGGTACTGTTGAAAGCGACAAGTGGAGGCGCCGCTCTAGCGGCCGGGACTCTGAACT,7.646498507894494,2.9347992586898295
5993,ENST00000267202.6,ENSG00000139722.6,VPS37B,122865328,122896444,16.962353538034492,3028,4044.09,583.539,3.25095,GGGCTCACAGGCTGCGGGAACTTCCTTCCCACTGCCTGTTTTCCTTGGATCGCGGTATCTCTCTTCCTGGAGGAAAAAGGCTCTTATGACCTCATGGCGCGCTCTCCCGAGCCGCAGTGACGTCATTAATGCGCTCACGCGTCACAGCCCAATCATAGGGCCCTTCCCCTCCCTTTAGAAGTCCCGACTGTCCCTGACACATTCCACTCCAAGCGAGCCGCGACACTTACGTCACGTCCGCCCGCCCGCGCGGTGATGACGTCACGACCCAGGGCTGGCGTCACGTGTCCCCCCCGCGGGGGGCGGCCCTTGAGGGCGGCGCTTCCGGTCGGCGGAGCCTGGTGGCCGCAGCGGCGGTGGCGACGACGGCCGAGACGTGGGG,5.217660541698424,2.383403086213841
5994,ENST00000606320.5,ENSG00000051825.14,MPHOSPH9,123152320,123244014,120.65056660229178,6351,5347.6,1311.38,5.52501,GAGAGGCCGCTTGCATGACCCTGACATCGGCAGCGGGAGCGGCGGCCAGACTCTCTTGGAAGTTTAGGATATTTCACAGTTCTGAATGTTAGCCACTGAAAATGCCAGTAGATGATGAAGCCTCTGAAGATGACACGGATTCATTTTTCTCAAACAGCCCAAGAACCTTTATTTTCCAATAAGAGAATATAACAATTTCTGTACACT,21.837167100564844,4.448713804851378
5997,ENST00000261692.6,ENSG00000111328.6,CDK2AP1,123252030,123272334,110.45141777305308,1625,1515.31,293.17,4.35893,GCCCCCACCATCAAGGGGAAGAAAGTGCTCTTCGGATTCCGGTTCGCCCTGGCCTCCCGCAGCCGCCGCGGGACCGGCCCCCAGCACACCCCCGGGGCGCCGGGCGCGGGGCAGCCGCCCGGACGCGCGCGGGCCTCAGGCGCCGCCGGGACCCCAGCCCCCCAAACTTTGGCAAGTTGCGGGCGCCGAGCGCACCCGGAGGCGCGGGGCGCGGCCGCAGGCGGAGCCGCCCCCTGACGCCGGGCCGCCCCCTCCCGGCCCCGGCCGCCCCGCCGGCTCCGCGGAAAGTTTGCGGCCGCCCCTGCGCCGCACCCGGGGCCTGGGTGAGACTGCGGCGGCGGCAGGGCGCGGACGGCCATATTTGCCGGCGCGGCCCGAGCCGCCGACAACAAAAAGTGCGCGGGCGCTCGGCGGGCGCTCGGACGGGCGCGGGGCTGCAGCGCTACCGCCCGGCCTCGCCGCCGCCGCCGCCGCCCTCGCGGCCTGGCCCCGCCGCGCCCGGCGCGCCCGCCGCCCGGGGGG,25.339112528316143,4.663294091606876
5998,ENST00000267176.8,ENSG00000139697.12,SBNO1,123289109,123364843,5.339353162146839,11121,10561.2,1208.59,2.57827,GCGTCAAGATGGCGGCGGGGAGGTAGGCAGAGCAGGACGCCGCTGCTGCCGCCGCCACCGCCGCCTCCGCTCCAGTCGCCTCTGGTCCTTCAAACTCACACCTCCCGGGAGGAGCTGTGCTGGCGCCGGGTCCCGCGGGGAAA,2.0709053598524747,1.050261624059962
5999,ENST00000424014.6,ENSG00000111361.12,EIF2B1,123620406,123633766,111.1334220575296,2477,2495.31,1554.88,14.0389,CGAGGTGCTGTGACTCGTGCCAGCCCCCTAATCTGCGGAAGTGGAGTGCGGGGAGTGCGCCGGAAGAGGGGTACGGAAGTGCGCCGGAAGTGGGGTGCGGAGGTGTGCAGCGCGCTGTCAGACTGGCTCGCAGGCGGCGCGGCCGGCGGACCCGTTCGAGACAGCGCGGGCGGCTCGGGTCCCCTGGGGCTCCGCAGCAGGAGGACGCC,7.9161061092770515,2.984790950725724
6001,ENST00000261693.10,ENSG00000073060.15,SCARB1,124776856,124882668,71.09366357578818,2611,3620.82,1129.38,7.02738,CCCGGATCCACCGTGCCTCTGCGGCCTGCGTGCCCGGAGTCCCCGCCTGTGTCGTCTCTGTCGCCGTCCCCGTCTCCTGCCAGGCGCGGAGCCCTGCGAGCCGCGGGTGGGCCCCAGGCGCGCAGAC,10.116667033202727,3.33866216291732
6003,ENST00000308736.6,ENSG00000150990.7,DHX37,124946825,124989122,19.07443300812261,4550,6771.13,1015.88,3.3802,TCTCACGGCCGGAGTTGGTGGTCTGGGAACCCACGTGGGCTGGGTTTCGGATTGCTCTGCTGGTCCGGCCGCTGGAGCGCCCACCCTGGCCTAGTCGCC,5.642989470481809,2.496459657592569
6004,ENST00000266771.9,ENSG00000139370.10,SLC15A4,128793191,128823983,24.855622775854176,2779,2813.81,274.632,2.19897,AGGTGACCCGGCGGCGGGGCGAGGCAGCTGGCGGCGTCGC,11.303302353308219,3.4986724244048215
6005,ENST00000261653.10,ENSG00000111450.13,STX2,130789600,130839266,7.987753644002044,3331,3015.05,358.393,2.67809,GCAGAGCGCGCGGGGCGCGGTTGCCGTGGCAGCGCCGGCTCCAGGGAGGGCTGCTGGCGCCGGGCCGGGACCGCGGGGCCTGAGGCGGAGACCGGAGAGCCCGAGGCCCGGCCGGAGGCAGCTCGGGACAGGCTTGAGCGGCGGGGCGCGCTGCCCGGCCGGCGGGG,2.982630771931505,1.5765853935386325
6007,ENST00000397333.3,ENSG00000185163.9,DDX51,132136594,132144335,11.78716637355103,4718,6747.88,430.693,1.43801,GCAGCGCGCCACGCCCGAGTCCCAGGCGTGCGGCTGGCC,8.196859808729444,3.035071323628052
6008,ENST00000320574.9,ENSG00000177084.16,POLE,132623753,132687365,24.569774818258207,7840,10370.0,3357.44,7.29442,CGCCAAATTTCTCCCCTGAAGCAGAGGTGGTAGCCAACGGCTCC,3.368297248891373,1.752019460428836
6009,ENST00000357997.9,ENSG00000176915.14,ANKLE2,132725503,132761888,31.59667678576446,4646,5291.16,1425.09,6.0681,AGGCAGGGCGCGGGCAGCCCGGCGCGGGGTCCTGGGACGGGCGCGGCGCGGGGCGCGGGCTTCTCGGCGGCTGCGGCCCGGGCGGCGGCG,5.207013197832016,2.38045606342543
6010,ENST00000361479.9,ENSG00000196199.13,MPHOSPH8,19633681,19673459,9.58034060375027,4235,4053.67,780.517,4.33806,GGAACGCGAGGGGCTGCTGGGGTGTTTGTCGCAGCGGGTTTTCCTCGGCGGTTTGCGGAGCTGCTAGG,2.2084389343970052,1.1430269409311054
6011,ENST00000610343.4,ENSG00000121741.16,ZMYM2,19958670,20091829,25.681300445794854,10200,8079.25,480.762,1.34067,AGCGCGCGGAGGGCGGGGCCTCCCCGGGCTCGGCCGCGCCGCCGCCTCCTCCGCCTCCTCCTCCTCACCAGCGCTAAAGCCGGGACTGGACCGAGCGGAGTTGTGCGTGTCGCCGAAGGGGGGTGGGCCGGGGGAGGGGAGGTTCGTTCCGCGGAGCCCCAGCCAGAACCGGGACCAAGAATCGCCTTCAGCCCTGTCTGGTGCATCCTTGGCAGAAAGTGAGGAGGAAAACACCCCCATTGTTCTTTGGC,19.155571800513812,4.259692186243165
6012,ENST00000351808.9,ENSG00000032742.17,IFT88,20567069,20691437,8.655694315962865,2856,2244.4,118.191,1.18644,CGCACCACCCCCTTCCCGCCGCGCTCTCTCCCGCCCCCGCGCTTCCGGCCCCGCCCGCCCCCGCGCGGAGGACTGTGGGAGCGGCTTCCTTGGATTCCGCGCTTGGCAACGGCTCGGCGTCGCGCTTTGGCCAACCGCTGCGTCGTCCCTGGGCCCGAATAACTGTCGCCCGCTTCCCTCAGCGTGAGGTACAA,7.2955179494646725,2.8670104067378213
6013,ENST00000621421.4,ENSG00000150459.12,SAP18,21140514,21149084,386.33445204047047,2300,2059.78,188.027,2.05665,TAAAGTGTCGAGCTTCTCCTCGCGAGAGACTTAGTGCTC,187.8464746264413,7.5534102304992805
6014,ENST00000309594.4,ENSG00000173141.4,MRPL57,21176645,21179084,250.6185105058917,2246,2201.61,797.634,8.16256,GCGAGACGGGTGCGCTTACGCCACGGCGTCTGCTGGCGGCCGCGGAGACGCAGAGTCTTGAGCAGCGCGGCAGGCACC,30.703420312486735,4.94032747338206
6015,ENST00000382353.5,ENSG00000102678.6,FGF9,21671383,21704498,4.808285826134429,4220,3632.29,163.28,1.01278,TTCCCCTTGAAGGATTCATGCTGATGTCTGCAGAGTCGGTTAGAGAGTAAAAACAGCGCATGCCTTCCTGGAGTCAGGATCCGTAAATTCTGACGTAGCCCGTGCATCTTAAAAATCCCTATAATAACGCCTAGGCATTTAAGTTGCTATGGTCATTCTGATCTCAAACCAAATGGAGAAACTACGGATTTTTTTTCCTTATTACGGTCGGATGGGATGAAGACCTTCCTGCCTGCTAAGAGCTGGGGATCTATCTATAGAGATACATAGATATGTTTATCAATATGTCAGTGTGTGAGTATAAAGTGGTGGTTTCTTAGACTATCAGTGGTTTGACCTTGAACCTGTGCCAGTGAAACAGCAGATTACTTTTATTTATGCATTTAATGGATTGAAGAAAAGAACCTTTTTTTTCTCTCTCTCTCTGCAACTGCAGTAAGGGAGGGGAGTTGGATATACCTCGCCTAATATCTCCTGGGTTGACACCATCATTATTGTTTATTCTTGTGCTCCAAAAGCCGAGTCCTCTG,4.7476113530425454,2.2472018385208044
6016,ENST00000381736.7,ENSG00000139496.15,NUP58,25301524,25349800,45.40872115093246,4332,3778.25,2192.41,13.0735,ACTCACGTACCAGGGCTCATTGCGTGACGGTTACACTTCCGGCGGGCTACGTGCGCGCGGCGAGCGCCGGGCGTACTTTTGCGTGGTTGCTCCACCCCCTCAGCCTTGCCTTCGCCGCCGTTGGGGCTGGAAGTTCCCGCCAGGTCCGTGCCGGGCGAGAGAGATGCTGCCCGGCCCGCCTCGGCTTTGAGGCGAGAGAAGTGTCCCAGACCCATTTCGCCTTGCTGACGGCGTCGAGCCCTGGCCAGAC,3.4733408154612353,1.7963239795802837
6017,ENST00000381527.7,ENSG00000132964.11,CDK8,26254104,26405238,13.163390175578725,3055,2966.98,328.684,2.49589,CGGCTGTTGTGCGGCTCTGCCCTTCTGTTTGAGTGTATGGGAGAGTGAGTGAGTGAGTGAGTGTGAGCGTGTGTGTGAGAGCGTGAGGCGTGAGTGCGCGTGTGAGAGGACGAGAGCCCGCCTGGCCGCCCCGCCGCTCCCGCCGCAGCAGGAGCAGAACGCGCGGCCGGAGAGAGCGGCGGAGCCGGCGCCCAGGGAGCCCGCGGGGACAAGGGCAGAGACACCGCTCCCCACCCCCAGCCCTCGTCCCTCGGCTCTCCTTCGCCGGGGGATCCTCCCCGTTCCTCCACCCCCGGCCGGCCTCTGCCCCGCCGTCCCCCTGGATGTCCCTGGCGCTTTCGCGGGGCCTCCTCCTGCTCTTGCCGCATCAGTCGGGCTGGTGCTGCGGCCGGCGGGCGTAGAGCGGGCGGGTTCCCGGGGGCTGCGGCTGCCCGTGCTTCCCCGGTCCCCACCCCTGCCCCCCGGCCCCCCGACCCAGCTCTCCGGCCTCAGAGGCTGTGACA,5.274026569912426,2.398904839345123
6018,ENST00000335327.5,ENSG00000132970.12,WASF3,26557703,26688948,5.899329540490356,4790,5112.41,493.885,2.17652,GCGGCCGCGGCGCGGCGGGACCATGGAGCTCAGAGCGCAGCCCCGGCGCCGGCGGCGGGACCGCGGACCGTTTTAGTTTTGATTGCTGTTAACTACTACTGATAACTGAGCCAAAGTGGTGATGCTACTTGAGGGGAATTTCTGCAACCCATAGTCAACGATTACATGATTGTGAACC,2.710441227505539,1.4385277242431362
6019,ENST00000311549.10,ENSG00000122026.10,RPL21,27251309,27256691,58.401434104662464,815,582.913,2783.49,107.584,GACGACGGCGTCCTCTTGATCGCCCTTGAAGGCCCCTTTCCGGGCTGTCTGACACGATGCAAGTGTCAGCTTGTGTTGGCCGGTTGCCTTTCTTTCGCAAGAGGGGAAAATATCCTCACAGACTTTCTGTGTTCTCAGAGACGATCTTCTTCCCTAGAAAGAAGTCGCTTACGGTTGGCGTTTCCCTCAGGCAGCGCCGTGGGCAGCCCACAGGCCCTTGTAAGGCGCGCGCCGCGGCCCCGCCTCTTTCCTTTCGGCCGGAACCGCCATCTTCCAGTAATTCGCCAAA,0.5428449779210892,-0.8813878333505766
6020,ENST00000241463.4,ENSG00000122035.6,RASL11A,27270327,27273690,49.165341128959376,1543,1949.81,137.346,1.58703,GGGCCTCCCAAAGTGCTGGGATTACAGGCGTAAGCCACCGCGCCCAGCCCCTTAGCACCTTTTAAAAATAAAAAGGGCAGCGTTTTACAGCAATCTGTCCCATTGTTGCAGAAACATCCAACTGATTGCACTTTTTCTTCTTCTCTCGTCAACTCGTAACTCCTATCTCAAGTTCACCCACAGGTCTAGTGACTCCGGCTGGCTGCTGCGGGGCGAGGAGACTCGCAGAATGCCTGACTAGAGGCCACTCGCGCGCTCTGGACGGTGGCCGTATCTCCAGGGTCTGAGCCCCGGAGCCGCAGTCCTGCCGCAGAGCGCCTGGAGCCGCGAGCAGCTAGCAGCCCGGCGAAGCGCACAGCCTCGGCGATAGTCAGCTCCGCGGCCTCTGCTCCCGCCCCTCCCGGCCGCTCCGGGAAGGGGCGGAGACGAGGAGGAGCTGGGACGGCCGCCGCGCTCCCGGGCGCACCAAGCCCTTTAAAAGCCGCGGGCCTTGACAGTTCTGCAGGCAGCCGCCGCGGTCCCGGACCTCTAGTCCCGCACTCCCAGCTGGCGAGCCGGCTCCGGGTGCGGCGAGGCCCAGCCCTCTCGGATTGCGCGCCGGACCCCGGGACGCGCTCC,30.97946549779108,4.953240347783779
6021,ENST00000381140.8,ENSG00000122034.13,GTF3A,27424544,27435823,20.972968239574417,1383,1252.09,1175.47,21.1513,ATGCGCGATCTCCCGGAGCATGCGCAGCAGCGGCGCCGACGCGGGGCGGTGCCTGGTGACCGCGCGCGCTCCCGGAAGTGTGCCGGCGTCGCGCGAAGGTTCAGCAGGGAGCCGTGGGCCGGGCGCGCCGGTTCCCGGCACGTGTCTCGGCACGTGGCAGCGCGCCTGGCCCTGGGCTTGGAGGCGCCGGCGCC,0.9915687565102106,-0.012215280842624883
6022,ENST00000302979.4,ENSG00000186184.16,POLR1D,27620742,27744237,47.56075176646694,1166,1341.72,342.985,5.75937,CCCCTCCCTCTTCAAGGTGTGTTGACCGACTACAGTTTAAGCCTGTCGTCCCACAAAAGGCCCGGGAGGGCCGGGGTCCCAGGAAGGGCCATCCTGGGTCAACACCGCCCCAGTTGGGAAGTCGGGCCGCTTTCGGACTTGCCACTGGGAAGGGAAGTGATTTGGGGGCGGCAGGTAAGGCCGCGCCCCTTCGCCATCACCTGGGGAAAGGTACCAGAGTTGAGCCGGGGCGCCCGCAGGCCTGTCTGGGCCTCGGGGTAAGGCGGCGCTGGCCCCGCCCCCTGCCCCTCCCGCCGCGAGTGGCCTCGCGTGGTCGCCCAGGTGAGCCGCGGGGCCGCGAGCCACCGCTCACCCCGCGTCGGGGCGGGGGCTGGGGGTGGAGCCTCATGCCCCGCCCCGCGGCTGGGCCCTGCCGCGCCGCTGCGGCTCCTCCTCCCTCCTTCCGTCCTCCGCGCCTTCCGTCGGTCGGTCCTTGCTTCCTGCTTCGCCTCCGCGCCTCGCGCTATGGGACAGAGCCCCCGATCCGCCAGCACCACCTGAGGATCCAGAAACCGCCCCAGCG,8.257978175819048,3.045788605765333
6024,ENST00000399613.1,ENSG00000152520.13,PAN3,28138506,28295335,5.788630463731769,4940,4123.88,481.155,2.6287,GCCGCAGCCGGCGGAGGAGGCAGTAGCGGGGGACTCGATGGACCGCGGCTGGCAATTCCAGGA,2.20208866121344,1.1388725563309445
6025,ENST00000380842.4,ENSG00000132963.7,POMP,28659104,28678925,594.4905986877817,1330,807.243,1220.28,34.0579,GCCAGCCCTCGGAAACGGAAGTGAGCGGCGGGGTCGACTGACGGTAACGGGGCAGAGAGGCTGTTCGCAGAGCTGCGGAAG,17.45529227250599,4.125592608556305
6026,ENST00000255304.8,ENSG00000132952.11,USPL1,30617693,30660770,7.04982176862674,3814,3235.38,352.628,2.45558,AGGGCGGACAGCCACGCCTCTGCGGAGGGCGACCGGAAGTGCTCACGTCTTCACCTTCCCCGCCACGCCACCGTCCTTTCAGGCCCAGCGTGCAGCAGGAAGGAGGACTCTTTTGCCGCGGACTCAAGCCGGAAGCCGCCTTCCTAGTGGAGACGCGAGTGGGGGAGGAGCAGTCCGAGGGGAACGTGGGTTGAACGTTGCAACTAGGGTGGAGATCAAGCTGGAACAGGAGTTCCGATCGACCCGGTACCAAGAAGGGGAGTGCCCGCGGCAGGGTTCATTGAAAAAATCCTTAGTGATATTGACATGTCTCAAGTGACATAAATTAGCCAATGACTCGGA,2.870939561580865,1.5215229595505435
6027,ENST00000343307.4,ENSG00000187676.7,B3GLCT,31199936,31332276,15.85784783789381,4254,3556.47,381.0,2.41361,CGATGGCGCGGCGGAGACGGAGGGAGGAGGGGAGCCGGCAGAGAAGGGTCAGCCGCGGCGGCAGGGCGGCGGCGGCAGCGGCGCAGCTCCGCTCCCCGCGCGTCTCCCTTCCCCGCGCCCAGGTAGGGCGCTCAGCCTCCGCCGCCAGG,6.570178213503347,2.715932503614651
6028,ENST00000380152.7,ENSG00000139618.14,BRCA2,32315474,32400266,4.605511357680325,11986,8785.9,1514.57,3.88386,GGGCTTGTGGCGCGAGCTTCTGAAACTAGGCGGCAGAGGCGGAGCCGCTGTGGCACTGCTGCGCCTCTGCTGCGCCTCGGGTGTCTTTTGCGGCGGTGGGTCGCCGCCGGGAGAAGCGTGAGGGGACAGATTTGTGACCGGCGCGGTTTTTGTCAGCTTACTCCGGCCAAAAAAGAACTGCACCTCTGGAGCGGACTTATTTACCAAGCATTGGAGGAATATCGTAGGTAAAA,1.1858077679628838,0.245870152645568
6029,ENST00000315596.14,ENSG00000083642.18,PDS5B,32586427,32778019,20.543594116119458,7497,5768.51,481.852,1.88197,GAGCAGCCGCCGAAGAGCGCTTGGCGCCATTTTGAAGCGGAGAGGAGGAGGAACGGCAGGGCTGGCTGCGGAAGGGGAGGGGGGGGGAGAAGGCGATTGGATGCGGCGGCGGCGGCGGATCCCGGAGAGCCCCGGAGTGAGCGGAGTAGCGAGTCGGCAACCCGGAGGGGTAGAAATATTTCTGTC,10.916005098975786,3.448373068509577
6030,ENST00000380071.7,ENSG00000133119.12,RFC3,33818049,33966558,272.6495372442908,2402,1817.85,2523.83,31.2798,TTTACGCGGCCGCGACCGGTAGTGACGTCACGAGATTTGGAGCTCGCGGGAAAACTTGTCTCTGCGTTGTGGGGAGGACGCGCGCTCGCGCGGGATTTTCAAGCGTAGGCCCCCGGGAACTCGAGCTGCC,8.71647316300906,3.1237445135027535
6031,ENST00000379939.6,ENSG00000172915.18,NBEA,34942287,35673022,3.9129417331271967,10738,9678.79,586.014,1.36411,CGGGCCGGGCTGAGGCGCAGGCGGGGAGCGGGCCCGGCGCCGCGGCGCTGGTGGATGCTGGGGCTCCGAGGCGACGGCCGGGGGGCGGGGGCCGAGGCAGGTATAACGGTACCGGCGGCGGCAGCGCCGCTGCTCTTCCCTTCTCCTCAGGAGGGGGGCCA,2.868494280613145,1.5202936414553587
6032,ENST00000255476.2,ENSG00000133111.3,RFXAP,36819224,36829104,40.44297251424975,2304,2236.74,322.0,3.24341,GCGCAGTCGGGGCGCCTTCCCGGTATAGGCGCCTTTTACCCCAGCGTGTCCTGAGTCTTTGGTTCGCGAAGTGCCGTTAGGCCAAGCAGGTGCTAAAAGCCCGGGGTCGTGGACCCCGGCCAGGTCTTAGCAGC,12.469275396650364,3.6403057258903355
6033,ENST00000389704.3,ENSG00000120699.12,EXOSC8,36998816,37009613,167.69076010311846,1198,831.688,994.334,26.936,AGTCACAGCACCAGCTCTTTTATAAAGAGGGAGACCCGCTCCTTCTTTAACAGCAGATTCGTCAAAATACGTCCAAGGCAAGGAAACCTAGAAAGGCGTCTGGGCAGGGGAAAGTCGATGCGAGGGCGGGCCAGGGACCTTTCGTCGCGTCCCCACCTTGGCATTTCCCGTGGCGTGAGCGGCCCCGGCATCCGTGTCGAAAGTGCGGCGGCGGAACAGGCGCGCAGGAGAGGAGCGGCGCAGGCGCAGACGCGCGGGCGGGAAG,6.225525694353967,2.6381956660346257
6034,ENST00000239878.8,ENSG00000120686.11,UFM1,38349849,38363619,177.4417799435341,3138,2199.86,1064.08,10.8979,CGGAGTTGTCGTGTGTTCTGGATTCATTCCGGCACCACC,16.282199317623956,4.025223679646747
6035,ENST00000280481.8,ENSG00000150893.10,FREM2,38687129,38887131,12.19608161813408,16070,16476.2,1254.64,1.71563,GGACGGCCTGGGAAGGCTTCGGCTCCTCGGCTGCGGCTCCAGCCCGGACGGCGCCGCGCAACTTTGCCATCCTTCTGGCCCAGCCCCGGCTACAGGAGGACCCCGCGGGCAACGCGCGGAGTTCCTGGCACTTCCCGGCGGTGTCTCTTGTTGTCTGCCCGGGGACCGACTTCGCATGCTCTCAGGCTGACCTGTCCAAGCCCGAACACCGGGACC,7.108806454849868,2.8296073564391255
6036,ENST00000379600.7,ENSG00000188811.13,NHLRC3,39038306,39050109,15.606028003800663,3549,3053.26,162.448,1.1987,GGTGGCCACTGAAAGTCAGCGGCGCGGACTGCCCTGAGGGCGGGAAAGGGTGGTCACTGGGTCAGCCCGAAGCACCTGACATGAGGGCGGGGACCCCGAAATGCACACGAAGTCCGGAACTGGTCTTCTGTGATTTTCATTCGCCCTGGTCTCTGTTCCCTTTCGTACTCAAAGCTCGTGCATCCAGGGAGGGGAAACCGGAGATAGGGTCTTCGGGCCCCGGGCAGACCCTCTGTGCCGCTGCAAACCGTTGCAGCCTGAGGCTGTCAGGTCCTCCCCCAGACACCTGCGGACCCTCCCTCTCCTGGCTTCCCGTCTGGTC,13.019127391174324,3.7025608497953844
6037,ENST00000455146.7,ENSG00000133103.16,COG6,39655627,39791665,34.941127998587625,3563,2756.26,747.523,6.11036,GTGGTCCCTGCCTGGCTGAGGTGGCAGCAGGGGGCGGGACGCGCAGCGCT,5.718341963253822,2.5155968973280105
6038,ENST00000338625.8,ENSG00000102743.14,SLC25A15,40789412,40810111,24.424179049092544,1586,1498.31,262.023,3.94003,GGGCGCTCCTGAGCTTCGCGGGGCCGCAGTCCGGGATGCCTGCGCGAAGGGAGGGGCGAAGGGCCGGCCGTTGCCGACGTGGGTGTTAAGTGGCCGCCCCAGCCGGCGACCCGGAGCCGAGAGCGGGCGGCGGAGCCTGAGCTGGACGCGGCCACGCCGGCGCGGCGGGATATGTGGTGCCTGTCATAAGCTCCAGAGAGCTGCCTTCCACAAGACCAGCAGAAGAGTGGGCAAAC,6.198983015127434,2.6320315510837604
6039,ENST00000379487.4,ENSG00000120688.8,WBP4,41061274,41084006,22.974377490792214,2623,2245.8,432.0,4.33386,AGAAGGAGGATGGAGGTTTTGGGCCCCAGGGGAGGACACAGAGACGGCGGGATGGCGCAGGGACTTGAGGCTTGAGATCCCGTCCTTCAGCTCAGGTCCCGTCGCGCTTTTACCCCTTCCCGGTGACCTCAACCCCTTTATACCGACCCCACCTCTTTGGAGCCGGGAGTACCGCCCCTGTAGGGGGAGGGGAGAGGAGGCGATTTCGAACGCGGATTGGATCGTCTGGGCACCCGTAGTTGGGAACAGCGGAACGCTGGTCCCGGGGACTGAGTAAGGTGTCTGGATCGGAGGGAGGTTCGGGTGGGCATCGGGCGGCTGGAAGAGCTCGACTCGTCCCGCTGGGAAAGCGCGAGTCTGAGTGGAACCCTGGACGACTTGCAGAGCGGCTGGCGCAGTC,5.301135129144046,2.4063013162494853
6040,ENST00000379406.7,ENSG00000172766.18,NAA16,41311205,41377030,21.579554521845782,4347,3438.45,602.894,3.95039,AAAGGGCGCTCCGCGCATGCGCACAGGATCCGGCTCGGGAGGCGGACCCTGGCTGCCATCTTGCAGTGCGCGGGAACCGCCGCCGCCGCCGCTGGCCAAAAAGCGGAGCCCAGGGGAAGCGTGTCCTGCTCAGACCGCCTTCCTTCTCCATTGCCACCCGTGCCGAACAGCCAGGCTGCCCAATTGCAACTGTAGACCAATGAACTAATCCATCGCCCGCAGCCCGACTCTCAGCAGCGGTTCGTCCCGGTGCCCACCCCCGCGAAGCGGAGCGCCCGGGCACCTAGCCTCCCTGCCGGCCACCTAGCCTCCCTGCCGGCCACG,5.462639010792803,2.449598088138111
6041,ENST00000261491.9,ENSG00000102780.16,DGKH,42040036,42256578,3.661787161280829,17261,14263.4,1810.94,2.86051,TCCCCGCAGGAGTCGGAGAGG,1.2801168886949632,0.35627555010123274
6042,ENST00000025301.3,ENSG00000023516.8,AKAP11,42272153,42323267,14.526802964640298,9920,8063.27,1539.91,4.30274,GCTTGCTTGCCCGGCTCGCTCACGGGTCGTTGAGGCCGGTGACATGTCTGTGAGCTGCGGAGGCTGCGGCCCCCAGATCTTTCTCTTTGACACTTTGCAATAAAAAAGGGCAGTGAGATTGAATAGGTGTTTTGTGGATTAACTCTTCATTGATTATATACAACAAAAAATAGTT,3.376174940768045,1.7553896610473316
6043,ENST00000493476.1,ENSG00000151778.10,SERP2,44373665,44397714,6.007897755350492,962,1045.71,52.1341,1.12324,GGTGCGCAGGGCTCGGGGCCACGCCTTGCCACCTGCAGCGCCCGGGTGGGCCGCGGGGGCCTCGGCGGGACGCGCTCGGCCCTGTCGCAGGAGCTAACGCAGGGGGAATCCTTGCAGGTGGGAGCATTTCAGAGCGCACAAGCC,5.348721337693184,2.4191940428688725
6044,ENST00000379151.8,ENSG00000133114.17,GPALPP1,44989529,45037669,51.06658427098817,1393,1048.55,368.151,7.91042,CCGGGAAACCTGCCATTCTTCGCTGCTGATCGCGGGATTCTTTTTGGATAGGGTTGACGTTCGTGGATAGACTCATATCTGTGACCAGTGTCCGCCACCGCGG,6.455609723755271,2.6905533625961473
6045,ENST00000340473.7,ENSG00000188342.11,GTF2F2,45120515,45284909,123.96667712993884,2239,1642.66,956.809,13.1232,TTCCCAGTGTTCTGGCAGGTAAGGAACGCCGGCTCTTCGCCTCTCAGCGCGGCTTGTCCTTTGTTCCGGACGCCCGCTCCTCAGCCCTGCGGCTCCTGGGGTCGCTGCTGCATCCCGCACGCCTCCACCGGCTGCAGACCC,9.446375665229429,3.239760909994809
6046,ENST00000349995.9,ENSG00000136152.14,COG3,45464898,45536630,12.177374980797936,4498,4003.77,506.958,2.85276,GCCCCGCCGCCGGTGCAGTGTTGGAAGCTCCGGTTCTCCCGGAAGTGGCCCAGGTCTCTCTGTCGGGGTCCCCTCCATCTCGCTGCTGCTGAAGGCCGCGAGGGCGGCGGCG,4.2686293206571655,2.093772887235705
6047,ENST00000311191.10,ENSG00000136141.14,LRCH1,46553168,46753040,10.375223800898304,4710,4622.87,610.601,2.97583,CCGCAGTCCTTAGCTTCCCGGGGACAGGAAACCTTCAAGACCGAGCTGCCACGGCCGCCTCCCCGCCCGCCCCCCATTCTACGCGCCTGCCCACACCCTCCTCCCCTCCTTCCAGCGCCTTTCGGTGGAGCACTGCGGCACTCAGCCCGAGCTGCCGTTTTCCCCTCGCGGGGAACGCTGTGACCCCCCCGCAGGAGCGGCGGGGCGGGGTGGGGGGGCCCGGGAGAAG,3.486497481676811,1.8017784395556768
6048,ENST00000258662.2,ENSG00000136159.3,NUDT15,48037567,48047222,99.96120374390176,2098,1900.14,913.3,10.8291,ATTCCCCAACCTGATAGCCCTCCGCGACGCATTACGCACCGCGGACAGCTGGAGAGGCCGAGGCGCTCTCGCTTTGATTTCGGCGCCTCCGCCCTCGCGGGGAGAGATTGGCTGCGGCCGCGGGACGGGGTAGTGAGCGCGTCACTTCCTGCCGCTGCCAGGCGCGTCCTCCCGCGCGCT,9.230795148618238,3.2064549282132315
6049,ENST00000378565.9,ENSG00000136156.12,ITM2B,48233158,48270357,523.8926652913364,10137,9018.01,1601.09,4.00006,AGTCTCCGCCCTCGCGCGGGAGCTGGGAGGCTGCGAGATCCCTACCGCAGTAGCCGCCTCTGCCGCCGCGGAGCTTCCCGAACCTCTTCAGCCGCCCGGAGCCGCTCCCGGAGCCCGGCCGTAGAGGCTGCAATCGCAGCCGGGAGCCCGCAGCCCGCGCCCCGAGCCCGCCGCCGCCCTTCGAGGGCGCCCCAGGCCGCGCC,130.97120175480777,7.0331058133471895
6050,ENST00000267163.4,ENSG00000139687.13,RB1,48303751,48481986,72.72586215962194,4840,3629.28,2919.24,18.1222,TCCGGTTTTTCTCAGGGGACGTTGAAATTATTTTTGTAACGGGAGTCGGGAGAGGACGGGGCGTGCCCCGACGTGCGCGCGCGTCGTCCTCCCCGGCGCTCCTCCACAGCTCGCTGGCTCCCGCCGCGGAAAGGCGTC,4.013081312402575,2.004710388066949
6051,ENST00000492622.6,ENSG00000102531.16,FNDC3A,48975912,49209779,19.814434105346617,6286,5191.83,474.961,2.0611,CTCCCGGCTCCGTAGTAAGCATGGCGGCGGCGGCGTTCGTGGTCCCTCGGGTGAAACAGAAAGCGGGAGCTACGCGGAGAGGGAGCGAAGAGCGGGGCTGAGGCGGCGGCGTCACTGCCAGGAAACAACCCCAACAGTCAGCGCGCCGGCGGCCGCGGCGGCCCTGAGAGCTGACTCTGCAGCTGAGGTAGAGAGACAACGATCAGGAACCCTAAGAAGAGGCGCCAGAGGAGCCGCCTTCTGCCTCAGAACGGCGTGACTCGGAGAATTGGAGCGTTATTCAGTATATTAATGTCTTATTGATA,9.61352389760158,3.2650653568794654
6052,ENST00000378182.3,ENSG00000204977.9,TRIM13,49995888,50020922,63.21863703531741,7249,6318.65,628.807,2.2421,CCGGAGCCGCGAGTCCATTTTGGGGCTGTGCTTGGCGCGTACCGTGCGGTCCCTGTAGTTGGAGGACGGGCGGTCGCGCGGCCTTTCCCACTAGCCGGAGGTCGGAGATAAGTACCCGCCGCCCGGCTCCTCTCGGGAAAGCGGGGTGGTCCTCGAACCTTCAGCGAGGGTGGGGAGTTGCCCAGGTCAGCAGGGATCTGCGTGGGTTGGGGGGGCTGGCGAAGGCCGTCTGAGCTCCAGTCCGGCAGCGCGGCAGAAACCAGCGGGGCACTGTCATGGGCCTGGGGAGGAGCGGCCTGCGGAGGGCGCCGGGGCAGTGTGTCTGTGGTCCAGAAAACCTGCTCCGTCCGGAGCCTTCCTGGCCCCGCTACCAGCGTCTCCACATCCCCTAGAAAAGAAAAGACGGGTGTGGGCCTTAGGTTACAGCGCGCCGCCAGCGTTTGGTTGCATGGCGCCGGGGGAGGGCGCCCTAACCGAGAAGCTGCTTAATACAAAGAGCTCCAGGCTCCTGGCGGTTCACCAGGTCTAAACAGCCGGGCTTTATTTGTGGGGGCGATTGAAAAAATTGAGGGTCAAGATTGGGGTGCTGTGCAAATAAATGCGTTAATACTGTTCTTTTTCTTCTTTCTTTGCAGTAGCCTCTAGTTCGTTAGTCAAAACGTGAAAAAAAAGACCTGCTTTGCCCTGGGAAATAGTAACCCTGCCAAATACATCAGCTTGTAGGAGACAGAGGATGTG,28.19617190817421,4.817427401341952
6053,ENST00000378180.8,ENSG00000176124.11,DLEU1,50082171,50723236,90.4026509605039,981,722.962,159.424,4.96822,GCACATGCGCAGAATCATCGTGGTGCACGGCTCTCCCTTTGCTTCTTCGGTTGCAGTCCTCTTGCTTCTTGCGCGTGCGTGTAGCGCTTTTGCAAAGCCGCGGAGGTGAAGTGAACTTAGAGGTTGTGGGGCCGAGGGGTCGTCTTATAGCTACCAGCCCACAGGCATTTAGTCTACGTTGGAGGTAAACAAATACGGGTCCTGCTTAGGAGAAAAGAAAAACGTCTTACAGCCAGTGTCTAAACTCCAAACAACGGAATGTATCA,18.19618514488165,4.185564114023044
6055,ENST00000336617.7,ENSG00000136104.19,RNASEH2B,50909678,50973745,74.21990115674681,1629,1449.42,279.513,4.3448,CCGCTGGCTAGACCATGGAGGGCCGCTGGGTGCAGCCACAGAGCGCGGGGCCCCGGCGACCCCGCCCCGCTCCGCGTCACTCGGCGCCCTGCGGCGCGCGATGAGCACCTACCACTAGCGGAGCCGCGAGGGAGAGGCCGCGGCCCCTTCCCGTTGCCTGCGGCCACCGGCCGGCATTCAGAGCCCCTCGCCTGGCGCTAAATTTAAAAACGTAACACGAGCAGCAGGCTGGTCTCGGAAACGAAACGAAATTCGGTCCCTGGGCCTCCTCCCGGGCGCTGCCGGTCCCTCAGCGCGCCGCGCCACCCGGAACAGACCCTTCTCCCGCCATTTTCGGCGGGGCTGGGAGACTGAGGCCCGCGGCGCTGAGCCTGCGGCGCCCCGGAAGAGGCGGGCGGC,17.08246666284911,4.094444406222718
6056,ENST00000521508.1,ENSG00000253710.2,ALG11,52012398,52033600,35.278373202791165,2558,1957.0,152.539,1.75611,GGAAG,20.08893133277025,4.328328914213899
6057,ENST00000521776.2,ENSG00000253797.2,UTP14C,52012398,52033600,2.160358641771562,5529,5089.56,859.413,3.80438,GCCTTTGCTAAATTGCTGAATAAGAAGATGGTTGAGTCACCTCCTTCGCTTAAACTTGTCCTCATTGGAGGTTGTCGTAACAAAGATGATGAACTTAGGGTAAACCAACTGAGAAGGCTGTCTGAGGATTTAGGAGTTCAAGAATATGTGGAATTTAAAATAAACATTCCATTTGATGAATTAAAGAATTATTTGTCTGAAGCAACAATTGGTCTGCATACCATGTGGAACGAGCATTTTGGGATTGGAGTTGTGGAGTGTATGGCAGCTGGCACAATTATCCTTGCACACAATTCGGGGGGCCCAAAGCTTGACATTGTGGTTCCTCACGAAGGAGATATAACTGGCTTTCTGGCTGAGAGTGAAGAAGACTATGCTGAAACTATCGCTCACATTCTTTCCATGTCTGCAGAAAAGAGACTCCAAATCAGAAAAAGTGCTCGTGCATCTGTAAGCAGATTCTCTGATCAGGAATTTGAAGTGACATTCCTATCATCTGTGGAAAAGTTATTTAAGTAATGCCATATCTGTAAAATTAAAGATATTTTATATAAACTGGTTAAACACCTTCATATGTAAATATTTTTCTAAATTCAATCTCATTTGTCAAATCATTTTACTTTAGAAAACAGACAAAATTTCCTTTTAGAATAAAAGGAAGTGTTGAAAAGAAAATGGATGACTAGCCTTCGGCTTCCATTCTTGGTATACATGAGAGAGGCTGGCTGCTGAG,0.5678608976420763,-0.816390522304169
6058,ENST00000258607.9,ENSG00000136108.14,CKAP2,52455429,52476628,143.3786963803208,3375,2659.39,2721.22,23.0538,GGAGACGGCAGCCGCGCCGTCTGACGGCTTAGCCGCGGTGCAGACTGCGGCGGCGGTGGTCTGAGGAAGTTCTATCTTGGCGCTAAAGCGGAGACGCATCCCCCGACCCGAGGCTACG,6.21930859035477,2.6367542027496502
6060,ENST00000343788.10,ENSG00000165416.14,SUGT1,52652709,52700909,96.30743599940844,1217,936.755,480.592,11.5588,CAGAAGTTTCCCCCTTGGGCGGTGGTGGAGGTGGTAACCGTGATAGTAGCAGCTCCGGCGGCAGCAACAGCGACTACGAGGG,8.331957988667375,3.0586555650513825
6061,ENST00000390667.9,ENSG00000136122.15,BORA,72727749,72756198,16.985313958840486,2936,2452.74,330.815,3.03876,GAATTTGGAGCCACGTTCCTCTGCGCGGAACGTGGAGCGAGGAGTTGCCATTCGAATTTCCTACGCGGCCTCCGTGCGATTGGCTGGTTCGCGG,5.589554278337377,2.482733244415472
6063,ENST00000326291.10,ENSG00000083535.15,PIBF1,72782059,73016461,26.51380799150129,3154,2084.11,565.134,6.10933,GTGGCCTAGGCGGGGCTTCCTTCTGGACGCCACCTCACAACGTGTGTTGCTTTCCGCTCCTCGGAACATCCGGGAGAGTTGACTTCCGGCGGCTTGTGGGAGTGCTGGTTCTGTCCTCCTTGCGGGTGCGGAGATGGTTGTCTTGGTTACGGGTCCTAACGGTCCCCTGCCTTGAAATCCCTTGTTGAGGGCCTGCAACCTTGTGCTTCCGACCGGAGACGCCTTTGGTCCCTCGGTGTCTGCACTGGCTGCTGGTCAAGGCTTCAGTGTGGAGTAATTGACACTTTCGAGAATATTAAAATCAAATTAGAGAAGAAAACTGATCCATAATAATAAAA,4.339888005968133,2.1176578133335506
6064,ENST00000377595.7,ENSG00000118939.17,UCHL3,75549480,75859870,168.78336136238767,844,502.012,542.256,24.3362,GTCAGAGCTGGAGGGCCGGGCACCGCGGCC,6.935485464550244,2.7939968706939924
6065,ENST00000377047.8,ENSG00000183098.10,GPC6,93226842,94407401,16.455781171277646,6467,6128.26,503.133,1.84973,CCAGGATTTCTCTCTTCCTATTTCAGGAGGACTCTCACAGGCTCCCACAGCCTGTGTTAAGCTGAGGTTTCCCCTAGATCTCGTATATCCCCAACACATACCTCCACGCACACACATCCCCAAGAACCTCGAGCTCACACCAACAGACACACGCGCGCATACACACTCGCTCTCGCTTGTCCATCTCCCTCCCGGGGGAGCCGGCGCGCGCTCCCACCTTTGCCGCACACTCCGGCGAGCCGAGCCCGCAGCGCTCCAGGATTCTGCGGCTCGGAACTCGGATTGCAGCTCTGAACCCCCATGGTGGTTTTTTAAACACTTCTTTTCCTTCTCTTCCTCGTTTTGATTGCACCGTTTCCATCTGGGGGCTAGAGGAGCAAGGCAGCAGCCTTCCCAGCCAGCCCTTGTTGGCTTGCCATCGTCCATCTGGCTTATAAAAGTTTGCTGAGCGCAGTCCAGAGGGCTGCGCTGCTCGTCCCCTCGGCTGGCAGAAGGGGGTGACGCTGGGCAGCGGCGAGGAGCGCGCCGCTGCCTCTGGCGGGCTTTCGGCTTGAGGGGCAAGGTGAAGAGCGCACCGGCCGTGGGGTTTACCGAGCTGGATTTGTATGTTGCACC,8.896315230481013,3.1532079091713885
6066,ENST00000376958.4,ENSG00000152749.7,GPR180,94601903,94634645,23.0629333269853,8822,6931.94,772.0,2.50914,CGTCGGTGCAGACCTGGAGACGGGC,9.191568954695752,3.200311143338241
6067,ENST00000602402.5,ENSG00000102580.14,DNAJC3,95677139,95794989,46.70911452751637,5591,4546.14,987.791,4.89535,AGAGCCACTGAGGCCTGAGCGAGAGCCGACGGCGGGCGGGCGCAGCTGCTGCCGGAGCGCCGGCGCGTGCTGGTGGGCCACACACCTTTCCTCCTCTTCACTCGCGAGCCCTCGGAC,9.541527067015918,3.254220179826741
6068,ENST00000343600.8,ENSG00000139793.18,MBNL2,97221434,97394120,26.78459623959985,4596,3402.77,516.118,3.41726,TCGGAAGGAAGGGCTGCAGCTTACAGCAACAGAGTTTAGACTGTCTTTGCTTCATCATCTGAAGGTAAAATTTTCCAGATACGGCAGACGGCTTTCAGAGTACAATAAACAGGGAATGAGAACTATTTACATGGAAGTTTCTTTCTCATGATGCGGTGGAGAAGCCTCGGCCACTTGGTTCTGCCAGATGTTCCTGGGGTTACTGTAAATGGGAAGGACAGGCAGAGCTAAACAAGGTTTATCATTTAAAAGTGCCTGTGTGAAGTCACTTTTGCTGGAAAACTGCAGCTTGGGAGCTTTCTTTGTATTCACATCCCACTCTTCTGTCAAGTACACTTTACCCTGACCTTATGAGTGGATGAAGATACCTCAGTTGTCTGACTTTGCCAATTGCTTAATTTCAGAATTTAAAAAGGGGAAAGAAAAACATCCTGCTAAAATATGAACATCTGAGTGTCTTATTTTCCAACATCGTCAATAGCTGTGAGCGTCAGCATTAAATATTCTCCCAAGGAGTGCCATGATATTGAAGTCACTTTATTAATAACAGCTGTATCTGCAAAACAGTCAAGAGACTCGGACGTTGAAAGCCAGAGATGACACTGAGCATGCTTTTATTGCGGCCTACCATCTTTAAGTGGGACATATTGATTGATGAGTGATTGCCTGTCCATACACTCTCTCATCATCCTGTTCCTTGGATTGGACTTCACTAAGCAATTTATCACTCACCTTCAGACTTACATGTGGGAGTTTTCACAACAGTAGTTTTGGAATCATTAGAACTTGGATTGATTTCATCATTTAACAGAAACAAACAGCCCAAATTACTTTATCACC,7.838032880026644,2.970491624962563
6071,ENST00000245304.4,ENSG00000125249.6,RAP2A,97434222,97469128,19.30617665752629,5487,4197.93,916.313,4.9178,TCGCCCTCAGTCCCACCCGGTGCCTACGGGGCCGCATCGCCGCCCGGCTCGGCCCGGCCCATGCCCAGGGCCGCTGCTCCCTCAGTTGCCGCCGCCGCCGCCGGCGCCCAGGGGGCCGCCGCGGCTGTGAGGTGGGGGCGGCAGCGGGAGGCGGCGGGGCGGGCCGCCGGGGCCGGGGCTGGGGGCGCAGCGCGGCCGGCGTAGGTCTATGTCGCGGGCGGCGGCGGCGGCGGCGGCCGCGGAGGGACG,3.9257750737171686,1.972977516327084
6072,ENST00000261574.9,ENSG00000065150.18,IPO5,97953658,98024297,291.1517182244155,6003,5370.52,2974.13,12.4769,GACCTCCCACAACTGGAGCAGCCGGGAACAGCTCTGACCACAGTGGTTCCGGGGAGAAGCCTTTCCAGGACCCATGTGTAGGCACAACTGTTTTCCCTGATCAGGATACTTGCGGCACTCAACAGAGGAAAGAAATTCCTAAGGGAACACTGCTCAGAAAGTACTGCAGCATGTCTTCAA,23.33526102031879,4.544439699777307
6073,ENST00000403766.7,ENSG00000134882.15,UBAC2,99200774,99386434,52.58353452119261,1375,1174.24,217.174,4.16692,CCGTTCGTCAGCGGCGAGTGGCCTCGCGGCGCCGGATTCGTCGCTCCGCCAAGAGTGCGCCTGCGCGGTCGCTGGGGCTCGCACTTCAGCTTCCCCTCCCCCGGCGCCCTCTGGGGCTCCGAGCCCGGCGGGACC,12.619281032799432,3.657557811866916
6074,ENST00000376387.4,ENSG00000125304.8,TM9SF2,99501417,99564006,214.63690416868965,3430,2826.01,2989.83,23.8361,GCATGCTCTGTTGCGGTCCGCTTCGGTTTCTGTTGCGGGACCCGGGGTGTCTCCTAGCGCAACCGGAACTAGCCTTCTGGGGGCCGGCTTCCTTTATCTCTGGCGGCCTTGTAGTCGTCTCCGAGACTCCCCACCCCTCCTTCCCTCTTGACCCCCTAGGTTTGATTGCCCTTTCCCCGAAACAACTATC,9.004698930139146,3.170678040789368
6075,ENST00000376335.7,ENSG00000043355.11,ZIC2,99981772,99986773,75.02692881929002,2983,3537.4,1525.64,9.71692,CCGCCTGGCTTTGGACTCTTCTCCTCCTCCACCTCCTCCTCCTCCTCCCGCGCCGCCGCCTCCTCCTCCTCTTCCTCTCCGCGCCTTCGCTACGCGCCCGGCCGCCCGAGGCAGATCCAGGCGGCGGCGGAGGCGGCGGGCGCAGGAGAGCGGCTCCCAGGGCTGAAGTGGCCGCCACCACCGCCGCCTGCGCCTGGAGCCCGGTGGCCGCCGGACGCACCGCGCGGATCGGGAGCGGGAGTCGAGGCGGCGCGGAGGCGCAGGGCTCGCAGGGGCGGGCGGGCGCGCTGGCC,7.721266493836526,2.9488375074049116
6076,ENST00000376285.5,ENSG00000175198.15,PCCA,100089015,100530437,16.61546758327758,2494,2127.46,225.598,2.38911,GTGAGAGGTCAGCAGAGGGGCGGTCTGCGGGGACAACA,6.954668300445597,2.7979817077633564
6077,ENST00000376065.8,ENSG00000134900.11,TPP2,102597003,102679958,37.92934485874805,3931,3220.25,1334.35,9.33559,GCAGTTTGCCGCTTCCTCGTCCTCCATCCTGCGTCC,4.062876032339473,2.02250134530797
6079,ENST00000257336.5,ENSG00000134897.13,BIVM,102799049,102876001,43.33928969657463,3859,3310.68,670.806,4.56501,AGTAACGCCTTCTCCAAGTGGATGGCGGGGTGGACACGCGTCCCGGCGCCCCGGGCTCCCTGGGATATGTAGTTCGCGACAGGACGAGCGGAAATACTGCCAGGATTTTACCACCTCTCGCCCATTTATTTACTTCTCGGTCACCGCTTTCGGGGGACAGATAAACACCACAGATGCCCATCAAAGGGGCGCACGGGTCTGGAGGCGCAGCTCAGGTTTTTGCGTTGGTCACCCTGCCCTCCGCACGTGGAGAGGGCAGGCATAAAGCACCTTGAAAGGAAGGTGCTGTCAATGCTATCCGACGACCTGTCGCCGGGCACCGCAGCATCCTCGCTCGCTCCGATGGGACGAGGGACGCCGGCCCCAGGGTAACAGGAGGCGCCTCGCCGGCCGCGCGCTGGATGCTGTGATCCAGGTCCGGAGCCGGGTTCCGCCGCGGCCGCAGCGACCCGACCCCACCCGACAGGCCAGAGGAATCAGTTTAGACTTGAAATTCAGTTTTTCCTGAAACTGATCAGAAGTTAGTGACACCTTGATTGGATCCGTTTTTCTGTCAGGAGCTCATTTTGCAGCTCTCAAGCTTTTATAGCATGCTGTAAACAATTGTCAAAGTTGTTTATCAAGAAACAGATAGAGTTGCAACTTGTTTCTAGTAATAGAAACTTTTACACTGCATTCA,9.493799508998805,3.2469855831118446
6081,ENST00000355739.8,ENSG00000134899.18,ERCC5,102799049,102876001,13.463510915857826,5082,4922.22,251.29,1.15021,TTTGCCAACGTTAAGGACGCGCAGCTGTGACACAGCCCCAGGAAGTCCAGATGACATGTGCCCAAGGTGGTTGGGGCACAGATTGGTTTTATACATTTTAGGGAGACAGGAGACATCAATCAACATATGTAAGTACACTGGTTCCTTCCAGAAAGGTGGGGACAACTCGGAAGCAGGAAGGGCTTCTAGGTCACAGGTAGATGAGAGACAAAAGGCTGCATACGAGTTTCTGATAAGCCTTTCCAAAGGAGACAATCAGAATATGCATCTATCTCAGTGAGCAGAAGGATGACTGACTAGAATGGGAGGCAGGTTTTGCCCTGAGCAGTTCCCAGCTTGACTTTTCCCTTTTGCTTAGTAATTTTGGGACCCTAACATTTTCACAGGCTTTAAATTTTATTATTCTTTAGTTACTACGTGCTAGCATATAAATAAATAGTACAAAACCAAGAAGGCATCCACCTTTTGGTTGTCTCTTCACGTGTAAAACAACACTTTGTGTTAAGTATCTTCACACACGGCGGCGCAAAGGTAGAAACCGATACTAAAAAAGCGTGTAGAAAATAGTTCCCAGCCTGGGCAACACAGGGAGACCTCATTTCTACAAAAATAATTCGCCAAGCATAGTGGTGCGCACCTGCGGTCCCAGCTACTTGAGAGGCTGAGATGGGAAAGTTGCTTGAGCTCGGGCAGCAGGAGTTCCAGGCTGCAGTGAGCTAAGAATGCGCCACTGGACTCCAGTATGGGCGACAGCGTGAGACCCTGTCTCAAACAAAAACAAAAGCCCGTTACTCCACCAAGAAGGCGCTTTTGCACATTGTTTTAATGCTTAACGCCTTCAGGATGCCAGCGTGACGGAAGCAAGTAACCACCAAGGCATCACCACTGGCGCTAAACTTCTCACTTCCGGAGTGCTGCAAGCGCAGAAAATATACGTCATGTGCGGAGGCGGAGCTTCCGCCCTGCGCGTCGTATTAGACGGAAACCGAGCGGGCCCATTTTTCATGGGTTTGCGGACCCACCAGCGAAGGCGGGAGGTGTCGCAGGGACATCTTCTGGCTGTTTCCGTCGCCTGCGTGGCCCTTGCACCCCGGTCTTCCATTAGCGGCGCAGACGTTTGGGCCTAAGCGCTGGGCGAGGCGAGGCCCTGCCCCTCCCCGCCAACGGCCATTCTCTGGACCTGTCTTTCTTCCGGGAGGCGGTGACAGCTGCTGAGACGTGTTGCAGCCAGAGTCTCTCCGCTTTAATGCGCTCCCATTAGTGCCGTCCCCCACTGGAAAACCGTGGCTTCTGTATTATTTGCCATCTTTGTTGTGTAGGAGCAGGGAGGGCTTCCTCCCGGGGTCCTAGGCGGCGGTGCAGTCCGTCGTAGAAGAATTAGAGTAGAAGTTGTCGGGGTCCGCTCTTAGGACGCAGCCGCCTC,11.70526331353216,3.5490854835751557
6082,ENST00000375898.3,ENSG00000139826.5,ABHD13,108218379,108234255,37.47345677796738,5338,3615.78,417.0,2.59834,GCGCATGCTCGGAAGAGCGGGCAGGGTTCCCACTCCGGGAGCGGAGACGGAGAACAGGTTATGTGGGAGCCGGCGGGGGCATTTGCCGGCGACACCCGAGCGGGGGCCGGAAGTGGGGCCACAGCTCGCAGCAGGAGCTCCGGGCTAGACCGTGGCGCCGGCAGCGGCCCCTGGGCTGGAGGAGGATGATGAGGAGCGACGGAAGCGACGCGGGGGTACGCTGCTGCGCGGCGCCCGGTTTCGTGCCCGCGGCCGACTGCGCAGCCTGTCCGCGAGTCTGAGATACTTACAGAGAGCTACA,14.422075932313469,3.8502069378083963
6083,ENST00000360467.5,ENSG00000134871.17,COL4A2,110305812,110513027,33.78648655218511,6281,10198.7,1597.94,3.53003,GGGAGCGCGCGGCCCGGGAGTGTGGCTGCAGTGCGCCGGGACACCAGGGCTCCGCGCTCCGCACTCAAGAGGCTCCCGCGTCCCAACCCCTCGCGCCCGCGCGTTCGCGGATCCAGGCCGAGGACCGAAAGGGGCCGCCCGAGCCCCCGGGGCCGGCGCCCAGAGAGCCCAGCAAGGCCGGCCGCCCTGCCGGTGTGCCGCCGGCGGGTGCTTCTGGAAGGGCCAATGCGTTCGGGCAGCAGCCCCTGAAGCCGAGCCCGAGGCTAAGTGGGACTGACCGGGGCCCAGAGTGGACGAACCGCCAGC,9.57116130802999,3.2586939834040214
6084,ENST00000309957.2,ENSG00000213995.11,NAXD,110615460,110639993,8.636793413072937,2659,3531.03,221.941,1.41611,CATTTGGCCCGGGG,6.0989565874634994,2.6085624467983703
6085,ENST00000375645.7,ENSG00000068650.18,ATP11A,112690329,112887168,9.118209643724636,8795,10895.1,601.671,1.24421,GCGGCCGCACTAGTACCCCGGAGCCCATGGGCGCGCCGAGCCGGGCGCGGGGGCGCTGAACGGCGGAGCGGGAGCGGCCGGAGGAGCC,7.328513388997545,2.8735205730059685
6086,ENST00000375440.8,ENSG00000139842.14,CUL4A,113208193,113267108,69.44973716403274,2364,2266.09,551.111,5.47929,GGAGGCCGCGCGGACCGGGGCGGGCGGAGCGGAGCTCGGCGGGCGGCGGCGCTCGGGGCGGGGCGCGGCGGTTCCGGCCCAGCC,12.674951894138244,3.663908366595671
6088,ENST00000332556.4,ENSG00000185896.10,LAMP1,113297241,113323672,207.55145561138815,2699,3358.98,1889.98,12.6769,GTGACAAGCGCTGCCGGCCGCGGTGTCTTCTTCGTGCCGGCGTCGCAGTGGCCGGGCCTCTTGCGTCTGGTAACGCCGCTGTCTCTAACGCCAGCCCTTGGCGCCCGCGCCCCGCCACCGCAGCGCCCGGCAGTCCGCGGCCCAACCGCCGCCCGCGCCCCCGCTCCCCGCACCGTACCCGGCCGCCTCGCGCC,16.37241404534138,4.033195151853531
6090,ENST00000434316.6,ENSG00000150403.17,TMCO3,113490995,113554590,12.27246083586404,3050,3472.58,606.639,3.93586,AAAGGGGGCAGTGACTGCGGCTGGGCGGGAGTCCGGGTCGGCTTGGCTGAGCGGGGGCGGTGCTGGGCAGGGCGGCGGCCGCTCCCTCCCGGACTCCCGGCCTCCCGGCCTCCCTGGTCCCGCCTGGGAAGGGATGCAAGGAAGCCCTCCGGCGCTGCGCTCCGAGGCGGGAGACAGCGTCCCCCTCCGCCCCTCGGGTCCTGGCGCCTCAGAGCCCGGCCCAGGCCGCGGAACGGTGATGCTCGGGCCGGACGGGCGGGCGCGGATCCCTGCGTCCCGCTGAAAATGTGTGTCTGACATGCAAGCTCAGTGGGGCAGAGACCCGTGGATTGCTGTGCCCTGCCCTCCGGACCTGGATC,3.1181141696767773,1.6406737532476945
6091,ENST00000375370.9,ENSG00000198176.12,TFDP1,113584721,113641470,56.89277573546608,2648,2612.8,4853.24,41.8492,CGTCCCGGCGCCACTCGGCCCAGGGCAGGGACCCCGCCACGGCCGGGACCGCCCGGCCCGGCCCCAGCCCGCGCCTCTCCGCGCCGCCCCGCGCTCCGCACCGCGCCCTCTCCGCGTCCCCGCCCGCGCGGCCGGACCGGGCAGCCAGAAAAATCATTTTTCTTCTCTGGGAAGGTGAACATTTGTAGCATTGATTTCCCGGATCTGGTAAC,1.3594710468889746,0.44304542612950504
6092,ENST00000360383.7,ENSG00000130177.14,CDC16,114234887,114272723,24.14340578708342,2211,1850.05,151.675,1.8471,GAGCCTGGGCAGTGCACGGGGCCTGGGTGGGGGGTGCGGGTGTGGGTGGGGACCTGCGGCCTTCGAGTCCGCGGCCTTCGAGTCCTGGGGCGGCGGCGGCGGCTGCAGGCACGGGCACGGGCACGGGGCGGGGTGCTTAGGGTGCAGGAGGCGCGCGCCTAGCGGCGGAGTGTGGCGTGAGGCCGGGCCCGCGCCGCC,13.070979257800563,3.7082953245784744
6094,ENST00000375299.7,ENSG00000169062.14,UPF3A,114281584,114305817,18.543482054779,2387,2305.2,330.04,3.22568,AGCTCTCGCGAGGTTTCGTCGGGGGCTGGCGGCTGCGGCTCGGCGGAGAGTGCGGC,5.7487047862091085,2.523236945796178
6095,ENST00000361283.2,ENSG00000198824.5,CHAMP1,114314513,114327328,99.75464933572846,3795,3510.2,2233.7,14.3369,ATCCCGGCTCCTGCATCCAGTCGCCATTCGGGAGGCCGCTGCGCTGCAGGGCCTCGCGGAGCCGCCCGCGACCGCGAGCCGGGCCCTCCGCGCGGTCCATCGCCCACTGGACGCCGCCCGCGGCCGGACCGGTTCAACTTCTCATCTTTGTTCTTCTTCATATACTATAGGCTGTTTGCTGTGGTTTAGTCAAAAAGCCATGTAGAATGCCTGCCTTTTGAAGACCACTTTTAAGGTGTCTAGTAAGACAGCAGCAGTATTGAAAGTTTTTAAAGAATATAACCGTGTGTGTTGGTAACAGACAGAAGA,6.9578953145888205,2.7986509729704916
6098,ENST00000338910.8,ENSG00000121390.18,PSPC1,19674752,19783019,40.08443528760302,2407,2326.19,738.235,7.1501,CGTGAGTTGGGGGAGGACGGGTTGCCGACTCGCCTACCTAGCGGTCTCTTGATTGTCGATATTTTGTTGGCATAGGTTTATGTAGAGACGTATACATATATATAGACACACTGTCTATAAATCTAGGCCTGTATCCGGTGTCCGAGGCGAACTCAGTAAG,5.606136318037932,2.4870068251706647
6099,ENST00000382848.4,ENSG00000165474.5,GJB2,20187470,20192898,39.75501192681112,2250,2285.24,147.141,1.45066,CGGAGCCCCTCGGCGGCGCCCGGCCCAGGACCCGCCTAGGAGCGCAGGAGCCCCAGCGCAGAGACCCCAACGCCGAGACCCCCGCCCCGGCCCCGCCGCGCTTCCTCCCGACGCAGAGCAAACCGCCCAGAGTAGAAG,27.404775706789405,4.776355421946596
6100,ENST00000298248.11,ENSG00000165475.13,CRYL1,20403667,20525857,7.843587474370517,1485,1480.31,106.0,1.61329,AGAGCTCGCAGCTCCGCCGGCGCCTGGTCCCAGCGCCCGCGGCGCCGCGTCCCCGGCCCAACC,4.861858360474879,2.2815078642393294
6101,ENST00000382758.5,ENSG00000150456.10,EEF1AKMT1,20728731,20773958,27.31063515359073,1042,872.69,88.9892,2.29742,GAGTCTGGGCGACTGCGCACGCGCGGCTGGTTATAAACAACTTGTGAA,11.887523897933653,3.5713763362798856
6102,ENST00000255305.10,ENSG00000132953.16,XPO4,20777329,20903048,19.85892349735596,9921,8133.22,1317.84,3.65059,CGCGGCGGCGATTGGCCGGCCGCGGCGCCCGCTCCCAGAATGCAGCGCATGGCGCGTCATTGAAGAGAGACC,5.439921628382251,2.4435858670714365
6104,ENST00000314759.5,ENSG00000165480.15,SKA3,21153595,21176602,46.69043013445156,2919,2441.03,1025.36,9.46377,GAGAGGACTGCGCCTGCGCAGAGCCGAGGACGCGTCCGGCGCCGAGATTCAAACTAGTGGCGGGAGGCTGTGAGCTGAGCGGTGGGGTCTGCGTACGCCTGGAGTCCTTCCCCGCTGTGCTCAGC,4.933597301545954,2.302639962340005
6106,ENST00000382466.7,ENSG00000180776.15,ZDHHC20,21372573,21459370,1.7761420960021843,5338,4228.45,860.097,4.58277,TGGGGTGGGGGCGGGGCCTGGCTGGGCGCCGGGACGGGAGGAGTCCCGGCGGCGCCTCGGACTTTTGCTCCCACAAGTCCTGCCTCGGAGGCGGGGGAGCTGGACCAGCAGCCGCCTGGAGCGTCCGAGTCACCGTCGCCGGGGCTCCCGCGCTCCCCAGAACGGTGGGACGCGGGGCTCGGCAGCCGCCAGCGGAAC,0.38756954767579094,-1.367472875896636
6107,ENST00000382374.8,ENSG00000165487.13,MICU2,21492691,21604214,80.27796274110365,1920,1262.88,1053.16,18.7886,GAGAGTTCCCAAGCGGTAGGCGGCGGCGCCGGGAGAGAAGCGCCGCCTAGCTGCGCTTCCGCAAAG,4.27269529082016,2.095146434244038
6108,ENST00000382292.7,ENSG00000151835.14,SACS,23328826,23411513,12.208604569348868,15324,12424.5,2709.51,4.91332,TATCCTGAGAACTTCCATGGGTCGCTGGATCAGCAGGCAACCATTATCAGACTGGAGAGTCATACTTTAAGGAATACAAATGCAACACACGACAATGTTTCCTGACATCAGATGATGAATGGACACTGAAGGGAAAAACAGGCTTTTTTTCCACCTGGCAGGAAGAGCTGAACTTGGAGTACACATTTAAAGGAAGCACAGAGGGAAGACTTAAACAGAAGAAAGAAGCGTACTTTCATGGTTTTCACAAACAAATATCCCAGGAGAAGTGATC,2.4847973609186598,1.3131282025649993
6109,ENST00000382172.3,ENSG00000027001.9,MIPEP,23730189,23889419,22.45049762658927,2400,2229.27,321.147,3.24566,CGGCGTGGGCTGCTGCCTTGGAAACGCGGAGCGCGCGCTCCCAGCGAAAGCAGCAGGGCAGGGATCTGCGTTGGAGGAAGGGACTGCTCTGGTGCTAGA,6.91708238897151,2.7901636403825165
6110,ENST00000381989.3,ENSG00000102699.5,PARP4,24420926,24512810,15.884714790071833,5474,5178.38,1877.99,8.17076,CGCCCGCCCAGCCCCGGGGGCAGGGAGAGCCTAGATTACGGAAGTACCGCGAGCAAGGAGCGCGGAATCGGGGAGCGTCCGGAGCTAGCTGGATCCTCTAGGCAGG,1.944092690284849,0.9590970052741482
6111,ENST00000381884.8,ENSG00000151849.14,CENPJ,24882284,24922889,9.604768151962965,4347,4043.67,646.795,3.60374,AGGACCTCGGGACGGGGGCGGGGCTCCGACAGAGGCGGCGATTGTGGCGGCCCATTTGTAAATGCTGCGGAGATTGAGGTGTCGGTTCGTGCTGCTGAGCTGCCCAGGCTTCACGGAGCGGTGTTGGAAATCAATAGCTCTTCTAGCCTTTGCATTGTTTAAATATAATAGTGTCATTGGACTAAG,2.6652222835062918,1.4142558609165063
6112,ENST00000381801.5,ENSG00000139505.11,MTMR6,25246201,25288009,29.446188079257208,5659,4390.33,633.915,3.25309,TTTCGTTATGTGATATCCCTCTACAGGATGAGTTTTAATGGATGCTGGTGCTAACATCGTATGAAATTGAGGTAGGAGGCGGGACTCTGACACCAGACCAGATTGAGGACTAGCTAATCATCATACTTTACATAAGGAATCCGTAGGATTGGAGAGTTGATTGTTTCAAATAAGGCTGGTTTCCTTATTTGGTTATTTCCTTAGAATAATAACTCCAAATCTGATTATTTCCTTAGAATACATTCTTATGAGTAGAACTGCAGCTCAAACTAAATTTGGTGCTGTCCAGTGGTATGGCGATGGACTTCAGAACATCCTCCACTCTTGCCCTCACCCCACAAGAACCCTTTACTCGGGATCCATTCTCACGCAGTCTTCCTCCCCGACCGCCCCGCGCGTCCGCTCGGCGGGATGACAAAGACCGCCTCGGGTGGGGTGGTGAGCAGTACCGGCCTCCTCCAGCAGGGGGCGCTGTGGGATCCGCCGCTGTCCGGGACGAACCAGCAAGCCGCTCTCGGTCCACACACGCTCTGTCTGCCTGCCCCGAGTCCCCCGGGAGGCCGCGGGGTTTGGGGAAGTGTTTCTAGGAGACGGCGCTCACCGGCTGCACCTGCGCCGTTGACGCCACCGGGGCCGGCAGACAGACCCGCGGCGCTGGCTGGTGGAGGGAGTTCCCGCTTGCTCTCTGTCGCTGTCACCGCCCTGTTTCTGTAGCCGTATGGTACGCCTGTGAGACCGGCTGCCGGCTGACGTCTCCTTGCG,9.05175942849943,3.178198242147567
6113,ENST00000319420.3,ENSG00000180730.4,SHISA2,26044597,26051031,6.6889492792338245,2860,2842.82,156.138,1.23743,CTCGGAGACCGTCCTGCGCTCTCTGGAGACGCGCTGTCCGCGCCCAGGGTGGTGCC,5.405517305410265,2.4344326897893303
6114,ENST00000346166.7,ENSG00000127870.16,RNF6,26094724,26222493,30.7159222133336,3282,2506.87,664.945,5.97606,GCTTCCTTGTGAGAATCTAGGTCTCTAAGGGAAGCGTTACTTGAGGCTCGGTTGGGAAGAGATGGGCAGCTCTCAAAAAAGGCACAAACAATTGAAGGATGGATACCATGGCATATGTTAAAAGCGTGTTGAAAGGAAAATAAGAAAGCCAGGAATCTCAGG,5.13982828374106,2.3617201612998078
6116,ENST00000282344.10,ENSG00000152484.13,USP12,27066142,27171896,4.657014670119548,4511,3587.35,798.321,5.01378,CGGAGGCAGCGGCTGCGCCCTGCGCCGGGGCGGAGCCGGGGGCGGGCCGGCGGCCGGCAGGCGGGGGCTGGGGCCCGAGGCCGGGAGTGCCTGAGCGCCGGCGGCGACGACGGCAGCGGCGGCCCAGCGGGCTCGGTGGTTGGGTCCGCGGCGGCTCGGGGTCCGCCCGCGGGCTGCGGTGCGAGCGGGCGGCCCGGCTCCCCTCCTCCCCCGCCCGCCGCCGCCGCTGTGATTGGGTGGAAGATGGCGCTGGCCGG,0.9288430425985081,-0.10649326662811567
6117,ENST00000381120.7,ENSG00000122033.14,MTIF3,27435643,27450591,75.9668818882037,1005,716.83,423.345,13.3058,GGGACTCGCCGCAGATCCGCTGTACTTGCGTCCGCTACAGTATGTCAATCGCTTGCCCCAGCACAGCTGTCATTCTTCTCTACAGAAGAGCTTCTCCTCATCAACTGGGGATGATTACAGTTCTTCCTAAAAAAGG,5.7093058582124865,2.5133153522799456
6118,ENST00000316334.4,ENSG00000139517.7,LNX2,27545911,27620404,7.653117863236293,4627,4193.42,485.236,2.60703,GTGCGCGGCCCGGGCAGCCGCGCTTTCCCAAAAAACACACCTTGACTTTAGTCAGATACATCACTGTCTGTTAAAGGAAACCAAGCGTGAAGTGGAAGTCTAACACATGAGGATACAGAATTGATTCAAA,2.935569542059851,1.5536404337584373
6119,ENST00000266943.10,ENSG00000139508.14,SLC46A3,28700064,28718970,20.067339135815573,3173,2552.36,199.706,1.76283,GCGCCGCGCTGAGGCCGAGGTCCGCAGGGCCGCGGGGAAGCCGAGGGCTGCCGGAGAACCCTGCAGGTGTCACTCGGGACGCGGAAGTGCGCTTGCCGAGGTTTGCTTTACAATACGCTTGAGACTCCCCGACAAGCGTAATTTGGTCGAGTTCGACGGGAAAGTACTCTCCCCACCCCAGCGCCGGCCGCGTAGTCCGAGGTTACTGTCCCCGGCGCGTCCTCTGTTGCCCCAGTCCAGAGGCTGCCCTTGAACCCGGGCGCGCACGAGCGCAGGGCATCCGAGGCGACAGCCCCTGGCACGGCCCGACCTGTACCCAGCCTGGCAGGAAGACTGTAATCGTGGGAATACAGCTACCTACCCAGGCAAT,11.383592936253395,3.508884073727673
6120,ENST00000380752.9,ENSG00000139514.12,SLC7A1,29509410,29595688,88.84836470820348,7347,9580.87,3036.15,7.13972,GCACTGCTGATGAAACCTGGCGCCGGAACCCGCCAGCCCTCGGCGCCCATTCAGTCCGCGCAGGCAGGTGTGAGCAGCGGGTCAACTACCTGGCAGGCGCGCACGCGGCCGCGGGCTCCCGCTAACCGCAGCCTCCACTCCTCTCCCCGCGCGCCGCGCCCCCGCCCCGCCCCGCCCCGCCCGGTCTCGCCGGCCGAGCGTCCGTTGGTCCTTGAGCGCGTCCGACAGTCTGTCTGTTCGCGATCCTGCCGGAGCCCCGCCGCCGCCGGCTTGGATTCTGAAACCTTCCTTGTATCCCTCCTGAGACATCTTTGCTGCAAGATCGAGGCTGTCCTCTGGTGAGAAGGTGGTGAGGCTTCCCGTCATATTCCAGCTCTGAACAGCAAC,12.444236567849087,3.6374058211033007
6121,ENST00000380680.4,ENSG00000122042.9,UBL3,29764371,29850684,43.44077094829301,4384,3811.46,578.0,3.41663,GGAGGGAGGACGAGGACGGGGGCGGCGGCTGCTGCGAGGGGGGGCCCGTGCTCTCCCCGTTTCCCTTAGTCGCACTCAGGCAGCCGCCGCCGCCGCCGCTGCCGCCATGTTGGTTTGAGAGGCGATGACAGGAGGCGGCCGCGGCGTGTGGGACTGAAAAGTGAAGGAGGAGGAGGAGAAACAAAGCTCTGAGAGGAAACCATTCCCGGGCTGAGGAGAAGGAGGACCCGGCCTCTTCCGGGGACCAGCCGAAGTCGGCGTCGCCCGGAGCTCGCGAGGCCGGGGAGGGGAGGGGAAGGGAAGGCGGAGACCGGGGAGGCGGCGGCGGGGAAGGCGGAGGCAGAAGAGGAGTGGCGAGGAGCCGGAGACGATGCGCCCCGACCCCAGCTGCTGTCCGGAGGCGCCCGCGGCCTGAGCCCAGAGGGGCTGTGGAGTGTCCCGGCCGGCCCCGAGCACCCCCGCGCTGTCGGTCCCCCGCTCCGGTCTTTCGCTTTGGCTTCCAACTAGTTAAATGCCCTTGAGCGCGGGTTTCCGCGGCCCGGCTCTTCGCCCCCGCGGCGCGAGTTGAGCCGTTTCCCCGCGCTGTCCGCGCGGGCGCTCCGACAGCGGCTCTGCAGGGTCCGCGGCCAGCGTCCGGCCACCGCTCGGCCGCCACTCAAGGCTCACGCGTCGATGTGTAGCTACATAGTTATCTGTGTACATCCACGCTGGGGCATTTTTCTCCTGCTTAATGAGGACTTGACTCGGGAGCAAGTGTGAATCATTGCCGGGGCTGGGAAAGGAGGAAGGCGCATTTAACCCCCTCCCACCCCTCTCCATGTCCGTGTGTCACTCGGCTCGGTCCACCTGGCGCGGCCGGTCCTGGGGCTGCTGCTGCTGTTGACGACGACGACGACGACGGGGGCTGCCTCTGCTGTCCCGGGAGTTTCCTCCTGCTCCGGCCACACAGCTCCTGGGGATTGTTCCTCTTCGAACCAGAACCTCGGCCTGACCGGCACTTTGGCTCCAAAATAACTTTATTTTTGGGGGAGAAAGCACATCACGAACCAGTCAAAATCGTGGTTTATTTCTGTAACGTGAAGACTTCTGCTCTTTTTTCTTTGTTTGTTTTTTTCGTAAACATCTGGGTGTATATCAAACGGCAAG,12.714508433249431,3.668403780696564
6124,ENST00000380615.7,ENSG00000102781.13,KATNAL1,30202630,30307484,5.8597097913998,7551,6308.52,462.975,1.65345,CGGCCGCGGCTGCCATGGCAACACTACGCCGCCGCCGCCTTTTCACGCACGTCGCGAGCTAACGGACTCGGCGGCGGCGGCGGCGGCGGCCTGCGCCCCACCCGCACCCCATCTGGACCGCATCGCTGAATGTGCCCGGACCTGCGCCTTCTGGGTCTCTGAAAGAAG,3.5439292336628263,1.8253497959744716
6125,ENST00000320027.9,ENSG00000120694.19,HSPH1,31134974,31162388,138.13590318635866,5191,4414.89,303.028,1.54641,GAGGAAGTGGGACCTCCCCTTTTGGGTCGGTAGTTCAGCGCCGGCGCCGGTGTGCGAGCCGCGGCAGAGTGAGGCAGGCAACCCGAGGTGCGGAGCGACCTGCGGAGGCTGAGCCCCGCTTTCTCCCAGGGTTTCTTATCAGCCAGCCGCCGCTGTCCCCGGGGGAGTAGGAGGCTCCTGACAGGCCGCGGCTGTCTGTGTGTCCTTCTGAGTGTCAGAGGAACGGCCAGACCCCGCGGGCCGGAGCAGAACGCGGCCAGGGCAGAAAGCGGCGGCAGGAGAAGCAGGCAGGGGGCCGGAGGACGCAGACCGAGACCCGAGGCGGAGGCGGACCGCGAGCCGGCC,89.32683000391789,6.481021659931137
6127,ENST00000438666.6,ENSG00000133104.12,SPG20,36301638,36370180,99.70926104069603,4789,3640.02,271.76,1.68207,GCGGCCGCGCAGGGAGCTCTCGAGGCAACGCCGGGGCGCCCGAGGTCTGGAAGGCGCAGAA,59.277712010021006,5.889417858733898
6129,ENST00000379826.4,ENSG00000120693.13,SMAD9,36844831,36920765,13.455844905998266,5592,5429.13,276.604,1.14786,CGCACTAATACGGGCGATGAGGCTTCGCGGCTCCAGTCTGACTGACGCCGGCTGGGGCCGCCGCCGCCGCCGCCGCCGCCGCCGCTGCTGCAGCCGCTGTCTCGGTCCCCGCCGCCGCCGCCGGGCCCTGCAGGCGCTGGGCGCGCGCAGCCAGGCAAGTTGGCCACCCTGTTCAAGGGCTTAGGAGAAAGTCAACACACTTCGCAACTTGAATTGGTCCCAGCTGCTCCCAGAAGAACGGGCGGGTTGGTCCCTATGCCACCCCTGGAGAGCTACTCGCCGCCCACTTTGCCGTGAAGGGCTGTGCGGTTCCCGTGCGCGCCGGAGCCTGCTGTGGCCTCTT,11.722548835222296,3.5512143841134045
6131,ENST00000239891.3,ENSG00000120697.8,ALG5,36949775,37000261,124.58509011534083,1154,917.393,515.89,12.6696,GGGTCGCGCGGGCGCGCTTCCGCCTGTGTGGAGGTGCGGGATTGGGCGGGCTGCCACGGCATGGAGA,9.833387803509252,3.297688540196789
6134,ENST00000350612.10,ENSG00000102710.19,SUPT20H,37009312,37059713,17.654939646426,2739,2600.24,175.81,1.52332,TCGGAAGTGCGGCCGCCGGAACTGGCTGTTGGTGGGGGTGCAGCACTGAGCCGCCGACGGGGCGGGTGGGCTTTGCTGCCGAGCAGGCGGCGCCGTCTTGGGGCCTAGCGGCGAGGCGACCCGCACAGTACTGTAAGATTGATGTTAAAGGCATGGTGTTCACCCCACTTCATCAGCGTACATAAGTTATCTCTTCTTTTGGACCCTTATTTTATGCCATA,11.589777358943625,3.534780947147788
6136,ENST00000352251.7,ENSG00000120685.19,PROSER1,39009866,39038076,24.125921173638314,5168,5241.6,2742.72,11.7891,CCAAGCTGGCGGCGCAGTGTTGAGTTTACTTGGGCGCGACTGGCTTTATTGTAGGTCCCCATGAGCTGGTGGGGGCTGTAGGGGTAACCAGGCAGGGCGTCTGGCGCTGTTGGGGCTGCGTTTTTCCGGAGTCCCCCTATGCGAGGCCGTGCCCCTCTTCGCCCGGCTCCTGGTGCTCCCCAGCCGCCGGCCCGCTCCCGGAAGCTGCAGCAGCTGGTAACAAAGAGCCTGCCGGGCCGCCTGCTGCCGGGGCCGAGGTATCCAGGAGTCGGGCGGAGCGGCTGGGGATGAGCGCGAGCCGGACCATGCGTCCGGGTTCGCGGCGGTGAGGGTCGCGGCCGGCGGCCGAGGCGCAGGTGCGGGTCGAGAGACCGGCGCCTCCCTCCCCGCCGCCCGTGGACTCTGAGCGCAGGTGTTTCTACTCTGCCGGCCGCTCCACCTGGGAAAGCGCCTTCAAGAGCTACCTCTGGCGGCACCTGGCCCTCAGCTGCAGGGAAACCGCACTCAAACCTGCCGCCGAGCCCGGGTTTTTCTGCAAAACTCAGAGGACCTGGCTCTTGCCCGAGGTGCCCTGAACCATTGTGTGAATAAGCTGGGGAAGCCTGACTGGAGTGTTTTTTCTTTTTAATAAAAAGAGTTTTTCTGAATCTCAATTTTTAGAAATTTTTTTTGCGAAGTTTGCAATACTCTCTACCTCTTCGCATCCTCTCTTGCTCGTGGAGTCTTTTTCCTCCTCAGCTATAAATATTTTTTACTATCGGCGGAGCAGACCAGGGATGAACGTCTTTTAATTGCAAGTATAACTGTTAAAACCACGTCGGGATAGTAGTCAAG,2.0464599650217843,1.0331304435562267
6137,ENST00000379589.3,ENSG00000183722.7,LHFP,39342892,39603528,42.855253600408815,2110,2379.76,408.551,3.86789,GTGCGATCCCCGGCGCCCGCGCGCGCCCACAGCGCTCCGCCAGAGCTGCCGCCGCGGACTCGCCGGGAGTGGGGGTCTCCGCTGGTGCCAGCCCGCTTCTGGAGACCCTCCGCCTCCTGCCAACCCCTGCTCTTCCAGGTCGGGCCCCGGGGTTCTGCGGCTGTTAGGGACAGAGGCAAAGAAGGGCAGGACGGTCCGGTTTCCCGTGGATGTTCCCGCCCGAGAAAGACAGCAAGTTGTGTGTGCGCCCGGGACGCGGGAGGGAAGGTGGCCGCCGCCCGCCAGCCATGGACCATCATCTTTAGTGCAGAGGATGGAAAGTTGATGCCCAGTAAGACTGAAGATCCATTCTGCATTACGGAACTGTGGATTATCTGTGGGTCCCTGGTGATTTCACACCTTCATTCACTCCTGCAGTCCCTGAACACTTACTTGGGGTCCTCATTGCCCTATCTGGTGAAAG,11.079749837872539,3.4698534030131802
6138,ENST00000379561.5,ENSG00000150907.7,FOXO1,40079106,40666597,17.780196134272888,5735,5865.39,545.558,2.09559,GCAGCCGCCACATTCAACAGGCAGCAGCGCAGCGGGCGCGCCGCTGGGGAGAGCAAGCGGCCCGCGGCGTCCGTCCGTCCTTCCGTCCGCGGCCCTGTCAGCTGGAGCGCGGCGCAGGCTCTGCCCCGGCCCGGCGGCTCTGGCCGGCCGTCCAGTCCGTGCGGCGGACCCCGAGGAGCCTCGATGTGGATGGCCCCGCGAAGTTAAGTTCTGGGCTCGCGCTTCCACTCCGCCGCGCCTTCCTCCCAGTTTCCGTCCGCTCGCCGCACCGGCTTCGTTCCCCCAAATCTCGGACCGTCCCTTCGCGCCCCCTCCCCGTCCGCCCCCAGTGCTGCGTTCTCCCCCTCTTGGCTCTCCTGCGGCTGGGGGAGGGGCGGGGGTCACC,8.4845776770613,3.084842850884885
6139,ENST00000323563.7,ENSG00000102738.7,MRPS31,40729135,40771173,80.99932749924471,1462,1047.72,939.498,20.2029,TTTCAGTTGTGTTCTTGGTTCATTTCGTGTCTCGGCG,4.009292106541373,2.003347532306961
6140,ENST00000239882.6,ENSG00000120690.14,ELF1,40931920,41061440,25.19813704883272,3566,2993.35,549.385,4.13505,TCTACAGGAGCCATTTTAACAGCTAAAACTTGTCGGATTGCTTTTTATTTTCAAGCTCAAAAGACGATAGAGAAAGAATACTTGAAGGCCAAGAAGCTTGAGAGAAGAAAAATTTCAGAAAAATTGTCTCAATTTGACTAGAATATCAATGAACCAGGAAAACTGAAGCACCTTCCCTAAAGAAAACTTGGGTATACAATTACTCCACAGACAGAGCTGAGGGTTTTTTACCCAAATCAGTCACTGGATTTTGCTGCCTGATACGTGAATCTTCTTGGAATTTTTCTCATGTGGATCTAAGGGGAATGCTTTATT,6.093792589891954,2.6073403968693962
6142,ENST00000379485.1,ENSG00000165572.7,KBTBD6,41127569,41132746,58.41402062063329,5178,5034.9,986.661,4.41508,GTGAAGGCGAGCAGACGCGGAGAAAGGACGCGGGAGTGAGAGAGGGTGAGTCAGCCACTGTCTAAACGATAACGGGAGGCGGTTCTGCGGGGTAGGGTTGAATTCAGTAAATGGGCTCGTGCTGCTGTCTCTTCGGAGACGCTGCTATCTTAGCGTCAGCGAGGGAAGGTTGAGGAGGAGCCAGAGCCGGGTCCTGCAGCGTTTCTCGCCATCAGCGCCCGTCGCCATCTCCACC,13.230569009085519,3.725803204042366
6144,ENST00000379483.3,ENSG00000120696.8,KBTBD7,41189833,41194566,19.03213704431661,4734,4407.58,349.627,1.78718,AGTTCTCCCGGGCGCCTAGCGGGATCGCCAGCGCGGCAGTGGGGGCTTCCGCGGCTGCAAGCCAGCGGGTCCTGTGAGGGCGAGCGGAGGCGGAGAAAGGGCGCGGGAGTGAGAGAGGGTGAGTCAGCCACTGTCTATGCAATAAAGGGAGGCCTCACCGCGGGATAGGGCTGAATTCAGAAGTGCGGCCCGTGCCGCAGTCTGTTCCAGGACGCGGCTTGTCTTAGCGTCAGCGAGGGAAGGTTGAGGAGGAGCCAGAGCCTGGTCCTGCAGCCTTTCTCGCCGTCAGCGCCCGTCGCCATCTCCACC,10.649255835627418,3.412680714093365
6145,ENST00000379480.8,ENSG00000120662.15,MTRF1,41216369,41263577,10.978189334263064,2185,1582.89,118.198,1.68237,CGTGATCTCGGGTTTGTCGGGCTGAAATGTGGCGGGTCTCGGAAGGTTCCGACCTCAGTAAAGAGAGCTAACGTGTATTCTTCTTTTTCTTAGATGCTGAG,6.525430989772205,2.706073191532757
6146,ENST00000379310.7,ENSG00000102763.16,VWA8,41566837,41961120,11.08018506885689,7147,6738.01,879.319,2.9402,ACGGTGCCTGCACGGGACGCCGCTCGATCCCCGAGCCCCCTCGCCGTCCCCGACAGCCCCCCCGGCGCC,3.76851407008261,1.9139957791152036
6147,ENST00000261488.10,ENSG00000120658.13,ENOX1,43213518,43786908,5.610179619401614,2982,3089.77,202.701,1.47806,GCAGATCCCCGCTCTCCCGGGCGCCGCTACTCACACAGGCTTCCAGCCGCCACGGGGCGTCCTCTGTCTGCTGCAGCGGCGGCGGCAGCAGAGGGAACGGCGACTGCAGCCCGGCCGCGTCTCCCAGCTCCGTGCCCGGGACAGAGTCCGGGAGAAGCAAAGGAGGAGGAGGACGCCGAGGCTAGGAGGAGCCGCGCCGCGCCCGGCGCCCCACTCCGCGCAGCGGGTTGCCTCCGCTCCCCATACGGCGGCCCCAGGTCCTTTGCTGCCAGCATGATGTCGTATTTATAATATGTGGAGGAGAGAGAGCTCACCATGCTCAGGTAAAGGGATGGTATGTGCACCACAAATAACAAGCAGAAGCCTCTGATATGTCAGAACCATGCTGTCTTCCATGAGACTTCCTTTGTGAAGAGCATCCATTTAAAAGACTTTTATGAATACATGGTTTCAATCAAGTCCCCAGAGAACACATTTGTCTTCTGAGCTGCTGGCAGTTTTGAGAATCTGATGACCTCCGAGGGGACCCTGCACTCAGCCATCAAAGTGTTCCTGCCCCTCTGGACACTCATAATTCA,3.7956372673650693,1.924342126822103
6148,ENST00000444614.7,ENSG00000151773.12,CCDC122,43823909,43879727,10.583552830001334,2009,1410.48,88.8771,1.41966,TCCCAGGGGAAACCTGACGGCCAGGTTCCCTCGTGCCAGCTGCCGGGAGGCGGGAGGGAGTGCCCTGAAACTCTAATCTCATTGCCTGGCCAGAAAAGGAAGTAATCCCTAGTGTCAGCAGATTCAGCGGTACTGGTGTATAATAGGATCACCAATATACAACAGGAAAAAACAAAAGTGAAAGATTATCAATATAGATTATTGAGTAGGAGTAAAGAAGGTAAATCAAAAAGGGGAAAAGAGATTACAGACACAGAAA,7.454991216207638,2.898206652664164
6149,ENST00000261489.6,ENSG00000102804.14,TSC22D1,44432143,44577147,109.10484014672114,3135,2835.93,249.66,1.98342,TGGAGCCCGGCTGCGGATCTGGGAAGCGCCTCTTCACGGCACTGGGATCCGCATCTGCCTGGGATCATCAAGCCCTAGAAGCTGGGTTTCTTTAAATTAGGGCTGCCGTTTTCTGTTTCTCCCTGGGCTGCGGAAAGCCAGAAGATTTTATCTAGCTTATACAAGGCTGCTGGTGTTCCCTCTTTTTTTCCACGAGGGTGTTTTTGGCTGCAATTGC,55.008440041302975,5.781581085734865
6151,ENST00000379161.4,ENSG00000083635.7,NUFIP1,44939249,45083125,15.56612378593614,3492,2885.65,604.0,4.7158,AATGCTTGCTCCACAGTCGCGTGCTAGACTCCGGACCCGCCAGTGGT,3.300844774149909,1.7228352958371356
6152,ENST00000616577.4,ENSG00000133112.16,TPT1,45333471,45341370,484.709071780376,4814,4697.35,333.225,1.59826,CTTCGTGCCACGTCACCGCCTGCGTCGCTTCCGGAGGCGCAGCGGGCGATGACGTAGAGGGACGTGCCCTCTATATGAGGTTGGGGAGCGGCTGAGTCGGCCTTTTCCGCCCGCTCCCCCCTCCCCCCGAGCGCCGCTCCGGCTGCACCGCGCTCGCTCCGAGTTTCAGGCTCGTGCTAAGCTAGCGCCGTCGTCGTCTCCCTTCAGTCGCCATC,303.27297922764507,8.244473153378575
6153,ENST00000519676.5,ENSG00000174032.16,SLC25A30,45393316,45418455,72.79736164331318,3670,3330.35,247.459,1.67408,TTTTTTCCTTTTCTCCAGCGGCCTCAGGTTCTTGTTACAACTGAGTCCGGGTTGGAGGAGGTGTGGGGCCGCTGCCGCCAGGAAAAACAGCACTGGAGGCAATGTTTCTATAAATCAAAGAAGAGACAGTGTGAGA,43.484995725003095,5.442445787176918
6155,ENST00000242848.8,ENSG00000123200.16,ZC3H13,45954465,46052759,28.59774791867704,8018,7168.69,3193.85,10.0378,AAACCTCTGACTTCCGGCGGCATTTTGAGGCGGTCCTCCTAGCGGCCTGGTAGTGTTTTTGTTGCCTTTTCTTAATCTACAATCTCTTCGTTATTTTTCTTCCTGCGACCCAGTTTCGCTTGACCCTGGAGAGGCGGCGGGCGGGTTGGTTCTGCTTCTCAGCCATCCCGGGGGCTCCTCGCTAGCCAAGAGCCGGTTCCCGGGAGCCGCGCGCGCATCGCTTTCTCCTCGTCGTCGTCCTCCTGGGTCCAGGCGCGGGGACAGAGTCGCCTCCCCCGCTCCTCGGAGCGGCGGCGGCGGTGGTGCCTCCGGACTGCACTTGCGAAGGGAGCTTGGGGAGGAATACAAA,2.8490055508853573,1.5104584325522437
6157,ENST00000378720.7,ENSG00000139684.13,ESD,46771256,46797232,531.982758566664,1192,822.604,1994.09,54.6155,AAAGCGAGAGTGAGTGGGACCGGAGGGGCGGGGCATCATATGGGCGGGGCTGAGGCGAGGCCCCGGCGGCCATCTTGAGCCCCGCCTTTTACTTCGGCCCGCTTCTTCTGGTCACTCCGCCACCGTAGAATCGCCTACCATTTGGTGCAAGCAAAAAGCAATCAGCAATTGGACAGGAAAAGA,9.740508803666797,3.283997134664365
6158,ENST00000378654.8,ENSG00000136143.14,SUCLA2,47936491,48001354,56.60652963366043,2192,1596.95,852.145,12.0222,GAGCGCTGCAGAGAGGCTGCGCCTTGGGCCGCCTGTCGCCTGTGCGCCTGCGCGCGGCGCCGAGGGGACGGGGTCCGACTCAGAA,4.708500077661363,2.235267553436801
6159,ENST00000258648.6,ENSG00000136146.14,MED4,48053323,48095131,107.33669639768524,2022,1404.38,546.805,8.77222,GCGCCGGTGGCGGGACTCTGGGGAAA,12.235978623163263,3.6130575864414496
6160,ENST00000242827.10,ENSG00000123179.13,EBPL,49660723,49691475,81.89318092609939,914,792.773,339.157,9.6386,TGCTTTCCTCTGCCGCATGGTCCTGGGCCGTTGGCGTCGGAAGCCTGAAGC,8.496377163291285,3.0868478103431576
6161,ENST00000261667.7,ENSG00000102753.9,KPNA3,49699307,49792921,95.44465110033372,4474,3676.37,1903.0,11.6622,GCCCCGCGCCTGAGGGGCAGTAAAAGTCGCCAGGTCCGGCTCCATTTCTGGCACAAAACTTGCAGCACCGAGGGGTTGTGGAGAGCCCTTGCAGGGGAAGAGGGCAGGGTCATCCCGAGAACCAACGGGCACGTATAGCCCGGCGAACGCCCAAGCCGGTCACCGCCCCCGGTCACGTGTCGCCAGCCTCCGCGGCCGCGCGCCGCTCTCAGCACCGTTCCCGCCCCACCCGGCCCGGCAGTCGGCCCGCGCCTCCCCCGGCGCTACTGCCACCTCGCGCTCGGAGGCGTCACAGAACGTGCTCTTCTCTCCCCTCCCCCCTCCCGCTCTCCCCCTCCTCCCCCTCCCGCTCCAAGATTCGCCGCCGCCGCCGCCGCAGCCGCAGGAGTAGCCGCCGCCGGAGCCGCGCGCAGCC,8.184103436772968,3.0328243790490745
6162,ENST00000361840.7,ENSG00000123178.14,SPRYD7,49912706,49936490,70.44974425173025,3053,2518.61,364.172,3.25767,ATAGACAAGTCCGGACCTCGGGCGGGGGCAGGAGACGGAGCTGAGCGGCGGGGGGCAGTGTCGCCTCGGTCTAGGGACGGCGGCGGAGTCGGTGGTCCCTGCGCG,21.62580747949616,4.434682096996987
6163,ENST00000311234.8,ENSG00000102786.14,INTS6,51354077,51454264,8.565827747584441,3662,3361.2,205.361,1.37653,GCCGGGGTGCGGAGGGAGTCCCTGAAACTTCTCCCAACAGCCCCAGGGCCAATCTTCCCTCAGCCCACTCCCCTCTTCGCCAGCTCCCAGGTCCCCACTCCTGTACCGGGGGTGGGGTGGGGAGCCAGGCCCGTCTCCCGCTGGGACACACACAGGGGCCGGGAGCGGGGACGGGACCCCCGAGGCGGGGGGGACGAACCGACAGACAGACGGCTGGGCGCCCGCCCCAGCGGGCAGGCAGGCAGGAGGAGGCGGAGGCGGGGGTACGACGGGGAGCACTGGGTCTGGGGAGTTTCCTCTCAACTATCGGGGGAGAAACTCCCCGCAGCCGGAGGAAAGACCCAGACAGTGTTTTCCTCCCGGGGGCCGTGCTCCCCCGCCCCGCGTAGCGGCGGTCGCCGCCACCGGCGCCTCCACCTCTACCATCTCCTCTTTCTCCACCACCTCGGGCCCCGGTGTCCCCGGCCAGCACT,6.222768662931023,2.6375566137255575
6164,ENST00000610828.4,ENSG00000136098.16,NEK3,52132639,52159861,11.757782381180458,2396,2226.07,186.547,1.88804,CACATAGCTAGTAAGTTCTAGCTAGCACTGAGTGCTGTGCCCGTGAAATTTATCTACATAGGCTTTCACTTAACCTGCAGACAGAACTCAGTTAGTCGGGGACAATTTCCCTCAATGTTAACAGCACTGTTCCACCGCAACGTGGAACAACAGCTTTAAAACGTGCTCTTCGTAGGCCCGGCTACTCCAAGAACAGTGCCTCCCGCCAGACCCAGGCGGCTTCCTTCACCCGCAACCCGAGAGACGACCCGCCGGGCCCGCCCCGCGGAAGCCGCCGGTTGCCAGGCCAAGGAGTGGACTAGGGTCGCCGGGGAAGCGGTTTGGGAGAGCCCATGGTGACTGCGTGAGTGGAGCCCAGCTGTGTGGATGCCCCAGC,6.227507034374515,2.6386547460849794
6165,ENST00000378060.8,ENSG00000136100.12,VPS36,52412602,52450628,40.08425379375013,4417,3739.58,1275.88,7.68683,GGAGGGCCGGGGCTGGGTGGCAGCGGCC,5.214666357100408,2.38257494970478
6166,ENST00000400324.8,ENSG00000139734.17,DIAPH3,59665583,60163987,24.381731204066043,4804,3913.67,1377.52,7.93005,ATTGATCCGGCGGCGCGGGATTGGCCAGTCCCGGGCCAACACGGGTGGCGGGAGTTTTCAGATGTGTTGGCTGCGGCCCCGACTTCAGCGGTTGGGCTAGGCTGTGCTGACTGTTTGGGTGGCGGACCCCGGGAGTAAAACCTGTTGTCGATCCCTCAGCTTCCAGCTTGCGGCTTGCTGAGTGGCCACCTTCTTTCCGGTCCCCGGAGCTGCGGGGAAAG,3.0745999336783556,1.6203986994770818
6168,ENST00000613252.4,ENSG00000276644.4,DACH1,71437966,71867192,27.001279543557807,5233,5056.94,631.239,2.81234,ATCTTTGATCAATGTACTTGCCAGGGAGAGCCCAAGTCCTTCAAACCTCCTCCTTTTCACCTTCATCCTTAACTTTGTGCTAGAGCGAGACCCACACAACAACAGCCGACCCTCCCCGCCCCACCCCCACCCCCAAACCAGCCCTCGATCCCAGCCCCCGGAGAGGACTCGCATTTCGACTTGCGGGACACTTTTGTGCGTTCCTCTCCAGAGCGCCTCTCGTGCTCGCCCCTCTTGCGCTCGCTCTTTATTACCTTCACCTCCTTTTCTCCCCCTTCTCTCCCTTTCTCCTTCTCGTTCTCTCCCGGAGTTGTTGTTGCCCCCCTCGCTCCTTCTCCCCCCTTTTTTCCCCTTCCCCTCCCGGGGGTGTGTGGCAACTTTTCCTCTCGCTTCTCCTCCGTCTGTTTCCCCTTATATGTGACC,9.601001139107579,3.263184849908724
6169,ENST00000377818.3,ENSG00000204899.5,MZT1,72708357,72727687,270.7464632028487,2299,1263.38,641.0,11.4311,GAGACGCGCTGTGTGATTGCCTCGGAGAGAGGAAGGCGCTCCAGTTCCGGGTCAGGCCCTTCTCCCGCCTCCCTCGGCCTTAGCC,23.68507520735963,4.565906347812052
6170,ENST00000377767.8,ENSG00000083520.14,DIS3,72752169,72782096,57.8650727086314,10604,9261.65,468.167,1.13887,GGAATGGAAAGGGAAGAACCTCCGGGGTTAGGCGTATTCTAGATTGACGCCTTTTGCTGGAAGAGCGCTGCTGGGGTTAGGATTCTGCGCGGCGAGGCAAG,50.809199213809656,5.6670178213853255
6172,ENST00000377669.6,ENSG00000118922.17,KLF12,73686089,73995056,9.016005196182228,10637,9086.63,866.623,2.14877,AATGTGACTCTAAGAACAAATGGATGA,4.19589122902043,2.068977279109942
6173,ENST00000377625.6,ENSG00000136111.12,TBC1D4,75284665,75482114,26.86598787332944,6182,6360.35,1181.52,4.18528,GCGGCCGCGGGGACCCTCGGCGTGGTCCTCTGACCCTGCAAACCCGCGACGGAGGAAGGGGAGGTCCTGCCCGAGGCGCCAGCCCAAGGAGGAGGATGCCCATTTAACCCGCCCTCGCCTGCCGGGCGCTTGCCTCGGTGCCCGCCGCCGGAGCCTCCGAGCCGCGCCCGTGGAAGTGCTGCATGGGGCAGGGCTGCTGAAGCGCGGAGTTCGGGGTCGCGCCGCTCCCAGGCAGGCGCGGGAGCCCGGTGCGGCAGTTGGCACAGTTTCGGCGGCGCCTTCTGCGCGGGAGTGGGGGGCGCGGTGCGCCCGGCCGGCCTCCGCGGTGCCCTGGTGAGGCGAGAGTT,6.419161411740539,2.6823848384465343
6174,ENST00000377474.3,ENSG00000178695.5,KCTD12,76880166,76886390,73.52035708882639,6225,5751.52,927.0,3.63128,GCGGGCAAGGCGGGCGGAGCGCACTGGAACTCAAGGGGGCGCACAGCGGCGCGCTCGCACCGCTCGGCTCCGCGCGGCTCTAGGAGGTGGCGGCGGTGGCGGTGGCGGCGGTGGCGGCGGCGGCGGCGGCGGGGCGCAGGGCTGAGCGAGCGTCCGGGTTCCGGGGCTCCGGGGAAGGCGGTTGCAGCTCCTGAGTGCAGCGCGGCTTCCTGCCACTGTCCCGGCCCGGCCACCTCTCTGTC,20.24640267036042,4.339593691246904
6175,ENST00000355619.9,ENSG00000005812.10,FBXL3,76992598,77027195,47.49718945969768,3503,2594.13,952.997,8.27679,GTTTGTGGCCCAGGTGCAGGAAGCTTACGCGGTGGCAGCCGCTCGCTGAGGTAGTCTCTCGCGGCGCCGGGGATCCCTGAACACAGACAGCGCGGGACTGAGAAGGAAAGCTTCTTTCTGGGCAGCCAGAGCCGCAAAGGTGGAGCCGCGTTGGCGCCCTCCGCGGGACCAGCGCCTCGGATGCGGGCGGAGCGCGGGGGGCCGCGGCTGCGGGAGCGCGAAGCGGGGGGCCAGGGGCGCCTCATGTGAGAGCCGCGGGACCTGCAGCCGCCGCCGTCCCCGGAGCACGGGGTGGTGTGTGGGGGAAGCCGCCCCCGGCAGCAGG,5.738600285823089,2.520698888999404
6176,ENST00000377208.6,ENSG00000152192.7,POU4F1,78598362,78603560,5.0800132991236895,4547,4946.51,387.472,1.76483,GCGGGGCTAGAGCTGTCGGAGAAGCGGGACCGCGAGGCCGGCGCGCGGCGCTCTGCGCGGTCAGAGGGAGCGCCTGGCAGCAGCAGGAGCAGCAGCAGCAGCCCGCGGCGGGGCCGCCGCCAGCCGCCGCGACCGCCGCGGCTGCAGCCTCCGAAGGGAGGCCGGGTGAGCCGGCGTACGCACTTTCCCGCGGACTTTCGGAGTGTTTGTGGATATACATGCCAAGCCGCCACG,2.8784717503236514,1.5253030535370742
6177,ENST00000282003.6,ENSG00000152193.7,RNF219,78614291,78659179,26.25546777453084,3529,2588.92,935.708,8.14298,GGCGAAGAGTAGCGGTAGGTCGGCGGGACTTCCGTGTTGGCGGGATTCTGAACGCTGCC,3.2243070441694366,1.688989135307659
6178,ENST00000438724.5,ENSG00000139746.15,RBM26,79311824,79406477,31.35273120974328,5152,4479.43,387.467,1.94883,GGGGGTGCTGGGAGCCGGGAAGACCCCCTGAATCGTTCCCATTGAGCTGCCCTTCGCCTTCGCTTTCTTTACTTTTGCCTTTTCGACGTAGCCAACAAGCACCTGGTCCCGAGGCTGAGAGAAGGCTCGGGTCTAAGCGCGTGTCGCGCTTCCGGTCTGGGTAGATTTGCTGGGGAAGAGGGAAGGGGGAGGGCCCGGGCAAACCGTTGCTGTTTCAGCCCGGGCTGGGGGCCGGGGACGGGGAGCTCCTGGCACCCCGTGCACTTGTGGCCTGCGGCGGTCCTTGCAGAGCTGTTCGCCGACCGGGGCCCGCGGGAACCTGCCACCGGCGCCTCCCACCGCGGCCCACGCGGGCGGCGCGCGGAGGAGGGGGCGGGGGCAGCGGCGGCTGTAGCGGCCGCGACCTGGGCGGGCGGAGGAGTGTGACGGGCCTTAGGGCCGCTGTGG,16.08797648319416,4.007910972766838
6180,ENST00000261296.6,ENSG00000088451.10,TGDS,94574051,94596257,29.32584415941644,1905,1238.16,371.739,6.76431,GCCTCTGGCTGCTCTGTTAACGTGTCCCGCGAGCGAGGCGCGTCGCAAAAGGTCGCGGCGGAACTTCCCTGCGCTTTTCAGACCATACTCTTTACGGTACTAGGCACTGCTGAGCTGGGAG,4.335378502673065,2.1161579542525293
6181,ENST00000376887.8,ENSG00000125257.13,ABCC4,95019829,95301446,23.918695537606208,5839,5328.72,1154.44,4.88103,GGACAGGCGTGGCGGCCGGAGCCCCAGCATCCCTGCTTGAGGTCCAGGAGCGGAGCCCGCGGCCACCGCCGCCTGATCAGCGCGACCCCGGCCCGCGCCCGCCCCGCCCGGCAAG,4.900337743797151,2.2928811868827865
6182,ENST00000347108.7,ENSG00000134874.17,DZIP1,95578202,95644703,7.422619947244835,7068,6633.07,625.077,2.12315,TGTTAGGAAAGAAAAAAAAATTCCTGATGTCTGGTCCAAGCAGGAATTCCCCGGTGGATTGGGGAATGTCTGGCTTTTCCTCAGCTTATTGATCTCTGTGGTAACCACTGGAGGCCCCCAGAAGACCCATAGAAATGAGAGGCCTGAGGTCTACAAGTCGCTGCTAGAAATATTTTAGCCTCTCCAAAGCCCAGAATGCAGCCCCGACCCAAGTTTGTAAGGGTTCTGGGTGCACGCTGACCCTGCGCGGGCAGACGCGCCCTTTGCTCCAGGTCCGGACCTGGGCGCTGCTATAGCAACGTCCTGGACGCCCAGACCTTAGGCCGCCGCCGCCGCGGAAGCGAGGAACCCGGCCTTCTCCCGCTCCTGAGGGCTGTGGCGGCGGCGGCCCGGGAGGCGGCCCAGGCTGGGTAAAGACCGCCCGGCTCCTCCT,3.496041234601811,1.8057222010297922
6183,ENST00000376747.7,ENSG00000102595.18,UGGT2,95801580,96053482,17.82740983903599,4832,3730.46,663.069,4.0046,GCCGGCCGAAGCGTGGCGGCCACAGACTGTGGGTACCGGGTCCGAGGGACTCGCGCTTTTCTCTCCGTGCC,4.451732966847123,2.1543670565254396
6184,ENST00000448493.7,ENSG00000088387.18,DOCK9,98793429,99086625,3.39865876104988,7887,7761.89,433.23,1.25752,GCAGCATCTGCAGCAGTGTGGCTGTCTGGCACTGTCTTTTTCATTTTGGGCAGGTTCTGAGATTCAGAACAATCCCAAGCAAATCACAGGAGCCGGCAGTTTTCCAGTAGAGCCACATGTAAATCTCCTGCTTATTTGTTCTTTGGTATTAAGAGTGAAGCAATCAGCTAGAAAAACGATACTTTAAAGGTTTGGTGCATCCGAGGTGTGTCATCTTGTGTTTGCACCACCCCTCCTGTTTTACACTCGGAGTCTGGATTTTTTGTCAGGCTGTTGAGCAGGAGCGGATTCTAGTACGGCAGCTCAGAGCTTCCCTTCTGTTCCAGTACCGGTGACTGCTTGTCACGAAGATGGTACAGTGGGAGCCTGTTTCGGAAGAGCCAAGGAAGAGGATGTGGAAATGGAGTAGAGATTGCTAAAAAACTGAACATCCACACCTTGGGG,2.7026677595981616,1.4343841714950503
6185,ENST00000267294.4,ENSG00000139800.8,ZIC5,99962964,99971909,21.497221910921443,4639,5095.22,688.0,3.0422,GGGGCGAATCCCCGCTGGGTCGAGGGCCTGAACGGGAGCCAATCGAGCAGCCGAGGCTACTGCCAATCACGCGGCTCCCTCCAATCCCACCCGTGCCATTTCCAAAATCTCGGTCCCACTGTGCAGCTCAAATGTGGTGTTCACTCTGCCAATCGCTGGAGGATAGAGTGGGAACAGGAATAAGCAGAGTTAAGAGGCCAGGACAAAAGAAGTTAAAGAGCGCCCAATACATAC,7.066340776714695,2.8209633253708626
6186,ENST00000376032.8,ENSG00000151287.16,TEX30,102765990,102773811,38.19728298902741,1165,752.757,106.407,3.18476,GCCTGCGCGCGCGTGCGTCGTAGCCGAACGCTGTGGCGGGGCAGGCGAGGCGGTCGCTTCGAGCGCGCTAGTCAGCTCCCTGAAGGGAGTGACGGCGGTTGGGTGCCCGCGGCCACTTTTGCCTTCCCGGGGAGATGTCCTTTGCTTCTCAGATGTAAATGCACTTTAAGTTTGTTATTCAACAGTGAAA,11.993771269743217,3.5842134597843787
6188,ENST00000376004.4,ENSG00000134901.12,KDELC1,102784281,102799007,25.275093728781567,2060,1810.02,476.322,5.92895,CTTGGCTGGAACCTGAGACGGATTCGCTCCCAAATGATGCTCCAGTGGCAGGAGCAACTCAAGTTCATCATTGTCCTGAGAGAGAGGAGCAGCGCGGTTCTCGGCCGGGACAGCAGAACGCCAGGGGACCCTCACCTGGGCGCGCCGGGGCACGGGCTTTGATTGTCCTGGGGTCGCGGAGACCCGCGCGCCTGCCCTGCACGCCGGGCGGCAACCTTTGCAGTCGCGTTGGCTGCTGCGATCGGCCGGCGGGTCCCTGCCGAAGGCTCGGCTGCTTCTGTCCACCTCTTACACTTCTTCATTTATCGGTGGATCATTTCGAGAGTCCGTCTTGTAA,4.262996606276249,2.0918679067889774
6189,ENST00000245323.4,ENSG00000125266.6,EFNB2,106489731,106535114,95.46455230310444,4461,4874.2,3136.0,14.4956,GACCGCTGGAGCTGCGCAGCGCGCCTCGGAGCTGCCTGCGGGCGCACGCCGTCTTCCCCGCCAGTCTGCCCCGGAGGATTGGGGGTCCCAGCCTGCGTCCCGTCAGTCCCTTCTTGGCCCGGAGTGCGCGGAGCTGGGAGTGGCTTCGCC,6.585760665519499,2.7193500836092213
6190,ENST00000400198.7,ENSG00000134884.13,ARGLU1,106541673,106568164,87.83771641172086,3390,2606.41,1165.15,10.0716,ATTGTGGGAAGGGCGGCCGGTGCAGCCGCAGCTGCCATCTTAGGGGCGCCTGGCGCTACGGGTTTCTCGTTGGAGGCGGCCTTCGTGGCAGCTGTAGACGCCGGGAAAAGGCATAAAGTCCGTTGGCCGACACCTTTCTTTCCTCCGGCCTCGGTAGAACCGCCAGCCCGCGTCCGAAGGCGGAGGCGAGGGGAACTGGCCGCGTGAGGGGCCTGAGGCGAGCGGTTAGAGCGTCTCCCGGAAGG,8.721326940279683,3.124547656162639
6191,ENST00000442234.5,ENSG00000174405.13,LIG4,108207439,108218368,19.541567715856623,3982,2739.76,452.426,3.72046,CTTCTGGCGCCAGCTTCCGGCTTAGCGGCTGAGCTTCAGGCTTGACGTCAGGAAACCATCAAGATCTCATTTTACAGCTGGGATTCTCTGGTTCACAGAGGTAACGGAGCTTGCCCGAGGCCAGTTAAACGAGAAGATTCATCACCGCTTTG,5.2524601032820195,2.3929932984945554
6192,ENST00000375856.4,ENSG00000185950.8,IRS2,109752698,109786568,4.319468998898173,8138,10497.0,517.906,1.1116,GCGGGGACCGCGACGAGCCCGGGTCGCCGTTGGCAGCAGCAGCAGCAACACCAGCAGCAGCAGCAGCCCCGGCGGCGGCGCGGACCCCGAGCGCCCGGGCGCACCCCGGCTTCCCGGAGCGCGACGCGGCGGCAGCAGCCCCGGTGCGGCCGCGCGCGCCTTAGGCTCGGCCCCGCGGCTCGGGGACCCCGACTCCCGGCCCAGCGAGCGCGTCCCCCGGCGCCGCCCGAGAGCCCGAGGAGGCAGCGGCCGCAGGCAGCCGGGGAGGGGGGCGGCCACCGCCCGCGCCGGGCATCCTCAGGAGCCCCAGAGCGCGGAGGGCGCGGCGCCGCCGAGCGGTGCTGGCCCCCGCGGGCCTCCCCGGACCTTCCCCACCGCCTGGGCCCGAGGGACGCGTGATCGGGCGGGCGGCCGGGCGCAAGGGTGGGAGGGAGCCGCCCCCGCCCGCGCCCCCTCCGCCCCTCGCCCCAACCCCTGGGCGCCGGGCCCGGGCCGCGCGGCCTGAAGCGCCCGCG,3.8858123415780614,1.9582162302048034
6193,ENST00000375820.8,ENSG00000187498.14,COL4A1,110148963,110307149,43.79571544127701,6532,8968.46,1852.96,4.65489,GCTTGGAGCCGCCGCACCCGGGACGGTGCGTAGCGCTGGAAGTCCGGCCTTCCGAGAGCTAGCTGTCCGCCGCGGCCCCCGCACGCCGGGCAGCCGTCCCTCGCCGCCTCGGGCGCGCCACC,9.408539286916987,3.233970756205583
6194,ENST00000257347.8,ENSG00000134905.16,CARS2,110641412,110713603,72.53652108964428,1879,2068.13,668.431,7.28183,AGCGACCGGCAGCGTACCCGGCGTGGCTCCCGTCTCCGCCCAGTCGTAGGCGCTGGCCGCTGAC,9.961303832916215,3.316334588696266
6195,ENST00000267339.6,ENSG00000088448.14,ANKRD10,110878540,110915069,47.403337997861605,2495,2515.01,399.967,3.58299,GCGCGCTCCGCTCGGCAGCCTGTGGGACGCGACCGCGGCGCTAGTCTCGTTCCTTTGTGCTGCGGCGGCGGCTTCTCGAGTCCTCCCCGACGCGTCCTCTAGGCCAGCGAGCCCCGCGCTCTCCGGTGACGGACC,13.230106139805471,3.725752730710812
6197,ENST00000261965.7,ENSG00000126216.13,TUBGCP3,112485005,112588167,25.939215049628885,3899,3819.04,757.146,4.46671,TGTGGGAAGCGCCCGCGCTTTCGGCGGGTTCCGTTAAAATGGCGCCCTGGTGGCCGGCGGCGCCCGCGCCTTAGCCTGTCAGGAGCAGGGAGCTTGCGGGGCGCAGGAAGGGCGCGGGCCGCGGTCCCTGCGCGTGCGGCGGCAGTGGCGGCTCTGCCCGGACCACCGTGCACGGCTCCGGGCGAGG,5.807230612605001,2.537850326455872
6199,ENST00000337344.8,ENSG00000126226.21,PCID2,113177539,113208715,68.68346939867516,1898,1748.55,255.684,3.29448,GGACCGAGGGCCGGAAGTGACGCCAGCTGGCCCGCTTGAGGCGTAGGGGGTGGCGCTCTCCGTTCGGCGGCGCTCCC,20.84804563957746,4.3818402421907745
6200,ENST00000375431.8,ENSG00000139835.13,GRTP1,113324164,113364148,5.319840971046027,1384,1539.01,71.036,1.03992,GGACTTAAGCGCCCCGGAGCCGGGAGGCGAACTTGGGACCCGCTGGCCTCGCTCGGTGCGCGCCTCCCTCCCCGC,5.115625212560608,2.354910571532571
6201,ENST00000375403.6,ENSG00000150401.14,DCUN1D2,113455819,113490952,4.701127276509643,3164,3087.92,239.837,1.7499,AGAAGCGGGCGGCGCGGGGGAG,2.686511958688864,1.4257342600449263
6202,ENST00000327773.6,ENSG00000183087.14,GAS6,113820549,113864067,10.888122409307202,2490,3428.86,431.056,2.83234,GCTTGAGGTGCCGCAGCCGCCGCCGCCGCCGCCGCCGCGATGTGACCTTCAGGGCCGCCAGGACGGGATGACCGGAGCCTCCGCCCCGCGGCGCCCGCGGCTCGCCTCGGCCTCCCGGGCGCTCTGACCGCGCGTCCCCGGCCCGCC,3.844214469063461,1.9426888264402318
6204,ENST00000250416.9,ENSG00000129484.13,PARP2,20343582,20357905,11.840420145912583,1886,1742.81,398.235,5.14814,GGTTGATGACGTCAGCGTTCGAATTCC,2.2999413663794273,1.2015970822514441
6205,ENST00000555414.5,ENSG00000100823.11,APEX1,20455191,20457772,162.58913494784278,1437,1558.8,274.524,3.96782,AGGTCCGCTACCCACGTGGGGGCTCAGCGTGCACCCTTCTTTGTGCTCGGGTTAGGAGGAGCTAGGCTGCCATCGGGCCGGTGCAGATACGGGGTTGCTCTTTTGCTCATAAGAGGGGCTTCGCTGGCAGTCTGAACGGCAAGCTTGAGCAACGCGGTAAAAATATTGCTTCGGTGGGTGACGCGGTACAGCTGCCCAAGGGCGTTCGTAACGGGA,40.97694324536969,5.356740462613115
6206,ENST00000361505.9,ENSG00000198805.11,PNP,20468954,20477094,304.9083217521254,1509,1562.09,1801.39,25.9815,ATAAGCCAGAGCCTAGACCAGTGAGCCAACTGTGCGAACCAGACCCGGCAGCCTTGCTCAGTTCAGCATAGCGGAGCGGATCCGATCGGATCGGAGCGGATCGGAGCACACCGGAGCAGGCTCATCGAGAAGGCGTCTGCGAGACC,11.73559347043571,3.5528188958626474
6207,ENST00000382985.8,ENSG00000165792.17,METTL17,20989770,20997035,12.991845990122965,1586,1746.94,141.54,1.82541,GTTTCCGGTTCGCCTCCGGAGCC,7.117220783343448,2.831313990512357
6208,ENST00000613569.4,ENSG00000092203.13,TOX4,21476597,21499175,24.71885056413059,4711,4900.5,699.996,3.21823,CCGCCCCCGCCACCCAATTTGGGAGCTTCGAATGCCCGCCCGAGCCTTGAAGGCGAACCACCTGAGGGTTACCTGTGTCTCCGATGATGATATACTTGAAGAGATAAGCATAAGTCATGGGGGCGATAGCCCAGCGCCTGACTCTCTGCAGCCCCACGGCGCTCCTTCCAATCAGCAGAGAGAACACACGTCCTTGCGGAAGTGACGGCAGTTCCGAGTCCAGTGGGGGCGGTGGGAGCGATGAGGGTCTGAGACGGTGGGAGCGGTTGTGTGAAG,7.680883766583056,2.9412723177579485
6210,ENST00000397496.7,ENSG00000172590.18,MRPL52,22829879,22835037,198.55591389743577,1111,1061.17,54.2874,1.15259,GGCTACCCCGGCTACTCCTGCTCAGC,172.2693359281581,7.4285221133838695
6211,ENST00000359591.8,ENSG00000197324.8,LRP10,22871613,22881580,13.057314546034888,6886,10347.8,476.138,1.03668,AAATGTGGAAGCTGAAGCTGCAAGTCAAGGGCCCGTCTGACAAGTCCGGCAGGGCCGGGAAAGGGGTTAAGGCGAGCAAGTGGGTGTGGCCCGTGCGTTGATTGGCAGGGGTGGGACCGGGCTTGTCACCCGCCCCGGCTACTCCAACCCCTGGGCGGGCGGGGGTACCGCCTGGGCAAGGGCCGGGGCGCCGGGCCGAGCCACCTCTTCCCCTCCCCCGCTTCCCTGTCGCGCTCCGCTGGCTGGACGCGCTGGAGGAGTGGAGCAGCACCCGGCCGGCCCTGGGGGCTGACAGTCGGCAAAGTTTGGCCCGAAGAGGAAGTGGTCTCAAACCCCGGCAGGTGGCGACCAGGCCAGACCAGGGGCGCTCGCTGCCTGCGGGCGGGCTGTAGGCGAGGGCGCGCCCCAGTGCCGAGACCCGGGGCTTCAGGAGCCGGCCCCGGGAGAGAAGAGTGCGGCGGCGGACGGAGAAAACAACTCCAAAGTTGGCGAAAGGCACCGCCCCTACTCCCGGGCTGCCGCCGCCTCCCCGCCCCCAGCCCTGGCATCCAGAGTACGGGTCGAGCCCGGGCCATGGAGCCCCCCTGGGGAGGCGGCACCAGGGAGCCTGGGCGCCCGGGGCTCCGCCGCGACCCCATCGGGTAGACCACAGAAGCTCCGGGACCCTTCCGGCACCTCTGGACAGCCCAGG,12.59531827182437,3.6548156729643786
6212,ENST00000319074.5,ENSG00000179933.5,C14orf119,23094765,23100462,119.60966127082057,3660,3988.86,566.602,3.20031,GGGCTCGCGCTGCTGCCGTTAAGGCGGGAACCGGCGCGATCTCCATTCCAGCGCGAACCTCATCAACCACCGTGCGCGCGGATCCAGAGGCTCGCGCTGGCGGCCTGAGCGAGCTCGCGCCGAGCCCGGATACTGCGCCTGCGCCGCGGCAGAGGCTCGTCTCTACCGGGTCCGCTCTCCTCCGACACCCCAGCAACGCCGACTCCTCACCCCTTTGAGCCGCTTGACCAGGGCACTCTTCTGCCCGCTCTTGGCTAGGCCTCGCTGCTCCAGTGCGGCCTTCAGGTCGGTCACCCGCAGCGCCTGAAGAGGCTTCCCGTCCAGAGTCACCTCCTCCAGCTCCGCCATCTTGCGTGAGGTACTCGGGTCCGTCCCGACGGCTTCGGGCATCTTCGGTAATTTCCGCCAACGCCCTTCGAACGTACCGAGATGACCCCGCCCACTGCCATACTCTACCCCTCGATTACCACTCAGAACTCCCCGGGTTCCTCCGGATGTCCTCGGATGTTTCCGTCTCCACATCGTTACCAATCAATTCTTTCCATCCGCCCTGCAGCGCCCCTTTTCTCGCCCTGCTTTCAGGCTCGGTTTTCTTCGTCTTGCCGAAGCTTTGAATCGAATATATTCGGAAACCCTCGACCCTGGTATAACCATAATCGGAGATGTTCGTTTATTTCCGGACCTAGAGATGAGGCGCTGGGGCGCTTGGGTGTTTGGGGCGGGTCCGAGGCCGGAAGTGCGTGGGCTGCCGGGCTGGCCCAGCTTAGGGTTTTCAGGAAATTTGGAAGCTGCCGCAGTAGTTGGAGTCTAAGGACTCGTGACAATCTTCGGGTGCCCTTCGAGAGAAAAGGGGAGG,37.37439850227652,5.223978455876615
6213,ENST00000250405.9,ENSG00000129473.9,BCL2L2,23298790,23326185,2.398900511674473,3605,4852.23,243.534,1.13079,ATCACCCGGCGCCGGGCCCTCCCTCTGCCCCCCCCTTTCTCCTCCCTCCTTCCTTCCCTCCCTTCCTCCCTCTCTCCCTCCCTCCCAGCTCCTGCACCAGGAAACGGCCCGGATCCCGGCAGCGGCCTGACCCGGCTCCACGCTGGCCAGGAGGATGAAAGGCCCCAGCTGGGGGCTCCTTGCCACCAGTGCTGTGTCTTAAGAGCTGCCATCCCGGCTGGCCGCCCGG,2.121437677795588,1.0850422967026927
6214,ENST00000216727.8,ENSG00000100836.10,PABPN1,23298790,23326185,61.64374967576207,2001,2484.31,1575.14,14.2849,CGGGATTTGAGAATTTGGCGCAGTGCCCCGCCTTAGAGGTGGGGCCTTATTTGATTGCCAAGTAATATTCCCCAATGGAGTACTAGCTCATGGTGACGGGCAGGCAGCTTGACTAATGAGTCCTCGGCGTGGCCGGCGCAGCTCTCCAATCGCCGGGCGGCGGGCCCCAGTCTGAGCGGCG,4.315308449884989,2.1094636841354517
6216,ENST00000408901.7,ENSG00000129460.15,NGDN,23469688,23509862,67.19604429649122,1143,912.529,546.755,13.4992,GACACCGGAAGGGGTGGGCTTTGCGAAG,4.977779742243334,2.3155023950832287
6217,ENST00000250383.10,ENSG00000100867.14,DHRS2,23630115,23645639,2.8951273176410663,1705,2117.61,194.293,2.06716,AATAAAAGCAGGCTGCCTGAGCCGGCAGCAGCAACCTGCTCTGGTTCCCTTCCACGCTGTGGAAGCTTTGTTCTTTTGGTCTTCATGATAAATCTTGCTGCTGCTCACTCGTTGGGTCCGTGCCACCTTTAAGAGCTGTAACACTCACCGCGAAGGTCTGCAACTTCACTCCTGGGGCCAGCAAGACCACGAATGCACCGAGAGGAATGAACAACTCTGGACACACCATCTTTAAGAACCGTAATACTCACCGCAAGGGTCTGCAACTTCATTCTTGAAGTCAGTGAGGCCAAGAACCCATCAATTCCGTACACATTTTGGTGACTTTGAAGAGACTGTCACCTATCACCAAGTGGTGAGACTATTGCCAAGCAGTGAGACTATTGCCAAGTGGTGAGACCATCACCAAGCGGTGAGACTATCACCTATCGCCAAGTGGCCTGATTCAGCAGGAAGCATCTCAGACACCAACCACT,1.4005337359667691,0.4859767353765494
6218,ENST00000216780.8,ENSG00000100889.11,PCK2,24094053,24110598,8.36191088595586,2357,3276.2,207.754,1.4287,GGCGGTTTGGAGGCAGGGGTTGGGGCGGCGGCTGGGCTGACCTGGAGCCTGGAGCCCCGGGGCCGAGGGAGCTGGCCTGCCAGCGGGGCGGAGGAAAGCTAGTGCCAGCCCTACCAGGTTCCGCCCCCGCGCCTGCCCCCCTCCTTTTTAAGCGCCTCCCGCCAGCCTCTGCTGTGGCTCGCTTCGCCGCGCTCCCTCCTTCCCCGCCTTCCATACCTCCCCGGCTCCGCTCGGTTCCTGGCCACCCCGCAGCCCCTGCCCAGGTGCC,5.852810867191054,2.5491296589219443
6219,ENST00000206451.10,ENSG00000092010.14,PSME1,24136158,24138967,154.59056821284776,1006,970.512,681.284,15.8157,ACTACCCAGGAAGGCGGAGCTGGGTGCGAGCGCCCTACCGCTTTCGCTTTCCCTTCGCGGTGCCCACTCCACTCCTTGTGCGGCGCTAGGCCCCCCGTCCCGGTC,9.774500541414403,3.289022985301417
6220,ENST00000324103.10,ENSG00000092098.16,RNF31,24146683,24167402,5.000185040393816,3627,5149.34,240.326,1.0515,ATTGGTTGGGACCTGGCCCTCCCTCTTGGCCGCGCCCCCTGGTTTCCTGACACCGCTCCAACCTTAACCTTAAGCCCCGCCCGTTCCTCCGAAATTGGGTCGCAGTCCCACCCTCTCTCCTAGTACTTCCTGTTCTCGGCTAACCCTGGCGCTGGGCCGGGGGCTGGAGAGTGACCGTGGTCTGAGTGACCTGGGGCGGCTGCGTGGGCCGGGGTGGGCCTCAAAGCCGGGCACCAGACGGGAGGGGCGGCGCTCGGGCCGCGCGCTGCCCGCGCCGGGTCCTGGCGGGCGGCGAGGCTGGGGCTGACTCCTGCCTCAGG,4.755287722676002,2.249532635201443
6221,ENST00000267425.7,ENSG00000196943.12,NOP9,24299862,24318036,9.90001650101448,6033,7935.42,675.802,1.91872,AAACTTTGTCTGGATAAGGCGCACGCTTGGCGACGTCGAAGGTCCGTCCGCAGTTAAGGAAGCTTTTGCAGCCGGACAGGTCGCGAAGCACAC,5.15969839320718,2.3672867363187673
6222,ENST00000251343.9,ENSG00000100441.9,KHNYN,24429286,24441834,4.421194768845616,6725,8907.15,519.395,1.31377,GGGAGAGAAAGGAGGGATGAAGCCGCCTGCCCACTGGACGGGAGGGCTGCAGCCAGAGCTTCAGGGCAGCCCTGCTGGATGGGACAGCACTGAGGGCTGGACCTGGGGGGATGGAGAACATGGGCTGGGGGCAGCAGCC,3.365273045392737,1.7507235643461347
6223,ENST00000206595.10,ENSG00000092140.14,G2E3,30559123,30620063,18.948288564176156,5804,3765.84,499.067,2.98579,GACCGCTCTTTCCGGGTTTGCGAGCGGAAGTGGACGAATTTGAATCCTGTGGGCCGTTGAATGTGGCTGCTCGCGGTCGGCGTGCCCCGACGTACAGCGGGCCGGGAAAAGTGGCACTGAGGCTCTGGAACTTCTGCCCAGCTCTCCTTGTAAA,6.346155812758484,2.665882943180289
6224,ENST00000458591.6,ENSG00000092108.20,SCFD1,30622112,30735812,41.91056719994789,2359,1754.54,95.5156,1.22652,AGGATAAAAACTCTTAGTATTCGCCTAACATTACGGGCCACTGAATTAACCTGCACCGGGTCTCCCAGTTCTACCGAGAGTGGAGGTCTTCCTGGAGGAGGTGGGGTCCGGAACTCAGGCACACCCTTTGGCCCCGCCCTTCCGGGCTTTGCTTCCGGGGCGGTAAGGGCAGCCACGTCATCCCCCCGCTCCGCTCCCCAGCCGGGCAGTGGCTCGTGGGAGCCAAG,34.170308841232014,5.094671382212644
6225,ENST00000216361.8,ENSG00000100473.15,COCH,30874514,30895065,200.94945112091608,2397,2363.07,724.321,6.90585,GGGGGCCTTGCCTTCCGCACTCGGGCGCAGCCGGGTGGATCTCGAGCAGGTGCGGAGCCCCGGGCGGCGGGCGCGGGTGCGAGGGATCCCTGACGCCTCTGTCCCTGTTTCTTTGTCGCTCCCAGCCTGTCTGTCGTCGTTTTGGCGCCCCCGCCTCCCCGCGGTGCGGGGTTGCACACCGATCCTGGGCTTCGCTCGATTTGCCGCCGAGGCGCCTCCCAGACCTAGAGGGGCGCTGGCCTGGAGCAGCGGGTCGTCTGTGTCCTCTCTCCTCTGCGCCGCGCCCGGGGATCCGAAGGGTGCGGGGCTCTGAGGAGGTGACGCGCGGGGCCTCCCGCACCCTGGCCTTGCCCGCATTCTCCCTCTCTCCCAGGTGTGAGCAGCCTATCAGTCACC,29.09843844290219,4.862869828394489
6226,ENST00000281081.11,ENSG00000151413.16,NUBPL,31489956,31861224,23.26895101743301,3049,2566.45,270.243,2.37237,ACCCGCGACAGTTTCCCAGCAGGGCTCACAGCAGCGTTCCGCGTC,9.808314477688139,3.2940052359748404
6228,ENST00000345122.7,ENSG00000100852.12,ARHGAP5,32076114,32159728,3.2912310244055365,9604,6475.44,952.688,3.31469,CTCGGTGAGCGCGCCGAGGAAGAGAGGCGAGCGGAGAGTGGAGGAGGAGGCGGCGGCGGCGGGAGCGGTCCCCAGGAATGTCGCTGCCGCCGCCACCGCCGGGGCCGCTGCCGTTGAGGAGGAGACGGAGGAGACCGACGTTGTTAGGAAGATGATCCCTATGATCTTGAAGATGTTTCTGCACAGAAATGAGGGAAATACAAAGAACCAAATACAGTTCTGAAATTTGGGATCTGTATTTTGAGATGATTTTATTTTCAGAATGAGAAGCATATCTGGTTACCTTTATGAATGTAGAGACATGAGAAGAGAGTT,0.9929227241176509,-0.01024665293472766
6229,ENST00000280987.8,ENSG00000151327.12,FAM177A1,35044907,35113130,12.785803829163727,2927,2274.11,225.364,2.23273,GCGGGTGAGTCCCACTTCCCGACAGCCTGGCTCGGCCAGCGACTGGGCGGGGAGACCAAGG,5.72653380801249,2.5176621597325166
6230,ENST00000261479.8,ENSG00000100902.10,PSMA6,35121846,35317493,127.4742995030754,1029,710.734,1240.29,39.3167,GCGGAAGAAACGCGGCTGGTACCCCGGAAGCAGTCGCTGCAACTTCCGGGAGGTGCTTGTGTGCCTGGTGCGGGAGCTACGGGGCCCAGGGATTGTGTTTAAAGTAGTGCTTCTACCAAC,3.242243105425313,1.6969922690918267
6231,ENST00000216807.11,ENSG00000100916.13,BRMS1L,35826318,36063743,41.42882305724795,2657,2015.48,350.813,3.92157,GGAAGGCCTCCGCCAATGGCAGAGCTCCCATCGCAGAGCCTGCGGGTTAGGTTGTGAGGCCCGGGCCGGGGGCGGGGAGGAGCCAAGGGGGCGAGCAAGCTCGGTGGCTGGGTGGGTTGGGGCGTTCCGCGCGCCCTTCATTGAAGCGGCGGTGGCCGGGCTGGGCGCCGGTAGTGGAAAGCGACGGCGCGGCTGGAAA,10.564346182077065,3.401131577819164
6232,ENST00000308317.10,ENSG00000092208.16,GEMIN2,39114223,39136973,39.90101447999395,1420,1056.9,123.94,2.64202,TAACGCTCCCTAAACTGCCACTTGCTCAGCTCCGCGCCTAAGGTGTCTATTAGTACGCCTGCGCTGTGACCTAGAATGGGCGC,15.10246496241283,3.916712134425788
6233,ENST00000216832.8,ENSG00000100941.8,PNN,39175183,39183218,87.57957160864379,3576,3028.65,3087.27,22.9661,CGCCTCGGCGGCGCGGCATAGCCCGGCTCGGCCTGTAAAGCAGTCTCAAGCCTGCCGCAGGGAGAAG,3.81342812269579,1.9310885074128037
6234,ENST00000361462.6,ENSG00000198718.12,FAM179B,44962208,45074431,2.0375035493476643,6375,5465.97,320.522,1.32115,AGACGGGGGCCATTTTGCCAGAGGCTGCCTCCCGGAGTTGGGGGCGGCCTGGCGGCAGGCTGAAGCTGTTCTTTTGCCTCTTCTGCAGCTTGGGGCTTGGAGAGGATCTGGAAGTCTGGGCTCCATCGAGCCCTTTGGAGACGGCAATGGTTTCTTCCAACCACCACCACCTGACAACCCTGC,1.5422196944689583,0.6250082967343662
6235,ENST00000355765.10,ENSG00000185246.17,PRPF39,45084099,45116282,16.25763207731462,2868,1860.53,398.284,4.82303,ACTGACGCATGCGCATCGTGCCCTGGACCAGGCGGCCGTGGCGCGGGTGGCGGCTGCTGTGCTGGCTGTGGGGACGGAGGCGGTGAAGTGCCATCTTCGGCTAGGTCGTCACAGGCTCCGGCTCATGGCATCAAGTGGCATCCATCATAAGATCGTTAACTGAAGACAAT,3.3708337035669738,1.7531054552790732
6236,ENST00000305386.3,ENSG00000168282.5,MGAT2,49620795,49623481,61.79303555586328,2687,2604.54,590.385,5.107,CGGGGCAGTTGCGGGTTGTCATAACGGTCCCCGCCGGAGTGAGGCGAGGCCGCGTCGCTCAGTTCTGGCCGTCTAGGGCCCCTGTAAGGATGAGAGCGCAGAGGACGCAGGGCCGCTGGAGGCGCAGGTAACGAAGCTAGGGTGCGGTTGGGACCGCGGCTGAGCTTTTTCCGGGACCCGTGGTGCTGAATGGAGAGGACGGAGACGAAGCCGAGCCGCGGCTCCTAGCGGCGGCGCCGATGCTCGAGCTGTAGCTGCCAGGCGAGGATGTGTGGAGCGCAGGCGGCGCGGGGTAAATGAGAGGTCTCGGGCCCCAGGACCCCCGGGGCCCGGGATGAGTTAGCGAGGGCAGCCGCGGGGGCCAGTTCCGACCGTGACAGGCCAAGGCGACGGCCGCCGCCCGCCCGCCCCTTCCGTGCAGAAGCAGCTGCTCCTTTCCGCGCCCGCCCGCCTGCGCTCCCGGCCCTGGAGACC,12.099674085737865,3.5968962827820903
6237,ENST00000298316.6,ENSG00000165527.6,ARF6,49893092,49897054,181.67952535886764,3865,3401.98,1809.99,11.9869,CGGCGGCAGAACTGGGAGGAGGAGTTGGAGGCCGGAGGGAGCCCGCGCTCGGGGCGGCGGCTGGAGGCAGCGCACCGAGTTCCCGCGAGGATCCATGACCTGACGGGGCCCCGGAGCCGCGCTGCCTCTCGGGTGTCCTGGGTCGGTGGGGAGCCCAGTGCTCGCAGGCCGGCGGGCGGGCCGGAGGGCTGCAGTCTCCCTCGCGGTGAGAGGAAGGCGGAGGAGCGGGAACCGCGGCGGCGCTCGCGCGGCGCCTGCGGGGGGAAGGGCAGTTCCGGGCCGGGCCGCGCCTCAGCAGGGCGGCGGCTCCCAGCGCAGTCTCAGGGCCCGGGTGGCGGCGGCGACTGGAGAAATCAAGTTGTGCGGTCGGTGATGCCCGAGTGAGCGGGGGGCCTGGGCCTCTGCCCTTAGGAGGCAACTCCCACGCAGGCCGCAAAGGCGCTCTCGCGGCCGAGAGGCTTCGTTTCGGTTTCGCGGCGGCGGCGGCGTTGTTGGCTGAGGGGACCCGGGACACCTGAATGCCCCCGGCCCCGGCTCCTCCGACGCG,15.156506299282352,3.9218653335167
6238,ENST00000457354.6,ENSG00000139921.12,TMX1,51240162,51257546,83.08794960401002,3995,2735.42,1262.28,10.3967,ATGCGCATTGAGAGTCCTCTAGACAGGCGCTCCTCGCAGCACCGTAGTGCGCTTGCGCTGAGCAGCCCGCGAGGGCGGAAGTGGGAGCTGCGACCGCGCTCCCTGTGAGGTGGGCAAGCGGCGAA,7.991761770947515,2.9985135780008045
6240,ENST00000261700.7,ENSG00000087302.8,C14orf166,51989475,52010691,217.55964589830813,7075,6358.52,781.345,2.76853,GCGGCCACCGCTTTTAAGCCACGATTGGCGAAGGCCGCCGTCATTTCGGAGCGACTCAGCGCCTGCCCGCCCTCTCGCCGCGTCGCCGGTGCCTGCGCCTCCCGCTCCACCTCGCTTCTTCTCTCCCGGCCGAGGCCCGGGGGACCAGAGCGAGAAGCGGGGACC,78.58309135111706,6.296147017446018
6241,ENST00000354586.4,ENSG00000198252.11,STYX,52730180,52774998,13.430479004308811,4857,3479.06,306.264,1.98334,CCTGTGCTGGATCCTGGGCGGCCTGAGGGGTACGGAGACTCTGGGGGAGGGAGACGGCAGCGGCATGGCGGCCGGGTGTAAGACGCCCGACCCTCCTCTTCCCTGTCTTCGCCGCCGCCGCTGCTGGAGTCACTGGGACCCTGTAGTCTGCGTGTGTTAGTTGTAATCCCGCCGCCCTCCTGTCAGCCCTCCGCTCCGCCGGCCCTCCTTCCTTCCGCCGCCGCAGCCAGCCCGAGGGTCGGCCGGCTGTGTAACACTCTCCCACCCCACCCACCAGCCCGCGGGCCAGCACC,6.771647324366377,2.7595068378766454
6242,ENST00000335183.10,ENSG00000100526.19,CDKN3,54396849,54420218,36.946236687535645,893,638.172,297.662,10.5087,ACAGAAGGACGAACCAGTGAGCTAAGCTGCGGGGCGCGGGCTCGGCCGGGGCACCGGTGAGTCGCCGGCGCTGCAGAGGGAGGCGGCACTGGTCTCGACGTGGGGCGGCCAGCG,3.5157761366806217,1.813843211328086
6243,ENST00000216420.11,ENSG00000100532.11,CGRRF1,54509812,54539309,9.764434151343464,2057,1400.1,76.797,1.2358,AAGTGCGGACCTACAAAGTTTGTCCGCTCCGGGGCACTGTAGTGGCTTTTACCCTGGCCGGGCGGGCGGGGCTCAGCCGGGCTGGGCTGGGCTCCGCGGCTGGAGCCGGGCTCTACCCAGAGCAAGACCCTG,7.901306159041482,2.982091163847929
6247,ENST00000555846.1,ENSG00000180008.8,SOCS4,55027230,55049488,19.569215958557187,4110,2963.51,144.844,1.10117,GCGGCGCCCAGGGAACCGGCGGAGGCGATGACCGTGACGGCTGGGTTGGGACCGGAACGCCGAAGCGGGGTTGGGGGTGGCAGAAAAGCATCTGCTTTGTAAGACCTACACGAGGTGCAGGAGTGGTTGGGCCTCCCCTCTCCACTTAAGCAAGCGCCCAGACTGATGGCGATGGTGATGGCAGCAGTTACTCGCACAACCCCAGTTAAGCTGCGCTCCGGGAGGAGTTCATCTGTTGTCTGCTCTCCAGTGACTTCCGTTTGTGGAGCCTAAGTGTTTCTACAGAATCCAACTCAAATATCAAGGACTATGATCAGAATGCTTTCAAGGAGTTTTTGGGCACATGATGGCAGATACATCCAGAAAGTGCCCAGAAGAAACTTCCTGCTGGAAAAAATGAAAAAGCAGTATTTATAACATTAGAATCTGGATAATTTGTTAAC,17.77129413129416,4.151476839215041
6248,ENST00000395468.8,ENSG00000168175.14,MAPK1IP1L,55051631,55070192,75.00978512869045,6480,5801.37,971.476,3.77279,AGGCGGTGCGCTCGGCGCTTCCTGTTCCGGCGCCAGGAGGAGCCGCGCGCTGCTGGTGCTGTTGCCGCCGCTGCTCTAGCTGCCGTCAGTCAGGCTGCGCCCGCGTCTTCAGGGCCCAGTCCCTCGGACCCATCGCCGCTTCTAGACCCTACTGCGGTCTCGGATATTGCCGGGAAA,19.881781156303546,4.313375104818646
6249,ENST00000254301.13,ENSG00000131981.15,LGALS3,55124110,55145413,59.39673982186115,1146,1250.19,165.549,2.98341,AGGTCGCGCCCCTCAGTGCCCGCGCTCTCCCCGTCGGGAGCTTCCTGGTCGCCCCTGCGGCGGCGGCTCGGGGTGTCTGGCCGGCGCGGGGCTCGCCCAGCCTGGTCCGGGGAGAGGACTGGCTGGGCAGGGGCGCCGCCCCGCCTCGGGAGAGGCGGGCCGGGCGGGGCTGGGAGTATTTGAGGCTCGGAGCCACCGCCCCGCCGGCGCCCGCAGCACCTCCTCGCCAGCAGCCGTCCGGAGCCAGCCAACGAGCGGAAA,19.90901009980564,4.315349585177078
6251,ENST00000313833.4,ENSG00000178974.9,FBXO34,55271303,55361918,11.133196567660782,3464,3428.24,465.576,3.05973,GGATCCGTGGCCCCTCCCCCGGCCAACCGTCGATTGGGCCGGCGCGTGACGTCACTCCGTTTTAGCCAAACAAATGGGTTTCGGGGCGAGCGTTGGGCGCCGCCGCGCCGCGCTGGGTGCTCGGTCCGACTCAGCGGTGGGGAGTGAGCCAGGCCTCCCGCCACCGCTGCTGCCGCCACCACTGCGTCGGGCTGGTGCAGCCCCGGGCCAGGCCGCGGCCGGGGCAGGAGCGCAGGGGCTTTGTT,3.638620586672936,1.8633916235173018
6253,ENST00000395314.7,ENSG00000126777.17,KTN1,55559072,55701526,39.067932205967686,4618,3335.55,736.507,4.97475,CGCCGCGTCTTCCCGGTCTCCTTTCCCGGCCGCACAGGGTTTTATAGGATCACATTGACAAAAGTACC,7.853245330110595,2.973288966629437
6254,ENST00000267460.8,ENSG00000139946.9,PELI2,56117814,56301526,7.889280368531858,5909,5488.2,287.67,1.18094,GGCGCTCAGCGCAGGCAGGTCCCCCTGCTGCCGGGTCCCATTTGTTGCCGGCTCTGACTCGGGGCGGCCGCGGCGCGCGGAGCTCCGGGGAGTCAGGCGGAGCAGCCGCGCAGCCACGACGGAGCAGCAGCGGGACTGGCCGCCCCGCGCCCCCTTCGCCGCCGTGCCCTTCCCCGGCGCGCTCACCCCGTTCTCGGGATGGGATTGTAGCGGCGGCGCGGACTCGGCGGGGATCGCGGCGGAGGCGGCGGCGTCGGCGGCGGCGTCGGCGGCCGAGCGGGGCTCC,6.680509059335662,2.7399580412317848
6255,ENST00000261556.10,ENSG00000070269.13,TMEM260,56488354,56650606,11.517154965645318,4264,3736.66,209.922,1.26572,GGCTCGACCCGGAAGCCGCCGTGGCCGCCGCACAAGCTGCGCTCGTCTCTCGGCTGGGGAGCTCCGTGTCGCACCGGGTTCTTGGGCTGGCCGTGTCCTTCTCCCTCGGTCGCCACTGGCCC,9.09929128531217,3.18575418278578
6256,ENST00000261558.7,ENSG00000053770.11,AP5M1,57268909,57298742,43.72891538234252,11737,8738.71,491.775,1.26789,CGCGCCAGGGAGGTTGTCGGGAGGGGCCGGCGAATAAAACGAGCGGCGAAAGAACCGAAAAAAGGCTCGACGCTACCGTGTATGAGGAACTTTGATCCTTGCGGGCCACCATTCCGGAAGTAGAATTTAGAGGAAGAAAATACCGGAGTTGCAGGGTATAGGTAAATTTCTCAAGGTTATAGGTTGGGGTTCTTAGAACTTTTTGTGGTGTGTGTTGGCCTAGAGCGACTCAGAAGCGTTAGTGACTTCACCTAAAAAAGCTAACCTCTCTGCTGAGCGCGACCGGTATGCGGCGCAGGATGAGCCTCAGGGCTTCTGTTAAGAGTCTGTCTGAGAAAGCCGGTCTGCGCTGTTCCTCGGTGGCGACCTTAATTATGAGATGAGCTAATGCTTTACTGACTTAACC,34.489518319682716,5.108086075160248
6259,ENST00000556492.5,ENSG00000139977.13,NAA30,57390544,57415917,5.917369079441964,7644,6465.85,362.208,1.2621,AAACTTTACCCGGCCTAACAGCTGAGGCGCTTTACGGCGACGGCGGCTGAGTGAGAACCTTGGCGGCTGTGGAGGCTGCCGCGGCTGCGAAGGAGGCGGCGGCGGTGGCGGAGGAAGAGGAGTGGCGGCAGCGGCGGCGGGGACCCGTGCGGGG,4.688510482086969,2.2291296580452897
6260,ENST00000254286.8,ENSG00000131966.13,ACTR10,58200080,58235636,80.37861901395414,2419,2020.19,107.216,1.19572,GCCCCGGCCCCGCCCCGCGAGCGCCGAGACTTGTTGGCCGCGGAGACTGCGACCCTCTTCTCTCAGTCTGCCTTACTACC,67.22194076703086,6.07086029023414
6261,ENST00000216455.8,ENSG00000100567.12,PSMA3,58244831,58272012,482.1372883447909,970,597.268,1086.81,40.9965,AGCGGGCCTGTTACTAGTTTGCGGCATCCTGTGGTATAGGGGAAGCGCTCCGGGCCTGGAATCCCTACGCGTCCCTTTGGGTTTAGCACG,11.760449998043514,3.5558713589328175
6262,ENST00000355431.7,ENSG00000032219.18,ARID4A,58298385,58373887,3.506619743865465,5891,4381.27,365.307,1.87853,TAAGTGGAAGATGTCCTACCTGCTGTTTTTCTCACCAATCCATGAAGTTTCACAGCTACATCCAATGAGGACGGCAGGTAGCGAGGTCCTATCCGAAGCTCTTCGGCGTCATGAGCAGCCAATAGGAGTTCGTGTAGAAGCGAGTCTGCTCAACAGCTTGTTATTTGGTGGATTGTGGCAGTAAATCGGGGCGAGTGGGGAACCCGGCGCAGGAACTGCAGCCGCGGCTGGGAGTGGTGCTGCCCGGACGGGGGCCCACGGAGGTCAGAGGGGAGGAGGACTCTGGAGCTGACAGCGCGCACTTCACCCGCAGTTGTTCTAGCGACTGCGAAGATAGCTCGCTGAGCTGGAACCCCACAGATCACCAACAAAA,1.8666828551396384,0.9004768380178737
6263,ENST00000425728.6,ENSG00000050130.17,JKAMP,59484443,59505410,29.532270428219668,1636,1262.05,184.893,3.3007,CCGCCGAGCTCGCTGTGGCCCGGATGTTCGGTGCAGCTGCCAGATCCGCTGATCTAGTGCTTCTCGAAAAAAACCTTCAGGCGGCCC,8.947274950228639,3.161448351156624
6264,ENST00000406854.5,ENSG00000126773.12,PCNX4,60091911,60169133,3.608443705636808,4666,4074.06,270.19,1.49418,TCTTGCGTAAAGGCCCGGCCCAAGGGAACGTTCAGGGCGTCTCGGCTTTCCCCGCTGCTGCTTCTGCTAGGCCCAGTGCGAGACCAGAGCACGAGCGACTCCCGTCGTCCCCGGCCAGGCAGATGTTGGCCTAGTCCTGGCGCGAACGAAGCGCGCTATTTCCCTGCTTCCTCTAGGCCAAGCCTGCTTTACGGCAGGGCCCGCCTCGGGAGCGAGCACAGACCGGGGCAGCGAGGCCAGCCAGGCGCCGACGAGGTCCCCGAACGCGCACGCGCTCCGTTCAGCTCCGGGTGGCGGCCGCCGGAGTAGACGTTAGCCATGGAAACCGAGAGCTGGCCCGGGCGGGGCCGCGGTGAGCTCGTTATTCGGCCGCCGCAGCTTTTCTGCCTCCGCATTCGGGCACTAACCAACCTCCCGGCGGGAGCGCCCAGCCCGAGTTTACCTGCAAAAATGCGGTCCCTGGGATGCCTTCGCGTCTTCTCTTCCCTCGGGTGACTTGAGAAACTGCTGTGTTACAGAAAAGCATGTGACTTTCAGAATAATCCCGAGTGAGG,2.4149993345091003,1.2720227915038835
6265,ENST00000261245.8,ENSG00000020426.10,MNAT1,60734742,61083733,82.95178633038576,2635,1865.56,124.923,1.50867,AGCGCCTGTTGGTAGGAACCTGCTTGGTCGCGTCTGAGGGGGCTTGTAGGTGGCTCTGGCTGAAACAGGCGCCTGCGAGAGTCTGTAGGAGGGAAACCGCC,54.983386910580684,5.7809238727568015
6266,ENST00000337138.8,ENSG00000100644.16,HIF1A,61695513,61796428,52.0730654797563,3919,3033.29,776.527,5.76772,GACAGGAGGATCACCCTCTTCGTCGCTTCGGCCAGTGTGTCGGGCTGGGCCCTGACAAGCCACCTGAGGAGAGGCTCGGAGCCGGGCCCGGACCCCGGCGATTGCCGCCCGCTTCTCTCTAGTCTCACGAGGGGTTTCCCGCCTCGCACCCCCACCTCTGGACTTGCCTTTCCTTCTCTTCTCCGCGTGTGGAGGGAGCCAGCGCTTAGGCCGGAGCGAGCCTGGGGGCCGCCCGCCGTGAAGACATCGCGGGGACCGATTCACC,9.028362243617288,3.1744643047266776
6268,ENST00000216294.4,ENSG00000023608.4,SNAPC1,61695513,61796428,14.713243952525412,2656,1903.21,262.333,3.10548,ACGCCGTAGGGGGCGGGCCGTTCGGGCTTGGTTTCCTGGGCGACCACCGCTGGCTAGTCCGTTAGAGGCGTGCGGGCTTCGGAGGCGTGCGGGCTTCGGGTGCC,4.737832461495618,2.2442271831195155
6269,ENST00000358025.7,ENSG00000054654.15,SYNE2,63852983,64226433,2.860146753791437,21842,20154.2,1421.38,1.58894,GCCAAGGAGCGGAGCGCGCTCAGCTGCGCCCAGAGCCTTCGGCCGGACCTGAAAAAGCGAGAGGGAGAGCGAGCAAAAGGCGCGATCCAGAGAGCCAGGCAAGCGGGGCGCCGACCTCGGGCGGCCCCGGCCCGCGCCCTTGCCCCTCGGCCGGGCGGACGTTCACTTCTTCAACTGAGATGGACATGATATAATCTCCATTGAGTCAAAGA,1.8000344593196955,0.8480245253403813
6271,ENST00000216605.12,ENSG00000100714.15,MTHFD1,64388031,64463457,146.29161491483546,3136,3172.6,4827.99,34.2857,GTTGTCCTGCTTGGCTGCGGAGGGAGTGGAACCTCGATATTGGTGGTGTCCATCGTGGGCAGCGGACTAATAAAGGCC,4.266840546199595,2.0931681973669005
6272,ENST00000554015.5,ENSG00000126804.13,ZBTB1,64503712,64533690,16.53755196794085,2825,2283.46,400.502,3.95161,TAGGGACAAGCCTGAGCGTCACAGGCTCCCCACAAACAACCGCGTGACCCGGGGACTTTCCCCAGGGTGTGCAAAAGCACAGGCACCCCCTCAGTTCTGGGGTGAAGCACAGTCCCTGGCAGAGCCAGAGCCTCTCCGCGCAGCCCAGCCCGAGCGCCGAGCGCCGCGCGCCGCCGCCACTGCAGCTCGCGGCCCCTTCGCCTTCGCCCGCCTTTCCCGCGGCTGATTTGCCTTAAACTCCCTAAAATCTCCGCAGCTCTGGTTCCTGTTGCGGCCGTGCCCTCTGGTGGTCAGAAGATGCTGTGCTGTCTCGTTAGGATGAATGGATTAAAATGTACTTTTCCTCCTCTGCTTCTGGAGAGGGAGAGAGGAATATTCCAGAAGCCACTGTGTTCCTTCTGCTTTCTGTGTGGGTCTCTAATTAACAGAAG,4.185016225776544,2.0652332162766887
6273,ENST00000607599.5,ENSG00000258289.8,CHURC1,64914361,65062652,29.21213382124536,3615,2738.87,295.586,2.4315,AGACTTCGGCTCGGTTCCCGAGACGGAATACCCAGGAGTCGAGTACTTGGGCGC,12.014038174478864,3.5866492480198553
6274,ENST00000246166.2,ENSG00000257365.7,FNTB,64914361,65062652,27.21876382854643,2834,3602.5,328.734,2.0559,GTAGACACCCTTGCGCTTCAGGACTCTACGCTCTTGCAGCAGCTCCTCTGCCCAATGGGGGGCGGCAGCATCTCAGTAACTCACTCGAAAGACGGGTAGGCGGGAGGAGACATTCGCGTTCAAAATCTTTTTGCCTCTATCCGCTCGCCGTAGCGCTTTAGCCCGCTCGAGTTTCAATGCGCGTTGTTGCTTAACGAAGCAGAGTCCTACACACTGTCTGCTGCTCTCCTGATC,13.239342297070106,3.7267595487300946
6275,ENST00000478722.5,ENSG00000171723.15,GPHN,66507407,67181803,23.96969697279369,4297,5177.91,356.007,1.54905,AGCAGCGCTCATGGCGAAGAGGCTTAAGGCCACAAAACCGTGGGACAGCAGGAGGAAGAGAAGCCAGGTATCTCCACTCCAGCTGCCCTGCCTCAGACTCCTCAGTTTCGCACGTGAGGATCGTCTTGCAGGCACTGACTGGAGATGGAATCCTAAAGCATAGGTGAAGCGGAAATCCTCCTTCAGGGAGAGCCCACTGAGGAAGCCAGCGGCTAGCACGAGGCAGGACAGGATACCTCCCTCTTCGCCCACGGCGGCCTCTCTGTCATAGTAGCCACCGTTCTGCCACTCATGCAGCTTTCTAAGACACCTCTCGGTTCCCCAGCGCTTTCAGTGGGGCGGCCGGCCATTCCCGAGGGTTGCAAGAGGAGGCCCGGGGTGCTGAGCCAGCCTCGCTGCCCCCGCGTAGAAAGCCGGCCCGCCGGCGAGAGCCAGCCTAAGGCGCGGACAACCAACGAGGTGTCAGGCTCGGCAGGGGATTGCTTCTGTCTGGGGCCCGGCCGAGGTTGCGTTCGTGCCTCGCGCGCACACGCTCCGCGTTCACTCAGCCAATCCGGTGCTACTCGCGCGCCCAGGAGCGATCCGCGGTCCTACTCAGGCTGGGCCGGCTCCTTCCCGCTCCCAATACTCAGCACCCGAGCTCTCACTCCTCCCCTCACTCTCCACGAGTTCCACGCCTAGGGGTGTAGCTCCGCCCTTGTCCCCGAGTCCGCCCCCGCAACCTCCAGAGCGTGTGCTATCCTTTCCTCTCAGTCCTGCCATCTAGCTGCCTTGGGTCTCGCGCTCCGCAGAGCGTTCCGACACTCTCCGGCCTCGTTCTGCCGCCTCCGCGCGCTCTCCCCGTGCGGCCACCGCGCCCCCCAAGCTTGCCTCCTTCTTGCCGGACTTGGGGCCGCGCGCCCTGACTCCTTCCCCTCCCGCGGACCCGCGCACTCCCGGCGCGGCCTCTCCCCCACGCAGGCCACCGTGCACTCTGTGGCCTCCCCCTCCTTCCCCGCTCTCCTCGCGCTTCTCTGGCTCCCTAGCTGTCGCGCTCTCCTCGGCGAGCGCGCTCCCGGCCCGCGCGCTCCGGGCTCCGGTTTCTCCCGGCTCCTGTCAGTGCGGTGACTGCGCTGGGAAAC,15.473804572346722,3.951756053330858
6276,ENST00000256383.8,ENSG00000134001.12,EIF2S1,67359997,67386516,234.94290325493856,4485,3880.09,1942.95,11.2819,GCGCAATACGCGGCACGCGCCAGGCCAAAGACTAGGAGCGAAGCGTGCACGCCTTGTCTTTCTCCACCTTTCGTCTTTGGTCACAGCGCCATCTCATGGTTAGCTGAAACTTTGAAAGAGGATTCATTCTTCAGAGGCAAGGAATCGGAGTCCTATGTCTTTCTCGCGCCTTGAAGGTTACTTAGCTAAAGCTAAGATAGCGAGAAACAGTACTTTTCAGGTCCTTCCATGATCTACATTCGTCCTTGTTCTCGGAGGACCCAGACTCTATGGTTAATGATGAAGAGGGGCCTCTATTCGTTCAGCGCTTGCGCATGCGAGGAGGTTCCGCATGCGCGGTGGAGTGAGCGAAGCGCACGCTGAGGAGGATCGGCGGCCGGTGAGGGGGAAGCAAGTCTGGTCTCTGTGATTGAAGAAGTCGGCTCTGGGCTCCAGTGCGGGAATCACACACATACCTCAGA,20.824763847839332,4.380228230455001
6277,ENST00000261783.3,ENSG00000081181.7,ARG2,67619798,67651720,65.30409796961015,2045,1998.26,594.772,6.70595,GCGAAGAAGGTGTGCCGGGGGCTGGTTGGAGGCGCGGGCGGCGGGGCCAATGTGGCGGTGACGTCACGGGGCGGGCGGACGCTGGCGCGGGTAGGTAAGAGCAGCGGCGGGCGGTGGCGCTCACTCCCGGCTTCCAACCGCGCGGAGCCTCTGCCTTGGAGATTCTCAGTGCTGCGGATC,9.738232162424438,3.2836598953067586
6278,ENST00000031146.8,ENSG00000029364.11,SLC39A9,69398015,69462388,2.3223873500868977,5192,5090.99,1045.69,4.62766,GAAGAGATGCCACTTGGCGGCCATGGCAGCTGTAGTATCGGCGACTCCGGGTCAAGGCCCGGTCGAGTGCAGTACCATGGGCAGCACCGGGTATAGGGCAGAGACAGCTTTGTGTCAACTTTGCTGCTGAACCCCTAGGACCCATCGTTAGAGACCTGCAGGACTCCTTTCCTCATCCCAGGCTCGGAGGAGAGTTTGCTGGGACTGGTGGGCTGGTTTCCTGCTCTGGGGGGCGGATCACCTTCGGGGCCGCCTCTTGGAGACAGGGGCGCCTAGGGAACGAACAGGTTCGCTTGAGTCACTTACCCGCCGCCGCCTAAGACATTGTGCCACCCTCAATCCGACAATCGAAGAAATCGATCATTCGCACATTTTCCCCATTGACTTTTCCCATCTCTGTTAACCCACGAGAATCTAATGACTGGCATCTGAGAACCCAGAGCCTGGGACCTTAGATTGCTGTAAGCTTTCTCTGGTGCTAATATCAGCAAAAAGGGTCTGTTGCCGGGTACGTTCAAGAGGAAGGTGCCTCGTGAACACATCTGCTGGTGGGAAGGCCTAAAGAACTGGAAAGCCCACTCTCTTGGAACCACCACACCTGTTTAAAGAACCTAAGCACCATTTAAAGCCACTGGAAATTTGTTGTCTAGTGGTTGTGGGTGAATAAAGGAGGGCAGA,0.5018491743314976,-0.994674252900083
6280,ENST00000361956.7,ENSG00000198732.10,SMOC1,69854131,70032366,39.619444089881775,2040,2912.94,193.805,1.49898,AGGCGTCCAACCTGCTGCCGCCTGGGCCCCGCCGAGCGGAGCTAGCGCCGCGCGCAGAGCACACGCTCGCGCTCCAGCTCCCCTCCTGCGCGGTTCATGACTGTGTCCCCTGACCGCAGCCTCTGCGAGCCCCCGCCGCAGGACCACGGCCCGCTCCCCGCCGCCGCGAGGGCCCCGAGCGAAGGAAGGAAGGGAGGCGCGCTGTGCGCCCCGCGGAGCCCGCGAACCCCGCTCGCTGCCGGCTGCCCAGCCTGGCTGGCACC,26.430935762906625,4.7241555980585375
6282,ENST00000304743.6,ENSG00000100731.15,PCNX1,70907405,71115382,3.747124752996199,12919,11863.2,1097.71,2.08472,GAGGAGGAGCTGGAGGGGGCGCGGCTTCCTCTCGGTCGCTCCCTGGCGCCGGGCCTCTTTCTCTGCCTGGCCCAGGGCTGGCGGCCGGCGGGGGTCGCGGCGGCGGCAGTGGGGGCGCTGGCGGGCCGCGGGTGGCGGGGGCCGGGCCGCGGCTCCGGGTGTTAGGAGACAAGATGGCGGCGGCTCTCAGAAGGCCGGTCTCCTCCTCTCCGCCGTCCTCCGCCCCGCCGCTCGCCGCCTCCTCCTCTCGGGTCTCCTCCTCCTCGTTTGCTGCCTCCTCCTCCTCCTGCAGCAGCACCAGCGACCGCCGAAGCGCCGGCTCGCTCACCCGGAGCTCCGGAGGTGGATAGACGGGGCAGCTGCAGGCTCCGGCGACCGAGGCCGAGCTGGGGCCGGGGCGGGGACGGCGGCGGCGGCGGCGGCGACGGCGGCGGCGCCGGGTGGGG,1.797423516345696,0.8459303826610239
6283,ENST00000261973.11,ENSG00000119707.13,RBM25,73058436,73123898,59.19929540113733,6910,5764.71,753.222,2.94379,TGGTGAGTCAGAGCCAACAGCGGAGACGATCTATATACGTTCTTCTCTATGGTTCCGCGCTCCCCGCCCCCGGCCGCAGTGCACGCCGGGCAAGAGGAAGACCTCCATCAGCTCGCCGCGCAGCGCGGCTGTATTTGCGGCCTGTGCGAGTAGGCGCTTGGGCACTCAGTCTCCCTGGCGAGCGACGGGCAGAAATCTCGAACCAGTGGAGCGCACTCGTAACCTGGATCCCAGAAGGTCGCGAAGGCAGTACCGTTTCCTCAGCGGCGGACTGCTGCAGTAAGA,20.109890787432978,4.329833341580021
6284,ENST00000357710.8,ENSG00000080815.18,PSEN1,73136418,73223691,33.95339807301023,2776,2823.79,452.054,3.60679,CGGTGAGGGTTCTCGGGCGGGGCCTGGGACAGGCAGCTCCGGGGTCCGCGGTTTCACATCGGAAACAAAACAGCGGCTGGTCTGGAAGGAACCTGAGCTACGAGCCGCGGCGGCAGCGGGGCGGCGGGGAAGCGTATACCTAATCTGGGAGCCTGCAAGTGACAACAGCCTTTGCGGTCCTTAGACAGCTTGGCCTGGAGGAGAACACATGAAAGAAAGAACCTCAAGAGGCTTTGTTTTCTGTGAAACAGTATTTCTATACAGTTGCTCCA,9.413744097385827,3.2347686354309926
6285,ENST00000304061.7,ENSG00000170468.7,C14orf169,73490964,73493392,33.153786311688464,2429,3046.25,607.0,4.48936,CGCTTTAGCTTCGCCCCCGGCCGGCCGGGCGGGGAAGACTGGTGTGGTCTGGCC,7.384969419179675,2.8845919468683077
6286,ENST00000238651.9,ENSG00000119673.14,ACOT2,73567620,73575658,10.70536793429425,1774,2329.77,141.393,1.36734,AAAGCAAACCTAGGAAGTAGCTTTCCAACATAAAGTGGAGGTTTCAACACAGGAGACTTTAAGCAAGTTCCAGTGTGTCTATATTTGGTCTGGCTGATCGGCTGGACTCTGGCCTTCCCCGCTCACGTTAGCAGACAGCTCTGCCCTAGTGGGCGCTTAGCCTGCGACGGCAGCCCGAGAGG,7.829338667993513,2.9688904504664193
6288,ENST00000555044.5,ENSG00000119725.17,ZNF410,73851844,73932511,20.19995607049412,2601,2461.0,155.075,1.41969,AATTCGGGACCGACTGACGGCCGGCCGGCTTCCCGGAACTGGAAGGTTACATTGATTACCCACCTAGTACAACATCTTACGGGAAGAGCATAGTATTTCCTAGAGGAATATGAACATAACAGGAAGGTATCATTGGCTCTGAATTAAATTTGAACTTGTCCCCTGAATAGCTACAGGTTTTGGAAGCTGAATCA,14.228427382382156,3.830704309596769
6289,ENST00000555028.5,ENSG00000205659.10,LIN52,74084796,74201235,33.38596407763463,2776,2535.15,290.625,2.5828,AACATCCGCGTAAGGGGCGTGGCTATACTTAGGGGCGGGGCTAGGCAAAGATTGCCCTATGAGGCGAGGGAATGAGACTGGGCTGCGAGTTGGGGATAGGGTTTCTCTTTGGGGGCGTGGCTTATGGAACCTCGTTTTCCCGCCGACGGTTGGCCACGTCACGTGAC,12.92626764659851,3.6922338638441357
6290,ENST00000556816.5,ENSG00000165898.13,ISCA2,74493720,74497106,48.44678099569878,2626,2235.54,163.598,1.64876,CGAGGCCCCGGGTGAGAAACGGGGGAGACGCGAGGGGCGGAGCTTGTGGAGGAAG,29.38376779864794,4.8769474954072125
6291,ENST00000341162.8,ENSG00000119616.11,FCF1,74713144,74738620,50.80846492472323,4341,4131.48,447.291,2.4392,GTAGAAGTATTGCGCCGTTGGTGATTACGGAAGAACCAGGAGTTTGGCGTGACC,20.829970861234514,4.380588916100686
6292,ENST00000325680.11,ENSG00000119596.17,YLPM1,74763366,74859435,13.683350678381784,7108,8371.49,2082.08,5.60345,GTTTACACGCTCCGGGGCCTGTAGGCGCCGCGAGTTCCGGCTGTCGCCGTCGCCGCCGCGGCTCCTGGAGGTCGGTTGCGACGAGTAACGGCGCCAGGACGAGCCCTGCGCCTTCTTTTTCGAT,2.441951062003192,1.2880342882398295
6293,ENST00000334220.8,ENSG00000119689.14,DLST,74881891,74903745,23.945494509387096,2838,3602.9,1288.58,8.05788,ACTTCCGGTTGTTGTCCGGCCCTATATCCGGTGTCCGCCCGCCCTCGGCTCCTCCGCCGTG,2.9716866606833428,1.571282003861027
6294,ENST00000266126.9,ENSG00000119718.10,EIF2B2,75002911,75012366,67.034460201563,4314,4509.59,409.087,2.04381,CGCCCGCCCCGGAAGTGCAAACTGTGTGGTCTGGCAGGTGTGGATTCCGCCGGTGAAGGCTGAAGGCAGCTACCTTAAAG,32.79877297868343,5.0355699386733885
6295,ENST00000298832.13,ENSG00000119685.19,TTLL5,75578617,76084585,3.5179259374716687,4683,4949.16,523.835,2.38465,GGGAAGCAGCCGTCGGCGGCTGCCCTGAGCCTTCCTGGGGAAGGAGGAGGGAGGTAGGCGCAGAGCGCGGTCCACGCCTGCTCGCCCCGAACCATGGGAAGATGAGACAGGAATCTGTGCCATCCAAATTGCTTGATCCAGTGAATCTGCTAGGAAAGGTCTCTGAGGCCCCCGTCTGCTGACTGCATGACAAACCCTAAAGGAA,1.4752378493580478,0.5609475757800135
6296,ENST00000314067.10,ENSG00000119650.12,IFT43,75578617,76084585,35.16328544203481,833,665.215,117.756,3.98826,GGTTTCCAGGAAGTGACGTCAGGCGGCCGCGGAG,8.816698370225314,3.14023850423533
6297,ENST00000261530.11,ENSG00000089916.17,GPATCH2L,76151916,76263474,11.999874374811968,14007,13384.1,700.618,1.17938,CGGCGGTGAGAGTCGGCCCAAAAAGCGGCGGCCGTTGGAGGTGGCTGCGGCAGCTGATGTGGCCTC,10.174731108558706,3.346918763238854
6298,ENST00000167106.8,ENSG00000071246.10,VASH1,76762189,76783015,1.9169960046824133,5728,8476.18,440.621,1.17119,GCTCCCGGCCAGCTGCGAGTCTTGGCTCCCGGACTTGTCTCGTCGCGTCGGAGAAATCGCCCCCCAGCGCCGCTCTCCCGCCCGGGGGTCTTGGTTCCGAGCTCGCGCGGCCGGGAGTCGCCTCGGTCTTCCTTGGGGCGCGCGCAGATGTGAGCGTGCGAGAGTTGTGTAGGGGATTTTGTTCCCTCCGAAACTGAGACCCAGGGCGCCCAGTGGGCACCCGTGCCTTGACTCTGTCCTTTCTGCAGCCGCTGGTCCGAGCTGTCTGGCCTCAGTTTCCCTCCGACTTTTCTCCGCTCTGCCAGCCCTCACTGCTGCCCGTCATTGTTCTCGCAGTTAGATGGGGGTGCTTTGTGACGGCTGCCAAGTTGGGGTGTGTTCTCTTTATTCCGTTTTTCAAACAGAACAAGGCCTCCAAGGCTGACCCCAGACAACCCACCCCCTCGGACCCTAATTCACCTTATTGCACTGATTTTTTTTATCAAGTCGTATTTTATTGTACAGGAGCCACGCCCTGATTTCTTAAAGGCGCCTTGCACTCTGGCCATGTGTTATCTCTGCAGCCGGTGTGTGGGAGGCCTCTTGTGAGCCAGTTGTTTTCCCGCCTCCACCACCCCCCTCGAAGATTTAGGG,1.6367933509357264,0.7108721896194266
6299,ENST00000361786.6,ENSG00000198894.7,CIPC,77098097,77259495,8.911241790533548,4486,4662.54,343.161,1.6582,CTTCCGGCGGGGGCGGGGAAAGGGCGCATTTCCAAGGGCCCTTCTAGGAGAACAGCGTGCGGTCTCCATGGTGCCGGGTCATCCGAGTCGGGTCACGTGGCTGGCGAAAGCCGTCGCGGAGGCGTGGGGAGGAGAAATGGGCGGGAGGCTGTGGGGATAGCGAGACACCCAGCGACGACGAGGTTGTCATGGTGCCGCGGGGCCGTGCTCGCGCATGCGCCACCTGACCCACAGGCCGGTCGTGGAGCTGCGACCCCGGCCCTAGGGCAGTCCAGATGAAAAGAGTACCAATGAATCTGCCTCCAGCTGAATAAACC,5.374045224058346,2.426008462074968
6300,ENST00000216465.9,ENSG00000100577.18,GSTZ1,77320884,77331597,42.31563034763421,1338,1607.05,106.549,1.49377,AGAGCATGTCGGGACCGGGAGGGCCGGCCGGCCCGGGGCGGGGGGGACTGGGCAGGAGGGGTCGGGCTCAGGGAACTGCAACTCCCAGCAGCCCCCAGGTACGGGGCGTGGCGGGAGAGCTGGGCGAGCCAGAGGCGACCGGAAGGATCTTTCTAGTCCAGCCCCTCGCTTTACCCGGACGAAAGACACGGGCCTGATTCGTCGAGTCTCACTGAGCCTTAGTCGTCGGCAGGTCCCAGGCGCGAAGTTTCTCGGCCTGGAGGAGGGGGTCGCGCGAAGTGCCAG,28.328076174802153,4.824160723171838
6301,ENST00000216471.4,ENSG00000100583.4,SAMD15,77376689,77391497,1.0158515459010264,2564,2453.96,114.671,1.0528,ACAGCCGAGCGCAGCCTGCAGGCCGGAAGAAGCGGCGCGGCGGCCGCTTGAAAAGCTAGCTGACCCAGGGGCGGCCACAGGAGCTCTGGCCCGCTGAGGCTGGCGATGAGGCCGCAGGGAGGGTTACTGCGTGCTTGTGACAGACGATTTTTAAAGTCAGGGCTTGAAAGAACAAACAAAACCTGGGGAAGAGTCAGGAAGACACTGCCGGAAATCGTGGTATCCATAGAGACGCTATCGGAAGTTGGGGTTGCTAGGAAGCCGCGGCGCGTCTGCTAAGCTGCAA,0.9649045838725555,-0.051541808651562
6302,ENST00000216479.7,ENSG00000100591.7,AHSA1,77457870,77469474,181.84688133193703,1402,1339.4,1020.27,17.1619,GGAAGTTAAGGAGGGGAGGGGGTGGAGGGAAAAGCAAGCCAGGAGGTGCTTGCGGCCGCTTCTAGTAGTTTCCAGGCGCTGCCGGGCGGCTGGCACTAAGCGGTCCTGAGGCTGTGGCTACGGCTGCTCCGGAGCTGGTGGCGCCGCGATAGGAGAGCCG,10.59596439391542,3.4054429957641643
6304,ENST00000557342.5,ENSG00000119705.9,SLIRP,77708071,77769742,872.8675015731102,408,193.106,1030.28,120.204,GGGGCCGCGACCTCGGCTCGAGAAGGTGCTTTAGTCTGAAG,7.261551209386628,2.8602777690254997
6305,ENST00000557594.5,ENSG00000021645.18,NRXN3,78170373,79868290,69.44942171296871,3381,4087.41,188.364,1.03827,ATATGACTTGCCCATTTGTGAATTTGGCTCCCCAACTCCTCGCTTCACTTCACCTGTGCCTCCCTGGTCCGCGCACTTCGCAGGCGCCCGCCCGCCTCTCGGCCACCTCTGCAGCCTGCCAGGCACCTCCTCTTGCGCTCTCGCTGATTTCGCCCACCCACCTCCCTCCACCCCGTGCCACGTTGGTTTGGGTGGCTGCTCCGCACCGGGTTCCTCCTCCTCTCCTCTTTCCCTCCAGTCCTTCTTATTCTCTTCCTCTGGCTGCGGTGGCTGCTGCTGCTGCTGGTTTTCATCCAGTTGGGAAACCCAGGAAGCCGGCGGCTGCTCCGTGGCGCTAGTCCAGCACGCCCAGGGTTAAAAGCCTCGCGCCCTTCCGCGGAGACTCCCAGGAACACCCGAAGAACTCTTCCACCTGCAGCCCCCTTTTGCCTGGCAGTTCTGCATTGCATCTCATGGAAGTGGAAACAGGAAAATAAAAATGTTCAAACTCCTTGGATGTTGGGATAAACTCACCTGAACCCACTTGGGTTCGGGCTGCCTCCTTCTCTTCCTTCATTGCCACCTTTCCTCTGTGTGGCTCCCGGGAGTGTGCGGTTAAGTCATCAGACTCGAAGTGCCTAGAGATCCGGAGGAAGCCGCGCCGGTCTTCCCCTGACATGCGTGGCATGCCGGGGCTCCGTAGGAGGTTTGCTATACCTGGGAGGACCCTGGCATTCTAAATTTCAGCTCCGGGAAAGAGAAGGGGCTTTTTGCCTTTTATCTTTTTTTTTTCTTTCTTTAAGTAGTAATTTTTTAACTGATTCATTGTTTGGAAAGCGCATATTGCTTCCCTCTTCCCCGAATTCTGGCAACTCTTCCTCCTGCTATGATGGGCCCTTGGGCATCATGAACTTCATTACTCCTCACTGGCTGGAATTCAAACTGCCCATCTGTAGTGGTCCCGTGCGTTGACC,66.88955831620746,6.063709113808685
6308,ENST00000556945.5,ENSG00000100722.18,ZC3H14,88562909,88627596,3.3229926298995403,2075,1851.6,368.208,4.48031,GTGCGCGGCCGGGGGCGGAACGGAGGAGGAGGCGGTGGTGTCCCGGCTGCGGGGTAGGAGTCCGCGGCAGCCTCCGGGTAAGCCAAGCGCCGCGCAGTGCTGAGTTCCCGCACGCCGCAGAGCC,0.7416881041489406,-0.43111546490854874
6309,ENST00000393454.6,ENSG00000042088.13,TDP1,89954939,90044768,33.971173461667426,2068,2032.54,427.208,4.73546,ATCCGAGGCAAGCGTTGGTTCTGTGCGCCTCAGGAGTATA,7.1737853263816875,2.842734573675912
6310,ENST00000356978.8,ENSG00000198668.10,CALM1,90396502,90408261,837.571706532721,4242,4214.25,2128.55,11.3796,GATACGGCGCACCATATATATATCGCGGGGCGCAGACTCGCGCTCCGGCAGTGGTGCTGGGAGTGTCGTGGACGCCGTGCCGTTACTCGTAGTCAGGCGGCGGCGCAGGCGGCGGCGGCGGCATAGCGCACAGCGCGCCTTAGCAGCAGCAGCAGCAGCAGCGGCATCGGAGGTACCCCCGCCGTCGCAGCCCCCGCGCTGGTGCAGCCACCCTCGCTCCCTCTGCTCTTCCTCCCTTCGCTCGCACC,73.60291280297383,6.201690956322538
6311,ENST00000298875.8,ENSG00000165934.12,CPSF2,92121937,92172145,70.53506861693847,13035,11370.7,2108.63,4.17805,TGGTCTCGCCCTGGTTCCTCCTCGTCTCCGCCGCTAGTCTCCAGCTCCAAAATGGCGGCTGCCACTGTGGGGCTTCTGCCGGCCGGTAGTCCCTGGCGCTGCTGACCCAGCATCGGCTTTTCTACGTCTTGAACCTGGATTCGCCTAGGGGTTGGGAAGGGCTGTGGACGGCGTTGGGGGAGGCCTGACGAGATTAATAAAGAACTCTTCAGAATTCCTGGTGTTTCATCATATATACGACTAAGATATCAACTCTTCTAGCTTGCTGTTTCTGGACCAAAAAAA,16.882294040745915,4.07743905203293
6312,ENST00000163416.6,ENSG00000066455.12,GOLGA5,92794231,92839963,18.407598012875564,2969,2518.0,1024.76,9.16916,AGTCGCCTGCAGGTGGCTGTTCGCGTCTCCCTGCCGTGCAGGCAGCTCGAAAGCCACTCTGTTGTGGGGTCCTCGCTTCCCTTCCACGTCTCCCGGAAGCGGTAGCAGGGCCCCGGCGGGTCGGGGAGGAGGTTTACTCAGCTTGGGCCCCCTCCGGGCCAGCCGCCGAGGGGGCGCGGCCCAGGACGGCGGCTAGGCCGTAGTGCAGCCTCTCCGGAGTCCTCAGGTTTGCCAATAGGATTATCCTGCTGCCATC,2.0075555462960146,1.0054399056789078
6313,ENST00000013070.10,ENSG00000012963.14,UBR7,93184951,93229215,91.15501811811964,3694,3735.26,1926.09,11.6176,AGAACACGACACCGGGAAGCGCCACCCGGAGGCGGAAATCAGCCCGCGTCCGGCGCAGGCGGGAGAAGGGAGAGGAGTGACATCCGTTTGTCGGAAGTCGCTCCTCCCCCTTCCTTCGCTTTTTTTCCTTGTCATTGGTTCCTGGCACTCGGGCCCCACCTCCTCCGGCTACGCCCCTCACGGCCGCTTTTCCCGCCTCCGCCGGGGCCGAGCCGCTGTTCGGCTGACAGTTGAGG,7.846286506517667,2.972010016269656
6314,ENST00000304338.7,ENSG00000119698.11,PPP4R4,94146128,94279735,1.9243911817960524,3868,2823.13,184.262,1.4705,GGGCCGTGCTCTTGCTCCCGCCGCCTGGCAGCCTCACGCTCGGCTCCAGCGGCCAAGAGCCGGAGAAAGTCCTGCTGGTGGGCGGCCGCGGGGCTGAGGGCGTCCGGCATCCCGGGGCCGCTCCGGCCCGGGCGGCGAGAGTGCCCGGCGGTCC,1.3086645234927252,0.3880953094118003
6315,ENST00000331334.4,ENSG00000182512.4,GLRX5,95533503,95544724,100.30677494509128,1564,1662.64,877.963,11.8971,CGCATTGCCATGGCAATTCAACCGCCGCTGACACCGGAACCGGAAACTTCATCAGGAGGTGACCCCTTCCCGGCGTTCCGCGGAACGGGCGAGTCCCGCGCCTCTCCCAGTTGTCTCGGCGTAGTCCAGCTGGCCTCATTGGCTCACAGGAGGAAAGTCGTCTTCCCTCTTGTTTTGCCTCTCGTTGCCCTGCAAGCGTGACCCTGATGGACATCCAGTCTCTCCAATTAACTAACAAAGCGGTTGCCGACGACCAATAGTAAGGCAGTAGGATGAGGCTCCGGCATAAGGCCCACCTCCTACCTGCCGGGCGGGACGAGCAACATGATTGGTGGAATCGAGTAATTACTGATCAGTATTGTCCAATCACGGAGGGCAGTTTAGAGCCGGCCCAATGAGGGCCTCCAGGGGGCGGGTCGGACTGCCGCGGGCCGGGGAGCGCTCTGGGTGGCCAGCTGTGGGCCCGGGCCGTCGTGGGCTCCGGCTTGCGTGCGGAG,8.431195412755317,3.075737197452794
6316,ENST00000216277.12,ENSG00000090060.17,PAPOLA,96501433,96567111,80.72750953328111,4519,3563.61,7291.84,46.1009,AGCAGTTCTAGAACGTTGCTGTGGTAGCGCTCGGGCGCCATGTTAGGACGAAGGGGAAGGAGGAGAAGCGCTTAAAGCGGCGGGAGCGGTGCGGGAGAGGGGTTGGACCCAGGGCTGAGGCAGGCCCCCCCCTCCCTCCCGCCTCAGTGGATCATGCCCAGGGCGGCAGCGGCGGCGGTTGCGGGGGGGAAGTGACTGGGCGGTGCCGGCGCCGGAGACG,1.751104849000369,0.8082654690394405
6318,ENST00000216639.7,ENSG00000100749.7,VRK1,96797304,96945394,161.40608525968335,1745,1182.99,1420.03,27.0445,CCCGCCCCTCCTCGTCGCCTCCGAGCCAATGGGAAGGCTCCATACTGCAGGGTGCGAAGGGGCCGGCGCCGCTGCCGAGTTACGAGTCGGCGAAAGCGGCGGGAAGTTCGTACTGGGCAGAACGCGACGGGTCTGCGGCTTAGGTGAAA,5.968166734814226,2.5772878412448708
6319,ENST00000389879.9,ENSG00000090061.17,CCNK,99481169,99535044,48.601710237467,3524,4445.46,669.372,3.39244,GACATTCCATATACAAGATGGCCGCAGTCGGCAAGGAGAGACGTCGCTGAGGGGCTTGCCTGAAGCGAGGGGATTCTAACATTTTCAGAGAACCTTTTGGAAAGAACAAGCCTACTTCAATAA,14.326475998828867,3.8406118765567627
6320,ENST00000262233.10,ENSG00000066629.16,EML1,99737693,99942060,19.90047139368196,4535,4464.53,643.588,3.24784,ATGGTAACCGGCAGCAGCAGCCGCCACAGCAGGGCCGGCCCCAGCGCCAGCGCCGGTCGCGGTCGGGCTCAGCTCAGTGTGTGGTGAGCGGCGGCGGCGCGGCCGGGCCGGGGAGCGGGCGCGGCCCGGCGGCCTCAGC,6.127294261318895,2.6152501379402446
6321,ENST00000262238.8,ENSG00000100811.11,YY1,100238298,100282792,210.2544432949308,6697,7580.54,3876.15,11.5203,CGAGGCGAGGCGAGGCGGGGAGCCGAGACGAGCAGCGGCCGAGCGAGCGCGGGCGCGGGCGCACCGAGGCGAGGGAGGCGGGGAAGCCCCGCCGCCGCCGCGGCGCCCGCCCCTTCCCCCGCCGCCCGCCCCCTCTCCCCCCGCCCGCTCGCCGCCTTCCTCCCTCTGCCTTCCTTCCCCACGGCCGGCCGCCTCCTCGCCCGCCCGCCCGCAGCCGAGGAGCCGAGGCCGCCGCGGCCGTGGCGGCGGAGCCCTCAGCC,18.250778477551002,4.189886097606
6323,ENST00000350249.7,ENSG00000078304.19,PPP2R5C,101761798,101927989,28.66977831394539,3845,3486.67,207.768,1.34255,AGCTTCATGCCTGCTGACATCACGAACCAGCCAGTTCCCTCCAGCTGCAGAGAGCTTCAGTTTGTCTTTTTTTTTTTAAACTAAAATGGAGGCTGGTTTCTTGCCTTAAGGAGCCCATTGCCTTTCCCGCTGAAGTCTAG,21.354719238721383,4.416483025151798
6325,ENST00000360184.8,ENSG00000197102.10,DYNC1H1,101964528,102050792,29.816889485087295,14333,16631.6,9179.07,12.4344,CTGGCAGTGGCTGCCTTTAGGGCGGAGCCGGCTCCCGCTCTCCTCAGTCTGCGGTGGGCTAGCGGACGGTCCGGCTTCCGGCGGCCGTTTCTGTCTCTTGCTGGCTGTCTCGCTGAGTCGCGGCCGCCTTCTCATCGCTCCTGGAAGGTCCCGAGCGCGACACC,2.397935524439241,1.2617928681673602
6326,ENST00000342702.7,ENSG00000140153.17,WDR20,102139503,102224847,9.53833564395431,2391,2573.89,160.795,1.40749,ACTTAGGGCAGGATGAACGCTGCTTTCCAAG,6.776840790310632,2.760612878324312
6327,ENST00000262241.6,ENSG00000089902.9,RCOR1,102592661,102730576,37.60856005301636,5754,5665.24,992.0,3.94508,GTGAGGGCGGCGATGAGAGCGAAAGTTGCGCTCGGCTCGTCGCTGGGGGCTTGAAGCGGCTCCGCGCTCTGCCCGTTTGGGCCTCCCCCGACTCGGACTCGCGCCCGTGGGCTCCCGCCGCGCCCGCCCGGCCCCGCGCCGGCCCCGCGCCCCCTCCCCCGTCTCGGCGCCCCCTCCTCAGGAGCCGCGGGTCCCCGCCACTTTCGCACGGCCCCGGCCCCCGCCG,9.533028494483347,3.2529346086668633
6328,ENST00000560371.5,ENSG00000131323.14,TRAF3,102777476,102911500,6.421202339778426,7640,10332.8,1093.13,2.3835,CGAGGGAGCGCGGCGCGGCCGCCGCGTGCGCGAGCCGGGGTTGCAGCCCAGCCGGGACTTTCCAGCCGGCGGCAGCCGCGGCGGCCGCCGGCTCTTCCCCGCCCCCCGCCATGGGGCAGCCCGGGGAGCAGAACGCTGCGGACCGCGGCGGAGGACGCGCCCGGCGCCCCTGAGCCGGCCGAGCGGCGACGGACCGCGAGAACTCCTCTTTCCTAAA,2.6940223787616637,1.4297618350594503
6329,ENST00000216554.7,ENSG00000100664.10,EIF5,103333544,103345025,407.0927410231661,5945,5270.92,1267.26,5.4168,TCTGGGAAAGGCGGGGGGAGGGGAGAGGAAGGAAGCGAGACCGGGGCTGGAGGCGGGCCGAGGCCGCGAGTTGAGCCTCAGGAAGCAGAAGGGGCGCGGAAAGATGCGATTGACGTCGCAAGCGAACCAATGACGAGCGAGCTGTGGCAGGCCTCCAGCCAATGGGCAGTGAGGCCTGACGCGGGGGGCGGACGCTGGGGCCGAGGGTAGCTTGAGCGCGGCGGCGGCGTTGTTCAGTCAGAGCGAGAACATTCCAGAGGTCGCCCAGCTCCGGCGCTGACGGGTGTGGACCGCGGACGTCGCTGGGACAGCCCCTCCCCGCTGCTCGGCGGCGGCACCTGGCCCGGCCGCTCCTCGCTGCGCTTCGCCTCCGCCTCCTCGGACTCGGACTCGGGTTTATATCGCGCCTCACTTCATCCCAGTCCCGGGCGAGCAGCGTTGGGTTTATGTCTTTATTTGACGAAAACGAGCTGTTGCGCAGCCATTGGTACCTGTATTGGGGAAACATAGCATACAAGCAAGAAGCTTACAGCCTCAGTGGCGAAAATTTTTTCATGTCAGAGACCGAGAACTCTTGCAGTCGTTTATGTCATCCCTTCTTCTCCAGACAGAAGATACCAAAAAGTTGCAATCAAAGATCTCTTCATCTTATTGATAAAGCCACTAATAAGCCAAA,75.1537330200794,6.231772862046933
6332,ENST00000303622.13,ENSG00000075413.17,MARK3,103385392,103503831,6.792848767673732,3283,3260.19,197.228,1.36298,GCTCCATGGTCGGCGCCCACAGCCCGCGGCGGCCTGTCTTGCGCTCCACTTCCTTCACATCCTCCTCCGCCTCCTCGTTTTCAGGCGCCGCCGGCGGCGCTGTGTGGAGGCCCGCGAGCTGAAATTCGCGGTGCGACGGGAGGGAGTGGAGAAGGAGGTGAGGGGGCCCAGGATCGCGGGGCGCCCTGAGGCAAGGGGACGCCGGCGGGCCGAAGCGCAGCCCGCCGCCCGCAGGCTCGGCTCCGCCACTGCCGCCCTCCCGGTCTCCTCGCCTCGGCCGCCGAGGCAGGGAGAGAATGAGCCCCGGGACCCGCCGGGGGACGGCCCGGGCCAGGCCCGGGATCTAGACGGCCGTAGGGGGAAGGGAGCCGCCCTCCCCACGGCGCCTTTTCGGAACTGCCGTGGACTCGAGGACGCTGGTCGCCGGCCTCCTAGGGCTGTGCTGTTTTGTTTTGACCCTCGCATTGTGCAGAATTAAAGTGCAGTAAA,4.983821308950778,2.317252342576991
6335,ENST00000389749.8,ENSG00000166166.12,TRMT61A,103529184,103537073,55.12996773051915,3229,5331.41,688.0,2.90742,GGAGCCGGAAGTGTTGTGGCCGCCGCCGCCGCGCGTCGCGGAGGCACGTGTGGAGCCCCGGCAGCAGGAGCGTCGCAGGTCCTTGGCCCTTGCCAGACATTAGCACC,18.96181760135073,4.245025356527134
6336,ENST00000472726.2,ENSG00000256500.5,RP11-73M18.2,103561896,103714249,38.689448630698,2505,2365.8,331.24,3.15447,A,12.264960082263583,3.6164706333720265
6338,ENST00000311141.6,ENSG00000100711.13,ZFYVE21,103715730,103733668,21.002956262437586,1383,1395.6,198.881,3.21067,GCGGGGCCGCTGGCCGAGAGGCTGAGGCGGCGTC,6.541611645680679,2.7096461138258925
6339,ENST00000392634.8,ENSG00000203485.12,INF2,104689606,104722535,13.80682145383641,4672,7550.36,513.1,1.53108,GCCTTGCGGAGCGCGGCAGTGGGCGCCGGCTGCCCGCAGCCCCTGACCCGGCCCCGGACGGAGCGCCGGCCGCACCACCGCCCTCTGGCCGTTGCCTCACCGGCTCGGCAAG,9.017700873786092,3.17275965512261
6340,ENST00000329967.10,ENSG00000184990.12,SIVA1,104753100,104768494,203.7039367987463,802,986.183,555.198,12.6839,AAACCCGCTCTCGCCCGCGGATGGGCGCGCAGCTGTGACGTCACGGCGTCGTTGGTAAGGGGCTGGCGGCCGGGGAGCTGCGTAGCTCCCGGCCCCGCGGCC,16.060039640705643,4.005403548725084
6341,ENST00000556508.5,ENSG00000099814.15,CEP170B,104865280,104896770,4.453336683951906,6683,11300.0,576.843,1.15011,CCCGCGCGCGAGGCCGCCGGCGGCCGCTCTGCCGTGGGCTCGGCCCGGGCTGCCACGAGCGTGCGGGCCTCGCCGGGCATGTCCTAGGCGGCGGCCCCGCCCAGCGCTCGGCCGGGCGGGCGGGCGGGCGCGAGGGCAGGGACCGAGCCGGGCCGAGCTGGGGAACAAGCCGGGGACCAAGCCGGGGACCAAGCCGGGGACTAAGGCGAGCCGGAGACCGAGCCCGAACAGCAGTCCCGCAGCGTGGACAAGCAGCATGCCGTCATCAACTACGACCAGGACAGGGACGAGCACTGGGTGAAGGACCTGGGCAGCCTCAATGGGACGTTTGTGAATGAC,3.8720963072679186,1.9531148359518469
6342,ENST00000325438.12,ENSG00000179364.13,PACS2,105300563,105398147,3.682607423642721,3708,5307.82,342.962,1.45577,GGTGGACCCCCACGACTCTCCCGGCCCTTGCCCGCGGCTCCCGGGGGGCGGGGCGGGGCGCCCCGGGCGGGGTCTGTGCGCAGGCGCGTGAGTGCGCGCTCTCGCGCACCGGCGGGCGGGGACGCCCCGTGAGGCGCCGCCGGAGGAAGCGCGCGCGCACCTCACTTCCGGCGCGCGCTGCGCCGGCGGCGATTGGACCCGAGGCGGCGAGCTGGCGCCCCGCCCAGCCAATCGGCGGCGCCGGCGCGGGTCGGAGGGCGCCGGGCGCGCGCGGGGCGGCCGGGGGCGCGCGGGGCGCGGGCGGGGCGCCGGGCGGGGCGGGGCGGAGCGGCCGCAGCTCGTCGCCGCCCGCGGGCCTGTCCGACGCCGGGGCCCGGCCCGTCCCCTCCGCCGCCCGGCAGCCATGTGACCGCGCCGCCGCCCTCCGCGCGCCCGGCCCGCCCGCCGCGCGTCCGCGGCCCGGCCGCAGCCCCAGGCCGCCGAGGGAGCGGCGGGGCCGGCGCC,2.5296629437635896,1.3389451707871842
6344,ENST00000405646.5,ENSG00000182979.17,MTA1,105398579,105470729,7.747551692086468,2709,3744.43,1209.32,7.27641,CGGCGCCCCCCGCCCCCGCCATCGCGCCTCCATTTTCCCGGCCGCCCGCGCCGAGCGCCGCGCCCGCCCCGGGCCCCTCCGCCGCCGCCGGCCCGGAC,1.0647491952881252,0.09051363953439286
6345,ENST00000258821.7,ENSG00000136319.11,TTC5,20256558,20305994,18.94829328306472,4779,4667.13,305.081,1.47274,GGTGAGAGAGGGCGTGCGTCTCTGTGGTTATAAAGTTGGGGGTGGAGTGGCCGGGAG,12.866013880973371,3.68549324519012
6347,ENST00000358932.8,ENSG00000100814.17,CCNB1IP1,20311368,20333312,48.358889633148365,1479,1161.22,456.446,8.85596,CTCCACTTTCTTTCCCTCTCCGTTTTGGTGGGCTGGTTGAAGATGAAATCCACTGAGGAGGGAAGTCCAGCACCCTGTGTGCCAGTCCAGAACTGGCCCATCTGTAGACCCCCTGAAAATCATATGGGCTTGGATTTGGATATTCTCAACAGAAAGGGTTAAAGGCTGATGGTACCTAAAGCCTGGTACTTGAATTTTGATCAAGATAAGCTGCCTTAAGTTCTCTTCATTACACAAATGATCCTAGATAATTGATAGATCCTGTGGTTCAACTGGATTTCTAGATAGAAGCTGGATTCATGTGATGCCAGAGGAGTAAAATTTCAAGAGACTGAAACCAGATCTGAGTTTCGCTGTTCCAGTCTGGACCTCTTTGGTGCTGTAAATCCTGGATATACTGTAGATGAGTACTGCGTTTTTCTTTTATGGCCTCTCTTCAGCTTCTGGAGACCTCACTATCCTATT,5.460603890842819,2.449060508315
6348,ENST00000206542.8,ENSG00000092094.10,OSGEP,20446411,20455105,35.11607945264469,2002,2276.63,140.21,1.38755,CTCGCCTCCCTCCTCTAATTCTCTAGGACACTTAGGTCCCCAACCCTCCCTCGGGCTGTTTATCGTTGTGCCAGATGCACAGCACATTGTGTGACACTGACTTAAGATTCTAACTATGTGCAAGAGGGAAAAAAACAGTGGAGAAGGCTGGGCTGGACCACGGGAAAGAGATAGGAAAACGGATACGAATGTAAGGCACAGAGTTGGCTCGGCGTCCCTGGCAGTTAGGAAGACAGGTCCCTGGAGGGGCCTTGGCGGGTCTCCGCTCGCGGGAGTTCCGCGGTGTCTTTCCCAGTGCTATCTGCAGGCTGGCCAGCTTCCTCTGCGCTCCGGAAAGCTGCGGCCCAGCGCGGACTAGTGAGGACCTCCACAGCTCCTGACATTGCCAGGAGTCCTGTCGGCGTTTTCTCCCAGCCTCCGCC,25.30797409292976,4.661520119006669
6349,ENST00000398020.6,ENSG00000165782.10,TMEM55B,20457719,20461612,7.881233911711134,1696,2183.98,121.352,1.25188,GTGAGCTGGGCGCGCGGCGCGCAGGCGCCCTGGGGACCCGGTAGCGGCGGTGGCGGTGGCGGCGGTGGCGGTGGCTGCGGCGACGGCAGAGGCGAAGGGAGCCGGATCGCCGACCTGAGCGGGAGGCGGCGGTGGCGGCC,6.295518669290294,2.654325242247351
6350,ENST00000336053.10,ENSG00000092199.17,HNRNPC,21209136,21269494,161.7154148101195,3301,2939.1,3115.05,23.8788,AATAGGAAGATTCTCAGGAATGGGGCGGGGACTAGGCCTTCGCCTCGGCGGCAGAGGAGACTCGGGGGCCATTTTGTGAAGAGACGAAGACTGAGCGGTTGTGGCCGCGTTGCCGACCTCCAGCAGCAGTCGGCTTCTCTACGCAGAACCCGGGAGTAGGAGACTCAGAATCGAATCTCTTCTCCCTCCCCTTCTTGTTTTCGGCTTTGTGAGAAACCTTACCATCAAACACG,6.7723426139554554,2.7596549612653356
6354,ENST00000216297.6,ENSG00000092201.9,SUPT16H,21351472,21384266,97.02653558172273,4684,4629.98,5847.92,28.4567,GGCAGACCGTCACGTGACGACGTCGATTCGCGTGCGGCAGTGGCGAAGTTGACAAACCCCGCGAAAATCGACTCTTTGCATCGCACATTTTGTTGATTTTCCCTCGTTTTTCTTTCTCTCTTTCCCCCGTCCATCCGAAAGAGGGTTGGAAAAAAACAAAACAAACAAACAAACAAAAAAAAAACCTAACGCTGTTGGGACCCGGAAGCGGAAAGGGCATCTTTGAGGTCGATACTTCCGGGTCATTGGGAGAGTGCGGGATTCCTGGGCCGAGAGCGGGTGGCTGAGCCGGGACCTCGCGTGATTCTCGGAACCCGAGGAGAAGCGGCGTCCGGGGCT,3.4096200747705363,1.7696109923928742
6356,ENST00000557364.5,ENSG00000100888.12,CHD8,21385194,21456126,198.54891232429284,8137,9342.22,1572.73,3.79286,AGGGTGAGTTGAAACGCTGCCTGGAAAGGAAGTACCAGGACTTGCACAGGAGTTCCACCATCTTCCTCTGAAGACGTAGCCATCTTGCTCCATGAAGGTCAGGACAATCTGACATGCACTTGTTTCTTGCCTCTATACTTGAAGAGTAGTCCTCTTACATTGTGTACATTTTTTTCTTAATAGGGGAGGGGAGGGGAGAGCCAGTACCCCCCCTCCCCTTCCCTCCCTAGACCTTGGAGAAGTACCCTCCATTACTTTCCCAAG,52.348073043638,5.710064526760665
6358,ENST00000397762.5,ENSG00000129472.12,RAB2B,21459020,21476973,17.238690154163482,2928,2762.59,194.338,1.5849,AAGGGGGAGAAGAAGAAGATCGGTAGATTGAGTGGCTAGAGAGGTCGGAGGTAAGTGGCTATAGAAGTCGGGCGGACCCGGAACCCAGAGGACGCGACACC,10.876831443096398,3.443186437587772
6359,ENST00000298717.8,ENSG00000165819.11,METTL3,21498133,21511375,48.63488008157584,2015,2085.79,562.408,6.07495,AAATGACTTTTCTGTCTTGCTCAGCTCCAGGGGTCATTTTCCGGTTAGCCTTCGGGGTGTCCGCGTGAGAATTGGCTATATCCTGGAGCGAGTGCTGGGAGGTGCTAGTCCGCCGCGCCTTATTCGAGAGGTGTCAGGGCTGGGAGACTAGG,8.005807468633623,3.0010469208231996
6361,ENST00000614342.1,ENSG00000165821.11,SALL2,21521081,21537216,14.647216274359964,4942,6988.13,1065.53,3.43531,GCTTTTACAATGGGAGCTGCAGAAGCGTAGGGAAGAAGCTGAAGAAAAAAAGGGGGCGTCTCCCCTTTAAAGACTTGCAAAGATTGAGAGAGAAAGAGAGAGAGTCAAGAACAGAGAATCAGAGAGAGAGAGAGAGTCTGTGTCTCTGGGAAAGAAGAACATCTCTGCTTCACAGTGATTTGCGCTGGGGGAGAGGCATCAATTGGCTTCGGACCCAAGGGGGAGACGAGACCAGGTCACCCCGGTTAAGACCAAGTGAGCGTTGCCCCTCCCTCTCCCAACTCTCTACCCGGGA,4.263724751000627,2.092114306487395
6363,ENST00000250498.8,ENSG00000129562.10,DAD1,22564905,22589269,367.3711995516108,731,547.353,1243.3,51.1766,GGGGAGGGCGGAGTTAGGTCACGAGGGTGCGCATGCGCAAACAGCACATCCGGTGTGGTCGACGGGTCCTCCAAGAGTTTGGGGCGCGGACCGGAGTACCTTGCGTGCAGTT,7.178499539860225,2.843682321399031
6364,ENST00000399922.6,ENSG00000100461.17,RBM23,22893206,22919184,52.77810679730994,2430,2604.16,735.549,6.36364,ATGCGCAGATTGGGGAAGGTTCTGGAAGACGGCAGAGCTGCCGCCATTTTGCGGGAAGAGGAGGCTCTGTACCTGCAGTGCTGCTTTTCTTGCCTAGACTCTAGGAACTATCCGAGCTCCACTCCCCACAACATACTCAAAGGAACGGAGAGAACCGGGACCCCCCTGCGGGGACCCGGAACTGATCTGACAGG,8.29369775746427,3.052015472882578
6365,ENST00000324366.12,ENSG00000100462.15,PRMT5,22920511,22929585,122.98010764406791,2531,2897.96,1164.75,9.05525,AAGTTCGTCAGGAACCAGACCCTGAGATTGGTGGATCCATGCCGTACGCCACTGTGCAGCCCGCGGATTGGCAGGAAAAGCCACTCCCCATCCCTCCTGTTCGGGAGCTGTGGCAGACGCTCTGGTTGTTAAGGCGACTCGTCCCGCCTTCTGGGGCACTAGTTTGACTTTGTGATTGGCTACTAGTATCAAGGAATCCCGGCGTGGACAGCGCGAGGAGAAAG,13.581083641430984,3.7635266924189117
6366,ENST00000361611.10,ENSG00000100804.18,PSMB5,23016543,23035230,371.2960657306183,1294,1408.74,1304.69,20.866,AGGACTACTTGCATGACCAAAGCCAAGATGGCAGGTACGTCCTTTTAGAATTTAAGGTTAGTGAAGCCATCTATTTCCCCGACCCCCTTCAGTGAAAATGGTCTTTCGCATCTGGCTCTTCTTTTTGGAGGCGTGCTTGCCAGCAGTCAAAATGGCTCCATTCCGGAATAGATTTAATAGGAAGTGAAGCTGTGACGGCGAGGCGTTGCCCGGCCTATCTTTGCTAGGCGTTCTCAGAATTAGTTCTTTCTGCCCACACTAGAC,17.794309677495367,4.153344060094036
6370,ENST00000457657.5,ENSG00000100813.14,ACIN1,23058564,23095614,17.220824824713983,4815,6151.97,1357.14,4.97018,CTTTTCTCTCGAAGGGCACCCGAAGATTGTCACGAGTCCTTAGACTCCAACTACTGCGGCAGCTTCCAAATTTCCTGAAAACCCTAAGCTGGGCCAGCCCGGCAGCCCACGCACTTCCGGCCTCGGACCCGCCCCAAACACCCAAGCGCCCCAGCGCCTCATCTCTAGGTCCGGAAATAAACGAACATCTCCGATTATGGTTATACCAGGGTCGAGGGTTTCCGAATATATTCGATTCAAAGCTTCGGCAAGACGAAGAAAACCGAGCCTGAAAGCAGGGCGAGAAAAGGGGCGCTGCAGGGCGGATGGAAAGAATTGATTGGTAACG,3.4648292063293447,1.7927842385804944
6371,ENST00000419198.6,ENSG00000100908.13,EMC9,24138959,24141588,20.97886160160586,953,1067.75,47.7493,1.00753,GCGGCCGCCAGCTAGGGGCGCGGGAAGGCGGGGCTCGGATGCAATCGGGACCTCCTCCTGGACTGGGCCGGGGGCGGACTCCGGGACCCAGGGCGCCGGGAGCCGGCGGGCTACCTGCGAGTCGAGTTAGCGTTGTCGCCGAACCGAAGTGAGAGGGCACGGGGAAGGGTCAAAGAGCGTGCCGAAGCGCTGGAGGGAGCTTCACGGACGCGAGCTAGGCACCGGCTCGCCTAATCCGGTACTAATCCGGCTTGCTGCTTCCCGTCCAGGCCTCGCTCGCC,20.822071403934235,4.38004169164831
6372,ENST00000396854.8,ENSG00000100926.14,TM9SF1,24180219,24232454,5.403128569737933,2055,2466.26,131.71,1.20321,CGAGCCTCACGGGGTCCCCGGAGCTGGGCCGGGCCTCCAGATGGAGAAGGCGCAACGGGGAGTTCTTGAGTAAGCCAGAGCGGTGTCCAGCGCGGTGTAGCCGCAGCCGCCGCTGTCAGGCGCAGCAACGGGCAACCCCGTAGAAGTCGGTCGGCAGGTCCTCTCCAACCCGCCGCTACCGCGCCGCTGTGGGAGAGACCCCAGCAGGAGCCCAAAGGCAGCTACGGGGGCGCGAAGGCCGCTGGCGCCGCCTCGGCCAGCCCTTCCCGCGCGGTTCCACTGCCTTAAGG,4.490594800357322,2.1669065493523028
6373,ENST00000288087.11,ENSG00000213920.8,MDP1,24180219,24232454,16.456095012440606,730,577.396,50.5961,1.97426,CGCCATTTGTCTATGGCAGGCAGGGTGGCTGCCTTAGCTGCCGGAGGTTCCGCACTCTCTAAGGCCCCGGGTGAAGCCCCACCTCTGCTGCGCGCAGCCTGCGGTGCGGGTC,8.335323114706577,3.059238125660348
6374,ENST00000399409.7,ENSG00000100949.14,RABGGTA,24265538,24271739,18.771571877880863,2265,2930.77,161.825,1.24402,CTGCAGAGTGCGCTGCGTTTCGATGAGCCGGGACGTGGCGCCGCTCTAGCCAGCGCCTGGGCTCTGTGGCGGGCGCCGCAGCTCCGCGTCCCCCGCGCCTCCTCCCAGCGCAGGTGGGTCCGCCCGCGGGGGGCGGGGGTGCCCGGGAGCCGTGGGACGGGCGGGTAGCGGCAACCTTTGGGGAGCAGAGTGGTCCCCAACGCCCAGGTGCCCCGGCTCGCGCTCTGGCCCGGGCGAATCGGGCTATAGGAAGGGCCACACGGATGGAAGTCCTAGTCCGGGTGCTCACCTCTTGTGGAACGTGCAAAGCCTGTCCCAGGACCTCTTTACACTCTGGGGGTCTCTGCCCAGGCACGCTTGCTGCTTCCGGACACAGCTGTGGGCGGAGCTAGTAGGGGCGGGGCTACGTGATTGACACTTCTCTCCTCAGACTTCAAGGGCTACCACTGGACCCTTCCCCTGTCTTGAACCCTGAGCCGGCACC,15.089445409142026,3.915467877545616
6375,ENST00000399395.7,ENSG00000100445.17,SDR39U1,24439766,24442905,48.28310905542732,1233,1473.93,261.944,4.00399,AAACTTTACGCAGGCGCGTTAGGTCCTAGTCGCT,12.058748662066419,3.5920083012384554
6376,ENST00000331968.9,ENSG00000184304.14,PRKD1,29576479,30297043,3.807173795906564,3726,3763.06,189.678,1.13563,TCCTCCCGCCTCGGCCATTTTCCCTCCTCCCCATCTCCTCCCCTTAGTCCCCTCCCCTCCCGATCCTCATCCCCTTGCCCTCCCCCAGCCCAGGGACTTTTCCGGAAAGTTTTTATTTTCCGTCTGGGCTCTCGGAGAAAGAAGCTCCTGGCTCAGCGGCTGCAAAACTTTCCTGCTGCCGCGCCGCCAGCCCCCGCCCTCCGCTGCCCGGCCCTGCGCCCCGCCGAGCG,3.3524772997424903,1.74522756340199
6377,ENST00000355683.9,ENSG00000196792.11,STRN3,30893799,31026401,10.642697838112015,3970,3229.24,507.187,3.53859,AAAGTGAGTGAGTGAGACGGGCAGATGGAGGAGGGATTGTAATGGCGGCAGCCGGCAGCTCCCTGCTCTGACCCACGGCAGGCACACAGCAACGACCCCTTCCCCGCCCCTCTCCCGGCCGGCCTCCGCCCCGCAGCCAGCGCGGGGCCACCCTCTCCGGCCCTTCCCCCAGCTGTCGGCGTCTCGCCCTGCGCCCCGGCCGGGGCCCCACACACA,3.0076097649380165,1.5886173905824061
6378,ENST00000399332.5,ENSG00000092148.12,HECTD1,31100112,31207804,16.091543258220135,9134,8322.26,924.43,2.50262,GGCTTCTTGGGAACTCTAGGGCCGCGGCCGGGCCTGGCTCTGCCGGCGGCCTGTTGGGAGCTGGATCGGAGCGGTTTGGAACGACAAGCCCGAGTAAGAGCCTGCGGGAAGGGGAGGCGGGAGCGCCTCGGACCGTCGGAAGGGCCCTGCGTGGGGGCGCGGATCCCGGACGCCCGGCGAGTGGCGGAAAGCGAGACCCCGGCGCCGAGTGAGGTCGGCCAGGCTGCTGCCGACTTCCCCGCTGGCCCCTTTGTTCCCCTCCCGGGGCCCTGCCGGCGGCGGGGCCCGGTTGCCCGCGCCAGAGCCTCAGGCCGGCTCCTTTTGCCCTTGAGAAGGGTTCGCTGCCAGGCCTTCGAGTTCCGGGCGCAGCTCCCGGGAGAGCCGGCGCCCTGCCTGGCCCGGCGGCCTCCTCTCGGGCACGAAGGCTTGCTGCTGCTTCTCCAGAACTTCCCTTCCTCGTAGACACAGCAAAGAGACTTTTAAAAAACC,6.4298787903158034,2.6847915415565646
6379,ENST00000543095.6,ENSG00000129493.14,HEATR5A,31291791,31457510,6.9814939690968805,7840,7134.28,350.364,1.10645,AATGCCTCGCTGTCGCCGCCGCCGGCAATTCCAGACTCTGCTAGGGTTAGCAGAGCAGCCGGTAACGTTGCTGGACCGGGACGCACGCTCAGCTGAGGAGGACCCCCAAAGATTTTTATTGTTAGGTATATTGACCAAAGTTTAACGAGAAGAACTGTGATCAGCTGGGAGGATTGCTGCAAGGA,6.30981424293631,2.657597533775289
6380,ENST00000310850.8,ENSG00000129480.12,DTD2,31291791,31457510,9.697309342004225,2717,2175.28,235.733,2.44156,GGGCAATCGGCGCAGGCCCTTCGTCGTGCCCCGCCTCGTCTGCCCCGCCAGCGCGTCGAGGGAGGGGCCAGCGACACATGGCCTAGTAACTGTCCGGCCGCGGCGCTGGCTTAAGCC,3.97176778043719,1.9897812744761982
6381,ENST00000298130.4,ENSG00000165389.6,SPTSSA,33924231,34462774,123.80811843799871,2777,2147.6,566.437,5.94238,GGGTCTGGGCGTGCCGCGGGTGACGGCGGGGCCGGGCGGGCCAATGGGCGCTGGGTGGCGGGCGGGCGGGCCTGGCGGCCGGGGGCTTTAGGACGTGAGCGGGCGGCCGGCCGGACAGACTGACGTGTGAGCTGCATCGCGGGAGGCGC,20.834769644149098,4.380921244120005
6382,ENST00000250454.7,ENSG00000129518.8,EAPP,34515929,34539711,49.69308388211986,1321,1144.92,422.124,8.30668,GGGCGCTTTAGGGACTGGACTTGCAGTGTAAACAGAGACGCTGCAAATTGCTTGTGGACGGTGTAGGCCGCTGCAGGCCACC,5.982303866541128,2.580701192907621
6383,ENST00000362031.8,ENSG00000129515.18,SNX6,34561094,34630183,73.50552975516584,2001,1366.83,328.113,5.40841,CTGGCCGCCGGCTCCCTCCGGCAGCAGGGAG,13.590968464884474,3.7645763581820795
6385,ENST00000382422.6,ENSG00000198604.10,BAZ1A,34752731,34875647,27.42342750387214,5775,5071.4,1804.39,8.01613,CCCGCACTGCCCCCCGCGGCGGGGCGTCCTGCCCCATTGTGAGGCGGCGGCAGGACGAGAGGAGGTAGGGCGCGCTCGGGGGGCAGGGGCGGCGGCGGCTCCGCTCGCTCGACACCCGGGCAGCGGCAGGAACGAACTCGGCTCCGGTAGCGGCCGCGGCGCGTCAGTCACACAAAAGGCAGCCGAGCTTCTCCCAGCGCGCGGACCGGCCCACGCTGCCGCCGAGGGCTCCCCACCTTACCGGCTTTCCTTTCCCTCCAATTTTGATAGGGAAGCGGGGCCGGCGCGGGCGGCCGAGGGTCCAGGCGAGCCCGCGGGCGGACGGGAG,3.421030784664438,1.7744310864743866
6386,ENST00000261475.9,ENSG00000092020.10,PPP2R3C,35085467,35122517,14.1603274918037,1839,1274.77,250.967,4.43553,CTAATGAACTCCTGGGTCACGTGGTGCGCACGCGCCAAAGGCACACGATAAAGGAAAACGCGGGCTTATCGTGGCCTTTAAAATCCGGCTTGGTGAGCTTGGGTCGCCTCTGAAGGAGAACCATTTTCCATCTCTTTCATAGTTTTTTCCCCCAGTCAGCGTGGTAGCGGTATTCTCCGCGGCAGTGACAGTAATTGTTTTTGCCTCTTTAGCCAAGACTTCCGCCCTCGATCAAGATGGTGGTTGGACGGCCTTCCTAACCTTTACGGGGCCTGGCGGTGCTGACGCCTGAGCTGGTAGGGGTGGAGCAGGTAGGAAACAGCAAATGCAGAAGCTGCTGCGCGGAAGTCGGCC,3.1924769963913446,1.6746762245288775
6387,ENST00000216797.9,ENSG00000100906.10,NFKBIA,35401511,35404749,23.83524434748084,1558,1869.61,808.918,9.74799,GCAGTCCGTGCCGCCGTCCCGCCCGCCAGCGCCCCAGCGAGGAAGCAGCGCGCAGCCCGCGGCCCAGCGCACCCGCAGCAGCGCCCGCAGCTCGTCCGCGCC,2.445144521843051,1.2899197391179413
6388,ENST00000416007.8,ENSG00000151332.18,MBIP,36298558,36320676,35.87689794806901,1648,1155.88,316.543,6.16995,TCGCCAAGCGACTAAAGCTGGAAGGGAGGGGGCGGGGTTGTGAGCAAATCTTGGTGGTGGTGGTGGTGGGGCGGCCTGAGAAGATATC,5.814779365808314,2.539724451562121
6390,ENST00000250448.2,ENSG00000129514.5,FOXA1,37589984,37596059,11.408556595390422,2862,3196.28,524.406,3.69645,CGCGCGGCCGCCCGTCGCTTCGCACAGGGCTGGATGGTTGTATTGGGCAGGGTGGCTCCAGG,3.086354906840461,1.6259039701712164
6391,ENST00000307712.10,ENSG00000100934.14,SEC23A,39031919,39109646,64.67626890153309,4135,3416.29,1350.5,8.90638,ACGCTGTGGCTTTAGGGAGCTGGGAAAGGCGCTCTCTCCCGGTCCCGCTCTGCCCGGTCCCACGCCCCTCGGCCGTCCGGCTGCCTGGGTCTTCCGGGTTCTTCCGCCCCTCTGGCTCGGTCCCCGCTACCTCTCCTCCCTCCTCCCCTCTCGGTACCTTCGCCCGCCGCGCGCCTTTCTCAAATCCTCCGGTTATTAAGCAAGCTCAGGGGTCCGGTGGCCTGCCCTGGTAACTCTGCGCCCGCCCCTTCCTGCCCCCTTCCTGCCCTCACGCCCCGTCCCCTCCTCTTGACGTGGCAGAGGCGGCGCCAGCCATGTTGGCCGGGCGGAGGTCTTCGCTGAGGCCCGGGGCGGGGTGGCGCCACCCCTGATTGCGGTGCCACGGACTGCTCCTGCTGGGCGGAGAGGACAGATTTTGCAAAGCGGAGGCTGCGACGGGTCCTGCAGGGGGACAGTGAGGAAAGGGCCGCCTCGTCTCCGCTCCTGGGGGACCGCAGAAATAAGAATCAAACTCCACA,7.261790862452881,2.860325381522477
6392,ENST00000330149.9,ENSG00000182400.14,TRAPPC6B,39147811,39170532,22.373480201297983,3242,2364.73,270.822,2.58027,CGGCCCTAGGATTTGGTAGCCCCGAAGTGTGGGCTCTCTCCAGTACCAGACTCATTTCAGTACCAGCCTTTGGGAAGTCGTGTGAATACCTCGGTCTCTTAGCCACAGGGATAGAATGGCGGCCTGACGGAGCCGCGGCGCCGGCGAAGTCGCTGAGGCGCGAGCTGGAACCCCCAGACCAGCTCAAACGGGAGCCAAAACTCGAAGCTTGGAAGAATTAGCAGGAA,8.670984122319751,3.116195742906984
6394,ENST00000298097.7,ENSG00000165355.7,FBXO33,39397669,39432500,16.483539303865626,3853,3398.43,315.57,2.09209,TCTTCCGGAAGTCGCGCCGGTGCGCGCCGGACTCCTCCCACCAGCGGCGACGTCAAACTCAGCTCCTACCACTTCTCTGTCTCTGCCGACCGGCGCAGGGAGGGCTGCCTTTTCCTTACAGTACGCCTTGAGGCTTCCGGGCCGCTGAAGTTTACGAGCGAGGGCAGTGCAGTTACTCAGTGTGCCGGCCTCGGACGCACGTGAGTAGAGTTTGAGAAGACAGAGGCTGGCTCCCGGCAGGCCACGCCCGCAGAGGCCTTTCCCCCTCTCCACAACTTGTGTTCTACTTGGTTCCGCCGAGACCCACGACGGTTCCGCCCCCTTCTTCCTAGTCATTG,7.878981929011481,2.9780092260199087
6395,ENST00000310806.8,ENSG00000129534.13,MIS18BP1,45203190,45253540,17.25378187369761,4777,3219.55,880.654,6.16271,CAACTAGAGGAGCTCGCCCCCTGCCTGTGACAGCTTAGGGTCGCCTACTTTTTGTGGACACACTGCCGTCCACGGAGTGCAGAGGCCGCCTGCAGTTTTCTTGCGTCCCTGTGAGACGCACGGTGGCGCAATTCCCGAGCGTGCCAATCCCGGGCTGGCTGGAGGGCGGGCTCTTCAAATTTGAATTGCGGAAGTGTTTTGTGTGTTAGAGAACGTCGCGGAGGAGGTAAGCGTCGCTTGGCGCCTGGCCGCCGCGGGCAGGATACACCGTGGGCCTGAGGCGCGAGCCCGGCGGCGTGCGGCCCTCTCTCCGCGCGGAGCCGAGCCGGAACTGCGGCAGTCTCTCCCTGCCAGGCTCTTCATCCAAGGTTTCTGTGGATCCCTTCTGAAGTTCTATCTGAAAATTGCGCTTAAGTGAATTTTCTGTTAGAAGAACTTGGTTGCTACTTTCTTGTCAAG,2.7997069266114436,1.4852758137224975
6396,ENST00000298289.6,ENSG00000165502.6,RPL36AL,49618519,49620685,216.49401173415305,746,530.647,1413.0,59.9927,ATTGGTTTGCAGTACTGTCGCTCAGGTGCAGTTCCCACTTCCGCCTGTTTCTTCCCTTTCCTGTTAGGCGAGAGCTGCGAAAGGCGAGAGCTGCGAAGGGCCAGGTGTCGGGCGCTGTTTCTCGTTTTCATCATATAGACAAAACAGCCCTGCTGCAAAG,3.608672584066946,1.8514682530242785
6397,ENST00000298292.12,ENSG00000165506.14,DNAAF2,49625174,49635230,16.859832961463567,2963,3418.51,224.47,1.47939,CCCAGAAACTCTGAGGCGGATCCCCCAACCCAGTGTCAGACTGATCGCCTTTGGCCCGAGGGCGAGGAGCCACAGGACAGT,11.39647622429756,3.510515908786847
6398,ENST00000298310.9,ENSG00000165525.17,NEMF,49782083,49853203,18.73067648808554,6234,4649.02,302.324,1.46512,ATTTCAAAATCTTATGTCAAAGTAAGCGCGCAGAAAGGGGTCCTTGCTCTTCTACACTGAGCCCTACGGCCCCCCTGTGGGGAAATACTCCTGATAATCATCTCGAAAATTGTTTCGACCAGCAGGGGTCACTATGAAGGCTGACTTGAGCCCAAGACACAATGGGGCACGGTAACCAGACTGGTCCGTAAGGGTTCCAGGAAGGAATGCAGTTTCAAGAGAACAGTTTGAATCTTTATTCGAATTTGAATTTTGGTACAATGAAGAGAGTCAGCTGCAACTTGACAATCGAAATCTTCAGAAAAGCGACACAAATACGTTCGCCTCGAGGAATATTGGGTCTTCTGCGCGGCCGTAGAGCTCCGCCAAGTGCGCCTGCGCGGAGGAGAAGTGGCGTCGAGTCCGGCCGGGCAGTAGAGGAACTTGCGGTAGTGACCCTCGGGCCTCGCC,12.784397515620249,3.676312267848013
6399,ENST00000216373.9,ENSG00000100485.11,SOS2,50117120,50231558,1.8788334253012149,5498,4517.59,237.139,1.18265,GGGAAAGGAGGTCGCCGCCCGGGGTCGCCCGGGCTTGCGGGTCGCCGCGCTTCCTCTGCGGGCGCTGCGGGAGGCGAGGGCCGCCTCGGCGGAGGAAGCCGACCCCGGGGTCTCCGCCAGCCCGCCGGCGCCGCCTCCGAGCCGCCTCGGCCGTAGCCTCGGCCCGGGCGGGAGGCGGCGGCCGCCGGCGAGGCGAGGCGGCCCGCGCCCTGCCTGTCAGGCCACCGGCCCGGCCCGCGGGCTGCCCCCGATGCGGAGGCGCTGTCGCCGGGGCC,1.5886639540871896,0.6678139874656719
6400,ENST00000267436.8,ENSG00000087299.11,L2HGDH,50237563,50312548,17.485580476733723,6414,6119.15,360.184,1.32616,AGTTTCTCCCACGGCCCCATGTCCGCATGGCGGTGAAGGTCGAAGACGCGCGACCCAAAGGGCCAGGTTTTCAGTCAGCCCAGCGTTGGCGACGGGCGAGGGCAGAACACAACCACCACCCTAGTCCCGCCCGGCTCGGGGCCTAGCTTCTCTACTCACAGCGTCGGAGGGAGGGAGGGAGGGAGCGAGCCAGCGTCCCCGCGTCTGCGGCACCCTGGCCGGCCCTTCGCCCTCCGACGCGCGCGCCTATTGGCCACCGCAGCCTCTCCCACATGGGGCGAAGGCGCGCCACTTCATTGGCCCCCGCGTGAGGGGCGGGGCTAAAGAGCGCGGGTCCTCGGCCGTGGAGGGTCAAGTGGCTTCTTCTGAGCGCTGAGGGAGGGGAGCGTGCGTAGGGG,13.185121310199165,3.720838939720297
6401,ENST00000013125.8,ENSG00000012983.11,MAP4K5,50418501,50561126,14.766240400315995,4354,3534.46,1185.03,7.55384,GGGTGGGGAACGTGGTGCGGCGGCGGCGGCGGCGGCGACTGTACGCGCCTCCGCCGCCCCCGAGAGGACGCGCCGTGCAGCGGCTGAGTGGCGGCGGCGGCGACGGCAAACCCGGAGCTGCCGGCCGGCGCGCGGGAGGAGGACGCGGGTGCGGTCTAGGAAGTAGGTCCCGGGCTCCGCGCTCAACAAAGACGGGGCCGCCCCCATTAGACGGAGCTGCGGGCGGAGGCTCCATGTTGGGAAGCGGCGCCGTTCGTGCTTGTTAGCGGGAATCCGGGAGCCGCGGGGTGAGCTGGCGGGGGCCGGGCCCTAAGTGAAG,1.954799201507577,0.9670204203881934
6402,ENST00000324679.4,ENSG00000151748.14,SAV1,50632058,50668331,14.289769946649615,3063,2646.66,596.834,5.08063,ACGGGATGTAGGCGGCGGCGGCGGTAGTGGTAGCGGTTATTCGGCGGCCCGCGGCGGACCATGGCCCTGGCCCTGGCCCGGCGTCGCTGGGCTTTCCTCACGGCGTCCCCGAGCAGCGTCGCAGAGCGGGCCGACTTCCGGGAAGGAACTGACCAGCGACTGAGCGGCGGCCGGCGCGCTTAGCGCCCTGAACATGCGGCAGTCCCTGCGGGCGACCCCGGGCTCCGGACAGGCGGCGGCGGAGGCGGCGGCTCGGGAGGGAAGGAGGCGGCGGCGCCGGCGGAGGTGGCGGCGGAGACGGCCGGCGCCCGGCGCGGAGCCCTAGGGAGGCAGTTCAGCGCGGCCTCGGGCCTCGTCGAGAAGG,2.8125980334426273,1.4919033825151575
6404,ENST00000245441.9,ENSG00000100503.23,NIN,50719763,50831121,5.692358598769935,10293,9002.74,1280.2,3.20379,CCGAGCCGGGAGCCGAGCGCGCTGGGCGCGGCCGTCCCGCTGCCGCCGCCAAGCCCGGAGTGCGCCAGCGGCCATGGTTCCCGCGGCGGCGCCGGGCGCCTGAGCCCCGGGACGCAAGCGCTGGAGGCGGGCTGCCGGCTGTGCGGGCGCTCCGGAGAGACCGACAGAAGGTGAGCACTGTGGGCTATGGG,1.7767577146972602,0.8292469635071609
6405,ENST00000216392.7,ENSG00000100504.16,PYGL,50857891,50944736,54.13978714286021,3048,3058.66,584.125,4.30266,GGAAATCCGGAAGGGAGCCTCCGAGCCCAGGTCCCGGGCTGGCAGGGGTCTCGCCGGCGCTTGGACCTCGTCTCCCACCCCCGAGCCCACTGCGGCCCCAGAGCCTCGGGAGGGGCCGGGCACTTCCTCTGCCCTCCGGCCTGGGGCAGGGGCCGGGACGCGGTGGGAGTGCAGCGGGGACGGCACCGCCCGAGGGGGCGGGCCCCAAACTTTCGTGCGCGTTGAAAGCTGCTGGCGCGGCGGGGCGGACTCCACCCCTGCCCGGCAGCCCAGCGCCTCCGGCCGCACTTCCAGCTCTCTGCGCAGCCCGCCGCGCAGCCCGCCGCCCCAGCC,12.58286435434364,3.6533884685691174
6406,ENST00000298355.7,ENSG00000100505.13,TRIM9,50975262,51096061,10.712948138741265,5284,6397.69,450.632,1.58694,AAACTACGGGCACTCAGAAATAGACAAACTGTTCTTGCCTCAACCGAACCAAAGGCCCAGCGGGCCTCGAAAAAGCTCAGCCAGGTGCTTTGGGAGGCCGCGAGGAGGAAGAAGGATCCGTGGAAGGAAGCACGTTCACACCACGGCACTGAGGCCTCTGGGCCGAGCTATAATTTAAAGCATGAAACGAAGGGGTCATAGATTCTGACTAATGCTGACCATTTCCATCGGTTACCCAGTTGAATCTCATGTCGACACTAGGAAATCGACTTTATACATGCTCTTTAGGAAACGAGGGACGCAGGATGAAAGAAGCCAAGAGTGTCGCCAGGGCTTGCGCCAGCGCCGTCAGACTCCCGGGATGGGGGAGCTCCAGGGCACGGCGTCAGCGGATTCACGGAGAAGGAGAAAAGCCCCACTGCCGTGCAGAAGCCTAGGCCCGGGTGAGACGCCTGCGAAGGCTGCCAGCAGCGGAAGAGAAGGGGCGTCCTCCGTGCTGCGCAGCACTCGCCCGCGGTAGGTGGGCGCGGAGCTCAGAGCTGGGAGCCAAACGCAAACGCTGGCGAGAAGCCCCAGCCCCCTCCGGCAGCCCACTCGCTGCGGGGAGGGGTTTCTCACGCCCCCAGCTCCTGGGAGACTGCACCGGAGGTCGGAAGTAAGCCGGGCGAGGATGAATCATCCCGCCTAACTCCTCCTTCCCGGTCCCCTAGCCTCCGCACGCCGGCCCCCTTCAGAGATCTTGCAGCCGCGAGCGAAGACTGCCCTATCCTCAGACTCTACCGAACCCCCTGTGGCCTGCGGAGACGAGGAGACGGACGGGTCTGGTGGCCAATGAGAGCTTCGATCTCTTGCCCCCCGCCCAATGGGCCGCTGCTCATGGGCCGGGGCGGGACTAGGAGGGCAGGTAGGGGCGGTCCGGGCTGGCGCGCGGCGCGGCGGCTACGCGGCTGCGGCTCACAGAGCTAGCGCCTCTCTGGGTGTCCGTGCCAGTGCTGCGCGGGAAGGCACCACCACCACAGCCGCCGCCGCTGGCCAGGGTGCTGGACAAGACGGGCCCGTCGGCCACCTCGCCAGCTCAGGCACCCGCTGCAGCCGTCGCTGTCTCCTCCCAGACCGGTCCCC,6.750695135758923,2.755036067685902
6407,ENST00000281741.8,ENSG00000087301.8,TXNDC16,52430590,52552522,24.83352499077076,4564,3493.25,869.588,5.6085,CGAGTCGGTGGCGGCTGCAGGCTGGGAGGGAGAAGTGCTACGCCTTTGCAGGTTGGCGAAGTGGTTCCAGGCTACCCGGCTAGTCTGGCACGGCCCCGTCTTCTGCCTCCTCCTCCGTCGCGTGGCGGCGGGAACTGTTGGCCGCGCGGCCTCGGGAACGGCCCAGGTCCCCGCCCGCAGGTCCCGGGCAGATAACATAGATCATCAGTAGAAAACTTCTTGAAGTTGTTCAAGAAAAATTTGAAAGTAGCAAAATAGAAAATAAAGAATTAACAGCAGATACAGAGGACAGCATGGAAGTGTTGTCTTAGGAAACAGAACACAGCAGTGAAAAAACAGACAAAATCCGCTCAGATACAACTGCAGCTGATA,4.42783720973001,2.1466021821392385
6408,ENST00000395686.7,ENSG00000197930.12,ERO1A,52639916,52695900,88.4587970383582,5285,4367.09,2049.7,10.5745,CGAGGCCCCGGGCTGCCGGCGCGGGCGCCGCGGCACGTCCACAGGCTGGGTCGCGAGGTGGCGATCGCTGAGAGGCAGGAGGGCCGAGGCGGGCCTGGGAGGCGGCCCGGAGGTGGGGCGCCGCTGGGGCCGGCCCGCACGGGCTTCATCTGAGGGCGCACGGCCCGCGACCGAGCGTGCGGACTGGCCTCCCAAGCGTGGGGCGACAAGCTGCCGGAGCTGCA,8.365293587248399,3.0644161737883975
6409,ENST00000216410.7,ENSG00000100522.8,GNPNAT1,52775194,52791668,34.040571058663055,3860,3374.2,1012.44,6.76019,GAGGTGGAGGCGTTGGCGCTGCCACGTCTGGGCCGCGGTTCCCAACTGTGGCGCGGGCGGTGGAGGAGGAGGTGGGGCTGGCGCTGAAGCCGGATCCGGATCCGGTGCTGTGCACACTGGTGGGGGAGAGTCCGACGCGCCTGGCTAGGAGCGCCGACCGCAGGGCCTCTACGGACCTTACTAGAAAA,5.035445905908422,2.3321195394551903
6410,ENST00000216416.8,ENSG00000100528.11,CNIH1,54423560,54441431,517.0169044324041,4793,3628.28,786.015,4.88081,CGGTCGCGGCTGTGGCCGGGGGAAGTGAATGGTTTTACCCAGAGGGCCCTGCGCCGCCTTTCTCCGCTGGCAACGGCGCCGCTCCCCGCTCCTCCTCCCCAGCC,105.9285045786261,6.726947049933365
6411,ENST00000358056.7,ENSG00000197045.12,GMFB,54474484,54489196,110.4999312803866,4301,2835.83,1391.42,11.0545,ACTTGCAGCCAGGCAGAGCGTCCTCCTCTAGAGGGAGCAGGGAAAAGAAAAAAAAAAAAAAAAAAAAAAAAAAAAAAATCAGGCGATCGCATTCTGTCTAATTTTGAGCCGCGCCTTTTGCCGTCCGCCATCACGTGCCGGCCCGCTGAGGCCGCGTTGATAGGTGGGGGCGACTGGGCCAGGCGCCGGGGCAGGAAGGGAGGCGGCCGCCGTGCCATTCTTAAAGGCGCCCGAGTGTAGGCGACAGGCCGCTGACGGCCGGAAGGAAA,9.99592304313959,3.3213397944109855
6412,ENST00000622544.4,ENSG00000131979.18,GCH1,54842008,54902852,34.50894584436401,2923,2665.43,424.486,3.58805,CCTGTGGCCGCTCCCGGCTCGGAGTGTGATCTAAGCAGGTTGCGTACCTTCCTCAGGTGACTCCGGCCACAGCCCATTGTCCGCGGCCACCGGCGGAGTTTAGCCGCAGACCTCGAAGCGCCCCGGGGTCCTTCCCGAACGGCAGCGGCTGCGGCGGGTCC,9.617743856513707,3.2656985043111204
6413,ENST00000360586.7,ENSG00000198554.11,WDHD1,54938950,55027105,14.20790642682612,5996,4710.16,324.581,1.55256,GCGGGAAGCAGCTCTTGTGGATCCTCAGTGGCGGAGGCTCGGTCACCCGGATAGGTAAAGGAAAAC,9.151276876143996,3.1939730564412536
6415,ENST00000247191.6,ENSG00000126787.12,DLGAP5,55148112,55191678,58.35481333860403,2973,2245.41,1777.29,17.8329,AGCAAACCAATCGCAAGCCTCGTTGAGTGGAAGGGGTGGGATCTTCCCCGGAAGTGTTGGTTAAAGCCCCTCCAATCAGCGGCTCGGTGCGGCAAGTTTGAATTTCGTGGAGGCTCGGGTTGTGAGGGTTCCTGCTTCGGAGTCGGCGGTGGTCGTCCAGACCGAGTGTTCTTTACTTTTTGTTTGGTTGAGGTTTCACGCTAGAAGGTGGCTCAGG,3.2723120377843222,1.7103103258773538
6416,ENST00000621441.4,ENSG00000070367.15,EXOC5,57200507,57269008,14.844482753007275,10589,7663.84,347.802,1.02246,AAGGATCAAAGTTCCTCATACACGGTAGCGTCGAGCCTTTTTTCGGTTCTTTCGCCGCTCGTTTTATTCGCCGGCCCCTCCCGACAACCTCCCTGGCGCGCGCAGTTCCACTTCCGGCGTATGAGGCGGTGACAATGGGAGCAGCGCGGGCGGCGCCGGGAGGCAGCTGACAAGCGTTTGCGGCTTCGCTTCATGGCCGCTCTCCCGCCCCTCCTGGGATCTGTGGGGAGCTGGGGAGCCCGCAGCGGCCCGGAGCCGGAGCTGGCGAGCCGAGCGGAGACCTGTGCGCCGCGCCTCTGAGGCGCAGCATGTGAAGCGGAGACGGCATCCAGTGGGGGGCGAGCCTCTCAGCCGGCCGGG,14.518399500232064,3.8598105151392983
6418,ENST00000395159.6,ENSG00000100575.13,TIMM9,58408494,58427614,68.63083538415087,1336,1035.42,312.306,6.79554,AAGCGCTCTCTGGTGCTCTTCCATTCCTCTCCGGGTGGAAACAAACTCCGGACATAACAGGGGTTTATTTATTTATTTATTTTAAGGTAGCACATTGCCGCACAAGACCGCTCTACAGTCTCATCCAAGACTTGAAGAGCTCCCGACTTGTAATACTACTTGTGTTTACCAGGGACTGTTGACACTGCTTCGCTTCCGAAGACCGTTAGGGACGTGGGATTAGATTTCCTCGCGTTATAACGAATCGGCGTCTAAGGGTTTAAGTGTCACTTGACATTACTGCTCCCACGTGTTCTTTCCCATCTGGCGGCCGCGGCTCCTGTCCAGACCCTGACCCTCCCTCCCAAGGCTCAACCGTCCCCCAACAACCCCCAGCCTTGTACTGATGTCGGATGCGAGAGCCTGTGCTTAAGTAAGAATCAGGCCTTATTGGAGACATTCAAGCAAAGGTTGGACAACTACTTTTCCAGAACAGAAAGGAAACTCATGCATCAGAAAAGGTGACTAATAAAGGTACCAGAAGAAT,10.099393923683897,3.336196812663294
6419,ENST00000247182.6,ENSG00000126778.8,SIX1,60643415,60658259,56.067411493258376,3996,4126.39,413.773,2.25919,TAGCAGCATCCACCGGGCGGGAGGTCGGAGGCAGCAAGGCCTTAAAGGCTACTGAGTGCGCCGGCCGTTCCGTGTCCAGAACCTCCCCTACTCCTCCGCCTTCTCTTCCTTGGCCGCCCACCGCCAAGTTCCGACTCCGGTTTTCGCCTTTGCAAAGCCTAAGGAGGAGGTTAGGAACAGCCGCGCCCCCCTCCCTGCGGCCGCCGCCCCCTGCCTCTCGGCTCTGCTCCCTGCCGCGTGCGCCTGGGCCGTGCGCCCCGGCAGGCCCCAGCC,24.817483918244317,4.633284952391369
6420,ENST00000216513.4,ENSG00000100625.8,SIX4,60709528,60724348,10.300179939643003,6285,5790.38,429.908,1.67275,GGAAAGAAAGAGGAAAAGAGTGCGAGGGAGTGAGGGAGGGAGGAAAATAAACAACAAAAA,6.157632604778361,2.6223757915340147
6421,ENST00000261249.6,ENSG00000126814.6,TRMT5,60971451,60981358,29.121048947312637,5573,4836.87,523.443,2.43818,TTCGGCCTCCGCTTCTTCAGGCTGCTGGACAGAGACATACCAGCCCCGCTCAGCGTTGAAGCTCCCCCAGGACGCCTCCATGCTGCTCTCCAGCTGACTACCAGTTCCATCTACGAGCCTCTACCCCTGCCCTGCGCTCCAGTCGTCGGTCGCGCCAGAGGCGGAGCTTTGAGCCCGGCCCTTCCGGCATTCCGTACTTCACCAGGGCCTGGAAGGAGAGGAGCGAGTCGACTTGATCTGATGACGCGCGCCCTCTTCGCGGCGAACAGTGATGATGTCATAGAAGACCCGCCCATCCACCCGCGACCCACATCCGATCGGTACCGGAGCGGGAGGTGAGGGGTCGGCTCGCGGATCCAGCTGCAGAGCGACGTGGGGAATTGGA,11.943764999841127,3.57818577993167
6422,ENST00000337537.7,ENSG00000154001.13,PPP2R5E,63371357,63543374,22.35796554868423,6659,5477.42,359.78,1.47987,GGCCAGAAGGTTCGGTTGCGCGTGTGCCATGGACTCAGCCGCCCGGTGATATTGACAATAGGAGAGAGAAAGGGGCATTGACTGGGACCCACCGCGGGTAGCGAAAGGTGGCTCTGGCAGCGGCGGCTCCAGCTCCTGCGGCTCCTCCTCCTTATTCTGTCCCCTTCTCTTGCTGCCGCTGCAGATCCAGTCTTCCTCCCTCCCTTCCCCCCCTCCCCACGTCGTCGCCGCCGCCGCCGGGTCCGGGGCAACGAGCTGAGGCGCCGCCCGCCAGGAATGTGAGCGAGGAGCCACCGGCGGAGCCGCAACGGGGTCGGTGCCGATTTGATGGGACGGGCCCGCGGGGGAGGATCGTGAGGCCGCCGCCGCCACCGGAACGCTGAGGTTCGGGTCCGGCCGTGAGGCCTAGAGGCTCCGCCGCCGCGGAACCGGAGGGACCCCGTACCGGACAGCCGTCGCCCCAGGCTCCCCGCAGCTGCCCGGACCTCCCCCTGCACGTCCCGGTCCCGCCGCCCGCCCCCGCTGCGGCCACCTCGCCCGTCTCCCGCCCCTCCAAGCCACAGATCATCTTTGGATTCTTCCCCAGAAGCTTCAAGTAGGGAT,15.108060538212296,3.9172465646891053
6423,ENST00000267522.7,ENSG00000140006.11,WDR89,63597039,63641861,20.703709941198245,1687,1157.81,62.8156,1.22234,GCCAGAAAGCAGATTTTCACTTGGGAAGAGACGACCCGTAGTATGGGATGTGGTATGATACCAGCAACTGGTCTATTATATCATTTAAACCACATGGCTATCTAAAGAGGTATTTGGCTATTATAAATAAAATAGTGATGAACACGTGTACAGGTGTTTGTACGGACATAAGTTGTCATTTCTCTTGAGTAAATACCTAAAAGTGGGCTTGCTGGAGTTTTACTACCCTTGGATGCTGCTGTTGAC,16.937766857992248,4.082171771489322
6424,ENST00000247225.6,ENSG00000126821.7,SGPP1,63684214,63728039,26.537776579657493,3312,2657.44,284.0,2.40778,AGCGCTGTGCCGGTTCCGCTGCCGCTGGCCAGGAGCGCGGGGACAGTTCGGGGCTGCGCCGGAGGCCGGCCCGCCTTCCCGGGGGTTCCGTTATC,11.021678301031447,3.4622720186347844
6425,ENST00000358402.8,ENSG00000125952.18,MAX,65006174,65102695,27.92326980009201,1973,2107.11,646.338,6.91089,TTCTTGCCCGTGTTGTGTGTGTGTGTGAGTGAGAGAGCGAGTGAGTGAGTGAGTGAGTGTGTGTGTGGGGGGGACTCGGCTTGTTGTTGTCGGTGACTTCCCCCTCCCCTTCACCCCTTCCCCTCCCCGCCGCCGCTGCAGTGGCCGCTCCCTGGGCCGTAGGAA,4.040473774013479,2.0145244690525446
6427,ENST00000216442.11,ENSG00000100554.11,ATP6V1D,67294371,67360265,67.71201416835565,1845,1597.47,301.765,4.25596,GAGAACAAGGACGAATGTAGATCATGGAAGGACCTGAAAAGTACTGTTTCTCGCTATCTTAGCTTTAGCTAAGTAACCTTCAAGGCGCGAGAAAGACATAGGACTCCGATTCCTTGCCTCTGAAGAATGAATCCTCTTTCAAAGTTTCAGCTAACCATGAGATGGCGCTGTGACCAAAGACGAAAGGTGGAGAAAGACAAGGCGTGCACGCTTCGCTCCTAGTCTTTGGCCTGGCGCGTGCCGCGTATTGCGCAGCCGCAGGGAAGCTGGATGGGGAGGGGTTGGGAGGCGAACCGGAATTGAGGGGTGGTTCCGCGGTGCGCGCGCCTCGACATCCGGGCAACGCCTCTGTTCTGTCCTCCCCCTTCGTCGCCTGTGACAACCGGAAGCGGAAGTGAAAATGGGTGTCCCTGCTGCCTCTTAGCAACAAGAGGGGTCAAGTGACACAACCAGCTGACTCCCGTAGAGGAAGACACTGTGGAGGCCAGTTCTGGAGCTATTGCAGCCTCGGTTGCCCGGCCGGGGACCCGAGCCGAAAAGTTATCGTCAGA,15.909927294513025,3.9918553377162747
6428,ENST00000216452.8,ENSG00000100564.8,PIGH,67581955,67600287,25.644174371207438,1420,1196.05,347.455,6.54503,AAGCGGGTCTGGAGCGGGCGAGACGGCCAGGGCCGGCGAGCGCAGTGCAGCGCCGCGCGGTGCGGGCGGCCGAGTGGGGGCGTC,3.9181141066133294,1.9701594135953018
6429,ENST00000554659.5,ENSG00000100568.10,VTI1B,67647075,67695814,11.044623042195626,5351,5136.99,887.411,3.89205,CCCTTTCGCTGCGGCCTTTCCCCAACCCGGACCCGGCACTTCTCGGGTTCCGCGACTGCCGATCGCCCCGGCGCGGCACCGCTCCCTCAGGAGTCGCCTAGGCCGCGCAGTCTCCCGACTTCTCGTCAGGCTTTCGCGCCGGCGCTCCAGCAATCACTGGCTGGAGAAGGTGGGCGTTCCGGCTCGAGAGGACCCTGCCGCGGCTCCGGAAGAGCCTCGTCCTGGGCGGCGGTGGTGCGGCGGTCGCCGTTATGGCCACTGGGCTGGGCGGCTGACCGCCGGGCTAGGAAAGGGCCCAGGGCCCCGAATCTCGGTGGCCGCTGCTCCAGCGCGGCCTGCGCC,2.837739248518294,1.5047420305005466
6430,ENST00000381346.8,ENSG00000072042.12,RDH11,67647075,67695814,116.7085223956468,2588,2389.68,1108.18,10.448,GTCTGCTCCCCGGGCTGTCGCAATTTGAATTGGGGCGTGTCTAGAAAGAGAAGCCATAGTCGGCGAGCAACGCTGGAGCATCCCGCTCTGGTGCCGCTGCAGCCGGCAGAG,11.1704175340397,3.481611207568966
6431,ENST00000193403.10,ENSG00000072110.13,ACTN1,68874143,68979440,50.85637877150605,3779,4676.05,1448.76,6.98038,AGGAATTCCCAATGAGAGGCGATGGGGGGAAGTTTGGGCAACTCGGCCTGGCCAATGGAGAGCCTCGGGAGGGCTCTGCCCCTTCCCCCCGCCCCCGCCCGCCTCGGCTCCCGCAGCGCTAGTGTGTCCGCCTAGTTCAGTGTGCGTGGAGATTAGGTCCAAGCGCCCGCCCAGAGGCAGGCAGTCCGCGAGCCCAGCCGCCGCTGTCGCCGCCAGTAGCAGCCTTCGCCAGCAGCGCCGCGGCGGAACCGGGCGCAGGGGAGCGAGCCCGGCCCCGCCAGCCCAGCCCAGCCCAGCCCTACTCCCTCCCCACGCCAGGGCAGCAGCCGTTGCTCAGAGAGAAGGTGGAGGAAGAAATCCAGACCCTAGCACGCGCGCACCATC,7.285617512442883,2.8650512570369933
6432,ENST00000557386.5,ENSG00000139990.17,DCAF5,69050881,69153150,1.4535579241352434,2883,3491.22,200.869,1.29627,GAGCGGCGGCGGCGGCGGTTCCAGC,1.1213388600640632,0.16522231548489197
6433,ENST00000557016.5,ENSG00000100632.10,ERH,69380123,69398627,605.2375705810418,1124,1011.6,1296.23,28.8694,CGACCTCCGGCCCAGGATACTTACGTTGCCGCCATTTTTGAGTAGGGCTAATGAAAGATGTCTGATGTCACTGTCTATACCGGTGATCACTTGAGCCGTATGTTTAATAACGAAAGTACGGAAGACAGCGTCTTGAAAAAAAATAATTCTTCCTAAAGCTTGGAAACTTTCCCTTACCTTTTTGCCTTTATCGAAGATGGCTGAAACAGAGTCAGTAGCTGCTCTAGCTGCCGGAAGTGACTGTGCCTCTATGATCCAAAAGGCTCTTTTGCGTTGCACTTTCGACGACTTCCGGCGGCTCCTCTCGCGAGGATTGGCTGTTAGCGGCGTTGTAGTTAAGCTCGTGTAACGGCGGCGGTGTCGGCAGCTGCTGTAGCGAAGAGAGTTTGGCGCG,20.964674381214778,4.389888517618537
6434,ENST00000389912.6,ENSG00000133983.14,COX16,70325081,70417074,70.13392304086832,1717,1298.46,392.219,6.80555,ATTCACTAAGGACCGAGCACCAAATAACCAAGGAAAAGGAAGTGAGTTAAGGACGTACTCGTCTTGGTGAGAGCGTGAGCTGCTGAGATTTGGGAGTCTGCGCTAGGCCCGCTTGGAGTTCTGAGCCGATGGAAGAGTTCACTC,10.305401185924477,3.365328764507621
6435,ENST00000256366.5,ENSG00000213463.4,SYNJ2BP,70325081,70417074,60.93399115408053,7015,6020.15,1079.93,4.04156,GGGCGCAGCGCCGAGATTGATTCACCTTCACCTGTGCTGCACTCCAGCTGACCCAAGTAGGAAGCCAGACGAGCTGTAAAAC,15.076849324043325,3.9142630686207305
6436,ENST00000256379.9,ENSG00000133997.11,MED6,70581257,70641298,77.61614379498192,1995,1644.74,150.548,2.06224,GAAAGAGAACCTGTAAACGCTCTCGGAATT,37.6368142383922,5.234072611450495
6437,ENST00000557597.5,ENSG00000133961.19,NUMB,73275107,73463642,2.2635178599506243,3547,3787.35,290.793,1.72986,GGCGCTTGAGTTGGTCGGGGGCAGCGGCAGATTTGAGGCTTAAGCAACTTCTTCCGGGGAAGAGTGCCAGTGCAGCCACTGTTACAATTCAAGATCTTGATCTATATCCATAGATTGGAATATTGGTGGGCCAGCAATCCTCAGACGCCTCACTTAGGACAAATGAGGAAACTGAGGCTTGGTGAAGTTACGAAACTTGTCCAAAATCACACAACTTGTAAAGGGCACAGCCAAGATTCAGAGCCAGGCTGTAAAAATTAAA,1.308497716549677,0.3879114067509981
6438,ENST00000316836.4,ENSG00000176903.4,PNMA1,73711783,73714372,135.535026935774,2590,2952.85,857.0,6.53884,GCGGCGGGTTGCGGGTAGGACTGGACGCCAGAGCAGCCGCGCAGCGCCTGAACCGCTGCGGGCCGCCGCGGCCGCCCCTTCCCACCCTCGCCTCTGCTGTCTCCAGCCTCGCTTCTCCGACTTTCCTGCTCCTCTGCTGCCTTCGTTTCTGGTCCTCGGCCGTCCTCGCCGCCCGCCCAGAGGAGTCCCCGCGCCCGCCAAGAAGCCGCTTTCCGCTGGCCCGCAGCCGCCGCGACTTCGGCACAGTTTCTCCCTCTGGCTAGTCTCCCAAACGGCCGCTCCTCGCCCGCGGGAAGACCAGGCTGCGACCGCGAACGCCCGATCCTCTCCAGGAGCCGCAGCGAGCGCCCGGCGGCCACGCCCCGCGACCACACCCCGGCGGCTCTCGGCCCAGCGCGCCTGCCTTCGCCGCCCGCCGTCGCTCCTCGCCCGCTGCACGACGACGCGACGCCCCTGCTGCAGGCGGCGGACCCGACCGGACCCAGACCCAGACGCAAGATGGCGACGGCCGCGTGACTGCCTCAGCGTCCCCGAGCTCGGCTCCGAGTGCACCTACGGACTGACTGTGGGGGCAGAGAAGGGCGAGATCAGGACTCTGTCTTTGTTAATCGTGACTGCATGAAGGTCGCCTCCCTCGGGCCTACTTGGTGGGAGTGTCTGGTATTGTTCTAAGGCCAGGAGCACGGTGAGCCACAGTCTGTTGGTAGAATTTGGCGTCTTGATAGTTGAGAAA,20.727686705252612,4.3734872096421755
6439,ENST00000553458.5,ENSG00000119711.12,ALDH6A1,74056850,74084493,32.05924184358629,5499,5124.66,464.353,2.04148,CCAATGAGGAAGCCTGGCAGGATGGAGGGCGAGGCCTGGCAGCTGTAGTGCTTCTGGGCAGTAGAGGCGCGGGGTGCGGAGCTAGGGCGGCCGAGAGCC,15.703921588056847,3.9730529692378616
6440,ENST00000555619.5,ENSG00000119655.9,NPC2,74476192,74494177,90.5461230579949,1035,901.755,215.694,5.38903,GGTCCGGGCGGGTCAGGCCTCTGAGGGGATGGCATGGGCGGAGACTGCAGGCTTCTGGGCCTGAGAGGGCTGGAGCTGGCTTTCCGGAGCCGGGGGCGGGGCGCGGGCGGGCCTCAGCTGTGGTTACTGGTGACAGGTCGCCTGACTGGGCTCCTCCCCGGGCCCGCCCCGACAGGTTTGTCTTGTGACCGCGGGCGGCCGCTGCTTCTTTCCCGAGCTTGGAACTTCGTTATCCGCG,16.80193338281563,4.070555347017235
6441,ENST00000356357.8,ENSG00000119682.16,AREL1,74653437,74713115,4.772289415543132,5456,6034.85,545.155,2.03524,ATAGCCCGGAAGCGGAAACTCCTTGGGGAAAGGGCAATCCCCCGAGCCGGTTCCCAGGCCGGGTGGAGACCAACTCTGGGGTCTGTTGGTGGGAGAGTGGGGAGCCCGTCTTCTGCTGAGTGCTGCCGCCCCTTCCCAGGACAGCGGAGGTGGAACTTCGTCGCGCTGCAACCCCCGGCTCGGGATCCTGGGGCGTCCTTTGGCAGTCGATTGCACCCTGCACTAGAGAGAAGTCCAGGAATGATATATTCTTGGGCTGTATTTCTCTACCCTGGAGTTCATCCAGTTCATCCCAGAAACACTGACCTGATTACTGTGACAAAGTCTGATGGATAGACCCTTTCTGTTGACCTTGTGGCGTTTTTCTTTCATGTGGAAGTTGGAAGACAAGGTGAAAGGGGCCAAAAGTTACCTGCTTTGGTGAATAGGAGTGCTCTACTTGGTTCTCAGAACATGGGCCCTCGTTTAAAGCTGCAGCTGTGATCCTCGGCTGTCTGTTGGCATTGACGGGACCTG,2.3448288238945443,1.2294826076309358
6442,ENST00000555135.1,ENSG00000119640.8,ACYP1,75053221,75069483,26.744232570590107,639,299.87,27.0706,2.03389,GTTGGCGTGGTGGTCCCGGAGTGATCCTGGCAGCCGGTGGGGAAGACAAGGAGGGTTTGAGC,13.149301373520744,3.716914245604048
6443,ENST00000303575.8,ENSG00000170348.8,TMED10,75131470,75176631,225.86885962582772,4127,3597.37,1813.5,11.3578,CCCCGGTTCCGGCGCGGTTGAGGCCTTCGGTGGTGAACGAGTCTCCAGCACC,19.886673442552937,4.313730063401644
6444,ENST00000256319.6,ENSG00000133935.6,C14orf1,75649791,75661189,65.28760009710633,2633,3011.49,752.274,5.62803,CGTCACCGCCGCGCAGCGCGGGCGCAGAGCCCTGCCCTCAGCTGAAGGGAGTCTTCTTTTTTTTTTTTTTTTCCGCTGTTTTTTTCTCCGCCCCTAAGAGGTTGACTCCAAACCCGGAGTTCCGCTAGGTCCAACAGGAGGGCTTACGGCGTGAGCGGCGTACCTGGGGAGAGGCTTAGGCAGCGGCAACCGCTGATTGGCAGTAAAGGGGTTCACTCCCCATCTCCTGCTCGGGCGAAACCGGGACAGCCAATCAGAGAGAGTACTGACGGAAACGGCCCAATCCTGGAGCAGGGCTGAGGGAGGGGGCGGGGACAAATGGCTCAGGTGGACTCCGGGCTGGAGCTGTCCTGGGGGAGCTTGTTTGCGGCAGCGGCTGCTGCTGCCACTGCTGTGCTGGGGGCCCGGTCGCCAGGCAAAAAGCCCTCCCACGTTTGAGGGGAGTC,11.600435693680797,3.5361070865598982
6445,ENST00000251089.6,ENSG00000013523.9,ANGEL1,76781733,76826246,15.458409175660712,5176,6641.63,459.44,1.55854,GTTGAAGCGCGGCGGCGGCACCACGTGGGCCGGACCGGGCCGGGGGCGGGGCCGAGCTGAGGGAGGACCTGCTGGCTGCAGTGAGGAGCGGAGGCGGGCGCGGGCGGCCGGCC,9.918519367908884,3.310124771821287
6446,ENST00000261534.8,ENSG00000009830.11,POMT2,77274956,77320884,5.612744646524333,4876,6572.24,356.6,1.22245,TGCGCCTCCTGCCGCCTCCTAGCGGCCCGGGCCGCGACCACGCTGCCCGCCCCGCCCCGAGCCCGGGGCCCCGCGCTCCGCTGCAGTGAAGGGCGTTGCATTTCCCGGGGTACCCCGAGCTGCCCTCTTGTGACTCCTTGGCGGGGCGGCTGGTCAGACAAAGTGTGCCTCCGGGCCGGAGGGCGACCCAGAGGAGGGGGAAG,4.591389951756172,2.198930966917151
6447,ENST00000216468.7,ENSG00000100580.7,TMED8,77335021,77377109,17.039129610081197,7784,7833.03,917.482,2.63894,GCTGTTTCCGGAGCCACTCGCGGCTGGCAGCGGAGAGCTCCGTGCGCGGGCTGCAG,6.456808267744321,2.6908211874877197
6448,ENST00000216484.6,ENSG00000100596.6,SPTLC2,77505997,77616773,35.35527417558469,8170,8166.55,1200.28,3.31136,GCGTGGCCTTGGCCGAGACCGGTCCTCTGCGGAGAGGGCCCCGCCCTCTGTGAAGGCCCGCCCGGGAATTGGCGGCGGCGCTGCAGCCATTTCCGGTTTCGGGGAGGTGGGTGGGGTGCGGAGCGGGACTTGGAGCAGCCGCCGCCGCTGCCACCGCCTACAGAGCCTGCCTTGCGCCTGGTGCTGCCAGGAAG,10.676964804667776,3.4164296779057515
6449,ENST00000216489.7,ENSG00000100601.9,ALKBH1,77672404,77708020,17.61269687590154,2594,2643.23,286.703,2.44377,GGGTATAGGCCGCGAG,7.207182703732978,2.8494354184593758
6450,ENST00000261531.11,ENSG00000100603.13,SNW1,77717599,77761207,61.20261668057529,2163,2098.1,1154.93,12.4019,CCTCATCATCTGGAAAGACCCGCCCAGCGGTGCTGTCGCTCGCGCTGGAAGAAGCGGAAGAAG,4.934938733627532,2.3030321739946626
6451,ENST00000555265.5,ENSG00000100629.16,CEP128,80476983,80959517,7.886215499297768,4662,3865.87,281.679,1.64161,CAAGCGGCGGCAGCGGGGTCCTGTACTCTTGCTGTGGCTGGGCGGCTAGTTCAAGTTGCCATAGCTGCGAGTCTGGGGAGAGCACAGTCGGTTGAGTCGCTGCGTTTGGTCAGTTGCACCTTCTGGGTCACTGGTAGCCGCGGGAGCCGGGTGGGGCCTAGGCGATGATCCGGCATTAAGGAGCTGGGATCATCCTCCGTCTCAGGTGGTTTGGGGAAAGTGTAGGGGCAACCAAAGATCATCGGCTTGACTAGGCCCTTTGCCCTGAACCTCATGAAGAAATGATAGGAGGCAGACATATGTGCCTAAAAAGAGCGTTGAGCTCAGAGAAGAGCAACTCGGAGTTTTGGGGGTGTGCTTTGATTTGTGTACATCA,4.803951912633188,2.264221709796076
6453,ENST00000553612.5,ENSG00000165417.11,GTF2A1,81175452,81221377,61.891193606428445,6306,4926.23,883.618,4.04122,CGCAGCTTGTTGGCTCGCTATATAAAGGAGAGAAGCGGGCGGACCGGACGGCTGGAGCTGCAGCCGGTGGCGGCAGCGGCGGCGCAGGGAGCGGTGACCGGTGGTGGTTTCCCTCCTTGGCGCGGGGTGGGGAGCGGGCAACGCCCCCCGGACCCCTGAAGGGTCGTGGCTTTTTTTTTTTTTTTAAGGCGATTCTCGAGGTTTTCAGCTGCGGGAGGAGTGCCCCCCTCCTCCTCCTCTCTCCGCTCTCCCCTACTCCTTCAGGATTGATTTTGTTTAAAATTTTTTCCCCAATCTTGCGGTGATTTGGGTCACCCTCCGGGTGTTATAGTTTTTTTTTTTTTGGTTTTGTTTTTATCTTGTTTTCTTGGGGTTGCCCCCTCTTGTTTGTGTTGTGTGTGGAA,15.314977557873227,3.936871347742044
6454,ENST00000555447.5,ENSG00000140022.9,STON2,81260656,81436465,3.538151495322703,4302,4880.56,227.054,1.04815,CTTGGCTGGTCACAGCACAGTGCTCCTGGGCCCAGGGGCTGTGATCTCCTGTCATTTGGTTGCCATTTTCCTGTGAAGAGGGTAGAGAATATGCACCCAGTCAGGAAAACAACTCACGAGGCAAAAAAGTACATCTCGTGGATGGAGCAGGGCGAAGTGGTTACAAGTACAGACTCTGGAGCCAGACTGCCTGGGTTTGAATTGTGCGGTTTCAGATTTCTGCCTGGCAGATTAACCAACGGCAAGAGAGGCTGATCTGTCTACATTCTGAGTACTGCCCTTGGCAAGACACCTAGAACAGACCCTGGACCCAAGTCTACCGTACTACCATACCCCTACTCCAGCCCACCCCAGACAGTATTCTGGGGTTCACCTGAGGTCAGCAGTGTGAAGATGACCAGTGCCTTTTTAGC,3.375615603990558,1.755150627448299
6455,ENST00000336735.8,ENSG00000071537.13,SEL1L,81471549,81533861,24.457741880851017,7925,6600.54,878.971,3.00025,GCGGAGGAAGGAGACTAGAGCAGGAAGAGCAGCGGCGAGGCGGCGGTGGTGGCTGAGTCCGTGGTGGCAGAGGCGAAGGCGACAGCTCTAGGGGTTGGCACCGGCCCCGAGAGGAGG,8.151901301841853,3.0271365843539115
6456,ENST00000345097.8,ENSG00000053254.15,FOXN3,89124871,89954777,2.1235870092420157,7832,8230.18,494.435,1.35351,CCGGGAGACGGCGCGACCCGGCGGCGGGGCCACCCGCGAGTCCAGCGTCGCCGCAGCCCCCCAATGCGGCCGCGAGAAGCAGCGGGGGGGCAGGCGATCGAAGGAGCCTTCACGTAA,1.568948149065774,0.6497976745993521
6457,ENST00000554684.5,ENSG00000100796.17,PPP4R3A,91457611,91510554,26.46244404808161,4108,3567.44,281.611,1.7785,CGCCTGTCGGCTTCTGACGTTTAAAACAGGGGGAGCGGAAGGGAGCCACTGGCCGCGGTGGCAGGGCCAGGTATAAGGAAGGAAAATATGGCGGCGGCGGCGGCGGCCTGAGGAGGCGGCGGCGGCGCGGGAAGCTGCTTCGCGGAGATCATGGCGGAGGCGGGAGCAGGGCAGTGACGGGAGCCCCGAGTTCCTAGCGCTGCGGGGCGGGAGGCTACGAAGCGCTGCGCGGCCCCCTCGGGGCTGCCGGGCGCCGGGCTCGCCAGGCCTGGACAATAGCGCCGGGGAGCCGGAGGCGAGGAAAGGCGGCGGCCCAGAGCTCGGTCCCTGGAGCGGGCCATGCAGGCGGCGGCGCGGCCCCGCGGCGCCCAGCGGCGGCAGTGAGGCCGGGGAGCCCTCCGCTCGCGGGCGCCCTCACGCCTCGCCCCTCGCCTCTCCAGGGCCCCTTTCCTGGGCGTCTACTGGCGGGGCCCCCGCCCCGGTTCCCGGGCGGCACG,14.879080150734671,3.8952134343041944
6459,ENST00000267622.8,ENSG00000100815.12,TRIP11,91965991,92106621,16.643224412531943,9996,7452.26,1002.29,3.03018,GATCCGCTGCCGCTTTCCGAGCGAGTGTCATGGCGGCCGGCGTCGAGTTGGCAGGAGTAACCCACGGAACTGAGGAAAGTCATTAGAGCTGAGAAAGAAGTGGCCCAATCTGGACGGTGGGAATTCGTGGGAATGAGCAGAAGGCCCTCCGTAGGTGACTGTGTCACTAGAGGCGGGCCCCTGGTAAAATTCCAGGCCAGGCCTCTGCGTTTCTAGGCAGAACCTGGAGTCGGCCTTGCCTGAGAACCCAGCTTTGTGTTATCGTATCCTGTCTCGCGAAGGCAGGCGTTCAAGGATATTTGGTCGGATCGCCCGGCGGCGCTAAACGTTTTCTTTTTTCCGAGCGGACCGGGTCGTTCTCTAAACTCGCCGCG,5.492487051109816,2.4574595634065535
6460,ENST00000553514.5,ENSG00000183648.9,NDUFB1,92116122,92121917,924.1627825748598,454,233.388,17.4025,1.67994,CCCGAGGTCGCAGCTTCCACTGGCGCGGGTTGAGTTCCCTGTTGCCCTTGGTCTCGGGGTCGCTGTAGGCGCTGAGGCTGCAGAGACTCGCTGTATCCCCCAGGCTGGAGTGTAGTGGCGTCATCTCAGCTCACTGCAACCTCTGCCTCCCGAGTTCAAGCAATTCTCCTGCCTCAGCCTCCTGAGTAACTGGGACTACAGCTATC,550.1165414091336,9.103593473688955
6462,ENST00000334869.8,ENSG00000100600.14,LGMN,92703807,92748702,64.6565249337186,2055,2244.33,527.148,5.29186,AGATGCCACGCCCCATAGCTCCACCAGTCACCGCGGCACAGTGGCCCTTAAGCGAGGAGCGGCGGCGCCCGCAGCAATCACAGCAGTGCCGACGTCGTGGGTGTTTGGTGTGAGGCTGCGAGCCGCCGCGAGTTCTCACGGTCCCGCCGGCGCCACCACCGCGGTCACTCACCGCCGCCGCCGCCACCACTGCCACCACGGTCGCCTGCCACAGGTGTCTGCAATTGAACTCCAAGGTGCAGA,12.218109499064337,3.610949169952388
6463,ENST00000298894.4,ENSG00000165943.4,MOAP1,93182196,93184928,65.22146109182091,2441,2440.47,400.918,3.70122,CCCTCATGACGTCAGATCGCCCCCGCCCGCCGCGCAGCTTCCCCGAGCGAGACCAAAACAGGTGGAATCCGGGCTGGAGCCGGAGCTCCGGCGGCGCGGGTGGCGGCACGTCCCTCCAGACAGTACCACAGGCACCTGGAGTACCGGCATCGGTCGCTGTGGCCCCCGAGTGTCCGTCAGAGCCTAGGGGAGCCTGCCCTCCCGCGCCTCGTCGGGGCCCGGCCAGGCACCTTGGCCGCCGGCGCACGGACGCGGGCACGAGCACTAGATCACGGCTGCTGGACCTCGGCACGTTGACAAGATTTCTCTGGGGTACCGCGGAGGATTACTTTGAATTTCGGTGGTCGCCTGTGGTCTGGCATATTTAGAACTTAAGTCTATTATTTCGGGCACC,17.621611547495394,4.139273963825815
6464,ENST00000306954.4,ENSG00000170270.4,C14orf142,93202894,93207094,71.33195166857264,1154,897.204,312.0,7.83476,ATTTCCGCCTCCGGGTGGCGCTTCCCGGTGTCGTGTTCTGGAAGCTTAGCGGTCACC,9.104548405895349,3.1865874599552355
6465,ENST00000334746.9,ENSG00000011114.14,BTBD7,93237550,93333092,4.130914647236318,8430,8068.97,493.41,1.37769,GTCAAAATGGCGGCGAGGGGAACCTGGAGCAGTCCCGGAGCCTGAGCCACTGACAGGAGAGGAGAGGGCGGCGGCGGCGGCGGTGGGAGGAGGATGGCCGGGGGTGCTGGCGCCGGTGCGGACGGCGGTGCTGGTGGCGGCGGCGGCGGAGGCGACGGCAGCGGTCCCAGCGGCAGCAGCAGCGGCGGGAGGAGCCTCCGGGAAATGGATGAAAAGAGGCTGCTGGATCCAGGGTTGAAGGTTCATAAAGGCCTCTGGGATTATACTCTGAAGAACCCGCAGACGGAATGCCTGAGTGACTGAAGAAA,2.9984355313868267,1.5842099541115546
6466,ENST00000238609.3,ENSG00000119632.3,IFI27L2,94127779,94130253,23.333643590465616,511,398.459,126.418,7.14806,CTAGGGCAGAGTAGGCGCGTCCCTACTGGATGGAGGGGGAAGTAACACCCCAAGAACGCTGTCATTTCCTGGGCCAAGTTGGGACCCGGACGGCCTCACC,3.2643323629719974,1.7067879549810434
6467,ENST00000343455.7,ENSG00000100697.14,DICER1,95086228,95158010,17.1590067441965,10277,8806.83,1090.98,2.79101,CGGAGGCGCGGCGCAGGCTGCTGCAGGCCCAGGTGAATGGAGTAACCTGACAGCGGGGACGAGGCGACGGCGAGCGCGAGGAAATGGCGGCGGGGGCGGCGGCGCCGGGCGGCTCCGGGAGGCCTGGGCTGTGACGCGCGCGCCGGAGCGGGGTCCGATGGTTCTCGAAGGCCCGCGGCGCCCCGTGCTGCAGTAAGCTGTGCTAGAACAAAAATGCAATGAAAGAAACACTGGATGA,6.147956024591993,2.62010684568419
6468,ENST00000359933.5,ENSG00000066739.11,ATG2B,96279202,96363870,7.6776743395306974,13684,13704.2,1181.4,1.94224,GGTGCGGGCGGGGATGCTCGAGAAGGGCTCCAGTCCTCCCAGCGGAGACGGCGGAGCCCCAAGTGTGCGTTTCCGGGGCGCCGAGGTCTGAGGGGAGCCGGGAGAGCCAGGCCGGCCAGACCGGCCCCCAGACCCCTCTTAACACGGGCGCGGGGCCCCTGCAGCCTGCCGCCCCTCTCGGCCCAGCCAGCTGCATGGCGTCGCGTCCCCATCCGGAAGGCCTGACGGCCCGCCGGCGCCCCGAGCCCCTAGCCCTTCTCGGGGGCCGCCCCTCGCCCGCAGCCACCCCGGCTGCCGCTCACCTGCGCGCCCGGCGTCCTCTTCTTCCTTCCTCCGGAGGCGACTGGAGCCGACCGGCGGTGCCGCCCCCTCCCTCCCCGCCTTCTTCCGCCCCGCCCCCTCGGAGCCGGAACTGCTCCAGCCCCCGCCCTTCTGCCCGCCTTCCGCGGCCCCAGTGTGGCGTCACTTCCGCCAGCGCCCGGCGGCGCGCCGGGAGTCTGGGTCTCGTGAACGCGCCAGGAGCGTCCCTACAGCCGGGAACGCGCCTCGCGGATGACAACAAATTCGTCGCGCGGCGGCAGTGGCGGTGGCTGCCTCAGCCCCTGCCGCCTCCTCTCGCGCTCTCTTGCACTCTCTCCGAGCCGGTTGGGACCCTCCTCGGAAGTCCCCTGGCCTGGGGCCAGGAGGACCCCTCTGCGTCTTGCCTCCGCCAGGCCCAGCGCGAGCGGTGCGGCGCCGGCGATGGGGTCTCCCTGAGGGACTCCCGGCACCAAATAGGGATGGAGGGGCCGCCCCAGGCTTAGGCCCCGCCGCGGCCTGGAGCCGGAGTCGCTACCCCGAGGCCGGAGCCGTCGCAACCCGCAGCCGCAGTCAGCCCAGCTGCCAGCAGTCACT,3.9529998041079875,1.9829478836643715
6469,ENST00000331768.9,ENSG00000183576.12,SETD3,99397746,99480889,28.81930560423008,2878,2705.77,922.468,7.68109,CGCGGTCGCGGGGCCGTCTCAGGCTGCCGTCCCGCCCCTCCCGTCCGGCCGCCGCCGCCGCCACCGCCGCCACCGCCTGGGGGTTGGTTGAGGCGGACGGCGGGGTCCGGGCCGGAGTACGTCGTTCCCGCTGCGCTAGGGGAAGCGGGCAGTCAGAAAA,3.75198124279628,1.9076526154352644
6471,ENST00000392882.6,ENSG00000140105.17,WARS,100333788,100376805,161.18562484578666,2938,3227.8,270.238,1.88626,ATTTGGAGGCCAGCGGGGGGTGAGGGGTGGCTGATGCAATGACCAGCTAATGGCTCGATTCTCAAGAGGGTTTCATTGGTCTCAACCTGGCCCCCCAGGCAACCCACCCCTGATTGGACAGTCTCATCAAGAAGGTTGGTCAAGAGCTCAAGTGTTTCTGAGAATCTGGGTGATTTATAAGAAACCCTTAGCTGAATGCAGGGTGGGGAGAACGAAAGACAAAAGCATCTTTTTTCAGAAGGGAAACTGAAAGAAAGAGGGGAAGAGTATTAAAGACCATTTCTGGCTGGGCAGGGCACTCTCAGCAGCTCAACTGCCCAGCGTGACCAGTGGCCACCTCTGCAGTGTCTTCCACAACCTGGTCTTGACTCGTCTGCTGAACAAATCCTCTGACCTCAGGCCGGCTGTGAACGTAGTTCCTGAGAGATAGCAAAC,85.45249586259935,6.417050725068583
6473,ENST00000361246.6,ENSG00000198752.10,CDC42BPB,102932379,103057462,10.130334597562303,6758,8380.55,1219.65,3.27886,GGGCGGGGCTGAGGGCGGCGGGGGCGGGCCGCCCGAGCTGGGAGGGCGGCGGCGCCGAGGGGAGGAGAGCGGCCCATGGACCCGCGGGGCCCGGCGCCCCAGACTCTGCGCCGTCGGGACGGAGCCCAAGATGTCGGCCTAGGCCGGGGCGCGACGACGCGGACGGGGCGGCGAGGAGGCGCCGCTGCTGCCGGGGCTCGCAGCCGCCGAGCCCCCGAGGGCGCGCCCTGACGGACTGGCCGAGCCGGCGGTGAGAGGCCGGCGCGTCGGGAGCGGGCCGCGCGGCACC,3.0895904666750953,1.6274156177887649
6474,ENST00000348956.6,ENSG00000166165.12,CKB,103519659,103523111,2608.92342513232,1709,2315.06,13976.1,136.015,AGTTTCCCGCCCAGAGGCAAGGGCGTGCGAGGGGATCCAGATATCCAAGGACCTGAGGTTTCGGCCTCGAGGTCTTGGGCGGGGGACTGGGCAGGCTGCGCGGGGTCCCAGCGAGGGGACAGCTCGGGTGGGCGGCCAGGGTGTTGGGGGCTGCGGGCGGCGGACAAAGCGGCGGCACCACCCCGCGGCGCGGGCCAATGGAATGAATGGGCTATAAATAGCCGCCAATGGGCGGCCCGCGTTGTGCCCCTTAAGAGCCGCGGGAGCGCGGAGCGGCCGCTGTTCGCCTGCGTCGCTCCGGGAGCTGCCGACGGACGGAGCGCCCCCGCCCCCGCCCGGCCGCCCGCCCGCCGCCGCC,19.18114491146065,4.261616931447229
6475,ENST00000202556.13,ENSG00000088808.16,PPP1R13B,103733752,103847590,6.081579689787634,4958,6436.35,384.832,1.34708,GGGCGGGCGGGCCGCAGGCTGTCGGGCTGGGGCTGAGGCTGAGGCTGAGGTTGAGGCGGCGGCGGCGGCGGCCGGGTGCCCGGGACAGCGACGCAGCGCGCCGGCGGCCGCGACAGGGCCAGCGAGAGCCCCGCAGCCCGCCGCAGCTGCCGCCTCGCCGCGGCCGGGCCGGAGAGCACGGCGGCGGGAGCGCGGCCTTAGGAGGCGGCCGGAGCGGTGGGCACAGCTCGGCGCGGAGCGTCCTGTCAGGCGGCGGCCGAGGGCGTCGCGGACTCTCCCCGCG,4.514638840891138,2.1746105805531375
6477,ENST00000414262.6,ENSG00000156411.9,C14orf2,103912288,103928269,1220.2773975677717,842,652.484,32.6378,1.12697,GGTGCGTTCTGAGCCGTCTGTCCTGCGCCAAGGGAGCGTACCTTGGCCTTGAGAGGTTCAGCTGCCTAACCCAGAGGCTACGCAGAGTTAGAGAAGCCAGAGTCCAAGCCAAGAACTCTGACTCCACATCCAGTCCCTTCTCTCCTTTATAACTCAAGTTTCCTTGCGCCACACTGCCCTCCACGTTATGCTGTACATGACAACTTGGGTGAGGCAACAGGGAAGCTGAAAAGAGATCATACGGTGCTGA,1082.794925834558,10.080544316623435
6478,ENST00000336219.3,ENSG00000170779.10,CDCA4,105009573,105021148,128.6932088362105,2513,3076.95,532.074,3.89595,AGCGCAGCGTCGACCCTTTGTGGACGCCGAGTGGCGGTCGCTCGCCCCGCCCCGCGCCGTCGGGCGCTCCTTCCTCAGCGGCGGGAAGCTGGCGGCAGCGGCGGTGGCGGTGGCTGAGCAGAGGACCCGGCGGGCGGCCTCGCGGGTCAGGACACA,33.03256172081533,5.045816951843716
6479,ENST00000392568.6,ENSG00000183828.14,NUDT14,105140981,105181323,10.11782764228036,845,1022.22,100.888,2.2236,GTCACGCGCCCGCCCGAAGGCTCCTGTCGGGACAGGGCGCCGCCCCGTGTCGGCCCCCGCAGAGCTCGCGGCCCCCGCCTGTCCGGGCGCCGCC,4.5502013142113515,2.1859303757705506
6480,ENST00000547530.6,ENSG00000185024.16,BRF1,105209286,105315589,14.295776570350538,3358,5050.42,323.265,1.44209,AGGCTCGGGTGGCTTGAGAGTCTTGGGAGGCTCCGGGCGCTGCCCGCGCGGTCGCCGGC,9.913234659661004,3.3093558814294814
6481,ENST00000337435.8,ENSG00000170113.15,NIPA1,22757857,22829791,19.958309791249107,6567,6376.58,677.59,2.39409,GGCTCGGAGGGCGGGCGCGGGCGGA,8.336491022162537,3.0594402553486777
6482,ENST00000398014.6,ENSG00000140157.14,NIPA2,22838641,22868384,118.12051255804728,3130,2615.62,174.989,1.50729,GTCATTTAGCCGCGCCTAGGTTTTCCGGCGCCGGCCCTAGGTCCCGGCAGCGGTGGTGACGGCGGTGCCGGAGGTTGTCCTTGGCAGGTTTTCCTCGGCGCTTCTCCATGGAGGAGGCGGTGCGAACGGCTTCAGCCCCGAATGCTCGCATCTCCCACTGGACGGCGACGAAGGCGGTGGCCGTGCGAGCGCAGGACTGGGCGGCCTGTGTGGGGGTGTGAGCCGCGGTGCCCAAGGCTGCGCCGGCGAGGGGAAGCCGCGCGGCCGGCCGGCCGACTAGGGCTGGAGCTACTCGGCCAGGGTTTAAGACTTTAAATGAGAATAAAGGGTGGTATTTACGAGGAAATGAGAGTGAATAAGTCATCTCTAACCTCTCCCAGCCTTTTTTTCATAAGAGAGACCATATTAAACTTACATGTTTGAAGACTGCTTCATTCTGCCTCTAGTACCAGCGGTTTCTCTGTTCTGTGATCAATGTGATTCACAGGAACTCCTTAAGTAACAAACGAA,78.36614888843373,6.292158695948926
6485,ENST00000362065.8,ENSG00000198690.9,FAN1,30903852,30943108,6.134965532655452,4891,5145.31,526.339,2.30471,GGCGCGCGGAGCCAGGTGGGAGGTGCGAGGTGGCCGCGCGGGGATCTTGGGTGACAGGGCACCGAGGGAAGGAGGACGCGAGGGCAGCCAGGCCCTAGGGAGCAGGGAGAGTGGCTCGGGCTCAGTCGCGTGGCCCCAGGAAGAAGAAATTGTCGAGACGAATAACATGAGGTCATATAGAATCCCACTTTTGGTGATTTCAAGTCAAGAAAGTAAAAGTAAACCATTGCTATCTTTCACCTTAAATATCCTGTGTTTTATTGCTCAGAACATCCAGTTTTTCTAATACTC,2.6619251587642054,1.4124700097931644
6486,ENST00000361627.7,ENSG00000198826.10,ARHGAP11A,32615144,32639949,11.864253324696383,5898,4717.59,967.899,4.62245,GAAACTGCGGGTGTGACCCCCCCGTGGTGGCTCTGGGTGTCTGCGGAGGAGCTGGGGGCGGAAGCATGAGGCTAACGGCTTGGCTTCAGTGAACGCACCGGGATGTGCAGGCCGGGAGGTAGAGGCAGGCTGATGGGGGAGGGAACGAGCAGCCTGTGAGACGGGGTGACGGCGGCTACCAGCCCGGGCGGGCACCGGGACTGGAAGAGTTGCCTGAGCAGCCGGCTGGTCCGGCGGCCAGGCTAGGGCGGGGGCGAGCGCCCAGTTGAGCCTGCTGGGGCTGGAGGAGCGAGAAGGGTTTTCTTCACATTTCAGAGCGAACCAGACGGGGACAGTAAGGTTTGGAGGAAGGGGGATCGTTGGAAGTAGCAAGAAGTGGAGAGAATCTGGCAATAGACGAGAAACCGAAAGAATCAGAAAGAAGTCTATGTGAGTAGCTGAAAGCATTGGGTGACCAGAAAGAAGGTCGGTGTAAGTGAAGGAAGAGTGAGGTGTGGCTGGATCAAAGGGCTAAGAGAAGCGGGTCTGTGTAAGTGGATGTGAGTGAGGATCAAGGAAAAGCCGTGGAAGTGGCCGGGGGTCGGGGCCGCAGAAGTGCCAGACGGGGCCGGAAAGCAGCCGAGCGGAGTTCAAATTTGAGAGCGTTTGGAAATTGGAAGACTTGGTGGCGAACGAGGGTCAGGACCTGCATCCTGCCTCAGAGAGTTATCGACGTATCCGGA,2.56665909305593,1.3598916880369911
6487,ENST00000397766.3,ENSG00000182405.5,PGBD4,34102073,34108684,2.329903956378536,6612,6192.75,286.665,1.04292,TGTGTCAAGTGCCTATGAAGGGGACTGCCCATGAAGTGAAAGTCAAGTGTGTGTTGCTGCGGCAGCCACGGAGGCCAAGGACCTCACGGGAGTAAAAGATGACGAGACTGGCTTCGGGAGAAACACCATCCAGAAGAGACCTTTCAAAAAACTTCTAGAGACTCCCCAAGACGTATGAGATGAAAGGCTTCTTCTGTCTGTGTGCGTTTAACTCATTTCTCCTTAGCCCCGAGATTACGCGCTGCTGTGCCTGCGACTGCAGCGTTTACGCCGAGATAACTCGTGGATTACAGTGCCAACCTTACTCCCAAAGTTTGCCACGAAATATCTCGCTTCTGTTATTTTCGCATGGTTCTGGTATATTGACTTTTGAAACAAAAGACATCATTCTGTTTATAGCATTCTGTTTTTAGTAGTGGGATTTCCATCTACAAAATATAGTAATTCTCGATCGCTGAA,2.2340198254693897,1.1596419888559006
6488,ENST00000267750.8,ENSG00000128463.12,EMC4,34224999,34230156,165.76829975317057,1036,886.184,557.602,14.1763,ATTCACGCGCCGGAAGTGCATTTGCAGAGTGAGACAAAGCGGAGAACGCTGGTGGGCCTGTTGTGGAGTACGCTTTGGACTGAGAAGCATCGAGGCTATAGGACGCAGCTGTTGCC,11.69334027589502,3.5476151985049817
6490,ENST00000566621.5,ENSG00000186073.11,C15orf41,36579611,36810248,15.771813423934589,2866,2565.74,168.339,1.4782,AAGCCAAGCTAGGGCACTCTGGTGTACAGCCAGTCCCCGCCGCGGAGGTGCCGGTGGAGCCTGGGACCGGGCGAGTCTCCGCCCCGCTTTTGCAGCTAGGGGTGTGTTTCAGGGGGGATTGGGGCAAGCCAAGCAGGCGAGGACCCGGGCCTGTGCCGCTTTGCCTACCCCTCATCCCTCGGCACCAAGGCTACTTGAGCCCCAGGGTGTTTTTTCCTTGTTCCCGCCACCTCCTGGTCCCTGGCCCAAC,10.669607241195095,3.415435164994489
6491,ENST00000397609.6,ENSG00000171262.11,FAM98B,38454127,38487710,95.78908538340636,4388,3687.37,819.583,5.00769,ACTTAGAGCGCCGAACAGCTCTGGGCCAAAGGACC,19.128397601170672,4.257644118091969
6492,ENST00000263791.9,ENSG00000128829.11,EIF2AK4,39934146,40035591,9.03709789824228,5499,5659.05,1090.24,4.3405,CGCCGCCCAGGCAAGGCCGCCCTGCCTTGGGCGCAGCGCTGCC,2.0820407552683515,1.0579983091983611
6493,ENST00000287598.10,ENSG00000156970.12,BUB1B,40161023,40277487,53.01880484465517,3725,3483.33,2152.5,13.9222,GACCGCGCGGGACCGTTAAATTTGAAACTTGGCGGCTAGGGGTGTGGGCTTGAGGTGGCCGGTTTGTTAGGGAGTCGTGTACGTGCCTTGGTCGCTTCTGTAGCTCCGAGGGCAGGTTGCGGAAGAAAGCCCAGGCGGTCTGTGGCCCAGAGGAAAGGCCTGCAGCAGGACGAGGACCTGAGCCAGGAATGCAGG,3.8082203132159553,1.9291169438743079
6494,ENST00000487418.6,ENSG00000128928.8,IVD,40405795,40435947,65.58333481565043,1809,2257.09,161.813,1.6152,AGTTTCAGCGCTGGCTCTTCGTGC,40.60384770656911,5.3435445416121565
6495,ENST00000416165.5,ENSG00000140320.11,BAHD1,40439721,40468242,13.590131768512837,4526,6972.12,372.345,1.20321,CAGCCCGGCCGGGGCCTGCGGGCGCCCAGAGCCGCGCCGTCCGCGCCGCCCGTTCTGGTTGGAAGTACTCC,11.294895960399963,3.497599076720058
6496,ENST00000315616.11,ENSG00000166133.17,RPUSD2,40569300,40574943,21.29007650138968,2358,2754.06,203.733,1.66667,GATCGCGACCCTGGGAGTGGAGTGGGGGCAGCGTGGTT,12.774020352793102,3.6751407491531576
6497,ENST00000399668.6,ENSG00000137812.19,CASC5,40594020,40664342,11.014318739456376,7607,5992.54,1120.52,4.21279,AGATTTGAATACTTCACTGAGGCGAGCCGGGCGTTGTGAGCGGACTGCTAGAGGCGGCTGTCTGTTTCCGCTCTAAGGAAACTCAGAGCGTGTGGACCCCAAACAAGTCTGCGCAAAATTTGTCGAGGAGGTTTGCCGCGGCAGAAAAGTTTTCTTCAAAA,2.6144950827020517,1.3865323567909749
6498,ENST00000267868.7,ENSG00000051180.16,RAD51,40694774,40732339,12.9113949059503,2449,2445.22,136.179,1.25474,GAGGGTTTGGCGGGAATTCTGAAAGCCGCTGGCGGACCGCGCGCAGCGGCCAGAGACCGAGCCCTAAGGAGAGTGCGGCGCTTCCCGAGGCGTGCAGCTGGGAACTGCAACTCATCTGGGTTGTGCGCAGAAGGCTGGGGCAAGCGAGTAGAGAAGTGGAGCGTAAGCCAGGGGCGTTGGGGGCCGTGCGGGTCGGGCGCGTGCCACGCCCGCGGGGTGAAGTCGGAGCGCGGGGCCTGCTGGAGAGAGGAGCGCTGCGGACCGAGTA,10.290095881178809,3.363184519943027
6499,ENST00000260447.5,ENSG00000137880.5,GCHFR,40764020,40767710,32.82330259599945,777,942.982,174.648,4.17276,CACGGCGGTCACGGGCAAGGTGCCCCGGGATTGACGCCGCCTGTGGCCAGAGCCGGAGTAACGGGACTCCCAGCTGCGCGTCGCAGTCCCGACGCGAGAAGGGCTGGAGTCGGCGTCCAGCCTAGAGCCCCCGGTGGGAGCCAGGCCGGGACGCGTGCACC,7.866089254114651,2.9756465561941274
6500,ENST00000220509.9,ENSG00000104142.10,VPS18,40894430,40903975,9.946229217427389,3895,5656.7,425.65,1.69532,GCCCGCGTCACGGGGGCGGGAGTCAGCTGAGCTGCCGGGGCGAGGTTGGGATCACCTGGCACCGGCTGAAGGGAGCCTGTGATTTTTTTGTAGCGGGGGCGGGGAGTAAGGTGCAAGACTGCGCCAGATTCAAGGACGAGGGCTGCCCGATTATCTCGCTGCATAAGGCAAGAGCAAGAGGATCCTCAGGATTTTAAAGAGGAGGCGACGGCTGCAGGTTCCCAGGATCTGTCAGAGGCTGGGGAGTTACAGCTTCCATTCTGGGGCGACGGGGACCCCGGGGGGGTAGCCCTTTTGTAATCCCCAGGCCCCGGACAAAGAGCCCAGAGGCCGGGCACC,5.866874228716342,2.5525920645246827
6501,ENST00000334660.9,ENSG00000187446.11,CHP1,41230839,41281890,46.2444913169823,3329,3530.04,1039.5,6.63445,CATTCGGGGCTGGAACTCGAACGCTGACGTTGGCTCCTGAGCCGGGCGCTGCCTCGCGCCTGATTGGCGGGTCCTCGGGGCCGCCCTCCCCAGCGCACCACCCCTGGGTTCCCTCCCGGGTCCGCAGTGGAAACACTGCCCTCTCCCTTCTTGACCCCTAGCCCTTCCTTCCCTCCCTCCTTCCCTCCTGTCGCCGTCTCTTCTGGCGCCGCTGCTCCCGGAGGAGCTCCCGGCACGGCG,6.970357952352086,2.80123274545139
6502,ENST00000260359.10,ENSG00000137804.12,NUSAP1,41332694,41381050,49.49577889846999,2409,2162.73,628.415,6.54646,GCGTTACAGGCCCTTTGGCGCCTGCGTATTCGTGAAGTGTGAAAAAAGCGCGCCTCTGTTGGGACGGGAAATCAGCCTTTCTATTGGTCAGGGTTAGAAACCCCGCCTTTGAGGCATTTTCAACCAATGGAAGCGCGGCATTCTTCATTTAAACTGTCTATAAATTTCTGCCTAGTCAAAGTTAAGAGTGGCGCCAGGGATTTGAACCGCGCTGACGAAGTTTGGTGATCCATCTTCCGAGTATCGCCGGGATTTCGAATCGCG,7.560693702927994,2.91851860956014
6506,ENST00000389629.8,ENSG00000137815.14,RTF1,41408408,41483563,36.39965874653113,5021,5312.87,1819.18,7.71452,AGCGGAGCGCGC,4.71833098449821,2.238276625221178
6507,ENST00000249647.7,ENSG00000092531.9,SNAP23,42491233,42545356,108.83450295453773,2687,2344.37,674.05,6.47781,AGGCGCCTCAAATTTTCTATGTGCTATGCACTGTATTCTATCCACTATAATTTGTTTACATATCTATATCTTAGTCTAGACATATTGAAAGGCGATGAAGAGCAGGGAAAGCACTGTATTCGCTTTCTTTTCTTCAGCGTTCATCCAGCACAGTGCCTGGCATACGGTTTGCCCTCAGTAAATGTTTATTGCATGAACACCTCCCAGCTTCGGGCAGGACTGAAATCTATCCGGTTAACTAGTGAATTCCCAGACTCTCCGTCTGCGTGGCAGGGACATTTAAACCCCCAGCACCGTGATTGGCTCCAGCTGCAGGGGTGTGTCTGTGTCCGCGGCGAACGGGAAGTGAGCAGGCGCGCGGGCTCGGCGCGCGCAGGCGCGACTAGGGTGCAGCGCCAGGTCCGGTGTTGGGGTGTCCGAGTTGCCGCCGGAGAGGAGTGGCCTCGCCCGCTTGAGTTTTGATTCATC,16.80112614518452,4.070486032035576
6508,ENST00000260372.7,ENSG00000137814.9,HAUS2,42548810,42569994,24.755530496273728,3949,3782.18,470.639,2.80354,GCCGTGCGTTCGCCCTGCGATCCCGCTCACTCTTGGCGCCTTCGCGGAAGGTGCGTCCGAGCC,8.830097125874333,3.1424293067578413
6512,ENST00000260403.6,ENSG00000137842.6,TMEM62,43123279,43197176,6.939811636622426,2771,2811.46,201.725,1.61655,GGTGTTCAGAGTTTCGGTTCTCTTTTCTGTGATCGTATTACTTATGCAAAACGAGCCCAGTCACTTGCGCGGCCAGAGAGGGGCAGGTGCTGGGCGGCGGCTGACGGGCGCAGCACCCTAGGCCCAGTGTCTGGCTCCAGCCCCGCATCCGGCGCCGGCCCCGCATCCAGCTCTGGCCCTGCGACAATAGAGTCCGGAAGTGCAGGCAAAGCGGCTCCCGGGAGCGCCGCGCGGTCCTGCGCGGGATCAGCGAGGGCCGCGCCCCGGCGGGCGGGCGGC,4.292976794174276,2.1019783742718356
6513,ENST00000566515.5,ENSG00000166946.13,CCNDBP1,43123279,43197176,36.23760376693527,1634,1518.82,127.452,1.89061,CCGGGCCTCGTGGCGGGAGGAGGCAGGGCAGGGCCTCTGGGACGGGGCTGGACGGCTTGTTGACGGAAACGAGCCCTTGACGCTGTGGCCCGGAAGTGGAGCGGCTGTCGCAGTGCGGCTCCGGCAGTGGCAGCGGAGGCCTGTGTTTGCGGCCTTCGGCAAGCGACTGAG,19.16714910369419,4.260563863305713
6514,ENST00000562188.5,ENSG00000168803.14,ADAL,43330674,43354555,5.643714045391489,1228,956.015,94.4561,2.22601,TTTTTTTCCTGCTAAA,2.5353498166636665,1.3421848178193803
6515,ENST00000564079.5,ENSG00000137822.12,TUBGCP4,43369221,43409771,31.147862145435827,6798,6918.69,2168.97,7.06303,CCGGGCGGGAGTAGCTGGTGGACCCCGTTGAGCTGCCGAACTTCCGGGACTCCCCCGCGACCCCTTCCCAGCTTCCCGTCCGCTCCGCCGCAGCGATTGTCTCGGTGGGTTGATTCGGCACAAACCGCCCGACCCAGGGGCCGGTGCGCGTGTGGAAGGGGAAGCACTCCCCTCGTGGTCGCCTGGAGGTGCGCTGGAGGAGGGGGTGACATAACCAGGGACTCGAGGTCCGCCGTGGGA,4.4099858198869075,2.140774016868572
6516,ENST00000300289.9,ENSG00000167004.12,PDIA3,43746392,43773279,229.471259830857,3727,3455.45,1130.51,7.3711,GCCGGGTTTGGGGGTTGGGACCTCCGGCTGCAGGTCCGCCTGGGCCAGACGCGCGAGCGCAAGCAGCGGGTTAGTGGTCGCGCGCCCGACCTCCGCAGTCCCAGCCGAGCCGCGACCCTTCCGGCCGTCCCCACCCCACCTCGCCGCC,31.131209701517683,4.960289733257958
6517,ENST00000409617.5,ENSG00000140264.19,SERF2,43777087,43803043,340.5226413834603,700,560.061,718.011,28.884,AGGTTGGAGCCGCTGCCGTCGCC,11.789317316973422,3.5594082736009027
6518,ENST00000263795.10,ENSG00000092470.11,WDR76,43826963,43868419,26.432718154104617,3978,3443.07,283.026,1.85201,TCGGACCCGCCCCTCCCGGCCTCCCGCCGCAATCTTGGCGGGAAGGCGCCGGCCGCTAAGAAGCCGAAAG,14.272448936077353,3.835160995559934
6520,ENST00000345795.6,ENSG00000166734.18,CASC4,44288729,44415758,9.491669283846052,3764,3147.86,892.387,6.38705,GCAGCTGGGTTCTCCCGGTTCCCTTGGGCAGGTGCAGGGTCGGGTTCAAAGCCTCCGGAACGCGTTTTGGCCTGATTTGAGGAGGGGGGCGGGGAGGGACCTGCGGCTTGCGGCCCCGCCCCCTTCTCCGGCTCGCAGCCGACCGGTAAGCCCGCCTCCTCCCTCGGCCGGCCCTGGGGCCGTGTCCGCCGGGCAACTCCAGCCGAGGCCTGGGCTTCTGCCTGCAGGTGTCTGCGGCGAGGCCCCTAGGGTACAGCCCGATTTGGCCCC,1.4860803162408391,0.5715120894371539
6521,ENST00000260327.8,ENSG00000137770.13,CTDSPL2,44427234,44529038,38.76959625383642,6828,5213.6,766.453,3.31215,GGAAAAACCGTCCTTCGGGTCCCCGCCTCTCCACTCCTAACGCTTTACTCCCTACTCCCCCTGCGACCACTACACAGCCGGCTACGGAGGCCCCTAATGTACAAATATCCCCCAGGCCCTTGCTCATCCTGATAGGTTTTGTCCTTTCTTAATCGACCCAGTACTAAGGCCTTGTGTTCAGTTTTTCTCCAGGATTCAGACTAGAGAGTTTCTTCCGGCGTAAGGAACTTCAACGCTCTTCACGGAAGTAAAAGTGTTTTTTTGGTTGTTGTTGCCGTTGTGGCTGCCCGCATTCCTTCCCTCCCACCTCGCGGAATTGTGGCGGGAGGGGGAGGAGGAAGTCAGGGCGCCTGCGCGGAGAGGCCGCTTTCCATCCGGGTCCCTGTCCGTGCGGTGCAGCAGGTCGGTAGGCGGGAAATGGCGACTGGCTGAAGGAGCTGGTTCTGTTGCTGCTGCGGGGTAAGCGGGAAAGACACCACACATTGCGCAGTCGGGACCATCGCCGGAGCCTGAGGACACTTCTCTGTCGTCACAGTTAGTTTTACATGTGGCACCCATAAAAG,11.705265840567733,3.5490857950368633
6522,ENST00000261868.9,ENSG00000104131.12,EIF3J,44537057,44563029,89.21247885776917,2569,2041.59,1951.26,21.5331,GGCCTCGGCTCGGCGCACAGTCAGCCACGGTCCCATCCTGCTCCGCGCCGGTCAACGAGAGCAAACCCAGTGACTCACCTCCGCCGTGCTAACTCCTCGCTAGCTCTCCCTCTCACACACGCTCACACCCGGCTCGAG,4.143039267814164,2.050689494276156
6523,ENST00000558401.5,ENSG00000166710.17,B2M,44711477,44718877,561.8968856440263,1715,1346.91,275.747,4.61249,GCACGCGTTTAATATAAGTGGAGGCGTCGCGCTGGCGGGCATTCCTGAAGCTGACAGCATTCGGGCCGAG,121.82072712223251,6.928615810477136
6524,ENST00000267814.13,ENSG00000140263.13,SORD,45023104,45077185,17.76514326772349,4909,5409.3,1011.57,4.21323,CTCCACGCTAGCGCCGCCCAGGCTGGCACAAAGGAGGAAGCCTAGTCCCGCCCCTGCGTGCGGCGCTTCTCCCAGGCCCCACCTTCCATCCAGTGCCCTGGACCCTCGGCTGGGTAGCGCCACCAGAGCGACCAAACGTCCCGCGCCTTCCAGGCCGCACTCCAGAGCCAAAAGAGCTCC,4.216513997033983,2.0760507435815914
6525,ENST00000305560.10,ENSG00000171763.17,SPATA5L1,45402331,45421419,18.178470737479618,2570,3008.82,225.538,1.68883,CGCGCAATCTGCTTCCGGCCTGCGAGCTCGGTGTTCCGCTTTTTGTGGGCCGGGTGGGTTTCCTAATCTGGTTTCGTCTGCCTGGTTCATCTGTGTGCG,10.763943521538353,3.42813482117061
6526,ENST00000220531.7,ENSG00000104164.10,BLOC1S6,45587123,45691294,31.957412212678545,4037,3331.53,485.088,3.28049,ACCCACCCCGTGAGCAGCCCAAACCGACCACCGTCCTCCCCCAGCTCCCACCAATCGGATCGCAGGGACTCGAGCCCCACACTGCTGAGTCCGCTGACACTGCGTCCGGGGCCAGACGACGATATCAGCGCGGGGTCCCCACAACGCCATGGGGCAGAGCCAACTCTCGAGCGCGTGATCGAAGCCCGCAGTTTTTTCGCCCCCGTCACTTCCGGGTGCGACAATCTCTTCTGTCCGGCCAGCCGCTGGAGTCGTTAGGTGCCGCCTTGCTTCTGACGAGCCACACGTTTGCTTCTTCCCTGTGTTCCCAGCTGGAGGGAC,9.74165817078502,3.2841673607224537
6528,ENST00000455976.6,ENSG00000128951.13,DUT,48331011,48343373,185.9598502970251,1935,1479.81,735.327,11.1953,AGCCAGAACTGTGGACTCGTCCCGGGGAGGGGCGGTGGGTGGGGCGGGGCTGGCGGGAAATTTCGGTTTTGGCGCGCTCCCTGCGGCGACGCTCATCGTGCGCTCTCCTCTTCCCCCGGTGGTCTCCTCGCTCGCCTTCTGGCTCTGCC,16.610528551894554,4.054026075897759
6529,ENST00000530028.2,ENSG00000255302.4,EID1,48877886,48880183,596.1889346765935,2298,2005.43,2611.0,29.3334,AGCAGCAGTAGGGTTAAGTAACACAGAAACTGTTACGCTCTTGCATGCAGGGTCCCTAGATACGAAGTTCGAATCGATGGAAACGTAGCTCAAAAGGCGACGCCAACACCCCGGAGAAAACACTGAGCTACTCCAACCACAGTGGCGCGCCAAGTAGGAGGCGGTACCTGAGGACCACGCCTGCGCGCGGGGTTACGCAAGCGCGCAGCCTTTGCGCACGCGCACGAACGCACGGCCGCGCAGCATCTGTCTTGCTGGAAGCTTTTTCCTAGAGGTTGAGCGGTTTGCACA,20.324576580846184,4.345153392030154
6530,ENST00000560031.5,ENSG00000156958.14,GALK2,49155656,49367869,5.794769091731191,2043,1840.46,86.672,1.061,TAGTCAGCTTCGCACGTGCTCTGCGCAGGGGCTCCTGCGAGGCCCTAGTCCCTCCCTGGGAGCTAAGAGCAGGACGGAGGCTGTACCTGACTGCTGCTTGGAGGGAACCCTGGCTGAGTCCAGGGAGGAGGAGCCAGAGGAGGGGCCGATTGGAAGCAGCCACCTCAGCGAAGCTGCAGGATTTCCGCAGGGCGGGAGCTGTTTATCTCCCGGAAGAAAACGGCTCCTGTCACAGAAGTCTCGTGATTGCTCTGGGAGCTTTGCTTAGACACTTGAAACTACAGGAGAAAGAAGGATCTAGCGAAAT,5.461610831037881,2.4493265180331747
6531,ENST00000267842.9,ENSG00000140284.10,SLC27A2,50182196,50236395,44.11463866368405,2394,2348.38,224.359,2.15247,AGTCCTGCCCGGAACCCCCGGCAACGCGCATACGACTACACCTGCTCCGGAGCCCGCGGCGGTACCTGCAGCGGAGGAGCTCTGTCTTCCCCTTCATCTCACGCGAGCCCGGCGTCCCGCCGCGTGCGCCCCGGCGCAGCCCGCCAGTCCGCCCGGAGCCCGCCCAGTCGCCGCGCTGCACGCCCGGGGTGAACCCTCTGCCCTCGCTGGGACAGAGGGCCCCGCAGCCGTC,20.49489129404082,4.357192432751533
6532,ENST00000425032.7,ENSG00000138592.13,USP8,50424380,50514419,2.6143820984382704,3559,2899.88,237.819,1.84768,AAATCGGGAAAAGGGGGTGAGCTGGGCTGGCTTCCGTCCTGGTAGCCAAGGCTAATTCTCCCTCGAGTTCTTGGGAGATGGGCATTTGGCGAGAAGGCTGGCGTTAGTGAAGCGCGCCCGGCGTCACGGAAAGAAGCACTTGTAAGGAAATATAGCATCCATTGTGAAAGTGGAAAAGTAAAGATAATTCATC,1.4149539413958425,0.5007550922081896
6533,ENST00000261842.9,ENSG00000081014.10,AP4E1,50908672,51005900,6.308356910083626,6758,5328.43,410.057,1.73383,AAAAACAGGAAGTGCCTACGGAGGCCGGGCCGGCAGCGGCGGCCGGGCATGAAGCCGGGCGGCTACGGGATCGCGGGCGGCGGCGGCATCGCGGGCGGCGGCGGCG,3.63839413903533,1.8633018353565751
6534,ENST00000249700.8,ENSG00000128872.9,TMOD2,51751561,51816368,12.298401209027174,9191,8188.57,693.547,1.90823,GCGCGCCCCGGCGCCGCGCCCGGCCGGGAGCCGCCTGTTGATCGCCGCGCTCGCCCCGGCCACGGCGCCGCCCCTGTTCTCCCGGCCCCGCTCCACCGGGGCTGACGGACTGACGGCCAGCACAGCCGGCTCCGGGATGAGCGCACGGACGGTATTCTGAAGTCTCAGGAAACTGGACCATTTAAATGTGCATGGCCCATGAGAAAGGCTTATAAGAAGCC,6.444926035659838,2.688163801783348
6535,ENST00000308580.11,ENSG00000138594.13,TMOD3,51829628,51947295,93.62729307720508,8255,7028.02,1130.74,3.62485,GAGTGCGCACGCGCGTCGGAGGCGAAGGAGGAACCCACCGCACCTACAGGGCGGTCGAGTGAGGGAGCTGCTGGCGGGTGGGTCTGGCAACTCTTTGGGAGGCCGACGCGGGCGGACCGGCGGGTGCTGGGAACCGAGCCTCGGCTTGCGGCCGGCAGTTTCCGTGGGTCTGTGAAGAGGTCGGCGGCCCCTGCGGGCGCCAGTCAGCTTTAAGAAAAAGTAGAGATCACTTCTGACTGTACTGAACAGCAAAAATTAAGTGACTTGCTGCCCTGCACATC,25.82928757802532,4.690935946557591
6536,ENST00000261845.6,ENSG00000069956.11,MAPK6,51952106,52067372,22.299883667883822,5345,4189.7,1362.57,7.32718,CGCGAAGCCCCGCCCCCTCTTCCTCGCCCTCTCTCGCGGGTCGGGGTTACATGGCGGCGACTGCGGCAAAGCGAGAGCCTCGGAGACGCCGCTGCCGCCAGCACAGCCGGAGACCTGAGCCGACACTGGGGGCAGTCCGCGAGCCCCGCACTCTCTCGATGAGTCGGAGAAGTCCCGTTGTATCAGAGTAAGATGGACGGTAGCTTTGATTGTGATTGTGGTGAGCTGGAGCCACCTGATCACTAACAAAAGACATCTTCTGTTAACCAACAGCCGCCAGGGCTTCCTGTTGAAATAAATATATAGCAACAAAGGAAAAAAAGAAGCAAAACGGAAATAGTGCTTACCAGCACCTTAGAATGATGCTGCTCAGGACCAGTCCAACACTGAATGTATCTGCACTGTGAGGAGAATGTTCATAGAAGCCTGTTGTGTGCATATTTATTCACATTTTTGTTAAATGTTAAATCGTTTAGCACGGTAATCTGAGTGCACAGTATGTCATTTCATTCCGTTTGAGTTTCTTGTTTTCGTTAAATGTCTGCAGAGTTGCTGCCCCTTTCTTGAACTATGAGTACTGCAATCTTTTTAATTCTCAATATGAATAGAGCTTTTTGAGCTTTAAATCTAAGGGGAACTCGACAGGCCTGTTTGGCATATGCAATGAACATCAAGAAACCATCTTGCTGTGGAAGCATAATTATTTTTCTTCTCCCTTTTTGAAAGATCTTTCCTTTTGATGCCAGTTTTCTTCCTTGTTTACACAAGTTCAATTTGAAAGGAAAAGGCAATAGTAAGGGTTTCAAA,3.0434469561118767,1.605706221468357
6538,ENST00000164305.9,ENSG00000069943.9,PIGB,55318960,55355648,4.882794325186043,2172,1881.06,145.599,1.74389,ACTAAACTCGCTACCGCCTGCTCCCCTCCAGAGACCGGGGGCCTTCCAGCAGTTTTCGGACCCCCGAGCACAGAGACCGCCAAGCCAAAGGCGAGTAGCAATCCCTCGGTTCGGAAACGGCGAAAGGAAACCGCAAGGAGGCCACCACGTCGGGTGGGAGCTACGAAGTTGCCCGTTCCCGGTTACTTCCGGGCTTGCGAGCGACGACTGCTCTCAAAGGCCAAACTTAATGGATGGACGAGCAGCGCGCTACTGCAGCTTTCTTCCGCCTTAGGAAGGTGGCGGCCAGGG,2.7999439902666126,1.4853979679656701
6539,ENST00000569691.1,ENSG00000261652.2,C15orf65,55408548,55418764,4.5285802905670245,729,457.836,45.0,2.21444,GTTGCAACCTCCAGAAAGAATTCGTGGTTTCACCCGGGAAAACAGCTCCCCGGATTAAACGGATAGGTTTACACATACTGATCCACCCAGCTATTCATCTTCTGTTTGCTGCTTTAATTGGGTGCGGTTAAAAGGCCACGTCCCTAGGCGTTCACCGGCTTTCTTGCCATCTGCTGCATGAAAACTGACTTTGCCGAAAAAATTAACAAAGAAGAGCGAAA,2.045022800602872,1.0321169283177904
6540,ENST00000352903.6,ENSG00000151575.14,TEX9,56244009,56445997,7.799206889935481,1433,873.731,81.3572,2.09788,GTAACCGCGTCGCAGTCGCCGAAG,3.71766111023294,1.8943952649132334
6541,ENST00000267811.9,ENSG00000140262.17,TCF12,56918623,57299281,15.933723184965608,6061,5456.21,326.812,1.34949,CGCGGAGGGATCCGGAGGCGAGCCGAGCGCGGTGGTGAGGCCGCCTCAGCGAAAAAAATGTCCGCCTGAAGAGACCCACAAGTTCTATTCGGGGGGACCGACAGCCCGCCCCGGGAGGAAGGGGCGGCCAGGCCCGAAAGCCGCCTCCCCCTCCCAGACCCGAGAGCTCGTGCGGGGCAAAGTGAACCGAGCCGCTGGGCGGTGCAAGGGGAAGCCCAAGCCCGTTCTCCCGGCCAAAGTGAACTTTAATCGGGGTGGTTGGATGCGGAGACGGGGCGGCAGGACCTGCTAGAAGTGGCCGAAG,11.807218419525604,3.56159722515899
6542,ENST00000299638.7,ENSG00000255529.7,POLR2M,57591908,57782762,17.41302052024487,4199,3143.57,613.527,4.39717,AACGCTCCTGCGGACGCCCCCTTCTCCCAGTCCGTGTTTGTTTCCGGAATTTCAATAAAGCTCGATTCGGCTCGAAGAAGACCCCGTTCTTCCGGGAAAATGGCGACTCCCGCTCGTGCCCCGGAGTCACCGCCGTCCGCGGATCCGGCGCTAGTAGCGGGGCCTGCCGAGGAAGCCGAGTGCCCGCCGCCGCGCCAGCCTCAGCCCGCGCAGA,3.9600516969425494,1.9855192642533237
6543,ENST00000559228.5,ENSG00000128923.10,FAM63B,58771192,58861900,8.976345300877899,9238,7438.2,702.458,2.12772,AATACAGCTGTCATGGCGTCCAAGGCGCTGGCTGCGGAGAAGTGGCCGCGGTCTCCATAGAGCTGGGGGCGGGCGGCCCGGT,4.218762478558221,2.0768198643640017
6544,ENST00000559209.5,ENSG00000157450.15,RNF111,58865006,59097419,2.676202032083673,5278,4671.28,212.993,1.02729,CTGAGGCGCAGATCGCTGGCTCTCGACGCATTACTCTTTACGCCTTACATTTCTGTCTTCCTTCCTGGGTCAGTGATTCCCGGACCCTGGAAGAGAAGAGGGTGGCTAATGATTAAGGCTTTCCTTAAAGTTTCCC,2.6051086179011507,1.3813435257630942
6545,ENST00000288207.6,ENSG00000157456.7,CCNB2,59105078,59133250,143.32446080658696,1556,1246.57,1622.5,29.3245,GTGCGCAGGGCCGCCCAATGGGGCGCAAGCGACGCGGTATTTGAATCCTGGAACAAGGCTACAGCGTCGAAGATCCCCAGCGCTGCGGGCTCGGAGAGCAGTCCTAACGGCGCCTCGTACGCTAGTGTCCTCCCTTTTCAGTCCGCGTCCCTCCCTGGGCCGGGCTGGCACTCTTGCCTTCCCCGTCCCTC,4.887532977768997,2.289106436783833
6546,ENST00000288228.9,ENSG00000157470.11,FAM81A,59372693,59523549,1.4582273367895635,3465,3081.05,142.769,1.04399,GCGGCGCGGGCCCGCAGCCGGGCGCCCTGCTCAGCCAGCGCCAGCGGCCGCCGCACCCAGCCGCGCCGGCGAGGACATGGGCAGCCGCGGCGCGCCCACCCCCCGCGCCGATGTGAATTATTAAAAAGAAAATGGCCCAACGGAGCACTGTATTTCCTTCTCGTGTCACCAAGGAAAGGTATAATAT,1.3967828588296474,0.4821077595888674
6547,ENST00000396057.5,ENSG00000171956.6,FOXB1,60004222,60061730,24.0503147170666,2957,3849.71,283.25,1.6577,AAGGCGATTGTCATATGATAGCTAAGAAGTGGCACATTAATGAAGCGCCGCTACAGGGGTCTTTTCTGCTCCTGTCACCGCTTAAAACTATCAGATGGTTCGAGGGAGGACATGGAGGCAGCCACCTAGCTCAGCGGAGACGCGGAGCCCACAGCAGCGCCCTCCGGAGCCCTAACACGTCGCTGCCACCATCCGCGCCGGGACTCCGCAGCCGAGCTCGGCCGCCCGCAGGACGCTCCAGGAGCGTCGCGGACCGGGCGGCACGGGACGCTGCGGGGCTGAGCTCAAGAGCCCAGGTTCGCGCCGAGTCCAACCGGACCCGGACGCTGCGCGCGGAGTGCGCGTCGAGTGCGCGCCGAGAGAGAAGCGGCGCGCAGCGGCGTCCTCCCGGATGCGGACGCGCAACTTGAAGCAACTTTAAGATCCGAGCAGTCCGCCGGCCCGCGCGGACCCAGAGCAAGAAGAGGGCGAGGAAGAAG,14.508243178540507,3.8588009271068002
6548,ENST00000358278.7,ENSG00000140416.19,TPM1,63042632,63071915,24.975852090146542,1717,1587.05,332.677,4.72274,TCTTGAGGAATGCGGTCGCCCCCTTGGGAAAGTACATATCTGGGAGAAGCAGGCGGCTCCGCGCTCGCACTCCCGCTCCTCCGCCCGACCGCGCGCTCGCCCCGCCGCTCCTGCTGCAGCCCCAGGGCCCCTCGCCGCCGCCACC,5.288424111881353,2.402837880244384
6550,ENST00000261893.8,ENSG00000103642.11,LACTB,63121800,63142061,15.141135609012984,1972,1674.07,74.5261,1.00299,CTTCCCTCCGCCCCGCGCCGCGGCTGGCAGGGTGTGCGTGAGTTTGGTGGCGGCCGGCTGTGCAGAGACGCC,15.09599857327888,3.9160942865894195
6552,ENST00000321437.8,ENSG00000166128.12,RAB8B,63189469,63267782,35.81178402068161,4943,3719.84,552.939,3.349,GGGCGGGGCGCGCAGGCCTTCTCCGAGAGGAGGGGCGGGGCGTGGGGCGGGGCGAGCAGCGGCGGATTGGCGGGCACGCCCCCTCGCCCGCGGCCCCCTCCCCGCCTCTCTCCACCGCCTCCTCTGGCTCCCCGGTCAGAGGGCCGGAGCGAGAAG,10.693276805219948,3.418632109427455
6554,ENST00000261879.9,ENSG00000138613.13,APH1B,63276018,63309126,17.532944732368485,4189,3996.35,219.872,1.23956,ACCGAACCCCGCCCGCGCCGGGAGCATCTCGCGTCCCCAACGGGCCCCCGGGTCGGTTTCCGCGGTGGCC,14.14449057114499,3.8221683123625914
6555,ENST00000559844.5,ENSG00000028528.14,SNX1,64094123,64146090,65.90335083667777,1971,2053.76,1041.96,11.4305,GCGGGTGGAAGAAG,5.765570258228229,2.5274633083159914
6556,ENST00000325881.8,ENSG00000157734.13,SNX22,64151715,64157481,13.630312613643058,3614,4798.92,321.061,1.50732,GCTCCGGGAGAGTTAGGGCTCCGAGCCGAGCGCGCGGAGCAGCTGGGGCCGGGGCGCGG,9.042746472973926,3.176761016131385
6557,ENST00000261884.7,ENSG00000103671.9,TRIP4,64387748,64455303,15.30458160885443,2045,1856.72,292.624,3.5508,GGAACTAGTCCGGTGCAGGACGTGGGGCTTTTGCAGCTCAGCTGGTTCCGGCTGGGGAAG,4.310178441155354,2.1077475980477662
6558,ENST00000326648.4,ENSG00000180357.9,ZNF609,64460742,64686068,8.99007660786557,8746,11681.9,1769.62,3.41295,GCAATGATGTTGTCCACTGGGCATGTACTGACCAATGTGGCAGGTCTGAGAACATAGCTGAAGCTGAAAATAGGAAAGCTGGGGGCAAGGAAGAGCCTTGAATCTTGAGGTGGGACGTTGACTCTAAG,2.63410732881102,1.397314130555993
6559,ENST00000261875.9,ENSG00000074696.12,HACD3,65530418,65578352,584.1547245021671,3228,2875.71,7598.75,59.5331,ACTGCGCAGGCGCGGCCCGCGAGCGTGGGGTATCTCGAGGTGCCGGGTTGCAGGCGCTCAGGAGCGCTAGGGTTTGAGGCCTGCTTTCTGCTCGCGCCAGCAGAGCACTACCTGAGGCAGCGAGGCGCAGCGAGCCTAGCCTCCCCGCGCCCTGGGCAGTGTGGCC,9.812267872866812,3.294586619706906
6560,ENST00000261890.6,ENSG00000103769.9,RAB11A,65726054,65891991,413.5476880009924,4930,3746.8,935.702,5.62651,AGCGGCAGGGAGGGGCTCTTCACCCAGTCCGGCAGTTGAAGCTCGGCGCTCGGGTTACCCCTGCAGCGACGCCCCCTGGTCCCACAGATACCACTGCTGCTCCCGCCCTTTCGCTCCTCGGCCGCGCA,73.49985834931289,6.199669564442613
6561,ENST00000319212.8,ENSG00000166938.12,DIS3L,66293217,66333898,16.363362620666443,3647,3403.98,371.918,2.46162,CTTGCCTCCGCCGCGCCCGCCACTCCGCGGCCGCCGGGAGACACGCCGCC,6.647395869657561,2.7327892726838776
6562,ENST00000307102.9,ENSG00000169032.9,MAP2K1,66386817,66492312,55.31007327533115,3410,3791.35,875.808,5.20447,GAGGCAATAGGGGCGGAGCCGAGTGGGAGTGTGGAAAGCGCCGCATCCCGGGTGGGAGGCGAGGCTTCCCCTTCCCCGCCCCTCCCCCGGCCTCCAGTCCCTCCCAGGGCCGCTTCGCAGAGCGGCTAGGAGCACGGCGGCGGCGGCACTTTCCCCGGCAGGAGCTGGAGCTGGGCTCTGGTGCGCGCGCGGCTGTGCCGCCCGAGCCGGAGGGACTGGTTGGTTGAGAGAGAGAGAGGAAGGGAATCCCGGGCTGCCGAACCGCACGTTCAGCCCGCTCCGCTCCTGCAGGGCAGCCTTTCGGCTCTCTGCGCGCGAAGCCGAGTCCCGGGCGGGTGGGGCGGGGGTCCACTGAGACCGCTACCGGCCCCTCGGCGCTGACGGGACCGCGCGGGGCGCACCCGCTGAAGGCAGCCCCGGGGCCCGCGGCCCGGACTTGGTCCTGCGCAGCGGGCGCGGGGCAGCGCAGCGGGAGGAAGCGAGAGGTGCTGCCCTCCCCCCGGAGTTGGAAGCGCGTTACCCGGGTCCAAA,10.6274170617433,3.4097190948591765
6563,ENST00000307897.9,ENSG00000174442.11,ZWILCH,66504959,66550128,51.11583453890631,3960,2940.47,859.071,6.58224,TAAAAACGAGAGTGTTATTTCTTTATTTGTGGGAAATTACGGTATCTATTTTCTTCCAAACGTAATAATAATTCTTAGAAAATAGGGACTCCTTTTTGCGGAATAATCCATAGGGGGCGAGGCCAACTCTCGCGAGTCGAGGTATCTTCTCCCCAACCACTGCTCTTATTTTAATTATTGCAGACGGAAGTTGAAGACTATTGACATAGTAAATAGCTCTGGGTGGCTTGAAACGAAAGTTTAACTTTGCGGACAAACAGGACTTATTGTAGGGGGTGGTCAAAATAGTCCCGGCGGGGCGGGGCCATGACCCCTGACGTCGCCGGTCCGGCGCGCAGTTCAGTTTGGCGGTTCCGGTACCGCTCTCACATTGGGGCGGG,7.765720262236916,2.957119739238111
6564,ENST00000327367.8,ENSG00000166949.15,SMAD3,67063763,67195195,18.63305720284593,6247,7472.43,845.58,2.5495,ACTTGGAGTCTCGCGGCCGCCGCCTCCGCCCCGCGTTCGGGGCCTTCCCGACCCTGCACTGCTGCCGTCCGCCCGCCCGGCCGCTCTTCTCTTCGCCGTGGGAGCCGCTCCGGGCGCAGGGCCGCGCGCCGAGCCCCGCAGGCTGCAGCGCCGCGGCCCGGCCCGGCGCCCCGGCAACTTCGCCGAGAGTTGAGGCGAAGTTTGGGCGACCGCGGCAGGCCCCGGCCGAGCTCCCCTCTGCGCCCCCGGCGTCCCGTCGAGCCCAGCCCCGCCGGGGGCGCTCCTCGCCGCCCGCGCGCCCTCCCCAGCC,7.308514298037235,2.8695781595703487
6565,ENST00000342683.5,ENSG00000189227.5,C15orf61,67521068,67530143,60.54242308596571,4253,3435.96,174.802,1.1462,CCCATCCCCCGGACTCCACCCCCAGCGGGAGGCCACGGGGCCGCTGTGCGCACGCGCCGCCGCACACCGGGGGCTCTCGGGCACCCGCGCGGCGCCGGTTGGCCTTCCCGGCGCTCGCCCGGGGGCGCGCTTGCGCGCCAGCGGCTGCGGACACCAGCCTGCGTCCCCGGCGCGGCGGGCC,52.82012134528503,5.723015710743748
6566,ENST00000178640.9,ENSG00000137764.19,MAP2K5,67542709,67807123,6.4466392746640695,2347,2552.45,565.786,4.99409,CTCCTCCTCCTCTCGCCGCTACCGCCGTCGCCGCCGCCGCAGCCGCCGCCAGTCCGCGCGGCCTCGGGTGGCCGGAGCTCAGCCTGCGCGCGCCGCGCCCTGTGTCTCCGGGTGGGGCAGAAGACTCGCCCCTTGAACCTCCCGCGGGGACTCTCCGTGGTGTGGCGGCCCTGGGGCTCTTTCTTAATAGCCCCGGACTGAGTCCCCTCCAGTCGAGGACCCTCTCCTAGTCCACTGACGAGCGGTGGACACCTGCCGCTGTATCTCCCCCAAACCGAGTCCTTGCCCTGCTGCCTCCTCATACCCACACGGCGGCAGAGACCTTCACCATAGCGTTCGCTCAACTCCAGAACCTTCCGACCTCCGCTAGTTCCTGCGGGCCTTTGCCCGCTTCCCGGTGCACCCTCCCCGGGAGACACCTCAGACCCCCGACAGCCTGGGCAGGCTCGGTGCCTGCGGGTGCGTTCCTGATCACCCCTCCCCTCTTCCCTCCCCCTCATCCTCCATTCCCTTGTTTTCACCCTCTGTCCTCTGCCCGTCACTCCCCTTGTCACCTCTTGGAGCCCCCTCCTAACCAGCGGCCAGTGGGTTTCCCATACCCCAGGATGTGAGCCTCTTTAACCTGTA,1.290853643939951,0.3683254381885263
6567,ENST00000249636.10,ENSG00000033800.13,PIAS1,68054179,68198603,26.2084737398706,8115,7380.3,932.899,2.84788,GGGGCTTCGAGCGCCCTGAGCGGGGCGGAGGCTAGAGGCGGGCTGGGAAGGTGGAGGGGCGGGCCGGGGCGGGGCCAGGCCGGCTAGAGGGGCGGGTCTAGCGGCGGCCCCCGGCGAAGTTCACTGCGCTTGCGCTGACAGACGCAAG,9.202801290739286,3.202073077811185
6568,ENST00000306917.4,ENSG00000169018.5,FEM1B,68277803,68295865,49.1316766509279,7122,6241.94,2693.56,9.72232,CGCTCTTGCGGGAGCGTTCCGCATCGCCCCGGGGGCCCCTACGCGAGGATCTCCGGGGCCGTTGGCAGCGCCTGGCACTTCTGAGCTCGGCGGACGAGAGCCTGCAGGTTTCCTCCAGTCAGGGACGGCGAAGGGCGGAAAGCGCAGGAGGAGGCAGTGTTAGGCCTTAGGCCGGGTGGGCCGGGTCAGGAGAGACGCGCCCATCTTTCGCCATCCGGGGTGCGCGAGGTCCTCTCGGGACCCGGCCGGCGACCCGTAGCTCGGGCACGCGCCTGTCGCATCCCGCAGGAAGGAGGGGTCCGGCCTGAGGCCCGGGGCGGCGTCCGCCATGGAGATCCCCTCGGTCCAGGGCCGGCGCCTGGGACCTGGCGGGCGGCCCTGACCGCCTTCCTCCCTGCGCGGGCTGGGTCGCGGACGTGCCCTTCGCGGCACTCGGCCTCCTCTGCGTCTCCGCCTTCCCTGGGCCGCACTGCTGCCTGGGCGCGGCGGCGGCGACGGCGCCCTGTTGAATGGGCTGTGAGGGCCCAGGTTTAAAGCGCTGGCGAACGCGGCCTCCGGGGGCGCACGGCAGCTGCAGCGGTGGCGACCAAACGGGTGTTGGAGTTGGCGGCGGCC,5.053493060393805,2.3372809480306698
6569,ENST00000261858.6,ENSG00000138604.9,GLCE,69160584,69272217,32.7800203844311,5037,4519.29,887.376,4.42384,CACACAAGCGCTTCCTTGCCGAGAGGCTGGAGCTGCGGCACCGCAGGCCTGAGCCACCCCTTCTCTGCTGTCTCCTTCTCTTCCTCAGGGCTCCCGTGTCTGCTCGCCCTCCGACGCTGCTCAGGAATTTGACAAGAAACTGAAGTTTTGATTCAGATATATTTTGAATTGAAACCAGAGATGTTCTAGAGTTTAGATTCTTTCATTTGATTAAGGTATGGTCTGAAT,7.409856682075096,2.889445638879411
6571,ENST00000558585.5,ENSG00000137807.13,KIF23,69414246,69448427,9.138701486132168,2296,1895.15,518.36,6.1624,AAACGATCCTCCTGCCTCAGCCCCCCTAGTAGCTGGGATTAGAGGCACACGCCACCATGCCCGGCTAATTTGTATTTTTAGTAGAGACGGGGTTTCACCATGTTGGCCAGGCTGGTCTTGAGTTCCTGATCTCAGACGACAAGTAGATCCAGAGTTTGCAGAT,1.4829776525594198,0.5684968575466759
6572,ENST00000260379.10,ENSG00000137818.11,RPLP1,69452784,69456194,823.7183612056818,1197,1200.65,10661.8,200.066,TGGACACATAAGAGGCTGCGTATAGGCGCGAGAGCCCCTTTCCTCAGCTGCCGCCAAGGTGCTCGGTCCTTCCGAGGAAGCTAAGGCTGCGTTGGGGTGAGGCCCTCACTTCATCCGGCGACTAGCACCGCGTCCGGCAGCGCCAGCCCTACACTCGCCCGCGCC,4.117233119099106,2.0416751368415404
6573,ENST00000260382.9,ENSG00000137821.11,LRRC49,70853239,71053657,10.660718257660754,2784,2036.64,183.052,2.02499,AATACTCCCGCTCTGTTTTTATGAGGCTGGGAAAATAGAACGAGGAAGTGGTGACGCACTGGGCTCTCACGAATACAACTAGAAGCTGCAACGACTGTGTGGCTCTATCGATTCGGGAGAGGTCCAGACCGGAAATGGTCGTTTCCATGGTAACCCTGAGCAGGTTGCCTGGGAGATGACCTCTTTCGGGTCTCTTTGAATCTCCGCTGTAGCGTCACCTGGAAGGCAGATCTAACAGAGAACCTGGACTGTCTCCTATC,5.2645782239224665,2.396317953163664
6574,ENST00000379887.8,ENSG00000166233.13,ARIH1,72474326,72602985,50.53884616073655,21681,19849.1,1225.19,1.39067,GCTCAGTAGCGATAGCAGCGGCCGTGGAGGTGGCGTTGGGGACTGTTTTCTCTCGGAGGCCGGAGCGGAGCCGCGTCTGACTGAGGCGGGCAGCAAGCGGCCCCCTCGCTCCCTCCCTCCCTCCTCCGCGCCCTCCCCGCCGCCACCAGCCGTCAAACGCCAACCGCCGCTCCTGGGGAGGAGCCGCGGCTCGCGGGGCCGGAGCCAGGCCTGCGTCCGGACATCAGCCGGAGCCGGAGCGAGAGCCGGGGCCTCGGCGTCCCCGCCCTCTCCCCGCCTCGGCCAGCGTCCGCCGGGCCCCCGCGCGTCGCGCC,36.34136506916561,5.183540706576285
6575,ENST00000268057.8,ENSG00000140463.13,BBS4,72686179,72738476,23.30938874544667,2490,2287.46,506.078,4.98454,AACCGCCGACTTCCGGCCGCGCAGCGGTGGGCTGAGCTAAA,4.676336983040897,2.2253788961323457
6576,ENST00000558964.5,ENSG00000067141.16,NEO1,73051710,73305206,26.13081309196369,4441,4689.79,1117.31,5.36761,GGGAGGGAAGGAGGCAAGGGCTCCGCGGCGCTGTCGCCGCCGCTGCCGCTCACTCTCGGGGAAGAG,4.868239885528884,2.2834002594929044
6577,ENST00000346246.9,ENSG00000179361.17,ARID3B,74541177,74598131,1.9142350450443848,4271,6414.15,888.782,3.1219,CTGGCTGGCGGTCCAGCCCCGCGGCGCCGCTTCCGGTGCGGGCCCCGCCCCGGCTGTGGCCCCCGGCTGCGGAGGAGTCCGAGACGCAGCTGCCGCGCCGGGGCCTGAGCTGCCGCCTCCTCCGCCGCCCGAAAACCCGGAGTGCCCCGCACAGGTTTAGACCCAGTGTGCCTGGTGGGCTGTGCCCAGGTTCAGAGTCATGCCACTCTGTGGGTGAAGCTTGAGGCAAAA,0.6131634725790015,-0.7056563396694755
6578,ENST00000220003.13,ENSG00000103653.16,CSK,74782057,74803198,68.0456572258302,2767,3730.65,610.314,3.68579,GCAGGCGCGCTGCCGCGGGCGGAGGATCCGGGCCGCGCTTCCTCTCGCCAGGCCTGCGAGCTTCCTCCCAGCGGAGCCCTGGGCGAGCCGAGGTTGGCCGCCGCCGCCGCCGAGCCCGCTGCCGCCCTCCCGCTCCTGCCCCACCCGCGCCTTGCCCGGGGGCTTCTGCCGGGGTGGGGTCCGAGCCGGGCGACCGCCCGGCTGCGCCGCCGTCGGGGCCGTAACCCGGCCCGCCGTCCCTCCCGCCCCAGCCAGCCTCTGGCCGCCGGAGCCCGCGGGGCGTGGAGCGCGAGGAGCCCCGCGGCCCCGATCGAGCGTCCGGGGCGGCCCCCGGCAGCCAGCGCGACGTTCCAAAATCGAACCTCAGTGGCGGCGCTCGGAAGCGGAACTCTGCCGGGGCCGCGCCGGCTACATTGTTTCCTCCCCCCGACTCCCTCCCGCCCCCTTCCCCCGCCTTTCTTCCCTCCGCGACCCGGGCCGTGCGTCCGTCCCCCTGCCTCTGCCTGGCGGTCCCTCCTCCCCTCTCCTTGCACCCATACCTCTTTGTACCGCACCCCCTGGGGACCCCTGCGCCCCTCCCCTCCCCCCTGACCGCATGGACCGTCCCGCAGGCCGCTGATGCCGCCCGCGGCGAGGTGGCCCGGACCGCAGTGCCCCAAGAGAGCTCTAATGGTACCAAGTGACAGGTTGGCTTTACTGTGACTCGGGGACGCCAGAGCTCCTGAGAAG,18.461620772162874,4.20645730969761
6580,ENST00000323744.10,ENSG00000178802.17,MPI,74890005,74902219,37.73001869034644,1619,2177.65,324.261,3.35482,ATACGTGCTTAATCCTGGTGCAGGGGGCGAGC,11.246510599777764,3.491405547771925
6582,ENST00000267935.12,ENSG00000140365.15,COMMD4,75335891,75343224,132.6690715368008,1067,1292.83,417.651,7.27834,AGGGAAGGATTCTGGGAGACGGAGGAGGAGACGCCAGCATTTCGCCCCCTGCACCTCCAGCGGGCTGCGGTCCGCTCCCGGCCTCACTCGAGCAGGCCCCGCCCTCCCAGAGGCAGTTAGTCCAAGTCACGTGATCGTCGACTCAGCTGACCCTGCGGGACCGGAAAAAGAAATTCCCGGGCCCTGGCTTCTTGGCGCG,18.227929931385564,4.188078824816317
6585,ENST00000267938.8,ENSG00000140367.11,UBE2Q2,75843285,75901078,4.232268902175293,3130,2566.43,242.475,2.12863,CGGGCGCGCGCGCTCTGGCCTCGTGCACGCGCTGAAACCGGAGCGCGCAGGGCGCGCCAGGGTGAGGGGGACGGGGGCGGGGTGGGGGCAGCCCTTTCCCAGGCGGTAGCGGGGGCGGCGTCGCTGTTGCCCTTTTAAGCCGCGGGGCCGCCGCCTCCTGCCGCTGGAGTCGGTTACAAAGGAAGCGCCACCCAGGCCGCCACACGCCGAGGCTTCCGCGCCCCTCGCCATTTTCCAGCAGCGCTCGACGAGGCGGAGCCGCGAGAGCGCGGCCCAGGCCGGCCCCGCGGGGCGGTCGCGGCCGTGACGGCGGCTCCGGGCCCGGCTCCCCTTCCGCGCCCGGCTCCCCTTCCGCGCCCCTCCCGCCGGAGATGAGGGGAAG,1.98825953884672,0.9915060923968911
6587,ENST00000308275.7,ENSG00000167196.13,FBXO22,75903859,75942510,45.77336124301524,10725,8847.37,1012.82,2.57917,GTGGCGCGGACGCCTGCTCAGTGCGCGCCGGCCGGGCAACCCTATGCTGGCGTAATCGGGTTCCTCCGAGCCGCCGTAGGACTGGTTCCGGCGGGCTGGTGAGGA,17.747322294775156,4.149529462971375
6588,ENST00000290759.8,ENSG00000159556.9,ISL2,76336724,76342476,16.146933788227336,1881,2408.62,156.01,1.45931,GCTAGTGCGTGTTGACGTCATGCTGCGTGCGGGCCGGTGCGGAATCGCTCCTTCAACTCCGCGGGGCAGTAGGAGTTAGTTAGCAAAGAGCCGAGGCCGGGCGCGCGACCCTCGTCCTTCTGCCCCTGGCCGCACACTTTGCGCACATCTCTTTTTCTGC,11.064772932569047,3.4679019398430158
6589,ENST00000394885.7,ENSG00000117906.13,RCN2,76931619,76954392,380.2711505685513,6347,5557.07,293.212,1.18877,ATATAGGCCTCCTCCTGGCGCGCCTCCGCACCGCATTGGTGGACCGGCCCCCAGCCCGTCCATGGGCGTTGTGGCCGCCACCGCAGGTTCCGCCTCCCGTTCCCTCCGCCCTCAACGTACGTCGCACCGCCTCTCTGTAGCCGCCCGCGGAGCATCGCAGCCGGCCCGGGCCCCCGCCAGCCTCCCTCCTCGCGTCCCTCGGTGTCCTCCGCGGGCCGGCGCG,319.8862274187196,8.32141506887274
6591,ENST00000336216.8,ENSG00000140382.14,HMG20A,77420412,77485607,40.74611551648778,4046,4010.77,811.627,4.55922,AAACCTCCACGAAAATAAGGCTCACCTTGCGTAACCACGTAGTCCTTCGCCGCATTGGGGCAAAATAATCCCTTCATTTTTGTGAAGGTACCGTGGAAAATATTTCATTTTTCTTCTCACCGGAGCAATTGTAAATGCTATGCGGTAAGAGGAGTTACCTGTGGAAAGGTGGTTAAGAGATTAGGTAAAGAAAAGGAAAGGACACCAAAATAAAGTGCTGCGGAAGAATTTTTGTCCAGCTGTGAGACGACGAGTGCGTGAAGTGAAGGCGATTGAGAGGGGCTGAGGGAATTGTCCTCTGTGGAAGGGACTTTCTTTTGGCCCTAGGCCCCTTCCTGCCCCTGTCGTCAGCAGAGAG,8.937080359466702,3.159803596635205
6592,ENST00000258886.12,ENSG00000136381.12,IREB2,78437431,78501456,75.51582766042993,6354,4991.22,2358.51,10.6462,GCTCTGCTGCTCTCGCGATATTTGCGCGAGCCTGCTTCCTTCTTTCCTCCCTTGCCAGTCCGCCTGTCTTCCTCCCCGTCTTCCCTGCCCGGCCTCCCCCTTCTTCCCCCGCTGGCCCCCTCCCCGGAGGGATAATATGGTCTCCGGCG,7.093218957039125,2.8264404821139344
6593,ENST00000299565.9,ENSG00000169684.13,CHRNA5,78565520,78595269,82.13310458851666,3623,3125.05,325.682,2.34801,ACATGCGTCCCGAGCCCGCCAGAAGCTGCTAGGCTGAGGCTGCTGTCCCGGCGGGAGCTGTGGCGCGGAGCGGCCCCTCTGCTGCGTCTGCCCTCGTTTTGTCTCACGACTCACACTCAGTGCTCCATTCCCCAAGAGTTCGCGTTCCCCGCGCGGCGGTCGAGAGGCGGCTGCCCGCGGTCCCGCGCGGGCGCGGGGCG,34.97987853054998,5.128453374321959
6594,ENST00000426013.6,ENSG00000185787.14,MORF4L1,78810487,78898133,35.94834783386728,1880,1524.16,2851.92,42.1568,AGTCCCGGCGTGCCCTGGGGCGGCGCGGGCGCAGGGGCGCGTGCGCGGCGGGCTGTCGTTGGCTGGAGCAGCGGCTGCGCGGGTCGCGGTGCTGTGAGGTCTGCGGGCGCTGGCAAATCCGGCCCAGGATGTAGAGCTGGCAGTGCCTGACGGCGCGTCTGACGCGGAGTTGGGTGGGGTAGAGAGTAGGGGGCGGTAGTCGGGGGTGGTGGGAGAAGGAGGAGGCGGCGAATCACTTATAA,0.852729520121719,-0.22983989362521157
6596,ENST00000299705.9,ENSG00000166557.12,TMED3,79311062,79427432,85.93098570962532,1475,1810.93,842.277,10.4789,AAGGTGCCCGGGCCCACTTTGAGCGCGCGGCTGCGCACTGAGCCGCCGGCCCTCCCGGAAGCGCAGAGCTCCGCTGGTGCCACGTCTATCCCCTTACATCCTCCTAGGACCCGGTCGGTAGTCGTCGCCCCAGCCCGCCGGGGGCGCAGCGCCCGAGCCGCGGCCCTCGAGACGGGACCGAGAGCATC,8.200382264324054,3.0356911631441883
6597,ENST00000303329.8,ENSG00000172379.19,ARNT2,80404350,80597937,4.775356365272551,6558,8367.45,423.847,1.14124,CGGCCGCGGCGGCGGGGAGAGCGGAGGGAGCGCCGCCCGCCCGCGCCGTCCTTTGTGTGGCGGCGGCGGCGCCTGGGCCTGACCGGGTCCCCGGGGCTGAGCGCCGGGCTCCGCGCCGCCCCTCCCGCGCCCCTGCCAAGCGGGCGCCTATCCTCTCCGAGCAAG,4.184357685738803,2.06500618078785
6598,ENST00000258884.4,ENSG00000136379.11,ABHD17C,80679684,80755621,21.172469425999605,2368,2260.45,291.091,2.90133,GGCGGGCGGGCTGCAGCCGCCCTCCGCGCTCGCCTGCCAGCTCCCTCGCCGCGCGTCCGTCCTCCGTCCTCCCGGGCCAGCCAGCCAGCCAGCCAGCCGGGCCGGCGGCGGGCACCAGGCCGTCCCG,7.297504739550345,2.867403242722892
6599,ENST00000267984.3,ENSG00000140406.3,MESDC1,81000944,81005788,292.3584351581771,4845,5796.78,408.0,1.58575,GGGAGGTTACGGCCGAGGCGGCGGCGGCGGCGAGCCCGGGGGCGAGGCGCGGACGGGAACAGGAAAAGCCTCCGGCAGCCCCTGCGGGCGGCGGCGCAGCCACGGCCGCGCTCCGAGGTGAAGCCGCGCGCGGAGAGGAAGCGGGTGTTTTCCCCTCTGCCTTTCGGCCCCCGCCCTTCCTTTCAGTTTCTGCCCGCTCGCTCGGAAGTTGGCGGTTGACAAAAATGGCAGGAGCCGGGGCCCGGGCCGGTTGCCGCAGCGCCGCGGGGACCTTCTGAGTTGGCCCGGTGGCAGGGAGACTCGTGCAGGGGCGTCCGATGCGCGGGGCCCGGGGCCTCGGGAGAGCTCAGCTGCTGCGGGCCCCAGACGAGGCGACAGGGATGGACTTGCGTAGACAGCCAGCGCCGGGCCGCCGGGCGCGCGGTCTGGGAGGGCGTGCCGCCGCGGCGCCGGGCCGCGCTCTGTGAACCGGCGAGGCGGGAAGGGGCCGCCGTGGTGCTCGGCACGCCCGGGCGTGTGGCGGGCGGGCGAGAGCTTGAGCGCGATCCGGGCGGCCGCTGTGCGCAATCAGTGCAGGCTCCCGCCCGACTCTGACTCGGCGCGGCCGCGACAGTGCCGGCCACACCCTCTGCCCCGCTGCCGCCGGCGCCGCTTCCCAAGAGCTGGAGGCAGGAGATGCGCCCGGGGCGGCCGCGCGTCCCAGAGAGCCAGCCCCGGCCGCCGTCGCGGGGAAGTGCCGCCTGGTGGGGTCACGGCGCCTGAAGCCCACGTGCGCCGCCGAGCCCGAGGTGGCCTCGAGCGCGGCGGCTGACAGCACAGCCCGCCTGAGCTGCCTCCCGCGCTCCTCCCCGAGGAAAGGATTTTGATTTCAAAGAAAGGAAGGAAGGAAGGACAACTCCCAGCTTCCCCGTCCCGCCCTCCCCGCTCCGAGGGCCGCGCCAGGCCATGCCCAAGAAGGCGGCGGCGGCGGCGAACCAGCAGAAGGGACTTTCCTGGCAGCCCGGCGACGAGGAGCGCGGACAGTGAGTTTGCTCTGCCCCGGTTCATGGTTCCTGCAAGCCCTCTAGGAGGCCGAAAGCTGCAGCCCCTCCCCTTGCCCCGAAGAGCCTTCCGCGTTCTCTCGCCCTCGGGCCCACCCCGCGCCGCCCGGGCTCCCGCCGCCGCAGCCCAGTGCCCTCTGCCCGCGGCGGTGGATGGCATGATGGTGCGGGGAAGGCACCGCGGCCTTGGCCAGCTGAGTCGCGACGGCCGCCGGGGCGGCGGCAGTGGCCGCGGCAGCGGCGGTGGTAGCGGGCTCCCCAGCGGCATGCCAGTGCCCCCCGGGCGCG,184.36603194587866,7.526429064319614
6602,ENST00000286760.5,ENSG00000156232.7,WHAMM,82809628,82836108,7.171866530655529,5101,5690.85,319.512,1.26495,CTAGCGAAAAATGATTTGGCTCGGACTGTCCCGTGACAGGCGGTGCGAGGAGGCCAGGCCCGCGCCCGCCGAGCCCTAGGGCCGCTGCTGCCGACAGCC,5.6696838062022445,2.503268279445476
6604,ENST00000427482.6,ENSG00000140600.16,SH3GL3,83447228,83618743,11.52598983214209,1806,1609.5,176.437,2.46979,GCGGCTCAAGTAGCCCAGGTCTCCACGCAACAATGAAGCGTGGGCGGCCCCAGCAGCTTCATTTGCATATCGCCGCGGCTTGGCCAATGGGCTGCGCAGGGGCTTTGGAACGCAGTGTTGCCATCGGCGTGCGCGCGTGTGTGCGAGTGTGACAGCGGCTGTGGCTGTGGCCGTGGCCGTGGGAGGCGGGCCCGGCGGAGCCCAGCCGCGGGGGGACCGGCCCGGGCTCCCGCTCCCCGAGCGCGTCGCGGCCGCGTGGCCCAGCCGAGCCTTGAGACCACCCCGCCCCTGCCGGTCGCAGTCGCG,4.666789416161734,2.2224303687133347
6605,ENST00000560079.6,ENSG00000166716.9,ZNF592,84748635,84806432,6.191487551264631,8131,10897.6,934.541,1.9321,CTGGCCTGCAGTCGCCGCCGCCGCCGCCAGGTGGTGTTTGGACTCTAGACCATGTGCCTAGGTAGAAGTTTTTCCTTTCTCCGCAGCTCTGCTCCCCTAGCAACGCTCGCCACACCCTTGTTTTGAGATCCTCTCTAAGGAGCGGAGAGTTTAATAGGCAAGAAGGAAGGGAGAAGACAGAAGGAAGACGCTCCCCCGTACGGAGACAGAGGGAGGGGGGGCTCCAAAGCCGAAAGAGGAGGTCCCTACCTGCCACGGATACCAGTCAGCCCTTGCCAGCATCCAGCC,3.204537835135154,1.6801163034782691
6606,ENST00000394518.6,ENSG00000170776.20,AKAP13,85380571,85749358,5.378629246677064,13215,15624.6,1217.48,1.75555,GAGCGGCCGCCTATTGTCTTTCTCCGCGGCGAAGGTGAAGAGTTGTCCCAGCTCGGCCCGCGGGGGAGCCCCGGGAGCCGCACGTGTCCTGGGTC,3.063785848695317,1.6153154598533976
6607,ENST00000325844.8,ENSG00000181991.15,MRPS11,88467453,88480773,64.33992800416925,3644,4205.7,239.75,1.28435,AGTCCCGGAACTGCTAGAACGAACCATTCGCATATGGAGGGGGTGACCCACCATCTCAGAACATTAAAAAAGGGAAAGAATCCCCTGGTGAACTACAGTGAAAGTCTTATTGAGCATTTAAATGGAAATAAAAATATTCAGTGGACCTAATGAAGAGTAGATGACTTTCCCTTCTGTCCCCTCCCCGACAGGCACTCATGGTACCGGCGCCGGCGCAGCTGTGACTGTCGCTGCAGACGGAAACTGACTGGGGTCAATTCAAGTC,50.095322929239885,5.64660400964975
6608,ENST00000332810.3,ENSG00000181026.14,AEN,88621296,88632282,73.29424939041898,3117,4446.4,1654.66,8.38423,AGTCGGAGCCGGGCTTGCCCGGGCATGTGGGAGCTGCCGGCTTTCCGGACGCCACGTGCAGACCGGAAGAGACACGCGGGGCTTCAGGCTGCTGCCCCATTGGAAGATTACTCCCCAGGCTTCCCTTGCCCCAAGCAGTGAGCTGACTGGA,8.741917789757554,3.127949810877326
6609,ENST00000352732.9,ENSG00000140526.17,ABHD2,89087459,89202360,43.40675442598035,8735,9746.09,1399.66,3.2356,AGCCCTCCTCCCCTTTCCCCGCCCACTCCGGGCTGGCCTTATCCAGTAGCGTCTGGGTCCCTGGACTAAAGCCGTCAAATGTAACCAATTGCTGAGGAGCTCTCCCCTAAGAATCCCGCCTCCACTCTGAGGAACAGCTTCGCTGATCAATGGATCCCCTCCTAGACGCAATGAGCGCGCGGGGCAAGTGGAGAAGCGGCTGAACTGCCCAATGAACAAGCGGTTTCCGTGGTTAGGGGCGTGGCAGAAGCGGTCGTCAGGGGCGTGGCGGCAGTTACTTGGGCGGGGCCGGTAGCGGCGGGAGCTGCACTGGCCAGGGGTTCCGGCTGTATATCCATGAGCGCCGCTGGCAGCCGGGGAGCTGCAGGAACCAGACTGGGGGCGAGCTGAGCACCTGTAGTCAATCACACGCAGCTTTTAGGTTTGTTTGAATAAGAGATCTGACCTGACCGGCCCAACTGTACAACTCTTCAAGGAAAATTCGTATTTGCAGTGGGAAGAATAAGTAACATTGATCAAG,13.41536482444689,3.745814383422703
6610,ENST00000310775.11,ENSG00000140525.17,FANCI,89243949,89317261,86.8729316158934,4743,4370.51,3105.1,16.0069,GTTGTTACGGGTAACGGAAGTGTGGCGGCGTTGGGTTGAGCGGGCTTTTTGGAAGTTTGTGGCGGAGTTCTGTGATATGAGCAACA,5.427217738343677,2.4402127903326316
6611,ENST00000268138.11,ENSG00000140534.13,TICRR,89518523,89631056,12.44967062359161,6775,8447.22,1583.46,4.22334,GGGTCCCAAAGGAAAGCAGTGAGTGGTGCTGTTTCCCTGAAGGAAGGGACTAAGGGACGGTGGCGCGGGCCCGGACCGGGGCCCCGGGGCGGCGGCACGGCCGAT,2.9478258022303696,1.5596512728441865
6612,ENST00000268154.8,ENSG00000140548.9,ZNF710,90001392,90082206,8.604573137368474,4617,6896.18,411.082,1.34302,TCCAGGGAGGGAGAGAGCGCGAGCGAGAGAGCGAGCGAGAGGAGGGGGGAGAGAGAGAAAGAGAGGAGCCGGAGGGAGGGCGGCAGGAGCAGGCGGCGGGCGCGCGTGGAGGCGGGCGGCGGGCGCACAGCAGCAGCCCGGGCGGTGGGCAGCCAGGAGCCCCCGGCCCGGCCCGGCCCGGCCCGCCGAGGGCCCCAGCGCAGGAGCCGCGCCCGGACCCAGGCGATGCCCTCCTAGCTAGCCGTCACGGG,6.406883841914844,2.6796228343897113
6613,ENST00000379095.4,ENSG00000182768.8,NGRN,90249530,90314499,13.30067145156463,7237,7611.57,455.248,1.34752,GCGTCGAC,9.87048166377095,3.3031204876177003
6614,ENST00000268182.9,ENSG00000140575.12,IQGAP1,90388218,90502243,47.46961865154363,7233,6651.98,4329.9,14.6653,GACGGCACGGGGCGGGGCCTCGGGGACCCCGGCAAGCCCGCGCACTTGGCAGGAGCTGTAGCTACCGCCGTCCGCGCCTCCAAGGTTTCACGGCTTCCTCAGCAGAGACTCGGGCTCGTCCGCC,3.2368665251678195,1.6945978760664955
6615,ENST00000420329.6,ENSG00000140577.15,CRTC3,90529925,90645345,6.775699569327529,5209,7038.42,657.178,2.10363,CTCCGGGGCCGCGGCGGCTCCTCTGCCGGGTCGCGCCGGACGACTGGCTTCGGGCGGCGGCCCCGGCGGCCTGTGGACGGACGGGTGGGCCGAGGTACAGGCCCCACGGCCGCCGTCTCCCGCTTCTGCCCGCGCAGAGTCCGCGCC,3.2209559520103483,1.6874889313662567
6616,ENST00000355112.7,ENSG00000197299.10,BLM,90717327,90816165,18.0375606996224,5258,4519.55,627.216,3.12668,AATCGGAATAGGCAAGCTTCCGGCGGGAAGTGAGCCAGGGCTTGGCGCGGCGGCCGTGGTTGCGGCGCGGGAAGTTTGGATCCTGGTTCCGTCCGCTAGGAGTCTGCGTGCGAGGATT,5.768918053533588,2.528300770315177
6617,ENST00000610579.4,ENSG00000140564.10,FURIN,90868592,90883458,10.527257183392791,4191,6524.96,1165.34,4.02381,CGGCCGAGGGGCGCCCGAGCCGCCGCGGCGGTCGCCTGGAAAAGTTTCCCCGCCAGGGCTCCCCAGGGGTCGGCACTCTTCACCCTCCCGAGCCCTGCCCGTCTCGGCCCCATGCCCCCACCAGTCAGCCCCGGGCCACAGGCAGTGAGCAGGCACCTGGGAGCCGAGGCCCTGTGACCAGGCCAAGGAGACGGGCGCTCCAGGGTCCCAGCCACCTGTCCCCCCC,2.6162411205779574,1.3874955100376454
6618,ENST00000559717.5,ENSG00000196547.14,MAN2A2,90902218,90922584,5.172686215244852,6704,8970.07,413.24,1.03793,GCGCGCGGGAGGGCTCCGGCTGCCCCGACAGAGGCCGGGCTCGGGCGGCGGGAGTGCGAGCGCCACTGCGGCGTCAGAGGGGCCAGGAAGGGACAGGAGGCTGCCTGAGGCCCGTACCTGGCGCCTGTCTCTGCGGTCCCCGGGGCCGACGAAGTCGGAGCGGGTGGGGAGGGAGCCGGGCGGGCGGCCAGAGACCTGGCGGCAGGTGCCTGCCCTCTGTGATCCAACTCTCTCCCCAGCTCCACCCACATTGGCCTAGACCCAGTCTCTAAGGGCTGAAAATATTGCCCGGAAGCTCCCGAGCAGAATCAGATCGCGCTAAGTAGGGCACAACGCAGAGGCGACAAAGCTCCTCGGCCCCAGGGCCCGCGGAGCAGACTCCGGAGCGCGGTCCCGCCCACGCTCGGCTCCGCAGTTAGCGTCCTCCTTCCTCCTGAGCAGGTGTGTGTGGAGGCCAGT,4.9836561379330515,2.3172045287927183
6619,ENST00000418476.2,ENSG00000140553.16,UNC45A,90930180,90954093,32.612902457926644,3252,4356.31,845.266,4.37156,AGAGACTGCGCCTGCGCGGGCACGAGACAACCTCTCCGCG,7.460243587626991,2.8992227373068125
6620,ENST00000394258.6,ENSG00000166965.12,RCCD1,90954870,90963125,17.466313171909658,2689,3222.0,286.315,2.00208,GGAAGGTAAAAGCTGCTTCCTGTTGGGGCATGAGTCCGGCGCGTGTCGGGTTTTGAGCTGCCGCGGTCCCGGGACTGAGATAAGGCAGCTCCAGCCCCTGGAAGGCCAGAGACTTGCCAGTGTCCCACTAGCGGGCTCTTCGCAAGAATCCCCCCGGGCCCGCCGCAGCCAGGCGGCGGCCGGCAGAGGGCGCTGCTCGGGC,8.724083539074192,3.1250035848377897
6621,ENST00000394196.8,ENSG00000173575.19,CHD2,92882707,93028005,3.901769687086369,9363,10520.6,487.396,1.04377,TCTCAGAGCTGGGAAGGAGGCTCTAGATGGCGGCTGTGCCTTAGAGAGAGCGCGCTCTGCTCCCTGCCTTTGCCTCACTTTACGCAACTTTCCCTAACTTTCGGGCAGCCTCAGGGGGCCCCCGTAGCCCCCTGCCTTTCCTAGGGACTTACTGGGGTCGATTCGAACCTTTTTTTGGGAGAAAAGCAGCTTTTAGGAGCTTTCTTTTCGTGCCTTGTTGGAAAGAAGCAGCCGTACTGAGAGCCCAGGTCGTTGTTTTTTCCAGCTTAGAAGCCATGGCGCACCTCCATTTTTGTGCGCTCTCCTAATGAGGTTTTTTTTCTTTCGGACCTGTTTTAGTATTAATTATTGCTTTATTTTTTTGACCAGTTAACATATTTGAGGGTTATTTTATTTATTTTTCGTTTTTTAACGGAGGATTTTGCCTTTATTTTTAATTATTTGGGATCTGATATTTTTCTACTAGTAGATAGGACTCTTGGTTTGGACATACTACATGGATCAGTAAATACCTGGGCACAGGACTTCAAAGCAAACACAGATTCCCCCTCCCCCTTAATATTTAAGAATTAAAAG,3.738150825456153,1.9023247795560112
6623,ENST00000394166.7,ENSG00000185551.13,NR2F2,96325938,96340263,71.95130767502702,5275,5631.59,1201.7,4.8076,AGCCCCGGCGCCTATAAATCGCATTCCCTCCCGCGCCCCCCTTTTTAGCATATTTGATCACTTTGATTCTCTGTTCTTTTCTCTCCGCGGTGTGTGTGTGCGTGCGCGCGTGTGTGTTTTCTTCTTCTCCTCCTCCTCTCCCCGAGTTGCCTCCTTTCTCCGGGTGCCGTACTGCCTTTTTTCCCCTCTTTCATTCTTTCTCTCCGTCTTTTTCTCCCCCCTCTGCGCACGAAGGATGTGCTTCTAGGTGGTGATCTGCCCTCCTCTCTCTCTTTTATCATTTCTCCCCCGCCGCCGGCGAGTTGACTCTTTCCCTATGTGTGTGAGGCGGCGGCGGCAGCAGCAGCAGCAGCGGCTCCGGCGGCGGCAGCAGCGGCAGCAGCGACTTCAGCGGCGGCGGCGGCGCTAGACGCAGCGGCTCCGGGCCCGACCCGGCGGCTTCGGCGGCGGCTCCGGCGGCAGCGGCGGCCCGGGCGGCCCGCAGGGAACGGCGAGCGGCCTCCACCCAGCGACTGCGGGCGGCGGCGGCCGGAGAGAGCGAGGCGCGCGCCGGACGCCCGGGGCAGGCGGCGGCGGCGGCGGCCCAGCGCCAGGACGACGCCGCGCAGCGCCCGACGCGGACCACTTTCATGCTGATTCCCCCGGACCCGGGCAGCGCTCCGGCCACTCCGCGGGCCGCCGGCCTCCGCCCCGGCCTGCCTGGCTCCCTGGGCGCGCCCGCACCCGGCGCCTCCGATCTCCTAGTCCTCCTGATTTCGATGGCTTTCCTGAATGGCTGACTGTGGGCTGCCCTGGACTTGGCCCCCGGACAGTCGCCTCTCCTCCTCCTCTACCTCCTCCTTCACCACCACCTCCTCTTCCTCCTCCTCCTCCTCCTCCTCCTCCGCCAACTCCTCGGCTGCACACCAGCTCTAAGAGCGAGAGTGAACGAGAGAGGGAGGGAGAGAGTGAGAGCGAGCGAGATCTTTGGAGAGATTTTTTTTTTTGCCTCCTACTTCTGTCTTGAAGCCAGACAATCGACTTCAGCTCTCCCTCCCCTCCCTCTTTCTCCACGTTCTGCTCCCACTCGCTCTCCTGTCCCCTTCCCCTCCCCTCCCGGCGGAAAGCCCCCCGAAACCAACAAAGCTGAGCCGAGAGAAACAAACAAAACAAACACACCGGGCCAGACAAGCCATCGACAAAACTTTGCAAAAGCAAAAACAAAAAAGGAAAAACTAACCAACCTCAACCAACCAGCCCCCGAGCCACCCGGGGCGCCCTCCCGCGCCCTCTTGCACCCTCGCACACACAAAAGGCGGCGCGCCGGAGCCCGAGACCCGGGGAGCCGCCGCCGCCCCGCCGCCGCCCGCAGCCAGGGGAGCAGGAAGTCCGGACGCAGCCCCCATAGAT,14.966159346665078,3.903632135761448
6624,ENST00000268042.6,ENSG00000140450.8,ARRDC4,97960698,97973838,19.686348295562897,4072,3848.55,682.0,3.99254,AAAGCGACAGGCCTCTCGGCGAGCCGGTGCCCCATCGGGTACCGCACGGCTGCCGCGGCGGCCTTACCCTGCCGCGAGCGCCTGTGACAGCGGCGCCGCTGTGCTCGCGACCCCGGCTCCGGGCCTCTGCCGACCTCAGGGGCAGGAAAGAGTCGCCCGGCGGG,4.930782984156176,2.3018167576917077
6625,ENST00000268035.10,ENSG00000140443.13,IGF1R,98648971,98964530,59.86190572625235,11803,14612.7,838.251,1.29242,GGGAAGGAGCTCGCCGCGGCGGCGGCGGCGCTGAGGGAGGAGGCGGCGGCGAGCGGAGCCAGGAGGAGGAGGAGGAGGGGGAGCCGCTCATTCATTTTGACTCCGCGTTTCTGCCCCTCGCCGGCCTCGCCTGTGACCCGGACTTCGGGGCGATCTTGCGAACTGCGTCGCGCCCTCCCGCGGCGGAAGCTCGGGCGTCCGGCCGCCTCCCGCGCGGCCAGGGCCGGGCTTGTTTTTCCTCGCCTAGGCAGATTTGGGCTTTGCCCCCTTTCTTTGCAGTTTTCCCCCCTTCCTGCCTCTCCGGGTTTGAAAATGGAGGCCGACGACGCCGACAGCCCGCCCCGGCGCGCCTCGGGTTCCCGACTCCGCCGAGCCCTGGGCCGCTGCTGCCGGCGCTGAGGGGCCGCCCCGCGCCGCCCGCCCCGTCCGCGCACCCGGAGGGCCCCGGCGGCGCCGCCTTCGGAGTATTGTTTCCTTCGCCCTTGTTTTTGGAGGGGGAGCGAAGACTGAGTTTGAGACTTGTTTCCTTTCATTTCCTTTTTTTCTTTTCTTTTCTTTTTTTTTTTTTTTTTTTTTTTTGAGAAAGGGGAATTTCATCCCAAATAAAAGGA,46.31768753675458,5.533491321821241
6628,ENST00000338042.10,ENSG00000068305.17,MEF2A,99565417,99716466,11.679574825113855,5464,5110.61,811.117,3.5758,AGAACGAGTTCCGGTCTGGCCGAGGCTTGTCTCCTAAAAATAGCCCCGGTGTGGGGATCCGTGCGCGGATGTCCCGGCGAGTCCCGGGCTGAAAGAGGCGGCTCCGGGCGGCGCGAAGCGCTGGTGGCGGGCCCGGGCTGCGGCGTGTGCGCGCCCGCCAGCTGCTCCGGAGATACGATCTTGTAGAAAATTTCAGCTGTAGCCCTTGGACTAGAAGCTGAAATAACAGAAGCTGTGTACGATGCATTAGGGTATTGAAGAAAATTAACTTTTGAATTAAATATTTGGAATATAAGGAAATAAGGAAAGTTGACTGAAA,3.266283020614647,1.7076498046003883
6629,ENST00000332783.11,ENSG00000183475.12,ASB7,100602534,100651705,14.894160653474316,4985,4964.64,397.958,1.80597,AGGCTCAGGCTCCACTGCGGGCGCTGATTGGTTGTTGAAGGCTTGGTCCCATCCCAGTGACCCCAAAGTGCTGAAGGGAGGGGGCGGGGGTGGCCCAGTGCAAAGTGCATCCCGAAAGCCCCCTGTCCGGAGACCCCACGGCTGGCACTTCGGGCCCCGTATGACCTGGGACCTCGCCGTCCCGAGACCTCCTGGGTCCCTCCGTAGCTGGAAGCCTCCGGCCCGGAGCGCGGCAGCCCCCTGCTCCGAGCCCTGGACCGGGACTGCCCCCCCACCCGAGCCAGGACTTCCTCCCTGCCTCCCTGCACCTCTGCCCCAAGGCTGCCCGGCGGCCGGGATCGCCACCTCCTGCCTTCTCGGCTGTTCGGATGTTCGCCGGGCTGGGGCCGTGAGGCACCGAGGAGGATCAGGAACACCAGGGTCCGGCCCTGCCTGGGGTATTTCTTCAATGGAGAAGTTGGTGAGTGTAGAGGAGGCTGAAAGGAGGAAGAGAAGCAGCAGCTGAGGAGACAGGTTTGAGCTGGCTGAAGAAGACGCGAAAGCAGGAAGAGGTCTGCCCACCTATCAGAGAAGCAGAAGGCACAGTGCCTCTGACCAGCATCGTCTGTAAAGGTTAAGAAGGCTTTTTTGCTCTGTAGCCTGGACGTACTTTGAAGCCCCTCCCCACGATGCTGTACGTGCACAATGGTTACTAGGCAATCCGTACATCAGGAGAAGGGACACTCTTCCATAAGGCTGATCCCCGTAACCTAATGAATCCTTTGTAAAAAGTGGACTCAGCTAGG,8.24718054755855,3.0439009914469075
6630,ENST00000617928.4,ENSG00000273749.4,CYFIP1,22867052,22981063,48.882031517033646,6793,7272.69,465.868,1.44321,AGGAAACTCCCAGGGCCCGCCCAGGACCCCCAAGCCGCCGCGGACGCAGCCCAGG,33.87035255924893,5.0819510989273695
6631,ENST00000615383.4,ENSG00000275835.4,TUBGCP5,22983192,23039673,12.339027776946788,3849,3506.85,474.577,3.04896,GAAGTCGCCCGGCGCGGGAGCGCGAACTCTCGCGAGAATGCCGCCAGCTCCGGAGGCGACTGCGGCAGGAGCCCGAGCTCTCGCGCGACAGGCACCAATTCGTTAGACGCGCGCTGCAGGAGCGCGGAAC,4.046962825667371,2.016839596852246
6632,ENST00000261609.11,ENSG00000128731.15,HERC2,28111040,28322152,4.185650946192114,15337,19166.9,1948.61,2.29052,GCGCCGGCTGAGCCAGCGGCTCTTGGGAGGCTGCGTCCGCGCGCCGGCGAGGCGAGGCGGCCGGGCCCTGCGCGTCAGGCCTGAGACCTGGGAGGAAGCTGGAGAAAAG,1.8273802220422062,0.8697768459977446
6633,ENST00000332303.5,ENSG00000185115.5,NSMCE3,29120254,29570723,56.428258826133295,4838,4686.74,409.203,1.96712,AGCACGCAGTCTCAGCCGACACTGCGCGCGCCTCCAGGCACCGGCGTTAGCGGGTCGCCGACCCGCAATCCCCGCCGCGGCTGCTTGCCTACCGGAGTGTGCGCCGGCACCTGCCGCCGGAGAC,28.685722694158617,4.842260959892927
6634,ENST00000306730.7,ENSG00000169857.7,AVEN,33866227,34039176,12.202450888069816,1605,1735.27,147.277,1.91219,GCACCCCGCGCCTCGCTGCTACCGGGCGCCTTTCGCTCGCGGCTCCTCCGTGCGGCCCGCTTCCGGTGGGGCCAGGGCGTCTCCGCCGCAGCTCGGCTCCCGCGCGCTCAGCACCGCCAGCGGCGGCCAG,6.381400848278578,2.6738731598871968
6635,ENST00000256545.8,ENSG00000134153.9,EMC7,34084017,34101948,126.84703637528722,1155,846.387,828.933,22.0654,CAGAAACGGGCGCGCAGTGATGACAACATCAAGCCGCCAGCGGCGGCGGTGGCGGCCGGGAGACTGGGAGGGCTTCCGGGGCTGCCGGTCTGAGTGCAGAGCTGCTGTC,5.748685107692913,2.523232007267001
6636,ENST00000256544.7,ENSG00000134152.10,KATNBL1,34140674,34210096,16.138442382890076,2723,1780.72,141.949,1.79598,GCGCGCGCGGCCGCGTTTGAATGGCCCTGAGTGGGACTCGGCCCAGAAGCCGAGGGACTCTCTAGGCTGCCGGGCGCTGGTCGTCAGCGCCGAGGCTGGGCTGAGGCGCCGCGGTACCATGAGGCGCCGGTACTTAAGAGATT,8.985869766305903,3.1676581527954526
6637,ENST00000290209.9,ENSG00000140199.11,SLC12A6,34229996,34338060,6.6711157239955625,7286,7447.56,408.972,1.2372,GGATCACAGTCTGAAACGACAGCAAGGAAGAGGTAGGCAGGGAAAACTAACTGGAAGGAAGTTTAAATACAGAAAGAGCAAAGTATTATCTAACTATAACA,5.392107762686358,2.4308493294462643
6638,ENST00000328848.5,ENSG00000182117.5,NOP10,34341713,34343177,401.03417281476914,554,427.659,941.773,49.6147,TTCCGGTTATGCAGGAAGGAAATTGACGAACACGTGACGCGGTCGGGCGGACCACTGCAGACTGAGCGGTGGACCGAATTGGGACCGCTGGCTTATAAGCGATC,8.082970829507568,3.0148856411527083
6639,ENST00000156471.9,ENSG00000021776.10,AQR,34851782,34969839,26.262635237367125,9694,8372.34,995.485,2.67886,AACGCCTGCATGAACTTCCGGCTACACGCCATTCCGCTTCCCGAGGAACGCTTGGGCTGTTGTACGGGTTCCCTACGGGACTCTGAAGGCTGAGGATATCCGGCCCGGAGCGTTTGTGCGGCGCGGAGTTAAGCGCCCCGGCAGTAACTTAAGGGAAGTGGACCAGGGTTGCCGCTGCCCAGAGCGGTCCTTTAGTTTCCACTGGAGTGGAGGGAAGAGTGCTGCC,9.803660974208105,3.2933205944367283
6640,ENST00000356321.4,ENSG00000198146.4,ZNF770,34978341,34988287,65.509167362684,5439,4175.31,1757.46,9.48328,GTTGCCGCGCCGGCCCTGCGGACGTGCGCGCGCTGCCTTCGCGGCACCTGGGCCTGAGGTGCGTGCCTCCCGGGCCCTCGCCAGCTCCAGATGCGTGAGGAGGACTTCAGAAACCCGACTGAGAAGTGGAGCGACCCCCAGGGAGGGTCGGACCTGCCTCAATACCGCCAAGGTCTTTCATTTCTTGTTCGCTTACTTTCGTGAAATCCTCACATCGTTTTAATGGTACTAGTCAAGACAAGAAAATCAACAGGCTTTCAGCCTTGAGGCAACATTGGATATTATTGAGACATCTGTGGAATTTAAGAACAGTATGGAGCTCATCAGAGTATATCATTGAAGAAT,6.907859660653697,2.788238773524685
6641,ENST00000256538.8,ENSG00000134146.11,DPH6,35217345,35546193,30.358002569802387,2099,1519.43,208.026,3.08459,GCCGCACGCACGCGCACTGCGCCCAGC,9.841827461608313,3.2989262246103035
6642,ENST00000310803.9,ENSG00000172575.11,RASGRP1,38488103,38565575,2.241279623391771,5023,4627.43,254.525,1.23923,ACAAAGTTTGTGCCTGCGGTGCACCTCGGTCGGGCTCGCCGGGCTCGAGGGCTGGCGGGCGCCGGGGCTACGAGGCCCGGGGGGGAGAGAGCCGGCAGGCGGCGGCGGTGGTGGCGGGGGCGATGCGCCGCGCCCGGCCGCGCTAGGTGAGCCGGCACCGGGAGCGCGGGCCGCGGCC,1.8086066536411893,0.8548786763140216
6643,ENST00000267884.10,ENSG00000140319.10,SRP14,40035739,40039188,330.868780316783,1077,846.117,2823.37,75.1795,CCAGCCTAGGCCGAACTTCCGGCTCTCACTGCTAGGGGCTTAAGCGGAGGGAGTCGAGCCAGCGTCGCCGCG,4.40105055655841,2.1378479446197955
6644,ENST00000338376.7,ENSG00000137824.15,RMDN3,40735884,40755851,28.073110845410092,2251,2658.27,409.073,3.46708,GACGTCACGGTCACTGACAGCGTGAGCCCGCGGCGGCTGCTGCCATGGTGGCTGGCGGCCGGGTAAGGGTCTGAGTGGATCTCCTGCCAGGCCAGAGCGCCTTCGGGGGCCGCGGCGGAAGGCCAGGAGTTTGCAGCCAGGGCGCCGGGTTTGTGGTCTGCAGTGTCGTGAGGCTGAGGTGCAGC,8.097047326687036,3.0173959100042644
6645,ENST00000361937.7,ENSG00000128908.15,INO80,40978880,41116354,3.8096948104917536,6439,7320.02,355.259,1.09344,AGGCGACGAGCAGTGAGTGTGGGCGGGGTGGGGGTAAGCCACCCGTGTAGCGGCTCGATTGTTCTGGCCTGGCTATGGCGCCTCTCCTCCCCCCCGCCATGGCTCCCCGTGTCCCTGCTCCGCTCCTCTCAGTGAGTGAAAGTGGCCGCCGCCGCCGCCGGCCCAGCGCCCGCAGCCGCCTCAGCGCCGCCGCCATCTTGGGGTCCCAGGAGCCGCGGAGGGAGCGAGCTAGGAGCGTCCACGCCCAACGCAGTCACCGTCCCACGGCCTCAGAGAGCGAACCGCGGCTCCACCGTCGGCGGGGCGACCCCCCCCTCCGGACCCCGCCCGCACCCCGCCCCCCCTCCGCCGCCGTCGCGGCGGCGGGGCCAGGCGGCCCGAGCCGTGCAGTCGGAGGTCCTTGTGCATGAAGACAGATTTGTTCT,3.4841370450063596,1.800801372002954
6646,ENST00000220514.7,ENSG00000104147.8,OIP5,41309268,41332621,64.2558089086555,1236,957.807,247.543,5.82283,GAGCTGTGCTTGGGGCGGGGCCTGGCGTGTATTCGAAAGGAAGGCGCCGGCTGCGGGAAG,11.035151104987694,3.4640344795500964
6648,ENST00000260361.8,ENSG00000137806.8,NDUFAF1,41387349,41402519,71.20429872902115,1461,1267.67,244.64,4.34793,AAGCGGCGGCAGGCCGGCGGTTGGTGTGTCCCGGGTGTGGGGAGGCGACAGAGCCCTGGCACTTGAGGGTTGAGGGGGCCTCCCCAGCGCGGCGAACCGTCTAGCCTCCGGAGGCCAGGCCGTGAGTGCGGGAGGTATACGCCAAGGCGGAAGAATTTTGCCACTCACTACCTGTGTGACCTCGGGTAAATTAGCCTTGGAACGTCAGTTTCTTCGTCTCTATAATTGAAATAATAATAGTACCTCTCTCAGGATTGTTGTGAGCCGTCAGTGAAACACTTAGAGCAGTTTCTGGCACATGGTAGAATTGGGCTATTTGCTGAAGCTTCTTGGTGGCCCTTGCTAGCCCAGGAAGAAACTTACATTTTGATTTTTTTGTACC,16.376597306999226,4.033563723033675
6649,ENST00000304330.8,ENSG00000103932.11,RPAP1,41517176,41544269,15.867902128476413,4665,7346.62,574.685,1.7624,CTGCGGGGCAAGATGGCGGCGCCCAGACAGGCCTGGAGCACGGATGAATAAGAGGGAACCCCCACACGGAGACACTGCTGGAGAGAGTCGTACTGGGGAGGCAGCTGGAGCAGCAAG,9.003575878618028,3.1704980989704556
6650,ENST00000220325.8,ENSG00000103966.10,EHD4,41895939,41972578,35.10780363801757,6416,8024.23,572.54,1.60755,CCAGCGCGGCCGGGGCGGCTCAGTGCGAGCCGGGGAGAGTCGAACCCGGAGCAGGGTCCCATCCGAGCGTGGACTGGCGGCAGG,21.839322968503357,4.448856227467359
6651,ENST00000318006.9,ENSG00000166887.15,VPS39,42158701,42208316,13.225971911682828,4844,5849.95,704.389,2.71283,AGCAGGAAGTCCGGGGTTGACGATGGCTGTGTTGTTGAAGGGCCTGTAGCCGGGGGGTTCCTGGCCGGATCCCGGTCTACCCTTAGCCCAGACTCGTTCCGGACCCCAGCCCGGCCCGGAACACTCTGGGCGAGACGGCGGTGGCAACTCTCCCCTTGCCGCC,4.875341216251232,2.2855031939938475
6652,ENST00000389834.8,ENSG00000103978.15,TMEM87A,42210452,42273663,36.16734269087854,3109,2631.85,418.903,3.58603,AGAAAAGACTCAGGCCAGGCTGGCATGTAGCGATCTCTCTAACCCAGCTGACCAGGTTCCAACAGGATGACGCCTGCGCAGTAGGTCCAAAGTCTCACGGCGCACAGACGACTGTCTGAGAGAGGGGCCGCTACGCCGCACAGCAAACAAGCTCCGCGACGTTTCCAGGACCCGGATAATCCCGCCCTTAGAGCAGAGCCGGAAGAAGGCGGGACGAACCGGAAGAGGGTGAAATGCTTTCGGTAGGCACTCCACGGCTGTGAAG,10.085621896882776,3.3342281406514713
6653,ENST00000263805.8,ENSG00000103994.16,ZNF106,42412823,42491123,6.049695461345478,10460,10744.2,1397.57,2.93062,GAGTGCAGCTGGCACCATGGGTGTGCTCCAGAGCAACTTCTGCTTGCTCTGAGCCCCCTGCCCTGCCTCCCCTTTCACCATGTTTCCTCTGACAAGATTTTAAGTACAGCAATTCAAGAAGATTTCTCCTCCTAAACGACATTTATCTGAAGTCTATTGCCTCTTGATTGCTGGAAAAGAATCTTAAAATCATTTCAAAAGTAACTTATAAACAAACTTATTAAAAGTGATGAAAGGAGCATTGAAATTAATTAGCACTAATTTTTCACTGTGCCAAAGTGTGCAGTGTCCTTCAGAGGAAACAATAACAGATCTGGTGAGTGTGCC,2.0643056627421768,1.0456566071336424
6654,ENST00000290650.8,ENSG00000159459.11,UBR1,42942897,43106113,11.554190449913053,7761,6441.88,692.114,2.42062,CCTGTCTCTCCGACCGGCCACAGGTTTCCGCTTGCCTCTGGCCGGGGGTCGGCAACTGCAGGCGTCAGTTTCCCTCAAG,4.773235968434968,2.2549676588447745
6655,ENST00000305641.6,ENSG00000168806.7,LCMT2,43323649,43330605,32.60091113354794,6957,7239.24,414.223,1.28915,GGGAAGTCCAGGAGCATGGGTGGTTTTTTTCCCCCTACCGAGGTCCGTGAGGTGTGTGCTAACCAAGGGGCGGCTCACAACCGTGACAGACTGCCATTCCTGAGTCTCTTCTGGCC,25.288687223013564,4.660420241180489
6656,ENST00000396976.6,ENSG00000140265.12,ZSCAN29,43358172,43371025,4.42712515526345,5595,6307.15,438.455,1.56622,AGTGCCATCTTTCTCTGCCCTAGGAAGAAACACCTCTTACAGTCATCTGCAGGGGATTCTCCAAGGACATGGGAAGATAGATGTAAGCCCTGGAACCCAGACTCCTAAGCGAAGGGAAGCTGCATTCTGCTATTA,2.826630457575213,1.499083283285032
6657,ENST00000382044.8,ENSG00000067369.13,TP53BP1,43403061,43510728,20.53606690672212,10384,11352.0,548.014,1.08763,GTGACGGGAAAGGGGGAGTTCGCGGCCGGTGGCGGCGGTGGCGACAGCGGCGACCTAGGGATCGATCTGGAGGGACTTGGGGAGCGTGCAGAGACCTCTAGCTCGAGCGCGAGGGACCTCCCGCCGGG,18.88148258757309,4.2389001454855455
6658,ENST00000267812.3,ENSG00000140259.6,MFAP1,43804492,43824802,48.70961137331634,2155,1814.24,854.354,10.6097,GCAGAAACCGACTCGACTTCCTAGCTGTGGGCGCCCAAACGTCGTCCACCATCCCACAATCCTCTCGTCACGTATTTCCGGTTTATCTAGCTCAGCCGTAAGTAGTTTCTCTATCAGTCGCGCAGCTGTGTTCGCGGACTCAGGTGGAAGGAATTTCTTCTCTTCGTTGACGTTGCTGGTGTTCACTGTTTGGAATTAGTCAAGTTTCGGGAATCACCGTCGCTGCCATCAAC,4.591045116574111,2.1988226096015557
6659,ENST00000261866.11,ENSG00000104133.14,SPG11,44562696,44663678,8.265257332508313,7774,7574.94,789.289,2.34757,GTAACCGCCGGGCCAAG,3.520771407245923,1.8158915605328911
6660,ENST00000380950.6,ENSG00000103995.13,CEP152,48712928,48811146,2.9711229677265334,5635,4648.77,243.053,1.17794,CCGGGCGAGCTTCTAGTCGGCGATTGAAGGATGCGAGTGCTCCTTAAGGGCCTCCGCCCCGTGAGTTCGGTTGTGACTAGGAAGGAGCTAGTGGACTAGAGCCAGGGTAAGGGGATCTGCTAGAAGTTGGTCTTCCGCCAGGACTAGAGTTTCCTCGCGGTAACAGCCTCCGTGGCCTCCGGAGGACC,2.522304164665886,1.3347422607555701
6662,ENST00000559471.5,ENSG00000138593.8,SECISBP2L,48988476,49046563,6.679457670037803,7176,6304.96,647.604,2.31414,ATTTCTAACTACGCCTCCAGCCCATTCGGGCCCTCCTCGGCTTCCGTCCCAGATGATCCCTCCCCGAAGCTGCCACCGCCTCCTCCATCTCCCGGAGCTGGAGCCGCCTCCTCGGCCAGTGGCGTAGCCGAATCGGTGTCGCGGCCAGCCAGATAGGGGCGGAGGTCCGGAACCCAGTCTGGACCCGAGCGGGGGGCCATGGAGAAAGCGGCCCGAGGCGCTGTTTACACCGACTAGCGCGGGCCCGTTGCGGCTGCAGGCACC,2.8863671472070846,1.5292548229634315
6663,ENST00000388901.9,ENSG00000166200.14,COPS2,49106068,49155661,68.8445546119804,6628,4413.62,615.743,3.14316,AGAGTGACGCCTCTGAGCCGCGGAGGATTGTGGGAGGAGGTTGTCTCCAATTTCTCCTCCCCCTCCCGGCCAAG,21.90297490804808,4.453054927892279
6665,ENST00000220429.12,ENSG00000104064.16,GABPB1,50275392,50355408,9.560333827581156,2726,1977.72,354.527,4.03873,GGGGATTTTGGGCGCCGACCAGACGCGGCATTTTCGGAAAATAGCGCCCTGTGCAGCTGAAGCGCTTTGTGTGTAGCGGGGCCGCGTCAGCCCGGCCGGGTACGAGGCGCCTCGGGTCCCCGCACCACCTCCTGCTGCCTTCCCGTCGCCGCTCCCGAAGCTTTTCCAG,2.3671633973009225,1.2431592938797265
6667,ENST00000560955.5,ENSG00000092439.13,TRPM7,50552473,50686815,9.199798345384174,7218,5552.13,978.004,3.96865,CGGGCGCGGGCGCGTCCCTGTGGCCAGTCACCCGGAGGAGTTGGTCGCACAATTATGAAAGACTCGGCTTCTGCTGCTAGCGCCGGAGCTGAGTTAGTTCTGAGAAGGTTTCCCTGGGCGTTCCTTGTCCGGCGGCCTCTGCTGCCGCCTCCGGAGACGCTTCCCGATAGATGGCTACAGGCCGCGGAGGAGGAGGAGGTGGAGTTGCTGCCCTTCCGGAGTCCGCCCCGTGAGGAGA,2.318117834876891,1.2129539034762808
6669,ENST00000261854.9,ENSG00000138600.9,SPPL2A,50702266,50765808,37.00784408708974,7372,6292.63,649.689,2.32614,GTAGCGCCGGGACGCCGGGACGCCTGGATACCGGGAGAGCGCTGGGACTCTCCGAGCCCGGCGCGGGGGTTTCCGCATCTTACGGGCGGGGCCGGAAGAGGAAGTCGCGCTGCTGTGGCGGCCGCTGTAGCAGCGGCGGTCCAGTCGTAGCCCGGCCGCCCGCGCCTGTCCGGTCCGGTCCGGCCACGGAGGCAGCGCAGCGGCGGGACTCCGAGCCTACCCCGCCGAGTGAGCTGCGCCGCACCGTGCCGTCCCACCCGGCACCCACCAGTCCG,15.909551483182327,3.9918212591478026
6670,ENST00000299601.9,ENSG00000166477.12,LEO1,51938025,51971806,43.3958356103325,2193,1845.7,628.0,7.66583,CGTGCCGTAAAGAGAGGCCGGGAGCTGCCCCTAACCGAGGCAGCAGCGGACGTGAGCGATA,5.660944165254447,2.501042694211048
6671,ENST00000358784.11,ENSG00000069966.18,GNB5,52115105,52191369,27.67826763801927,1735,1755.59,98.3932,1.26271,ATCGCGGAGGGCGGGGCCGCGGGGCGGTGCTCGGGGCCGGGGACGGCTGCTGGAGCGGCGCCCGCCGCGGCTCAGCGCATTCCCGCTCTCCGCTTCCCTCTCCGCTGCGTCCCCGCGCGAAG,21.919734252535633,4.454158402543785
6672,ENST00000261839.11,ENSG00000128833.12,MYO5C,52192322,52295798,4.921776945001261,6971,6342.32,664.189,2.35942,AACTCGGGAACGGGAACAGGAGGCCGTTGGAAAACTTTGGGCAAGATGGCCCGGCGGTGATTTCCGCGGCGGTCTCTCCTGCGCCCGGCCTCTGCGGCGCAGGCCCAGCCCCCGAGCCTCGCACGTTCGGCAGCCCCGGCCTGGCCCCGGCCCCTCCTGCCC,2.0860113693201128,1.0607470209530985
6673,ENST00000553916.5,ENSG00000197535.14,MYO5A,52307283,52529050,2.1102876800419685,5989,5719.12,304.481,1.19948,GCACAGGCGGGGGGCGTAGGCGCGCGGGGCCCGCC,1.7593354453946446,0.8150305818823302
6675,ENST00000564163.5,ENSG00000128989.10,ARPP19,52547045,52569883,75.95031184833108,718,552.585,35.0548,1.42926,CCATTTTCGCGGGCGGAGGCGGCCCGGCGGGCCCTGGGAGAGCTGGGACGGGCGGCGGCCGGGTGGCCTCGGCCACCCGCTAATTGCATCTTTTCCCGGCGTCTCGTCTGCAGAGGGAGCACT,53.139605004219725,5.731715598956442
6676,ENST00000261844.11,ENSG00000047346.12,FAM214A,52581317,52709817,3.3382202227688715,4217,3351.75,183.646,1.23444,TAAACTTGGCCGCGGTTGCCGCAGGAAGGCTAGCCAGAGGGTAATTACACAGCATTTTGAAAGCGAAGCAGAAGCCGTAGAATCAGCGGCGAGCCTGTTGAAAGAACCCACAGGTGCATTTCACAGCACTCTGGGCGAAAATTGGATGTGAAA,2.704238539555484,1.4352224166552685
6677,ENST00000260443.8,ENSG00000137876.9,RSL24D1,55180806,55197067,122.21912956523964,2015,1311.2,1442.45,24.7852,CACACGGCCGCCGGAGGCACAGTCGTGTTCGCATCTGGTCTAACAGACCCGCGAGAACGAAGGACGCTTGCCTTTTTCCGGTCGGGGAAGGGGGAAGAAGGTAACTTCCGGTGACGGGGTTGCATCACTTCCTCTCAAGCTTGGCGTTTGTTTGGTGGGGTTACACGCGGGTTCAAC,4.931133481482483,2.30191930586406
6678,ENST00000336787.5,ENSG00000069974.15,RAB27A,55202966,55319161,8.112864575379511,3446,2922.14,188.477,1.45318,GCGGAAAATACCCGCCAACGACCCAAAAAAGGCCGGCGGCGGGTGGACGCGGCGCGCGAGGACCCGAGCCAGGCGGGGACAGGACGGCGGGGCGAGCCAGACAAAAAGTAACCTTCCTGAAGAGGACATGTGATTGGAAGTTGTCAATTGTTGAAGCATTGGTAACTCCAGTCTCTAACGTTTTAGAAAATCATAACAAGCGGTTCTCTACCCTGTAAAGGTGAACTACTGAGTTCTTCATT,5.582835282194575,2.4809979909979147
6679,ENST00000436697.2,ENSG00000225973.3,PIGBOS1,55202966,55319161,24.46511013277213,866,579.292,36.3229,1.41268,GGCTTGGCGGTCTCTGTGCTCGGGGGTCCGAAAACTGCTGGAAGGCCCCCGGTCTCTGGAGGGGAGCAGGCGGTAGCGAGTTTAGTGACGTGGAGCAGGCGCAGAACAGTCGGAGGTACCTGAGTGGTTATTAAAAACGGTAACGGTAATTGTAGACGTCAGTGTTGGTGTTAACATTTCAGATTTGAAGAGATTTCCTGGGTGTGGAGTGTGACTTTCCAAAACCAGCTTTTCCTTGAGCTGTATTTGTTGCAGCA,17.318225028153673,4.114219168467981
6680,ENST00000442196.7,ENSG00000260916.6,CCPG1,55340032,55508234,12.628081996423278,3453,2610.11,232.867,2.01007,AGCCAGCACAATCGGGCGGAGGTGGCGCTGCCCCTTCAGACCTGAAAG,6.282409068551483,2.651317884721255
6681,ENST00000563719.3,ENSG00000171016.11,PYGO1,55538890,55588947,8.624576053103864,2653,2024.35,147.818,1.64515,GCATCAAAGAGACCGAATTCCCGCGGCCTGGGGGGGAGTCATGCTTTGCGGTCTGTA,5.242425343040978,2.390234411163743
6682,ENST00000389286.8,ENSG00000166450.12,PRTG,55611546,55743090,4.376624152598544,11967,9640.19,537.413,1.25599,GACAGGGGCTCTGGGCGGCCGGGGAGCATGCCCGCGCGGCTACGCTGA,3.484601113542739,1.8009935185183847
6683,ENST00000435532.7,ENSG00000069869.15,NEDD4,55826922,55993746,11.070412181438476,5869,4667.64,752.431,3.63188,GGCCTTTTCCCGCCGCGCTGCCGGGTGCCGCTAGTGCCCGCTCGCCGCGGGAGGCGCTGCTGTCGCTGAGGGAGCGCCTCCTCCTCTTCCTCCAACTCTTCCCCGCCTCCTCCCGCTTCTCCTCCTCCTCCTCCACAGTTGCCTGCCCTGGGCGGGGGCGAGCGCGTCCGGTTTGCTGGAAGCGTTCGGAA,3.0481216839318686,1.6079204977462278
6684,ENST00000559447.6,ENSG00000181827.14,RFX7,56087280,56243266,8.959735053089638,10426,9375.81,662.522,1.59204,AGCCGCCACCACAGCAGCCTGATGCCCATCAGCAGCTTCCCCCCAGCGCCCCCAACTCGGGGGTGGCCCTGCCAGCCCTTGTGCCCGGGCTGCCAGGGACAGAGGCCAGCGCGCTGCAACACAAGATCAAGAACTCCATCTGCAAAACTGTACAATCTAAAGTGGACTGCATTTTGCAAGAAGTTGAGAAGTTTACAGACCTAGAGAAACTCTACCTCTACCTTCAGCTGCCTTCTGGTCTCAGCAATGGAGAGAAAAGTGATCAGAATGCC,5.627832876742819,2.4925794871611076
6685,ENST00000260453.3,ENSG00000138587.5,MNS1,56421544,56465137,8.94807521374454,2023,1284.23,313.324,5.49685,ACTTTTGGTCGAGCGGAGGGCGCGCAGCTCCACCGTTGCCAAGACGCCGCGTAAACACCCGAGCGCGCGCAGCCAGGTGCGCTCCTTGGGGCTGCTGGCTGCTGCGTTTGCGGCGGGAGGTGGTGGCCGCGGTCCCACGAGAGGGGGTATTTTTCGTCAGCCAAG,1.6278550831375314,0.702972271996896
6686,ENST00000558320.5,ENSG00000137871.19,ZNF280D,56630181,56918571,10.694098939112438,3666,2672.52,143.088,1.20626,CTCAGGGCTCCAGTCAGGCCGATCCGCTCCGCTCACGGAAGGAAAACAGAAATAACTTGCTGGCTTGTCTGGAGTCACATGGTGACAATTTACAGAAAGTCATCTCTGCAGCTTG,8.865500753662094,3.1482021217524845
6687,ENST00000537372.5,ENSG00000128918.14,ALDH1A2,57953424,58498735,30.880939536641407,3700,3782.18,1014.23,6.04165,GGTCTCCGCGGCCGGGGGGCGGGAGCGCCGGGCGGACTTGACCGTGGGCGCCAAGCGTCCCGGCCGCGCGGCGCGGGCTTTATGTAAATGGAGGCTGCGCCGGGCGTCCTAGGTAGGATGGACCAGCCCCCCGCGCCTCGGCCCTCACGTCCAATAAGAAGAGCCCCAGCTTGACACCTGCCTATATACAGGCGAGCGCGCCCCCGGGCCGCGGACCGCGCGCACAGCCCGCACTGCCCCACGCCGCGGGCTAGGGACACCCGGCCCGCCACCATGACTTCCAGCAAGATAGAGATGCCCGGCGAGGTGAAGGCCGACCCCGCCGCCCTCATGGCGTCGCTGCACCTCCTGCCGTCGCCCACGCCCAATCTCGAAATTAAGTACACCAAGGTGTGAAAATTGGACTTGCTGGCAGAATCCTTTTTGGGAGAAG,5.111342023560022,2.3537021319729314
6688,ENST00000260408.7,ENSG00000137845.14,ADAM10,58588807,58749978,43.82367959251582,11431,9589.88,590.892,1.38821,GCGGCGGCAGGCCTAGCAGCACGGGAACCGTCCCCCGCGCGCATGCGCGCGCCCCTGAAGCGCCTGGGGGACGGGTAGGGGCGGGAGGTAGGGGCGCGGCTCCGCGTGCCAGTTGGGTGCCCGCGCGTCACGTGGTGAGGAAGGAGGCGGAGGTCTGAGTTTCGAAGGAGGGGGGGAGAGAAGAGGGAACGAGCAAGGGAAGGAAAGCGGGGAAAGGAGGAAGGAAACGAACGAGGGGGAGGGAGGTCCCTGTTTTGGAGGAGCTAGGAGCGTTGCCGGCCCCTGAAGTGGAGCGAGAGGGAGGTGCTTCGCCGTTTCTCCTGCCAGGGGAGGTCCCGGCTTCCCGTGGAGGCTCCGGACCAAGCCCCTTCAGCTTCTCCCTCCGGATCGATGTGCTGCTGTTAACCCGTGAGGAGGCGGCGGCGGCGGCAGCGGCAGCGGAAG,31.568479979625437,4.980412891532869
6689,ENST00000380516.6,ENSG00000137776.16,SLTM,58879045,58933653,21.47436510146777,4147,3579.62,912.07,5.74055,GCGGCCGCCGAGGCCTGGGTGGAAGTTGGCGCTGCTGCCGCCGCCCTGCAGCCCACTCGCTGCCTCGGCAGCGCGCTGCTCTTCTAAG,3.7408201481509216,1.9033546053947223
6690,ENST00000288235.8,ENSG00000157483.8,MYO1E,59132434,59372900,9.500286766613998,8673,10087.2,555.021,1.23965,ATTTATGGACAGATTGCCCGGCCCGAGCCGAGACTCAGCCAGAGGAGTACGGATTAAGTGGCCGAAGAAAGAGGAGTGAGGCAGGGGAGCGAGGCGGACGCTCCGAGCGCATCGGACTCACCTGGGCCGGCGGCGACCGGCGAGTACGAGTGGACTCTTGCCCTCCGCAGCATGCGCCCCGCCTGCTAAGTCGCCGCCGTCTCGCCCTCACCTAGCACCGCCAATCCCGCCTGGATGGAGTCCCCTCTGGGTTCCCATTGGCTCCTGTGAGTGCTTGGGTGTCGGGAGCCTGTTTTTGGCGAGGGGAACCAACTTTTGAAGTTCGCCCAGAAGACTGCGTTCCAGCCCCAGTTCCCCGGCAGCGGGACCCGGCGAAGACGCGACCGCGGCGCGAGTCACC,7.663684722795949,2.938038211098271
6691,ENST00000396060.6,ENSG00000140307.10,GTF2A2,59638062,59689534,161.36042753862898,1582,1050.72,138.38,2.96722,GAGCACTTCCGGGTCGTCAGCTCAGTTCTGCGGTTTCTGCGGCGGCTGGAGAGGTGGTCGGAGAAGTAGGAACCTCCTGCCGGGCTCGTGGCGGCTTCTGTCCGCTCCGCGGAGGGAAGCGCCTTCCCCACAGGACATCAATGCAAGCTTGAATAAGAAAAACAAATTCTTCCTCCTAAGCC,54.381012374757844,5.765031104183974
6693,ENST00000267859.7,ENSG00000140299.11,BNIP2,59638062,59689534,54.490139350250665,6325,5279.58,582.238,2.48464,AGTCGACGCGACGGGTCCGCCCACAGGCAAGGAAGGCCGACCCCGCGAGTGCAGGCGCGAGCGCTAGCCCGTGACGTCTGAGGGGGTTGGGGGG,21.930798566492797,4.454886440731209
6694,ENST00000261520.8,ENSG00000128915.11,ICE2,60419609,60479160,8.277684092298268,7209,5513.87,466.353,1.90555,GACGTCATCACGCAGGGCCGAGTCGGCGCGGCCACATCCTTTAAATATGGTCTTTTTTGGGCGCGCGCGACAATGTGAGGAGTGGGGTGGAGCGTGTGTGGTGTGTGGCTGCGGCCTGGGCAAGAGCCGCCGCGGACCATGAGCTGAGTAAGTTCTGGAGGGATCCTGCCTCTTGGAGCCTTCGCAGCCAGGCAGCTGTGAACTGTGAGCTAGAGTGAAGCAGAAATCTAGGAAG,4.343986823908199,2.119019727195882
6695,ENST00000249837.7,ENSG00000129003.15,VPS13C,61852389,62060473,7.867659725893979,13300,10927.4,976.887,2.01414,GGCCTGCGCCGGAGGGGCTGTCATTTGCAGCGCTGGTCGCAGCCCTCAGCTGCGCCGGGCGGTTCCGGCTCCTCCCTCTCCTTGTGCCTCAGCGCCACC,3.9062129374790135,1.9657705962988505
6696,ENST00000344366.7,ENSG00000074410.13,CA12,63321378,63382161,4.497171074279367,2744,3055.02,192.148,1.41704,GTACTCGCCACGGCACCCAGGCTGCGCGCACGCGGTCCCGGTGTGCAGCTGGAGAGCGAGCGGCCACCGGGAGCCCCCGGCACAGCCCGCGCCCGCCCCGCAGGAGCCCGCGAAG,3.1736373527066046,1.6661372827595113
6697,ENST00000443617.6,ENSG00000103657.13,HERC1,63608618,63833942,4.381124383266072,15137,16602.5,1290.84,1.75171,CCTCTGCGGAGCCGGGCTCGGGTCGCCGGAGCCGCGCCCCACCCCGCCAGCTCCAGAGCCACGACTAATGGCTGAAGGATAAATCAAC,2.501055758810575,1.3225372214784166
6698,ENST00000300030.7,ENSG00000166797.10,FAM96A,64072559,64094018,182.5040440931932,1105,808.29,415.136,11.5714,AATGTGCTGACGAGCCGCGAAGATTGTTTTTGTCCCGCCGAAATCGAGCAAAGCACGCTGGAACTTGTAGTCCTTGAGGCCCCTTCCCTAGGTCCTTCGAGCTACTCCGTCTGGCCCCGCCTTTTCTCTGCTCTCCTGAACCTTTAGGCTTGTCTCGGCCCATTTGAAGACCAGGAAGTTGATCAATCCCGAGGCTGCTGAGAGACGGTGGCGCGATTGGGACAGTCGCCAGGGATGGCTGAGCGTGAAG,15.771993371000326,3.9792931040783084
6701,ENST00000300026.3,ENSG00000166794.4,PPIB,64155812,64163205,620.1900233542169,1081,1123.69,3697.57,74.1362,GTGGCAACCACCCACGAGCCCGCGTCGGTGCCCGCCCCGCAGGGGGACCTACTATCCGGCGCCGAGCCGGAGGGGGGAAACGGCGCCCGCCGCCCGCCCGGAGCCCGCGAGCAACCCCAGTCCCCCCCACCCGCGCGTGGCGGCGCCGGCTCCCTAGCCACCGCGGCCCCACCCTCTTCCGGCCTCAGCTGTCCGGGCTGCTTTCGCCTCCGCCTGTGG,8.365549129227245,3.064460244389251
6702,ENST00000303052.12,ENSG00000169118.17,CSNK1G1,64165517,64387687,3.0450619360442253,8179,8694.19,922.403,2.39031,GTCAGTTTAACGCTGCCTGCCCAAAGTTTGTCCTATTAGGCCCGCCAGGGTACTCTGCGACTCCGGGACGAGGGCGGGGCCGCGCTAGTGGTTCCGGTTCGGCTCCAGCCGCCCCTCGGCTCCTCGCCTTCCCCCTCCCGTCCGCCTTCTCCCCTCCCTCCCGCTCCTGGGAAAGAGAGAAACCACCGCTGCGGGTGGGTAGAGAAGCACTTGGCGCCTCGGGGAGGGGACCGCGCCCGCCTCATTTGCGCCTTGCAGCACTGCTGGACCAGGTTACAAGATGTTCACCTAAGATTGAGACCTAGTGACTACATTTCCTACGGGAACAAATAAATGGTTTTTCATCTCCCGGAGATACATTACAAACAAATATGGTGCTAAAAGAACTCCTTACCTTTCTCTGACTACAATTTATTTGGACATACTTTTGTATTGAAGAGAGGTATACATACTGAAGCTACTTGCTGTACTATAGGAGACTCTGTCCTGTAGGATC,1.2739192556799015,0.34927383872309103
6703,ENST00000635511.1,ENSG00000259316.9,CTD-2116N17.1,64165517,64387687,712.0158487752876,920,631.502,58.8477,2.09951,TGGGAAGTCAGTTCGTTCTCTCCTCTCCTCTCTTCTTGTTTGAAC,339.13429741953485,8.40571288453307
6704,ENST00000326005.10,ENSG00000180304.14,OAZ2,64687573,64703281,85.24273791286618,1934,2301.0,607.001,5.94339,ATGCAGATGAGGCACTCGGGGGCGGGGCGGCGGCGGCGGCGGCGGCGGTGGCGGCCGGGGAGGGTCAGTTGGAGGCAGGCGCTCGCTGAGGCAAAAGGAGGCGCTCGGCCCGCGGCCTGACAGGGACTTAGCCCGCAGAGATCGACCCCGCGCGCGTGACCCCACACCCACCCACTCATCCATCTATCCACTCCCTGCGCCGCCTCCTCCCACCCTGAGCAGAGCCGCCGAGG,14.342443944090187,3.8422189742688326
6705,ENST00000204566.6,ENSG00000090487.10,SPG21,64963021,64990310,42.02723902311544,1822,1687.72,196.378,2.62153,CGCCCTCTGAGAACCCGGAAGCGGGAGTCTCGCGCCAGCTGAGCGGCGGTCGGGCGGGGGGAGCGCGGCGGCCCAAGCTCGCTCGGCCACGCGCCCCGCCCCCTCAGAGGCCGGCCTCCCGCACGCACCGCGCAGCCTGCTGTGCCCGTGGGTCCCGAGTGCTCCGCCGCCCGCCCCGACCCGGGCCCAGCCGCCTCCACGGCCCGCGCTCGTACTGGAGCGAAGAGCGGCCTCCTGAAGGAGGGGAAGGGACGTGGGGGCGGCCACGGCAGGATTAACCTCCATTTCAGCTAATC,16.031568978083577,4.002843721011882
6706,ENST00000204549.8,ENSG00000090470.14,PDCD7,65117379,65133836,20.9419384053793,2851,3274.99,492.51,3.38818,CTCATGAGGAGCCACTCAGATTCCTGTCACTTCTCAAAGCATCTCCGTCGTGAAC,6.1808813006922,2.6278125594062147
6707,ENST00000300107.7,ENSG00000166855.9,CLPX,65148219,65185342,45.93834968524339,4695,4084.74,298.406,1.64591,ACTCTGGTGAATAGACGGCTGTGGGGCAGAGAAGCGTGAAGGCCTGGCTGCCGGGCAGGTGAACTCTCCACGGGGTCTAGGGCCCGCGAAAGGGTTCGGAACCGAGTCAGCGCGCCTTGCGGGCAGGATTCACGCCGCTGTGACCCGGAGGTCCTCAGGGGGCGAAGCCCCGGCCTAGGCCTCGCGGAG,27.91060852977586,4.802741674444306
6708,ENST00000261888.10,ENSG00000138617.14,PARP16,65234460,65300618,5.115537747714607,2731,3248.05,165.831,1.15028,GCGGCGCAGCAGCCTCGCCCGTCGCGGAGAGTGGGCTCTGCCCGCCGTCCCCCGGGGGCTGCTTCCCGCCCCAGGCCTCCGCGGAGGACACGTGTCAGCACGTTCCCGCGGTTGTCATTCCATTGTCATAGCCCTTCCCCTAGGCCGGGAACCCCTCCCCCCCACCAGCCCCAGTTCCTTTATCCCTGGGCCCAACCTCCCCGCCGACCCGCGGTCCAGGCCTCGGTCTCTCTCTTCGGCGGCGAGCCGCGGCCCAGACCCCGGCAGAGGACACTTGTCGGCACGTTCTCACCCCTGTCATCTCAGCCCCCTGCCTAGCTCCACCCCAGGCTTGGGAACCCGGCCCCTGACGGCCCATTGTCCGCGGGCCCAGCCCCCGCGCTGAACGCACGCTCGCCCTTGCCCCTAACCAGCGCGTCTACCCCGGCAACGCGCAGTGACCTGGG,4.447210894490565,2.1529008214246113
6709,ENST00000341861.9,ENSG00000074603.18,DPP8,65442463,65517704,17.728771160324808,8699,7256.91,1219.8,3.78702,AGATTCCGAGTCAACCACCGTTCACTGGGCGCCCCTTGAGCTCTGGGCGCTGGCCTCCTGGCTTCCACGTCCGTTATCTTAATTGAGTCTCGCTGGGGTTGGGAGGCCGGGTATTGTCAGCGCTTACAGATGAGGAAACGGAAGCCCACAGAGGCGAAGGGATTTTCCTTAAGTCCGACTTGGCAGATGGGCTTCGGCCTCAGATTTTCTGGTTTTTCAGCTGGTGGTCTTTTTTCTCTCCTGCCTCATGCTAGGTCGATTCCCTCCCTGCTCACTGCCCTCTCCCATTCTGTTCCACCCACTCGCAGCAGGACACTTTCCTTTCCTGCCACACCTGTCTTCTCACACACTTTTCTTCTAAGACTTGGCATTCCTCCCATCTCTCTTCTCAATATTCTCTGCTATGCCTCTCCTCTTGTTCCTCATTCATAGTTTTTCAAGGTCTTTGCCCCCTCTGTGCTATTGAATCTCTCAACTAGGTGTGGACCCTAAAGAATGAGATAGCTAGGCTTCAGTGAGGCTTTAGGTGTTTAAGTGGACGGCTGTTTGGCCCTTGAGTTAAAAATTAAGGAATTTCACTTGAGTGGATCCAAACTCAAGAGTCCTAAAGCTATTTTCTGAGTCAACATGCTCTATTTCTGAGTGAGGGGCTTAGTGCTATGAGGTGTCTTGACATCTTAGTCCATTGTTGCTGTGCTGGCATAACCTCGCTGTTTTTCCTGCACTTGCCACTTAGCTTTTCCCACCCCATCCCTTCATCACCTACTTGGGCTATGGGAGCCCAAAATTAAAACTTATAGAGTAACAGATGTAATAGCAGACCTTCCTTTTTTTTTTTTTCCTAAGCCAGAATTTCAACAAGTTTAATGCTTCTTTTTCCAGAAAAGTTACCTATTTAAATTATTCTCAGAGTAATGCAGCAAGAAAATGGAATGCACTTAAGATGAATAGAAAATTGTTTATCTCGTGAAAAGTCTTAAGTTATTAAATTCAAGTTAATTCCCTTTCTGCAAAAATGGCCTGTAACTCTTACTGGCTATCCTCCTGAGTTAATTCTATCTCCATCCAGCTTGATATGACATTATTATGTAAAAGAGGAACAGGAATAGGCACATAAAAATAAATTTTATTAATCATATGCCGTTTTTGATGATTTGCAATAGTCACTGAGTAACTTCACATCTGTATGCCTTTTGTAACTTTTTAAAGCCTTTCCATGGTTTTCCTTTGTCTGGACACCAAAGTTTGCTATGTTAGGATATTCTTTTGACTATATTGGGCTACACATCTCTGAAATAAAATAATTCTTGAATTCTGATAACATAAAACGCAGATACAAAATAATGTAGGCATTATATATTGCCCCAAAAAGTGATATTTTGGTATCAGTTTTAACTACTATTTTGGGGCTTCTCTTTTTGGCCACATATGGTCCATCTTAATGATCAAAGTCTTATCTTATTTCATTATCCTGGTGAGCAGGCTTTGATGGTGAGGAAAGGAAAGATTCCTGTGAGAAGAGCAGGATGAGCAGAGGGATTCTATGCTTGAAGTCGAGTCACTTGAAAAAGATCTCTTTGA,4.681456966249137,2.2269575962321912
6711,ENST00000573314.5,ENSG00000138614.14,VWA9,65578753,65611289,65.37422135722917,2615,2694.65,572.51,4.78677,AGTTT,13.657272306216756,3.7715974655395814
6712,ENST00000443035.7,ENSG00000174485.15,DENND4A,65658046,65792293,10.56040548605809,8665,7462.52,565.58,1.70754,AAGCGGGCTCAGAGCGCCGCGGCATTCAGCCCCTCGTGTTCCGCTACCGCGCGTGCGGGATTCCGGCGCCGCTCTCCGAGCTCGATCCGCTGCTCGCACGGGAGCCAGCTGGGTGTTATTTCTCAAACTCTGAGGCTGCGGAGTTCACACATTGAAATCTGTCATCTTTTTCAGAGAGAAACTTTCGGTAATGTATGTAACCTTCTGTAATGGAAG,6.184572827610532,2.628673950776292
6713,ENST00000261881.8,ENSG00000075131.9,TIPIN,66336206,66386746,105.529772075764,1744,1468.34,555.983,8.53095,GGAGTTCCCGAGTATCGCGAGAAGCGCGCTTAGTCTGCACGCCGAGGTCCGCGCTGTGTCCCGTGTTTTCTGCGTGAGAGGAAAAG,12.370225130350546,3.6287998515868303
6714,ENST00000316634.5,ENSG00000174446.12,SNAPC5,66488658,66497813,19.193396140489128,1002,772.13,193.02,5.63216,TTTCCGGGAGTCGGCGGCGATGGCGTCATCACCGAGTGCCGGGCCGACAGCAGCCCGGAGGTTGGCTATGTGACCAGGCAAC,3.4078215356966295,1.768849785004172
6715,ENST00000307961.10,ENSG00000174444.14,RPL4,66498015,66524532,336.4334949745067,2769,2763.7,1136.61,9.26582,GGAAGGTGACATATACAGCGGGAGTGGTAAGCACTTCCTTTTCCTGTGGCAGCAGCCGGGCTGAGAGGAGCGTGGCTGTCTCCTCTCTCCGCC,36.30909028823209,5.182258879250286
6716,ENST00000261880.9,ENSG00000103591.12,AAGAB,67201033,67255195,116.53896720339674,2841,2682.44,885.992,7.44151,ATTCCGAGAACGCCCTCTCCGGCCTGTCTCCCCCTCGCGCCGGCGGCCGTGGTGCAGCCCAAGGCGGAAGCGGCTGCCTGACGGAACCGGCTCGCGAGCGCAGCT,15.660661237221577,3.969073223449944
6718,ENST00000249806.10,ENSG00000128973.12,CLN6,68184032,68257211,79.82673413472486,2243,3235.06,930.164,6.47797,GGTCCGCAGCCCCGCCTGTTCCTCCCGAGGGCCGCGCGCTCTCGCCGGCCCGCCCCGAACCGCCCCGCGCTGGGAATTTGCGGCGGCCTCCGCCGGGGCAGCCGAGCTGAACCGGTCTCTTCCTCGGAAAGGCAGGGCCGAGGGGCCTGCGGGGCAGCC,12.322800836485019,3.6232582968344005
6719,ENST00000465139.6,ENSG00000140350.15,ANP32A,68778535,68820897,184.0146586260203,2440,2267.75,2923.18,29.0416,AGTGTGCGCCGCGGGTGCTGGGGGCTCGAGAACCGAGCGGAGCTGGTTGAGCCTTCAAAGTCCTAAAACGCGCGGCCGTGGGTTCGGGGTTTATTGATTGAATTCCGCCGGCGCGGGAGCCTCTGCAGAGAGAGAGCGCGAGAG,6.336243823550365,2.6636278525038266
6720,ENST00000322954.10,ENSG00000137831.14,UACA,70654554,70763593,16.148631785038777,6939,5279.77,509.975,2.17618,AATTGGCTACGGGAGGGGAGCCCCGCCTCAGGCCTGTCGACGTCTGCTGCCCGGGGCCCGCAGGTGGCAGGCAGGTGGGGCTGGTACAGCCCGCGCCGCCTCTGCTGCAGCCGCTGCCGTCTACTCCTTGCGCGCTGGCACTCCGCAGCCTTTAAGGTTCGCGCGGGGGCCAGGCAAGAGTTAGCC,7.420632385666065,2.8915421384348257
6722,ENST00000344870.4,ENSG00000166173.10,LARP6,70829130,70854159,13.46409377796306,527,450.85,293.21,14.6524,GAGGACCCCGGCGGCGCCGCAGTCCCGCGAGCC,0.9189002332698438,-0.12201986099013197
6723,ENST00000249861.8,ENSG00000129028.8,THAP10,70881342,70892785,27.99096793038508,2399,2334.01,396.857,3.83084,ACCATGGAAACGACCATTTCCGGTCTGGACCTCTCCCGAATCGATAGAGCCACACAGTCGTTGCAGCTTCTAGTTGTATTCGTGAGAGCCCAGTGCGTCACCACTTCCTCGTTCTATTTTCCCAGCCTCATAAAAACAGAGCGGGAGTATTGGGAGGAGGATAAGCTGGGGAAGAGGCTGGCCACACTGGTTGCTATAACCACCACCACTTCCGGTCCGTTCCTCTTTACGGCCCACCTCAGCGCTGCCCGCGCGAAATTTGTATCCCTCTGCTTGTGTCCACTGGCTCCTGGGGAGCAGCGCAGGGAGGAGGAGGAGGAAGATATCAAAGAGCCCTCCCATTGGGGGCCCCAGATCGCCACTTCCGGTGACCAGAGGTAGGGAAGGAAACAATCCCGACCCGGAGTGGACAGGTGAGGAGGGGAGGACTTGCCTCGCCGAGGCCGCTGCGAGGAGCGTGCCCAAGGGCGAAGGTCCAGGGAACCCGGCTCCCGCGCACCGAAGACGGCCGCC,7.306744194585281,2.8692287002041983
6724,ENST00000356056.9,ENSG00000066933.15,MYO9A,71822289,72118577,3.882526233115847,12411,11546.9,1127.56,2.20005,GCGCGACCGAAGCGGATAAGGGACGCGGCGGCGGTTGGCTGTGTCTGTTGAGAGAGTACAGGACAGCCCGGACTGCGAGAGGCGGCGGCGGAGGCAGTAGTTGCACCGGCAGAGGCGGCCGCTGGCAGCGGTTGAGGCGGCGGTCCAACGCGTGCTCTCTGGGCGGGGTGCGGCGGGGGATGTGCCTGCTCAGGCCGGGCGGAGTCTCTCTGACAGGGCGGGGGATGCGCCGCGGCCGCTCGCCCGGACCCTGAGGCTGCTGGGCCCACCCTCCCGGAACCGTCCGACCCTCGGTGGCCTCGGCCTCTTCTGCCATCTCCGGTCCTACCCTGGGGCGGAGGGTGGAAGGCAGCTTCCGTCGAAGAGGAGGGGGCTGCGGTGGCCACCGCGGCGGAGCCCGAGTTATTTTACCAAGAAAATGGTTTGCACGACTTTGAACATATACTATCCATGCTGATGGGACAGGATCCAAT,1.764744543585758,0.8194593606209852
6727,ENST00000335181.9,ENSG00000067225.17,PKM,72199029,72231822,1382.3163606090077,2318,3066.82,29341.4,215.553,GAGGCAGTGGCTCCTTGCACAGCAGCTGCACGCGCCGTGGCTCCGGATCTCTTCGTCTTTGCAGCGTAGCCCGAGTCGGTCAGCGCCGGAGGACCTCAGCAGCC,6.412883887531176,2.6809732857973394
6728,ENST00000569795.5,ENSG00000137817.16,PARP6,72241181,72376476,1.30317123920062,2855,3435.43,261.703,1.71629,GGGTGCGCGACCTCGCCCGCCAGGCCCGGCCCCCGCCCCTTGGCCTGCCGCTCCGCCCCCGCGGGGCGTCCCGGGCCGCTCGTCCCGTCGGCTGCGGCCGCGCGCGGCCCGGGGTCGCCGTGAGTACTCGCCAGGCTGGCCTGTGTGGCCGCCACCACGGGCACAGGGCGGTGCGGCCGGGCCACGGGAAGGGTGCGGGGCTCGCCCCGTCTCCGCAGGGGTGGACGAACAACAGAAACCAAGCAGCAACAGCCCTTGGAAAGAGGCTAAATTTTTCTTGACTTCTGCAGCAACAAAGACCGTGAAAAGTTGGCACTTCTGGCCTAACGCTGCCGTCATCCTACCCCTCACCCCAGGGCAACCCAGGCTGGACATTTAGTGCCTCCCTCTTTATTCCTCTGTGATCATCCAGATCAGCACTTGACTGTTTATTTTCAAATCTCACGAACCTCACCCCAAGATCTTCACATTCTGGATCTCAGCTGCTCTTGAAGGACAGTGACTTGTTACCACCGCAACAGCAGAGCCTGCCATCCCCAACAGATCACCAGTTGTCCCTGACATCGTGCCCTACCTTGTCTCCCTTTGTGGTCTCCTAAATGCCCATCTCGTTGGCCTTGGTTCGGCTAGTGGTATGGAGGGGTGCTGCCTAGCACTGACCTGAGAGTGTGTGTGACCCACTGACCCA,0.7592954799017765,-0.39726667507886493
6730,ENST00000311669.12,ENSG00000159322.17,ADPGK,72751369,72785846,54.17405058421628,2557,2746.52,837.54,6.87043,GTAGCGCTTGTGTCGACATCGGCGCGCGCCGAGCCCGGAAGAGGCGCGGGCTAGGAAAGGAGTTGGTTCGCGCAGGTGCGGCGCCTGGGTCCCC,7.885103346401358,2.9791296638761096
6732,ENST00000351217.10,ENSG00000156642.16,NPTN,73560014,73634134,169.66320161727884,2817,2897.09,612.277,4.76155,AAATGTTTTCCGCATTAAGACGCTTCTTAGGAGTCTTCATGTAAGTTCATACACGACTTCCTTGTAGAATTGTGTCAATGAACATGCAATTAGGCTAGCTGAACTTCAGGCCCTGAGAGTCTATGAAGCTAAAATAAGGCCCAGATGTGGGGTGGGAGGGGGAGTAGGCAGAGGCGGCAAAGGAGGACATTTCAGGCAAAGGGAGCAGATGTCCAGGCAGGAAAGCACAAGGTAACGGGGGCACAGGGGGCGCACCACTTTTCCTGGAAGGAAAAAACAGCAGATGAGAGAAGGAGGTTGGAGCCAGTTACCAGTAGAGGTCTATGTTCAAAGTCCAGAAGGAAGAAACAGCAGGACGGGGACAAAGAGAGGAAGGAGGAAAGGAGGCACGGTGTATGAAACTCTGTAGCCAAGAGCGCTAACAAATGAAAGGCAGGATGGGTGGAGGAAATGTACTGTGTTCCAAAGCTTCCTCTTATTTATGGGTGCTCCCGGGCCACAGAGGAGTAAACTGAAGGACTTCCCAGCTCCCCACTGCCCAGAGAGCTAGCGGAGTCCCGCCTCGCCCCGTCACATGGCCAGAGGCGCCCTCGGCACGTGACCTACCTCGCGCTAGGCCAATCAGCCTCTGCAGGGGCGGGGCCACCGAGTCCGCGGGGCGGGAGTCTCCGTCGGAGCCGCCTCTTCTCGCGATCCTTGCGGCGGTCGCTCCTCAGCCGCCCACGACCCGGAGCGAAGGTCTCGCGAGGCCTGGGCGCTGCGGCGGCAGGAGGAGGACGGGGAAGGACGGAGCCGAGCCGCGGCTGCCTCCCTCGCTCACTCCCTCGCGCACTCGCCCGCCCCCTCCCTCCCTCCCCTCCCTTCCCCGGCCCCGGCTCTGGCCCCGGCCCATTCGCTGTTGGGTCTTCTGCTAGGGAGG,35.631926918183964,5.155098599131493
6733,ENST00000567435.5,ENSG00000138629.15,UBL7,74445977,74461182,106.96732956395157,1720,2040.58,157.395,1.7378,GGCGCTGGGGCCCTGGGCAGCGCGGGCTCGATGTGTGTCAGCCAAGTAGCTGGTCCCACTGGAGCGGTGAGGTCGCCACCGGATAGTGTTCCTGCCCCATTACTAGCGATCTGTGACCTTGGGCCAGTGATTTTACTGAGTCTTGCTTCCCTCATCTTTAAAATGTGGCTAATGCCTGCCTTAGGGAACCGTTGTGAGGATTAAGTGAGACATGGTATATAAAACGACCTCCTTCTGGCATAAACTTGAGGTGGAAGATACCTTGAGGATGCTTGAAGGTCTGCTAGGCAGCTTCACAGCCTTTTCTTTCCTCTTCTCTATCAGAGGTCTCTTTGGAAGCAATAATGATGACTATAACAAGAACTTATCTTGCTTTGCAAGATTCTTCCGCCGTCAGAGTTTCTGATTTATTTTCTGGGGTTCCATGTATGCCAGGGAGAAAGAGAGAGCGCGAAAGAGAGAGG,61.55330277589571,5.943764364603888
6734,ENST00000315127.8,ENSG00000179151.11,EDC3,74630558,74696292,53.26561893581589,3763,4975.19,1162.4,5.26389,ACGGTGGTGGCGTGGAGACGTGGGGGCGCTTCCGGCAGCGGCGGCGGTGGTGAAGGCCGATGCTGTGGGGGTGGGCGTGGAGAGAATTCTTCTGTGGGTCCTCTGGTGTTGAGTGGTCGGCTTGGTGTGGTGTGCGGAGGAGCTCCAGGCCCGTCGGCGCGGAGTGGTCTCACGTGTGAAAC,10.119060036553934,3.339003378636608
6735,ENST00000569437.5,ENSG00000140474.12,ULK3,74836116,74843346,14.77922272305368,2611,3742.92,310.152,1.86692,GGAGCCACCCAGTGCTCGGCCCGCCCCGCAACCCGCCGGAACCGCCGCCCGCAGCGAGGAAGCGCCCGCGCGGGCGCAGGCGGCCGGA,7.916366380484263,2.9848383838705104
6736,ENST00000268099.13,ENSG00000140497.16,SCAMP2,74843730,74873365,154.22934954825692,2453,3345.13,1372.04,9.24097,AGAACCGCTGCCTCGCTCCCGGAAGTGGAGGGTCTACACGAAGCGCCGCTGGGTCTGGGTGCCCGGAGGCAGCAGCGTTCGCGGAGTTCGCCCGCTGGCCCCCGATCACC,16.689735985319388,4.060889227797395
6737,ENST00000322347.10,ENSG00000178741.11,COX5A,74919791,74938168,865.0389915385767,1268,1102.17,266.145,5.44043,CGGTGGCTCCTCCCGCCCACGCGCCAGAGTCGCAGTGGGCGGGCCTACGTGCTCCGCCCGCTGTGAGCCTGTCCGGCCCCCGCCCGCTCCGGAGCAACCCGCGAGCTTACACCGGCTTCTCTCTGTCCTCAGCCCGCGCGCCGCCATCGCCGTC,159.00195233438842,7.312900669786544
6738,ENST00000394947.7,ENSG00000169375.15,SIN3A,75369379,75455842,31.9804091087979,6737,7379.83,906.468,2.76737,GGGATTTCCCGGGTAACAGAGAAGCGGCCGCGGCGGTAGAGGCGGCGGAGACGGTTTCTCCATCTTCCCCCCTCCCCTTCCCCCCTCGGAGTTTCCCTCCCTCCCTCCCTCCCTCCTTCCCAGTCTGGGCACCGGAGCCTGTGACCGCTTCGTTAGTGGAGAGGTAGCTGGCAGTCCGCTTCGGCGGGCCTGTGCCCCGCGCCGTTCTCGGGGCCTCCCTGCTGAGCTCGCGGCTCACGCTGAGAGGGACACGCAGTGACGAGCGGCCGAAGCAGCTTTGCGGTTTTGTAGTGCATCCCTGAGCATGAGCACAGA,11.556246222513758,3.530600942931193
6739,ENST00000557943.5,ENSG00000140374.15,ETFA,76215355,76311472,360.1155931496679,2287,1914.01,253.779,2.98726,ATTAGGTGACTGGCTGAGGCGGCGCCAGTTGGCCGGGCACGGGGCTGCTGTAAGGCCGAGGTTGCGGCGGAAGCGGAGACC,120.55046870699836,6.91349345000548
6740,ENST00000267970.8,ENSG00000140391.14,TSPAN3,77041404,77083984,540.7239357055654,6467,7287.63,382.161,1.18147,CTGCAGCCTCCGCAGAGGCGATTGGCTGAAGCTACCGGCCGCGTGGGGCGGGACTCGGTTGCCAGGGAGCGGCGCGGGAGCCCTGAGGGGACTGCGGCGGCTGCGCGGAGGAGCGAGGCACTTGCTGGGGTCGGGGCTGCGCGACGGCGCAGGGGCTGCGGGGAGCGCCGCGCAGGCCGTGCAGTTCCTAGCGAGGAGGCGCCGCCGCCATTGCCGCTCTCTCGGTGAGCGCAGCCCCGCTCTCCGGGCCGGGCCTTCGCGGGCCACCGGCGCC,457.67047466763046,8.838165413274272
6741,ENST00000558311.5,ENSG00000140395.8,WDR61,78277835,78299794,143.31117483364562,1266,1100.59,148.004,3.02977,TCGCGCGGAGCCCGGCTTCCGACGTGCAGCCTGGCAGTGCAGTGGGGAACTTCCTGTGTGCCTTCTATCCTGATGACACCCCCTCACTGAAATCCTGGTGTTGTTTCCACAGAGCTGTCTGGCCTTTTGTCCTTGATCCTTGGTTAAGGAA,47.30100794240012,5.563799021327481
6744,ENST00000560919.5,ENSG00000136371.10,MTHFS,79833585,79923754,64.62487133442342,470,327.876,15.1915,1.04389,GGGCGTGAG,61.90774059951089,5.952047902167753
6745,ENST00000268206.11,ENSG00000140598.13,EFL1,82130230,82262763,6.6166775063530565,3675,3536.62,731.854,4.66227,AGAGACGTGCGGGTGAAAGGTCGAGCGACAGCCGGCCCCGCCCCCTGGCGCGCGGGCGTGTCGGACCCGCAGAGCTCTCGGACTTTCGGAAGCTCTCGGTGTGGGTGCGACCCGAGAGAAGGAGCGGGGCTGGTGGGGCTGCTGCAGCCGTCACAGGAAATAAGTAATC,1.4191965515409997,0.5050744091986672
6746,ENST00000330244.10,ENSG00000182774.10,RPS17,82536753,82648861,2745.7216093064326,592,470.989,19862.9,950.155,ACTCCGCCAGGGGGCGCTGTGTGGCTCCCGAGTAGGCTCAGAGCGACCGTGGCCGGGCGGAAGCGGCTTTCTGGCCTAAGCTTTAACAGGCTTCGCCTGTGCTTCCTGTTTCCTCTTTTACCAAGGACCCGCCAAC,2.8897617855049256,1.5309505705683772
6748,ENST00000304231.12,ENSG00000103942.12,HOMER2,82836946,82986153,4.182236983432313,1990,2114.56,147.874,1.57555,GCCCGCCCGCGCCTGGCGGCGGTGGCGGCAGTGGCAGCAGTGGCAGCCGCGCAGCCCCGCGGAATGGAGCGGCGCCGGGGCTGAGCCGGGCGCGCACGGGCCGCCGCATGTGCCGCGCGGGGAGCGGCTGCCGAGCGGGCGGAGAGCGAGCGCGAGAGGCCCCGTCGGAGCGGCCGCCGGAGCAGCGCCGGAG,2.6544616060628434,1.4084192745777422
6749,ENST00000261721.8,ENSG00000064726.9,BTBD1,83016422,83067354,89.16860681118656,3297,2703.09,1772.17,14.7709,AGTCCTGTTACACCTCCCGCGGCCGCGCACAGCGGCAACCCGGGCGTGCGGGGGCGCGCGCGGTCAGGGAGGGGCCTGCGGAGGCGCGAGGCCCCCGGAAGCGCCTTTCCCGGAAGGCAGGGAGGCAGCGCCGGCCTCCGGAGGCGGCCTGGGCGATGGCGGCGGAGTTTTGTCCATAACGTGGGCAACCGCGCAGCTGGAGG,6.036775471446328,2.593778143331387
6750,ENST00000299633.6,ENSG00000166503.8,RP11-382A20.3,83112738,83208018,88.48956962184234,12733,11608.8,1208.82,2.34606,GCCCACCGCCCGCCCGCCAGCCGAGAAGCCGGGCTGGCGCGCTCGGTTTCTCCGCGAAAGCCGGCCGTGTACCTAGGAATTAACCGGCCCGCGCGGGAGGGAAGGGGAGGGGAGCGGGAAGCGGGAAGCGGGGCGGGGGGGGGATGCTGAGCGCGCGCGAGAACAATAATAAGATCGTGTTTGCGGTCGCTGCCCGAGAAGGAATTCGGAGCAGACGCGAGGCCCGGCGCTCGCGCCGCGCCCGGGAGCCCGGGAGGGAGACCGGCAGCGGCGGCATGAGGCAGGCGACGCGGCGCTGGTGAGCAGCGCGCGCGGCGGCGGCGGCGGCGGCGGCGGGGACCTTGGCGCGGCCGGACGCGGGCGAGCGCCGAACGGCCGGGGGCTCCCCTCCCCCGCTGCCGGGCCGTGATTTGCCGGGCCTGCTGCGCCCCCCGCCCACCCCTTGCCTCAGCCGCCGCCTCGCCGCTTCCCCTCGTCGGAGCGGCCGCTCGTCCGCCCGGCTTGAGGCCCGCGGGGAGCGCGGCGCAATTCGTCGGCCCGCGGGGGGGCGGCCTCCCGGCATCTTCGCGGCGACCAAGGACTACCAGGAAGGGGAGCGGCTGGG,37.718374475436406,5.237195597338351
6751,ENST00000434634.6,ENSG00000177082.12,WDR73,84639281,84654343,33.005206566666644,5387,6107.05,318.027,1.17326,AGAGCCGCGCGGCCCCCGAAGGCTCGCAGGCGGAAGTGAGACGCCGGAAGCGGTCGTTGCC,28.131195614498615,4.81409896536621
6752,ENST00000360476.7,ENSG00000197696.9,NMB,84655129,84658563,14.979755637647726,1007,1171.49,69.176,1.33039,GGGCTGAAGTGCCTATTTGGCCGAAAGCCGTGGCAGAGTGGCAAGGCAGGGCCAGGGGAAGCGGCTCCGCCGCCGGGGCCGGGCCCCTGTTTGGCCGGTGCCCGGTCCTTAGCCTGAAGGTGGCGGGCTTCCGCCAGAAGCCCCTGGCGGAAGCGGTGCCCGCGTGCGGGCCAGAGTGTGGGTGTGCAGGTCTCTGGGCGGCCCAAAGGGGGTGCCCCTGCCTGGTAACCTAGCGGGAGGGTGGGGACGGCGGGGAGGGCGGCGGGCGCGGGGCACGGCTCCGCTGCTCAGGGCAGGCTCCGCCCCCAGGGGCGCGGATTTAAAAGGATCGAAGGCAGCCCCGGAGCCCAGCGGCCGGGAAGCGCGCCCGAACGAAGCCGCGGCCCGGGCACAGCC,11.259672455180606,3.493092954795757
6753,ENST00000312475.4,ENSG00000259494.1,MRPL46,88459476,88546675,76.7565261176188,1019,922.934,675.224,16.4831,AGGGATCCCTGGGAGCCGCGGTGCATTGTGGGAGAACGAAAG,4.656680243256353,2.219301821109014
6754,ENST00000359595.7,ENSG00000140511.11,HAPLN3,88877288,88895626,7.610518414431223,1980,2761.06,140.09,1.14313,AAAGGTGCGCGTGTTCCTTTAAGGGGCTGGTCTGGCGGGAGCGCGGGGGTTTTTCTGCTGCCGCTTCCTTTCTGCCCTTTTAATTTCCCCGAAATCAGACTGCTGCCTTGGACCGGGACAGCTCGCGGCCCCCGAGAGCTCTAGCCGTCGAGGAGCTGCCTGGGGACGTTTGCCCTGGGGCCCCAGCCTGGCCCGGGTCACCCTGGCATGAGGAG,6.657614107259212,2.7350052505205653
6756,ENST00000268150.12,ENSG00000140545.14,MFGE8,88898683,88913411,75.31819821824114,1937,2950.28,612.465,4.67714,TGATTTATTCCGGTCCCAGAGGAGAAGGCGCCAGAACCCCGCGGGGTCTGAGCAGCCCAGCGTGCCCATTCCAGCGCCCGCGTCCCCGCAGC,16.103473109259323,4.009299969384556
6757,ENST00000442287.6,ENSG00000140521.12,POLG,89305198,89334861,14.101470737866524,4487,6541.49,565.952,1.94924,CGCTTGCCTCTCGGGTAGCCGCGGGACCTAGCTGGGTGCAGACGGGAAGTTGCGGCTGCCAGCGAAGCGGACCGGCCGGGTGGAGGCCACACGCTACCCCGAGGCTGCGTAGGCCGCGCGAAGGGGGACGCCGTGCCGTGGGCCTGGGGTCGGGGGAGCAGCAGACCGGGAAGCACCGATTTGGGGTGGAAGGCAGGCATGGTCAAACCCATTTCACTGACAGGAGAGCAGAGACAGGACGTGTCTCTCTCCACGTCTTCCAGCCAGTAAAAGAAGCCAAGCTGGAGCCCAAAGCCAGGTGTTCTGACTCCCAGCGTGGGGGTCCCTGCACCAACC,7.234342994124132,2.8548620005636614
6758,ENST00000394412.7,ENSG00000166813.14,KIF7,89608789,89655451,5.06004104268911,4551,6779.32,543.094,1.80489,CTGGGGATGGAAACCTGACTGCCTGGCCCGGGACGGCGCTTGCAGCCAGGCAGGGCCCAGAGCAGTCCTCCCTCGGC,2.803517689548454,1.4872381729051067
6759,ENST00000300056.7,ENSG00000166821.8,PEX11A,89664365,89690783,10.880253209382929,2740,2797.12,127.216,1.02469,AGAAAGTGTGCCCGCCCCCTCTGGGGCGGAGAGACTCAGCCCCTCCCCCTCAGCGGATAACCTGGGACTGACCGTTCCCTGGGGATCCGACGGGCCCCAGAGGACCCACGCCTGAGCCCCGTGCGACTCGTGGCCTTTGGGCTAGAAGCC,10.61809250542401,3.408452710357399
6760,ENST00000336418.8,ENSG00000157823.16,AP3S2,89830599,89912956,127.45817491429489,5891,7308.02,755.196,2.32821,ACGTTCTGCGAGCGCTAAGGGGATGGCGGGAGTGCATGATTTGGAGCGGGCGGTGAGAAAAGCAAGCTCCCGCCGCCTCTCCGTTTTGGCAACCCGGCTGACGGTCGTTTCGGCTTCTGGGGCCAGCCGTCGGTCTGGGCGAGGGACATAGATCCGGATTCGCATCCTGACTGGCCAACCAACGCTGGCCGAGGTGACCACTCTCCTCGGCATCCGCACCTGCCCTCCAAGGCGTCAGAGAGGCCGGACCCTTGGGTGCTAGGGCTCGTGAGCGCCGGGGCCAAGTTTCCGAGTGCCGCTCTCAGCAGCGCACCAACCGGAAGTGATCGTGTTGTGGCGGAAGGAGGAGCTTTCTGGGAGTAGCCGGTGCTGAGAGAACCGTGGCTGGCAAAG,54.745136785038675,5.77465890530468
6761,ENST00000398333.7,ENSG00000250021.7,C15orf38-AP3S2,89830599,89912956,14.517552472080247,2439,2935.86,759.509,5.82854,AGCCCAGTGCGCCGGCTCTGTGCCGGGGTGCCCGGGCGGTCGGGAGA,2.4907699822048484,1.3165917976307138
6763,ENST00000330062.7,ENSG00000182054.9,IDH2,90083045,90102504,29.257076750169603,2694,3551.9,272.499,1.72849,GTGCCCGCGCGGCCAGCGCCCGCCAGGCCCAGCGTTAGCCCGCGGCCAGGCAGCCGGGAGGAGCGGCGCGCGCTCGGACCTCTCCCGCCCTGCTCGTTCGCTCTCCAGCTTGGG,16.926378949354408,4.081201466197661
6764,ENST00000328649.10,ENSG00000185043.10,CIB1,90229975,90234047,112.33877128508158,1247,1386.31,528.507,8.58922,GGCTGGGAACGCCTGGCAGCTTTTAGGAGGGGGCGGGCCCGGGGGTGGTGGCCCCAGGAGCGGTTGCCGCGGGGACCGGGCAGTGACGCGGCCCAAGGGCGGAAGTGAGAAAGTTGTCTGCGTCTCGAGGCGAGTTGGCGGAGCTGTGCGCGCGGCGGGGCG,13.079042251226722,3.7091849942864146
6765,ENST00000394272.7,ENSG00000184508.10,HDDC3,90929964,90932569,31.302376540570187,1880,2189.55,107.522,1.10638,CGGCCGCAGTCGTCGGCCCCATCCGCGCG,28.292608814846787,4.822353306287958
6769,ENST00000361188.9,ENSG00000198901.13,PRC1,90966038,90995629,63.83323613864877,4087,4330.92,371.654,1.9334,TGCCAGTATTATTATTTTACCTACAAAATGAGCAAAGATGTTTAGAAGTACAATAGAATTCAGCCCTGCTGAGGGTAACAAAAGGAGGGTACTTTTCCGGTGAGGCTTTGTGCAGAAGGCAAATTAATAAAGGGAGCATTCAGTAATTACACCTCTAGGAATCAGCCGTACGAAAATGCAGGATGCATTTATAAATACATACATACACAAAGATTTATGTATGAAGATATTCAGCCCAGCCTTATCTTTTAAATTATCATCTAAATATCAATAGCAGAATGGGCGAGATATCTACACACCAGGATTCATGCCACCATGCCACCATGAATCACTGGGAAAAAACGGTGATATATAAGCATTTAGGGATGTAACATGTTCATCGAGGAAAGGAGGCTACAAAAGTAATGTCTATTTTGAGTTTTAAATTTTTCATGTAACGATTTAGAAACTCATCTAATTTGATAACGTGACTTAGGCAAATCATTCAAATCTTTTTGCGTTTCCTCTGCAATGGCGATTGTGGAGGTTAAATGGGATAACTGGCGTTGAAACGTTCCAGGCCCATGAGCAGGACTCAATGTTCCTTCCCTTCCCCTTTAGTGTATGGCTTCTTACATCTGGGGAAGAGTCCCACCAAAGATCGATTCCAAGCTTCGCTTCTTGGATGAGCGAGGGAAACTAGGCGCTAACTTACCTATTCACCCCCGCGCCCGTTCCCGGCAGCCGGGACTCAGGGAAGCCAGGTAGCCGCGGTGCTCTCAACTCCCTCCCCGCCCGCGCACTTCGAATCCAAACTGCGCGGGGCGAGGCGGGGCGGCGCTCCGATGAGGTAGCTGGCTTGGGAGAGGAGTCCCTTGAGGCTGCCGCCAAGCCAGGGAAGCGGGAGGCGCAGGCCACGCCCGGCCACTCACAGACAGTGACGTCATCCCCCGCCGCCACTCCGGCGCTTCCCAGGCCCTGCTCGCGAGTCCCCACCCCGATTGCGCACCCGCGACTTCAGCCCGAGGGGCGGGGATTTTCTTGGAGCGACGGGACGCGACGCCAATCGCGACGAGGCTTCGCCCCGTGGCGCGGTTTGAAATTTTGCGGGGCTCAACGGCTCGCGGAGCGGCTACGCGGAGTGACATCGCCGGTGTTTGCGGGTGGTTGTTGCTCTCGGGGCCGTGTGGAGTAGGTCTGGACCTGGACTCACGGCTGCTTGGAGCGTCCGCC,33.01605262162448,5.045095737742094
6771,ENST00000333371.7,ENSG00000184056.14,VPS33B,90998416,91022603,11.664160283491848,2767,2973.47,149.777,1.13486,GAGATCTAGGAAGTCGCTTCTTTTTCTGGTAGAAGGCGGGGTTCTCCTCGTACGCTGCGGAGTCTCTGCGGGGTGTAGACCGGAATCCTGCTGACGGGCAGAGTGGATCAGGGAGGGAGGGTCGAGACACGGTGGCTGCAGGTCTGAGACAAGGCTGCTCCGAGGTAGTAGCTCTCTTGCCTGGAGGTGGCCATTCATTCCTGGAGTGCTGCTGAGGAGCGAGGGCCCATCTGGGGTCTCTGGAAGTCGGTGCCCAGGCCTGAAGGATAGCCCCCCTTGCGCTTCCCTGGGCTGCGGCCGGCCTTCTCAGAACGAAGGGCGTCCTTCCACCCCGCGGCGCAGGTGACCGCTGCC,10.278060979761246,3.36149621168171
6772,ENST00000254190.3,ENSG00000131873.5,CHSY1,101175723,101251932,11.690251831274562,4550,4636.85,695.271,3.37826,GGCGAGCTAAGCCGGAGGATGTGCAGCTGCGGCGGCGGCGCCGGCTACGAAGAGGACGGGGACAGGCGCCGTGCGAACCGAGCCCAGCCAGCCGGAGGACGCGGGCAGGGCGGGACGGGAGCCCGGACTCGTCTGCCGCCGCCGTCGTCGCCGTCGTGCCGGCCCCGCGTCCCCGCGCGCGAGCGGGAGGAGCCGCCGCCACCTCGCGCCCGAGCCGCCGCTAGCGCGCGCCGGGCATGGTCCCCTCTTAAAGGCGCAGGCCGCGGCGGCGGGGGCGGGCGTGCGGAACAAAGCGCCGGCGCGGGGCCTGCGGGCGGCTCGGGGGCCGCGATGGGCGCGGCGGGCCCGCGGCGGCGGCGGCGCTGCCCGGGCCGGGCCTCGCGGCGCTAGGGCGGGCTGGCCTCCGCGGGCGGGGGCAGCGGGCTGAGGGCGCGCGGAGCCTGCGGCGGCGGCCCGGCGGGCGGAGCGGCGCGGGC,3.4604357957275527,1.7909537374989506
6773,ENST00000618548.4,ENSG00000140479.16,PCSK6,101297142,101525202,4.643555205480237,4269,5282.38,247.784,1.05683,GAGCGGCTTTAAAAGGCGGCACTCCACCCCCCGGCGCACTCGCAGCTCGGGCGCCGCGCGAGCCTGTCGCCGCT,4.3938525642537,2.135486460933549
6774,ENST00000347970.7,ENSG00000184277.12,TM2D3,101621444,101652391,29.10106785777047,1329,1087.43,140.368,2.90822,CCGGCCCGGAAGTGCGCAGGCGCTGGCAAG,10.00648776838426,3.322863778522677
6775,ENST00000356432.7,ENSG00000103152.11,MPG,77007,85853,31.36011708367435,1205,1450.93,380.877,5.91425,CGCATCGGGCCCGGGAATCGGTCCGGACCTGGCGGTGGGCGCTGGGAAGAGGATCCACCTCCACGTGGCCCGCCCCGCCCCGGGGGCGCAGCCAGTTCCCGGCGCTCACTGCCCCCCTTCTCCCGGCTTCCGTCCCCTTCTGCGCAGGCGCCGCTCCGCCCCGGTCCTAGGGGTGCTTCCGTGGTCGGCGGCTGCTGGGCTCCGCGCCGGGGTCCGAGTCCCACGAAGCCCCGGCCCGAGCCGCCGG,5.302467275423655,2.4066638120821495
6776,ENST00000199708.2,ENSG00000086506.2,HBQ1,180453,181181,10.611521558647592,536,561.98,47.0,1.88425,GGGGTCGCAGGGCGCGGCGGGTTCCAGCGCGGGG,5.631695135278011,2.493569237610317
6777,ENST00000399932.7,ENSG00000167930.15,FAM234A,234546,283010,19.684148390423125,3213,4815.75,323.537,1.51364,TCGGGAGAGGAGGAGGAGGGGAGCGAGGACGCAGAGAAGGAGGGGAAAGAGGACGGAGAGGAGCGAGGACGGAGGGGGGACGGGAACGAAGAGGGGCGAGGACGTTCAGCATCCATTGCGACAGCGACAAACAGGACACCGCCAGGTTCCCGGCGGAGGCAGCGCCCAAGATCCCCGTTGCCGAGCAACCGAAGCATGGCGGTGGGGCGGGGTCGGAGCCTGCGCATTTCCGCCCCCGCCCGCCCGGCTGGTCGGAAGTGACGCCAGGGGGCGGGGCCAGCGGCGCGGTCGGGTGAGAGGCCGCGGCGGCAGGTCCACCTGGGCTTGCGAAGGCACAGATTCCCCGTCCACAGCTCACGACCAGATGCACCAGCAGGAGTCCACATCGAGGACGTCCTCCGGGCACTCCCACGACCAGTGACCAGGAGTTAAACTTTGGGATGTGCCCGTG,13.00451123809038,3.700940272896916
6778,ENST00000219479.6,ENSG00000103202.12,NME4,396725,412487,67.32763438215663,995,1186.24,3374.97,64.1002,GCGGGCCGGGCGTC,1.0503498332634942,0.07086991708759295
6779,ENST00000219611.6,ENSG00000103326.11,CAPN15,527717,554636,8.04718035794984,4744,8022.7,627.469,1.76211,GCCCCGCGGCTGAGGAGCGGGAGGCCGTCCGGGCAGCGCGGCCGGCGGCGAGAGGGGCCCCGCCGCTCTCCGGAGGCAGAAGTTGTGGATCGGCCGGCGGGGGCGAGCGGGCCCGGGGGCCGGGGCCGCGCTGCCCGGGCCGCGAGGACGAGGCGGCGCCGCCGGGCTGTGGAGGCAGCAGCCCAGACGCGGCACAGAGAGGGCCTGGGAGCTTGCTGCAGCTTCAGACAGGGAGCCAGGATGGGAACCACGGACTGACCTGACCTGCGTCCTCGGGGCCACTGCACTGGGTGATTCACGTGTGCCCAGGCCCTGAGGTGGGCCGGACCTGGGAGTGGCAGCCACACCCACTCGCCCGGGTCT,4.566786612612061,2.1911793800121693
6780,ENST00000307650.8,ENSG00000172366.19,MCRIP2,636817,648474,17.516061777215626,946,1103.18,92.5988,1.89113,GCAAGCGCCGCCTCCGCCGCGTGTCCGGGGTCAGCCCGAGCCCGTGCGGGCCCTTTAAGGGCCGGGGGCGTGTAGCGGGCCCGCCCCCTCCCCGCGGCGCCCGCAGTCCGTTAAGTGCGAGCCCCGGCGCAGGGGCCGGATCTGGCCGGGGGCCGGCGGCGGTGTGGGAGCGGCGCGTC,9.26221982476912,3.211357997631201
6781,ENST00000315082.8,ENSG00000140983.13,RHOT2,668086,674174,34.757096330749015,2539,3827.7,893.103,5.25685,GACAGCGCGGGGCCGAGAACCGGAAGTGCGGGGCGGGCGCGGGGGCAGAGCGAAAGGCTTGAGGACCAGGTCGGGGCCGGGTTCCGGGTCGGGGAGCGGCTCCGGGCGGCAGCT,6.611772512198182,2.7250370874297567
6782,ENST00000219548.8,ENSG00000103266.10,STUB1,680224,682870,207.53299591868537,1472,1896.65,1721.84,20.4535,TGGAGCGTTCCTCCCAGCCCCCGACGTCGCGGGCCCAGTGTCCCCGTCCAGGCTGGTTGGGCGCACGCGCGGCCCCACTCGCCCCCACGCGTGCGTCCCCGCTGGTCCCGCCCCCGGCCGGAAGTTCCGGCGGCGGAGCTGGGCCGGGCCCGAGCGGATCGCGGGCTCGGGCTGCGGGGCTCCGGCTGCGGGCGCTGGGCCGCGAGGCGCGGAGCTTGGGAGCGGAGCCCAGGCCGTGCCGCGCGGCGCC,10.146576181029427,3.3429210873280786
6783,ENST00000204679.8,ENSG00000090581.9,GNPTG,1351923,1364113,11.510848352479192,1983,2462.67,203.131,1.85837,TGACCGTCACTTCACGTGACCGCGCGGCGGCCGCTGCGGCGCG,6.194056271075831,2.630884489508102
6784,ENST00000262319.10,ENSG00000100726.14,TELO2,1493344,1510457,60.64008593587252,3314,5213.3,809.355,3.49775,GATGCGCCCTCCCGCCTGGCGTCCTCCGCAGATTCGCGCTGAGAGGCCCGCGGAGACCCGCCCCAGAGGCTCAAGAAAACCCGCGGGAGCCTCGCCCGGACCCAGGAACTCGTGCTCGGGGCCAACCGGCTGGGCCGCGATCGCGTTTCGTCCGGGGCCGCGGCGGCCGTGGGGAATCGGCTGCAGCGAATCGGTGGCGCGCGGCGCCTGAGCGCGCTGCAGTCACCCGGGAGCCGGGTCCAGGTCGTCTTCCCGTGACGCCCAGATCTGTCCTGCAGG,17.336883978521197,4.115772715897855
6785,ENST00000248098.7,ENSG00000206053.12,HN1L,1612325,1702280,359.66281554439945,3718,4256.41,3091.12,16.3619,ACCTGCGCTGGGCGGGCGGGAACGGCGCGCGGCGAGCTGAGGGTGGCGGCGGTCGAC,21.98172678872255,4.45823281746541
6786,ENST00000262302.13,ENSG00000095906.16,NUBP2,1782901,1789191,110.9376044101562,1413,1931.82,316.444,3.69056,AAGAAGAGCCACGGGCGGGCACGCACTGCCCATTGGTTGGAAGGCCCTTCGCTCTAGCTGGGAGGCTGACGGCCCGCGGGCGTAAGCGGACTGCAGCCGCGAGCTCCTGGAGGCGGCGGG,30.059829513720462,4.909764921826021
6788,ENST00000427358.3,ENSG00000180185.11,FAHD1,1826941,1840207,135.23221904686892,1974,1964.63,446.42,5.11948,TTGTTTTGTCCGCGAGCCCCGACTGCCACGGGCCGGGAGACGGGCCTGGGAGCGGCGGCGGCGGCCCGAGAGCTGCGCCGGGAGAGCTGTGCCGCGAGCCTCCGCCTCTTTTTTGGCACCGCACAGTGGATCCCTGGAGGCCGAGCGCCACGCCGCCCGGGTACCCGGCAGATCGCGAGGTGGAACGGGCCGTCGCTGCGGGGGACAGCGTTCCGAGGCAGTTGGTCCTCTCCGGGATGCCGTAGGCATCAGCTGACCGGCCCAGCCCACGTGACTACAGGGGCACTTG,26.415225578939445,4.723297825058832
6789,ENST00000268668.10,ENSG00000140990.14,NDUFB10,1959508,1961975,564.9295657167627,705,602.461,830.757,31.0676,GCGCAGACGCAGCCGCCCTCGGCGTCCTCTGTAGCGGGCGACCTAGGCCGCGGGACCCGGACGGAGGTAGAGGCCAGGGCAGCGCGTCCGGGAGCGGAGTCCGCGCCCGCCGCCGCC,18.18388178413404,4.184588305031368
6791,ENST00000248114.6,ENSG00000127554.12,GFER,1984207,1987749,35.567433413232955,2345,3739.94,355.451,2.1413,GGCAAC,16.610205675633004,4.053998032448859
6792,ENST00000432365.6,ENSG00000065054.13,SLC9A3R2,2025356,2039026,3.365775090027959,1564,2342.31,123.913,1.19188,GCCGGGTGCCCAGCGCCGCCGCCGCCCCCGAGCTCCCCCGCGCCCCTGCCCGCGGGCGGCCGGTGGGCAGCGGGCGCC,2.823921107853105,1.49769978446641
6793,ENST00000401874.6,ENSG00000103197.16,TSC2,2047465,2088720,3.1318925405281286,5421,7831.09,720.096,2.07172,CCGGCGGCGTCCCGGGGCCAGGGGGGTGCGCCTTTCTCCGCGTCGGGGCGGCCCGGAGCGCGGTGGCGCGGCGCGGGAGGGGTTTTCTGGTGCGTCCTGGTCCACC,1.511735437476169,0.5962056815976311
6794,ENST00000326181.10,ENSG00000131653.12,TRAF7,2155698,2178129,23.57291036576209,3700,5662.46,1294.03,5.14875,CGGCTCGCGCGTCTAGTCCCTTTCCCGGCCGGCGGCCGAGGGGGCATCATGAAGCGGGCTGGCGGCGCTGCCGCTCCCGGGCGGCCGCGGGCGGGAGGTGCTTCCCAAGGACCGTAGATGCCTCTCTAGAGC,4.578375404857896,2.1948357618280947
6795,ENST00000382450.8,ENSG00000167965.17,MLST8,2204248,2209416,2.0831217619588536,1861,2769.48,161.324,1.31239,AGCGCGACCCGACAGCCCGGGAAACGGACAGCCGTGTCAGAAGGGCAGGTGCCAGTGGGCAGGAGGCCGGAGAGAAAGCCGCAGCTTCCTTCCACCTCGCGCCGGGCCCGCGGCCGCGCACGGGGACCGCTCCGAGTTCCTCCCGGCGGGAACCCCCCGCCCCAGAACTTTGGTCTCGTCCCACCCACCCCCGCCCGCGCCATGGTCTCGCCCTAGGGAGCCATCGATAACTCTACGCTCGGCCTCGATCGACTCGCTCCGGCTCCCCTCGCCGTCCTGGACACGGCGGAGTGCGGAGCCGCCCGTAAGATGCTCTGACCTTTGACCCCTGCCGTTCAGCTCTAGGGCCCGTGCAGGCCACACC,1.5872734186932647,0.6665506636593651
6796,ENST00000301727.8,ENSG00000167967.15,E4F1,2223566,2235742,13.660190395806325,2573,3759.69,366.443,2.19592,ATGACGACATGGTCGTAAATCCGCCATCTTCCTGCGGCGCGTTGCGAC,6.220714049603958,2.637080190757275
6797,ENST00000397066.8,ENSG00000162063.12,CCNF,2429394,2458854,43.76113499486243,4283,6037.69,1089.11,4.06408,CTGCGCCTGCGCGAGGGCTACGCGCGCTCCGGCCGGGGCGCGGGCGCGCTCTCAGGCGGGCTCCGGCGGCAGCGACGCGAGCGCGGCG,10.767783851415926,3.4286494501023754
6798,ENST00000361837.8,ENSG00000162062.14,C16orf59,2460080,2464963,18.86980089358176,1662,2409.55,147.946,1.38334,CTTCCCTCCCGGAAGGGGCGTGGCTCTTCAGAGGCGGCAAATTGCAAGGAGACGCCGCCGCCTTC,13.64075418449677,3.7698515067094176
6799,ENST00000330398.8,ENSG00000185883.11,ATP6V0C,2475051,2531422,697.6155137985904,1175,1400.76,1573.31,25.3054,ACGCGTCTCCCCCACGGTGCGAAGTGGTACGGCTCGCAGGGGCGGGGCCCAGGTCATGTGACGCGGCCGCGGCCGCCATTTTGTTCTGCGGTGCTGGTATTTAGAGCGCAGCGGCTGACGGGCCGGATCGCCTTCGCCGCCGCCCGCCCGCAAACCTTCGTGCCCGGCCCGTCCTCGCCCCCGCCTCCGCCACCGCCTCGGCCCGCAGAGCTTGCCCCCTCCCCACCCGCAGAC,27.567851675871175,4.784914939408887
6800,ENST00000301738.8,ENSG00000167977.8,KCTD5,2682475,2709030,48.0541272800558,2482,2994.18,712.773,5.36334,ACAGAACTCAGAGGACGCTATTAAAAGCCGGACGCTTCCGGTGGAAGGGAGCTGTTGCGGGGCTTGCTGGGATC,8.959739132715026,3.1634567281068584
6801,ENST00000301740.12,ENSG00000167978.16,SRRM2,2752329,2772538,88.9534232640951,9353,12933.6,16542.1,28.8159,AGAATGCTCTGCATCGACAGCGGGAGACGAGACGCGCTCGGGCGTCGCTTTGCTGCCGCTAGGCCCTGTGCTCCTCCCCGCAGCGGAAGGCCTACGAATACGCGGTGTCTTACGTCGCTTCCTCCGTTCTTCGTTGCACTGGCCAACGGGACGCTTAGTCTTTCGGCAACGGGGTGAAACCTTCCTTGTGCCTGAAAAAACGGTACTTCGCGGTGTGGCTTCGGCGCCTGCGCAAAAGGCCGCGGGGCGCACTCCAGTTCCCGGCAGGCCCCGCGACGCGCGTTTGCGTGCTGACGCACGCAGTTAGTCGTGCTGACGTGCAGCGCGGCCCAGGCGGGGTGCGAGTGGCGCAGTTGGAGCCCGTTGCGGCCCCTGAGGAAGCGAGGAGGCGTCGGCGTCGGCTGAGGCGGGCGGACCGGCGAGGCGAGGCGGCGGCCCCAGGCCCGAGGGACTCGGGAGCTCGAGCAGCGGCGGCGGCAAGACCTCTCCCCCTCGGAGGCGGCGGGCGGAGGCGGCGGGAGCGGTGGTGCCCCCCCCGGGCACGGGGCC,3.0869562728943083,1.6261850471495605
6802,ENST00000396958.7,ENSG00000162076.12,FLYWCH2,2883186,2899382,26.5461142138807,1036,1331.17,205.513,3.47831,GGGCAAGACGCGGAGGAGCGGCCCCAGCCAGAAGACAGGGCACCCGCGGCCTTGCTGCGCATGCTCGCGCTGTGACCCCGGCTTGAGGTAACAGCGCGAGCTGAGGCTGGGGCCCTTGGCGCGGAGGCTGAGGGACCCGCCGCGGCGCTGTCGCCGGAGAGGGAGGGCACCGCTGTCGTCGGCCAGAAGCCAAGGAGTCCTCAGTGACGGTGGGATCCACAACATCTCCACATCGCTGTCCCCACCCAGCCAGGGCAGCGCCAGCACTAGCTCAGACGCAAGGACGGAACCGCTGGACTCCAGGTTCCTTGCCTGGGAGTAGGAGAAATCCACCTGCTGGGGGCTGAGTGTGGCCTGAGGGACAGGCCCTGGGTCCCGGG,7.631900035902694,2.932042274769533
6803,ENST00000318782.8,ENSG00000162073.13,PAQR4,2969245,2973489,29.852549056102927,2793,4188.62,349.049,1.87749,AGGAGCCCGGCGCGCGAAACGCTGGCCGGCCGGCGGGAACTAGGAGCCTGGGCGGAGCCTGGCGTCCCCTCCCGCGTCCGGCCGCGCCCGTCCTCCTGGCTGCAGAGAGACTACCGGCCACCGCCGCCGCCGCCGCCGCGAGCTGTCCCTGCGGCGCGTCTGCCTTGGCGGAGCCGACCGCAGTGCGCTCAGGCGTCCGGTGCGTCCCCAGCCTCCGCCCCGGCGCGGGGGCGACGGACTCGCGCGTGCGCAGCGCCGGAGGGGCGCGGGCTGGGACCCCCTAGCCAGCGCGTGCGCCGATCGAGCGCAGGGCGATGGGTGGGCGCCGGGCGCCGGGCGCCAGGCAGTGATGGGCCTTCCCGCGCTGCGGCCCCACTGAGGAGGAGGCTCGGGGACAGCAGGAGCACGGGCTGCCCGCGCGGTGCGGACC,15.900243972592623,3.990976997211402
6804,ENST00000326577.8,ENSG00000006327.13,TNFRSF12A,3018445,3022383,35.92974527188755,1033,1221.61,529.804,9.77117,AAGGCGGGGGCGGGGGCGGGGCGGCGGCCGTGGGTCCCTGCCGGCCGGCGGCGGGCGCAGACAGCGGCGGGCGCAGGACGTGCACT,3.6771180188132586,1.878575481252719
6805,ENST00000326266.12,ENSG00000131652.13,THOC6,3024027,3027755,53.60942771371153,1419,1766.98,464.264,5.91963,GGGCACAGCCGCGAGGTTCTGCGCGGGCGCGGAAGACGGGCGGCGCGTGGCGGAAGGCAGGCTTGCTCCTCGGGGTGGGGGAGGGTATCCGGCTTAAGGGGGCTGCGGTGGACACCACTTCTTAATGTCGGGGGTCTTCGCGGCGCTCACCTCGGCTCCTAGGGTTCGGGACGGTACGCACCAGCCACCTTCGCGCCGAAGGCGGTAGGGCGCCACGGAGAGGAACCGCTCTAGGCACGTAAGGCCTCGTGAGGTTGCGTCGCGCGCGGAGCACTCTGGGACTTGTAGTTCTGGAG,9.056212586548742,3.17890782455229
6806,ENST00000325568.9,ENSG00000008517.16,IL32,3065297,3082192,15.93045388794254,1105,1310.02,87.7059,1.50838,GTACTCAGGGAGTTTCCCCAGCCAGCTGTCCCGAGTCTGGACTTTCCCTCTGCCCCTCCCCACTCTCAGGCTGGTGGGGTGGGGAAAGCAGCCCATTCCTGGGCTCAGAGACTCCCACCCCAGCTCAGAGGGAGCAGGGGCCCAGCCAGGGACGGACCCTCATTCCTCCCAGGGACCCCAGACCTCTGTCTCTCTCGGGCCTTGGCTCCTTGAACTTTTGGCCGCC,10.561300128576711,3.40071554071951
6808,ENST00000219069.5,ENSG00000006194.9,ZNF263,3263743,3301401,14.916123270436197,3830,5147.03,354.881,1.55342,GCCACTGACTGGGCGGGCGGCTAGCTCCCTGGCCTCCCCGACATGCCGAGGAGCCCCTGGCTTCCGGAGCCGACGAGGCCGCAGGGGCCAATGGGACCATCTTCAGCCAGCCCAGAGTAGCCGAAGCGGGTGGGGCCTGGCTTGGGAAAGGATTCATCCGGGGAAGCTGATTAACAATTCAGATTTCCGGGTCTCACCCCGACACTGACGCACTGGAGAGCGCGTGGCCCTGGGATCTGCGTTTTCCCAAGCGCTCCGGAGTAATTCTAACCCAGGTTGCCCGCCAGTCACAACGACCTCAGGCTTGTTTTCTTCGCTTGGATCCAGCTGCCCTGCCCCCAGTCACTCCCAGAATTTCAGGGCGCGCCCCGTGGCCCCGCCTCTCGTCTCCAATTGGTCCCTCGCTCATCCAGTCCCCGTAGGCCAATCTTCCCTTCTCATTGGTAGGCGGTGAGTGTGTGGAGAAACCTGACCTAATGGGCGCTGGAGTTCGCAAAACGTGACCCGGAAATTGGTCACGAGCAGGCGCCGTGGGCTTGTGGACGCCTAACTTGCGCGCTGAGATTTCCGGCGTGGGAGCAGAGGTCTGAGTCTTGCGTGGGTCCTCTATATAGGGTGAGAAGCGTGGCGCTCGGTTCCTGCCTCGGGGAAGTCCTGGCGCAGATGGGCCACGGGGCCGGCGTGGCGGCGCCTGGGACCGACTGAGGCCTAGGCGCCGGAGCCGGCCGCGCCTGGGCTGGAGCGGGGCTCCTCGGCCTGGACTGGGAGCCCCCGGCCCCGGGCTCCTGCTGGCGCCGTCCAACCTTACATGGGTTCAGGGCGCCTTCGTAGGCGGGCACGGCTGGTTTCGGGCTAAGGCGCTCTGGAGACCTGACG,9.602118725416306,3.263352774312525
6809,ENST00000574298.5,ENSG00000162086.14,ZNF75A,3305406,3318852,4.438951268863783,2347,1999.44,122.263,1.37768,TTCCGGCCGGCGCTCTGGCTCTGTACCTGGACAGGGCTGCGGTAGGCCAGCGGTGGGCTGGCGGTTGCGCTCCTCAGATCGGCGGCCTTTCGGGCGGTGGCTTGCGTTTGAGCCTCAGAAAGCGAGGAGCGGCCTCCACGGAAGCCAAGCTGGCCGAGGTTGCAGTCCATGAGCTGGGAAAGGAGGCAGTGCTCTTGGGAGAAACAGCAGAGGCCTCAAGTTTCGGGCTGAAGCCAACAGAGTCCCAACCAGTGGGCGTATCCCAAGATGAAGAATTTTGGAATACATACGAGGGTCTGCAAGAACAGCTCAGCAGGAATACTCATAAAGAGACTGAGCCTGTGTATGAGAGGGCTGTGCCTACTCAACAGATTCTAGCTTTTCCTGAGCAAACAAACACCAAAGACTGGACAGTGACACCTGAGCACGTCTTGCCTGAGTCCCAGAGCTTGTTGACATTTGAAGAAGTGGCC,3.2220481308168685,1.687978045122128
6810,ENST00000268655.4,ENSG00000103343.12,ZNF174,3365099,3539048,6.368470246401838,2260,2494.92,184.844,1.66921,CCGCCCTGGAGGCCGGAGCCACTGGGCCTGCGGCGCCTCGGCAGCGAGCAGCCGCTTTGCTCGCGTGCAGGAGGCTGTTCGCTACCTCACACCCCCGGCTGGCGCTGTGGCCTCGCTTAGCTCTACCGTTTAGCACCCGGCGACATGCACCCGGTCGGTTTCCGCCAGGATGCGGGAGAGTTGGGGCAAGCTACCTGCGACAGCTTGAACTTTTCCTAGGGATTCCGCTCCACCCGCCGGTTAGAGCGTATTGCTCATTAAATCCGAGACCTGTGTGCTTGCTACTGAAATAAAAGAAGTATTTTTTCCCCAGAGTCCTTTTAGGACGTTATGACTTTTCTCCTTTGCAAGACTGCAAAAAACTGACAAGAAGACAAAACTCTTCCCACTCCCAGGGACCGCGTTGTCTTGAGTTTGGCTAGTAAAGGCTAGCAAGTGAGGCTTTGTCTCTGCATCCCGTTCCCCCTAACATCCTCAGAGAACCTTCGTTTCTAGAATCTTTCTAGTATTCAGAGACTTCTCCAGGGTCATGATCCCAAAGGCTTAACCCGTTTACAAGGAGAGAGTTGTCTCCTGACGCCCAAA,3.815260060988035,1.9317813993692194
6811,ENST00000576634.5,ENSG00000103351.12,CLUAP1,3365099,3539048,24.101405155147045,4163,3959.88,223.26,1.27025,CGCGTCTTCGCTTCGCTTTTTGTTTGTCCCTGACCGTGCGCCGTCCAAGGGTCCATTGGTTGCCATAGAGATCGTCGAGCGCTGGGCCTGTGATCGCTGAGGGGCGAGCAGTTGCGACCCTGGGCTCCTGGGGACCTGAGCGTT,18.973749384095292,4.245932891367396
6813,ENST00000355296.8,ENSG00000103423.13,DNAJA3,4425805,4456775,65.27838596932494,2591,3119.32,1649.43,11.9134,GGCGCAGAGTCCCCGGGCCAAG,5.479408562570295,2.4540201797013035
6814,ENST00000570646.5,ENSG00000103415.11,HMOX2,4474690,4510347,71.56417251482516,2147,2960.21,199.386,1.51752,CAAAACTCGGTCTCAAAAAAAGAAAAATCATTCTGTCATTCTGGCCGCTGTTTGAAGAATGCGAATAATGCAACAGGGAGATCAGATACAAGACTGGTAACCGAGGTGTCAGAGTTGAGACTCAGTTTCGCAGATTGCATTGGCAAGTGACCAAGTGGGTGGTGCCACGGTTGACAACCCTATTTCTTACATCACTGAGTGGATGTACAAGGATTAAACCACACTGGGGAAGAAAAGTGCTCAACCCTGAGGCACCCTCACACACCTCGGCTCTTGTGAACACTAGTGTTCCTGCCGAAGCACGCCTACTTACCCCGCTGAGCAGAGCCTGAGCCTGCAACCTCCAGAGACCTGGGGAAAGCCACATACTCCGCTTCCCGCCCCCGGCAAGGGCGTGTCAGCTACAAGGGGCGTGTCATCTCTAGGCCCCGCCCCGCGCTGCGTGCCCACGTTGCGCCGGCCTCGCGCCAGTCCGCTGGGCTGCAGGGACTGCGGCGCCTGAGGGAGTCGCTGACGGGCACGCTGACTGGAGGCTGGCGGACAGGCGACAGCGACCTGCGGCAGGACCAGAGGAGCGAGAGCAGCAAGAACCACACCCAGCAGCA,47.15863548080102,5.559450069914931
6815,ENST00000262370.11,ENSG00000102858.12,MGRN1,4616493,4690974,10.294158943905025,3968,5752.23,717.399,2.80987,CCGCCGTGGCGTCGGTCCCCGGGCCGAGCCGGGGGTGGGGGCTCGAGGCGCCTCCGCGGCCGTGGACGAGCGTCCGTGCGGCCTGGTCCGGGCCATGTCCGCGTGAGGACCCCGCCGCTGTCGCCGCTCCCGTTCCGGCCCTGGCCCCTCTGCCCGGCAGCGCCGCGCACC,3.663571248458122,1.8732506732173202
6816,ENST00000304301.10,ENSG00000168101.14,NUDT16L1,4693694,4695859,60.10383002134421,1349,1835.76,131.835,1.618,AGTGGCAGCGGCGGGGACGGGGTCAGTGCCAAG,37.14699012444017,5.215173414440999
6817,ENST00000262376.10,ENSG00000118900.14,UBN1,4846665,4882360,9.185021375550184,6252,8134.8,372.465,1.03158,CTCGGCGCTTCCGTTACGCCCGTTGGTCCGGCGCGGGCCCCGGGGCCATTCCCGAGCCCGAGGCGCTGGTCGGCCCCGTCGCAGCGCCAGTGAGCTACCCTGACGGAGCTCGGCGCGGCCTGGAACTCAGCCTCCGCCGGGTCTGGGCTCCCGCGCCCGGCAACTCTGCTTGGCCGCAGGCCGGGAGGCCCCGGTGTCCGCGCCCGTCCGCTCCCGCCGCCCGTGTTCTTTGGAGCGCTCCTCCCGACGGCCGCTTTCGGAGGCGCCGTCTGAGCGCGGGGTCCCGCGCCGCAAGTTCTCCTGGGGCGACCGGAGGCTGCTCCCCCGACCCCCTGGTGTCCCCGGAGTGGCTGCGCGGACGTCGAGTTGGCATTTCTTCGCTTCCTCCTGGGCCGGCGCGCGGCGCGGCACACCAGGCTCCCCTGGGCTCGGGGACCCGGCCATGGGCCGAGGCGCGGGCCGCCCGCCCGCTGGGAGCCACGGCTTAGCAGCCGACCGCTAGCTGCGCCGCCGCCCGGGGACCGGCATGAGGACCGCCGCGGGGGGACGTCTGCGGCCCGCGTCGGCGCTGGGGACAAAGAAGCCATGCAGTGACACCCGCTAAGACTTGTTGGTAGCC,8.903838166259703,3.1544273708855814
6818,ENST00000262374.9,ENSG00000033011.11,ALG1,4958317,5087379,21.66156296442795,2132,2605.6,399.281,3.45249,GCGGTCACGTGACTGCTGCGGGCCAGCCAAG,6.274185577489855,2.649428201761178
6819,ENST00000268251.12,ENSG00000183044.11,ABAT,8674565,8784575,15.428889603940489,4836,5581.78,705.143,2.84621,GGCCGGGACGCTCGGCGGAGCCAGGGAGTCCGGCGAGTCGCTGGGGGAAGTCGAGCAGACACCCAGCGCTGCCGGAACTCGGGGCGCGCATCCCGCAAGTCGGAACCCGGCGGATCGGATCCCGCAGATCGGAGACGGGGCCTGGAGGGTGGCAGCACGCAAAGGGTGTCCCTGTCCCTCAAGGGGTC,5.420854260205848,2.4385202205549814
6820,ENST00000268261.8,ENSG00000140650.11,PMM2,8788823,8860456,59.7193202179208,2313,2691.23,404.948,3.39009,CCGGAAGTTCCGGGCCGAGTTCCTCGTGCCAACGTGTCTTGTAAGGTGCGGCTAGAAACTGGGGAC,17.615850970894815,4.138802263835272
6821,ENST00000327827.11,ENSG00000182831.11,C16orf72,9091648,9121640,77.232976363812,5953,5470.23,645.69,2.65938,AGTCTTGGGGTGGGCTCCGCGGTGCAGGCCGAGCTGCGCGGAGGGCTCGGCGATCAGCGGCGGCGGCGGCAGTGGGGAGGCCGCAGCGCCATGGGGGGGCGTTAGACAGGCTGCGGCGGCCGAGGCGAGGGGCGGCAGCGGTTATCTGGTCCGCGGCGACCTTCGGCCGGGCCCGGGGGTGGGAAGGCCTGGGGCGGGGGTCGTCCCTGGTTGCACGGGGCCGCGGGGCGGGGCTCGCCGGCCGTCGGGGTGCAGGAGGCCTGGGCCGCTGAAAGGAGAAGGCGCCGTCGGTCGCCAGGCCCTGCCGCCGGGCCGCTTGACGACGACGCTCCCGCGGGGGCCCCGCCTGAGGAGGACGCGGCGGCGGTGGCGGCGAGGCCGCGGGAGGCCGCGGAGG,29.04172264355301,4.86005512589327
6822,ENST00000283027.9,ENSG00000103274.10,NUBP1,10743786,10769351,49.74015037372355,1228,1276.92,580.68,10.2456,AGGCGGCAAAGGCGACGGA,4.85478160124576,2.279406395564801
6824,ENST00000409552.4,ENSG00000038532.14,CLEC16A,10944488,11182189,4.801559107583241,3365,3927.29,245.081,1.40598,CGGGGAGGAAGGCGGCTCGCGGTTCCTCCACCGCCTCCGCCGCCGCATCCTCCGCTTGTGCTACCGCCGCGGGCGCTGGGCCGCTCTGCTGGTCCGGCATGAGACCGTGAGACGAGAGACGGGTCGGGGCCGCCGAC,3.4150977308235118,1.7719268651206206
6825,ENST00000312499.5,ENSG00000175643.8,RMI2,11249619,11351762,66.88422099729384,1457,1267.08,500.884,8.90626,CGGGAAAGCGGAGGCGGGGCGGAAGGGTGCGGCGAGGCGGA,7.509798837816754,2.908774263322623
6826,ENST00000311895.7,ENSG00000175595.14,ERCC4,13920157,13952345,16.693831636573602,6758,5861.3,637.862,2.45185,AGAGCTTCC,6.808667592460226,2.7673725007595413
6827,ENST00000571589.5,ENSG00000186260.16,MKL2,14071321,14266773,10.519330781402772,8799,9113.26,937.74,2.31831,ATCGCGCGGCGGCGGCGGGAGCGGCGGCGGCGGCGGCCGGGGAGGTTCACAATAAAGGTGCTAAGAAAGAGAATGTAAGACAGGAAAATAATTAAATATTCTTACCGAGTGTCTTCAATAGGCCGTGTTTAAGAGGCGTCTTACACTCCCTGTTGCCAGTGGCTGGAACACA,4.5374996361154345,2.1818975274115333
6828,ENST00000261658.6,ENSG00000103429.10,BFAR,14632815,14669236,74.2602542891957,3039,3251.04,822.195,5.6979,GTGGCCGCTCTAGGCAGCGGGGAGGTCGCGGGGTTGAGGGGGGTTGTGAAAGGAGAGCGGCCTCTCCTCTATGGTCACGGGGCCGGGGCACGCTTCCCCCACTCTGTCTTGTTACTTCCGGTAGCGAAGCCTCTCCCTCTTCCTCTGCTCCCGCGGGGTCTGTGCTGAGAATAATGGCCCGGTTGGCCCGGGACGAGTGGAATGATTAATGATGTTTTGCAGCAGTTTTCTACGTCTGAAATTTTTTATGTCTCTGGAACCCAGAATTTGCTAAGAG,13.03291638835285,3.7040880481890546
6830,ENST00000535621.6,ENSG00000179889.18,PDXDC1,14974591,15139339,4.277117294056272,2048,2273.8,617.118,6.11476,CCCCGCCCCGCCGCCTCTCAACCATCAGGTTCGGCAGCCCGCGGCGCCGCCTGGCAGCTCCTCCTCTTCTCCGCCCCGCCGGCCGCGGGCGCGGGGGACGTCAGCGCTGCCAGCGTGGAAGGAGCTGCGGGGCGCGGGAGGAGGAAGTAGAGCCCGGGACCGCCAGGCCACCACCGGCCGCCTCAGCC,0.6994742711171448,-0.5156571034220949
6831,ENST00000396354.5,ENSG00000072864.13,NDE1,15643267,15726353,20.81901833631837,3221,4315.85,534.045,2.78788,GGGGCCGCACCGCCCTTCGCAGCCGCCTCTGCCGCCGCCGCCGCGTTGGCCTCGCCGCCCCTGCTCGGACACCATGCCACAAGGAGAGTGATCTCTTCCCCTGTTTTCACA,7.467688112945453,2.900661674845449
6832,ENST00000399410.7,ENSG00000103222.18,ABCC1,15949577,16143074,28.747515547290117,6552,8373.29,1247.37,3.35631,CCAGGCGGCGTTGCGGCCCCGGCCCCGGCTCCCTGCGCCGCCGCCGCCGCCGCCGCCAGCGCTAGCGCCAGCAGCCGGGCCCGATCACCCGCCGCCCGGTGCCCGCCGCCGCCCGCGCCAGCAACCGGGCCCGATCACCCGCCGCCCGGTGCCCGCCGCCGCCCGCGCCACCGGC,8.56521463967575,3.098489399924662
6833,ENST00000321998.9,ENSG00000167186.10,COQ7,19067599,19080095,71.03331422550224,2657,2509.89,573.972,5.15225,GTCCGAGCCAAGGGCACTATTGGCCAGTTCCGTTCAACGAAGTGGTTGCTTTTTTTAGTTCCGGCA,13.786853166189962,3.7852212957850258
6834,ENST00000381440.4,ENSG00000205730.6,ITPRIPL2,19113932,19268334,7.6755384469823005,7247,8012.86,388.004,1.09096,CTGTGCGCATGCTGGGCTTGGGTCGCCGCCGGGGCTTGCCCCCTGGGCTGCTCGGCCACCGCCGCCCCGGGCGCCCGGC,7.035581915911034,2.814669754304634
6835,ENST00000396212.6,ENSG00000103540.16,CCP110,19523811,19553408,24.838187739592,5549,4334.6,276.729,1.43836,AATGCACCTCGGGGATGGTAGTGTTCTGGTGGCCCAACGGTTTTAACAGCCCGGGAATCAACCACCGGAAGTGCCGGCCCTGAGAGGTGGAGTCGGGGTGGCAGCGGCGGCGGTTGCCAGGAGCCCGCGTTGCAGCCTGAGATCCGTAATATGGCGGGGAGGAGGAGGAGAAGGCGGCGGCGGACCGAGCTGCGCTCTGTCAGTACCATTTGAGCCATTCGCTTCCTGACAAGGCCCGTGGCGAGGGGAGAGGAGCTGAAGGGGCCGTGGGGGATCAGTGCCTGCTGTGTGCTGATACTGTTCTGTGTAATGGGGATTCAGTGAACAAGACTGAAAAGGTACCTGTACTTATGGCGCTTACATTTTGGTGGAGGAAGACAGACAAAAATCAAGGAAATAAACACGATAATTTCAGATAGTGTGTGACTGTGGGAAG,17.268408284151395,4.110063203440848
6838,ENST00000251143.9,ENSG00000103544.14,C16orf62,19555240,19715383,18.671763714882708,3894,3998.24,193.141,1.08835,ATAGAAACTACGGCACTCTGGCCGTGGCCGACGTTGCTCCTCCGAAGC,17.156028589040943,4.100643720102242
6839,ENST00000261377.10,ENSG00000005189.19,AC004381.6,20806429,20849668,7.151342047138239,2722,2664.45,218.235,1.84535,AAAAAGCCCGCGAGGCTGAGGGGCGGTTGTTGTTGGCAGCTGTGGCTAAGGAGGGGAGAACCTCTGCTCCCCGCCCGTCTTCTCTTCTGCGTTTCCCGGGCTAGGGGGCGTGGGGAGTGGTTTTAGGCGGCGAAGCCGCTCGGCAGCACCTTCCTTCTTTGCCAGGCAGACGCCCGTTGTAGCCGTTGGGGAACCGTTGAGAATCCGCC,3.8753309925695607,1.9543195364373303
6841,ENST00000396014.8,ENSG00000197006.13,METTL9,21597218,21657473,8.499091130758888,1817,1555.76,460.472,6.66841,GGCTGCGCGCCGGCTGCTCCTCCCCACCCCCAGCCTTTGCCCTGAAGGGGGCTGGATGGGCAAGGCGGCCGCGATGGCTCGAGCTCGGGCGGTGGCGGCGGTGGCCGGAGGCGGCGGTGCCTCCTCCTCCTCGCCCCGGCGCCGGCGGTGATCCGAGCGAGCGGCCGCGGCCCCCG,1.2745303799194843,0.349965762090457
6842,ENST00000268379.8,ENSG00000140740.10,UQCRC2,21952660,21983660,279.2701955442601,2615,2418.69,1466.52,13.6607,ACTATCCAAAACATTTCTATTTTCCTAACACAAAAACTATAGCTAAGTTTTTATATTCTATGTAGCCCCAGCCTAGGACGTAAATTCCACGAGACCAAAAGCCTTGTGATGATTCCCCGAGGTTGCTGACCCTCCCGGTGTGTCCCGGGCCTGCTCTGGGGGACACAGCGGCGAATACGTTGAACGAGGCCCCTGTTTCACGGAGCTAAAGATCCAGTAAGGACTTCACCCAGCGAGAGGCAACTACGCCGGGCTTCGATACCCAATACCTCTGCAGAAAGGTGGAGTGGCAGGAATCTCCTGAAGCCTCCAACGTCCAGGAACGCGGAAACCCAGGGCCTCCAGTGCAGGTGTCATCCCGGAGGGCGCATGCGGAGTCCCAAGAGAGGCGCGTCCCATTGGACAATGCTGAGCGGAAGAGCCCAAGATAGCGGGGGGAGTTGTGACAGGCTGCTGCAGACGTACTTAGAAAAGGGGTGCATACTGGATATTCAGGCTAGGAGAAGAACGCAAAAAGCAGTGACGTACATTATTCTCTGCATATATTTACTTGGGAAATTGTGCGTCTCCCTATTCTGAGTCTTGGAGGAATTGGACTGGTCCAACCTTATAAAGAGAGCAGTAGAGCGCGGCAGTATAGAGAGTACCTCACGAAGGGGACGTGGGAAAGTGTTAGCGGGGAACGCTGGGAAACTCCCGGCCTCCGCCACCATCTTGCTTTCCTTTAATCCGGCAGTGACCGTGTGTCAGAACAATCTTGAATC,20.44332981064368,4.353558296547028
6843,ENST00000542527.6,ENSG00000185716.11,C16orf52,22007638,22087534,7.64020844707043,4360,3423.97,253.728,1.66956,GGGACTCCGGGCCCCGGCGGCGGCCCATGGGGCGGGAGGCGTGAGGCCGCTGCCTGTCCGGGGCTCGGGGGGTGGGGGGAGCGGGGCGGGGAG,4.5761808183416175,2.194144058359943
6844,ENST00000263026.9,ENSG00000103319.11,EEF2K,22206282,22288732,11.058450667391098,7388,9076.53,549.99,1.3652,AACCTAGACCAGCCCCAGCTTCAGCCTCAGCTCCCCTCCTTCCTGGATCGAGCGCCCGCACTCCCGGCCCTGCAGCCACCCGAGTCCCGCTCGCTGTCGCCTGCACGCGAGTCCCCCCTGGCACGCGCTCCCACATCCCGGGATCGTCCCAACGGCCCCTGCGCCCTTCCTGGGATCACTCCGACTGCCCCGCGCGCCCTGGGATCGGTCCATCTACCCCGCGTGGCCCCAGCTGCTTGCCCGGAGCGCCAGCTAGCGCTCCCCGCTCTCCGCTCCCCGGCACTCTCGGGGGGCCCGCCCGCCCTGCACCCTGGAGCTCCGGGCCGCGAGCCTCTGCCAACTCCTCTGGACCCTCGCGGCCGTGGGCAGCGGCTGCCGCGCCTGTCTGCCCGAGGGAGGACCTTCGCCTCTGCATTTGTCCAGTAACTCTGGCTGTGCCGGATACTGCTTGGGTAAAACGGGCACCCCAGGAAC,8.100242211684074,3.0179650477961517
6845,ENST00000299853.9,ENSG00000058600.15,POLR3E,22297375,22335103,24.84524768859829,3697,4212.98,585.407,3.13062,ACGTGTCCGCCGGAGTTTCTCCACCAGCAACATGGCCGCCGCCTGAGAGGAGAGCCGGGCCGCCGCCGTCTCTGCAGCCCGCGGGTAACTGGGCCGTTGCCGCCGTCCGCGCTCGGCCCCCGCGGAGAGATCGAGCTGAAGGACTGCGCGGCTGGCTCTCCTCTAGT,7.936206786067388,2.9884496171243944
6846,ENST00000567264.1,ENSG00000103353.15,UBFD1,23557362,23574389,8.962240726773098,642,501.49,28.4497,1.27814,GTTGTACACAATCATC,7.0119397928029,2.8098136086191867
6847,ENST00000300087.6,ENSG00000166847.9,DCTN5,23641392,23677455,107.39420149796754,11011,12167.8,1450.69,2.68612,GAGGCCGCCTAAAGGAGAGCCGCGCTGTCGATGAGTCCCAGTGGGCCACCTGGAGCGGAAGTGGAGGAGCGGCCGGAAGTAGCCGGAATCTCTGAAAGACTGACCGACTGACTCTGACAGGATCCGGGGCTGAGGGAAGGAGGCGGCGGCC,39.98116297781468,5.321248532900951
6849,ENST00000300093.8,ENSG00000166851.14,PLK1,23677656,23690367,226.81712963551465,2227,2811.94,3276.79,26.2545,AGTGGCGCGCAGGCTTTTGTAACGTTCCCAGCGCCGCGTTTGAATTCGGGGAGGAGCGGAGCGGTGCGGAGGCTCTGCTCGGATCGAGGTCTGCAGCGCAGCTTCGGGAGC,8.639171556705122,3.110892973460842
6850,ENST00000303531.11,ENSG00000166501.12,PRKCB,23836001,24220611,4.865790456658062,7969,8539.31,511.766,1.35024,GCGCGCCGCGGCCGCCAGAGCCGGCGCAGGGGAAGCGCCCGCGGCCCCGGGTGCAGCAGCGGCCGCCGCCTCCCGCGCCTCCCCGGCCCGCAGCCCGCGGTCCCGCGGCCCCGGGGCCGGCACCTCTCGGGCTCCGGCTCCCCGCGCGCAAG,3.6036485785179386,1.8494583289235902
6852,ENST00000452655.6,ENSG00000122257.18,RBBP6,24537693,24572863,32.86531683304109,854,452.441,61.8386,3.07935,TCTGAGGCCTTAGGGTCCTTCGGTGTCTTTGAGTGTTTTGTGTGTACATATTTTGCTCTTAAAGTTTATAAATATACGTATATTGAGAGTGTCCACGTCTCCTCGCTGAACCTTAGGAATCCCTTGGCACC,10.672809792014904,3.4158681341575807
6854,ENST00000315183.11,ENSG00000090905.18,TNRC6A,24610209,24827632,6.310533346627159,8303,8917.72,2033.58,5.13772,GGCGGCGGCGGCGGCGGCGGCGGCAGCGGGTCGGTGTAGAAAATGGCGCTGGTGCAGCGGCTCGGGCCTCTCCCCGCGGCGCTGCGGAGGGCTTGAGGCTCGCGAGCCTCCTTCGCCGCGCCCCACTTGCTCGTGCACTTTACACAC,1.228275061044035,0.2966336753397745
6855,ENST00000399069.7,ENSG00000205629.11,LCMT1,25111729,25178231,42.85138973426854,1368,1293.6,387.676,6.75195,CGGCGTGGGCGGCGTCACTGAGCCGCGCCAGCTGAGCCAGGTAGGGCCCTACCCTCTTCTGTTGCTTTCTCCCTGTGGCTCGCGCCGTCCCCCGCCGCCCGTCGACCCCGCTTCCATGTCCCTGGCGGACACAGCTCCCAGGAACCTCCACGCCC,6.3465205954233275,2.66596586818756
6856,ENST00000317058.7,ENSG00000176476.8,SGF29,28553915,28591790,28.52810717840402,1153,1298.37,291.921,5.06555,CGCGCGACTACGCTCATAAAAGGAAAAAAAAGCGTGTGCGGTTCTCGACGTGCCGCCAATCTTCGAACGCAGGTCTGTGATCATCCGCAGACTCCGAAAAAGGGTTCGAGGAACGCGCCTGCTCCCCTCGTCGCAGTTTCCAGCCCGACGAGCTTGTTTTGTCCCGGACTCGGTGCCCCTGTAGACA,5.6317886860072495,2.4935932026952394
6861,ENST00000570200.5,ENSG00000168488.18,ATXN2L,28823035,28837237,35.7425802508253,3635,5168.3,583.292,2.54273,CTGCCATC,14.056773723842207,3.8131936034712837
6862,ENST00000359285.9,ENSG00000178188.14,SH2B1,28846600,28874212,8.85947455372991,3033,4838.12,293.676,1.36759,CCTTCAGCGACGGGAAAGGGGGTCCTGACGCCTGCGCGGAACCGGGCTGGGCGCTCGTCGCGTAGTGGGTGGGGGCGCAGGGAGCGGGAGCCGCCGCCGCCGCCGCCGCCGCCGGAGCTAACCTCGGGGACCGAGATGCAGCTGCTGCCGCCCACCCCTCGTCTTCTGGCTGCCTCCCTCTTTGTGCCCCACAGGCTCCCCCTCTCCACCTCCTGGGGCCCATC,6.478165644476714,2.6955853578227926
6863,ENST00000320805.8,ENSG00000176953.11,NFATC2IP,28950807,28967097,27.644839277868783,4569,5294.89,1198.39,5.09922,TGCAAGGCGAAAGTCGCTGAAGGGGGCGGGGCGAGGCGAGAGGAGGCGGGCGTGTGTTGTGGAGGAAAGTGTGCC,5.421385874284456,2.4386616962991035
6864,ENST00000395384.8,ENSG00000103485.17,QPRT,29662979,29698699,63.58634385721319,2343,3256.22,551.037,3.81267,GGCCTGGCAGAGGACAGGAGGGAGGCTTGGGGAGCCTGGGAAGGGCCGGCTGACAGCTTGATGGGCCCTCCCTCCCTCCACAGTCCCACCCCCAGCCTGGGGCCTCTGGGAGCCTTGGTCCTGAGCAGCCAACACACCAGCCCAGACAGCTGCAAGTCACC,16.677641615249467,4.059843386635076
6865,ENST00000160827.8,ENSG00000079616.12,KIF22,29790719,29805385,115.00435272554074,2113,2732.15,2067.95,17.0529,GGAATTCGAATGGGAGAGGCGGGCCCAAGGAGGGAGTGGA,6.743976257735677,2.753599457260527
6867,ENST00000219782.10,ENSG00000103495.13,MAZ,29806106,29848039,95.89039328947162,2698,3802.47,4327.48,25.6407,CGCGGCCCAGCCCGGCCGGCCGGGGGCGGCGCCCCGAGCCCGGGCCCCGCGCGGCCCGCGCCCCCGGCCCCCGCTGAGCCCCGGGGGCCCCGCTGCGGCCGAGGCC,3.7397728334043774,1.9029506385421784
6868,ENST00000566848.5,ENSG00000149932.16,TMEM219,29940885,29973052,7.756435438771184,1292,1595.17,79.2574,1.11943,ATGGATTCTTAAGCTCACAGAGTCAGTGAATAACAGAAAGGGATTCAGATCTAGCCGTTTAGCTGCACAGTGGAGTTCTTCTCCAGAGTCTTCCCTTGTCTGGGCTCTGGCTGGAACTATTCCTCAGCCAAATCCTCGCCCCAGAACAGTGCTTCCTGTTTCTCCAGCTGAGAAGTCTCCCTTTCAGTTTCCTTCTTCCAGCACGGAGTACACTGCTCTGCCTCCACTTAGATTACTTCAGAAATGAAATGCAGCAAATATTTATCCAGCAGTGCAGGGAGTTGAACTTTTGGAGTCGGGAACCTTGGATTCTTGTTCTGGCTCTGCCACTTACTGTGTGGCCTTGGGAAGTCCTTTGTCTTCTCTGAGCTTTCTTTTCTCTTTGCGTAAAAGCGGTGCTCTTGTCCCATTCTCCCTCCCTGTCTTCCAGCAGGCTCTCCCCGGAGGCTCAGCCCCCTCTGCTCCCC,6.928915107484331,2.7926294805618017
6870,ENST00000279394.7,ENSG00000149930.17,TAOK2,29973641,29992261,7.677287189220618,4246,6352.92,429.516,1.52324,AGAATTTCAAATATCAGGTTCAGGCCCCTGCGTGCACCAGTATCCGGGGTTCATTCCCCGGGCGTTCAAATATCGGATTCAGTCTCCATCCCGTTCAGATATTCGGGGTTCAGACCCCACAATCAGAAATCCGGAATTCGGCAGCTGTCGCCCTCGACGAGGGGGAGGACTGGACCGCGAGGTCAGATTAGGTTGTCACCCCCTCCCCTCCAGGGGAGGCTTCCCGGGCCCGCCCCTCAGGAAGGGCGAAAGCCGAGGAAGAGGTGGCAAGGGGAAAGGTCTCCTTGCCCCTCTCCCTGCTTGGCAGAGCCGCTGGAGGACCCCAGGCGGAAGCGGAGGCGCTGGGGCACCATAGTGACCCCTACCAGGCCAGGCCCCACTCTCAGGGCCCCCAGGGGCCACC,5.040103456592933,2.3334533477691783
6872,ENST00000563197.5,ENSG00000169592.14,INO80E,29995294,30005793,36.70051126934753,2103,2920.92,284.901,2.19753,AGCAAGCCCCGCCTCCGCCTCCCGCGGCCCAGGCTCCGGCCCGGCACACCTGCATCTTCAGCAGCTCCTCCTCCACCAGCCGCTTCAGTGCCTGCTTCTCCTCGGGCTCCAGGTGGCTGCGGCCCGAGTGAGCTAAGTACCTCCGCCGCACGATGGAATGCGTAAGCGTGCTGCAGGGACATGGTGTCAGGACGGAGTCCCGACCCACCCGCGCCCTTTCCAACCCCATCTCCAACCCCCTGGGCACCTGAGGTCCGGGCGGCCTCGGAAGAAGCTACGGGTGAACTCCTGCATCTCCTTCTCCCGCGCCATTTTGCTCAACCCGGGATTGACGGCTCCCGCCTTTTTTTCTTCTCGGCCTCCGTCAGCGCGTTTGACAGCGGCTCGCGCACGCGCAGTGCTGCGGCAACGTGGGGCGAGGGACCGTTGGCCCTTGGCCGCGGACCGCGTGGGCCGAGAACTTTGCCAGACGAGACTTGTTTTCTCTGGGCAGTTGGAGGGTCTCGCGGCTCCTACCCTTTTTTGGAACGGATCATTTTAAAAGTTCTCGTTAGAAACCAATTCGGCGCCGGCACCCTTTGGGTGAAACCTAATCAGCCCGCGACGCTGCCTTTCTCACTGGTCACGGGCAACAGCTAGGCTGCTGTTATTTCGCAAGGCAGAAGAGAAAAGGCATCCTCGCGAGCAGATGAGGAACCTCGGGGATAAATCCTTTTGTGGCTTCAAGTGTCTAAGTACATTAGAGTCAGGAACGGCGCTTTCCAGCGTCCGCCATTTTTGTGGCGTCACCGCGTCGCTGCTACGCCATCCCCAGCGCAGTGGCTGCCGCGCTCCTGTCCCAGTGTCCCCCGGGAGGTCGGCCCGTGCGGTGACGCCCCTGAGCGCGGGGTACGCCGGGAGTTGTAGTCCTGACGGCACAGCCTTGCAGCGTCTCCGGAAGTGGAGGCGGGAGCGGCACGGCAGCCACTGCTTGGGGTAGCGGGAGGGCAGACTCTGGGCGCCACTCCCGGGCCGGTC,16.70080102175967,4.061845395335557
6874,ENST00000569798.5,ENSG00000149925.17,ALDOA,30053090,30070457,188.6059755467864,1499,2078.46,434.296,4.70767,CGCCGCCCCTTCCGAGGCTAAATCGGCTGCGTTCCTCTCGGAACGCGCCGCAGAAGGGGTCCTGGTGACGAGTCCCGCGTTCTCTCCTTGAATCCACTCGCCAGCCCGCCGCCCTCTGCCGCCGCACCCTGCACACCCGCCCCTCTCCTGTGCCAGGAACTTGCTACTACCAGCACC,40.06355066238424,5.324218381639909
6875,ENST00000279387.11,ENSG00000149923.13,PPP4C,30075978,30085377,292.9274869237301,1407,1672.1,2030.3,27.3565,CGGGGCCGGAAGTAGGAGCGGCGGCGGCGGCGGCGGCGGCGGTCGAAAGCGGAGTGAAAGAGGGAGGCAGGGAGCCGGAGAGCCGGAACCGGAGTCGCAGCGGCGGAGACCCCTGTGCGGTGCGGAGGGGGCGGCGGCCCCGACTCTGACCCGCGCCGGGGGTGGGCC,10.707783778031915,3.4205880069735928
6876,ENST00000319296.9,ENSG00000179965.11,ZNF771,30407297,30431108,33.10286718443372,2371,3040.45,232.507,1.7229,TTTCGGGCGGAGCAGAGGCACTGGGCGCAGCGGAGACCTCCAAGCCGGCCCCAGGAGACGGGCCGCGAGGTTAGGTTGGAACTCGGCGGCAAGGACCTTGAACGCCGGGCTGGGGCGGCTCCAGGTGCTTGGGAGTCGGGGGACTGCGGAGGACGCCAAGTCTGAGCTCGCCGCCCTCTCCGAGCCGTTTGGGCCGGACGCCTGGGTCCTTCGGGCTCCGCCCCAGGGGGTGGGGCTATATGTTCGGACCAATGACCGGCCGTCCCTGCGGTCCCGCCCCCTCCCCGCCCCCGGAGCCGCGGCCTCGCTGAGTGCCCAGCCGCCCGGCGCCCAGGCCTGGGGCACCGCGAGTGCCGAACCTTCGGCTGGACACCAAG,19.21345822998068,4.264045307915582
6877,ENST00000300835.8,ENSG00000156858.11,PRR14,30650717,30656440,56.350698173070455,2198,3287.59,524.946,3.59749,GAAGGAAACTTCTGAACCATCTGGTCCCGGGCCGGGGGAGACCGCTGGGCGGGGACGCGAGGAGGGAAGGGGCGTCTGTGGGCGGGACCTCCCGGGATTGGAGTGAAGAGGGTATCTGCTTGACAGTGGATCCCTGGGGATCTACGCTGAGTTCGGAGATGCTCCAGCTCGGGCCGCCCCTGTCTGAGCGGAGCTTTGCGGCGCTGAAGCTTACAGGGGAAGGAAAAGCCTCGCCCGGCGTCTGATTGGCGGAACCGCGCTGCCGCAGCCTGGGATTCCCCAGGGACCCCCCCGGAGCCGCCGCGTCTCCC,15.663892928978386,3.969370903389013
6880,ENST00000356166.10,ENSG00000156860.15,FBRS,30658431,30670814,14.720667628825163,5200,8491.54,733.368,1.9458,GAGAGAGGAAGGAGGCGTAGGCTGAGGAGGAAGAGGGAGGAGGGGTAGGGAAGTCCTGGCGGAGAAGCGCCCTAAGACTCCAAAGGAGACAACAGGAGTTTGTGCTGGAGCTCCCCCGCTGCCCATCGGCCGTTCCGGATCCCCTAAGGCCCAAGTCGGACAGAGACGGAGGAAAGGAGGAAGAGACTTTTATGTCGGCGGACAGGGGAGCTGTACCCGTCACCGTTGCCTCACATCCGGGGCTTTGGAGGGCTGGCCTCGCTGCCCCGCCCCGCCTCGCGCCTTTCATGGCGACCGGAGGCGGAGGCTGGAGGAGCTGGGCCCGGAGGAGGCCCCTTTAAATCTCCTTAAAGGGGTGGCCACTGAACTCGGCGGACTGCAACGCCAGCCTTAAAGGGGAAGCCGCCGAGCAGACGCTGACAAATTGAGAACTGTGCCGTTGGGAGAACTGGGGCGAGTGGGGTTTTTCTTTACGTCCTCCTCCCCCACACACAAGAAGTCTTTTAAATTCAACTTAAAGGGGAAGTGGCCGCTTGTGGAGGACTAGAAACTAACTCCGAGCCCTTAAAGGGACGGCCTGCTGTTAGAAGGACCCTGGACTCCTTAAAGGGGTGGCCTCTTTGAGCCGGAGGACTTGAGACACTTTTAAAGGGGAGGTCTGCGTTTCGGGGCGAGCTTTCGGCCCCTTTTAAAGGGGTGGCCCTTCCTCTTCCTCGGGGAGACTTGCATCGACCCCTGGCAGGGGGTGGCCACCGCACTAGGCCGCCGGACACTGTCGGGTCGTCTTAAAGGGGCCGGGAGCTGGACAACTTGGGGCCTCGCCTTAAAGGGACGGCCGCCCCGTTTTCGCCGTCGCGGCCCCGCCGAGCCCGCAGGGGGGGCCCTCGGGCTTGTCGCCCCGGGGGCGGCGCCGGCTCCCCGGGCCGTGGCCTTGGGGCAAGCTCGGGGCCAGCAGATCCGGCTTTAAAGGAGAAGCCGTGGCCCTCTCGTCACTGTGCAGCCGCCAGCGCCGCGCCTGCGACCCCGGGCCTGCGGACAGGCCGCTTCGGGCCCCGCCGCCTCCGGATGCGGCGCTGAGGGCGGTCGCC,7.56535493309958,2.919407768920614
6881,ENST00000411466.6,ENSG00000080603.16,SRCAP,30698209,30761176,93.70786132885766,836,1057.38,185.543,3.95344,GCGGCCGAGACGGCGGCGGCCATTTTGGTGAGGCCTCGGGAGCGGCAGCGGCGGTTCGCTGGGAGTAGCGTCTGCCCTTTTTCCCACCCACCGTCCGCATCTGTGTGCTGCGCGAAGAGGCAGTGGAGGCAAGGCGGTGGCAGTAGCCGCAGTCTCCAGGGGAGTTTAAAGGCCGCGAAGGCGGTGGCCAAGAGGGGGCCCTCCCCCCTCCTAGGCGGGAGGGGGGGTGGTGCGCACGCCCCCGAGGACGCAGGTGTGATTCCCTTCAGTACGGCGGCACCGTGGAAGTGCAGACTTTCACAGGGGGTGTGGTCTCAGCTCACACAGGTGCTCCAGAGGCTGGTGGACCTGAGCGGAGGCTGGGACGCCCTGGTGGGCCCCGGGCCCTGGAAGGCGGGTCCCGGTGGCCGGTGGCCCAGAATGAGGCCAGCTCCCAGCATGCCCTGCAGCCGGACGCCAGCCCCTCGGCCAGCAGTACTGGTGATAACAACCCAGTCATTCTTCAGGCATCCAAGGGGGAGCCTGGGAGTGGGACC,23.70286670060951,4.566989648721701
6884,ENST00000328273.11,ENSG00000156873.15,PHKG2,30698209,30761176,1.5853229073779798,1536,1815.57,201.478,2.50022,CGGCGACAGCGCAGCTCGCGTCGACCCTGGCTCCTCTGCCTGCCCCCTCAGGCCCCCGCCTCCTTCAGG,0.6340733644951163,-0.6572783200276211
6885,ENST00000324685.10,ENSG00000103549.21,RNF40,30761745,30776307,59.2113361422522,5634,8239.48,1346.1,3.68079,AACGCGCAGATACGTGAGAAGTTGCGAGTGCCCACCTGGGCGCCCTCTCTTCCAGGTTGCTAATACGAGGGCCGGTGCTGTCCTCCAGGCTGGGAAGTGGGAGCGCGGTGTCAGTTACTATGGGAACTGCCTCTTGGCCAATCACCGAGAGAAAGAGGAGGTGTTTGGGAAGAAGCCAGAGGACCCGAGTGGCGGGACCAAGCGTAACCAATAGAAGCAGAAGATAAAGAAGTTTCCTCACATCCGGGGCTGCCTTTGGCGCCTGCGCCCTGCGCACCGTTGGGGGGGGGGCAGTGGCGTCCAGTGACGCCCAGTGACGTCCGGTGAAATCCAAGATGGCGGCGCTAGGCTGACCCTCCTGCTGGTGACGGAAGTACCGCCTCCTCCCGTTTGACGCCCCTCAGGGGACCCTGCATCGCTCCAGCCGCCGCGGCC,16.08658362532288,4.007786062332132
6887,ENST00000262519.12,ENSG00000099381.16,SETD1A,30957294,30985116,17.118860451203318,6903,10674.6,1792.34,3.78296,ATCCTCAGAATTCCTCGGGTCCCTCGATACTCGGCTGAAAATTCTCATCGGACTCTGAGAGGAGCGCTGGGCTGGAGGCATTTTCCCCAGGGACAGAAGCGGGCTATTCTCTCACTTGGGCCAGTAAGAAAAATCCAAAAAAAGTTGTCGACTCTGCCAGCAGGGATTGGCTAACGGGCCGTTATTTTCTTGACTCCACCAAGGCGGATGAAGGGGAGGCTACGGCTGAGGCCGGGAACAGTGGCGAATCTGCAGCCTCTCAGAATTTGGCAGTGCAAGGAAGGGACGGGGAAGAGAAGCAAAGCGGCGCGCATCCTGTCCAGCGATTCGCCCCGCCCGCCCGGTGAATCTGCGTCTGCAGAACGCGCCACTGAAGGTTCCCCAGCGCTGGCTGGCCTCCTCCCCTCCGCCCCGCCCCTTTTCCTCAGGGACTAGTCGCAGCTTTCGTCGCCGCCGATTCGTCAAGGTCCCGGGCCGCAGCATCTAGATCGTCGTGGCGAAGCCGACTCTCCGGGGGATGCGGCCAATCTCCAAGCTCCCTGGGCCGCAACTTCCGAGCCTCCCAGGGCGCCGGCCGAGGCGAAGCCGCTACCCTCGGCCCCGTGGGTCCCCCGGCAGCGCCTGTGGCGAAAGTGCGAATGCAGACCCTGTGCCCGCTGGGCCTCGCGCAGTGTAAATGAGCAAAG,4.525255474867119,2.1779992423438497
6889,ENST00000313843.7,ENSG00000103496.14,STX4,31032889,31042975,14.090909486372531,1481,1707.22,240.523,3.17415,CCCAGCCTCGGGCAAGGAAGAGACGCGACCATGTGCGCATGCCCCGAATTTATCACGGAGGGGCGGGGCTGAGGCTGCGGGAGCTGGAGCGGGGAAGAAAAGGGAATTCCAACCTGTGGAACCTTGGGGGGTCCCCGGGGTCGGCGCCTTCCCATTGACTGTGGGCGGTGCAAGGGACGGAGCCTCTGGCGGCTCGTGGGGGTGTTGGGGTCCGCAGGGGGAGGGAGGGGAGTGTCAGAGTGTGAGCGGGGTACGGGAATTCCAAATTTGAGGGCCTCCCGGCTCTGGCGCCGGGGAGGGAGAGCTCAGGCCGCC,4.439270194027545,2.1503225202693708
6890,ENST00000219794.10,ENSG00000103507.13,BCKDK,31106107,31112791,69.71550622347006,2128,2968.8,478.746,3.63317,GGCGTGGCCTGGATGCGCGGGCGCCCGGGACGGCACGTCCTCAGACCAAACTACAACTCCCAGGACCCAGCGGGCGCTGCCGCCCACGCGACGTCACGGCGGCGGAGGGCGCAGGCGGCTGGGCGCCTGGCGAGTGGACTGTTCGAGCCCTTCCGCTGGGACCCGGGCCCTGGCTCCGGCCCCGCGATGGGAGCTGCTCTCCGCGGGCTGAGCCTGTCAGCATCCTCGACGCACCCTGGTCCCTGAAGTCGGAGAAGAGCCCCTACCCACCCACACCCCCTTGCCCCATTTTGGGTCGCCTGGGTCCTCAGTCCTAGCGGATCCTCAGTCCTAGCGGCCACCGGGTCTGAAAGGAGCAAGACG,19.18861661399551,4.262178800372222
6891,ENST00000254108.11,ENSG00000089280.18,FUS,31180110,31194871,410.9320351970997,5119,6215.69,349.834,1.26804,ACTTAAGCTTCGACGCAGGAGGCGGGGCTGCTCAGTCCTCCAGGCGTCGGTACTCAGCGGTGTTGGAACTTCGTTGCTTGCTTGCCTGTGCGCGCGTGCGCGGAC,324.06866912486964,8.34015573778897
6893,ENST00000300870.14,ENSG00000185947.14,ZNF267,31873758,31917357,5.165514494489362,3317,2400.14,773.93,7.26487,GGAGAGCAGGGGCGGCTTCCGGGATTTGGCGGGGGCCTTCGTCGGCTCCAGTTAGAGCTCGGGTCTCCTCGCCACAGCTCCGAGTCTTTCGTTCTGGGAGGCCCAGGCGGCTTCGCGTTCTGAGAATAAACAGAACCTCTGTTGCTCTGCGACTTGCAGGCACTGGGAGATTCGTAGCTAAGACGCCAGGGCATCCCGGAAGCTGGGAA,0.7110264181588056,-0.49202493076891707
6894,ENST00000219097.6,ENSG00000091651.8,ORC6,46689643,46698394,125.22326497185124,1628,1423.1,483.806,7.65945,GCGCGCGGGTTTCGTTGACCCGCGGCGTTCACGGGAATTGTTCGCTTTAGTGCCGGCGCC,16.348858595832763,4.031118011612987
6895,ENST00000340124.8,ENSG00000166123.13,GPT2,46884378,46931297,26.316638871885868,3984,5315.9,675.534,2.86307,GCGGGGATGCGGCTGTGGGCGCCGGGGCCGGGTAGCTGCTCCAGGCGCGCGAGCTAACCGAGTGCGGCGAGGGCCTACCAGGGGCGACAGGGTTTCTCTCCGCAAGCGCGCG,9.191755308772006,3.2003403929013574
6896,ENST00000566044.5,ENSG00000102893.15,PHKB,47461123,47701523,25.89403587628975,3829,3499.65,769.196,4.95193,CGGCATTGCTGACAGGCGGCCCCGGGGGCGGTGGCCAAGGCGGCGACCGGAGCGCGATGGCGGGGGCGGCGGGACTCACGGCAGAAGTGAGCTGGAAGGTCTTGGAGCGAAGAGCTCGGACCAAGCGCTCAGTTTTAAAATTGCTATAGCTTAGCCTGCGACGCTTATGATTAGAGCCAACAATTTGAA,5.229079546013322,2.3865570169749732
6899,ENST00000285737.8,ENSG00000102910.13,LONP2,48244296,48363122,62.12179438102322,8199,8117.17,1672.62,4.64253,AGGCGGGTCTGAGGTTTGGTGACTGCGGGGCAGGCCGGGGGCAGCTGTCTGTCTGGCTCTTTTTGACAGCCCCCAGTGCGAAAGGCTGCCAGC,13.381021637129587,3.742116364420748
6901,ENST00000427478.6,ENSG00000205423.11,CNEP1R1,50024410,50037088,12.847327140623062,2117,1677.56,182.651,2.45306,GGGGCAGCGGGGAGCGGTTAGAGGTGGGAGTTGGCGCTGCGGGCCGGGCGGGGGCCGCGGAAGCTGCGATGCGGACAGGGCAGCGGCGGTGACCCGAGCTGCCGCCCGAC,5.2372657581237565,2.3888138142963897
6902,ENST00000299192.7,ENSG00000155393.12,HEATR3,50065941,50106387,30.13233848156781,3560,3400.25,712.115,4.71847,ACCCCGCCCCGCCCCAACCCCGACCCGGCAGACGACGCGCCGTGCGCCTGCGCACGGCTTGCCCATGTGTGCTGCAGCCGTCAGCCGGCCCAGCTGAGCAGCAGCAACGGACCTTGTTAACGGCGCGGCAGCCTCCACCGCCTGCTGTTGCCCTCCTCTCTCGGTGGTCTGTCCGCCCAGCGCACGTCACC,6.386040068405184,2.674921604944979
6903,ENST00000436909.7,ENSG00000121274.12,PAPD5,50152918,50235310,21.819359539350845,4635,3998.46,556.503,3.13571,ACAACGCGCTCCCTGCGGGGCGGGCGGCAACCTCC,6.958347404368021,2.7987447091456774
6904,ENST00000262133.10,ENSG00000103479.15,RBL2,53433977,53491649,18.22846308602413,4906,4675.93,1483.97,7.15023,GTGCCTGCAGGCGGTCAGCGTCGTTTGCGGCGGCGCAGGCGCGGTGCGGGCGGCGGACGGGCGGGCGCTTCGCCGTTTGAATGGCTGCGGGCCCGGGCCCTCACCTCACCTGAGGTCCGGCCGCCCAGGGGTGCGCT,2.5493533894747626,1.3501313725381283
6905,ENST00000262134.9,ENSG00000087253.12,LPCAT2,55508998,55586670,28.702128933086936,5391,4245.43,404.454,2.14639,AGAGCCTGGGGCGTGTCACAGCCGAAGGGGCAGGGCGGCAGCAGCAGGCGTCTAAGTAACTTCAGCGCCTGCGCAGAGGCTCCCCAGCGTCGCCCTAGGCTGGGACTCTAGTAGGTCTTCGGCTCAGTTTTGGCTGCAGCGCCCGCGTAGATCGCTTCGGCCGGGTTCTACGCCCGGCTCAACT,13.372280402483677,3.7411736070515835
6906,ENST00000566157.5,ENSG00000087263.16,OGFOD1,56451490,56479100,85.18800305454475,4647,4363.68,788.599,4.0716,ACTTTGGTGCTTCCCATTGGGTAGGGCCGGGAAACACGATAAAGGGGACATGCCGGGAGTTGCAGTACCCTCAGGAAGGTAGCGTCTTGATCTGCGTGGCGTGGTTCTGTGCCTTGGGAAGAG,20.922488224419087,4.3869825303902195
6907,ENST00000245185.5,ENSG00000125148.6,MT2A,56608199,56609497,77.57773675675715,786,851.222,373.437,9.88408,AAGCAGCATTCCCAAGTCCCGCTTTCACCCGCGCGCTAACGGCTCAGGTTCGAGTACAGGACAGGAGGGAGGGGAGCTGTGCACACGGCGGAGGCGCACGGCGTGGGCACCCAGCACCCGGTACACTGTGTCCTCCCGCTGCACCCAGCCCCTTCCGCGCCGAGGCGTCCCCGAGGCGCAAGTGGGCCGCCTTCAGGGAACTGACCGCCCGCGGCCCGTGTGCAGAGCCGGGTGCGCCCGGCCCAGTGCGCGCGGCCGGGTGTTTCGCCTGGAGCCGCAAGTGACTCAGCGCGGGGCGTGTGCAGGCAGCGCCCGGCCGGGGCGGGGCTTTTGCACTCGTCCCGGCTCTTTCTAGCTATAAACACTGCTTGCCGCGCTGCACTCCACCACGCCTCCTCCAAGTCCCAGCGAACCCGCGTGCAACCTGTCCCGACTCTAGCCGCCTCTTCAGCTCGCC,7.8487564605666025,2.972464094731819
6908,ENST00000308159.9,ENSG00000102900.12,NUP93,56730105,56850286,103.1133833331661,2741,2934.8,1569.41,12.0481,GGGAGCGGCCAGCCTTGGCCAATCAGGAAGCGGGGGAGAGCGGCGCGAGAAGCGGCGGCCGCGTCCTCAAGCCGGCACCTGAGCGGCGGAGACGGCTGTAGCACAAGGATCTGCATCTCCA,8.558476716923506,3.0973540409603113
6909,ENST00000300302.9,ENSG00000051108.14,HERPUD1,56932048,56944863,1.3646645556639465,1862,1838.21,493.41,6.04747,AGAGACGTGAACTGTCGTTGCAGAGATTGCGGGCGGCTGAGACGCCGCCTGCCTGGCACCTAGGAGCGCAGCGGAGCCCCGACACCGCCGCCGCCGCC,0.22565875575471173,-2.147785337436742
6911,ENST00000394420.8,ENSG00000159579.13,RSPRY1,57186137,57240475,29.90624514222111,3547,3134.63,379.997,2.73122,ACTGAGGGAGGGCTGGGGCGGTACGAAGCGGGGGTGGGCTCTGCGCGTAATGGCAGCGCCGTGGCCTCGCGTCCATCTTTGCCGTTCTCTCGGACCTGTCACAAAGGAGTCGCGCCGCCGCCGCCGCCCCCTCCCTCCGGTGGGCCCGGGAGGTAGAGAAAAACTGCCATTGGATGTCCAGAATCCCCTGTAGTTGATAATGTTGGGAATAAGCTCTGCAACTTTCTTTGGCATTCAGTTGTTAAAAACAAATAGGATGCAAATTCCTCAACTCCAGGTTATGAAAACAGTACTTGGAAAACTGAAAACTACCTAA,10.949775244111096,3.4528293521536155
6913,ENST00000219204.7,ENSG00000102931.7,ARL2BP,57245098,57253635,117.82849946571004,2130,2023.99,1557.86,17.3413,AGGAGGCGGGGCGCCGCGCCCCTCCGGCAGTCACCGAGGCCCGGACCTGCGGCGTCGGCGGCGCGCGCAGAGGGCCAGGCGGGCGTAGAGGCCGGACCGACGCGTGGCGGCAGAGGGTATCCAAGGCCGGACCTGGCGCGCAGGCGCTGACCCGACCTGGCAGTGAGCTGGCCGCGGCCTTGGCTGAGAGGCCTTAACCCCGCCGGGCGGCCGCGCCCTGCATGCGAGTTGGGCCGCGGGCGGGGTTGGAGCCTACTCGGGGCGACTGCG,6.794675108885149,2.7644045693876524
6914,ENST00000262507.10,ENSG00000088682.13,COQ9,57447425,57472010,26.902000331110862,1677,1985.69,692.841,7.86112,CGCCCTCCTTAGGGCCGTGGTCCCGTAGCTACCGGTCGCGTCGCCGTGGGCGACGTGCCCGCTTCCAAA,3.4221587167109604,1.774906672305931
6915,ENST00000219252.9,ENSG00000102978.12,POLR2C,57447425,57472010,160.00612097019854,2057,2227.44,1288.79,13.0358,ATGGACAGTACAAACAGTACTACCACGAACGTCCCTGCACTCGTATCTTTGTTTACAACTGCAAGTGTTTCTGCAGTATGAATTCTTAGAAGTGTTACTGTTAAGTGAAGGACGTATGCGTGTTTTGCCAAACTACCCTCCGAGATAGCTGAATCTGGTACATTTTAAAGCAGGAGGCCGCAGAAGACGCTCGGCAGTTCTGGCCTCCGAGCAGCAGGCGGCGCTGTGAGTCGTCTTTGCGGAAGCCGCGGAGGCCTCGCTGACTGACTTCCGGTGTTGGCGGTGGCGCCGCGCAGTCACCGCGGAGCAGACGCGGAGGCTGGTGGCCCCTGGGCGAG,12.274361448487898,3.6175760677725655
6916,ENST00000379661.7,ENSG00000140854.12,KATNB1,57735730,57757250,29.300167963502226,2664,3969.95,910.293,5.16605,GGGCTCTGAGCCGGAGGTTTTGTTGTGAGGGTCGGTTGTCAAGCAGCGGCCAATCAAGGCAGGGGATGGAGGCAAGTGGGGGTCGCGCCTGGAGCGGAGCCTCGGCCTCCGGAGCCGCAGCTGCAGCCCTGTATTGAGCTGAGATGGCTCGAGCCTAACATTCCATGATCCAGGATCGTGACAGATGTGCACAGGCTGCTGCTGTTGCTGCTGTGGGTAATTTGGAACCACGAGGCACCCCAGGGCCAGAAGACGAGGCATTCTGTCTGCCTGGATGTGTGGGAACTCTCTGCCAACTTGATTGGTGGATCTGGGGGGGGATCCACCCCCACCCCACGAGGAAAGCACAGTTTATTTTGTGGGTGGGGCTTCAGGTGCCAGCCAGCTGAAGG,5.671677193117028,2.5037754230671836
6917,ENST00000219281.7,ENSG00000103005.11,USB1,57999546,58021618,10.827895677801624,2282,3126.65,631.358,4.54944,GCGGTGCCAGCCCAGGCCCCGCCCCTGGGAGGGCGCTTCCGGCACAGCGGAACTCCGGGTGCCGGTTGAGGTTGCTGGTGGACCTGCTCTGGTGGTCTTGGATGAGGCCCC,2.3800502210825125,1.2509920159459358
6920,ENST00000318129.5,ENSG00000181938.13,GINS3,58295080,58406144,44.11733580865239,2274,2359.02,471.915,4.50706,AGACTTGATCGATTGCTTCTGCCTGGGCGGTACCGCCCGAATTGACTGCTCCTGTCTGATGCGTCCCCGGGCGCGGGAAACGAGTTTCAATCCACTTTCCTGACCCCAACCATCCTGCCCAGTCTCCGCTTCCCCGTCTTGTACACCCCTAACTCCTGAGGCTCCTCCGAATCACGCGAGTGGAAGCGGAGAAGCTCAAGTGGCCGCC,9.788495340344348,3.29108710989467
6921,ENST00000258187.9,ENSG00000103034.14,NDRG4,58462846,58513628,3.08595969926549,3324,5017.51,224.909,1.00991,CCCCAGCCCGGCCTCCGCCCCTGCAGCCGCGGGCACGCGGAGGGGCTCCTGGCTGCCCGCACCTGCACCCGCGCGTCGGCGGCGCCGAAGCCCCGCTCCCCGCCTGCGCGTCTGTCTCGTCCGCATCTCCGCGGCCTCCTGCTCCACGACGTGACC,3.055677930969581,1.6114924910571988
6922,ENST00000310682.6,ENSG00000103037.11,SETD6,58515479,58521181,3.2132848597875943,2042,2085.19,138.581,1.49734,AGAGACGCCGGAAGTGACCGCGCGGTGCGCCGGCCCGCGAGGAAACGCGCTCTTAGACC,2.1459954718284386,1.1016470319296874
6924,ENST00000351137.8,ENSG00000217555.12,CKLF,66552563,66579137,21.258598473605872,508,286.351,55.0769,4.33345,GCAAGAGAGCGGGAAGCCGAGCTGGGCGAGAAGTAGGGGAGGGCGGTGCTCCGCCGCGGTGGCGGTTGCTATCGCTTCGCAGAACCTACTCAGGCAGCCAGCTGAGAAGAGTTGAGGGAAAGTGCTGCTGCTGGGTCTGCAGACGCG,4.905698340492188,2.294458522917865
6925,ENST00000311765.3,ENSG00000172840.6,PDP2,66878589,66895754,54.79107884301008,7146,7192.34,951.582,2.98084,AGCACCCAGGCAGGGGGTAAGGGGCGGTGTTGCCCCCTCCCGGGTCCCGCCTTTCTGCCCGCCTCTCATCCTCTTTAGCCATTGGGCAATACCTCTGTCCATCAAGGGCCCGCCTCCGCAATTGAGCCAACCAGGGCTGGCGGGAGGGCGCTTCCTTCTGGAGCTGGGTCCTGACTAGGGACCGCCTGGGTGAGGTGAGGACCTGGTGGCCGCAGTTGTGGCACTGTGCGCAGGCGCTGAACTGACCGGACGGAGCGGGCGGCTGTGGCCTCGCCAGCTGGTTTAAAAATATCCTTTTTTGCTGAAGGAACACATTTGCTGGTATAGTTTCAGA,18.38108682217431,4.200150166552719
6926,ENST00000317091.8,ENSG00000172831.11,CES2,66934444,66975148,2.5629542064607067,3927,5388.63,868.143,3.62974,GTCGCGCGAGGGACACGCCGCGTTGTGGGTTCTCGGCCTGAGGTGCGAGAGAAGCGGTGACCGCGGCCCTGGCTGCTCGGACCCGGGAACATGATGGTCGCTGGAGCAGAAGGCGCTGAGAAGGGACCACGGCGGCGCTGGGTCGTGCGAGCCAGTAGCGGGCTGAAACGTAGAGGCCAGAACCAGGTCTCAGGGGGCACTAAAGGCGGTCGGAGGTAATCCCCACACCGCTTCCTCCTGGAAGTCAGGCTGGCCGGGAGCTCCCGTATCCAGGACGGTTGGTCGCCTCTGGCCTGGCAGGGATCCTAGTGTCTCGGGACCTCCCGGTGACGCGCCTGCCTCCCCTGCTGCACCATAGGCCCGGGAGTACGGCGTCCCCACAGCTTGGACCGGCAGGGGCTCGTGAAATGTTTGTCAAGTGGATAAATGACCATGGCCGTGGTCTCCGCGGGAGGTGAGGAAACTGAAAGCCACCGAGGAAAAGGGGGGCGCTCCTTAAGAAGTGCCGCGGTCACGTGTACGTTTCAAAAGAATGGCGTGACTGAGTAGGGAGGGGACCGCGGAGACCCTCAGACCCTGGACTGTAAGGAGATGAGGGGCCGTGAAGGGGAACCCAGGAAACTGAGTCCTGAAAGCAAGGAGGAACTTCCAGAATGAAGGGCGCCGACACTCCTTCCTGCCTTTGCTCAAGCGGTTCCTTCACCCCGATCAAGTTCCTTCCCATTTCTCCATCTGGGGGATCCTGAACGTGCACATCCTCAGAGAAGCCCTCCTGGGGTCTCCAATTCTAGTTTATTGCCCCCTCCTATCGATCCCCCAGCGCGCTCATCGGGCCTGTGGACAAGGACAGGTTTGAAGAGAGGATTCCCTGGATCGCGGAAGGGCTGCAGGAATGGCACAGCCCCTTCCGAGGATGCCAAAGGAGCCCGGGCAAAGGAAAGTGGCCGTGCCCGGGCCTGCCTACCACTAGATCCCCACCCACCT,0.7060985653134128,-0.5020585094596419
6927,ENST00000290858.10,ENSG00000067955.13,CBFB,67029116,67101058,135.50687081219272,3136,2511.16,390.899,3.50714,GCGGTGAGCGCTGGGGCTGCGCGGGCGGCAGGCAACGGCTGAGGCGGCGGCGGCGGCGGCGGCGGCGTGGGTTGGGCTCGAGCGGGCGGCGGCGCCTCAGACTCCCCGGAACGGGAGCCCACGCGGGCGGGCGCCTGAAACAAAGGGAAGCGGGCGTCCGGGCGCCGCGGGTGGGCGGTCAGTCGGTCAGCGCGGAGCCAGCCAGCGGGTGCCCGCGCAAGCCCCGAGCGCGGCCGGCCGGCGCGGCCTCAGGGCGGGAAG,38.63742844944676,5.27192717232482
6929,ENST00000569600.5,ENSG00000125149.11,C16orf70,67109958,67148539,21.88459577431565,1353,1164.13,170.341,3.29671,TTGCCCCCGCTGCCGCGGCTGCTGCAGCTCGGGTCCCTTCTGCGCTGCCGCAGGGAGGCCGCCCGGGCCAGGCGAGCCGAACCA,6.638313886970844,2.730816847624998
6930,ENST00000379378.7,ENSG00000205250.8,E2F4,67192169,67198918,44.33678553554604,2096,2938.59,1398.99,10.726,AAGTGGCGGCGGCGCCGGCCTGGCCTGGCCTGGCTGAGGGGAGGCGGCGGGCGGGCGCG,4.133580601859597,2.047392018586407
6931,ENST00000304800.13,ENSG00000168701.18,TMEM208,67227103,67229278,63.11502567103578,793,781.009,188.42,5.43543,CGACTTCGGTCTGCGCCGGAAGTGCATGAGCTGCCGATGTGGTGCTTAGTGATTGCGGTTTCGGTCGCTCTCCCGTGTTTCCCGGGCTGGGTATTTGCCTCGCACC,11.611781528054962,3.5375174283754647
6932,ENST00000264010.8,ENSG00000102974.14,CTCF,67562407,67639183,46.0827978113788,3939,4369.74,2077.9,10.7135,CCCATGCTGCCCTGCGCCAACCCCTCCCCTCACCTTTCCTCCCCCGCCCTCTACTCGCCGCCCGGCCGGTCCCCCCACCCGTCCCTTCCCTTATCAGCACCCGCGGCCCCGGCAGCGCCGACGCAGGCGCACTGCACCGCGCCGCCGCCATTTTGTGTCTGAGCCTGTGGAGCGATTAAACCGTGCGCGGAGCTGCTTCTTTGGCGGCAGCGGCGGCGGCGGTGGCCGGTGCGGACGCGCGGAGCTCGCCGGAGACGCCGGGTGGCCGGAGCCGTGGAGCGGCGGCGGAGCGGGCGCCGCGGGGGGTGTGGCGCGGAGAATGATTACGGACCTGAAGCCAAAGAACAAGATGCGCTAGTGGACAGATTGCTGACCAGGGGCTTGAGAGCTGGGTTCTATTTTCCCTCCTCAAACTGACTTTGCAGCCACGGAGAGGCAGGGGAA,4.301376563343333,2.104798437324702
6933,ENST00000303596.2,ENSG00000168286.2,THAP11,67842082,67844195,112.77077380962416,2114,2518.52,489.0,4.37446,ATCAGGATTCGGGTCCTCGTGAGGAGCAGTCCAGGCGACAGCGTTCCAACCTAATACGCCTCTCTCGCCCGCCGGGGACAAGACGGGCTGGGGAAAGAATCTGCTCTTCGGAGGCTATCGCAGTGCCTTGGAAGGCGGCAGGAATCCGCACACACCCGCCCCGGAAGTGAGCCGCTTCTGGCGCGGGGCATTGTGGGGGGCGTAGTCTCTTTCTCAGGCGGTCCTTCGCGGCGTCCCCGGGGCCCACTCCCGAGCGCAGGCGGGCAGCCAGGCGGGCGGCGCGGCGCGGGCCGGCAGGAAGCGTATTCTGGGCACGGGGCGCCGGGCGGGCCGGCTGCGCCGAGCGGCAGTGGTGGGATACCACCCAAGGCCTCGCGCGGCGCCGCCCGTCGAGGGGCGGGCGGCGGCGTAGCCACTGGGCCGTCGAAGAGCGCAGGAGGCCGGTGGGCCGGGCCGGGCCGCGCGGCGCAGCC,25.77935878019782,4.688144474330386
6934,ENST00000219169.8,ENSG00000102898.11,NUTF2,67846732,67872567,161.5273270242479,2321,2839.86,905.208,7.18148,GGGCTTGCCCCGGCAGCCTCCCTCCCTGGCTTAGCCTCACCTCCCGCGCTGCGGGCCGTGTCTGGGCCTCCGCGCATAGCACGCCGGGAATTGTAGTTTTCTCTCGGCGCGCTCATGCCGGAAAGGGGGGGCGGTGGGACTGCGTCTCCCAGAGTGCAGCGGGGCGGGCGAAGGAAGGCAGGGGGGAAGGGACAGTCGGCCGCAGACCGCGCTGGGTTGCCGCTGCCGCTGCCGCCATCGTGCCAGCCCCTCGGGTCTCCGTGAGGCCGGGTGACGCTCCAGA,22.492205927503512,4.491353255540823
6935,ENST00000358933.9,ENSG00000038358.14,EDC4,67873023,67888855,50.83674702441657,4800,6647.29,1842.13,6.24362,TTTCTTCTCCGGCCCTGGCAGGTTCCGGGAGCCTCGGCTCGTGGGTGCCGGAAGTGGAGGCGGTTGGTGGGGTTGGCGGGGCTCAGCGACGCTGCGCGGGTGGCGGTTTGCGAACTGCGGGTGGACTGTGTAGTGACCGGCGTCCCGCTGTCTCGCCCCGTGGCGGGTGAGCGAGGGTGCGTGGTGCGCGGCGGCGGCGGAACGAACGCGGTGCGGGCGGGGCGCCCGCCGCAGGGCCC,8.142191072553514,3.025417077556397
6936,ENST00000291041.5,ENSG00000159792.9,PSKH1,67893272,67929678,3.842404905657277,3481,5399.86,560.422,2.33827,GAGAATGGCGGCGGCGGCGGCGGCGGCGGCGGCCGCTGCCATTGCCCGGAGATGGCCGGCAGAGCCGCCGAGACGCCGAAGAGCCCGCCGCCCGCGCGAGGTGTAGACGGGGCACTGCCTTCAGAGCAGGTCCTGCCAGCCTCGCTGGAGAGGATGCCCTCGTGTCCGTG,1.643268273406098,0.7165680281381563
6938,ENST00000346183.7,ENSG00000072736.18,NFATC3,67987746,68229259,10.37413879903422,6040,6538.72,1013.02,3.4905,GCTGCAGCACCCTGGGCCACGCCG,2.972106803906094,1.5714859606601812
6939,ENST00000219345.9,ENSG00000103066.12,PLA2G15,68245304,68261062,15.659045199644757,2727,3880.7,192.71,1.11881,AAGCGCGTCGCCACCGCCCCCGCCTAGGCGAGAGCCCAGAGAGCTGAACCTGCATCCCGGACCTGCGGCGACCGTCGTACACC,13.996161278183745,3.8069592888915182
6941,ENST00000219343.10,ENSG00000103064.13,SLC7A6,68264516,68301823,27.371278388659245,6251,6836.33,917.197,3.02274,CGGCGGCGGCGCGACCGAGCATCCTGGCGGCGCCGGGCCACTGGGAGAGTTTATGTGGCCGAGGCAGACAAGTGGAATTAGGCCTTGCTGCAGGGGACTTCATTTCCTTCTCAGTACTGGACCCATTTATGAGGAGGTGGCTTATGAAAGTGTGATGTTCGCGTATTTCTTGACAGGCCACAGCAAACACAGGTGTGCAGGAACCGTTTGTC,9.05512164084878,3.178734021569765
6942,ENST00000261778.1,ENSG00000103047.7,TANGO6,68843604,69085180,12.309892780365375,4816,5433.83,464.652,1.92657,TACACTCCAGTC,6.389538288442868,2.675711685000139
6943,ENST00000314423.11,ENSG00000141076.17,UTP4,69131291,69326939,88.08182075291083,2322,2328.97,1054.18,10.1979,GCGGCCAACGGGCGACAACCGAACCTCCCGCCGCCGTCGCCGCCGCCGCGAGCACTGCCTGCGCACTTCCGACTATGCGCCAGGAGCACTTCCGGGGCAGAGCCTGAGAGCGCGCGCGCACGTGGGGCCGGGGCGGAGAGAGGCGAGCACCGGGAAGGGGAGCGTGGGGCCGCTGGA,8.637250880368589,3.1105721952155334
6944,ENST00000336278.8,ENSG00000168807.16,SNTB2,69131291,69326939,31.72982597116717,9789,9031.51,1010.11,2.51983,GGGCGGGAAGAGGGAAGCGCCGAGGCTGCCTGACTGGA,12.592050245916262,3.6544412976266565
6945,ENST00000254950.12,ENSG00000132612.15,VPS4A,69131291,69326939,57.20141348552786,4100,5402.92,1767.5,7.37043,GGACTCGGCTCCCGCTGCGAGCGGCCGCCCTGCCCGCGCACCGCGCTCAGCGCCCACCGCCGGGCTTCCCGCGCCGGACCCAGTACCTCGGCTCCCCGGGGCCGGACCGAGGCCGCAAGCAGCGCCGCGGGGTGTGGGGCGGACCCAGGAGATGAA,7.760933010085959,2.9562301019112005
6946,ENST00000254940.9,ENSG00000132603.13,NIP7,69339430,69343111,88.74066509134339,2402,2251.27,726.049,7.26609,GCGCCACTGGGCCTCGGGGAAGCGGTCCCGGAACAGCGACGCCAGGAGCCCTTCATCCTCCACCTCGCCGAGAGCCGCTGCTGTGGCCGTGGCTACCGATGGGATAGTCGCCGCGGTCGCCATCTTCCCAGCAACAACGTCACTTCCCTTCCGGACCACAAGGGGCGCTGACTCCGAACTTAGGACAGGAAGAAACAGGCACATTTCCGGTCTCTATGCTTTCTCATCCGGCCGGCTTGCTTTCCCCTGCGGTCGTCCAGACTATTGGGCGCTAGCGAGACGAACTATTGGTACGGGGCTAGAGAGGAAGGCTTTGGGATTGCCGGGGAGCAGCGAGCGACCGACTTCCGTTTCCAGTTACCAAGGCACGAGGATCCGGTGTTCCAACCCAGGGGGAAAA,12.212987327619585,3.6103442252376556
6948,ENST00000512062.5,ENSG00000103018.16,CYB5B,69424525,69466266,392.0480410428688,4358,4030.96,339.576,1.89797,GAAAAGAAAACGAACCAGGAACTATTCGGAAGTGTGATTGGCTGTTGCTAGGAACCGTCTCAAGGCCTTATGGGCCCTGGTTACGGAAGCCGAGGAAGGCTGAGCGCGGGCTCTCAAGGAAAGTAGTCGCGGAATCTCAGTTAGCGGTGGAGAGGCAGTATGTCCGGTTCA,206.56176917594527,7.690429452089555
6949,ENST00000359154.6,ENSG00000198373.12,WWP2,69762306,69941741,10.87043528261201,4515,6245.41,408.421,1.47336,GCGCGGTCACGTGACCCGGCCCGAGTGCGGGCGGTGGAAGGCGGAAGTAGGAGAGGAGTTCGGCGCCGCTTCTGTGGCCACGGCAGCTTCACGGTGATGAT,7.377989956705768,2.8832278251643872
6950,ENST00000288050.8,ENSG00000090857.13,PDPR,70113626,70162537,2.9299609749035005,9255,11254.2,973.233,1.94833,CAGTGATGAGTTCTAGAAGGAAAGAAAAGGCTGATGTGACAGTGAGGAAGGGATGAGTGGAGACTTCTCTGAGACTTCAGTGATTCCTCTTCCTCTGAGCTGAGCCAAGCTGAGAAGCTGAGAAGAGTAAGATAGGGCCGGGAACTCAGGTCCGTTAGTCCGTCCTCCGAGGTGGGGCGGGCCAGCAGAATGGATTTCCGATCTACTCTGTGAGAGCCTCGCCCAAGAAAGCCCAGAGCCACTTCCAAGATCCGCGCTCCCACGGCGATGAGAAGCGTTTTCCCCCGGGACTGCTTGGCTTAGGACTGGGGACCCACTGGCTTTGGAGTAAGCCCTGGCACGGGCCTCGAGGGAAGAAAGAACTCCCGCGCTCCCCACACTCCACAGGGCCTGCGATCATCTCAGATGTTCCGGTTCCACGTGCAGAAACCCCGCCGGTCCGAGGCCCCGGTTCTAAAACGGCCCTAAGAGTCAAGGCTTCCACAGCTCGCCTCTGAGGGTGGCAAAGAGGCCGCGGGGGCGGTGCCTCGCGAGACCCAAACAAGCCCACGTGGCAGGGGCGGGGCTCCGCGAAGGCGTCACGGCGCGCTCGTGCGCTGCTGAGGTCACGCGCCGGCAGTACCCTTGCCCGGGGGCCGTAAAGCGCGGAAGGTCGCGGTCTCGGCTTCCCCGGAACTTTTTGCTCGCTTCGCCCCGCCCCCTTCCCATCCCCGAACCCCGCTTTCCGGCCCGCGGCGACCCCAGGCAACTGTTGTGGCTGCCGCATTGCTCCCGCCGGGCTGTAGCTGAGCGCGGAGCCCGTGGGGACCGGTGAGATGGAACTGTTTTCCCGCGTTGAGACGTGCGGTCCGCTTGTGCTTTTAGAACTAAAGACTGCTGCAGAGTCCGGAGGAAGAAGTCACCTAGAAAAATCTGGGACAGGGCATTTGAGTTCCTGAGATCTAGTTGGTGAGAGAC,1.5038319868315433,0.5886433932756274
6951,ENST00000288071.10,ENSG00000157349.16,DDX19B,70289663,70373383,15.590338362262896,3386,3775.09,209.226,1.24868,GATAGGAAAGCTTGCTCTGCCCGGGGTTGAGGGGTACGGGTCTGAGGGCAACAGAATCGACAGCCTCAAGTGGGCAAAGGGTGGCCAAACAGGAGTGGCCTCCGACGTCACTGTGGCGCGCCGCTTCCGGTCTGCAGCCTTGTAGTGGGGCTGGAGCAGAGCCTGCCGCGAACCCCCGGAGCCCACGATCCCTCGTGCCATCCCTCGAATCCACCAGCACGAGCGTCCCACCCGCGCCTGGGACC,12.485455330639471,3.6421765305929847
6953,ENST00000302243.11,ENSG00000168872.16,DDX19A,70289663,70373383,46.31513744207679,2997,3396.57,1140.28,7.56366,AGAATGATGATGTCGCACGCTGGGTGGGAACTGACGTCACCTGTGCTCACCGCCGCTTCCGGTCCGCGTGAGGTGCATTCTCGCGCCGGTGGCGAGGTTAGGGCCCGCGTTGCGACGTGGTGCAGCGCATATTTTCACAAGTGGGTCTCCCTTGTCCGGGACT,6.123376439723201,2.6143273767106234
6954,ENST00000302516.9,ENSG00000189091.12,SF3B3,70523788,70577670,203.3625455117452,9720,11825.0,6055.63,11.5377,GCCTTTTTCCGCCGCGCGCCACCAGAATGTCCCTGTCTTGAGGTCTAATGGCGGACGCCAGTATGTTGGAGTTGGTGGTGGCTTAAGTTTTGAAGGGAGGTAGCATCCGTTGGATATCCACACCATCCTTCTCGCTGCAGGCTTTCTTGGACTCCGTACTGTTGGTGTAACCAAGGCCTGGAGGTCTGGGTGGCTCAGGTTTCCTGCAGCC,17.625917254890073,4.139626432378805
6955,ENST00000427980.6,ENSG00000224470.7,ATXN1L,71845991,71931199,11.87367084810506,7886,10080.3,1298.63,2.90251,GCTGTGGGGGGCGCTGGGTGTGGGGCGGCTCCGGGGCCGGGGATGGCGGCGGCCGCGGTTGCGGCGGCTCCGGGACGAGTGAGTGGATCCTGGGAAGCGCTGTGAAATGGGCTGGCTCCCGAGCCAGCCGGGAGGACACTTACTACAGCTGCTCAGAAGCACCACTGGAAACTCAGATGTGGGCGCCCCAGCCAGAAGCAGAGAGGGGTACAGGGAAGCTACAGAGAAGCCCCTTCTGATGCCCCAGGGAGCAAGTCGACTCCTTCCAGGCTCCAGGAACACCACAAAGCAAT,4.09082857530381,2.032393082877194
6956,ENST00000329908.12,ENSG00000182149.20,IST1,71845991,71931199,3.3294301626115144,2356,2505.7,484.905,4.36004,GAACCCTGAAGTCGGTGTCTGCTGCGTTCACGGCAGGATTCGGTTAGGAGGAACAGCACAGC,0.7636237655185536,-0.3890660918544892
6957,ENST00000219240.8,ENSG00000102967.11,DHODH,72008588,72027664,18.27074631971809,2426,2805.03,145.805,1.17111,GGGCTTAATGACGGAAGGAGC,15.60122133678142,3.9635870693304343
6958,ENST00000268482.7,ENSG00000140829.11,DHX38,72093562,72112912,21.229333195545387,4608,6186.81,1377.09,5.01485,AAGCGCAGAAAAGAAACTCCTGGCCGTCGGTCGGCCCCCGCTCAACAGCCCAATAAACGGAAGAGCTTCTAGTCACCGCCCACCTTGCTCGGCTCTGACCGGAAGCTAGGCGTCACCTCCGCCCGTATTAAAGATGGTCGACCTTTTTCCCCTCCTTTTCCTGCCCCCAGACTAGAGGCGGGATGTAGTCTCTTAGGCTAAGAGTGATTGGTCACAAGGAGACTCGGAAGTGTCTGATCAGAGCCCCAGAGGAGGCCTTGAGAGCCTGTTGGCGTACCGTTCCACACTTGGATCCAGGAATCGGGCGTGTTCCAGGCTGCTCTCTATGGTAGCTTTGGGCGGATAGAGGGGGCGCGCAAAGTATTAAGGGACAATAATGGCCGCTTTCAAGGTGTGGATTTTGGCTCCTTGAGCCTGTCTGAGCGAGGGGTGGCAGCGCCGGCGCCCCAGAATCCGGGACAGAAGGGTCCCAAGAGTCGCGCTTGGTGAGAGAAATCCCAGATCCTGTG,4.233293756651821,2.0817806036008797
6959,ENST00000219313.8,ENSG00000103035.10,PSMD7,74296775,74306288,209.3176562764673,1670,1361.11,1705.14,28.2246,GGGAGCGGAAGAAGGAGGCCGCGCGAGGGCTGACGAACCGGAAGAAGAGGAACTGGGCCTGAAAGGGTACCGGTGACCGCTACTGCTGCCGGTGTTTGCGTGTGGCAGGGAGCCAGGCCTGGCGAGCGGGGTGTGTCGCG,7.416142523772429,2.890668970010354
6960,ENST00000037243.6,ENSG00000034713.7,GABARAPL2,75566351,75577881,657.417781703354,1002,717.184,1367.09,42.9465,CGACAGCCGGAAGTCCCGCCTGCCGTGTAGTCGCCGCCGTCGCTGCCGCTGCCGCTGCCGCCGTCGTTGTTGTTGTGCTCGGTGCGCTGAGCTCCGCGGCTCCGCGAGCCGGTTCCGTCCCCTTCCCGCCGCCGCC,15.307831411252465,3.936198012354113
6961,ENST00000300086.4,ENSG00000166848.5,TERF2IP,75647786,75761872,171.74658488689354,2118,2053.94,1762.78,19.3363,GCGGCAGAGGCGTCTGCGGTGACAGCTCAGTCAGTTGAGCTCTGTGTGCCAGGCGCTCGCGAGGGGGTAGCTCTTCTAGTAGTGCTCGGCGTCAGAC,8.882081105842046,3.150897745191748
6962,ENST00000248248.7,ENSG00000103111.14,MON1B,77190835,77213215,22.436227635938398,6091,7479.59,1348.57,4.06215,CTCACGCCAACCACTGGTAAGCGAAGTGGGCCTCGCTCTCCCGGGTTAGCAGCCGTAGCCAGATCCGTTGAAAGGAGTGCAGAGAGGTCTCATTGCGCTCCCGAACAGACCTGACGTAGATCCGAAGTGGCCCGCGCCATCTCAACTATGAGGGGACACCCGTAGGCGGCGGGAGAGGGACGCCGCGAGGAGCCAATAAAGCTCCGCAACCGGAAGTGTCTTCTGGGAGGGGTCGTACCCGGAAGTGTGGCACCTCCCGGGCCGCACCCGGAAGTGTGATGCCACCGCCGCTACGGGGAAGTAATGGTATCCGGCCAATTGAGATTCGGAGTTAAAACAGGGATGTGCAG,5.52323957410199,2.4655147066001297
6964,ENST00000437314.3,ENSG00000140876.11,NUDT7,77722492,77742260,9.225891487314303,930,698.229,53.3228,1.72059,GCGCAAGCGCGACCGACCGAGCAGCTCCGAGGAGTCCGCCCGGAAACAAACATTCCCCAGGGCA,5.362051091378134,2.422784965856599
6965,ENST00000355860.7,ENSG00000186153.16,WWOX,78099413,79212667,9.915389382008067,710,580.726,26.6436,1.03367,GCCCCGACGCGCGCGGGTCTCGTTTGGAGCGGGAGTGAGTTCCTGAGCGAGTGGACCCGGCAGCGGGCGATAGGGGGGCCAGGTGCCTCCACAGTCAGCC,9.592412841630372,3.2618937513038158
6966,ENST00000299572.9,ENSG00000166451.13,CENPN,81006498,81033114,20.22562781037516,1398,1464.29,87.5662,1.34732,CACCTCGCTCGCAGCCTCCCCAGCGCAGCAGCCCGGCTGTGGGCCTGCGGCAGCCGGGTCTTCCTGGTCCCCACCTCCTGGGGCCGACGGGCGGCAGGAAGGGGCTCGGCGGGACGCGCCATCAGGGACCTGAGGAGGAACAACGGAACGCGTTCGGAACGGCCTGGACTCCCGAGACTCACCCGACTCGTGGCCACACCGGGAGAACTGAAGCGGCAGTAGCCGGCGGAGACGCCCGACCCGAAGGCCGGCTGCTAGGGAGCAGACAGCTGAACCGCTTGCCAGACGCCGAAACCCAGTGACGCCCTCCACCGCTCCACCGTGCTCCCGGCTCCTCGCCCCCGCCGCCCGCGGGCCCCAAGGCGCATGCGCCGCCTGTCCTGGAGGGGCCCATTTCCGTCCGTCGTGGGGGGAGGCACAGTGAGTCCACTGGGGCACGGCAGCGTCTAAGCCACAAGCCGAGCACATAAGCCAGGTCCTAACGGAGCCTATGTGTAAGTCCACTACTGGTGCAAGGTTGCACACTTCTAAGAAGAGCGGCGTGGGGGGCTCGGCGACCTTCGCTTCAGTCGCTCCCCCGTGCAGTCCCCTGTGCCCAAGACACAGCCTGATGCTTGTGCTCCGGTGGGCGGAGCTTGGAGGCGGCGGGAACTGCAATTGGTGGCTTTGAAGGCGCGGCGAGCGGGAACAGCTCTTGAGGAGTGAGACTGCAGGAGATGTGGGCCGTGCCAAAGAG,15.011747625193092,3.90802003609866
6968,ENST00000299575.4,ENSG00000166454.9,ATMIN,81035847,81047358,3.1464827253242165,4884,4740.38,851.559,4.04729,GGGCCGGGCGGCCGTGCGGGAGCC,0.777429520821146,-0.3632162036578368
6969,ENST00000568107.2,ENSG00000261609.4,GAN,81314952,81390884,15.04337757555008,15244,14745.5,777.474,1.18792,AGCGCGCCGCGGATAGCACAGGCACGTCCCGGGGGCTCCAGCTTCTGCTCAGAGCGCGGAGAGCCGGGCCGGGCGGGCGCGCGCGCAGGACTCGGGCCGCTCGAGGGGTCCGGCCGGACGGTGTCGGGAGCCGGACCCGTCGGCAGAGGAGCGGGCGCCGCG,12.663628506591419,3.6626189339685085
6970,ENST00000537098.7,ENSG00000153815.16,CMIP,81445170,81711762,20.88332938480276,4357,5607.84,319.631,1.28415,GGGGGCCCCGCCGCCCCAGCAGCCCAGGACAGCCCCCTCTCCCCGCCCCCAGCCCCCTCCCCCGGCGCGGCC,16.262375411597368,4.023466099178064
6971,ENST00000433866.6,ENSG00000230989.6,HSBP1,83807843,83819737,894.2701291554196,8784,9147.13,1960.2,4.82812,GGGAGGGGCTATGCGAAAGAAGGCGGGGAGAGTGGGGTGGGGCCGCTCCTTGGAACGGAAGCGCGCGGCCTCGAGGCCCTTCCGGTGCGGGAGAAACTACTACTCCCATAATGCCCCGCGGTCCCGCGAGCTGCCAGTCTCGTCGCGAGAAGCAGCGGCCCGGGGCGACTGAGCGGACAAACGGAAGTGTAGGTTACGGTCTGAGACATCACCGCCAAGCTGGGCATCGGGGAG,185.22118943924747,7.533105343179815
6972,ENST00000253458.11,ENSG00000131149.18,GSE1,85169525,85676204,17.30024303137358,7495,10185.0,678.347,1.50056,TCCTCGGCGGCGACAGCAGCAGGTGTTTCTTGGCCGGGGCCCCGGAAGCTCCACCTCCCCAGCGGGCCCGAGCTGCCGCCGCCGAGCAGCCCCGGGTGAGATAAGCAGTTTAGACAAACACTGGGCGACGGTGGCTCCAGCATGTATCAGCCGAGGTGGAGCTGCGGGGCCCTGGC,11.529191122896506,3.5272193933131746
6974,ENST00000253452.6,ENSG00000131143.8,COX4I1,85798633,85807044,1121.3722968453828,708,591.572,2771.78,105.563,GCGGCCTTGCTCTCTTCCGGTCGCGGGACACCGGGTGTAGAGGGCGGTCGCGGCGGGCAGTGGCGGCAGA,10.622777837361413,3.409089172531647
6975,ENST00000301011.9,ENSG00000158545.15,ZC3H18,88570381,88631966,34.27606868529994,3729,5283.0,1484.62,6.33135,AGGACTACCGTCGCGGCCTGATGACGTCGCACAATGGCCGGCCCCCGCGGGTAGTGGAGCCCGTTTGTTCCGCCCGTGTCGAGCCTGGAGCCAGAACCTGTGAAGAGCGGAAGGGCCAAGGGACGTCTTCTCCACGCCGCTCCGACTCCAGGGGAGCCGTGGCCTCCTCTCCGCCCTAGCGCTGAGAACCGTGGGTACCG,5.413706189880506,2.4366165924098375
6977,ENST00000453996.6,ENSG00000174177.12,CTU2,88706463,88715386,18.80074286697902,1751,2545.96,250.673,2.21829,CTCCGACGTCATCGGGGCGCGCCCTCGCGCTGTCGCCGCCACAGTCTGCGACGGGACCCGGCGTGCCC,8.475331389033453,3.083269779336677
6978,ENST00000301019.8,ENSG00000167513.8,CDT1,88803213,88809258,104.1220061045814,3240,4898.36,1707.25,7.85253,TTTTGTATTTTTAGTAGAGACGGGGTTTCACCGTGTTAGCCAGGATGGTCTCGATCTCCTGACCTCATGATCCGCCCGCCTCGGCCTCCCAAAGTACTGGGATTACAGGCGTGAGCCACCGCGCCCAGCCAGAAATAGTTTTAAAAAAAGAAATAAGGAGCGTGCGGCCCGCGGGGGAAGCGCCTTTACCAGCTCGAGCCTGCAGCCCCCCAGGCCGCGCCGTCCTCGGCTCCCCCGGGCAGCGCCGGGGTTTTGTCAGGCGCGCGCTGCTGTTTGCCTGGATTGCGCTCATTCTGACCCTGAAGCCAGCGGCCCCACTGACACGCCCTGAAAAGTGGGAGCCACACGCGGGATCCGGAGACCGCGCTAAAGTCCCACGCACGACGGCGCCCGCCGGCGAGTCCACGCCCGCACGTCGGCGCATGCGCGCGGCCAAGCCGGTGCCCGCGCCCACCAGCGCGCATGCGCGCCCCGTCCCTTCCCTCCCCCCGTGCTCTGCCCCGATGGTTCGGTCCGCGCCGGGGGCGGGGCCAGGGCGCCCGCGGGAAATTTGGCGGGAACCGCGCCCGCCTCTTCCTCCCTTCCTTCTTTCCTTGCTTTCGCCGCGCACTCCGCCGCC,13.259676321463452,3.728973653511392
6979,ENST00000567895.5,ENSG00000167515.10,TRAPPC2L,88856220,88862686,97.57029943492616,854,970.114,48.3219,1.12223,GCTTTGGAGGCCGCGTGACCAGCGGCGGGTCACGTGACGCGGTGCCTGGCGCCGAGCCTCCCAAGATGGCGGTGTGCATCGCGGTGATTGCCAAGGAGCACCCCTACGGAGAACGAGCTGAAGTTCCACTAC,86.94322860280526,6.442001765414457
6981,ENST00000268704.6,ENSG00000197912.13,SPG7,89490917,89557768,13.940192965883677,3076,3901.17,546.96,3.1588,GGCTTTCAGGCCAAC,4.413129342118424,2.141802031134045
6982,ENST00000311528.9,ENSG00000167526.13,RPL13,89560657,89566828,305.4611250761807,4498,6089.56,461.144,1.70613,CCAGAGTGCATTGCGGGGCCGCTTCCTTTCCGCTCGGCTGTTTTCCTGCGCAGGAGCCGCAGGGCCGTAGGCAGCC,179.0374268526904,7.48411739676501
6983,ENST00000353379.11,ENSG00000185324.21,CDK10,89680737,89696364,7.05444966478031,1798,2468.61,117.457,1.07198,GCGTCTGCGCCTGCGCGCAAGAGAGGCGGGGCCAGCGCTCGGC,6.580766119498787,2.7182555493802867
6984,ENST00000378247.7,ENSG00000204991.10,SPIRE2,89818179,89871319,3.984327168622705,3235,4781.7,287.386,1.35408,ATGGACGCGGGTCCGGCGCGCGGGAGGCGATGACGGCCCCGCC,2.9424606881592705,1.5570231407092492
6985,ENST00000263346.12,ENSG00000141002.18,TCF25,89873586,89938761,36.82847246357192,2233,2729.01,840.583,6.93965,CCGAGTTTTCTGCGCTTCCTTCTCCCTCTCTCCAGACGTCGTGGTCGTTCGGTCCT,5.306963962674186,2.4078867520569025
6986,ENST00000315491.11,ENSG00000258947.6,TUBB3,89873586,89938761,9.908522176943215,1769,2275.48,263.921,2.61314,GACATCAGCCGATGCGAAGGGCGGGGCCGCGGCTATAAGAGCGCGCGGCCGCGGTCCCCGACCCTCAGCAGCCAGCCCGGCCCGCCCGCGCCCGTCCGCAGCCGCCCGCCAGACGCGCCCAGT,3.7918068595418597,1.9228854806186764
6987,ENST00000610455.4,ENSG00000140995.16,DEF8,89947925,89968060,27.281053536817257,816,927.523,235.256,5.7145,AGCGAGCGCGGGGCTGGATCCAGCGTAGCGGGGCGGCCGGGCGGATCCAGCGCAGCCGGGAGACAGATGCGAGGCGGCGGTCAGGTGGGATGCT,4.77400534374263,2.2552001812891236
6989,ENST00000293860.5,ENSG00000161980.5,POLR3K,46407,53628,261.1263683282366,1392,1314.59,700.822,12.011,AGTGGGAGCTGCCGGGAGTTGGAGCCTGCGGAGTTCGAGACC,21.74060180902811,4.4423199715397725
6990,ENST00000620134.4,ENSG00000103148.15,NPRL3,84271,138860,30.64543522145432,3203,4628.58,235.492,1.14628,TTCCCATCCGCACCAGCAAGAGGGGCCCCTGTGCCCCAAACGCGAACCGTACGGCTCCAGACAGCACCGCGGAACTCGGTGGCTTCCAGAAGGCCCCGCGCCTGCGCATTCCGCTGCCTGCGCCTGCGCCTGCGCCTGCGCCGTTCTCCCGGCCGCCGCCTTAGCACCTCCTCCGGACGGTGTCGCCGAAGTCTCGCGAGCCCGGAGCGTGGCACGTGGGCCCCCTCCGCCTCCGGCTCCGTCCTCCTCTGGCCCCCTCCGCCCCCGGCCCCGGCCCCACGGCGGG,26.734685435892036,4.740640796768893
6992,ENST00000293872.12,ENSG00000007392.16,LUC7L,188969,229463,33.02422102957894,1456,1464.45,142.551,2.1931,GAAAGAGCCGAGTGGGCTCGAGGCCGACGCGACCATCGTTTGTCGACGCCGCTGCCACCGCCTGCCTGAGAGAAGTCGTCGCGGCCGACCCCGTCGCCTCCGCCGGCTACC,15.058237667948996,3.9124810298052357
6994,ENST00000354866.7,ENSG00000103126.14,AXIN1,287440,352673,5.532636565097038,3324,5085.34,782.83,3.46824,GCTGCCGCTGAGCGCATGGGCCCGGACCGCGCCGCGCCGCTCCGGGAGCCGGGCCCGGGGTCCCGCCACCACCGCGCGCGGGACAGATTGATTCACTTTGGAGCTGTAAGTACTGATGTATTAGGGTGCAGCGCTCATTGTTCCTTGACGCAGAGTCCCAAA,1.5952288668307375,0.6737634217047779
6995,ENST00000199706.12,ENSG00000086504.15,MRPL28,367384,370527,391.6437255393627,1098,1346.74,860.246,14.3913,CGGTTCCGGTGGGCTCTGAACCCTGAAAGGCTCGCG,27.213922685189157,4.766273020257796
6996,ENST00000431232.6,ENSG00000129925.10,TMEM8A,370773,387113,3.84463375476864,3691,5842.65,403.562,1.55619,CGGAAGTGCCCGGGGCGACGGCGGCGGGGACCGGCCGGGCCATGGGCGCCGGGGGCAGAGGCGGAGGCGGCAGAGGCGGAGGCGGCAGAGGCTGCCCGGGCGGCGGCGGGGGCCGGCGGCGCGGGACGCGGGCCGGGTAGCGCCGGGCCGAGCGCGGAGCC,2.470542642459237,1.3048279574383446
7000,ENST00000568077.5,ENSG00000130731.15,C16orf13,634427,636366,91.83036616508905,588,496.163,124.146,5.63728,GACCCGCGCCGCGTCCGCGGCGGGGAGTTGTTGCTGCCGCG,16.289835907581146,4.025900166122722
7001,ENST00000412368.6,ENSG00000161999.11,JMJD8,681671,684528,21.20590514746577,2038,2902.83,510.662,3.96346,ACTTCCGGGGTCCGTCCCGGTTCCCGGCCGTTGCCACGACGACGAAGCTGCCGGCCA,5.3503517501036395,2.419633742251814
7002,ENST00000293883.8,ENSG00000127580.15,WDR24,684622,690444,3.700906455854065,3245,4904.3,283.739,1.30348,GCGGCTTCCGGCGCGGCGGTTCCGGACAACCGTGCGCTTTTAGTAAAAGATTGGGGTTCGCGCGGGGGAGAAGGGCTGCCCCGGGCCCTCTGGTTCTCGTCCCGCAGCGTCCGCTCCCCCGCGCCACTGCGCCGCTCCCAGGAACCCTGTACTCCGGGGTCGCCGGCTTCTCTCCTGCCTCCGGTCCCGCCAGACACCTCGAGCTCCTTAAGTAGCTCGGTCCTTGACGTCCCTCTGGGCCCTTCCCGCGTCTATCGCCTGAGTCCCCGGGCCCCTCTAGCCCTCTGTTCCCTCCCCTCTTTTGTTCCTCCCTAGAGCCCCGCCGCCCTCAGGGCTGACAGTGTGGACGGCGGGAGTCTCCTCGCTCCCCTGCTGGGATTGACTGACCGAGCGTTTAGTGACTGCCCAGATCTGGCTGATGGGGGTACCGAGAGGTGGCCTGGGCCGGGAATGTCCAGCTAGAGTCTTCCGTGGAAGTCAGACATGAAACTGACAGGCCTAAGGGAAGCTAGGAAGTCCCCTCACCGCTCAGCCAGGGTGATGGGCTGGACTGACAGACTCCAGTGAATTTGAGCTTGCCTGTCAGGCTGATTGGCTGATAGACAGCCCTGGATTGGCTCACTAAGACTGACCAGCCCGGGACCAAGCAGTTCTGGGGTCCCAACCTGGGTGGAAGGTCTGAACTGATGACCCACCCAGGCTGACCAGGCCAGCCCACCTCACTGACCTCCTGACCCCTGACCTCATCACCTGTGCAGCC,2.8392506642634063,1.5055102235342543
7003,ENST00000251588.6,ENSG00000103245.13,NARFL,729753,741329,19.37913820371426,2112,3128.92,245.101,1.76487,GCGGCAGTGCGGCCGTC,10.98049046315834,3.456870591212549
7004,ENST00000007264.6,ENSG00000007376.7,RPUSD1,784974,788397,20.154307726493293,2050,3119.31,538.874,3.89216,GGGCGGAAGCGCTGCCAGGCGTCCGGAGCGGAGCTTCCAGGGTCTCTGGGTCGCCAGCGCGCGGGCGCGCGGCTGGAGCCGGCGCCGGGCACGGCATCGGGGGCCTGGACTGCACGGCCCGGCAGCAGGCCGGCC,5.178180682832487,2.372445306234268
7005,ENST00000007390.2,ENSG00000007520.3,TSR3,1349240,1351911,45.62045065569981,1243,1701.72,537.656,7.11832,GGACCGGAAGTGGCGTCCGGCGCAAGCGCTGGCAGCCGCACAGCCCATTGGGAGGCCGAGGGGCGCGGCCGTGGGGTGGGGAGTCCCCGGCACCCCAGGTCCGCGCC,6.408878872500789,2.680072003248428
7006,ENST00000442039.2,ENSG00000174109.4,C16orf91,1419744,1420800,65.25362719293244,978,1146.45,120.263,2.36339,CCCGGTTTCCGGTTTCCGGCGACGGAAGTGACGCTATCACGGCGCGCCAAGGCGTCAGTCGAGGAGTCAAGGCAGCA,27.610181642865733,4.787128474099096
7007,ENST00000219302.7,ENSG00000103024.7,NME3,1770286,1771730,164.36911032254503,1069,1226.84,171.11,3.14232,AGTTAGTGTCCGAGCTGCTGGAGGAGACTTGGCCTCCGCAGCTGCCCTCCGGCCCCCCACGGCTGCCGGGTTCCGGGGTGCAAGTGAAGCAGCCTCCCCGCGGAGGCCGCAGCGCCCCGACCAGGCCTCTTTAAGCGCAGGCCCCGCCCCGGGCGCCACCGCCCCGCCCCGCGGATCCCGCTCCCGCACCGCCATC,52.308202322661295,5.70896528461754
7009,ENST00000397375.6,ENSG00000074071.14,MRPS34,1771890,1773155,255.21774278248145,1024,1295.41,2264.28,39.3806,GACTTCCGGCCGGACCGCTGAGGACGCGGACCCGCC,6.4807987380202805,2.6961716316850635
7010,ENST00000566339.5,ENSG00000162032.15,SPSB3,1776712,1794971,18.81266538345708,1784,2307.35,151.7,1.48127,GATGACACGGACCTACTTTCCGGTCAACGCGGCCTGCGGTACCACCTCCCACCCGGGTCCAATGTGCGCGCGAGCTTTGTCTCCAACCGCTTGGGAACTGACCAATAGGAACGTTGGATTAGGACTGACAGTTCCTGAAACCTCTCGGCAATAGCTTTGTCACCCGACTCCCGCCCCCTCTCCCGAAGCTCCGAGACAGGTGTGCCCGCCCCTCGCCGCCGGAGCCAATGGGCGCAGGGGGCGGGGATTGTTTACGTCTCGCTCCGGGGCGGAAAGTGGGTCAGGGCCGGGCCGGCGGAGCGCGCAGCGGGGGCTGCAGATTCTTTCCACC,12.700362110524805,3.666797726342348
7011,ENST00000566709.5,ENSG00000063854.12,HAGH,1795620,1827194,5.683974083715212,1291,1553.68,74.55,1.08106,CTCGGAACGCTGTCCCCCGCAGCGACGGCCCGTTCCACCTCGCGATCTGCCGGGTACCCGGGCGGCGTGGCGCTCGGCCTCCAGGGATCCACTGTGCGGTGCCAAAAAAGAGGCGGAGGCTCGCGGCACAGCTCTCCCGGCGCAGCTCTCGGGCCGCCGCCGCCGCTCCCAGGCCCGTCTCCCGGCCCGTGGCAGTCGGGGCTCGCGGACAAAACAAGTCCAGCCCTGCTGGGAGTTTTCTGCCACACAGATTTGCGGAAGAACCTGACCGTGGACGAGGGCACC,5.257778554118377,2.3944533801448107
7012,ENST00000361871.7,ENSG00000198736.11,MSRB1,1938210,1943326,45.52316377277004,1423,1794.99,382.744,4.80405,CAGCCCTGAGGAGGGGCGGGGCCTCCCGGAGGCGGAAGCCGGGATTCGCCCTCCGGGGAGCGATTGGTCCTCGGGAGGGGCGGGGAGGTGGACGCGGGTACCGGCGGTCGTCGGGTCGGCAGCCTTTGGTCAGTTGGCAGCGGCAAGCGCGCTGCGGTTCCGGTGGCGCC,9.47599708012407,3.2442777540349645
7013,ENST00000563630.5,ENSG00000167962.13,ZNF598,1997654,2009823,30.25533920585771,3371,5039.78,699.404,3.12664,CCGGAAGGGGCGGGCCCGCCGGGAGCCAGGCCGCTCGGCGCCACGACCGGCCGAGAGGGGGGCCGGATCCCGGACCATGGCGGCGGCCGGGGGGCGCCGAGGGGCGGCGCGCGGACATGGAGGCGGAGGCGGCGGCAGCTCCTGAGCGGGGAGGCGGGAGCTGCGTGCTGTGCTGCGGAGACCTGGAGGCCACGGCGCTGGGGCCGCTGCGACCACCCGGTGTGCTACCGCTGCTCTACCAAG,9.6766302503191,3.274504736804267
7014,ENST00000219066.5,ENSG00000065057.7,NTHL1,2039815,2047866,76.64583948103811,1067,1454.99,197.78,3.06254,GGCCGCATGGGCCGCCGGG,25.02688600999109,4.64540688861335
7015,ENST00000333503.7,ENSG00000184207.8,PGP,2211997,2214807,82.45079303645848,2727,3848.43,654.0,3.82874,CCGGCGGGCGGCGGCGGCCGGCGGGCGGCG,21.534706727659355,4.4285917711287315
7016,ENST00000301729.8,ENSG00000167969.12,ECI1,2239395,2252300,126.30689376872624,1541,1923.6,561.847,6.58058,AGGAGGCGAGCTCAGCCCGCGACCTTTATCCCGCGCGTTGCGGTCAAG,19.193884698419627,4.262574826637396
7017,ENST00000397086.6,ENSG00000205937.11,RNPS1,2253116,2268412,71.99926562447894,2069,2325.29,316.242,3.0641,GCTGCGGACGGAAGGGCGCCTGTGCTTCGTCCGCTCGGCGGTGGCCCAGCCAGGCCCGCGGGACTCAGACCAGCGGGGAGCGCGGCCTCCGCCCTTGGGGCCCTCCCGCCGGGCCGGAGACCCAAGCCCCCAACGCCAGGCCCTGCCCTGGAAGCGCTCGCGGCCCGGCGCCTGGACGGGGGAGTTGCTGCTCTTTGGCGTAAATTGCAATCGATTAGGGATCGTTTCTCAGAATCAAGTTAGAAGTGAGAGTTCAGATAAGTGAGGCCGCCATTGCTGCTTTGAACACCTCAGAAGGGGAGA,23.49768794245584,4.554446904526536
7018,ENST00000301732.9,ENSG00000167972.13,ABCA3,2275881,2340746,10.364864507538767,6609,9315.06,832.307,2.01307,GTCCGCCAGTAGCGGGTTGCAGGCGCACCCTCCCCTCCAGGGCGGCCACGCAGCTGTCAGTGCCGCCGCCACTGCGAGGCTGGAGCGGAGCCCGGGTGGCCGAGGGAGGGGACCCCGCGAGAGGGCCGCGCGCCGGCCGCCGCCGCCCCGGCGCCCAGGCTCGGTGCTGGAGAGTCATGCCTGTGAGCCCTGGGCACCTCCTGATGTCCTGCGAGGTCACGGTGTTCCCAAACCTCAGGGTTGCCCTGCCCCACTCCAGAGGCTCTCAGGCCCCACCCCGGAGCCCTCTGTGCGGAGCCGCCTCCTCCTGGCCAGTTCCCCAGTAGTCCTGAAGGGAGACCTGCTGTGTGGAGCCTCTTCTGGGACCCAGCCATGAGTGTGGAGCTGAGCAACTGAACCTGAAACTCTTCCACTGTGAGTCAAGGAGGCTTTTCCGCACATGAAGGACGCTGAGCGGGAAGGACTCCTCTCTGCCTGCAGTTGTAGCGAGTGGACCAGCACCAGGGGCTCTCTAGACTGCCCCTCCTCCATCGCCTTCCCTGCCTCTCCAGGACAGAGCAGCCACGTCTGCACACCTCGCCCTCTTTACACTCAGTTTTCAGAGCACGTTTCTCCTATTTCCTGCGGGTTGCAGCGCCTACTTGAACTTACTCAGACCACCTACTTCTCTAGCAGCACTGGGCGTCCCTTTCAGCAAGACG,5.148784944159303,2.36423201251752
7019,ENST00000262306.11,ENSG00000103363.14,TCEB2,2771414,2777297,420.7873593085996,582,470.974,559.595,26.7694,GCTGCGCCGGCGCGTCGAGGGGAGAGGCAGCAGCCGCG,15.718968647358535,3.97443465751231
7020,ENST00000262300.12,ENSG00000127564.16,PKMYT1,2968024,2980539,61.08603333084932,2171,3426.88,406.402,2.6719,GAGCCTCGGAGCCCGGGCACCCCTGACGGGCTGCACTGGGGAGGGGGAGGAGCCTCGAGGCCGGTTTGGAATTTTTGGCGCGAGCAGCTCCGCGCGCGTTCACGGGCCGTTCCCCCTCACGGGAGTCCTCCGCCCGGGCGTCCGGAACAGTCGACGGCAGACTCCGGCCCGCTGAGCCACCCGAGGGGTCCCGTGGCCTCCGCGGACCCGGAATCTGGGCCCTCGCGGACCCGCGCCCCGCCCAGTCGCCCCAGGGCTTCCCCACACCCACGGAGTGAAGTCAGCCGCGGCCCTGCCTGGGAGGAACTTACCGTCTACCGGGAAAGGTGGCCAGCAGATGTGTCGGGCCTGGTGAGAGGGTGAGGCGAGACGGCCCGATCGCCCAGGGCCCCGGAAGCTGCGGAGGTCACCCCCGCCTGGCCTTAGCTCAGGGACACCCTGGATTCACGTGGGAGCCCCTGCTCCTGCCTCCCCCGTCCCACCACTGAGGCTGTTGGGCCAGGCCAGTC,22.862395048785253,4.514904642097239
7021,ENST00000248089.7,ENSG00000103145.10,HCFC1R1,3022620,3024286,46.11907403643332,965,1370.12,171.165,2.81462,GTGGCGCCCTACCGCCTTCGGCGCGAAGGTGGCTGGTGCGTACCGTCCCGAACCCTAGGAGCCGAGGTGAGCGCCGCGAAGACCCCCGACATTAAGAAGTGGTGTCCACCGCAGCCCCCTTAAGCCGGATACCCTCCCCCACCCCGAGGAGCAAGCCTGCCTTCCGCCACGCGCCGCCCGTCTTCCGCGCCCGCGCAGAACCTCGCGGCTGTGCCCGCCTAAAGCCACGCCCATCCTCTCTTGGCCACGCCCTCAGAGACTCCTCCCCTGTCGCCCAGATCCCACCCGCAGGACCCCAAAACCCA,16.385541933345642,4.0343514840707995
7023,ENST00000301744.5,ENSG00000167981.5,ZNF597,3432422,3443542,2.429219069578473,5513,4680.08,290.0,1.39607,AGGATGGCGGAGAGGGCTGAGGGCGGGTCGCTTCCGGCGGCTTTTCCCGCAGCTCCTGCGTAAAGGAGCATGAGAGCGTGGGAGTTTTGCAGTGGCCGTGGCGTTCTTCGTCGCGTCTCGGTCGGGCGTCGCTTTCTGCAGCTCCTGTCAGGGAGCGCGAGGCCTGTTATTAACCGCGGAGCGCTTTGTCACGAAGTCCCTGTGGCGTCTTGAAGAAGGCATTCCCCACCCGCCAA,1.7400410219963707,0.7991213184493521
7024,ENST00000294008.3,ENSG00000188827.10,SLX4,3581181,3611598,18.556885241763247,7307,10358.1,463.873,1.00898,GCGAGTCTCCGTTAAGAAGGTGCCGCGGCGGCGCCGGAGATGTGTAATTAAGTGAACCATATATGTTTCATCATCATGGAGATCTTGGAGAATTATCTGAGCACCAGGTTCATATGTATTCGATCTCAGAGGCATCTATTGGACAACAAAACACTCTTTCAGTTGTGAACTTTATTTATTTATTATTATTATTTTTTGAGACAGAGTTTTGCTCTTGTTGCCCAGGTTAGAGTGCAGTGGCACGATCTCGGCTCACTGCAATCTCCGCCTCCCAGGTTCAAGCGATTCTCTTGCCTCTGCCTCCCGAGTAGCTGGGATTACAGGCATCTGCTACCACGCCTGGCCAATTTTTTGTATTTTCAGTTGAAACGAGGTTTCACCATATTGGCCAGGCTGGTCTCGAACTTCTGACCTCAGGTGATCCACCCCCCGCCTCGTCCTCCAAAAGAGCTGGGATTACAAGTGTGAGCCACCGCGCCCGGCCCAGTTGTGGACTTTAACAGAGGGAAGCTTTAAACATGTTTAACCACAGGCCCAATTTGAACAAAGATACTTCAATCATTATAGAGAGGAAAACAGTACTTTTTGTTCAATTGTGCAAACTCTCCAAGTATCTAATGGAGAAGTAGAGAAGAACCCTA,18.391727528556807,4.200985092844279
7027,ENST00000246957.9,ENSG00000126602.10,TRAP1,3650636,3717597,266.50907488540645,2296,2767.24,4444.08,36.1824,GAGGAAGCCCCGCCCCGCGCAGCCCCGTCCCGCCCCTTCCCATCGTGTACGGTCCCGCGTGGCTGCGCGCGGCGCTCTGGGAGTACGAC,7.365710259280934,2.880824647886593
7028,ENST00000262367.9,ENSG00000005339.14,CREBBP,3725054,3880726,15.54867392454673,10803,14594.8,1455.32,2.24659,TTCTTTTTTTTTTAATTGAGGAATCAACAGCCGCCATCTTGTCGCGGACCCGACCGGGGCTTCGAGCGCGATCTACTCGGCCCCGCCGGTCCCGGGCCCCACAACCGCCCGCGCACCCCGCTCCGCCCGGCCGGCCCGCTCCGCCCGGCCCTCGGCGCCCGCCCCGGCGGCCCCGCTCGCCTCTCGGCTCGGCCTCCCGGAGCCCGGCGGCGGCGGCGGCGGCAGCGGCGGCGGCGGCGGCGGAACGGGGGGTGGGGGGGCCGCGGCGGCGGCGGCGACCCCGCTCGGCGCATTGTTTTTCCTCACGGCGGCGGCGGCGGCGGGCCGCGGGCCGGGAGCGGAGCCCGGAGCCCCCTCGTCGTCGGGCCGCGAGCGAATTCATTAAGTGGGGCGCGGGGGGGGAGCGAGGCGGCGGCGGCGGCGGCACCATGTTCTCGGGGACTGCCTGAGCCGCCCGGCCGGGCGCCGTCGCTGCCAGCCGGGCCCGGGGGGGCGGCCGGGCCGCCGGGGCGCCCCCACCGCGGAGTGTCGCGCTCGGGAGGCGGGCAGGGGATGAGGGGGCCGCGGCCGGCGGCGGCGGCGGCGGCCGGGGGCGGGCGGTGAGCGCTGCGGGGCGCTGTTGCTGTGGCTGAGATTTGGCCGCCGCCTCCCCCACCCGGCCTGCGCCCTCCCTCTCCCTCGGCGCCCGCCCGCCCGCTCGCGGCCCGCGCTCGCTCCTCTCCCTCGCAGCCGGCAGGGCCCCCGACCCCCGTCCGGGCCCTCGCCGGCCCGGCCGCCCGTGCCCGGGGCTGTTTTCGCGAGCAGGTGAAA,6.921010920794061,2.7909827811996455
7029,ENST00000294016.7,ENSG00000162104.9,ADCY9,3953387,4116185,6.795801072884446,7725,10498.5,832.247,1.78602,GCGGCCGCGGCGGGAGCGGCGGCGCACTCGGGGGGAAGCAGGCCCCACTAGACGGGCCGCGCCGACGGGCTCCGCGCACTCGCAGCCCGGGGCGCCCCCACCCCCAGCGCCCGCCGCCGCGGGCAGGGCCGGCCCGGAGCGCGGGGGGCGGCCGGGGAGCGCGAGCCGGGGGCGCCCGCCGAAGCTCGCTGCTCCGGGTCGGGGTCCGGGCCCGGGGCCGGCCGCGCGCCGCCTTTGACGCATCGGAGCGCGGCTCCTGCAGGATGGAGGGCTCCGCGCCGCCAGCGGAGTTGTTTGTGCGCAGGCGGCTCGCGGGGCTGGGAGCGCTCAAGGTCTGAACTTCCCTCCGGAGCCGCAGCTGGAGGAGGCGAGCGCGCGAGGAGGAGAAGCCGCGCGGCGCGGAGGCCACCCTCGGGGCGAGAGGCGCGGAAGGCGAGCGAGCAAAGCGGTCCCGGAGCCACGGCGGCCACGCGGCGGGGACCCCCGGGCGTTCTAGGTACTGGTGACCCCGGCCGGGGCAGGCCCCGGGACTCGACAAC,3.804997185297167,1.9278953865121793
7030,ENST00000204517.10,ENSG00000090447.11,TFAP4,4257186,4273075,38.74745389248459,2215,3053.13,270.963,1.99953,AAGGAGGCCGGGGGAGTGCTGAGTTTTCACCAGCTGTTTCCCGCCTTGAAACAGACATCTGATCAGCTGCAAACACACACACACACACACACACACACACACACACACACACACACACACATACACACGCCCGGGGAGGCAGGCCGGAGAGACCTCCCTCCCGCCCCTCCCGCCCGCCTCCCTCCCCTCGCCGCCGCCGCCGCCGCCAGCATCTGGGACCGGCCGATTCTGCACCTCCGTCCGGCGCTGCCCTTTGATTCGGATTTCCATCTTGCATTCTCCGGCTGATCGCGGGACCTGGCTCGTGCAGAGGAGGGGGGCCGATCGCT,19.378280842240223,4.27636868161618
7031,ENST00000318059.7,ENSG00000217930.7,PAM16,4331549,4425705,230.9615439897053,587,565.524,149.469,5.95473,GGCAATGCGCATGCCCAGCGCCGTATCGCGCACGCGCTCTCTGCGGCTTTCCTTGACCTCTGACCCGCCGACCACGCTTGATCCCCGGCCGCGGGGCCAGGAAGTCGGAGTTTGAGCCCCGGAGGCAGAGCGGCTGCC,38.786232791361705,5.2774727522428275
7032,ENST00000251166.8,ENSG00000262246.5,CORO7,4331549,4425705,42.52389613842827,3540,5608.27,297.055,1.19336,GATTGGCAGTGGGGCGCGCCGGGGGCGTGACCGCGGCATTGGGTCCCGGGTGGGGCCGAGGCAGCGGGAGTCGCGGTTGCTCAGCGTGCACCTGAGACCCGACGCCCGGGGTCCTCGAAGACGCGTCCGCCGCCGTGCCCGTCGCC,35.633753551676165,5.155172555489277
7033,ENST00000563332.6,ENSG00000089486.16,CDIP1,4510675,4538828,53.09445756143178,2774,4067.41,340.21,1.88448,CTCTGGGCGGTGGGGTGGGCGGTGGGTTGGGGGGTTTCGTTGTGCGCGCAAAGCCGCGCGGGGCTGAGGGTCTTGTTCTGCCGGCGCCTGTCCGGACCCGGGCCCCTCTCCGCTTTCGGCCGGCCTCGGGCACCGGGCTTCTGGAGCTCCCGGAGCCCTGCCTGTTCCCTGTCCATCCAGGCCAGCAGCTGAAGGAGCCTCACCTGCCTCCCTTCTCTGAGTAGCACGGATTTGAGGAGAAGCAGCGAAG,28.17459328909396,4.81632287958682
7034,ENST00000283474.11,ENSG00000153443.12,UBALD1,4608883,4615027,39.48549766706369,1413,2167.42,638.716,6.63937,GCGAGGCGCGGTGAGTCAGAGCCGCACAGTAAATATTTGTATTAGCCGGAGCCGGCTCGCTAATGGTGGACGCGTGAGGCGGAGGCGCGGGCGGAGGAGGGAGGCCGGAGCGGGCAGCGCGGCGGCGCC,5.94717535956931,2.5722046159278578
7035,ENST00000587843.5,ENSG00000067836.12,ROGDI,4796968,4802950,1.795922732534417,1362,1723.34,87.4884,1.14378,AGAAAGATTGGTGGACAGGAGCAGCGGCCGGTGGGGAGGGCGCTCGGCGGCGGCCTGCGGCC,1.5701644831474733,0.6509156970733119
7036,ENST00000321919.13,ENSG00000140632.16,GLYR1,4803203,4847342,70.51290649345128,3772,4799.07,1396.47,6.55596,GGCCCACTCCAATGGGCGGCGCCGGGGCGACTTGCTGTTCCCGGCGGCCCGTGCGTCGGCGGTGGTTGGGTGGTAAG,10.755542512988377,3.4270083914808125
7037,ENST00000333050.6,ENSG00000184857.7,TMEM186,8780384,8797648,44.78855632985096,1448,1493.87,125.0,1.88521,GTGGGATTTACTTCCGGCAGCAGGTGGTGGGGCC,23.75786057248315,4.570333020233181
7038,ENST00000396593.6,ENSG00000153048.10,CARHSP1,8852942,8869012,199.85865649858036,3026,4153.88,194.271,1.0537,GGTGCCTTAGGCGCTGGAGAAAAACTTCACCCGCGCCCACAGGCCCCCTTTCCGCAGGCTGCGCTGGCGGTTCAGGTTTGCAGGCCGGAAGTGAAATGTTCTTTTTTGATTTTTAAAAAGGAAGCCTCCGGCCCTATGGTTTTCTGGGGTTGGAGTGGATGTGTGTGCTGGGGGAGGCGGAGACGTCCCGCTCCAGGCAGGGCCTTGGGTCTTAATAGGTGGGGAAATCTCTGCCAAATAGGAGGCCTCTCGGAGCCTCAGTTTCCCCATCTGCAGACTGGGCTCTGACTTCTTCTGGCATGAGAGGGTGTGTGAGAGTAAAAGGAGGCAGCTAGCCCCGTGCCGGGAGACACGTCAGCC,189.67320537020058,7.567372077222824
7039,ENST00000344836.8,ENSG00000187555.14,USP7,8892094,8964514,60.88715657831783,5412,5608.59,611.363,2.45588,GTACGTGCGCGTCTCCCTGCCGCCGCCGCCGCCCGCCGCGGGCCGCCCCGGGGCCGCCGTCGCCGACGACGCGCGGGAGGAGGAGGAGGAGGCCGCCCCGCCGCCGCCGCCGCCGCCGCCGCCCCGGCTCGCCGCCGCCCGCCCGCCGGGCTCGCAGCCCCGGCCCCCGGCCGCAGGCGAGGCCCAGGCCGCGGCCGAC,24.79239888688284,4.6318259667464226
7040,ENST00000359543.7,ENSG00000213853.9,EMP2,10528422,10580698,109.53453989897064,5197,5963.27,974.641,3.68233,GGCGGGATCGGGGAAGGAGGGGCCCCGCCGCCTAGAGGGTGGAGGGAGGGCGCGCAGTCCCAGCCCAGAGCTTCAAAACAGCCCGGCGGCCTCGCCTCGCACCCCCAGCCAGTCCGTCGATCCAGCTGCCAGCGCAGCCGCCAGCGCCGGCACATCCCGCTCTGGGCTTTAAACGTGACCCCTCGCCTCGACTCGCCCTGCCCTGTGAAA,29.745986888456667,4.894623138546386
7041,ENST00000622633.4,ENSG00000189067.12,LITAF,11547722,11636381,78.85674017615968,2467,2539.75,682.24,6.05212,CCTTTTCTCGGGGCGCCCGAGAGGCCAGCTCAGACCTCCCGGCTCGACAGGCGGCGCGGGCGGCGGTAAA,13.029606183644685,3.703721574381365
7042,ENST00000283033.9,ENSG00000153066.12,TXNDC11,11679080,11742878,5.8217803970095225,3140,3560.26,348.089,2.20278,GGCGGACCCCGCGGCGGCGGCGCGGCTGACGTGGAGCGTCCGGGTTAGCGGGTGCGGCGAGCTGCGGGATTGGGGAGCAACGGGCCGGGCCGGGCCTTCGGGCCCGAGGCGGCGGCGGCGGTATAAAGCCGGCGACTGGGAGCATGTA,2.642924121795877,1.402135005879895
7043,ENST00000355758.8,ENSG00000122299.11,ZC3H7A,11750586,11797267,23.647780098444297,3825,3326.95,915.799,6.20177,AACCGAGCCGCTGCCGCCGCCGCTAACCGAGGGAGAGCTGCGAGCGAGCACCCAGGCCCCGCCGCCGCCGCCGCCACCGCTGCCCGCCTGCCGCCGCCCGCCTCCGCCTGCCTTCTGCCGCCGGCCGGCGCGTCGTCCCCACAGATTGCTCATTTAGAAAGTGGATGTGTGGGATAAC,3.813069510550101,1.9309528309884607
7044,ENST00000571133.5,ENSG00000171490.12,RSL1D1,11833850,11851585,319.66969553832377,5483,5626.62,1626.66,6.51343,GGCTTGCTCGCGCGTGCGCACCAGAAGCCAGCAGTGGGGTTGCACACGCGCCTCTTCACGAGGTGGAAACAAG,49.07854932628796,5.617020701045864
7045,ENST00000434724.6,ENSG00000103342.12,GSPT1,11868128,11916082,180.2578464354841,7105,6089.91,3156.78,11.6787,GCCGCCGCCTCTGTCGTCGTCGCGAGTGTGGAGTCGGGACTGGAGCTGCTGCCGCGGCGACGCCGGGGATCTTTGTCGCTAGCTCCCGGCCCTTCTGCCCCGCCGCCTTCCCTCAGTCAGCGTTGCCCACTCCTCTCCGGCCGGGCGCCCCTGCCTCCATTTCCCGCTCTCTGTCCACCACACACACGGCCCCCCCGATC,15.434752706678323,3.948110463379314
7047,ENST00000433677.6,ENSG00000103381.11,CPPED1,12659799,12804017,4.207411358867822,1993,1632.92,175.582,2.42258,AGCGGTTGTTCTGTGTGAAGTCGCGCGGCTTCCACCCACGCAGTGTTCTAAGTGAAGGCCAGAAACTCGCTCGCC,1.7367481605840973,0.7963885693519698
7048,ENST00000437198.6,ENSG00000140694.16,PARN,14435701,14632728,40.56014533944625,3078,3159.11,496.457,3.54062,GCGCGCTGTTTCCGGAAGTCGCGGCCGGCGTCACCGCTGCGGCTGCCTCAGCTACTGCCGCAGTCGCCGCGGAATTCGGCGAGTAGAACCGCTGAGGCGGGCGCGGGCCCGGGTGGGGCCAAGGTTCCGGCCACTCTGCAGA,11.455661816135663,3.5179889032703313
7049,ENST00000287706.7,ENSG00000157045.8,NTAN1,15037853,15056079,5.601457873701492,1204,1068.73,353.606,7.45441,GCGCGGCCCGAGGGGCGGGGGCGGCGGGCGGCCCGGGGCTGCAAAGCGGGGGGCCGCCGCCTCCCTGGGCCTGCCTGGGCGGCCGCCTCCGCG,0.751428734628427,-0.41229180920672287
7050,ENST00000198767.10,ENSG00000085721.12,RRN3,15060022,15094317,20.774763998864337,3762,3257.66,1261.84,8.72688,ACGCGCAACTTCCGGGACAGAGGCTGTGGCTGGAAGGAGCTGGGCATCCGGCCTGAGGCGCAGCGGTCGCGTTAGTTCGGCCCA,2.380548832900686,1.2512942236268938
7051,ENST00000396368.7,ENSG00000166783.20,KIAA0430,15594386,15643166,4.577019287626815,7743,7804.83,809.359,2.33636,GGGCGGTGCGGTGCGGAAGCGGAAGTGAAGGGTGCGCTTGGCGGCGGCGGCGGGAGCTGCGGAGTCGGGAATCAAAACAAAGGGCCTGGGGGGGGCGGGGGGAAGGCGGCGGGGCCGGAATGTGAGCGGAGGTGGAGCCGGCGGCAGAGGGTGGAAGAATGAAAGAAAAGAAAGATGAAAGGATGTTGAATCACTTTGCATGGCTGT,1.9590385418457834,0.9701457812618557
7052,ENST00000255759.10,ENSG00000133393.12,FOPNL,15865720,15888625,112.41150162628372,2275,1778.02,899.377,11.3964,CCGCGGTGCGGCCCTGGCGGCCGTTGAAAA,9.863772913050061,3.3021395859342078
7053,ENST00000565420.5,ENSG00000134419.15,RPS15A,18781295,18801678,52.80188884953869,802,724.573,89.3991,2.77979,CCATCCTGCAATCTAAGGTTCGGTCTCGGTGTCCTGCGAGGAGGCTGGTCCCCACCTTGGCCGAGGATCCTGGCCTTGCCGGTTCCTGGACAGGCATAGAGGAGAGCCATGGCTGGGCGCCCCAGACTGTGCACTCAGGGGATCCCGGTCCGTGGGGTGCAGGCCGCAGCGCGGGCGGGAGCCGGAGCCTTCGACTGCCCAGCTAGGCGGTAGCTCCGGTTCGGGCCGCAGCGTCTGGATCTCCCTTTAGTGCTGAGGCAGCGCCTTGGCCCCGGGCGGCGGGCAACATCGGGGCTGGTGGGCCGTGCAGCTTCTCACTGCTGCGGCCGCGCTGGGAGCTTGGGAGGCTGAGGCCACCCAGCAGCCACA,18.994920065738306,4.247541735766023
7054,ENST00000304414.11,ENSG00000170540.14,ARL6IP1,18781295,18801678,655.8618853897133,2409,1862.1,4212.25,50.9651,ATGCGCTGAGCTTCGGTTGGCCCGGCTTCCTTGAGGCGTAAGCTCGGTCTGTCCAATGAGGAGCGAGCGTCGCGGGGGCCGTCGGGAAGGGCGGCCGACCCATATAAGCAGCCTGCGGGGCGTTCCCTCGGGTTGTGGTTGGTGTGCGGGTTTCGGTTGGAGGACTCGTTGGGGAGGTGGCCTGCGCTTGTAGAGACTGCATCCCCGAGACG,12.868843294523375,3.6858104788072197
7055,ENST00000446231.6,ENSG00000157106.16,SMG1,18804853,18926454,6.364269407148198,16115,15234.1,3566.71,5.27488,GTGCGACAGCGGCGGCGCGGCGGGCGGAGCCGGGAGGCGGGGAAGCAGTGGCCGTGTGAGCGTGAGGAGCTGCCGCCACCGCCTGCTCCTCGTCGTCCTCGTCCTCCGGGGCCCCGGCGACGTGGGCCGCGCACGGCCCTGGAAAAGACGTCGCCTCCCCTTCATCCGCCTCTCTCTCACCGCGCCGCTCCCGCCTCCTCGTCCTGCGCTGCGGGCTCAGGCGGAACCCGGAACGGCCGTCCTCTTCCCCCGCCCTCCGCCGCCTCCTCCTTCTCCTCCTCCTCCTCCTCCTCCTCCTTCTCGGCTTCCTCCTCAGCCCCGGGCCGGAGCGGGGTGTCGGCGGCGGCCGGTTCGGGCGGCGACTCGCGCTTCTTTGGGCGGCGGCGCTTGGCCATGTCGTGTCGGGGAAGGTA,1.2065240170673452,0.2708566341272979
7056,ENST00000353258.7,ENSG00000006007.11,GDE1,19501689,19522145,51.57271266119699,2958,2946.04,2064.46,15.7881,GATTGGCTGGGCGGCCGACTCCCTCTCTGGATGTGTCTGCTGCCGCCATTGTGCGGCGCTGGTCCCCTCAGAGGGTTCCTGCTGCTGCCGGTGCCTTGGACCCTCCCCCTCGCTTCTCGTTCTACTGCCCCAGGAGCCCGGCGGGTCCGGGACTCCCGTCCGTGCCGGTGCGGGCGCCGGC,3.2665559922471346,1.7077703692798323
7058,ENST00000219837.11,ENSG00000103550.13,KNOP1,19701934,19718235,31.50767452170781,6432,7746.6,1069.27,3.10983,GGCCGGCGACTCGAAGTGGACTTCCGGGTCACGGCGGAGCTGGCTCTCACGTGGAGGCGGGGAAATTTCGCCCACCGGA,10.131638874699842,3.3407956555181855
7059,ENST00000381337.6,ENSG00000066654.13,THUMPD1,20702816,20742084,42.074460303647086,4122,3521.37,944.409,6.04242,AGGAACAGGTACCAAGGTTGGGTGGAAGAAGCTATATGGCTGGAGCCAGCTTCAAGGGCTTGAGGAGCCACCGACACCACTTCCAGAATGGCTGCTATGCTGCCTCTACTGGATTCAGGTTGCAGTCGGGAGGCGGGGCAGGAGGCGGGGCTTGGGCGGGTATCACTCCACCCCTTTCACGATTGCAGACCGGCCTTAGGACCTGGCGCAGCACGGAATGAGGCTTCGAGGCCGGCTAGGGGAGGCCGTCGCTCATATCCGACGTCACCAGTTCGCGCCGGCGATAGACGAGGACGCCAACAGCAGCGGAGAAACGTTTCTCTTTCCTCTCAGTTTGCGCACACC,6.963180365424298,2.7997463936366476
7060,ENST00000357967.8,ENSG00000196678.13,ERI2,20780193,20900384,9.4975819672833,3499,2441.43,532.031,4.90969,CGACTTCCGGCAGCTGGACTTGGAAAAGCAAGGAGTGTCGGGA,1.9344565476197684,0.951928322868731
7062,ENST00000268383.6,ENSG00000140743.7,CDR2,22345936,22437715,21.09881841788581,2702,2747.6,456.644,3.74444,GCCAAAGTGCCACGTTGGGCCCGGCGGCGGCGTGAAGACTGGCGGCTGCGTGAGACTCCGGCTCCAGGCGTTCGCACCGTAATGCCCGGCCGTTGGGGCCGTCGGTAGGCGCGAGGCGAGTCGAGGCAGCCGGCCGGTCGGCGGCCGCCGGCGGGAACGGGGCTGAGGCGGCGCAGCGGAGTCTGGGCGGCGGCGCGTCCCGCCCGAGGGCGGCTCTGGCTGAGGGCGGAGGGGCCGGGGAAGAGCCCGGGGCAGCGGCTGAGGCGGGACGGCGGCGGGGGCCGCTGCCCCTAGAAGACCCAGCCGAG,5.634705968819318,2.494340329404806
7063,ENST00000307149.9,ENSG00000168434.12,COG7,23388493,23453180,25.80514291394213,2926,3293.65,572.075,3.91326,TCCCAGCCGCAAACTGAGTGCGCTGAGCGGGGAAGCGCAAAGGGGCAAGTTACCCGTCCTGGCGTTTCTGGGGTTCGCCTCGGAGGCTAGCCTCGGTGCTCTCGCAGGCTCGCTCGCTTCTGCATCCCCGTTGCCGCCCGGAGCCAACTCTTAAGTTCTGGACGCCAGGCCTGAGGCAGTTCCGCC,6.594282749917493,2.7212157482697816
7064,ENST00000309859.8,ENSG00000103365.15,GGA2,23463542,23521995,60.08695266856303,5973,7062.87,1616.04,5.15503,GCAGTCAGCAGAGGAGAGCGCCAGGACGCTACAGCGGCTGAAGAGGCAGTGGCGCCCGCGGCCGCAGCGTCGGGGCTGGAGCG,11.65598506091391,3.5429990283496435
7065,ENST00000449606.5,ENSG00000103356.15,EARS2,23522014,23557731,34.24714390358158,3961,4752.92,878.221,4.16299,GGGAGAAGCCCACGTGTGCTATTCCATCCCAC,8.226573665461984,3.040291679115223
7066,ENST00000007516.7,ENSG00000004779.9,NDUFAB1,23581002,23596356,751.2366423221915,717,469.582,901.673,43.2613,GCGCGCCGCCGGAAAGGAACCCTGGTCCGGAGGCGGCGGCGCAGTGCATCCTGGGTTGGCGTAGCC,17.36509634065993,4.118118509627336
7067,ENST00000261584.8,ENSG00000083093.9,PALB2,23603160,23641310,4.41340146963749,4003,3456.98,852.599,5.55662,GCCCGCGTGGGTCAGCTGATCGCGCACTGAGGGTGCGATCCCGGGCTCCCCATTCCTTCCTGGGGCGCCTCCCCGGCCCAGGGCCAACTGGGTCCCGGTGTCGGCAGGCCTGGGGTCGGCGACGGCTGCTCTTTTCGTTCTGTCGCCTGCCCG,0.7942600843025959,-0.3323165926920785
7068,ENST00000289968.10,ENSG00000140750.16,ARHGAP17,24919385,25015666,30.852941732466693,3461,4174.55,712.299,3.84428,GTAGTAGCTGCCAGGCTGTCCCCCGCCCTGCCCGGCCCGAGCCCCGCGGGCCGCCGCCGCCACCGCCGCC,8.025674959281503,3.0046227279932527
7070,ENST00000328086.11,ENSG00000155592.15,ZKSCAN2,25236001,25257931,8.803099010194234,7523,8452.48,671.366,1.78952,CTCCCCCAGCCCCTCGCCCGCCAGGACGCCTCGCGCGGGCCCCGCGGCGCTCGGTGGCAGGCGGCGCATGCGTGACTGCGGTTCCCAGCGCCCCCCGCGCTCTCCGCGGGCCGAGTGGACGAGGCCGAACGCGAGCAGCCTGCCGCTGCCCCCTGCGAGCCCTGGCTTCGCCCCGCAGCTCTTCTCCCTTCCGGGCGGAACAGTTTTTGCGGCCTTTCCTCGGCGGCAGCGGTTTCCTCAGGACGGTCGGGGCCGTCGTGGGCCCGAAAGAGCCCGGCGCCGCTCTCGGAATCCGGCGGCCCCAGCGGCACCCGCGGCGGCCTGGACGTGCTGCGGTGACCCGAGCCCGGAACCTGGCGCCGGGCGGGGCCTGCACATCCGGCCCCACCCACTCGGGGACTCGCCTCTCCGCGCCCGACCCGGGAGTAGCGGACACACCCCCTCCCGGCCCGGCTGTCCGCCTCCGCCCAGCCTTTCCTCAGCCTGCTTCATTTTTCTCCCAGTCGTCCAGCCTCCCGGTTTCCGACTTTGCACTAAGAGGGATGCACTCTGGAAAACCACATTGCGCGGTCACATCTTGTTTGGAGAAGAGGCCAGGCTTTTGCATCTTAGAGTATACGTTCACCTTTTCAAGGGCCTGGCATAGATTTGATTAATCAGCCTGGAATACCCTGTTCCTGCCGACCTGGCCGTTTTTACCTCCGTACCTTATCACACTCCCAGGAACATTAAGCAGGGAGCGCTTGGAGTCTTCTTTGGGTCCCCACCTTGAGCTAGACGTGAAGTTGACCCCTGGGCTGCAGC,4.919251536833472,2.29843882649125
7071,ENST00000361439.8,ENSG00000169189.16,NSMCE1,27224991,27268794,91.5326756175354,1067,970.626,332.372,7.71497,GCGTTCGCGTTCGCCCCGCCTCAAAGGAAGAAGAGTCCACCTTGCGACCGTATCCGCTAGCGCGGCCTGGGATGCGCTTGGGCTCCCTGTTCGTTCCCAC,11.864294432452155,3.5685544011445147
7073,ENST00000356183.8,ENSG00000077235.17,GTF3C1,27459555,27549913,53.87881091071792,7018,9553.2,2331.08,5.49756,GCCGACTGAAGTAGCA,9.800495294406595,3.2928546615470085
7074,ENST00000304658.9,ENSG00000169180.11,XPO6,28097979,28211920,24.941185457311324,4422,5301.15,1044.14,4.43762,GGCAGTGGCCGTGTGGGTTGAGGCTGCGAGGACAGCGCGGGCCCCCGGGCCTCTCCCCTGAGCCGGCCGCCTGGGCCGCGCGGTCGAGGCCTGTCAGCCTCCGCCCGTTCAGCCTCGGGGCCGGGGCCGCCGCCACCTCTGCCCGCGGAGGCCGGGGAGCCCCTGCCTGGGCCCGCAGCCTCCCCCGCGGGGGTCGGGCCCGGGCGGGGGTCCCGAGCAGCTGCCCTCCTCGCCGGCATCCGAGCCTCATTTCCTGCTTTTTCAGTTTCCTTGGGGAGGGGCGGGTGGGTCTGGATGAATTGTCTCGGGGTCCCCCGATGAGGCGACCCGGGCGGCCCTGCCCTTTTTAGAGGGTCCCCTCGGGGCCCGGTGGGGAAGGGGTTGTCTTTGCATGGGTGGGGGACTTCCCGAGTCTGCCGGGACCATGACCTGAACTGTGCGAGCGGGACGTGTCCGAAGCCCAAGAACCAGCTCATCTGAGCCGCCCCCTCCCCGGCCAGC,5.620396847254007,2.4906720004376908
7075,ENST00000313511.7,ENSG00000178952.9,TUFM,28842411,28846408,460.7940264324026,2071,2642.06,5418.19,46.2033,AGACACTGGCGGCTAGAGGGGCCCGGACTTGCCCTCCCAGCTCTAACTTCCGCCGGAAGTGCCTTCCAGCCGCAGGCGCCCTTCTTCTTCTGTGCGCTCGGGCTCCTGGTCCCGGCTCCCCGGTTACCGGGGCGCGAGT,9.973184305718478,3.3180542116035943
7076,ENST00000219789.10,ENSG00000103502.13,CDIPT,29858357,29863736,89.93726420413645,2353,3194.99,368.766,2.60041,CCGTACCCCTCCAGGTGCCTCCTTGAGGGCAGTGACCCCAAGCGCCAGACGCTTGAGAAGCTTGGGAGGATGACGTAGGGTGGAGCCTGCGACCTAATCCTCCCATCACAAGGGGCACGCGAAAAGCAACCCATCTGCAGGGCGCTCTGGAGCCTCTCTAGCCGCCTAGAGCCTGCGAGAGCAAAGGCGGCTGGAGACTTAGGGGGCGGGGAGTAAAGTGAGGACTGCACCAAATCTCCTGGCCTCTTGGGGACGCAAAGACTCAGGAGGAGGAATTTTATCGCCTTATCTTTGCCTCCAGGAAGTCATACCCTCCACAAAAGGAAAGCAGAGATTTTTATTCGGTCTTCTCTTTTACCCTTTCCTTTTCCGTTTCTAACTTTGCTTGACGTTAATGGTTCCTTCCTCCCTCTCCTCCTCTGCGCTTTGGTACGAGCCAAGGGAGAGGGGCGGAGGGAGGAAAAGGGAAAGGAAGCCGACAGGCCTTAAAGGGGCCGCAACTATTTTTTTAAGCCACTTTTTCCTCTCTCCAATTTTGCAACGACGGGCGCGGAGGAGGAGGTTCCCGGAAGCCACGCGCAGCTGGAGCAGCGGCGACCGCAGCTGGAGGCCCGGAGCGCCTGCGGGGCTGGCAGAGGCGAGGGAGGTTGCGGGTAGGAAGGGCGGACTGCGCGCGCCCCCTGCGTCCCGCGCACCTCGGGGCCGGTCCATGCTCCCGACGGCTGCGGGCTTCAGCATCTGGGGCCAGGTTGGGGCGGCGGGGTCCAGGGCGCAGGTGGTGCGGCCGATGCGCCGGGCCGGAGGCTGAGGCCGCGCTGCGGGGCTGGGACAGCACTGGCATCTCCAGAGCAGGCCCGGGGCAGCAAGGGAGGCGCCGCG,34.58580154826987,5.112107987085699
7077,ENST00000279392.7,ENSG00000149929.15,HIRIP3,29992321,29996436,32.19538489064768,3388,4834.29,584.79,2.7254,CGCGCCAGGCCTCATCCCCCACAGCCTTCCCGCGGCAGCACTCACGTAGATGAGGAACTTGAGCTTCCGCTTCAGATTCCGGTATTTTTTTTTGTAGTCCACTTCGCCGTCCGCCGGCCCGTTCATGACCGGCCCGGGAGTGGCGCCCAGAGTCTGCCCTCCCGCTACCCCAAGCAGTGGCTGCCGTGCCGCTCCCGCCTCCACTTCCGGAGACGCTGCAAGGCTGTGCCGTCAGGACTACAACTCCCGGCGTACCCCGCGCTCAGGGGCGTCACCGCACGGGCCGACCTCCCGGGGGACACTGGGACAGGAGCGCGGCAGCCACTGCGCTGGGGATGGCGTAGCAGCGACGCGGTGACGCCACAAAAATGGCGGACGCTGGAAAGCGCCGTTCCTGACTCTAATGTACTTAGACACTTGAAGCCACAAAAGGATTTATCCCCGAGGTTCCTCATCTGCTCGCGAGGATGCCTTTTCTCTTCTGCCTTGCGAAATAACAGCAGCCTAGCTGTTGCCCGTGACCAGTGAGAAAGGCAGCGTCGCGGGCTGATTAGGTTTCACCCAAAGGGTGCCGGCGCCGAATTGGTTTCTAACGAGAACTTTTAAAATGATCCGTTCCAAAAAAGGGTAGGAGCCGCGAGACCCTCCAACTGCCCAGAGAAAACAAGTCTCGTCTGGCAAAGTTCTCGGCCCACGCGGTCCGCGGCCAAGGGCCAACGGTCCCTCGCCCCACGTTGCCGCAGCACTGCGCGTGCGCGAGCCGCTGTCAAACGCGCTGACGGAGGCCGAGAAGAAAAAAAGGCGGGAGCCGTCAATCCCGGGTTGAGCAAA,11.813086112367975,3.562314006056362
7079,ENST00000263025.8,ENSG00000102882.11,MAPK3,30114105,30123506,53.75502308307146,1861,2621.69,715.675,6.1503,CTGCGGGTGACAGGCAGGCGGGAAGGGGCGGGGCCTCGGGCGGGGCCGCCGTGGGGAGGAGGGCGGTGGGAGGGGAGGAGTGGAG,8.740227807273053,3.127670882945552
7080,ENST00000305596.7,ENSG00000169217.8,CD2BP2,30350766,30355361,90.20075299582189,3421,5012.1,1514.12,6.80614,AGTTAGTTCCCTAACCCGAGTGAAGCCACTTCCGGGCTTCCCGGGCGCCTTCCGCAGTCCTCTTCCGGGTGATGGCGGCCGGGTGCCCCGGATGTAGCCCTGGCGCAAGCATCTCTTCTTTTTTCCACCTCGCCTTCCGCGGATTCCCAGCTTGAGAAACACCTCTTTGCCCCGTC,13.25285007299613,3.7282307446778256
7081,ENST00000409939.7,ENSG00000169221.13,TBC1D10B,30357102,30370264,28.49670444366254,3350,4789.8,1100.02,5.17423,GGCTGGCCTCGCCGGGAGGCCCGAGGGGCGGCGCCTTCTGCGGCCTCCCCGGCGGGGGGATGTGAGGGGCGGCCCGCGGCC,5.507429017199185,2.4613789957918586
7082,ENST00000319285.4,ENSG00000179958.8,DCTPP1,30423619,30430075,428.0075481642629,1222,1397.39,1235.65,19.9223,ATAGAGAACTCCCGTAATTGGTCGGAGCTCTGGAGGCGGGGCTTCGAGCGTGGCTCGTGGGTTTTCCGTGAAGTCGCGGTGCAGCGGTGGGCGGC,21.48384213490726,4.425180120486968
7083,ENST00000478753.4,ENSG00000179918.18,SEPHS2,30443631,30446181,365.7760049369119,2551,2720.59,1789.0,14.8153,AATCCTGCCGATCATGAGGTTTGCCGAGTGACCAATCTTCCCTCGTCTACAATTTGCTGGACTTGGAAAAGTGACTGGAAGGGAGCAGAGTTCCGTCAGCCACTGCCAAGAAACCATTTAAATTACTAAGAGAGCGAAGGAAAGCACGTGACGTTCTGCAATCCCGTTGCAAGCGGTTTTGCAAGCCGGAGGTTGTTGCACCTTTTAGAGTCTAGGAAGCCCGCCTCTCGGTGGCGGAGTCGTCATTGGATGTTGCGGCTGTCAATCGCCAGGGCTATAAATAAGGGAGTCCGGCGGCTCCTCTATCAGGAAGATTGTGCATGCCGTGGGTCTGACGGCTTGAGTAGCGCTAGGGAGAATCCCTGCAGGTAATATTTGACTTTTGCTTCATATTAATCTGAGTGGAAAATAAAAGGGCCCTCTTCTCCTCTCGCTTCCCTGCCGGGCAGGCGCC,24.68907176614121,4.625800691450735
7085,ENST00000380412.6,ENSG00000169957.9,ZNF768,30524001,30558498,34.946968893352725,2315,3447.75,821.465,5.36803,CGCGCTGGAGAGGCGCGGGGTCAAGACGTCCGGCCTCGGGGGCCCGGGCTGGGCCGCCGAGTCCCCTGGGCGGCGCTGAGCGGGCGGGAGGCGGGGGCCCGCGGCTCGGGGCAACCGAGGCCGGGTCGCGGGATCGGCCGCCATCGCCGCCGCCGCTGCACTGGGAGCCCGCGGGG,6.510203723405556,2.7027026902646734
7086,ENST00000395094.3,ENSG00000169955.7,ZNF747,30524001,30558498,12.372881237936186,3504,4839.55,408.053,1.89965,GGGGGCGTCGTCGTGGGTACAATTGCGCAGGGGCAAAGGTCGAGAGGTCGCGCTGCCGCCGTTTTATTTGAAGACATCGTCCAGTTCTGACCATGGACTCGCAGCCATCGGCCCTTAGTTTCCATCCCCTCTAGTGGGCCTTCGGGGGCTCTACTGACGTCCCTCCTTCCCTTGGTACCGGGCCGGGGAAGTGTTCTCGGGCGCGGGAGGTTCCGCATGCCCAGGCCTGGCCAGGGGAG,6.513242564649375,2.7033759561844777
7087,ENST00000287461.7,ENSG00000156853.12,ZNF689,30602558,30624012,70.4780437022136,3547,4775.13,808.861,3.81638,TTGAGGGCAAAGAGGTTAGGAAGCCGGCATGGCGCTCCGGTCAATAAAATCGATAGCTGGAAGCTGCCTGTGTTCCAGGCAAAGGCGGTGCGGTAGCAGCGCCGCCATTTTCCCCGAAGGCATCTTCCGGTGCCTTTCACCCAAGTTCGGGCAGGAGTTTCCTGAATAACAGCAAAAGGTTTCCGTTAGCCCCGCGGGCGACCAATTCCGATTCCCTCCGGGCCTCCCCGGCCACGCTCAGCCCTGGTCCGGCAGGGGCTCCTCGATCCCAGGGGCCGCCAGCGCCCGAGGGCCGAGGCCTGGACACGGAAGGCCGTGGCGCCGGCTTCTCGGGTCCC,18.467250038574146,4.206897145231164
7089,ENST00000262525.5,ENSG00000102870.5,ZNF629,30778449,30787202,39.21234701890396,6087,8971.78,1621.0,4.07068,TCCTGCTCCGTCCCAGTCACCCTGAACTGGTCCCCGGGTCCTCAGCCTGGAATCACCCCTTGAGAAGGACCCCAGAGTCCTCGGCGCCCAGTCCGTCCCCCGAGGCAGGGCACTGAAGGGGTTAAGTCCCCTGGGGCTGGATTCCGCCTTCCGGCTTTTCCCAGACCCCAGAGCCGGTCCCTGGAACACTGCAGTCCTGAGCTCTGGG,9.632873873383307,3.267966276193261
7090,ENST00000215115.4,ENSG00000099385.11,BCL7C,30833626,30895216,16.84933665257279,1740,2265.4,341.98,3.40109,CATCATGCGACTTGTCTATGTTGCTGTGTGTAGCCGGGCATGTCAATCCCGTTGCTGTGTCTATGTGCATGGTAGTGAGTAGGGCATCATTCATTTTCCATTCTGTTGATGGGTTATTTCCAGTTTGGGGCTGTTATGAAAGGGCTCTGAACATTCCCATGCACCCTCTTGATGCTCACACCTACACATTTCTGCTGGGTGTTGACAGCCTAGGAGTGGAACTGCTGGATCACAGAGGTGGCATATGTTCGGCTTCATTAGAAAACTGCCAGTTTTCCAAAATGTCTCTACCAATTTACACTCCCCCAGAAATACAAGAGAGGTCCAGTCGCTCTACTTTCTCGCCTCCACACGGTGCGGTCTTTTTCACTTTAGCCATTCTGGTGGTGGAGACCCACTCGTATTCGCAGCGCCTGGAGCGTAATTGGCACTCAGTTAACAAGACTGTTGAATGAATGGATGACTGAGTAAGTTGGGCGGTGTAGACCAACAGCCTGGCGAGGGCGGACACACGCACGCACTCCACACACAGCGTTTCGCGGACACCCACCGCGGCTCACGCAGCGCAGGACACAGACCCTGTCGCGCACCCCGCGCCCACGTGGTCTGAACACACGGCCTCGGCCCTGCCTCGCGCGTCCGGTCGCAACTCCCGCTCTCCGTCCCCAACTCGCGCGTCCGTCCCCAACTCCCGCTCTCGGCGGCGGGCAGGGGGCGCTGAGCGTCCAGGCGCTCCAAGGGGGCGGGCCCGGGTCGGGGCGGGGCCGGCCGGGCTTCCAGGCCTGGGCTCTGGCCGCCCGCGCCACCGGGCCGCTCCGGGGACAGGCCGGGGCGGGGCGCGGCGGCAGGAAACGGGGCGGGGACTTGCGGAGGCGTTGGGGACGAGAGAGGGCGCGGCCAACTCCAGGGGGGACGGCAGGCCGAGAGCGCGGCGCCCGGGCCTGGCGCGGAGCCTGAGCCCGCCGGACGGGAGGCGGCCCCGCCGCGGGCTCGGCCCCGGCCCCAGCCCCGCCAGC,4.954099024892841,2.308622706148671
7092,ENST00000394975.2,ENSG00000167397.14,VKORC1,31083425,31095980,236.07715867169367,1012,1230.05,594.238,10.8843,CGCGATTCCGCACGTCCCTTACCCGCTTCACTAGTCCCGGCATTCTTCGCTGTTTTCCTAACTCGCCCGCTTGACTAGCGCCCTGGAACAGCCATTTGGGTCGTGGAGTGCGAGCACGGCCGGCCAATCGCCGAGTCAGAGGGCCAGGAGGGGCGCGGCCATTCGCCGCCCGGCCCCTGCTCCGTGGCTGGTTTTCTCCGCGGGCGCCTCGGGCGGAACCTGGAGATA,21.689696045836083,4.438937930459212
7093,ENST00000327237.6,ENSG00000140688.16,C16orf58,31489471,31509309,25.896152241656168,2793,4075.86,582.408,3.21936,ACCGTGCGGCAGGGGCGGGGCTGGGATCCAAAAGCTCGGC,8.04388208887983,3.0078919340754995
7094,ENST00000303383.7,ENSG00000171241.8,SHCBP1,46580554,46621626,39.963511385732886,3461,3024.6,739.757,5.51041,TATCTCATTTCCAGGCATTGCTGGTTCGTTTTTTTCGAAAATCATTCCAAATTATATTCCAATTCGACTTTCTTCAAGTTCATCCCAGAAAAGCAAAGGCCGGGCACTTGAACAAGAACAGCTGTCAGCCTGGGGCGAGGGGGCAGTGTTGGTGGGGGCTGGAGCGGGGCCGGACTCTAATTGGTCCACGGCCTCGGCCCGACTATCAAATCAGCAGAGCCTGCGTCATCACGTCGTTGCCTGGGCTGCCGTCCGCGGAAATTTGAA,7.25236622787286,2.8584517797146445
7095,ENST00000299138.11,ENSG00000069329.15,VPS35,46656132,46689518,98.73354921461753,6790,6411.55,899.309,3.16015,GACCGCGGGAGGCTACGCGCGGGGCGGGTGCTGCTTGCTGCAGGCTCTGGGGAGTCGCC,31.243310986699218,4.965475445005428
7096,ENST00000285697.8,ENSG00000155330.9,C16orf87,46796607,46831411,42.005393285080046,1585,1179.54,255.813,4.88619,GATACTCTGGGCGAGCTCGCGGGCGGGCTGTGGGTCGCGAGCCGCCGTGGGAGCGCGTGTCGCGGTCCCCAGGAGCCGCCGGCCGACGCTCCGCCCCGCCCCCTTGGCGCCCAGGTCCCGCGCGAGCTCGCGCACGCGCGCGCGCGCACCCGCCAGAGGCTTGTTTGAGGCCCGCGGGGACTGGGCGGGCGGAGGCCGGGCTGCCGAAGTGTGAGGGGAGGAGCCCGAGCCGTCGCTGCTGCCGCCGCTAAGGGAGAGGAGC,8.596758064070379,3.103792705550039
7097,ENST00000317089.9,ENSG00000069345.11,DNAJA2,46955362,46973788,219.85861502090395,3122,2475.0,1477.69,13.4515,AATACTTCGACCCCAGTGGCCGCGCCTCGGGCGCTCGGGGGCGGGCTCTGCACAGCGACGTCACGGCGCACCGTGCGCTGGGTCAAAGTTCAGCCCCGCCCCCGCTTCCCCCTCGCTGTCTCCCTCGGCCTGTGCCGCCGCCGACGCCGCTTGTGGGCCCGACTCCGCTCTGTCTGCTTCGCCACCTTCTCCCCGAGCACTGCCCGGCCGGCCGCC,16.344542617619148,4.030737100470651
7098,ENST00000562435.5,ENSG00000171208.9,NETO2,47077703,47143997,20.585130749608883,7481,6218.17,370.347,1.34186,ACGCGGCGCTCGCGCTCCCTCCTTAAATGAGCCTGGGCGCCCCGCGCCCGCCACTTCAGTGGATCCCGCGCCGGGGCCGCGGGCGGAGCTGCCTGCCGGTCCCGCGCCGCGCGTCCGCACTCCTCGGCCCTCGGGCGGTCGATGGGACGGGGCGCCGCGGAGCAGGAGGCGGCGCCCGTCGGGGTGCTCGGGCCGCGCGGGAGCCCACTGTGGGGCTCGGGCATGGCGGGCCGCAGGACCTGAGCTCTCCTCAGGGGAGCGGGGAGGCAGCTGCTGGCCGGCGATGGGGACGGAGTGGGGCCGTCGCCGCCGCGCCGAGCCGTGAGCGCCGAGCCACCGCCGCCGCTACCTCAGCCCTTCGCGAAGCGCCGGGCAGCTCGGGAAC,15.340744004299168,3.9392965480856987
7099,ENST00000320640.10,ENSG00000129636.12,ITFG1,47154387,47464149,40.5680553686423,3400,2702.87,690.22,5.75339,ACTGTCGGGAGGCGCGCCTGCCGGAAGTGAGCGTGAGGGCGGCTTTCACCCTAGCTCCACTGCTTTTTTAGCGTCGGAAGGGCAGCCCTAGTGGGAGAGAGAAAAAGGAGCCGGCAGCGGCTCTTACGCGTCCCGGGGCTGCGCGCCACTCTCTCGGCCGGTAACGCGGTGCTTTGCGGCTGTCGTCAAGCGCGGCGTTGGGCCGGCGGGCGGGGGCTGAGGGGCTGCC,7.051156860327963,2.8178599752046574
7100,ENST00000262384.3,ENSG00000102921.7,N4BP1,48538726,48620148,12.006877563243036,7106,8875.56,521.9,1.32481,GGCCCGGCCCGCGGCGGCGGCAAAGGGGCGGAGGGGTTCGCTGCCAGCAATTGCCAAGCTGCTGCGGTCGTGGCGGGATGGTATAGCCGGGCCTGAGGGCGGGCGGCGGGGCGCGGGCGGGGGCGAGGCGGCCGGGAAGGGCCGACGCCGCCTGACTGGCTTGGGAGCAGCGGCAGCAAGCTGAGGGGGCGTCGCCGCCGCCGGCCCCCGGCGCCGCCGCGGGAGGCCGCGCCCGCC,9.0630940008326,3.1800036482463216
7102,ENST00000394689.2,ENSG00000166164.15,BRD7,50313487,50368934,4.66370228782815,2145,1876.97,2106.57,25.286,CGGAC,0.18443811942688249,-2.4387912339974624
7103,ENST00000251020.8,ENSG00000103449.11,SALL1,51135975,51151367,8.848022554457726,5146,5611.4,680.938,2.734,TTTTTATTCTGCCCCAGCTGATGTTTGAGCCAGC,3.236292082830185,1.6943418202013005
7104,ENST00000219746.13,ENSG00000103460.16,TOX3,52438005,52547802,8.984360967157434,3233,3354.99,331.84,2.22843,CCGCGCCCCCGGCGCCCGGCCCGCGCGCAGCGCTGCCTCGGTGCCCCGGCGGGGCGCGTCCCCCCGGCCGCCTCCCGCTCTCCCGCGGCTCGCGTGGCCGCGCCTTTGTGTGCGGCGGCCGCGGCTCCCGAGCTCCTCGGGCTCTGGGTCCCGGCGCCCCTCCGGCCGCGAGTCCCACGCGCCACCCCCGGGCGCCCTCGACGGTGGATCTAGCGGCGGCGAGGAGGCGGGTCCCGGCCCCGGCGAACCCCAGTCCCGGCCCCCGGCCCCGGGCCCAGCTTCGGC,4.031699881601591,2.0113882490957455
7105,ENST00000300245.8,ENSG00000166971.16,AKTIP,53491040,53504411,4.790240378957656,2133,1679.34,116.937,1.56883,CGGGGATCAAGCAGGGGCAGGGCTGGCGCTGCGGCGGGAGATGCTGTCGGGCCGCGGCGGCGCTTGGCAGCCAGGAGCTCTGCATTGAAGGCACTGGGCCGTTTGATTGGTGCAAGTAGGAATTCAGAGAAGGAGCTCTGCTTTAAAGGTAAAGTGAATGCCGAAGACAGAAGATTTGGATGATACACCACTGACTTTCTTTGTTTGGAATACACGTT,3.053383973379943,1.6104090247424212
7106,ENST00000329734.3,ENSG00000177508.11,IRX3,54283304,54286763,11.04980214067908,2601,3867.27,291.504,1.69825,CGCGCGGCACCCTAAGTGTCCACAACTTTTGGCTGCCTTACTTAGCCCAGGGCGCAGAGGCTGGAAAGGTCGCGGGGAGTATCGTGTGAGTAAAGAGAGAGATTTACAAAATAGAAGTAGTGAGAAAGGAAGAAGTGAAGGGAACGGACCGGAGAGCAAAAGCCCTCGTGAGAAAGGGAAAGAGAAGGGGAGAGGAGAAAGGAGAGTTTCATAGCGTCCAGGGCAGTGCAGGAGCCCGAAGCAGCGGAAGCGATCCTGGGGGGAAGAGGAGTGCGGAGAGGGGAGGGGAGAGGAAGGGCGAGGAGGGGGAGTGAAAACTAGAGGAGGGCGAAGGAAGCGAGGCGCGACACTGCTGGGGAGAGGAGGGCAGTGAGGAGCGAGGAGCGGGCAGAGGCAGCTCCGGCGGCCGAGAGGAGGGAGCGCGGCGCAGAGAGGAGGGGCTTGCGCCCCGTAGAAATGTCAATCAGAGCCCGGAGCCCCGGGAATCTCCGCCAATCTGTTCGGACCTGACCTGGCTCCTCGCCGCCGCCCTCGCCGCCGCCGTCGCCGCCGCGGAGCAGATCAATAGGCGAACGCGGAGCACAGCGCAGCGCGGGCGGCAGCGCGGCCCCAAGCCCGGCCCAGCCCCCGATGCGCGCCGGAGCCCGCGGGCGGCGCTGAGCTGGGCGGCCCGGGGGTCGGCCCCCCTCTCCGTCCGTGCCCCGCGGGCCACC,6.506581563773932,2.7018997774475007
7107,ENST00000290649.9,ENSG00000159461.14,AMFR,56361452,56425538,87.67604739484379,3600,3992.51,1533.69,8.65473,CTCTTCCGCGCCGGCAGGGGCAGCAGCGGGAGCAGCGCGGGGCGGAGCGGCGCCAGCAGCCAGGAGCGGCCCGGCCCGGCCCGGCGCGGCGGCGGCGGCGGCAGCGGCAGCGGCAGCGACGCCAGAGCCCGTGGGCGCCGTTCGCGAGGCCGCCGCAGAGGCCCGGCCGCAGCGCAGGGAAGCCTGGGGGCCAGAGGTCGCCGCTGCCGCC,10.130419712093131,3.340622042374059
7108,ENST00000300291.9,ENSG00000167005.13,NUDT21,56429133,56452199,259.73827846396085,4436,3453.28,5135.53,33.5054,CCTGCCGCCAGAGGCTCCGGGTTCACTTCCGGCGTGCCTACGCCTCCTCTTGCGCTGTCCTGTTAATGGCGGGCAGTAGCCGCTGAGGGGATTGCAGATAACCGCTTCCCGCACGGGGAAAGTCTACCCTGCCTGCCACTTTCTGCTCGCCGTCAGCGCCGGAGCTCGCCAGC,7.752131849312673,2.9545931085151067
7109,ENST00000245157.9,ENSG00000125124.11,BBS2,56466836,56520283,30.522580103678475,2963,3008.82,282.991,2.11904,TGTCAAGTTTGCAGGGTGCAGCTTGGATGTGGTGCTAGAAGGGGAAGCCTCTGGGCTGAGCATGTAGGCTCGTCAGTAGAGTTCAACCCGCAGGAGTAAATTACTGCAGTGGGAAACAACCGCACCCGCGGCCCAGCAGGGGTTCCACTGCGCAGCCGCAAAAGGCGCCGAGGCTCCACTGCGCAGCCACAGAAGGCGCCGAGGCTCCACCGCGCAGCCGCAAAAAGAGCGGACGGGTCTGCGCCGCCGCAGGAGGAGCAGGCGGTACCTGGACGGGTTCGTCCCGGGCTGTTTCGCGTCCGGCCTGAGGCGGCTGGGGCCGCGCAGGTAGTGTCCCTGCACTTCTTGCCCGGGCGCGTGAGGCCAGCTCCGCTGCGCTTGTCTCCAGCTTCCAGCCCTCCTCCCCTAAGCCGCCGCCATC,14.40396599577095,3.848394193683253
7110,ENST00000564108.5,ENSG00000172775.16,FAM192A,57152466,57186116,31.132384810622955,1055,746.916,78.1779,2.35816,CGGTGAGGAACAGGAAGCCCTGAAGGGTCAAAAGAAATACAAAAGCAAAGGCTATTTTCTTTTTTTTTTTCTTTCTTTCATTCATTCCTTCCTCTGTTTCTTTCTTTCTTCCTTTCATTTTTTTTTCTTTTTTAAGAGCGAGCGGCTCTGCGGTGGCGGTTTGGGGTGGGCGCCGCCGAGGTGAGGTCGTCTCGCCTCCCGCGCGCCGGTAGGGTCAATGATCATGTAAATTAGATAATATCCATAAAAGGAATATAATACATGATTGGTTGTTTCATT,13.201981549438104,3.72268258181908
7111,ENST00000394391.8,ENSG00000005194.14,CIAPIN1,57428169,57447528,112.17308626549202,2182,2403.09,775.562,7.27123,CCAGATACCGCCGCCGCCGCCATTTTGGAAGCGGGCACGTCGCCCACGGCGACGCGACCGGTAGCTACGGGACCACGGCCCTAAGGAGGGCGGAAGTCGTCGCTCCGTGGAGCCTCCTCCTCTCGCGAGAGGCGCAAGGCGTGGAGTCGACGGCTGGAGAGAAGCCGGGAGCGAGCCCAGGCGGCAGTCTTGATTCCCTTTTGGCCAGCAGTTTTTAGGTCTGTCAGTACTGCACTGCAAGA,15.426975390063582,3.947383329998198
7113,ENST00000262498.7,ENSG00000070761.7,CFAP20,58113588,58129450,240.99888359862385,1354,1175.15,1261.54,24.1863,GCGCTCCCGGGGGGCGGGCTCAGATGGGCGGAGGGATTCATTTTAAGCAACGGGCGGCCCTCCGCCTCCATTGAAGGCGGGGAAATACCGCGGCGCGGACGGTAGTTGCTGTGGTTTCCGTTCTGAGCTCGCAGCTTAGGAGCTGAAGATCGCGGACTTAGCGTTGCCGCGTCCGAGTCCGGCCATCAGTGGCTGCAGATCCGGAGGCCAGGAGCTCAACCACCCTTCTTCGGAACAGGGCCGGCCTGCTGCTGTGCCCTCGACGCTCGGTGCCTGTATCTACTCCGGGGCCTAGGTCGGCTCCGGGGGCGGCTTAGGAGAAGGCCGCCGGCGAG,9.96427248477956,3.316764474315108
7114,ENST00000262506.7,ENSG00000070770.8,CSNK2A2,58157907,58197920,141.0878635060334,1701,1710.02,771.466,10.1643,CCCGCGCCCCCAGCCCGCCCGCCCCCGCGGGCCCGGCCTGGCGCGGCCGCCCGCCGCCGCGCTCCTCCTCCTCCTCCTCCAGCGCCCGGCGGCCCGCTGCCTCCTCCGCCCGACGCCCCGCGTCCCCCGCCGCGCCGCCGCCGCCACCCTCTGCGCCCCGCGCCGCCCCCCGGTCCCGCCCGCC,13.880726022060877,3.7950111239731186
7115,ENST00000317147.9,ENSG00000125107.17,CNOT1,58519951,58629886,50.70528095766244,8471,8520.52,8460.28,22.3708,GAAATGGGAACGGGGAGGGGAAAGGCCGCGACGTGAGCGCGCGACCTCCGGCGCCATTTTGTAGAGAAACAAGCGGAGTTAACCGAAGAGGGGGTCGAGGAGAGCCGGAGTCGGGGACCCAGGAGTTTCCTGTGTCCAGCGCTGCCGGAGCCGCCTGAGGTGCCATGTTTCAGAACAGAGTAAGACCCCTGGTAAAGAAGAACTGAAGATATTATACAGATACCAGATATAGCCTAATTACAAAGAAAGCATTAACCTGCCTCTGAGGTGACTAAAGGGGAATAATGGTGATTTTGCGCCGGGCTCGGCCGCCTGCTTCCGCCCCAACCAGCA,2.2665832673691795,1.1805191624213223
7118,ENST00000245206.9,ENSG00000125166.12,GOT2,58707131,58734357,300.84659532325804,2462,2582.69,5383.85,46.966,CCAGCACGCGGCCGCTCTGGCCCAGGGAAGTCCCTGTCCTTACCTTCAGCAGGAGCCGGTTCCCTGTGTGTGTGTCCGCTCGCCCTCTGCTCCGTCCTGCGGCTGCCCACTGCCCTCCTACGGTCCACC,6.4056252464177925,2.679339397402404
7119,ENST00000258198.6,ENSG00000135720.12,DYNC1LI2,66720893,66751798,59.04727089409554,4515,4390.59,1541.32,7.90917,GCCGCCCGCCACCTCGGCGGCCTCGCAACCCGTGGGAGCCCGTGGCCATCGCAGACCTAGAGGACACGTTGGGCGGCGCAGTCGCCGCGGCAAGGTCGGCGGGCGGCGCGGCGCGAGGGACGGCGAGCGGGGGGCGGCCCGGCCCGGGTCCTCGCGGGTCCTCGGCGGGCCCGGGGGAGGGCCCTCTTTGTGGCTGCAGTTGGCAAG,7.465672237933379,2.9002721720366633
7120,ENST00000290810.7,ENSG00000159593.14,NAE1,66802875,66873256,192.0668545319717,1837,1294.8,688.739,11.9843,GGTAGCGGCGAAGGGGCGCTCAGTGCGCCTGCGCGCTTGTGGAGCTGGTGGCGGCGCTCCGCAGGGGCTCGGCTGTTTTCCGCGCGGCAGGCGCGGCC,16.02653926653803,4.002391021812788
7121,ENST00000422424.6,ENSG00000166595.11,FAM96B,66932055,66934423,235.57635747576893,676,646.164,552.607,19.2679,CGCACGCCTGCTAGGATCAGCGGTGGTGGTTCCGCG,12.226363925273066,3.61192351045076
7122,ENST00000258201.8,ENSG00000135723.13,FHOD1,67229387,67247658,15.532518786053302,3990,5885.3,512.504,1.96196,CGGGATTCCCATTGGGCCCTGTGAGTGGCTAGCGGCGGCCCCGCCTCCGGCAGTGGTTACCTCCTGGCGCGCACTCGGGGACTAATCTTGGCTCCACCCCCTTCCTCGGCCCCGCCTCCGTCTGGCCCCGCCCCTCCAGCCGCGTCCGGTCCGGCCGGGCCCGAACCGCGGAGCTACAGTGTGCTTTGAGTAGAAGCTGCACTGGGGCCGGGACTCGGAGGCGCGCTGCGTGAGCCGGCCGCAGAGCC,7.916837645035221,2.984924265544203
7123,ENST00000290949.7,ENSG00000159720.11,ATP6V0D1,67438014,67481237,124.43583933334828,1716,2118.48,725.286,7.71342,AGAGCCACGCCCCCTTATGGTCACGTGAGGCGCTTGCGCGTCACCTGACGCACTTGACAGCCCGCTGAGGACGCAGCGTCAGCTGACCTGGGGAGTCGCGATTCGTGCCGGCCGGTCCTGGTTCTCCGGTCCCGCCGCTCCCGCAGCAGCC,16.132382177211703,4.011887583690545
7124,ENST00000243878.8,ENSG00000124074.11,ENKD1,67662945,67667265,6.604214016813724,1579,2206.22,98.6947,1.00788,CGGAAGCCACGGTTGCCCGGCAACAACAAGTCCCGTCGGGTGGCAGCGGCTGGCGGCAAAACCTCTCGAGTGAGCCCCTGCCCGAGTGCCGCGGGGGAGAGGCCGCGAGCGGGACCGAGAAGTGGGCTGGGAGCAGAGGTCGCGGAGGTGGCGAGCGAGGCCGGGGCCCAGGCGGGGACCGGCAGGGGCCCGGGAGTGGCGGGCACGCCAGGGTCAGGGTGCCGGGCGAGGGAGGGGGCCCGGGGTTGGGGAAGGGGGCCCGGGGAGGGAGGTAAACAGCCCTGCAGGCCTCGGGGCACCGTTGCTGGGCGGCGCCGGCGGC,6.552579688865464,2.712062993922931
7125,ENST00000268797.11,ENSG00000141098.12,GFOD2,67674531,67719421,8.053767903523521,2126,2924.75,145.791,1.12306,CAGCTCCCGGCTACGGCCCCTCCCAGCGCAGGCCCATCCCCGTTATGGAGCATGCGCAGTCCTCCTGCCGTCCCGCCCCTCCCTTTCCAGAGCCCCCAGTTCCTTAGAAACCAGGCGGCGCGTTCCCGGTGGCGGCGCCCTGGACTCCCGGGCCCGCGCATCCCCGCCAGCCTTCCTTAAGGCGGATGGGTGGCCCCCGAGACCCCGTCGGACCCATGGTTTCCAGTGCAGCGCGGAGTGGGCGATGCCAGCGTGCCAGGAGCCATGTCTGACCAGGACGTTTGGAAGATCATATCCATGCCAGAGGCTCTTGTGAGGAGATGAGTTGGTAAAGAGAGAGGCTGGG,7.171271262019413,2.8422288903134643
7127,ENST00000317506.7,ENSG00000141084.10,RANBP10,67723066,67806652,2.5520436581960757,5341,7388.05,474.173,1.446,GGACTCGGACTCGGTTTCCCTGCGGCCCAGGGAGGCTCACGGGCCATTGGCTGAGCGGGGCGGATCTGGTCCCGCTCCTCCCCGCCCCCAGTGACACAATAGTAGCTCCCTCCAAG,1.764898795432971,0.81958545742669
7128,ENST00000332395.6,ENSG00000182810.6,DDX28,68021274,68023442,56.97169912382753,2169,2742.43,410.625,3.37343,ATCGCCAGCCTCCAGTCCTGCCTCCACGACGCGCCCTTCCCCAAGGCTGGCCGGGTCTGGATGTCGCCATCCCCTATTCGGAGCTACAGACCTCGCAGCTGAACTCTTAAAAAGAACCTCGCTTCTTCCTCACGGTGCTCCAGCTCCACACACCGTACTGAGCCTCGCCAGCCACCGTACGCGAGGTCGCGGCGCGTCCGTGACGTCACTGATGTGCGCTTCTCCCGCACTAAGGGAAAC,16.888359658812405,4.077957303013584
7130,ENST00000473183.6,ENSG00000103067.12,ESRP2,68225969,68238102,17.267825773840123,3793,5392.88,331.755,1.38599,CCTTTGACTTCCATCAACCCCAGACCTGCCGTGTTGACCCCCACAGCCCCTAGACTGCCTCCTGGTGACTTCCATACTGGAGAAGGCCTCTGTCTTGCACGCTCCTTTGCAGAGGCCTGACGACCCCTGGGGAAGAGTGGGGGGAGAGCGGAAGAATGGGTTAGCCCCCAAAATCAGGCAGGACCAGCCCTGGAAGTAGGAATCCGGATCCTAAGCGTGCGCCCAGGCCGGGAGCGTGAGCTCTTGCGTCCTGGGTTGAGTTCTGGCGGCCCTCCCCCAAGGTTCCCGGAGCCGCCCCGGTCACGTGGCCGGCGGGGCCGGCAGGTAACTCGCCTGGAGAGGGCGTGGGCCGGTAGCCGCCCCGCCCCGCGGGGCGCCACGGGCGGGTCTTGGCAGCGCCCACTGAGCCAGCCGGGCCGCAGGTGCCGCCCCCGATACACGGTGTCCCGCCCAAGCTGATCCGCGTCTGCGGTCGGTCGGTGCGTGCGTGCGCCTCGTCGGTCCGCGTGTCTGGCCGAGAGCCCCCTTCCTCTGCGGCC,12.458838645185118,3.6390976882155717
7131,ENST00000263997.10,ENSG00000103061.12,SLC7A6OS,68284503,68310946,12.099595895520354,4189,4438.2,318.597,1.61732,GTGCTCAGCGGCAGCCACT,7.481262765266214,2.9032818037263888
7133,ENST00000448552.6,ENSG00000168802.12,CHTF8,69118010,69132584,68.1587791786607,2903,3913.12,1465.82,8.43956,AGTGCTCGCGGCGGCGGCGACGGCGGCGGGAGGTTCGGTTGTCGCCCGTTGGCCGCGCGGCGCCGCGCTCGGCGGCCGCCATTGCAGCTTGTTTTCACTTGCTTTTTAAAGACAGAAAGCTC,8.07610576601869,3.0136598045663026
7134,ENST00000306875.8,ENSG00000272617.2,COG8,69320140,69408571,30.036299771654683,4247,4996.57,643.816,2.90303,AAGCCGGCCGGATGAGAAAGCATAGAGACCGGAAATGTGCCTGTTTCTTCCTGTCCTAAGTTCGGAGTCAGCGCCCCTTGTGGTCCGGAAGGGAAGTGACGTTGTTGCTGGGAAG,10.346534404279211,3.3710757094705555
7135,ENST00000288022.1,ENSG00000258429.1,PDF,69320140,69408571,61.6362855696475,1158,1450.63,210.411,3.26794,CCGGGTCACTGTTAAGGGGGCCGCC,18.86089878322353,4.237326521653482
7136,ENST00000562081.2,ENSG00000213380.14,COG8,69320140,69408571,8.765316400590809,1731,1848.66,170.04,2.07232,CCGGAAGGGAAGTGACGTTGTTGCTGGGAAG,4.229711820853347,2.0805593728514755
7137,ENST00000254942.7,ENSG00000132604.10,TERF2,69320140,69408571,36.89638721274769,2983,3397.84,657.675,4.36085,GGAACGCTGTTTCTATC,8.460824658666931,3.080798286629746
7138,ENST00000268802.9,ENSG00000141101.12,NOB1,69741867,69754940,70.97702351833827,1734,2104.07,1513.7,16.2085,GCATGCGCGCTCCCCTCTCACGCAGCCAAC,4.379000124523445,2.130601490815765
7139,ENST00000435634.2,ENSG00000223496.2,EXOSC6,70246778,70251930,199.82667418192835,5153,5358.83,1918.64,8.06652,GCGGAAGGGGTTCGCACGCCAAGAACCGCC,24.77235216449328,4.630658955596723
7140,ENST00000261772.12,ENSG00000090861.15,AARS,70252295,70289543,100.48575096029468,3477,4370.14,2981.57,15.3713,CGTGGCGGGTTGTGGTAGGTCGTGGTCTGAGGCCGGTACAGCTGCGCGTCTGCGGGAATAGGTGCAGCGGGCCCTTGGCGGGGGACTCTGAGGGAGGAGCTGGGGACGGCGACCCTAGGAGAGTTCTTTGGGGTGACTTTCAAG,6.537231786530397,2.7086798508157317
7141,ENST00000323786.9,ENSG00000103051.18,COG4,70480568,70523565,46.13453441426574,2833,3334.38,699.674,4.72761,CTCGCGGGACCGGAAGTGCCGA,9.758532200047325,3.286664165517668
7142,ENST00000338779.10,ENSG00000132613.14,MTSS1L,70661204,70686066,14.17025865586753,4992,7684.77,1274.28,3.73592,TACCGCCGCCGTCAGTCCCCGCGCCGAGGCTGCGCCGCGAGCTGCCCGCGCCGCGCCCCCCGCGCCGCCCGCCAGCCCCGCTGCGACATGGCCCGCGCCGCCCGCCGGAGGCCCGCGACCCCGGAGCGCGGCGCGGCCGGCCGCTGAGCGCAGCCTGGAGGCGGGAGGCCCGGCCCGGCCTCGGAGCGAGCGCCCGCGCGGCCTGGCCCCCTCCCTTGCGCTGCTCCCCGCGCTCCGTGCGCCTAGCCGCCGCCGCGGCCCGGCCCAGCCAGAGC,3.792977005896146,1.9233306256315827
7143,ENST00000261776.9,ENSG00000103043.14,VAC14,70687439,70801161,19.12442810372543,3099,4118.27,806.514,4.41224,TGTGACTCGAGTAACATGGCCGCTGTCTCGTGAGTCCCGCTAGTGCCGGGCGGGAGTTGTTAAGCGGCCAGGGTCAGGTGTGCTGGAGCGGGGTCCGGGCCCGGGTTCCAGGGCGAGGCGGCGGAGCGTGGCAGGCAAGCCTAGAGCGGCGTGGTCCATGCGCCGGCGCCGGGGGCAGAGCGGAGCCGCAGACTCCCCTGGCCCCGGCGCGGCCCCGGCAGCCGCGGGCTAAGGAGTCGCGAGGTTCCCCCAGCTGCCACC,4.334403410450345,2.115833433812648
7144,ENST00000434935.6,ENSG00000180917.17,CMTR2,71281389,71289715,22.07233555918797,4104,3296.54,282.329,1.92956,GGCGCCTCCCAGCTTCTGTACTCCGCGAAGCAAAACCTAGGGAGCTGAGGCCTAGGCGAGGCGAGAGTCGCCGGCGTGCGTAACGTTGGCGCACGTGACTCCGGCCCGGCCTACAGGGCGCGTGCGCAGTGGGACTTGAGTGCCTCCTGGTCCCTGTCTGCCGGCATTCGCGGCTGCGGGGCCCGGAGGTGGGACTGGCTTCCCGGTGCCGCGAGGGCGGGTCCGGACAGCCTTCCCCCCAGTCCGGCGCACCATCTCCCTGCCTTGTGGCTGGAGGCGCCGCGGACCCAAAGGGAGGGACCATCCCGGGAAGCAGCCCCGAGAGCGGAAGTGCAGAATGGCTTCCTCGAGAGAGTAAAGTGCAGCCTCTCCAGACACTGGGGCCCCAGTGGGCGTGGGCGAAGTTGCTGGTAGGAGGAGTTGGCGGAAGCACTTGGAACTCCTTTATAAGTGTCAGCTGTGAGATTTTAATTTGATTTGAAA,11.43905116150209,3.5158954842967924
7145,ENST00000393512.7,ENSG00000166747.12,AP1G1,71729000,71809201,43.084964025261385,3593,3689.78,326.294,1.99237,AAGCGGAACCAATGTCCGTCCGCTACGGGGTAGGCCGGATCTTTCTCGCTCAGACTCATCGCAGCGGTGACTCGGCAGCAGCGTCTCGCGTCATCAGTGACAGCCCCGATCCTTGCTACGTTTGCGTCGCTCTGCCAGGAGCAGTCGCCTCCTCCTTGGCAAATAGTCCTCGGCAGGGTCCGAGTTCTTGGATAATTCGAGAGAAAAGGCACGATAAGTTGCAGTACGAGGACACGGAAACGACCAGGAGAGGAGGACAGGGAGCGAAGTTTCCTCAATAGTGTGTGAAGTTAGTTAAAAACTCCCTCCTTCCTCAGGATCCCTCCGCCTGCGGTAGCGGTGGTGAGGCCGAGGGAGCCGCCATTTTGGATGTTCGGTTCCTGCTGCCACTGCTGCCGCCGCCCCCGGAGCTGCTGGTTTCATTCGAGGTTTCGGGCCGAGG,21.624981316352578,4.434626981171193
7146,ENST00000268483.7,ENSG00000140830.8,TXNL4B,72044289,72094431,45.2335019635863,2556,2584.86,270.818,2.36049,GAGCAAGGTGGGCGGTGACTAGAAGCTCTTCCGTTTATTGGGCTGTTGAGCGGGGGCCGACCGACGGCCAGGAGTTTCTTTTCTGCGCTTGTGCGTTTTCTGTTCGGTTTCCTTCCCGCTAGCGGGGCCACGAGGGTTGCTAGGCAACAGCCCCTGGGTGACTTGGTCTTAGGGTCCTGTCCGGCTTGGGGCTGATGAAAGGAGCTGTCCGCGCCCGGGCTCTTCCGAGAAGTGGTTGCTGACAGCCACAAAGTGAAAGGGAGTGAGGCGGCGTGGACGAGTAAGGAGTGACAGTGAGGATTCACATTTGGGTTATTTCAAG,19.162759411641776,4.260233417070486
7147,ENST00000268489.9,ENSG00000140836.14,ZFHX3,72782885,73059698,2.3844308327561503,16064,19741.0,1094.07,1.24865,CCGCGCGTCCCTGTGCGTCCCCGGGTCCCTGCGGGCGGGCGGGCGCGGTCGCCGCCGAGCAACCCGGCCTGCGCCCGGCACGACTGTAGATGTCAGGCTTTGCCCGGGGAGCCGAGCGGCAGCGGGGCTGTGAGTTTCAAATTAACCTTCCGCTTTGTTGCTGTGTAATGTGGATCCCCGAAGGCCCCCCGCCCCGCCCGCCCCCCTTCCCCGGGCGGTGCGCGCTGCAAACTGCGAGTTGGGCTTCATTTACATAAAGCGATTCCGGGCGGGCGGCGGCAGAGGAGGAGGCGGCGGCGGCGGGCAGGCCGGGGACCCGGACGCCAGCGCCGCGCCCCGTGGGTGAATCCCCGCCGCGTCCCGGGGACCTCCCTCCGGGGACGGGCCGACCGCCAGCCCTGCCGCCACCATGAGCTCCCCTCCCCTGTCTCCGGGCCCCCTGCTCCTGACCAGAGCCACCTCCGAGTCCTGGGGCCAGCGGGAGGTGGGGAGCATGCCGCCTGGGGTGGGTGAGCTCGGGGCTCGGGTGCCACTGGAATTTCCCGTTGTTGCGCATGGCGGCGCGGCCCCCGGACCTGCAAGTGCCGCCTCCCTCCGGAGGTGCGCGGAGGCTTGGTGTGCCAGGTCCGAGCCTCCGTACTGGGTGCAATGAAAGCTCCACGCAGGCCTTACC,1.909607041810075,0.9332757915814174
7148,ENST00000205061.9,ENSG00000090863.11,GLG1,74447427,74607144,27.780933889501345,8261,9518.02,492.57,1.16596,GAGCTCGCCGCGGACTCAAG,23.826661197212033,4.574504897372303
7149,ENST00000361070.8,ENSG00000168411.13,RFWD3,74621394,74666881,67.19481372519377,4957,5353.68,3313.92,13.9461,AAGTGGCAGTTGGCGTAGGTGCATTCGGAGTGCGGCCGAGGTAACTACCGAGTCTTCGGCGGGCTCGCGAGCCCGGCCGCGGCCTGCTGGTTTCAGTG,4.81817954304026,2.2684881546863096
7150,ENST00000308807.11,ENSG00000168404.12,MLKL,74671855,74700960,9.97431405680198,2523,2481.83,170.351,1.54644,GGGGCCGTGGCTCCGAGCTGCCTAGAAAGCGGCTCCAGGGAGCCAGGGCACCGTGAGCCTGGTGGTTGGCAGCTGGAGCCACGTCGGAGGGGGAAGTGTCGCAGCATTCTCTGCAGGCATCACAGACCTGAGGCAGTGGCCTCCGGAGGGCACTGGACAGAAACAGCCATCCAAGTGGCTGAGTGGAGGGACCCTGCTCAAGTGCAGCTGCAGTGGCCGGGGTTTCCCTCAGGTAGGGATCGGGGCGCCTTGTCGCCGCCAGCCACGTGTGGCGTCCGGTACAGTCAGCAGAGTGCAGGGTGCGGGCACCAGGAAAGGGGGCGCAGGGGAACTCCCGCGGGCCTCGCGTTTGCAAACTTCTCGCCTGGGCAGGAGGCGGTCGTGGGAAAGAAGGTGGAAGAGCGAGCTTTTTGGAACTGTGCACGGGACAGATTGGACGCACACCCCTCGGGAGGCGCGAAGGC,6.44985518791675,2.689266769525089
7151,ENST00000262144.10,ENSG00000103091.14,WDR59,74871367,75000173,10.522558749853696,5898,6764.1,430.769,1.43482,CTCAGGAGCAACCAGGGCACGGGGCGTGTCGGGGCTGATTCTCTGGCTGTGTGGGGCGCACGGTCCCGGGATACTGGGGACGGCGGGGTGGGAGGGCGCCGTCCTGGGGCCGCGGCGGCCGGGCGGGGGAG,7.333713462213864,2.8745438991667376
7152,ENST00000283882.3,ENSG00000153774.8,CFDP1,75293698,75465497,74.65770184721505,1275,1126.67,1052.43,21.0456,GTGCAAAGCGCTGTCGGGGGCCGCCCTAGCTGCCGTCGCCGCCGCCGGGGCTCTATGGTCTCTCCCTAGAGCTTTGCCGTTGGAGGCGGCTGCTGCGGTCTTGTGAGTTTGACCAGCGTCGAGCGGCAGCAAC,3.54742567791914,1.82677245871269
7153,ENST00000307921.7,ENSG00000065457.10,ADAT1,75528532,75623300,7.062140019304445,1869,1949.52,105.981,1.22479,GTGACGTCACGTCCGCCTTACCGGCGGATTAAGCTCGCTTTCTTCTAGGCGCGTTTCCTGAAGGTCGATGGCCAGGTGGTCTTCATAAACTATACTGCCTTGTGATGCCTCCCTAGAAATGAGAGGTCTCAATACCAGCTCAGACC,5.766000717922619,2.5275710164622573
7155,ENST00000302445.7,ENSG00000065427.14,KARS,75627474,75648643,109.98679542092844,2005,1965.82,2489.32,28.5299,GTACTATCCTCCTTACTTTTGGGTCGGGCCCTCCGGGAAG,3.855141287594013,1.9467837346347299
7156,ENST00000570195.5,ENSG00000103121.8,CMC2,80966448,81035759,4.548067105640303,871,621.59,28.6653,1.039,GTGGAGCGGTGGAGGGCGTCACTGGGTTTCGGCGTCTGGCAAGCGGTTCAGCTGTCTGCTCCCTAGCAGCCGGCCTTCGGGTCGGGCGTCTCCGCCGGCTACTGCCGCTTCAGTTCTCCCGGTGTGGCCACGAGTCGGGTTGCACTGCTGTGATCCATCCTCATCTCCTAAAG,4.377350438537347,2.1300578867646967
7157,ENST00000258169.8,ENSG00000135698.9,MPHOSPH6,82147798,82170226,196.22538819093657,1103,694.699,606.077,19.6559,GCATGTGCGGTGAGGCTCGCGGCCGGAGTGCGGCGCTGGGCGGAAGCTACC,9.98302739589317,3.3194773853748445
7158,ENST00000343411.7,ENSG00000140943.16,MBTPS1,84053761,84116906,24.25656873129176,4338,4999.95,2543.77,11.4623,CAGGGCACGCTGGGTCGGCGGAGCTGAGGCTCCCAGCTGTGGGCCTCGCTGGCCCGGTCGCCCAGTCTCGCGAGAGTTGGGAGTAAACAGCCCCGAATGGAGTGCCCAGGCGTGTTCGCCGCGGAGGCGCCGTTATCCCGGGCCCGCCGGCCCTGAGCTCCCGGCGGCGCAGATTGGCTCACAGTGGTTGATTGATCAACCCCATTGGACGTTGGTTCTGTGGTACAAATGGAGTACAGGACTCAGTCGTCACGGCCTGAGTGAGAGAAGCCTTATTTCCAAGATGGAGAAGAAGCGGAGAAAGAAATGAAAGCCTCTCTTCAGGCTGAACCACAAAAGGCCATGGGATTTAACTTTTATTTATGTTGGGCAAGACTGTAAGATGGCTGATTAGTAATGTTGCAGCTTTTAGCTGAAACAAAAATTCACTTTTAATCAAGAAGAAAAAAGTGTGATTTGAATATATGCAATTTTATGATCATATTCGCTTGTGACC,2.1162043160004327,1.0814789239786744
7161,ENST00000219439.8,ENSG00000103160.11,HSDL1,84122146,84145192,47.89858636868647,3519,3195.44,585.343,4.12707,ACGCGGGTCACGTGAGGGCGCGGCGCGGCAGCAGCTCCGGCGGCCGAGACGGGGGCGGCGGCCGCGCGGGTCTGGCGGGACCGGTTTGGAAGACTTTGCCGGCCTGCAGATTGGCCTTAAGAGAAGGACGGAGCCACATACTGCTGACGGCCCAGAACTGGCAGAGAGAAGGTTGCC,11.605954434668293,3.536793264837577
7162,ENST00000262428.4,ENSG00000103187.7,COTL1,84565594,84618077,97.43277889276476,1843,2272.82,896.111,8.88297,GTGGAAGCCGCCGCCGCGCTCGCAGCTTGCAGGCGCCGCGTAGCCGTCGCCACCGCCGCCAGCCCGTGCGCCCTCGGCGCGTACCCGCCGCGCTCCCATCCCCGCCGCCGGCCAGGGGCGCGCTCGGCCGCCCCGGACAGTGTCCCGCTGCGGCTCCGCGGCG,10.968491269560154,3.455293189669813
7163,ENST00000313732.8,ENSG00000153786.12,ZDHHC7,84974181,85011535,42.55125285646898,3442,3967.69,571.783,3.2468,ACTTCCGGCGCTCGCACCGCCCCGCTCTCCAGCCAAGGCTCCGGGCTGAGGCATTTGCTTGGCTGCAGCCTCCTTCCGACCTGCCCGGCGGGACCCAGGGGACCAAGCCGAGCCGAGCCGCGGGGCCCGCTCCAGCCCGGCCATGAGCGCGGCCGCATGATGCGTCCCTGCCTCGGCCGCTGCAGTCGCCGCCGCCGCCGCCGCAGGCCGGGAGGAGCCGCAGCGCCGGGCGACCCCGCCCGGGCCTCGGATCCGATCACATAGGACAGTATGCACCTTAAGATCCTGAAGAAACGGCACAAAATGTTCAAGTGATGTTTAGAAATAACTTGTGAGGGTGCGTCAGGGAAATC,13.105597159193353,3.7121111867436154
7165,ENST00000253462.7,ENSG00000131153.8,GINS2,85676198,85690073,135.60520466505258,2673,2862.77,1565.26,12.3186,GGGCTCTCGCCGTGGCGGGAAAACGGCGGCCGCGGCGTCTCCTCCGGGACGCTGAGGGGCCCGAGGAGACCGTGAGGCTCTGGCCTGCAGCTCGCGCCGCC,11.00816689112826,3.4605023424217296
7166,ENST00000253457.7,ENSG00000131148.8,EMC8,85771758,85799608,147.18659091774106,1962,2162.21,474.19,4.94102,TCCGGCGGCGCCGGGCGAGAAGCGCGACTGGAGTCTGGGGCTGCGGCTTCCCAGAGGCGCGAGTCGCTTTTCCAGGAGCCGAGGCCCAAACGGGGCCGGGCCTGAAGGGTCCCCCGCCAGCCCGCGGCCGCGCCATCAATCGCCGCCGCCTCGTCCCGCTTCTCGGCTGAGGCGCCGCGCGGCCAGGCAGCGGGTCCAGGCCTCAGCCGCGCGCCCAGGGGCCTCCGGGGCCCTCCCGGGTCAGC,29.788705756653698,4.896693538413733
7167,ENST00000268616.8,ENSG00000140948.11,ZCCHC14,87406246,87492045,11.307652533877173,7102,7986.09,1680.16,4.74001,AGGCCAACAACCCGGCCGACCTGGGCAGCCTCACCAACCTGACGGACGAGGTGGTGCGCAGCAAGCTGCTGGTGTCGCTGGCGCTGCTGGGCTCGGAGCAGCGCGAGGCGGCGGGCGTGCTCTACCGCACGCTCACGCACATCGACTCCATCATCCACAACTACGGGCTGCAGCTTAACGAGGGCCGCACGGGCGATGAGTTCCTGCTGCTGTTCACC,2.3855756704895503,1.2543374493524295
7168,ENST00000261622.4,ENSG00000103257.8,SLC7A5,87830023,87869488,68.88257261182575,4537,6911.18,925.37,3.01665,GCGGCGCGCACACTGCTCGCTGGGCCGCGGCTCCCGGGTGTCCCAGGCCCGGCCGGTGCGCAGAGC,22.83412812617498,4.513119799337263
7169,ENST00000261623.7,ENSG00000051523.10,CYBA,88643283,88651152,464.6440034184128,797,833.295,1728.32,46.7291,GCACCCTACAGATGCGGGTCTCCGCCCAGCCGCGGTCACCTGGGGGGCTGGGGGCGGGGCCTGGGCGGGGCGGGGTTCGGCCGGGAGCGCAGGGGCGGCAGTGCGCGCCTAGCAGTGTCCCAGCCGGGTTCGTGTCGCC,9.9433544283629,3.3137326325495824
7170,ENST00000301012.7,ENSG00000167508.11,MVD,88651935,88663161,21.591548462018903,1823,2587.24,211.6,1.84264,GTGGAGCTGGGGTCACTGCGCGGTGGGACC,11.71772481983399,3.550620569955895
7171,ENST00000312838.8,ENSG00000158717.10,RNF166,88696495,88706421,15.94549448669693,1883,2499.84,239.916,2.16227,CTACGATGACGTCAGCGCGGCGCAGTAGCGGCTGTGACTAGCGGGCCGGCCCGGGCCAGGACAGCGGGCGGCGGGCGGCGCGGGCCTGGCCCCGGG,7.374423400730219,2.882530250795427
7172,ENST00000301015.13,ENSG00000103335.20,PIEZO1,88715343,88785211,14.901955637442176,8072,12532.6,2240.84,4.02838,CGTCCGGCCCAGCTCGGCCCCAGTGAGCCGAGCGCTGCGCTCCGCCGAGGGGCAGGGCGGTCGCCTGAGCGAGCGCGGGCCCGGGACGTCGGCACCGGCGGGGCGGCCGAAGGAGAAGGAGGAAGAGGAGAAGGCGGCGCGCGGGTCCCCGCGGGTCAGCCATGGCGCGCCGGCCCCGGGGCCCCCGCACCGCCCCATAGCGCCGCGGCGTCCGCTCGGTCTGGGCCGGGCCCTGGGCCCTCCAGCC,3.699242781823506,1.8872299878473442
7173,ENST00000378364.7,ENSG00000198931.10,APRT,88809339,88811944,1414.0620316893792,947,1160.45,1322.93,25.6846,CCGCGCAGGCGCGCTCGGGCTGCCGCTGGCTCTTCGCACGCGGCC,55.054859008486766,5.78279799306561
7175,ENST00000268695.9,ENSG00000141012.12,GALNS,88813734,88856970,5.900151970744697,2363,3182.42,166.63,1.17966,AGGCCCCGCCCCGCAGCCCAGCCGGAAGGGCCGGCGGACGCTCGCTAGGTCGGCTCGCTGGCCGGGGCTCCGCGGCTCCCGTGGTTGCC,5.00156991908236,2.3223810066825394
7176,ENST00000378330.6,ENSG00000167522.14,ANKRD11,89267627,89490561,41.39200805105804,9132,12131.5,2579.78,4.79103,GGCCGCGGGCTGCATGGGCAGCGCCCGCGCCCCGCCGCTGAGCCGTCGCGGAGCCGCGCAGCCCTCGGAGCACGCCCGTGCAGCCTGCCAGGACTCTTCCAGACACGGGATTTGTCGGTGAACAACGCAGAGCTGATGCAGACATAATATATACAGCCCTGCTCTGGGACACACCTCCATTGGATTTAAAAGACAGTCCTCGTCAGCACTGACTTTCAGCTATGGAATCGCAGACGGTTGATGATGAAGCGCCGGCCGTGTAAATGAAGATCGGGTGAGGAGCAGGACG,8.639480038959897,3.110944487413392
7178,ENST00000397901.7,ENSG00000131165.14,CHMP1A,89644431,89657845,169.33653424471038,2483,3604.04,1014.48,6.34183,AGCGACTCACAAAAGGTCCTCGCGCCAGCGGCGTGCGTCACCATGGCGACCGCGCGCCGCGCAGCCGCGCCCCGCCCCTCTGGCGGGACCGGCCACCATCCTCTCGCGAGAGCATCCCGTGCGACCGGAAGTGGGGCGGCGACCCCGGAAGTCCCCGCCGGGTGCAGCTTGGTCGGTTCGATCGCCGCCGGGACCTGACACCGCCCGGAGTTGGCGTCCCTTCTCCCTCTCCGAGTGCTGCTCCTGTCATTGTGGCC,26.70152530810671,4.738850252215455
7179,ENST00000289805.9,ENSG00000158792.15,SPATA2L,89696343,89701705,18.603043760071515,2335,3722.33,201.502,1.21963,GGAAGCGCGCGGCGCGCGGGGAGGCCCGAACTGATCCGCGGCGGCCGGAGACCGCTGGGGACAGACAGG,15.253022441290813,3.931023241104694
7180,ENST00000389301.7,ENSG00000187741.14,FANCA,89737549,89816657,23.7879085155856,5451,7184.17,880.217,2.76042,AGCCGCCGCCGGGGCTGTAGGCGCCAAGGCC,8.617496075084805,3.107268736504413
7182,ENST00000314994.4,ENSG00000177946.5,CENPBD1,89969791,89972534,28.52040789795839,2744,3039.57,396.25,2.93711,GGCAGGGGCGCGGCGCCGGCTGGGGCCCCGTCTTGGGTGTCCACGCCGTCGCCTGACCGTTCGAGGGTTTGATCGCCAGCGCAGCCTCGCCCTGCCCAGACAGCTGGGCCCTAAGGGGATAGCCAGCGCCTTTAGACTTATCTTAAATCGGGCATCGGCATCAACACTTATTTCTGGGGTCCTCCATGGAAAGCAGCTCCCGAAACAACACCCGCCCGGTCCGCCCTCCGCTGCACTGGAAAACCGCCCCTGGACGTTTCTGCCGCAGTGTCCCCCTCACGGAGTTCCGTTTGTCTGCTTGGTCGGTTGTTCTCTGGAGCCCCAGGACCCAGGCCGCTTGTATGTGCCTGCGGCCGCACGGCCCCAACACGCGGACTTCGAGCGGTACCGGGAGACCCGCGCGGCCTCCTCGGAGTGGACAGTGAAGCAGCAGCTGGGCTAGGCAGTGGGGCTGGGCCTGCCCATGGGGACCCGTCCACGTCTCCAGGACATCAGCCTGAGCCTCTTCGCAGCCTCGTTTTCTGTTGACCGAGTTCTGCAAGGGGACGTAGAGGAACCACAGCGTTCTTGCGCTTGAGACCGCTGTGATTTTCTGACATTTTGGAGGCAGAA,9.710364234897021,3.2795254120218287
7184,ENST00000308278.12,ENSG00000167695.14,FAM57A,732412,742972,60.25928367076024,2412,2981.52,648.209,4.89823,CCGCCGGGGACGCCGGGGAACCCTCCGGGCCCAGGGACCGCGAGAGACCCCGCCCCGCCCTATCGCAGCCGCCGGGCCTGGTCACGCGCAGAGCCGCGCCGCGGGATCGGGGCCAGCGCCGGGCGGAGGCGGGACGGGGACGGGGGCGGAGGGTTGAAATCGCGCGGCCGGGCCGGGGCGCGCCGAGCCGAACCCAGCCACGCGGCGCCAGCGAGGCGGCCGGACCCGCAGCCCCG,12.302256870494086,3.6208510996546623
7185,ENST00000304478.8,ENSG00000171861.10,MRM3,782273,792509,44.89990600988104,1809,2273.59,557.989,5.52936,GCCGTCACGCGCACCGTACAGCCCAGTCCACGAAGGGCGCCACGGGCCGTGACGTCACTAGCCGCCGACGGCGCGCTTTCGTGACGCAGCCCGGGTCTCAGGGAAC,8.120271787310113,3.0215280155437596
7186,ENST00000327158.4,ENSG00000177370.4,TIMM22,997117,1003671,80.37123291189124,3194,3866.85,647.0,3.76972,CGAGGGTTGCTTGGGCAGCGACTGTC,21.32021288368665,4.414149938458451
7187,ENST00000254719.9,ENSG00000132383.11,RPA1,1829702,1900082,153.84715365538528,4340,4605.02,2131.67,10.4292,CGGGAGCGGTGCGCGCAACTTCTCGGGCCAATAACTGCGCAGCGCGCGGGACCCGGGTGGGGAAGCTGGAGCTGTTGCGGGGTCCGCGGGGAAGTCTTGGCGGTGGAGCC,14.751577652685276,3.8827973510560936
7188,ENST00000263083.10,ENSG00000108963.17,DPH1,2030110,2043430,49.082760475764935,2221,2870.25,867.724,6.81121,GTCTGCGCTCTCCGCGTTCTTCCAGCGCTGTCTTTTTAGTACCAC,7.206173422308948,2.8492333717889187
7189,ENST00000572195.2,ENSG00000262664.2,OVCA2,2030110,2043430,56.381011613528976,1122,1286.53,510.266,8.93594,GCTCCGAGGCCCGCCCTCGGGGCGGTGCTGACGTTCGGTTCCGCCCCGTGCATTGTGCTTCCGCTCGGGGAAAGACCGCTTCCGGTGCTTCCGTCGCTCCTTGCCGGGCATA,6.309466224429547,2.6575179595752747
7190,ENST00000344595.9,ENSG00000167720.12,SRR,2303383,2325260,15.414492137838426,2728,2640.34,300.944,2.56796,TCCAGCCCTTCCGCCATCTTCGCGGCTGCTGCTACAGCCGTAGCGGCTCCGCCACCGCCGCGCGCAGCCAGGAAACCACCACAGACGGGCGGCGCGCGCGCTCGCCCACCTCCCGGCCTTTCCCCGCCCCCTGCCGCCCTCCCTTTCCGAACGACGGTGGCCGCGCTGGGAGGAAAAGCGCCCGCCGCCGGTTCCAGAGGGGCGGGACCGGAGCGAGAGCCTGGGTGGGGCGGGCGGGCGCTGCGCGTGCGCAGAGGTGCGGCCGGGGAGGCGCGCGGAGGCTGGAGCTGGAGGCGCGGCGCCGGTGAGCTGAGAACC,6.0026215898372355,2.585592722158908
7191,ENST00000397195.9,ENSG00000007168.12,PAFAH1B1,2593210,2685615,89.58580498486118,5497,4980.99,2201.12,9.95611,GCGAGAAGGAGAAGGAGGGGAGCGCTCGGGCGCGAGCGAGAGAAACCGCGAGCGCCGAGCTTGGACTCGAGCCCCGGAACGGCTGAGGAGCCCGCCCGCTCCCCTCCCCTCCCCCTCCCCGGGCCCGGGCCCAGCGCGCCATCCTCCCCCCTCCTTCCCTCCCTCCCTCCTTCCTCCCTCCCCTCTCCCTCCCCCTCCCCCGCCGGTGGATGGGAGTGAAGGACGGAAGAGGCCCTGCGGAGGCGGCGGTGCAGCGCTCCGGTGGAATGAATCTTACTTGTTGAATATCTTCTGGTTACTAGTTGGATTCATTTGTGAAAGAATCATTTTCCCCTGTGTGGAAGACACTTAGTGGCATATTTAAATTATAAGTCCACGGATCAAAAAGCTTTTTGATTTCCCAAAGGAGGGACATACCACTATATCAGATAAGCTTGACATTACAGCCAAG,8.998073041063344,3.169616077914089
7192,ENST00000366401.8,ENSG00000132359.14,RAP1GAP2,2755705,3037739,4.219628002864496,6616,9659.75,733.808,1.71151,ACTGACCCCGCTGTACCACGGCCCTCTTGCGGACAGCCCCGGGGACGTCGTTGGGACATCGCTGGGACCCCGGGCTCTGCAGCCACAACC,2.4654416292423043,1.3018460966031662
7194,ENST00000046640.7,ENSG00000040531.14,CTNS,3636468,3661542,13.501972301457334,2866,3738.54,269.433,1.62372,GATTTCCGCCCAATGGAGGGCGGTCTGAGCTTCGCTCACGAAAGGAGCCGGGAGGCGCTGGCGGCTCCAAGAGTCTCTGTGTCCCTGGCAGCGGACCTCATCTTCCCTCACGCCGGAGCCCCGATCTCTGCGCCCCGGCCCGACCCAGCTGCGCTCTGTCCGTCTAAGACGCGCGGAAACTACAACTCCCAGAGCTCATCTCGCCGAGATCCGGCCCCACGAGTCAGGTGGCGGAGGTCAGGTGACAGCGGACCCGCCTCTCCCAAAGTCTAGCCGGGCAGGGGAACGCGGTGCATTCCTGACCGGCACCTGGCGAGGCTCATGCGTCCCGTGAGGGCGGTTCCTCGAGCCTGGGGGCGCTCAGATTGCTTTGGAGACGCTGAGAGAACCTTTGCGAGAGCGCCGGTTGACGTGCGGAGTGCGGGGCTCCGGGGGACTGAGCAGCACGAGACCCCATCCTCCCCTCCGGGTTTTCACACTGGGCGAAGGGAGGACTCCTGAGCTCTGCCTCTTCCAGTAACATTGAGGATTACTGTGTTTTGTGAGAGCTCGCTAGGCGCCCTAAGCAACAGAGTTCTGAGAAATCGAGAAAC,8.315456052433507,3.055795388773126
7195,ENST00000248378.5,ENSG00000127774.6,EMC6,3668815,3669668,158.2994671364348,653,529.814,688.359,29.2721,CTTCCGAGCAAGATGGCGCCGCGGGCATTTCTTCCACTGCCCGTCTGAGGGAACGCTAAGTAGTGTGTCCGGCGCCGTGTTCCAGCTCCGCGTTGTTCCGCGAGAAAGCGAGAGGCCGAGCCCGGGCTGGTGCG,5.407861654491301,2.4350582446429714
7196,ENST00000325418.5,ENSG00000177602.5,GSG2,3723903,3726699,24.748749636382406,2797,3327.74,549.794,3.72231,GTTTGCGTTTGAACCTCTTGGCGGGTGCCGGCC,6.648761021081643,2.733085523279097
7197,ENST00000301391.7,ENSG00000167740.9,CYB5D2,4143168,4187310,19.31036551638246,1910,2489.74,121.502,1.09949,GTGGCTCACGCCTGTAATCCCAGCACTTTGGGAGGCCGAGACGGGTGGATCACCTGAGGTCAGGAGTTCGAGACCAGCCTGACCAACGTGGTGAAACCCTGTCTCTACTAAATACAAAATATTAGCCGGACGTGGGGGCGCGTGCCTGTAATCCCAGCTACTTGGGAGGCTGAGGCAGGAGAATCGCTTGAACCCGGGAGGCGGAGGTTGCAGTGAGCCGAGATTCCGCCAGTGCACTCCAGCCTGGACAACAAGAGCTAAAACTCTGTCTCAGAAAAAAAAAAAAAAAGTACCTGGAAAAAGTCGCAGACAGCGAGCTTTTCGCCAGTGCCAGGAATACAGATAAAACGAGAGAGACTAAGGGAGGGAGCGCGAGCACTAGCGCGCGAGAGAGAGAGCGAGAGCGCGCGCGCCGATGACGTCACGCTCGGCGTCTCGGCCATCTTAGCTGTAGATAGAGGCGGCAACCTCGGAAGTGCGGAGCGGGTGGGCCTATATAG,17.563020597170016,4.134469084737595
7198,ENST00000269260.6,ENSG00000141480.17,ARRB2,4710489,4721499,42.027454291974266,1895,2505.05,229.184,2.06124,AATGGCCCCGCGTGTCTGCTAGGAGAGGGCGGGCAGCGCCGCGGCGCGCGCGATCCGGCTGACGCATCTGGCCCCGGTTCCCCAAGACCAGAGCGGGGCCGGGAGGGAGGGGGAAGAGGCGAGAGCGCGGAGGGCGCGCGTGCGCATTGGCGCGGGGAGGAGCAGGGATCTTGGCAGCGGGCGAGGAGGCTGCGAGCGAGCCGCGAACCGAGCGGGCGGCGGGCGCGCGCACC,20.389403607524724,4.349747671857862
7201,ENST00000293777.5,ENSG00000161920.9,MED11,4731428,4733610,92.2511929148081,833,877.809,300.213,7.70533,GGAACAAGCGTCGCGTTTCTGAGGAGAAACTCTTGGTGAGAATTCCCAGAGTGATA,11.972387024930548,3.581638916818224
7202,ENST00000270586.7,ENSG00000142507.9,PSMB6,4796144,4798503,444.8908079855998,852,817.432,1221.0,33.6533,GTGACAGAGCGCTTTACGACAGTTGCTTTGAGGCAGTACCGGAGGAGAAAG,13.21982711905221,3.7246314051583163
7203,ENST00000355280.10,ENSG00000141503.15,MINK1,4833388,4898061,6.1077246554411335,4961,7639.6,772.417,2.27794,GGCTGGCTCCGGGGAGATAGCGCCTGTCAGTCGGTGGGTCGGTCCTCGCGCCGGCCCTCCCCCTCCCCGGTCTCCGGGGGAGGCGCGGTGGAGTCCGCCCCCGGGGTTCTCCGATGGGGGAGAAGCGGCGACGGCGGCAGTGGAGTAACCGAGCCGGAGCGTGAGCGGCCCCGGTGCCCCGTTCCCCACGGAGGCC,2.6812491353771977,1.4229052773861766
7204,ENST00000571816.5,ENSG00000108523.15,RNF167,4940008,4945222,54.38454240132457,1728,2258.95,150.805,1.50408,CGCCCCTCCAGCTCTCAGGTCCGACACCCGCTGGAAGCCGGCGCGGGCGCAGGCGCGCAGCGCAAAGGCGGCCGGGAGTAAGGCGGAGCTGAAGGAGGAGCTTGATGGAAGCGTGCGAGAAGGGGCGTAACTGATTTGGAAACCAGAGGAAAGGCGCTGTTTTCACCGAATTAGAATCGCGGGAAAATAGAGAAGAGTTTGTTTGAAGGTCTCGCGAGATCGAGACCGGAAGTCCTTCATCTCAAGCATCCAATGCTGAAAGCGGCCTGATTTTCTCTACCGGAAGCCCTTTTCCAGAGGCTGGGAACACGGCCCACCTAGCAGGAAGTCCCACCTCCTTGAGCTCCGCCACCCTTCCCGAAGTTTTTCTGTCACCTGTGTTAGGCTCCGTCCCCTTTCCGCGTTTTATCCCCGTACCAGAAAAGGATACATTTAGTGCCTCCCACCCAGCTCCACTAAACGGGACGCGCGGCCTCCTCAGCCTCTTTCCTCCCGCTGCC,36.15801180876321,5.176243446520548
7205,ENST00000320785.9,ENSG00000129250.11,KIF1C,4997948,5028401,10.205225443813948,7919,10648.4,2374.69,5.02441,CCAGCTCGCGCTGCCCGGGCGGGCGCCGGCCGCTGGCGCCGCTACTGCTGCCGCCCCCGGGGCGCGAGTCCGCCGCCCGCCGCCCGGGCACCCGGCGAGGGGCGGGGGCAGCTCCGAACCGGCCCCAGATCCTTCCCGCTTCCGCCTCACGCTTCCCGGAAAGCTTGTCCCTCTCCGCCGAGCTGCTCCGGGAGCCCCGCCGCGCCGAGGGTATCTCCCAGAGCCCCAGCTGGTGTGGCCAGGCCCCAGGAGTAGGATGGGGCTCCCCCTACGAGGGCCGGTGGCAGCCAGAACTGATACAGCCCCCCTGGTCTGGGGCCAGGACGCCAGCTGAGGAGGGCAGGAGTGTCTGGAGCT,2.0311291164164444,1.0222819529245233
7206,ENST00000537505.5,ENSG00000029725.16,RABEP1,5282265,5385812,38.17209581973091,5365,4580.94,2301.48,11.3192,GGAGGTCGGCGGTCGGGTCCGTCTCTGCCCGCGGCTGTGGCGGCGCCGGCGGATCCAGCCTTAGCGGTTTCTCTCTGGGCGGCGGCGGCGGCGGCTCGGTTGACGCCTCCTCCGCCAGCTGAGCCCGCGGGAGCCCAGGACGCCGCTTCCCCGCCCATCCCCGCTCCCCGAGGCCGGCCGCCTGGTC,3.3723315976156365,1.7537464018538067
7207,ENST00000536255.6,ENSG00000129197.14,RPAIN,5419641,5432876,110.1239522550336,1057,1194.29,103.363,1.94992,CGGCCGCCATCTTGGCCCAACTGCTCCCCTCACTCCAGTTGCTCAGCCCGCCGCTGAGCACAGCCAATCCGCGGCCGTCCACTCACTGTTTCGGCCAATCACCGAGCAGACGGCCCGGAAGCTCGAGAGGCTCGTGCCAGGTCGGGGGGCGAAGGCGAGGCCAGCCCACCAAGCAGGGGCGTCACCAAGGGAAAGCCAATCACCATTATTTCTGAAGCCCAAGGGGGCGGGACGAGAAGTCAACATAATGGTGGTGCTGCTGGAAATCTAGCACCTGGGGAGAGCCTGAGACTTGTGTATCTAATTGCCTATTGGACACCTCCATCTGGGTAAACCCAGGCATCCAGAACTTTCCCTCAAGACTTACCTCCCTCAGTGCAGGTCGGGCTGGCCTCACGCATTTCGCTTGGATGCCTAAATCTGTCTCCACGTGGGGCCGGTCGATAAAACAACACTTCCCAGAATACGCTGCGATCCATTCGCGGTCTGCACCCGGAAAGTACACCTCCCAGGGGTCTGTGCGCGCCTCCAGGGAACGGGTCTTGTGGCTTTGTCTCCCGCGAAGAGGAG,56.47613863903832,5.819569547576712
7211,ENST00000611091.4,ENSG00000167842.15,MIS12,5486285,5490814,91.53062120847945,2691,2222.88,253.125,2.56555,ATCTCCCCACCCTCTCTTCTCCACCAGCCAACGTCCGGGAAAAACGAGTAAGTACAGGTTCCTTCTGCCAATCCCCGCCGGCCACAGCTAACTTTCCCGCCCGGCCCCTTTCTGTCATAATTGAGGTGTCCACAACCAGCCAATCAGGAACGCGAGAGTATCCCGCGTTTGCTTTCGCTCGCCGAGGCGCGTATCAGTCGGAATTTTGGGGAGCCAACCGCGCCGTCTGTCCCTGGCAAGCCAGCGGCGGTTTAAAGGAGGTGGCGGGAAGCCTGTGTGTGCTTCAAATCGTCACCCTCATGGTCGCTCCGATGGCTTGGCTGGAGGACAAGCAAATTGAGGACATTGGCAACGGAGTGATCAAAATGATAGATCATGAGGCCTAAAATGAATAAGGAAAGAAGAGAAGTGGCAGAGGCTGAGAACAGAAAGAGAGGGTGGAGGGGCTGTAAATCTTGAAGATTAGGGTATAATATGAGTATATGGGTAAGAATTGGAAGAATTGTGTAGGAGGCAGTAGTCAAAAAGTAGAAGCAGTTTGGAAGAGTAGTTACAAATATCAAGAGCCAGGTGGCTAAAAGGTGGAGCTATAGGTCATTGAAGCTCAAGAAACTGAGTCTCTAGGGCATTGGTTAAGTCATCTGTCTAGACTTCAAAGTTGTCTAGGATGATAATTCAGAAGACTGATCTGTGCCAAAGTCACAGGTTTTTCACGACTGAAAACAACATAGCAAAATAAGCCAAG,35.676802716173704,5.156914424489608
7212,ENST00000317744.9,ENSG00000179314.13,WSCD1,5772234,6124427,6.895620367215487,5819,8224.84,551.395,1.51042,GGCGCGGGTGCGGGCGCCCCAGCCGGCCGCGATCGCGGGATTTCTGCGCCAGGAGATGAGGGGCGGTAGAGCCCTGGAATGGAGATGTCCTTGACGCCTGGGCAGAGGCTGCAGCTGCAGGACCCTGTGGCCACTGGAGATAAGTAATGGTGCCATTTGAACACCTACTGGAAACGGGGCAGGAACAGTGAGTGACCCCAGGCGAGCACAGGCAGGTGCCAGGAGCCAGGATGCAAGGATGACGCCTCCGGAGGCCCTGGCCTCACTCCCACCTGGGCGCTAGGAGCCATCCCGGGGCTCCAGCCAGGAGCCCTGCTGCCCAGGGGC,4.565366167831124,2.190730577039396
7213,ENST00000572447.5,ENSG00000129195.15,FAM64A,6444415,6451469,39.77451552350621,1948,2392.06,234.961,2.21303,CGCAGAGTTTCAAATCGGCTGCGGTGGGCGAGGAGCAGCTGTGCTGCGGCTGTGCTCGGCCTTAGTGGTGTCGGGGTCTAGTGGACAGAGAAGACTCTTGGCCAGGCAG,17.972876790421374,4.167749444141443
7214,ENST00000250101.9,ENSG00000129235.10,TXNDC17,6640758,6644541,323.5617245243839,2219,2004.06,118.099,1.32769,AGGCCCTGAACTATTTAAGGATCCAGGTGTTGCAAGGCGGTAAGTTTTGCAGCCAGTGTCCATGAGGTCGGGGCTGGGACTAGATTAGGGTAGATCTAAGCCTGGGCTTGGGAGTGCAGCTAGCGCAGAAAGATCTGAGGAACTAGAGCAAAAAGCCATGCGGATGGATTGTGGTCGTCAGAGGCTCCCGTAGTCTTTAGCGGCGCTGGCTTCCGCAGGCTCCGCCCTCTCTTGCCCACCCGGAAACAGCCTCGCCCCGCCTACGCGGGACCCAACCGCGGCGACCGGACGTGCACTCCTCCAGTAGCGGCTGCACGTCGTGCCA,243.70276534762175,7.928978811499356
7216,ENST00000552039.2,ENSG00000219200.11,RNASEK,7012417,7017525,67.67006368077114,591,518.496,251.099,10.9109,CCACCGCTTTCCGAGCCCGCTTGCACCTCGGCGATCCCCGACTCCCTTCTTTATGGCGTCGCTCCTGTGCTGTGGGCCGAAGCTGGCCGCCTGCGGCATCGTCCTCAGCGCCTGGGGAGTGATCATATA,6.2020606623441825,2.6327476370171454
7218,ENST00000552402.5,ENSG00000258315.5,C17orf49,7012417,7017525,5.154037181758377,760,724.014,54.68,1.70154,GCCCGAGCCGCTCAGTCTCCCTGCTCTCCGTGGTCCCGGCTCGCGTGTAGCGGCGGCGGCGGCGTCTCCGTGAGGAGGCGCGCGGGGCC,3.029042621248032,1.5988618782424189
7219,ENST00000308027.6,ENSG00000174327.6,SLC16A13,7036075,7040121,8.296600203517073,1748,2500.02,152.613,1.37534,AGCCGAACACCGAACCGGGACCGATCCGGCCCCGGCTTGAACTAGCTCAGCTCCGAGCTCGCGGAACCACGCCCCCGGGAGACTCTGGCCCGGCCAGCGCGGGCCAGGTCTTCAGTCCTATATCGCCCCGCCTTGGGAAAAGGTGCAGGGGCCTCTCGCCGCCTCGTCGGGCCCTTCCTCTCTACCTGCCTCTCCAACCCCTCTCGGCCCCGAGCCACCCGGCAGCGGGGGTGGGTGTGCAGAGGTGCGGCGTCCAGAACCCGGCTCCTGCAGAGGCTCTGGGTGGCAGCAGCCCTGTTACCGCTTAG,6.032399409249402,2.5927319535845
7220,ENST00000356839.9,ENSG00000072778.19,ACADVL,7217125,7225273,46.68679444898065,2323,3073.74,574.915,4.21404,CGGAACGCAGGGCCGGGCTCCAGGGAACTACAGCTCCCAGCATGCCCCGGGGCCCGCAACCGTCCGCCGCCCGGTGCACTGTGGACGATGAGTCAGGGTTAGGGGCGCCAGGACGTGGGCGTGCAGGACGCCAGAGCTGGGTCAGAGCTCGAGCCAGCGGCGCCCGGAGAGATTCGGAG,11.078868365981494,3.4697386219275668
7221,ENST00000574255.5,ENSG00000170291.14,ELP5,7251416,7259940,77.11234119906773,671,649.652,589.401,20.4405,AAGTTCCTCCTGCGCGGTCTATGGCGGACTATGTTAGGTCTTAATGGTGGGAGGACGCCCGAGTGCTCGGCCCGTTTCACCCCGAGGAGGAAGGACACTGGGTC,3.772527149485958,1.9155312833332212
7222,ENST00000336452.11,ENSG00000132507.17,EIF5A,7306999,7312463,587.9057793301564,1256,1445.18,2653.96,41.3747,ACCACACTAGCGCGCTAGAAGAGTGGGGCGGAAAGACATCTCCCGCGC,14.209306154006107,3.8287642038231615
7223,ENST00000617998.4,ENSG00000181222.15,POLR2A,7484366,7514616,69.32376405105047,6751,9464.32,7567.4,18.0144,GCTCAGAAGCGCCGAGAGCGCGGCCGGGACGGTTGGAGAAGAAGGCGGCTCCCGGAAGGGGGAGAGACAAACTGCCGTAACCTCTGCCGTTCAGGAACCCGGTTACTTATTTATTCGTTACCCTTTTTCTTCTTCCTCCCCCAAAAACCTTTTCCTTTTCCCTTCTTTTTTTTTCCTTTTTGGGAGCTGAAAAATTTCCGGTAAGGGAAAGAAGGGCTCCTTTCGCTCCTTATTTCCCCGCCTCCTTCCCTCCCCCACCTTCCCCTCCTCCGGCTTTTTCCTCCCAACTCGGGGAGGTCCTTCCCGGTGGCCGCCCTGACGAGGTCTGAGCACCTAGGCGGAGGCGGCGCAGGCTTTTTGTAGTGAGGTTTGCGCCTGCGCAGCGCGCCTGCCTCCGCC,3.8482416317529577,1.9441993890214497
7224,ENST00000321337.11,ENSG00000161956.12,SENP3,7561875,7582113,88.38305346636433,2611,3380.07,854.793,5.69767,CGGGACCGCGCGCTTGGTGGCCGCGCCGGCGCTCTTCGCCGGGTGTGACGTACTAATCGTGCGCCACCGCTGCCGGTGGGCCCGGGGCTCGCGGGAGGGGAAGGAGGAGGGGGGGAGGAGTGGCGGCGGCGGCGGTGGCGCTGGTGGCGGCGGTGGCGGAGGTGGAGGTGGAGGTGGAAGCTGAAGCTGAAGCAGAGCCAGAGGCGGCGCGGCGGGGTGCTCGGCGGCGCGGCACGCGGCCCAGAAGCGTTGGAATCCTGAATTGAGACGGCTGCGCCTAAAGACAGCAGGAGTGGCGGGGCCGCCGCCGTCGCCGGAGAGATGAGCCGGGAAGCTTGAGGCCGGAGACGCCCGCCTTCGGGCCCGTCCGCCCGGCTTCCCCGCTCCCGGGTACTGGAAG,15.512139781062142,3.9553258037371606
7225,ENST00000250092.10,ENSG00000129226.13,CD68,7561875,7582113,8.846319433928494,1878,2473.04,159.433,1.45248,AGGGCCAACAGTCCCCTAACTTAATTACAAAAACTAATGACTAAGAGAGAGGTGGCTAGAGCTGAGGCCCCTGAGTCAGGCTGTGGGTGGGATCATCTCCAGTACAGGAAGTGAGACTTTCATTTCCTCCTTTCCAAGAGAGGGCTGAGGGAGCAGGGTTGAGCAACTGGTGCAGACAGCCTAGCTGGACTTTGGGTGAGGCGGTTCAGCC,6.090493111043521,2.6065590393068203
7226,ENST00000250124.10,ENSG00000129255.15,MPDU1,7583529,7592789,169.45869713719657,1601,1956.44,219.833,2.53156,AAGCTTTACAATTCCAACAGCGCGTCCAAAACGTGGTCCCTGACTGAGACTTATTTTACGCCACTAGAGTGAGGGTGGGTAGCGTCAGAAAGAGCGGGGCACGGGGCGGGCCAGCTTCGCCGCGGGAAAAGAACGGGAGGCGGAGTGTCCGCAGCGCGCACGCGCAACGAAAGTCAATGGCGGTCTGGAGAGACTGGCGGAAGCTAGCTTTGCAAT,66.93844788873129,6.064763194325449
7227,ENST00000226091.2,ENSG00000108947.4,EFNB3,7705202,7711378,5.496758571805714,3222,4691.5,226.0,1.08532,GGTTTCCTCCCTTAGCCCGCTGCCCTCAATCCCAGCGAGGCTGGGGCTCCGGCTCGGCGCCCCCTTCCTCGCTCCCTGGTCCGGCGCCCCATGCCGCCCCCGCCCGGTCCCCGGCTCCCCCAGTCCCCCACTTAGGCGGGCTCACAGATCCCGGGGTGCTGGCGCGTGGGCCGGGGGCGCGTAGGGCGCCTGCAGACGGCCCCTGGAAGGGCTCTGGTGGGGCTGAGCGCTCTGCCGCGGGGGCGCGGGCACAGCAGGAAGCAGGTCCGCGTGGGCGCTGGGGGCATCAGCTACCGGGGTGGTCCGGGCTGAAGAGCCAGGCAGCCAAGGCAGCCACCCCGGGGGGTGGGCGACTTTGGGGGAGTTGGTGCCCCGCCCCCCAGGCCTTGGCGGGGTC,5.064643212882572,2.3404606395821457
7228,ENST00000332439.4,ENSG00000182224.11,CYB5D1,7857746,7866083,17.04244937578433,3509,3789.36,456.273,2.71282,GACGGTGGCCGGAAAAGGACAATGGTTTCCATGTCAGCGGATAAACGCTCTCCCCTCGGCTCCCGGACGCGACGGAGGTCGTAGTAGTAGTGAGTACGTGCTGAGGAGCAAAGGAGTAACCAAGAGATCCAGTGACCGACAGAGCAAGAGCC,6.2821895207880845,2.651267466800257
7229,ENST00000380358.8,ENSG00000170004.16,CHD3,7884806,7912760,6.4361371139895365,7356,10331.4,940.803,2.05164,G,3.1370694244553317,1.6494174568860571
7230,ENST00000563694.5,ENSG00000170037.13,CNTROB,7932101,7949918,8.18517868707536,3705,5222.85,330.008,1.42357,GTGGTCTCGCGGGCGGGTGACGTCATCGAGGCGAGAGAGGCGGAGCCGTGGACAGTGGGCGGGAGGCTGCCAACGGTTTTGAGCGTAGGGGGAGGCGTGAGAGGGGGATCTCAGGGGAGGAGGTCAATCGCTTGCCCCCCACTTTGGCAAATTGGGGACTGAGGACTGGAAGGGTGGAGAGTAGGCGGAACCAGGTGGTCGTCGGGGCAGAGGATCTCGGGCTAGGCTTGAGGGCGGCGTGCTTCTTAGGGACGACTTAGGGCGTGACTGAGGGTTCACAAGGTTTCTTTTGGGGTGGTCGGGAGGGAGAGATTCTAGGGAACAAGGAAGCTCGCTATGGCTTTCTTGCCAGGAGGGGTCGAAGGGAAAGTACAAGGGAGCTGGAGCTGACCCTGGGTAGAACGGGTGAAGGGATGGGGGAGCGTGAGGTTCCGCCCTCTCTTGAGACTGGAACCAATTGAGGGACTAGTAGGGCAGGGGGACAGAAATTGGGCTCCTAGTGGATTTGGGTCCGTTTCCGTTGGGACGTTTTGGGTGTGAGAACTTAAGAGCTCAGTTGACCGGGGATAGCCTGTGCCGGAGTTGATCTGCAGCTTCCAGCACTCGTAGTCGGGAAGAGGAGCTTCAGCAGCGCTGTTGTCCCACAGTAGGTCTTCTGTCCGCACCCGCTCTGCGCTGCACCCTCTTAACGCTGTTCCCAGGAGCTGGGGAAAGGGATGCTTTTGCCCACTCCCATGGCCCCTGGAACTGGTGGAAACCTTTCCTCTAACCAGAAAGCCTCGATATCCTTAATTCACCAAGGATCCTTGGCGTGGAGTCTTCCTCCCTTCTCCCAAGTCTTTCTCCGTGAACTTTTCCTCCTGGACTTTGCTAAAGCAGAACCTCCCAGCTCTTTGCTGTCTCCGGTTGTCTCTTCCCTGTATTC,5.749754973113623,2.5235004766472793
7232,ENST00000314666.10,ENSG00000178921.13,PFAS,8247618,8270491,60.30326277364978,5371,8047.15,1618.11,4.5303,AACAAACGCGCGCGACGATTCGAGGTGCTCTGTGGCCGCGAGTGCATCTTCCACGAACCTAATTCATCTCTCCAGCAAAGGACACATCTCTCCAGCAAAGGACACCTCTCTCCAGCAAAGGACACCTGCAGAG,13.311097007626376,3.7345575678836154
7235,ENST00000407006.8,ENSG00000108961.13,RANGRF,8288497,8290092,127.62366412912448,1074,1295.3,193.369,3.36339,AAATCTTAAAGGATCCGGGAGCTAAGCCAGACCCGGGTGGCGGTGGCAGCTGCGAAACCCAGGGAGCCGATGCCACGTGACCCAATGTGGACTTCTTTTAAACCTTTCTAATGCCCATAACCCAGCCTCAGACCC,37.94494962794219,5.24583597442575
7236,ENST00000334527.11,ENSG00000166579.15,NDEL1,8413131,8490411,11.273443929365335,2372,2574.39,357.804,3.13136,AGAATGGCCTCGGACACCCAGGCAGTCCCTGACGTGTCGGGGAGGAGCCGGGCGCGGAGGTACGCTGAGTGGAGCTCGGGGCTGCGTAGGGGAGCTGAGCCGAGCGGCTGGGCGGGCCTGGCCGGGCCGGCGGAGGGGAGACGTCGGTTGAGCGGCGGCGAACATGCGCTTTTGACACATTGGAGGCTTTCTTGATC,3.6001749812750163,1.8480670283557175
7238,ENST00000173229.6,ENSG00000065320.8,NTN1,9021542,9244000,40.65898762293491,5954,9000.06,1066.0,2.66854,CTTCGGGGGCGAGCGCGCGTGTGTGTGAGTGCGCGCCGGCCAGCGCGCCTTCTGCGGCAGGCGGACAGATCCTCGGCGCGGCAGGGCCGGGGCAAGCTGGACGCAGC,15.236416775815579,3.9294517518142573
7239,ENST00000379774.4,ENSG00000170222.11,ADPRM,10697594,10711233,5.895489877421275,1209,1012.13,57.1762,1.27275,GTCCGTCCCGCTCGTTGGTGGCGCTGTTACATAGCCCGTAGTCAGAGGCCTTTCAGCCCAGGGGCCGGCGCACGAAACCTGTTTGGAGGTT,4.632087902118464,2.2116626312950047
7240,ENST00000415385.7,ENSG00000065559.14,MAP2K4,12020824,12143830,21.90211704611788,3856,3318.89,259.954,1.76468,GAGCTTGCTGCATTGCAGCCGCCGCGGCGCCGCTCGGCTCTTCACTCCCAACA,12.411381693064964,3.6335918268563216
7242,ENST00000261643.7,ENSG00000006695.10,COX10,14069496,14208677,7.593257714110156,2873,3303.42,500.575,3.41403,GGAAGATGGCGGCGCCCAGCGTCCCGTGAGGAGAGAGGACACAGGGATCCCGGGGAGCGGCCCCAGACTCGTAAATT,2.224133271854716,1.153243238098861
7243,ENST00000395894.6,ENSG00000187607.15,ZNF286A,15699577,15749192,23.13204258640062,5443,4986.96,657.291,2.9695,CAAAGAAGTTCGTCCCCTTTGTGAGGCCCGGGATGGGAGGTGCCCGGTTCCCCCAGGGACAGCTTCAAGCGGTAGGGACAGACATCTGAGGACCCAGCCTCAGGGATGCTGTCCCCGGGCTTCCAGGCTCCAGCGCCGTAGGACTGAGGCAGACTCCACGGTGAGAAAGAGACCCGATCTAACCCAGGCCTTTCATCAGAGCCCAGGAGGGAAGGCAGGAAGTGGGACCACGAGGCCCGGGGGGCTTCTAACTCGTCTGGCCAGGGAGATCTGAATTGGGGTGAAGAGCAGAATCTCCAGAACAAGGAGGAGGTGGTGATC,7.789877954672712,2.9616007255183017
7244,ENST00000304222.2,ENSG00000170425.3,ADORA2B,15944917,15975746,13.981948468007753,1735,2084.49,155.741,1.68332,GGGCAATTTGTTAGTTATCCGCCGCCACCAAGACGCGGCACGGCGCCTGGACCGGAGGGGCCCCGCGCGGGCGCGAACTTTGGGCTCGGGCGAGTGGGTGGTGCTCCGCCCAGCCCGAGACGGGCGGGCGCGCGGGCCAATGGGTGCCGCCTCTTGGCCGCGGGGGGCCCCGACCCGTGGGTCCCGGCCACCAGCGCCCCAGCCCCGAGGCTCAGAAGCGGCAGGCGGAGGCGCGGTCCGGGCGCTATGGCCATGCCCGGCGGGTCTCACGCGGCTGCCCCTCGCCCGGCGCGCCTTCGGTAGGGGGCGCCCGGGGCCCAGCTGGCCCGGCC,8.306173792272267,3.054184057968618
7245,ENST00000261647.9,ENSG00000011295.15,TTC19,15999380,16045015,72.14872992282221,3002,3182.77,307.67,2.17792,CGAACAAGAGGTTTAGAGAACCACATGGAAAAAAGGCAGGGCCAGGCCCGGACACCCCGCCTCCTGCCTCCCGGCCCGGCGGTGCCCGGATGCCCCGCCCGCGCCCATGGCGCAGCCACACACGACCTCGGTCCCGTACTTCGCGCGCTCTCCTGCACCGCCGCCGCCATCTCGCTCAGGAGCTCCTCCACAACCGCCGGCAACACTACGGCCATCGCGCCGCAGGACACGCCCTCCACGACCGGCGGACCGCCGCGACGCTCCAGCTGACTGCGCCTACCTGTGGAGGATCCTGACCCCCCGCCGGGGCAGGGCGAGACGGAGTGACGTCGGGGCGCGTCATCGCGCGTGCGGACGCAGGGATGTCCTGCTCAGTCGTCAGGGCCCGGCCAATCCGGAGGGCGCTCGGCGCGTGGTCGGGGGCCAGGAGCGCGTCTGGCCTGCAGTGCGCAGAGGACGCGGCGGGAGC,33.12735542298258,5.049951131676836
7247,ENST00000395844.8,ENSG00000108474.16,PIGL,16217191,16351797,15.394618827714982,1257,1208.08,56.7162,1.05772,AGTGCTGCTTACCCATC,14.554531282111506,3.8633964741720384
7248,ENST00000302182.7,ENSG00000170315.13,UBB,16380798,16382745,662.122741532693,1225,1245.52,10995.7,198.9,GTTTCCAGAGCTTTCGAGGAAGGTTTCTTCAACTCAAATTCATCCGCCTGATAATTTTCTTATATTTTCCTAAAGAAGGAAGAGAAGCGCATAGAGGAGAAGGGAAATAATTTTTTAGGAGCCTTTCTTACGGCTATGAGGAATTTGGGGCTCAGTTGAAAAGCCTAAACTGCCTCTCGGGAGGTTGGGCGCGGCGAACTACTTTCAGCGGCGCACGGAGACGGCGTCTACGTGAGGGGTGATAAGTGACGCAACACTCGTTGCATAAATTTGCGCTCCGCCAGCCCGGAGCATTTAGGGGCGGTTGGCTTTGTTGGGTGAGCTTGTTTGTGTCCCTGTGGGTGGACGTGGTTGGTGATTGGCAGGATCCTGGTATCCGCTAACAGGTCAAA,3.3289227829697987,1.7350554063993096
7249,ENST00000268711.3,ENSG00000141026.5,MED9,17476986,17493226,25.026720521614106,2228,2967.77,296.71,2.25249,GTAGAGTGCGCGACGCTTTTGGCGACCCGACCTCTGGCTAACCTACCCCCGGAGCC,11.110691067047625,3.473876647707619
7250,ENST00000353383.5,ENSG00000108557.17,RAI1,17681473,17811453,15.911683074413268,7662,12009.1,998.764,1.87377,CCCGCGGACACCAGGCAGGCCCGGCCGGGTGCGCGGCCAAGGCCCGCTCCCCGCGTCCCCGGGCGCCGCCCCCGCCCGCGGCTGGGCTCCGAGAGACGAGTGGGAGAGCGAGTGCAGCGAGGGCGAGAGGCGAGCCGAGCAGGCCGCCCTGCCCGCGGCCCTAGCGCCGGCGCGAGGAGGGGGCGCCGCGGCCCACCCTCCTTCCTGCCTGGCCGCGGGCCGGCCGGGCCGCCGCGCCCCGACCCCCATGGCCACCCAGGCCTCCGGGCCGCGAAGTCGCAGCGCCAGACCCAAGGCCCCCGAGTGAGCGCGGGCGCCGAGGATCTCATCTGGCCACCGCGTTCTGGAAGAGGCGAGAGGGAGAGCGTGCGCGAGAGGAGAGAGACGGCGGGGGAAAGGGAGACGGCGAGACGCGCAGCGCCGGCGCCCGGGAGACCCAGGAGGAGCCCGCAGATAACCAGCCCGAGTC,8.491801594866642,3.086070664054662
7251,ENST00000268719.8,ENSG00000141034.9,GID4,18039292,18068404,33.4026663740088,4237,4741.93,566.656,2.69232,AGCGGGCCGCTCGCGCACCGCGCCACGTGTTTTCTCCTCCCGCCAATGGGCGGAAGCGCCGCCTGAGCCTGCTCCCGCCCCCCAGGCTCGCCTGAGCCAATCGGAAGGGGCGGGGTGTGTGTGTGTCTGTGTGTGTTTGTGTGTTGTGTGTCTGTGAGTGTCTGTGTGTGTGT,12.406647937098414,3.6330414716152077
7252,ENST00000225729.7,ENSG00000108591.9,DRG2,18087886,18107971,83.58060964322914,1964,2454.41,711.106,6.52753,TGAATCCTGGAGCACCAGGCGCCCACGAGAACGCTGTTCTCTTTGGCTTCCGGGCGCACGCTACTCTGTCGCCGCCGTCAGACCGGAATTGCCGGTGCCGCCGCCACCGCTGTCTGTGCGCCCACCTCTGCTGCTACC,12.804324092455975,3.678559193648696
7253,ENST00000399138.4,ENSG00000091542.8,ALKBH5,18183078,18209954,87.48154542940287,2748,3463.47,1871.45,12.1739,GGGCC,7.185991788120723,2.845187286683762
7254,ENST00000316843.8,ENSG00000131899.10,LLGL1,18225587,18244875,30.13030856088687,4260,6323.79,961.735,3.42641,CGCCTGGCGCCCCGCCCGCGCCTTAGGACCCGCGGGGCCGCGCGGCGCATCCTGCGGGCGGCGGCGGCGGGCGAGGCGCCTGCAGCCGGGCGCAAG,8.79355026423775,3.136445749500129
7255,ENST00000406438.4,ENSG00000176994.10,SMCR8,18315310,18328055,9.26692693981066,8279,11141.0,1261.46,2.551,CGGCGCCGCGGTAGCAGGATCCGGGTTGTGGCGTCCTAGGAGCCGCGACGGTTTCTGCCCTCGGGCAGTGAGGGGCAGCAGCGCTTGGCTGACCCCTGCGGCGTCCCGTAGCCTCGCGTTAAGCCTTGTTCAGAGCGGGGGCTTTTGCTGTCGCAGTGGGTTCCGGAGAGTGCAGGTGATTTCGCAGCAGGTTTCTTGTGCTGGCCGCGCTCGCCGGACGAAGAAGAGAAGGGCAGTTGGGCCTGCGGCCTTGGCGTTCATGAGGCCTCAGAGAGCTCCGGAGGAGCTACAACTGTGAGGGGGCTGCTAGAGTTCTTCTCCTCGGGTGTGTGAGAAGCAGCCTAGGACCCCGGGTTCGGGGAGTCGCAAAGAAGGCCGTAAGGGCTTCACTTCCTTCTCCGGAGGCCTGCCTTCTGCGCGTCGATTAACACCGCATTCTTTCCCACTTCCTCTCAATGTTTTCTTCATATATCTGGAAAT,3.632664421721152,1.861028098624346
7256,ENST00000268835.6,ENSG00000141127.14,PRPSAP2,18835707,18931287,94.66158959639854,1910,1720.53,495.145,6.48384,CGCCCCTCCCCGCCCACCGGCCTCGCAGTCACCGCGGACGCCAATCTTGTGCATGGAGTCGCCATTTTGCTCCTAGAGAGGCCGCCAGGAGACCCGGCGCTTTCTTCCTTCTGCAGCTGAGGCTGCGGCGGGGCCGGGGCTGGGGTCGGGGCCAGGAGGAATTTTGTTGTCAGAGAATAAAAGGAGGTTGTCCATAATTGACTTTAAGCAGCAATCAGTAAAACATTGAGCTCTTCAGCTCCGCCTTTCTTGCTCTGAAAATTGGAAAACCAAGAAGGTTTTG,14.599618373741261,3.8678587532045245
7257,ENST00000347697.6,ENSG00000072134.15,EPN2,19215615,19336715,9.247463626865164,4664,6275.95,463.479,1.66385,GCGCCCCCTCCCGGCCGCCATGTTGGCTGGTGTGTGGGTGTCAAACTGAGCCAGACGCGGCGGTGGCGGCGGCTCCGCGGGCTACGGTCGCTCCCGCCTCTCGAGCGCTGCCGGTGGCCGCAGCGGCGCACCCACGCCGGCCCGGAGGAGCAGAGTGTTCATTTCTGTGTCGGGCACAGTGCTAAGTGCTGGGTGCTCACTGGTGATGAGGCAGATGAAGGTTACCAAACTTGTGGACAGGAGCCTCATATCAGAGACGTGGACCTCACTGTAGCCTGGTCATGGCTTCCAGCTTTTCGAATCTGAGGCTCCAAAGGAGGAAATGACCATTCAGGGATCTTACTCCAGCTTGATTACGGAGACTGAACCTTCATAGGGTGCGCACTTACCAAGGACAGGAAGGTTTCTCTGTTTGAAGGGCTTTAAACTTATAACAAAGAAAATAAAA,5.55787097807204,2.4745323438122853
7258,ENST00000270570.8,ENSG00000142494.13,SLC47A1,19495385,19579034,19.54447136535618,3280,3788.22,319.224,1.89855,ACTGCCGGCCTGCGCGGTACTCACTGCCGGCCTCCGCGGTACCCACTGCCGGCCTCCGCGCTACCCGGCCGCAGCGCGCGAGTCAC,10.294420144508273,3.3637906642259336
7260,ENST00000581518.5,ENSG00000072210.18,ALDH3A2,19648136,19677598,61.68135716226919,2785,2754.52,126.006,1.03064,AATAGGGGTGAGGCTTTGGGTCGAGCTCAGTCCTCCCCCGGCGCCTCCGACTGGCAGTGGGACTCAGCGGGCGTGGAGGTCGCGGCTGAGCGAGCGAGCCCTGGGCGAGTGAATTGTGGCTGTGGGTTGACGGTGGAGACACCCCCCGGAGGGAGGCGGAGGGAAGGGAGGCGAGGCCTGCACCTGCATGCTTCCCGCCTCCCACTCCCCAGCGCCCCCGGACCGTGCAGTTCTCTGCAGGACCAGGCC,59.84762590455366,5.903222112922285
7261,ENST00000261503.9,ENSG00000128487.16,SPECC1,20009344,20403557,5.689454209050093,3948,4558.91,328.103,1.62148,AGAAGCAGAAAAGGTTGGATAAAAGATAAGGACAGACCCACGAAGTCAAGC,3.5088031977268255,1.810979031916247
7262,ENST00000395511.7,ENSG00000109016.17,DHRS7B,21123364,21193265,46.95148724994339,2175,2391.09,154.393,1.45477,ACCTTTGTGCCAGTTATCACACTGTTCTGATTACTGTGGCATTATAATCATCTTGATAACTGTATCGTGAATTCTCCAACTGTGTTCTTCGCCGGAAGTCCACGGAACACCAACCACGACCTTCGGAATTTCCCTCCGGAAGATGAAGGCACTGTAGTTATGCGGGTGGACCCTATCAGATCTCGGGTCCATCGGGTCCTGTGTACACCTTGAGGGACGCCCACCCAACGCGCATGCGCAGCCTCAATGCTGGGATTGGACGGAGCCTCGCCGGCTGCGTACACGTCACTTCCGAGGCGGGAGGATGAAGTTGATTGACT,32.274165160089495,5.012307872527462
7263,ENST00000342679.8,ENSG00000034152.18,MAP2K3,21284672,21315240,26.76333692588068,2303,3107.35,419.33,3.04038,AGTCAGCGCAGTTCGGCCGGGGTCTCCCCGGCGCTGCCCAGTCTGTCTCCGGCGCCGCCCGTCGCGGACTCGTCCTTGCTGCAGTCGCCGCCGCAGTCCTCGCCGCAGTCGCCGCCGCCGCCGCCGCCGCCGCCGCTGCTCCTCCGCCTGGCCTGGGCCGTCTGCCCGCAGCCATGAGCGTGCTCGGCCCCGGTGGAGCCCGCAGTCCTCTAGATTAGTCTCCACCGCCGTCCAGGACCCACTTGCAGC,8.80262892331902,3.137934451957301
7264,ENST00000398988.7,ENSG00000141068.13,KSR1,27456714,27649560,2.4256354131464413,7237,10041.4,508.033,1.13988,CTGGACCCCTGCCAGGGAAGGGGTCCTCAGACTTGAGGTTGCCAGCTCAGATGTGGGGCTGCTGATACTAGGTGACTGGACTGATGTTCTGTTCTAGATGAAACTCCTTGAGGGGACCATTTGAAAAGGCTTGATGTGCTGCCCAAAGCCCCCTTCAGAGCTGACTTCTCCACCCCCAGCTGCCGTGAGCCTTGGCTGCTGACAGCTCATAGCTGAGTCCCTCCCGTGAAGTCACCTTCTGCTGAAGGGTACATCCTCTCCCAAGGCGAAGCTGGTCCGTTACATTTGTAAGCAGAGGCAGTGCAAGCTGAGCGTGGCTCCCGGTGAGAGGACCCCAGAGCTCAACAGCTACCCCCGCTTCAGCGACTGGCTGTACACTTTCAACGTGAGGCCGGAGGTGGTGCAGGAGATCCCCCGAGACCTCACGCTGGATGCCCTGCTGGAG,2.1279743597101812,1.0894807676897493
7265,ENST00000407008.7,ENSG00000087095.12,NLK,28041737,28196381,3.5238664711269623,4047,3927.73,448.649,2.57352,CCCCGGCTCTCTTTCTCCTCTCTGTCCTGCTGTCGCCTCCTCTCCTCACTCCAGCCTCCTTCCCTGGCTTATTCTGCCCAGGAAAGTTTGGAACCCCCGCCCCCCCTCCCCAATCAGGTCAACCTGACTAGGAGTAGGGGGAGATGTAGGAAGGCCTGAGAGTTCGGGGGGGGGGAAGCTGGAAGCTGGTTTCCCAGAAAATTTCCCCCCATCTTCTCCATTTAGGGTGGTGGGAATTTTTTTTAATCCTGTTTTTGAGGAGGTGGTAGGTGTTTAGAAAAGGATGTGGGAATGGAAGGGGTAGATGAGTCAACCCTCTTTCAAGATTCCAAGGGTGGTGTGTTACCTGATCCTTTTCGTGTGTGGAGTTCAGGGGGTCGGGAGGTTTGGCCTTTATTCCCACATTCAAAGTTGGAACCTCCCCCAAATTAAGAATGGAGTTTTAGTACCCACTTGTGGCAGGAATCCTGGGGGGAAGGGGTCCTTTTTTCCTTTTTCTTTTCTTTTTTCCCTTTTTTTTCCTTTTGGCAACCCACACCCTTCCACACACGCTCACCCCAAAATTAAACACCAAGATCCTCTAACTTGTTTGGATTGACTGATGAAGACATAAAGCTCTATGTTTTTTGAGGTGGAGTGAGTGGTTTTTCTTCATTTTTAAATGGCCAAATGACAGCTTGACCCAGTTTGCTTTCCAATCAAAGGGCATTTATTTTGA,1.3692788364290787,0.45341626322945094
7266,ENST00000226230.7,ENSG00000109084.13,TMEM97,28319095,28328685,190.8032343443858,2568,2546.29,1154.71,10.2171,GAGCCTCCTCTTCTCGCCAGCCAATGGAAGCGGTCTGCCTAGCCCTCGCGGGGGCAAGGCGGCGACCGAGGCGCGTGGGTCTGGGAAGGCGCGCGGATTTGGCCCCTCTTCTCACATCAGCGGGTCCAGGCCCAACCGACAGACT,18.674891539124193,4.223027958976999
7267,ENST00000226225.6,ENSG00000109079.9,TNFAIP1,28335602,28347009,23.39969281273694,3627,4622.52,1308.04,6.37535,AGCCGGCTGGGCTGGGCAGCACTCCGGGCGGAGTCGACGAGCGCAGGATGTGAGCTCACAGCTTGGGACTGCTGAGGGGCAGGCGGCTGCAGGCTAGGGGCGGCTCGGAGTCCGCTGGCCACCCAGCTGAGAGGAGAGGCGCCCCCGGGGACGCACTGAGATTATGAGGCTCTGGCCTCCACTGGCCACTCACTCGTGACCCTTTCCACCACGGCGGAGCCTTCCAAGCCTACCTCCTGCCGTGTGGTGATCTACCTGCAGCGGGAG,3.6703385402741717,1.875913138776742
7268,ENST00000292114.7,ENSG00000244045.11,TMEM199,28357581,28404049,53.448486665374965,3148,3410.28,491.099,3.24444,AGAGCAACTTCCGGTGCGCTTAGCGTTACTTCCGGCGCGCGGCGGGCGGAAGTCCGGGTTGGGGTCACCTGACCGGAGAGCCGGCTAGAT,16.473871196685703,4.042107708846872
7269,ENST00000314616.10,ENSG00000109111.14,SUPT6H,28662091,28702684,22.223096516950708,6523,8300.4,1230.11,3.33893,GAGCCGCTTCGGTTACCTTTCGCACCCACGAGACGAAAGCTTCCGAGAGCGGGAGAGAGAACAAGAAATGGCCCGCCCACTCCCGGTGACAGGGAGCCGGAAATGACGTAGCACGTTGACGCAGCAGCGGCGGCGGTGGCGGCGGAGGGGCCGTGCGGTGGGTCCGTACTATCTTTTCCCAGTCTCGGTTCGACGACTCCATTTTCCTCGGTGGGGGCTTAGCGCACTGGAGGAGCGGCGGGCTTCAGACAGTTATCTTCAGGCAGAGTGAGAAGCTGCAGCA,6.655753944212879,2.7346020996410467
7270,ENST00000496182.5,ENSG00000198242.13,RPL23A,28719393,28724359,270.9248236999321,636,578.025,89.4301,3.48577,CCGCAGAGCGAACGAATTGGGAACACGGCTGCTGGGCTAAGCCCTGAGGGCTCTGCTCCGGGGCTGCTCCCTGCGTTTCGGACACGCTGCAGTATACGTGGGCCGCGTGGGCCCAGCCTCGTGGGCTGAGTTCCGCTCCTGCCCCTCCTAAAGCTGAAGCCAAAGCGAAGGCTTTAAAGGCCAAGAAGGCAGTGTTGAAAGGTGTCCACAGCCACAAAAAGAAGAAGATCCGCACGTCACCCACCTTCCGGCGGCCGAAGACACTGCGACTCCGGAGACAGCCCAAATATCCTCGGAAGAGCGCTCCCAGGAGAAACAAGCTTGACCACTATGCTATCATCAAGTTTCCGCTGACCACTGAGTCTGCC,77.7230923726844,6.280271397534541
7271,ENST00000262395.9,ENSG00000076604.14,TRAF4,28743984,28750958,10.910330590734908,2923,3946.91,622.335,3.55246,CACAGCCGAGCCCTGGCCGCGACCGCCAGTCGGCGCCGCCCGGAGCCGGGAGCGCCGCTCCAGCGAGGCGCGGGCTGTGGGGCCGCCGCGTGCCTGGCCCCGCTCGCCCGTGCCGGCCGCTCGCCCGCC,3.0712043459278666,1.6188045067940309
7272,ENST00000254928.9,ENSG00000132591.11,ERAL1,28854938,28861067,95.56490007137664,1925,2377.66,1758.2,16.6602,GGGCAGACCTACCTCTCTCCTACTCGCTGGTTCGTCAGCCGCTCTGTTCAATCGTAGGAGCGCTCCTGGTCGGTTCCCGCAGTGCCTTGCGGCTGTA,5.736119618694652,2.520075109726389
7273,ENST00000261716.7,ENSG00000160551.10,TAOK1,29352069,29551904,19.48150204472855,12407,11126.7,3865.82,7.82773,CTTACCAGGGGTGGTGTTGGTGGCGGAGGGCTGCGCGTGGGCCCGCCCGCCGAGGGGCCGCGGCGGGGGACCGAGAGGGCCTCGGCTGTGTGAGGACTAGAGGCGGCCGAGGCCCGGGCCGGTTCCCCCGAGGCGGCGACGGAGACGGCTCCCGGCACTTCCCCGCGCCATCTTAACTGAGCCCAAGCGCTGAGGGCGCCTCCTCGACCCCGGTCGTCCCCTCGCCCCCCCCCCCACCCCCCGCCGCCGCCGCCCCTTGTTGCAGAGCTTGGGCTGGGCGGCTTGCTGGGGCTCGGGGGTGGGGGGCGGCGATCTGTCGCCGGGCCCCCTCCTCCTCCTCACTCCTCACCCTCCAGGGTAGCGGCTACCGGAGCGCTGCAGGGGGCTGCGCCTGCCTGCTCCGCCCCAGACCTGTCGGCGAAAGGTAGTTTATGCCAACGTGACTTCATTCATACAGATGAACCAAGGATCGGGATAGCAGTATAAAATTAGAATCAAGACAGCTGACTGCTCAGCAGG,2.488780533402219,1.3154390156415077
7274,ENST00000301057.7,ENSG00000167543.15,TP53I13,29560547,29707090,20.643908664194395,1530,2270.98,340.738,3.38041,CGGACGCGCGGGCGGCGCGGGCGGCGCGGGGGCGCTGGGGCTGGAGGGGCGGGGCGCGCGCGCTCCCTCGCTGGCGGAGCGGCTGGGCGGCGGGCCGGGCCCGGGGCCGCTTGGA,6.106924504481526,2.610446010289509
7275,ENST00000394859.7,ENSG00000198720.12,ANKRD13B,29560547,29707090,11.28898165057818,3214,4624.27,395.869,1.92872,CGCGCCGCCCCCGCCCGCCGCCGCTCGCACATGCCCGAGCCGCAGCCCCGCGAGCAGGCAGCGCCGGCCCCCCGCCCCGCGGCCCCGGGCCCCGGCTCCGGCGCCGTCCCTCCTCCCCGGCCGGGCGCCGCGGCCCCGGCATGAGGAGCGGGCG,5.85309513593377,2.5491997283561885
7276,ENST00000247026.9,ENSG00000126653.16,NSRP1,30115521,30186475,24.408993086201527,2541,2141.28,546.019,5.74509,CGTGACGACATCGGCGTCAGCGTCACGGAGGCGTCGGCCACGTTCAGCGGACACGGGAGCAAG,4.248670270822829,2.087011383870737
7277,ENST00000225719.8,ENSG00000108582.11,CPD,30378905,30469989,87.42225613988464,9394,7852.54,2736.72,7.85205,GGGGATCCGGCGGGCCCCCGCCGCCCGGAGCGCTGAGCCGCGGGAGCGGAGCCGGGGTTAGCGGCGCTGCTGGAAG,11.133685615843588,3.476859346104144
7278,ENST00000225724.9,ENSG00000108587.15,GOSR1,30477362,30527592,59.97105027919847,6039,6397.61,1000.17,3.52223,ACACGCACCATGGTGACTTTCCGGCCTGCATCGCCTCTGCTCCCCTATCCCGGCTGACGTTGGACGACAAAG,17.02644355399803,4.08970521441145
7280,ENST00000321990.4,ENSG00000176208.8,ATAD5,30831970,30895869,14.482307823569604,6869,4999.3,1291.97,5.82245,GCAGGACGGCGCGAAAACCCAATTGACAAGAATTCCCTCCGAAGCTCTGTGGTCCGATCTGCGGTCCGCTTGCTTTCCCTGCCCGGTCCCGAGCGCTCAGCCTGAAGCGCCGCTTTCGAGGGCACCCTGCATACACTGGCCGCGCCTCAGGGATCTCATTGCCCGCGCTTTCTCATTGCCTCTTTCCGTGTTCGATTCGGCTGATCTGGGCCCAGCCTCCGCTCCCGCTCTCTGTCGGTGGGCGCGGGGGAATCCGAAACGGCTCAGCAGAATCCCAGCAGCTTGCTGCTACTGGAGCGGGCCGCCTCCATGGCCTCCAGGCAGGCCGGGCTGGACCGCGTGAGGTCCTAGGAGACGGGATTCCGGGAAGCGGGGAGT,2.487321973322159,1.3145932704215246
7281,ENST00000358273.8,ENSG00000196712.16,NF1,31094927,31382116,8.539513306251624,12425,11304.3,2398.39,4.78014,AATCTCTAGCTCGCTCGCGCTCCCTCTCCCCGGGCCGTGGAAAGGATCCCACTTCCGGTGGGGTGTCATGGCGGCGTCTCGGACTGTGATGGCTGTGGGGAGACGGCGCTAGTGGGGAGAGCGACCAAGAGGCCCCCTCCCCTCCCCGGGTCCCCTTCCCCTATCCCCCTCCCCCCAGCCTCCTTGCCAACGCCCCCTTTCCCTCTCCCCCTCCCGCTCGGCGCTGACCCCCCATCCCCACCCCCGTGGGAACACTGGGAGCCTGCACTCCACAGACCCTCTCCTTGCCTCTTCCCTCACCTCAGCCTCCGCTCCCCGCCCTCTTCCCGGCCCAGGGCGCCGGCCCACCCTTCCCTCCGCCGCCCCCCGGCCGCGGGGAGGAC,1.7864567368846151,0.8371009762026236
7282,ENST00000394744.6,ENSG00000131242.16,RAB11FIP4,31391624,31538217,4.440741946553101,1968,2488.73,122.083,1.1052,CGAGTCCCGGGGCCCAGGCGCCTCGTGATGTCACCGCAGCTTGATACAAAGAGCCCTTCGGCCCACGCGGGTCTCCCGGCAACGGGCGGGGGCGGGGCCGCGCCTTCCACTGGTGCCCAGAAGTGCGAGCGGCAGCGGCGCGGCCGCGATTGTTCCTGCGCTTCGGGGCTGCCCGCCGCGTCCCCGCGCGCCGCCGACCCGCGCCCGCTGGCTTCCGCGCCTCTGCCGGGGAGCGGCCCGCGG,4.018043744619165,2.0064932708411383
7283,ENST00000580398.1,ENSG00000178691.10,SUZ12,31937018,32001045,36.35199288090434,3977,2982.55,305.712,2.30933,TTTTTTTTTCCTCCCTCCTTCCCTCCTCTCCTCCTCCCTTCCCTTCCCCTCTCCTCCCCTCTCTCCTCCTTCCCCCCTCGGTCCGCCGGAGCCTGCTGGGGCGAGCGGTTGGTATTGCAGGCGCTTGCTCTCCGGGGCCGCCCGGCGGGTAGCTGGCGGGGGGAGGAGGCAGGAACCGCG,15.741359130528915,3.976488205378378
7284,ENST00000394670.8,ENSG00000010244.17,ZNF207,32266176,32381886,193.1402574136198,13781,11542.4,1132.86,2.21128,ACCGCAGTGCTTGACGGGAGGCGGAGCGGGGAACGAGGCCGTCGGCCATTTTGTGTCTGCTTCCTGTGGGACGTGGTGGTAGCCGTTGGGTTGGGAAAGTGAGGGATTTTTGGCCTCGTTTCTCCTGCTTCTTTTCTCCTCCCTTTTACTTTGCCGGTAGAACACAGTT,87.34319372201612,6.448623379413766
7287,ENST00000261712.7,ENSG00000108671.9,PSMD11,32444261,32483318,268.6476337728453,4098,4445.91,1578.34,7.99837,GATCTAGAGCTCCCACTGCGGGGCACCGCCTCTTTTCCTCGCCGGCCGCCCGCTAGGAGGCGCTGGGGAGCTTGCAGCCCACCTGCGAGGCGGTCCCGCTCTCCCCACCCCTCAGCCCGCGCCCGGCGGAGAGACTACAACTCCCGGAGTGCTCTGGGAACGGAGCCACGGGAGCTACAGGCGGAGGGACCCGAGGGCGGGCTTTCCGGGTGTGTGTTTCCGGCGTCGGCGGCCGCGGCCGGGGACGGTGTGAGAGCGGTAAG,33.58779773539425,5.06986529979638
7288,ENST00000394642.7,ENSG00000006042.11,TMEM98,32927910,32945106,17.597292683372153,1683,1872.33,369.401,4.44506,CCCGGGGCGGGGCGCAGGCAGGGACCCTCCGCTCCCCTCTCCGTCTGCCGCCCGGACGGGCCACCGCGGGGGCGCGAGGAAGGGGTGTTGGGTCGCCAGGGCCCGCCTCCCAGCTGCCCCGGCCGCCGGGGGGCCTGGCGGTGACGGCGGCGCCTGGCGGCGGGGATTTGGCGCGGGCCGGGGGCCGGGGGCCGGGGCGCGGGGGCGCGAGGCTGGATTCCTAGGGCCGCGGCGCTTCCCGGCATGCTCCGCTGCAGGCCCGCGCCCGCGCCCGGACTTTGCCATCGGCGGGGCAGTCGCGGGATGCGCCCGGGAGCCACAGCCTGAGCTTTAGCCCATGAGGAGGATGTGACCGGGACTGAGTCAGGAGCCCTCTGGAAGC,3.9588425540649967,1.9850786915189407
7289,ENST00000361952.4,ENSG00000198783.5,ZNF830,34961530,34963775,43.89276767064996,2246,1970.55,273.563,3.12775,GACGGAAACCAGAATCGTTTTGGGTCTGGTCGCCAAG,14.033336318647578,3.8107861343626945
7290,ENST00000378526.8,ENSG00000005156.11,LIG3,34980494,35009743,43.18378161185567,8400,9485.02,1193.95,2.83602,GCCTGCGCGCTGCCTCCCGCTCTAGGACCCGGATTTAAAGAGACAGGCGCTCCAACCGTCGTGGGCTGCCCGCGGCCTGTAATGAGCAAGTTCCGAGGCCTACGGTGAGCGCCGGAGCCGGAGAGGCAGCTAT,15.22689600632424,3.928549974159539
7292,ENST00000610402.4,ENSG00000006125.16,AP2B1,35578046,35864615,210.0743399544312,3204,3170.15,185.286,1.31682,AGACCTAGAAAAGAATCGTGACGGGCAGGAAACCATTACACCACCACCTGGGCTGTGCTCTCCGGCTCCCGCCGCCACCCCCGCCCTCGCCTTCGCCTCCGCCTCCGGTGCACATTAAAGATCCAAAGTC,159.53155325286005,7.3176979881807185
7293,ENST00000603017.1,ENSG00000270885.1,RASL10B,35578046,35864615,118.91708172420482,3205,5097.64,1256.0,5.55115,GAGCAGGCGGCGCGCTCCGGAGGGAGAGCTGGGGCTGGAGGTTCCTACCCCCTCGGCGGCCCGCATCTGCCCCCGCGCGCCCGCCCTGAGCCCGCCCCGACTGGGCAGGCGGGGGAGCCCCTACTTCTCTCCCCCCGGGCGGGGGAGCCGGGGGGCAGCGCCGGAGCCCGGGGGGAGCTCAGCCCCGCCGACCGGCCGGCCAGGGCAGGGGGCAGCTAGGACGGCCCCGGTCCAGGTGGAGGCCGCAGAGGGCCCAGGGCAAGCAGAGGCAGCAATGGTTGGTCCTGACGGTGGCTGAGCCCCCAGCCCCTGGAATATGCAGCCCGGGGGAGCCCCAGACAGCGGCAAGGACGAGGTGGCGGAGTGGGGCGGGAGGC,21.422062405844702,4.421025476910669
7296,ENST00000605844.5,ENSG00000270647.5,TAF15,35578046,35864615,84.4204998527916,2191,2613.36,1246.42,10.7455,AGTCCGCCTCAGCCCGCCGCGCCGCCCTCAGTACAGCTCCGGCCGCCGCGCCGCCTGGCTTTCGTATTCGTTGTTCTCGGCGGGCTGTGGGGCCTCCGCGCCGCGGCCGTTAGTC,7.856358461941426,2.9738607569778397
7298,ENST00000617429.4,ENSG00000273611.4,ZNHIT3,36486629,36499310,217.35846665832617,951,702.673,657.461,21.0804,GCACGCGGGCGCGGCTGCGTGAGAGGCGCGCGGCGGCGCAGTGAACAGTCTCCTTCCACAAAACC,10.310927053486942,3.3661021458612077
7300,ENST00000614443.1,ENSG00000277161.1,PIGW,36535020,36539310,67.39436103668828,2312,2147.77,251.307,2.63621,GGCTTCAACTACGGTGAGATGTTTTGCGACCCTGGGGTAAAATGAGGGTAAAGCGGCAGCTTCCCACGTTCTGGGGGAGAAGCGCGGAAGCACGGTTTCCTGGGCCTTCGGGCGACACCAGGACTGGGGGTCTTTCAGTAGAGGTCGCCGCGGCGGAGTCTTGTGCGAGTGCGGCGGAGTGTTGTGCGAGGCCGGCGGACACCATTACCCTGATAGGGCCTCGCCGTGAGGTCTGAGGGGCCGTGTGAGGTGCATGGCGCGCCGTTTCCTCTCCAGGCGCTCCTCTCAGGGCTACGGCCCTAGAAGATCTGGCCTGCACCAGCCCAAAGGACATGACAGGAGTGGGTAGCCCACGGGACACTGGCACGAGCGCCATGATGGGCGGAGACGCGCGGAATCGGCCGGCCCGGAAGTGCCAGCTGCCTGCGTCGGCCGGAAGTGCCGCGCGGGAGGCGGAAGCGGCTGGTTCCCGCGTGGTTTGGCGGGTGCAGCGGCAGTCCGGCTGCCCTTCCCACGTAGACCGTCTGCTGGGGGCGCCGGCACCATTTGGAGAAGAAAA,25.56486813899055,4.676090679656008
7301,ENST00000613102.4,ENSG00000278311.4,GGNBP2,36544888,36589848,45.67552815011732,2847,2560.03,1070.43,9.4205,ACCTTCCCCTCGTCCCCCGCCCTCCTTCTTCCACTCCCCGCGGCGCGAGCGGCTGACTGCCCGTAGAGGAAACGACATTCGGAGCTGCGCTCCCGCCCACGCCGGCCCTGACGCGGGCCTCGTCAGCCAGTAACAGGGAGCAGAGGTGGGAGTTAGCGAGGCGACCACGAAAACGGTGAAGGTCGGAACCGACAGCCTCCTCCGAGAAGGGCAGGAGCTGGGAGGAGGCGGCAGCGGCGGCGGCAGAAACAGCAGCGGCGGCGGCGGCGGCAGCTGGGAGGAGGTGGTGACGGTGGCAACGGCAGCGTCGGGGACG,4.848524828843195,2.2775458718694592
7302,ENST00000614766.4,ENSG00000278619.4,MRM1,36601572,36608971,16.615418805337608,1857,2587.16,182.29,1.58745,GGCGGGCTCCCGAACCCGGAAGCGAGGGACCCACGTGGGAGCCTGGGAGCGGGTGGTCGTAGCTCGGTAGTCCAGTTGTGGGTAATCGGGGCTGTTTGTTCCTGTCCGAGAGAGCTCGGCGGAGACGGCTGTCGAGTACCCTTCACCTCGGTGTTGGGAGCCTGGGAGCGAACTGCGGCGCGGGTTACCGCTCCCGGGGACGCAGCAAGGGGCATCGAGTCCCTGGCGGGAGCTGCGCC,10.466735207620781,3.38773960073892
7303,ENST00000619387.4,ENSG00000275700.4,AATF,36948875,37056871,83.73606935240733,2141,2314.22,1826.97,17.7865,AATCCCTTCAACCTTCTGCGCGCTTCCGCCTTCATGCTAGCAACGCCCGCAGTGACGCGCAGGCCCCGCCCCCTCCCGCGCGCCTCCCGGAAGTGGCCGGTCCAGAGCTGTGGGGTGGCCTCCGCGCGGTCTCTGGCGGAGTCGGGGAATCGGATCAAGGCGAGAGGATCCGGCAGGGAAGGAGCTTCGGGGCCGGGGGTTGGGCCGCACATTTACGTGCGCGAAGCGGAGTGGACCGGGAGCTGGTGACG,4.707844115053963,2.2350665510131713
7304,ENST00000617516.4,ENSG00000276023.4,DUSP14,37489831,37513501,172.09517859614186,1537,1647.77,596.082,8.15025,CGCGGCCCGCCCCGGGCGCGGGCGGAGGGAGGAGGAGGCGGCGCGCGCGGCGCCCAGCCCGCAGAAGCCGGTGGCCGCGCAGGAGGACGGAGCCCTAACCGCAACCCGCTCCGCGCCGCGCCGCGCCGATTTGATTTGTATCCACTGTCACCAGCACTGCTCACTTAGGACTTTCTGGATCCGGACCCAGGCAGCGCACACTGGACTCTTGAGGAAGAAGGAGACTCTAATTTTGGATTCCTTGGTGGAGGAAAATAAAACACTCTGGTCTTGCCGCCAACGATGCAAGTGTGACTGCTGGCGTCTTC,21.11532512452279,4.400218556183599
7305,ENST00000613675.4,ENSG00000278845.4,MRPL45,38297023,38323218,52.18849523815746,1705,1553.28,1348.05,19.5533,CACTCCCGCGAGCACGTGCGCGTCCTCGCTGCTCACATTTCGGCGGAGGGCGCGCTCCCTGGAAAATTCCACTCCTGTGCTAGCTCCACCCTATGCGGCTTTTCTCCTACCCGACGCTCTTCACTCTCAGCTCCCTTCCCGGCGGCCTTTGCGGGAACAAG,2.6690377193700017,1.4163196940761795
7306,ENST00000613678.4,ENSG00000274211.4,SOCS7,38352228,38405593,3.030624410674707,1827,2384.44,106.195,1.00341,CCCGGCCGCCGCAGCTG,3.020325102076626,1.594703846871693
7307,ENST00000621332.4,ENSG00000275023.4,MLLT6,38705542,38729803,1.7312920810747592,7578,12070.6,1760.9,3.28675,GCGCGCGGCCCCCCGCTCCCTCCCTCCCCCCTGACCCCCGACCCCCGCCGGCCGGCCCCCCGCCCCAGCCCCGGAGGGAGCTCATGGGAGT,0.526748940769684,-0.9248125869323185
7308,ENST00000613478.1,ENSG00000277972.1,CISD3,38730235,38735044,47.08863022590506,2074,2733.98,324.595,2.67491,CTGGCCTCCGCCCTCGCAGAACGCCGCGGCGTCTTCCGGGGCCTGGCGGGCCGGGGACCGAGGGGGCGGGGAGGTGACCCGGCGGGGGCGGAGCCAGCGGGCGGGCGCGGCGCGGGAGGCGACC,17.603818530681426,4.13781649975817
7309,ENST00000619426.4,ENSG00000277791.4,PSMB3,38752736,38764231,616.5356347693938,773,742.799,1755.75,53.254,GAGACAGCAGTGAGAGCGGTTGCGCAGTGAAGGCTAGACCCGGTTTACTGGAATTGCTCTGGCGATCGAGGGATCCTAGTACACCGCAATC,11.577264332620908,3.53322248465455
7311,ENST00000318008.10,ENSG00000002834.17,LASP1,38869859,38921770,53.68633151370699,4109,6120.67,1219.51,4.489,GCAGTCAGCCTGAGAGCGCTGAGGCGCCAGCACCGCGGGCCCCGCCGTCCCCCCAGGAACCCGCCCCCGCGCAGCCCCACGTCGCCCGGAGAGCGCGCCTCGCTGCGCGTGCCCTTGCCCGCGCCCGAGGCGCGTGCCCGCCCCAGTGCAGCCCCTCCTCCCCGCTGTGTTTATTAGGGGAAGGAGGGCGGAGGCGGAGGCCAGTTCCCCAGCTCCAGCCGCCGTCGCTGCTGCCTGTGTAGTTGCAGCCGCGGCCGCCTCCCGCCAGCTCGCCTCGGGGAACAGGACGCGCGTGAGCTCAGGCGTCCCCGCCCCAGCTTTTCTCGGAACC,11.959530299333258,3.580088824880804
7312,ENST00000225430.8,ENSG00000108298.9,RPL19,39200283,39204727,949.4914011495514,732,610.031,26107.9,964.233,GCAGATAATGGGAGGAGCCGGGCCCGAGCGAGCTCTTTCCTTTCGCTGCTGCGGCCGCAGCC,0.9847115802399954,-0.02222687051035747
7314,ENST00000447079.4,ENSG00000167258.13,CDK12,39461511,39564907,17.94209294201985,8336,8449.43,1700.39,4.53402,CTTTTTTCCCTTCTTCAGGTCAGGGGAAAGGGA,3.9572152178463815,1.984485530126446
7315,ENST00000336308.9,ENSG00000131748.15,STARD3,39637065,39663484,16.950742595719024,2132,2894.47,322.89,2.51332,GGCGGGGCCGCAGGCGAACGCAAGTCCCGCTTCGCTCTCGGGGGCGGACTCAGCGGCGGAAGTGGCGCTGCCGGAAGATCTTCTTCCGCTCTGAGGCGCTACTGAGGCCGCGGAGCCGGACTGCGGTTGGGGCGGGAAGAGCCGGGGCCGTGGCTGACATGGAGCAGCCCTGCTGCTGAGGCCGCGCCCTCCCCGCCCTGAGGTGGGGGCCCACCAGG,6.744363071840841,2.7536822035167985
7316,ENST00000269571.9,ENSG00000141736.13,ERBB2,39687914,39730426,12.693937767839024,4545,6808.36,325.436,1.07692,GGAGAAACCAGGGGAGCCCCCCGGGCAGCCGCGCGCCCCTTCCCACGGGGCCCTTTACTGCGCCGCGCGCCCGGCCCCCACCCCTCGCAGCACCCCGCGCCCCGCGCCCTCCCAGCCGGGTCCAGCCGGAGCCATGGGGCCGGAGCCGCAGTGAGCACC,11.787261605169393,3.559156687885903
7317,ENST00000264639.8,ENSG00000108344.14,PSMD3,39980797,39997960,228.00010176962576,2158,2703.43,3622.52,30.1896,GGCGTTTCCCAGAAGGCCCAGCGCCGGGAAGGGGTTTGCAGCTGCTCCGTCATCGTGCGGCCCGACGCTATCTCGCGCTCGTGTGCAGGCCCGGCTCGGCTCCTGGTCCCCGGTGCGAGGGTTAACGCGAGGCCCCGGCCTCGGTCCCCGGACTAGGCCGTGACCCCGGGTGCC,7.552273026791537,2.9169109213838293
7318,ENST00000450525.6,ENSG00000126351.12,THRA,40058290,40093867,3.3406764209599324,4895,8316.94,381.615,1.03377,GCGGCCGCCGCCTCTGCCGGAGGAGCCGCGGGGCCGCCACACTCGCCCCCCGCCCCCCCCGCGCTCACTCGCACTCACACCCGGGCGCAGGAGGCGGGCGGCCCGGGCCCCACCGGCCCCCCATGGACGCCCCCAGCACGGGGCGCTGAGACCCCCGCGTCGCTGCCCAGCCCGGTCCGGCGCGCCACGCCGAGGGATCTCTGGACAGGACAAGACTCCGAAGCTACTCCCCCAGCACACAGCCCGGGACCCACAAACCCAGCTTGCCCCCAGCCCTCCCACCTGCCACTCCCTGGCCCCTCCCACCGCCCGCCCCCCTTGGGGCGCAGGGCATGGTGTGAAAGGCCAAGTGCTGAGGCGGGTATCATGGGTGCTGTGCCCTAGGGCCTGGGTGGCAGGGGGTGGGTGGCCTGTGGGTGTGCCGGGGGGGCCAGTGTGCCCACCCCAGTCTCTTGGCGTGCTGGAGGGCATCCTGGATGGAATTGAAGTGA,3.2315470761967675,1.692225008512316
7320,ENST00000577454.5,ENSG00000188895.11,MSL1,40122298,40136916,22.04554048673547,2081,2554.43,452.318,3.98943,CCCTCCTCCGCCTCGGTGCCCGGCGCTGCTCCGGACCACT,5.525987543768275,2.466232310148235
7321,ENST00000264645.11,ENSG00000108349.15,CASC3,40140318,40172183,29.42095660403552,4116,5651.26,2503.56,9.98102,CACACACACACACACACACACACACACCCCAACACACACACACACACCCCAACACACACACACACACACACACACACACACACACACACACACACACACACACACACAGCGGGATGGCCGAGCGCCGCACGCGTAGCACGCCGGGACTAGCTATCCAGCCTCCCAGCAGCCTCTGCGACGGGCGCGGTGCGTAAGTACCTCGCCGGTGGTGGCCGTTCTCCGTAAG,2.9476903767386022,1.5595849927494547
7322,ENST00000323571.8,ENSG00000171475.13,WIPF2,40219304,40284136,14.186594565778782,7474,9231.56,1006.78,2.45709,GGGGACGGTGGGAGCAGATCCATTTCCGGGTTGGCAAAAGGGGCGGTGGCGGCGGCGGCGGCGGCGGCGGCGGCGGCGACGGCGAGAAAGAGCTTGCCGGGGGGCGAGCAGGACAGGACGAAGCCGGAGTGTAGGCGGCAGAGGATTCGCTCCCAGAGCAGCTGCGGCCAGGTATATGAATGACCTAAAGGTACAAATAAAGACGGAGAGAGAACAGTGCCAACTGGGAGCAGGGCAAGA,5.773738269977405,2.529505710074075
7323,ENST00000209728.8,ENSG00000094804.9,CDC6,40287633,40304657,99.73425720181136,4810,5121.84,2324.36,10.2245,GCTTTACCCAGAGTCGCCCTGCCGCAATCGCGCGTCTTTCCACCGAGGCCCCGGATGTAGATTCCCTCCCCCGTTCAGTGGTCGTGGCCTCACAGCGACTCTAAGACTTGGGGCTCTCTCATTGGCTGTAACTCTTCCACTGGATTGGTAGCAAAAAAAGAGGCGGTGCCCAAGGCGAAAGGCTCTGTGACTACAGCCAATCAGAATCGAGGCCGGGCTTTGGCGGGAGGTGGGAACGCTGTGGCCATTCGGATTTGGCGCGAGCGCGGCTGGAGTTTGCTGCTGCCGCTGTGCAGTTTGTTCAGGGGCTTGTGGTGGTGAGTCCGAGAGGCTGCGTGTGAGAGACGTGAGAAGGATCCTGCACTGAGGAGGTGGAAAGAAGAGGATTGCTCGAGGAGGCCTGGGGTCTGTGAGGCAGCGGAGCTGGGTGAAGGCTGCGGGTTCCGGCGAGGCCTGAGCTGTGCTGTCGTC,9.754438574190557,3.286058839565225
7325,ENST00000436612.5,ENSG00000167920.8,TMEM99,40819106,40836274,144.3793253435154,854,830.35,57.8259,1.569,TTCCGCCGCCGTAGCCGCCGCCGAAACTTCCGCCGCCGCGTCCGCCGCCTCCGGAACTAAACGGGATGGAGCTAACACCCATTATGGAGATTAACCACTTTTCATCAGGTTTTTAACTTAAGTCGTGAGGAATACAACGGTGAACACAAGATTCATTTTATTTTCATCACCATGGGACGTATCCTGTTGTTGAGTTCTCTGGGTCAGACCTCTGAAGACTTCTCAGATGGATCCTAGTCTCTGGGCTTGCCCTGAAATTACTCGCTGCTCAGGGAGAGAGTTGAA,92.01996516476444,6.523875005179519
7327,ENST00000469257.1,ENSG00000173812.10,EIF1,41688885,41692668,405.3604497418787,2330,2363.07,276.918,2.6402,CACTGAGCCGCCGCCGAGGATTCAGCAGCCTCCCCCTTGAGCCCCCTCGCTTCCCGACGTTCCGTTCCCCCCTGCCCGCCTTCTCCCGCCACCGCCGCCGCCGCCTTCCGCAGGCCGTTTCCACCGAGGAAAAGGAATCGTATCGT,153.5339935390799,7.262414303876307
7328,ENST00000321562.8,ENSG00000141756.18,FKBP10,41812680,41823217,79.91869353921162,2662,3850.92,1535.95,8.9862,AGAGGACAGGAAGAGGGGGAGCCAGTTCTGGGAGGCGGGGGGAAGGAGGTTGGTGGCGACTCCCTCGCTCGCCCTCACTGCCGGCGGTCCCAACTCCAGGCACC,8.893491524694712,3.152749922592321
7329,ENST00000307641.9,ENSG00000168256.17,NKIRAS2,42011382,42025644,60.18300883605664,2948,4070.67,480.578,2.65987,CGCCGCGCCGCTTCCCCCACCTCGCACCAGACCTCTGAAATTGCCCTCGGAGACTCGGCCTCTCCTATAAGGACGATCGTCCTCTCAGCTGGAGAACAAGGCCATGCCTCAGCTCCTACGCCAGGCGGAAGCGGGAGAGGAAGGCCGACCCCCAAGAGCGCCCCTTCAGGGGGTCCATCCGGCCTTGATCTCAGATGGGGGGGTGTTTGCGGAGGGCGGGGCATCGCCTCAACAGCTGGGGGCTGCATCATGGCAGGAACGAGTTTCCCTGAGCCACGGAGCTGCAGGTCGCCTCCTCTACTACCCTGCTACCCGGTTACCTCTTCGCCTCTTGGTCGTCGAGCAGCTCCGGCTCGGTCGCCGCCATTACCACATCGCACTCCGCGGCAGCCGCCATCTTACCGCCGGGACCAGAGAGCTGGGTGGGAGGCCGGCGGTGAAGAGCACTTCCGGTTGGAGCATAGAGCAGCTCCGCGGCGCCGCGCCCAGAAGGGCTCCCTCGGGCTCGTCTACCAGAGAGAGGCTCCGCTTGGGGCCAGAGCGGCCTCCCGCCCCCGGATGTCCACGGTGGTCTCCGCGCCGGGGCGGGAGCCCAGGGGCTGTGCCGGTTGAAAACTAAGC,22.626297088224852,4.499928594226227
7331,ENST00000264649.10,ENSG00000033627.15,ATP6V0A1,42458844,42522611,34.98810592409356,4110,5014.57,1092.96,4.91056,GTCGAAGCGCTGCTCCTGGAGCCGCGGAGGGTGCGGGTTTGGCTGCGGTGGTTTCTGTGGCGGTTGCTGTGGCGGAGTTTGGAGGTTGGAGAGAAATCCAGGTACTCACTAGACTGGTACCTTCTGCCACC,7.125074517792993,2.8329051027104577
7332,ENST00000225927.6,ENSG00000108784.9,NAGLU,42536172,42566277,17.092451056556317,2544,3792.16,315.977,1.87729,CCCGGGCTTAGCCTTCGGGTCCACGTGGCCGGAGGCCGGCAGCTGATTGGACGCGGGCCGCCCCACCCCCTGGCCGTCGCGGGACCCGCAGGACTGAGACC,9.1048538353458,3.186635857101689
7333,ENST00000435881.6,ENSG00000108788.11,MLX,42567068,42573239,70.70597297561471,2428,2926.91,1430.15,11.0086,GCTTCCTCGCCGCAGGGGGCCCGCCCGCTGGCCCGTTTCCGGTCCGGTGGGTACAAG,6.422794267719302,2.6832010853758113
7334,ENST00000251413.7,ENSG00000131462.7,TUBG1,42609676,42615234,64.43354170331456,1611,2007.16,2961.49,33.2422,GCGGGCTGGCGTGCGGCGCCGTTGCGGGCGGGAGCGGCTGCAACGCCGGTGCCTGAGGAGCG,1.938305578551196,0.9547960330375802
7335,ENST00000251412.7,ENSG00000037042.8,TUBG2,42659305,42667006,4.056529209766201,1761,2439.56,170.816,1.57753,GGAGAAAATGATGCCCAGGTTGGGCTCCCCGGCCCACCGGCCGAGGAGAGGCCTGCGCTGCACACGCGCAGACCGAGCATCCGCGTCAAGAGGCGAAGAGAGCGCGCGCTCCCCACGTCCTGCGCTCCTGGCTGCCGGGCATTCGTCTCAGCCGTGACTCTCGCCAGGCCGGGGCTGGCGCGCCCACGTCTGAAGAGCG,2.5714434652692506,1.3625784355210984
7336,ENST00000253794.6,ENSG00000131475.6,VPS25,42773436,42779599,153.72223545980816,1101,1133.79,1259.26,25.0233,GTCCTTAGCCGGTAGCTTCCGGGTTTCCTGGGCTACTACG,6.143163989554062,2.6189818960413054
7337,ENST00000590720.5,ENSG00000131467.10,PSME3,42824385,42843758,482.9153011153559,998,781.16,539.231,15.5524,AGTTTCCGGCGTGAGCGGCGAAAGCCGGGAGGGCGAGCGAGAGAGCAAGCAGGCAGCAGGCTGCCGGCGGGCGGGCGGACGGCACAGAGGGAGGGAGCGAGCGAGCAGTGAGTAAGCCAGCAAGGGCGGTCGGGTCCCGAGGTCAGCCGAGATTTCTCAGGTCCCTCCGGCCCCCTCCCTGGAGTCCACAGCGCCTCCGGTGTCCAGAGGATCGGACACGGCCCGGCCCGGCC,31.05085395921889,4.956561040814241
7338,ENST00000361677.5,ENSG00000198863.7,RUNDC1,42980565,42993690,10.576005788744876,3828,4487.01,434.38,2.18109,GTTTCCGGGAAG,4.8489543250140414,2.277673664254745
7339,ENST00000589037.5,ENSG00000131469.12,RPL27,42998273,43002959,2090.823651965937,585,417.251,22.2432,1.20105,ATTCGAATACTTGAGCTGCCGCGCCCTGCGTTTCCCTCATGAGCTTCTTCCGCCCGCAACACGAGACTCAGCACCACACAATCAGCGTGGCAAAGCCTGAAGGGCGGGACAGGAAGTGAGGTCACTCCTCACCGGGGTGAAAGAA,1740.8298172148848,10.765559457288782
7340,ENST00000587250.3,ENSG00000108830.9,RND2,43025241,43032036,17.38041586391256,4147,5424.97,458.467,1.90403,GAGATGCCGGTGTTGGCGGCCCGAGCGGCTGCAGTTGCAGGGGCGGGGGAGGCGGCGGCGGGGCCCGGGAGAGGGGTGGCGTGGGGGACCGGCGCGTAGCCGGGACC,9.128225849336703,3.1903344870349177
7341,ENST00000341165.10,ENSG00000188554.13,NBR1,43170481,43211689,24.45160565967376,4656,4780.39,1501.82,7.0781,AGTAATTGCTGTACCAAGGTCAGAATCGCCACCTGAGGCCTGAATATCAGCGTAAGATAGTGTCCAAAGCAGTCTTAAGAAGAGGTCCCATTACCCCACTCTTTCCGCCCTAATGGAGGTCTCCAGTTTAGCCTCACAGC,3.454543685406219,1.7884951559741933
7342,ENST00000320033.4,ENSG00000175906.4,ARL4D,43398959,43401137,12.731793170097756,1612,2071.93,92.0,1.0004,GGGTTTTTAAGGCCGAACCCTAGGCAGGCTCTGCAGAGGCAGCGGTTGGAGGCGCGGTGGGTGTCTGCGGGGGTCTCGCGGGGCGGCTGCGGTGTTTCACCGGGAAAGGCTCGAGGAGAGCGCGGCTCACGAGAGATAACCCAGCTGTGCTCCCTGGAACCTTCAATTTCAAGGCCTCCCTGCCTCTACTAGGCGCCTTAGCTCACT,12.726702489102117,3.669786757733927
7343,ENST00000262415.7,ENSG00000067596.10,DHX8,43483865,43544463,29.198333618661945,5558,6472.5,957.709,3.33367,GAAAGCTGGAACCCGGCCGGAGTAGCTCTGAGCGCCGGCTGTGAGGAAGGAGGTTCTGGGCAAGCTATAGCC,8.758615465436574,3.130702831125937
7344,ENST00000269097.8,ENSG00000141349.8,G6PC3,44070735,44076344,154.8872291952891,1533,2066.84,548.858,5.98294,AGTAGGGAGGAAAACCGGAGGAGAGCGCAGGAGGAAACAGTACCGGCTGGAGGCCGGTCTTGCAGGAGCGGGGGACTGCTGGGGGCGGGGCTTGGTGGTGACCGCTGGCGGGGCGGGGCCTGGGGCTCAGAGGGGTGGGCTTTGGAGATCAGAGGGTCGACGCTGCTTCGTTGCCTGGACTCTGGTTTCCGCCCTGGAGCAAGCCGGGGCCTGGTCGGCAGCTGGGCCGCC,25.888146830034916,4.694219790337518
7345,ENST00000053867.7,ENSG00000030582.16,GRN,44345086,44353102,103.28164781530369,2342,3686.88,1663.25,10.1639,ATTCTCCAATCACATGATCCCTAGAAATGGGGTGTGGGGCGAGAGGAAGCAGGGAGGAGAGTGATTTGAGTAGAAAAGAAACACAGCATTCCAGGCTGGCCCCACCTCTATATTGATAAGTAGCCAATGGGAGCGGGTAGCCCTGATCCCTGGCCAATGGAAACTGAGGTAGGCGGGTCATCGCGCTGGGGTCTGTAGTCTGAGCGCTACCCGGTTGCTGCTGCCCAAGGACCGCGGAGTCGGACGCAGGCAGACC,10.161615896978885,3.3450579321540506
7346,ENST00000526924.5,ENSG00000161692.17,DBF4B,44708608,44752264,5.214484613301109,2998,4452.34,382.828,1.93721,TGATGCTGTAGCTGCCCTGAGATAACCAGGACTGTGGAATCGGGAAGAGCTCATGGAGCTCGCGAATGTAATACGGAGGCCTCTGAGGAAGGAGTACGGAGGCCGAGAAGGAGCCGGCATTTG,2.6917497913499875,1.4285443120451662
7348,ENST00000332499.3,ENSG00000186834.3,HEXIM1,45148502,45152101,84.99824992815323,3600,3689.36,947.713,5.78746,GCAGGTTGGGAGGGAAAGTCGGGGGAGGACGCGGAAGAGGAGCTGTGGGAAGGGGGAGGAGGGAGGGAGGAAAAGAGGAGGAGGCGGAGGAGAACTGAGCAGAGCAGAGCATCGAGCCAAAGGGGAGATGAGTTTGTCTGTCCTCTGCTGAGGCTACGGCCGGGCCTAGGGAACTGGGAGCTTGGGTGGAAGCGACACCCGTGGAAGTGGGAGGAGGTGGCGCCGGGACTTTAACCCCTTGTGGGCTCTGCGGCAGGGGATTTAACCCTTTGTGGATCTGGCCCCTCGGAGGCAGCGTCATCGGTAGTTTTAACCCCTTCGGGGCTGGGTTTCACGCACTGGACTTACCCTCATCACCTTGCTCACCAACTCCTTTATTGGGGTGCTCCGCTTGGAGGTTTGAGGCCCACCTCCGCCCATTACGTACTGTTCCTGCCGCTGCACCCCCTTGGACCCGCTAGCTGGCCGCACTGTGGGCGCTTAACCCTTTACTGACTTGAGCTCCCCAGATTGCAGTTGGAGTTTGCTGATAGAAGGACTAGCTAAAGGCGTCACTGCAGGAATTACAAACTGAAGAGGACTCTGTTGGACTGTTTTTTTTTTCTTTTTCTTTTTTTTAAGAAAAACCCATTTTTTTCCTTAAGGACTTACTAGCCAAAATTTCTTAAACTTCGAGGACTCTACTAGCC,14.686624171597423,3.876430914839522
7349,ENST00000398238.8,ENSG00000073969.18,NSF,46590669,46757464,25.14794446641935,3983,3831.41,1761.76,10.3597,GGCGGTTGCACGCCTGCGCGAGGGCGGGCGGCGGGGGCGCGCGCGCGGCGGGGGCGGGCTTTGCCGAGCGCAGAGCTGCAGCCGCCGAGCCGGACGTGTCCGCGAAG,2.427478060795134,1.2794582568287756
7350,ENST00000393456.6,ENSG00000108433.15,GOSR2,46923117,47054569,35.451727468504394,847,891.873,70.8067,1.78868,GTGAGGACGTGTTCCGAGGAAGCCAGAGCCGGAGCCGTGGCCTGCGGGGCCGGCGAC,19.82005024291902,4.308888714582209
7351,ENST00000322157.8,ENSG00000141279.15,NPEPPS,47522942,47623276,64.58800823033108,4353,4378.29,2792.43,14.3694,GGGCGCGCCCGGCCGGCGGGGCCGCGCACGCAGCCGCCGCCACCACTTCCCCCTCTCCCTCCCTCCTTGCGGGCCCTCCTCCCCTTCCCTCCCCTCCGCCCCCTTCCCCGTAGGCAGCCCGCCCGCCAGTCCGCCCGCACCGCCTCCTTCCCAGCCCCTAGCGCTCCGGCTGGGTCTCTCCCCCGCCCCCCAGGCTCCCCCGGTCGCTCTCCTCCGGCGGTCGCCCGCGCTCGGTGG,4.49482986278697,2.168266508229395
7352,ENST00000290158.8,ENSG00000108424.9,KPNB1,47649476,47685505,419.3829894964195,6139,6295.14,10403.8,37.2347,AACGGCCAATCGTCGTGGAGCGCGGCGCCTCCGCGGAGAGGTCCGGTCCGAATATCCCTCCGCCTTCCTCCCTCCCTCGCTCCCTCCCTGCGCGCCGCCTCTCACTCACAGCCTCCCTTCCTTCTTTCTCCCTCCGCCTCCCGAGCACCAGCGCGCTCTGAGCTGCCCCCAGGGTCCCTCCCCCGCCGCCAGCAGCCCATTTGGAGGGAGGAAGTAAGGGAAGAGGAGAGGAAGGGGAGCCGGACCGACTACCCAGACAGAGCCGGTGAATGGGTTTGTGGTGACCCCCGCCCCCCACCCCACCCTCCCTTCCCACCCGACCCCCAACCCCCATCCCCAGTTCGAGCCGCCGCCCGAAAGGCCGGGCCGTCGTCTTAGGAGGAGTCGCCGCCGCCGCCACCTCCGCC,11.263229984300116,3.4935487068619047
7353,ENST00000361722.7,ENSG00000198933.9,TBKBP1,47694081,47712050,3.486800365513933,4121,6691.04,427.672,1.44006,GAGAGAAGTACACACGCACCCCCTCACTGCCTACTCCTGCTTTCGGGAGCCTGAGTCATTCCTGCCCCCTCGTAGGGTTCCCCATTTCCCGGTGCGCGGGCACCCTGAGACAGCCTTGGGAATTCGTTCGCGTCCCCTTCCACCTGGGTCCCCTTCCCCAGTTTGCGCCCCGTAACACTCAGCCAAGGACTTCCTGTGGGTCCCAGGTCAGGGGCCAAGGGGTCCTGGACCGCTGCCACAGCCCCGGTGCGCCCGGGGGAGGCGCTTCCTTTTCCTGAACTCTGGGATCCTGCGGGAGGAAGTGGGGAAGTTGGGCGGGGGTGCAGCCGAGGGCGTGCCGACTGTGGAGGGGCCGACCCTCGCGCAGCTCTGGGCCTTCCTTGGGGAGGAGCTGGGGTGCCAGAGGCCCAGGCTGAGGAGCTTGGCGGCGAGGTATTTGGGGAAGTAAGGCCTGGGGTGGAGAAGCGCGGAGGAATGGGCCGGGCCCGGCTGGGAAGGCAGCCCTCTCCCATCCACAGGTCTCCCTGGGTTCTGGCAGGAGCCTGCCCCTGCTGCCGGCCTGGCTTACTTGTCCCTACTTGTCAACACCCTGGCAGCGGGGTCTTCACCTGGTTCCAGCCCCTTTTCCCCAAGGCGGCAGAGAGGATGGGGCTGAGGAGTCTGGGAAGGGGCCATGGGAGTCCCTGCTGAGCTCGGGGCAGGAAGTTTCTGGGTTGCATCTTAGCCGGCCCCAGGGAGTGCAGAGCCAGGGAGAGGGGTACCAGGGACAAACCCTAGACAGACGGCCCTGTCCACGGTTGCTCCTGCTCTCCTAGGAGGCCCCGTGTGGGCCGCGGCCCGGCCCTCACC,2.421288255707355,1.2757748432046903
7354,ENST00000376741.4,ENSG00000167182.13,SP2,47896150,47928957,23.579406839314995,3112,4360.15,626.274,3.23613,AATGTTCCAAGCGCTTATTGGTGAAGGCTGCCGTCGCTCGGGCGGTGGCGGGCTCCGGGATTGGCGGTTGCTTGGCGGGCGGTGTCAGGCTCTCGGTGGCGGCGGAGGCGGCGGAGGCCAGGGAGGAAGATGTCGTA,7.286297781397841,2.8651859573325567
7355,ENST00000225573.4,ENSG00000108439.9,PNPO,47941506,47981774,65.48102889636367,2397,2810.12,635.806,5.09755,AAATCCTTCCTTCCCCGGGGTAGAAGTCCAGGGTGAGAAATTGGTTCCGAACTCAAAGGAACCCAGTGCCGGGCCACAGCCGGGTCACGTGGCCGGCGGCCCCCC,12.845588350553436,3.683201064611257
7356,ENST00000338399.8,ENSG00000108465.14,CDK5RAP3,47941506,47981774,26.49969468640424,1866,2246.33,187.079,1.87635,AGGATGCCCGTTTGTGTCTAAACGGAGGCTCGGCCACAACGCCACTGGATTGGTGGTAGGGCGGGGCGGGCCACAGTCTCCAGCCTGAAGCGGAAGTGGAGGAAAG,14.12300193802022,3.819974870520777
7357,ENST00000362042.7,ENSG00000082641.15,NFE2L1,48048329,48061487,51.33882921747717,4774,6468.5,815.279,2.83965,AAGCGGAGGCTCCGAGCTCTAGGCCGGCCGGCGGTGGCGGCGGCGAGGCCGGGACTCGGGCTTAGGGCCTGCTGTGGAGGCAGCGGCGGACGCCGAGCTAAGCAGTTTCTCTGGAAACCCCCCTGGTAAGTGTGGAGGAGGCGGGACACTCTGACCCAAGACGAAAGGCCTGTAGCTCCAGCCAAAGAAAATAAACCTTAGGAGGGAGAAGGAAAAAAAAAATCCATCAGCTGTTCCTGAGAACAGCCTGCATTGGAATCTACAGAGAGGACAACTAATGTGAGTGAGGAAGTGACTGTATGTGGACTGTGGAGAAAGTAAGTCACGTGGGCCCTTGAGGACCTGGACTGGGTTAGGAACAGTTGTACTTTCAGAGGTGAGGTGTCGAGAAGGGAAAGTGAATGTGGTCTGGAGTGTGTCCTTGGCCTTGGCTCCACAGGGTGTGCTTTCCTCTGGGGCCGTCAGGGAGCTCATCCCTTGTGTTCTGCCAGGGTGGGGTACGGGGTTTGACACTGAGGAGGGTAACCTGCTGGCTGGAGCGGCAGAGCAGTGGCCTTGATTTGTCTTTTGGAAGATTTTAAAAACCAAAAAGCATAAACATTCTGGTCCTTCAGCA,18.079280621723512,4.176265368651539
7359,ENST00000258947.7,ENSG00000136436.14,CALCOCO2,48830988,48866522,52.65885101327269,3682,3643.92,659.618,4.07836,CAGGCGGGACGGGCTCTCCCTTGGGTGCTTAGCCCCGCCCCCGTCCCACTCTGCCCTGTTGCTGTCGCGCCGCTGCTGGTTGCTGTCCCTGGACCCCTACC,12.911771156364981,3.6906150090290213
7360,ENST00000355938.9,ENSG00000159199.13,ATP5G1,48892765,48895871,301.63399073994265,598,572.891,602.339,23.6882,CCAATGAGAATGGAGAAGGTCCAGGACACGTGGGTGGGGGAAGCTGAGCGCTGAGACCAAGGGCTAAAGCTGGGAGACTGAAAAA,12.733512497359134,3.670558531686373
7362,ENST00000360943.9,ENSG00000159202.17,UBE2Z,48908369,48929056,67.5613578803724,3122,4071.01,1338.89,7.40975,AGCACCGTCTGGGCTGTGGAAGCGGAGGGGGTGGGGACACTCTGGCCCGGTTCTCGGTGGTGCGGGAGCGGGCGGGAGCAGCGGCCGCTCTGGTCGGCGGACGTGCTGCCGAGTAGTCCCGGAAGCGAAGCAGCG,9.117899778045468,3.188701551502367
7363,ENST00000290341.7,ENSG00000159217.9,IGF2BP1,48997412,49055650,138.3432815578857,8274,10258.2,5378.52,11.8128,ATTTAGAGGCGGCGCCAGGGCGGCCGCGGAGAAACGTGACACACCAGCCCTCTCGGAGGGGTTTCGGACCGAAGGGAAGAAGCTGCGCCGTGTCGTCCGTCTCCCTGCGCGCCGCGGGCACTTCTCCTGGGCTCTCCCCGAACTCTCCCGCGACCTCTGCGCGCCCTCAGGCCGCCTTCCCCGCCCTGGGCTCGGGACAACTTCTGGGGTGGGGTGCAAAGAAAGTTTGCGGCTCCTGCCGCCGGCCTCTCCGCCTCTTGGCCTAGGAGGCTCGCCGCCCGCGCCCGCTCGTTCGGCCTTGCCCGGGACCGCGTCCTGCCCCGAGACCGCCACC,11.711303125244285,3.549829709388193
7364,ENST00000259021.8,ENSG00000136504.11,KAT7,49788555,49836454,26.34107479018657,9644,10174.2,885.181,1.96018,AAAATGGCGCCCACTAGCTTCACCAAAAGGATCGAACTTCCCAGCACCCTCTCTGGCCCGTAACGTCAGGTGACGCGAGACCCAGCCGGAAGTGAAGGAAAAAGCGCTTCAGCCCGCGGCGCCTGCGCAGAACGCTCCAGACGCTGAGAGGCAGGAGGCACTAGGGATCGTCCGCAGGATTGGGACTGATACAGAGGCCGCCACGGAGCCCGCCGGAGCCACCGTTCCTGCTGCTGCCGCCGCTGCCCGAATCGGAACCGTCGGGCCGCAGCCGCCGGCA,13.43808976225988,3.7482561670530243
7366,ENST00000017003.6,ENSG00000015532.9,XYLT2,50346092,50363138,8.831414978777206,3507,5107.53,442.334,1.9512,GCGGCCGGGTTGCAGGGCTGGGCGCGCGCCCCGCGTCCCGGGCAGGAAG,4.526145438077698,2.1782829432928987
7367,ENST00000338165.8,ENSG00000154920.14,EME1,50373220,50381483,18.720651906402093,2339,2719.52,422.122,3.49709,AGGAGATCTACTTCCGGGCCCTGCGTGGCAGTTGAAAGAGTGGCGGGAGAAGTTGCAGGGAATTATTTGATAGCACATACTG,5.353208498037538,2.4204038441767097
7368,ENST00000300441.8,ENSG00000167107.12,ACSF2,50426158,50474845,7.1894162341542485,2235,2742.77,174.025,1.4295,ATAGGCAGAGGCCACCCTCCCCGCCTCCCCGCCCGCTGCGCGCCCGCCCCGCCCCGGCTCACTTTAAAAGTTTACTCGGGCCGGGACGCAGGGCAAAGCGAGCC,5.029322304410107,2.3303640115742716
7369,ENST00000258955.6,ENSG00000136444.9,RSAD1,50478800,50485975,17.097203137214628,2528,3281.45,322.241,2.21246,CTCTTCCTTCCGCCGGCTGCGCACTCACAGTGATCCCTGCGCGCGTCTCCTGCTCGGGTCAGTGCGCCGCGCTGCGCTGGGCGCC,7.727689150183338,2.9500370622755723
7370,ENST00000505658.5,ENSG00000108848.15,LUC7L3,50719544,50756213,151.01896664268585,7040,5876.49,1099.85,4.21674,CTGGGCGTGTCCCACGGGCGCACGGCATGCTGGGAAGGCGTCCGCGCGGCGGCCATTTTGTCTTGTCGGCTCCTGTGTGTAGGAGGGATTTCGGCCTGAGAGCGGGCCGAGGAGATTGGCGACGGTGTCGCCCGTGTTTTCGTTGGCGGGTGCCTGGGCTGGTGGGAACAGCCGCCCGAAGGAAGCACC,35.814151843055505,5.162457871188349
7372,ENST00000393196.7,ENSG00000239672.7,NME1,51153536,51171747,906.7928649830512,940,806.603,3359.33,93.8329,GGGCTCTCCGGCAGCGGATCTGCGCAGAAGCGTTCCGTGCGTGCAAGTGCTGCGAACCACGTGGGTCCCGGGCGCGTTTCGGGTGCTGGCGGCTGCAGCCGGAGTTCAAACCTAAGCAGCTGGAAGGAACC,9.66391175145446,3.272607280374879
7373,ENST00000393193.6,ENSG00000011052.21,NME1-NME2,51153536,51171747,472.4890508628373,1021,1017.9,99.7142,2.20706,AACCACGTGGGTCCCGGGCGCGTTTCGGGTGCTGGCGGCTGCAGCCGGAGTTCAAACCTAAGCAGCTGGAAGGAACC,214.0807458169861,7.742011236953213
7374,ENST00000225298.11,ENSG00000011260.13,UTP18,51260528,51297936,80.88617617301432,1894,1480.22,1340.53,20.4038,GGGCGCATGCGCAGCGAGGTTCCACGTGAGCGCCTGCGTTTCTCCTCAAACCTAACG,3.9642701934450604,1.9870552958894125
7375,ENST00000445275.6,ENSG00000141198.13,TOM1L1,54899387,54961956,2.666722057494038,2228,1881.93,91.0016,1.08945,AGAGCCCGGGAAGCGCTCGGGCGAAGAGGAGGAGCCAAGGGTACCGAGCGGGTGGAGTCGGGAGCCGGAGAGCGGTGGAGGCGGATTTCCTGGGCCCGGCCCTCTGGCGCTACC,2.4477691105549018,1.2914674801028023
7376,ENST00000268896.9,ENSG00000141179.13,PCTP,55750979,55842830,19.43121034111148,2044,2112.06,125.366,1.33732,AGTTTCCTGCCAATGACGCTGGGGCAGCCGGGGCAGCCGGGGCAGCCCGGTCACCCCGCCCCCAGGCCCACACTAAGGGTGTCCGCGGCCTGCCCTCCAGGCGGAGGAGCCCGGACTGCGGAAGG,14.529963165967366,3.860959140573631
7378,ENST00000284061.7,ENSG00000153933.9,DGKE,56834099,56869567,13.40407395609363,8660,7583.61,418.512,1.24335,CTCCAGCTCGCGGCCCCGCGCGCCGGATCGGCGTGCGTGCGGCTGGAGCCTTAAGCGTTTCCCCCGCCCGGCTTCATCCCTGCTGGCGGCCCAGCGTCGTTCTCCTCCTGCGCGAGGCGGCCAAGGCCTGCTGGCCCGGAGCCGCGCCTCCACCCGCGCGAGGTATCGTCCTTGGAGAAG,10.780612020825696,3.4303671778336855
7379,ENST00000262288.7,ENSG00000121064.12,SCPEP1,56978105,57006768,39.298881618003215,1942,1809.12,282.981,3.52412,ACGTGATGGGGCGCCGGGTCCAGCCTGTTGCTGATGCTGCCGTGCGGTACTTGTC,11.151402795024918,3.4791533008291577
7380,ENST00000337714.7,ENSG00000121057.12,AKAP1,57085092,57121349,35.28090539724167,3970,5007.6,777.969,3.50021,ACAAGGGCGAGGGGCGGGGCCTGCGTCGCGCTGCGGGCACGTCGCCGCGCGTCTTCAGTATTTAATGTCTCTGTGTTCCACCCGCCTGGGCTAGCACGTGGGGGAGCTGCGGAAGCGCGGCGCTGCGGGCCGGGCCGCGGGGCACAGCCGGGGGCCGGCGGCGGCGCGCGGACTCCGCATCCCGCACCCCGATGGTAGCCGAGGAGCTGGTGTAATTACTTCAAGCCTCCAGG,10.079653905691849,3.3333741982972094
7381,ENST00000284073.6,ENSG00000153944.10,MSI2,57255851,57684685,1.5528698806628154,6364,6163.83,1413.65,5.16718,CGGGGCTGAGCTAAGCCGAGCCCACGTGTGACGGCTCTCGCCGCTGCCCCGGCTCCGCCGCTCGCAGAGAGATTCGGAGGAGCCCGGGCGGGGGGGAGGAGGAGGGGGAGGAGGGAGCGGAGATCTCGGGGCTCGGAGCCGGCCGCCGCTCCGCTCCGATCGCTGTGGGGCTTGGTTTTTTGGGGGTGGGGGGGCGGGGGGGCTCAGAT,0.30052560210072327,-1.7344401939662253
7382,ENST00000579991.2,ENSG00000264364.2,DYNLL2,58083415,58095536,174.4716466160595,6805,8188.54,1216.0,3.34572,GCTCAGCGGCAGAGCGGAGCGGAGCTGTGAGGCGCCAGTGCGGAGCGGGCGGGCGGGCGGGCGGCGTGAGGCGGAGCGCGGGCGGCCGGCGAAACTCCAAGGGCGGACCGCGGCAGGGAGCGATCGGCCTCGGGCTGCGGGAGCCGGAGACCGCGGCGGCGGCGGCTGCTGCAGCTGCAGGAGGAGCCCAGGGAACACCGCCCCTGCCTGTGCTCTGCCTCGGGCCATCGCTCCTCCCCAGGGCCCAGTGCGGACTCGCCTCCGTGAAGTGTCACACC,52.14771308300142,5.704532080208492
7386,ENST00000421782.3,ENSG00000108384.14,RAD51C,58692573,58735611,180.0688143936978,567,395.548,48.3968,2.75664,AGCAGGTGAGCCTGCG,65.32184630336127,6.029493663727252
7387,ENST00000308249.3,ENSG00000175175.5,PPM1E,58755869,58985176,9.5028832349277,6542,6106.99,833.567,3.07521,AGTGCTGATCGCTCGTGCCGGTGCGGCCGTTAACCGCCCTTGCCGGAGCCCTAGGCTCAAAAGCAGCCCCTTACCCTTCCTGGGCTTCCCCCAACCCCTTTCCCGGTCTGCCCTGGGGCATGAGCAGCG,3.0901574965376994,1.6276803700660358
7388,ENST00000262293.8,ENSG00000068489.12,PRR11,59155499,59215247,46.56386350455567,2332,2311.46,792.579,7.72535,ACCAGAGCTTCCACCGACAGCAGAGGGGACGTAACACACCTTCTTTCCCCTCCGGCTTTCCTTCCCCTTCTCTCCCGCCTTCTCCTTATTCATACCAGAAGCGCCTCAGCTCTGATTGGCTGGAGCTCTGTGCTATCTCAGCCAATCACAAGCCGGGCTGTGCTCCTACACCATCCGAAGAGCGAATCGTGCAGAGACCGTGTCTACGATTGGCCTCTCCCTGACAAGGATTTAATTTTGAATTTTTCTTTATGGCGTGGGAGAGGCCACAGCCCGGACTCCATCGACTCCCCCGGCTCTTAGACTAAAATC,6.027411509453381,2.5915385652703704
7389,ENST00000284116.8,ENSG00000153982.10,GDPD1,59220467,59275967,28.307168352774383,1821,1391.54,106.001,1.71622,CCGACAAGTGCGCTGCACCAGTGGCACCGGCTGGGGGCGAGCCGACCTCGAGCAGCCGCCGCCGCCGCCGTCGTTGCTACTGCCGCAGCGGAGTTCAGAGGGCCCGGAGGTGGGAGACTTCCCACACGGTGACTGAG,16.493904250489088,4.04386103254198
7391,ENST00000251241.8,ENSG00000108406.9,DHX40,59565525,59608345,45.60099691504743,3660,2849.3,2108.32,16.671,CCACGTCATCGAGCAGCTCCCCCTCCCCTTGCTACAAGTCGCACGCGCGGAAGTAAACACCTCTACGTCATCAGGGCGCGTCCTCGTCTTTCCCCTCCCATCTCCTCAGATCGGTGGACGTGCTCGCCTCCACTCGGGGCCAGGTCT,2.7353486242605385,1.4517247183703166
7393,ENST00000269122.7,ENSG00000141367.11,CLTC,59619689,59696956,241.6395855608185,7760,6889.41,5313.15,17.3753,GGCGGAGTTCTGTCGCCGGGATCCTTCCGCTGGGCTCAGCCGTTTCCGGAGTCTGCGCTGCGCCCGGTTCCGCCATTGCGGCTCTCCTGGCCCCTGGAGCCTCCGCCCCCGACCCGAGCTCTTTCGTCTGCCTGCCAGTTTCCTGCGTCCCCGGAGAGGATCCTGCTGAGCCCAGCCTCCCCCCTCCCCTTCTCCTCCTCTCCCTTGGAGAGCCCGGGCAGCCACTGCCCCGCAGCCCCAGTGACAGGAGGAGACCATAACCCCCGACAGCGCC,13.90707415473796,3.7977470247281206
7394,ENST00000262291.8,ENSG00000062716.11,VMP1,59707192,59842255,91.24239867842918,2712,2381.33,1074.97,10.1704,GACAAGTTCCGGATCAAGAATCACAAAGCGAGCAGTCATTCTTCCTCTTGCCACACCCACAGGGCCCGCACTAAGAGCCTAACTGAAATCCCGCGAGGATCAACCGAGCTCGCCGAAAGGAGGGAGGAACGTATCCCTTCTGGAGGCTGTCTCAGGGGGCAGAGGGACCGGACCGGAAGTGACGTGAGCGGGTTCCGGTTGTCTGGAGCCCAGCGGCGGGTGTGAGAGTCCGTAAGGAGCAGCTTCCAGGATCCTGAGATCCGGAGCAGCCGGGGTCGGAGCGGCTCCTCAAGAGTTACTGATCTATGAA,8.971367761192202,3.165327953022036
7395,ENST00000225577.8,ENSG00000108443.13,RPS6KB1,59893046,59996972,10.59304764292908,5375,4380.49,1232.81,6.34068,GGCTGCGGCGGGTCCGGGCCC,1.6706485176556898,0.7404082413745584
7396,ENST00000305921.7,ENSG00000170836.11,PPM1D,60600183,60666280,25.43754163779153,4778,4803.44,445.955,2.09171,GGGGAAGCGCAGTGCGCAGGCGCAACTGCCTGGCTCTGCTCGCTCCGGCGCTCCGGCCCAGCTCTCGCGGACAAGTCCAGACATCGCGCGCCCCCCCTTCTCCGGGTCCGCCCCCTCCCCCTTCTCGGCGTCGTCGAAGATAAACAATAGTTGGCCGGCGAGCGCCTAGTGTGTCTCCCGCCGCCGGATTCGGCGGGCTGCGTGGGACCGGCGGGATCCCGGCCAGCCGGCC,12.161122544612557,3.604204499227998
7397,ENST00000588874.5,ENSG00000141376.21,BCAS3,60677453,61392838,10.320886939958523,2948,3709.7,358.41,2.17673,GCCGCCTTGCAGTTTGATCTCAGACTGCTGTGCTGGCAATCAGCGAGACTCCGTGGGCGTAGGACCCTCCGAGCCAGGTGTGGGATATAGTCTCGTGGTGCGCCGTTTTTTAAGCCGGTCTGAAAAGCGCAATATTCGGGTGGGAGTGACCCGATTTTCCAGGCTGCTATCCATGTCCAGGGCCAAAC,4.741464003325412,2.2453325832226527
7398,ENST00000616852.1,ENSG00000087995.15,METTL2A,62423867,62450822,18.73265471482349,3150,3035.52,138.194,1.0257,GGCTCCGGTGTCATGGCCGGCTCCTACCCTGAAGGTGCACCTGCAGTCCTCGCCGATAAGAGGCAGCAGTTCGGAAGCCGGTTCCTGAGAGATCCGGCGCGCGTCTTCCACCACA,18.263288207880947,4.190874633162528
7400,ENST00000343388.11,ENSG00000146872.17,TLK2,62458658,62615481,3.239381754349394,3227,2948.03,417.591,3.1914,CCGGGCGGGGGGTTGCGGCGCTCAGGAGAGGCCCCGGCTCCGCCCCGGGCCTGCCCAGGGGGAGAGCGGAGCGGTCCGCAGCCGGGTCGGGTCGGGGCCCCTCCCGGGAGGAGCGTGGAGCGGCGGCGGCGGCGGCGGCAGCAGAA,1.015034704001189,0.021529053946909665
7401,ENST00000424789.6,ENSG00000170921.14,TANC2,63009556,63427699,3.8946300991207385,11721,13638.9,1054.18,1.7414,AACC,2.236493682738451,1.161238683272187
7402,ENST00000614556.4,ENSG00000136485.14,DCAF7,63550461,63594266,141.87475336823985,6340,7583.8,3371.54,10.0162,AAAACGGAAGGTGGTTGTCGTCCGTTCCCAAGCTGGTTTGAAACTAGGGGTCGGGCTCGGCCGTCGTCGTTGTTTGTCGCCGCATCCCCGCTTCCGGGTTAGGCCGTTCCTGCCCGCCCCCTCCTCTCCTCCCTTCGGACCCATAGATCTCAGGCTCGGCTCCCCGCCCGCCGCAGCCCACTGTTGACCCGGCCCGTACTGCGGCCCCGTGGCCACC,14.164528800167714,3.8242107044418265
7403,ENST00000258975.6,ENSG00000136463.7,TACO1,63600872,63608365,81.82130295756791,1469,1698.5,735.686,9.75864,GTGCTACGCCATCAAGGGCCCCCAGTCCCGGGTGCCGCGGGGACAGTGTAGGGTCATTAGCTGTTGAGCCGCCCCGGGCGGGCCCAAGCCTTTGGATCTCAGGTGACCGGCACAGGCGGCCGCGGGGTCCGGAACTGCTTGTTCCGGCAGTGGAAGAGACGCGCCGGCGTTGGCCGCTGCTGCTAGCAGCTTGAACCCCAGGGTCGGGACCG,8.384498552827845,3.067724503887277
7404,ENST00000578681.5,ENSG00000198231.12,DDX42,63773603,63819317,50.64013102914407,4337,4701.95,214.109,1.02593,CAAGAGTGTCGCTCTAGTAGTATATGCAACAGTTTAAACTATAGGCATGTTCATGTAAATATGGTTTCTGTCCAACCCGTTTTCTCTTGGGATTTTTGGCTAGCCCCTTGACGCCACTTTTTCTTCATTCGCAGACCCACTTTCTAGATGGGTCATGAACACTGTCCACCCAACTGCAGTTTCCCGTCAGAGTATCTGAGGAGCCTGTGAGGCGTTCTGGAGCTTTAAGGTCAGGCGCCTTCCGGGAGCCGTAGCCCCGGCCCCGCCCTTCTGCCCGCGCGTTCCTCACTGCGCATGTCGCGTTTTTGTTCCCCTCCCCCCTTCAGCAACGGGCCGTGAGGCGGTGGCGGTGGTGGCGGTGGCGGCGGCGGTGGTGGTGGTGGCGGCGGCGGCGGCGAAGGGGGCGGAGAGGAAGGAGCGCGGCGGGACCGGGCCGGGACAGCGCGTACTTTGGGCTCCGGGATTCGCTCCGCGCCCGCGGTTGTAGCAGCTGCCGCTGCAGCCATAGCAGCAGGACTTCCTCAAGCGCAGGGACTATGTCTTAAGGCGCTTTGCAGAGCCAAGCTCATTTCTGGCACATAAGAGGTCAGTCATTGGCACC,49.360220511286414,5.625276934468468
7405,ENST00000310144.10,ENSG00000087191.12,PSMC5,63827152,63832026,287.7655168010831,1579,1669.17,1267.07,17.1026,CTCAATACTCTGTCCTTGGGTTTTGTAAGTTGAAAGTTGAGACTAGGAAGGCATATCACAAGAACTATAAACAGAGTTTCAATGAGGCAACACTGAGGAGGAGTTCTACTCCTTCCTCATCCCCTTCCAAAGCCCCTGAACTCGAGTAGCCGCCCCTCCCATCATGGTTCCCTTAGTGTGGTCTCGCCGCACACCCCGCCCATTGACCCGGAATTCTTCTCTGCCTGGTCTTCAGGTCCCAATCCTCCGCTTCCGCGCTTGCGCGCCAAGACGGCTCGGATGCCGGCGGTCTCTGCTGAAGAGAGAAG,16.825834481370265,4.072606152310188
7406,ENST00000556440.6,ENSG00000258890.6,CEP95,64506588,64542461,6.129235755508518,3139,2988.89,189.385,1.42757,CTCGGAGATGTTTACGTCTCCAAAGAGCCCTCACGTCTGTAACCAAAAGAGGGGGAAGGCGGGGCCTGGCGTTGTCACGTGGCTGTACCACCCCGGACCACCGAGAGAGCGGTCCGCACTACTTTCCCGTTGACGTCGGCGGAGGGATACAAAACGAAATAGCTCACCGGAAGTGCGCTGCTCGCACCCCGGGACCCGCCCGGGCTGCCGGCTGATGTGGACCGTCCGACCCGCGTGTCTGATAATCCTTTGACGGGTTTTGGTCGGCGGAGAATGGTCTCTAAACTTCCCAAACCGCCCCCGTTTCACGTCCTGTGAAAGGAAGTGCTCCTCTGATGACCAATCAGCGGCGAGAAGCTCTTTTAACGTCCGTCCTTCTTTCACGCCTCCTTCCCCGCGCTTTGGTTCGTGCGTCCGCGCCCCAGTGTCGGGTCTGCGTGGATCGGTCCTTCCAGGACACCGTCGCCTTCCCGGCCGCGTCGGAGTCCGGCGGCGACCTGCCTCTGAAAC,4.293474754658979,2.1021457088497018
7407,ENST00000413366.7,ENSG00000154229.11,PRKCA,66302636,66810743,27.42655330431892,8751,10564.7,1679.14,3.5809,GAGGCAAGAGGTGGTTGGGGGGGACC,7.659122931195766,2.93717919433552
7408,ENST00000253247.8,ENSG00000130935.9,NOL11,67717833,67744531,116.70768547489496,2947,2301.03,1167.73,11.4336,GCGAGAGCAGGTTCCTGGTTTGGCAAGCACTCGCCCCCTCAGGCCCGTTCATTCTCGCGAGAGAAAGCGCGAGGCCTGCCGGGAGTGAGCGCGGCCGTACTTAGGTTTGCTCAAA,10.207431209321207,3.3515479397655796
7409,ENST00000306378.10,ENSG00000171634.16,BPTF,67825524,67984378,1.9232119604238544,9688,9566.24,2011.98,4.73854,GCCCCCCCTGCGCCCGCCCCTCCCCCTTCGCTTTCCTTCTCCCCCCGCCTCGGCTCCGAC,0.4058659334782136,-1.300924842963596
7410,ENST00000330459.7,ENSG00000182481.8,KPNA2,68035519,68046842,225.3776807264788,2181,1969.74,9242.34,105.715,GCTCCCTCACCGCCCGGCCGCTCCCTCATCTCGCGATGCCATCCTCTTTTTTTTTTTTTCTTTCCCCCCTCCCACTCGCCCCCAAGCCCTATGACTCCCTCCCCTCCCAACGTGTTTTTCAAATCCACCAATGGGCACACAGCTTAGGCTCGAACCAGCCAATCGGAATGCGGAGTCACCGGGAAATTTAAATCGCGCCGGCCGGCTGCACGAGCCACACGGTCTTTGAGCTGAGTCGAGGTGGACCCTTTGAACGCAGTCGCCCTACAGCCGCTGATTCCCCCCGCATCGCCTCCCGTGGAAGCCCAGGCCCGCTTCGCAGCTTTCTCCCTTTGTCTCATAACC,2.1319366289219013,1.092164555123878
7411,ENST00000358598.6,ENSG00000108946.14,PRKAR1A,68259182,68551319,200.51468634771,3576,3047.05,1289.26,9.53289,GGTGGACAGAGGAGCGGAGGGACGAGAGGGAAGCGCACGATAGCTGCGCGGAGAGAGAGCGAAGAGCAGGCGGAGGAACAAAGGCGACCCAAGACACCCAGAGAGGGACAGAGAACC,21.033987211402838,4.3946504487552644
7412,ENST00000245479.2,ENSG00000125398.5,SOX9,72121020,72126420,13.471598558052309,3935,4697.85,267.0,1.28048,GGAGAGCCGAAAGCGGAGCTCGAAACTGACTGGAAACTTCAGTGGCGCGGAGACTCGCCAGTTTCAACCCCGGAAACTTTTCTTTGCAGGAGGAGAAGAGAAGGGGTGCAAGCGCCCCCACTTTTGCTCTTTTTCCTCCCCTCCTCCTCCTCTCCAATTCGCCTCCCCCCACTTGGAGCGGGCAGCTGTGAACTGGCCACCCCGCGCCTTCCTAAGTGCTCGCCGCGGTAGCCGGCCGACGCGCCAGCTTCCCCGGGAGCCGCTTGCTCCGCATCCGGGCAGCCGAGGGGAGAGGAGCCCGCGCCTCGAGTCCCCGAGCCGCCGCGGCTTCTCGCCTTTCCCGGCCACCAGCCCCCTGCCCCGGGCCCGCGT,10.520741095567528,3.3951644285329894
7413,ENST00000299886.8,ENSG00000166685.11,COG1,73164977,73208507,12.246889630240831,3079,3550.7,465.914,2.95633,GCTTCCGCCCCCAACGAAGATGGCGGAGGGGGCGGGACTAAAAGGGCGTAGGTAGATCGCCGGGGGCTGACGAGTGCACC,4.142598975838568,2.0505361670292617
7415,ENST00000359042.6,ENSG00000141219.15,C17orf80,73232233,73248947,28.179235698629785,3645,3451.14,468.989,3.06169,CTGACGAGGTTCCTTGGCCGGGGGTTGGGCAGGGGCCTGGGGGGCTTCCCTGGGGGGCTTGTCGCCGGGGCCGCCTGGGCTTTCAGGTCTTCCGAGGCTGACATTCACGTTTCATTCTGCCACACTCGGGAACGGTGATCGGGGAAGCATGGGGATCCGGGAGAAGCACCCACAAAACTAGCATCCTCCTGGAGGAGCTCGGGAATAGG,9.203817401052943,3.2022323615271726
7416,ENST00000439590.6,ENSG00000172809.12,RPL38,74203582,74210655,1992.2615141698489,431,213.001,5374.65,568.501,AGTGCGAACGCCTACATGAGTCTTGATCCTCGGCAGGCACCGTACCCAGTTTCCTCCGTTGGGAGGGTTTAACTGCCCGGAAACGGAAGTCTCGTTCTTTTTCGTCCTTTTCCCCGGTTGCTGCTTGCTGTCCTGGTCCGCGCCAGAGCCCAGCGCGCCTCGTCGCC,3.5044116266635394,1.8091722432233435
7417,ENST00000262613.9,ENSG00000109062.10,SLC9A3R1,74748613,74769353,54.61767741540116,1969,2625.02,503.038,4.31747,GTCTGTGGTCCTCTCTCGGCTCCTCGCGGCTCGCGGCGGCCGACGGTTCCTGGGACACCTGCTTGCTTGGCCCGTCCGGCGGCTCAGGGCTTCTCTGCTGCGCTCCCGGTTCGCTGGACGGGAAGAAGGGCTGGGCCGTCCCGTCCCGTCCCCATCGGAACCCCAAGTCGCGCCGCTGACCCGTCGCAGGGCGAG,12.650389560414123,3.6611099073345383
7418,ENST00000335464.9,ENSG00000109066.13,TMEM104,74776483,74839779,9.997301119021328,4745,7226.64,466.537,1.45449,GGCGCATGCGCGCTGCGGAAGCTGGTGCTGGACAGCTGGCGCCGGCAGCAGCGGACCGGCGGGAGACGGCGGCTTGGGAGCTGGCTGTGCTGCAGGAGCTGCGGCAGCCGCCGTCCTTGCACCTAAGGAACCTCTGCTGCCAGCCCTTCCTCACTTTTGGAA,6.873406567952566,2.781025298549112
7419,ENST00000337231.5,ENSG00000109089.7,CDR2L,74987632,75005800,5.383427560487314,3536,5295.51,600.0,2.55273,AAGATGCAGCGGCGGCTCCGGTTGTCGCCGGGCGGGCCAGGAGCAGCGCGGACCCGAGCCGGGCAGGGGGCGCCCGCCACGGCACCCGCGCGCTCCTAGCGCCCCAGACCCGCCTGCGGGCCCGGATCCTCCTTGCCACTGTCCCACCCGCCGTCCCTGCCACTCCACCCTTTGTGTCGCCGCAGCCCGGTGCCCCCGGCTCTGCGGGACCCCGGCCGGGCCGGACCCTGGCAAAGCGCCAGGCCCCGCGTGGGCTCCCGGCGAGCGGTTGATGGCGAGGGGGCGCGGCGCGGGCTCTGTAGCCCGAGTTCCCGACGCTGGAGGCCCGGCCCGCCTCAGCCGCATTGTCCCGGGCCGCGCGCACCGGCCCTGAGCTGCGCCGCCGCAGCACCCGCCCGCCGCCCGCGGGGCC,2.108890309781024,1.076484057838852
7420,ENST00000301585.9,ENSG00000167862.9,MRPL58,75012670,75021261,94.7852010904333,890,773.997,515.994,15.0199,GCAAGACCTGAGC,6.310641288586029,2.657786619606013
7421,ENST00000245543.5,ENSG00000125449.6,ARMC7,75109952,75130265,28.151744863106952,2126,2841.47,225.045,1.78439,CGGGGACGGTGCGCCAGTGCCCCCTCCGCGAGCCCCAACCAGTAGACGGTTCCCTGTCTCCCGCGCCCCAATTTCGATTTTCAAACGCAACTCCTACAGGATTCTGAGACCCCGTCCCATCTCCCATATCCCATTTCCAGCTGCAAATTACTGCAGAATCTGAACCCAGGAAAGAAACCCATTTGCCGACCCCCTCTTCCCTCTCCAGACAGGTGGAGAGCGGGTGAGGGTCTCGCTCGGCTTTCCCCCTGCACCTTTCCCACCCTCCCGCCCGTCCCTGGGGGTCCTCCGTCACCGCGGCC,15.776677107082506,3.9797214709645092
7422,ENST00000245544.8,ENSG00000125450.10,NUP85,75205659,75235758,69.21410895663276,2121,2258.98,1127.03,11.2405,GCTCTGAGCGGGAGGCCTGAGCGGGAAGCATTGGCGTCCGAGCGACTTCTAGGAGCCTGGGGTTCGGCGCT,6.15756496211314,2.622359943191
7423,ENST00000245539.10,ENSG00000125445.10,MRPS7,75261674,75266373,255.5752769582308,1406,1508.87,799.369,11.936,GGAGTGAGTGCCGTCACCGAGGGCCGCGCCAGACTGCGACGGATACAGGGAGGGCAAGGGTTTCCTTTTGGCGCTCCCCTTTGGACCCCGGAGTGAAAAACTCTAACGTCCAGATCAGTGGAGAGAAACGCAGATTTAGGACCCTGAGGAGTCTTTTTCACCCGTTTCCCGTCACTCGCTCAGGCGCGCCGAGGGCAGTCCTTGTGGGGTCCTCGTGGCCAGCCAAG,21.412137814865183,4.420356938295663
7424,ENST00000333213.10,ENSG00000182173.12,TSEN54,75516060,75524739,23.705736669229143,1944,2668.35,345.101,2.91383,GGCGTGGCGGCGCGCGCAGCGGCAGGCGGCGGCGGG,8.135593589615436,3.0242476117309365
7425,ENST00000584667.5,ENSG00000161526.14,SAP30BP,75667116,75708062,62.71045735248,2722,3516.83,379.039,2.42825,CACAACCCCAACTCAGAGAAGCCAAAGCGCTGGGAATTCAGCTTTAGGCAGAACCCACGCAATCTTATATCCGTCGCGCAGTGATGACGTAGCGCGAGCGCTGGCATGAGGGCGGAGCCAGGCGCAGGAAACTGCCGTTTTGATTGGTTTCCAGTGTGGCGCGGGGGTCTCCTGGGATCCGAAAGAACCTGCCTTTCCGCCCGGAAGTCGGCGTCTTGAGTCATAGGAGTGAGCCACGCCCGGGCTGTGGGAATAAG,25.825371091312675,4.690717174577893
7426,ENST00000589666.5,ENSG00000132478.9,UNK,75784771,75825799,9.061995893697665,3925,5644.7,580.986,2.31892,GGGGGGTCTTCACGTTCTCGTGGCGCGGCGCAGGCGCACTGGGTCCTCGGCGCGGACCGCGCAGACTGAATAATAAAAGGGGAGCGGCGAAGAGGCAGGAAGACAAGACC,3.9078518852300492,1.9663757875484793
7427,ENST00000327490.7,ENSG00000185262.8,UBALD2,76265202,76271299,40.23802190605966,1593,2145.98,612.639,6.43192,AGGATTCGAATCGAACGTCCTTACGGGAGCCGGGCGCTGGCGGAGCGGCGCCCCGGCCAATCAGCGGCAGTCCCCGAACGTTGGGCCGGCCCAGCCCCGCCCCGCGCTGTTGTTTGTGGTGTCGGCCGGGCCGCGGGAGTCGAACCACAACATTCGCCGGGCGGGCGGCGGCGGAGCGGGCGGCGGAGCGGCGGCAGCAGCGGTGAGCGCGAGCCCCGGAGCCCCGGGCGGCCGGCCTCCCGCGCCCGCGCAGCCCCGCGTCTGCGTCCGGCCGGAGACGCCGGGCCCCGCGCCGCGCCGCGCC,6.255989176802519,2.645238016707471
7428,ENST00000615984.4,ENSG00000181038.13,METTL23,76726830,76781449,34.14121729542357,1171,1086.25,107.802,2.23595,GTGCCCATCACTTCCGGTCGCGCCAGCCGCCCGTTGCCAGTTCTGCGCGTGTGAGTCTCTTTCGCCTTGCTCCGGGCTTTCTTCGCTCGCAGCGCGGCAGGGTTATCACCAGATCTGGGCTTTCCCCTTCTTGCCGTCAGGTGCTACGGCCACGTGGCCCGCGGCTTCCCGCTCGCGCAGTCTGGCAGCCCGGAGCCTTCCGCGGTCCCCCGCCCGCCCGGGGCCCAACGACGCCCTACTGGGCGAGCACGATTTCCGAGGACAGGGGGTCCGGGCCCAGCGCTTTCGATTCTCGGAGGAGCCGGGTCCGGGGGCCGACGGGGCTGTCCTGGAGGTCCACGTCCCGCAGGTGCGTGCAGCAGCACCCGCCAGGAGGCGCCTGAGGTCCTGCATCTCCAGTATGGA,15.2692221630285,3.932554665854889
7429,ENST00000427177.5,ENSG00000184640.17,SEPT9,77280569,77500596,30.25409622501164,3821,5756.15,789.207,3.08902,ACTCCAGACGGCGGGCCGCCCCCTCTTCCCGCCTTCCTACTACCGGCCCAGGATTAGCGCCCTGGGAGCGCGCGCCCCGCTGCCTCGCCGCCACACTTTCCTGGGAGCGGCGGCCACGGAGGCACC,9.794075863869978,3.2919093710523057
7431,ENST00000591952.5,ENSG00000183077.15,AFMID,78187317,78207701,46.0578484013487,582,432.317,88.9093,4.63347,GTAGACGCC,9.94024961882751,3.3132820810956924
7434,ENST00000590925.6,ENSG00000089685.14,BIRC5,78214186,78225636,138.56662076004235,648,460.855,166.297,8.12986,ATTAACCGCCAGATTTGAATCGCGGGACCCGTTGGCAGAGGTGGCGGCGGCGGC,17.04415829547401,4.091205450426884
7437,ENST00000262764.10,ENSG00000087157.18,PGS1,78378640,78425114,18.40356764705533,2201,2901.97,141.612,1.09943,AGCGGAAGCGGAAGCGGCGAGTCTCC,16.73918998667976,4.065157812114079
7438,ENST00000310942.8,ENSG00000173894.10,CBX2,79778132,79787983,23.49719308706969,4644,6932.11,873.852,2.8401,GGCGCCGGGCGGGGGCGGTGCTTTGTGTGCTGCCGGCGGGGCGCGCGGCGGTCCGGGCGGGTGACTGGCGGCGGGCGCCGCGGTCGGGCTGGCTGCCGGGCAGC,8.273368221918133,3.0484747934558474
7439,ENST00000390015.7,ENSG00000171298.12,GAA,80101556,80119879,27.481159005339777,3549,5727.83,452.799,1.78106,TCCGCGGGCGGCCAGGGCGCGCGTGCGCGGAGGTTCTCCTCGTCCGCCCGTTGTTCAGCGAGGGAGGCTCTGCGCGTGCCGCAGCTGACGGGGAAACTGAGGCACGGAGCGGGCCTGTAGGAGCTGTCCAGGCCATCTCCAACC,15.429664921642042,3.9476348268456314
7440,ENST00000306801.7,ENSG00000141564.13,RPTOR,80544819,80966371,13.179484039413843,6408,8994.82,496.308,1.24314,GAGAGCAGGGTCATCGTGAGGCCTGAAGTCTCTTACGCTTTTGGCAGCTCCCCTCGCAGCCCCTCTGGAAACGTACAGCCTCAGGAGCAGCCAGTGGCTTGGGACCTGGGGTGGTGTGTGTCTGCGGAGCTTCTTGGGCTGCCCCATTTCCTAGCGGCCCCCACCTCCCCACTTCCCGCTCAGAGTTAGAGATAAGGATCTCAGACTTTTGCCTGAGTAAGGGTCTCCGCACTCTTTATCCATTTGGTTTTCGATTTCCCGTTTTTGTTTCTTATTTCACCAATTCTGGTACACGCTAGTTTTTAAGGCTGGAGGTTCTCGAGCGCTTGCTGCCAAGGACTCCCCCACCCCCTCCCCCACTG,10.60176974388552,3.4062332075639192
7441,ENST00000325167.9,ENSG00000176108.9,CHMP6,80991598,81009517,22.401974036735023,1664,2187.66,235.572,2.42609,AGGACCCGAGCTACGGTGGCCGCGGGGCGGCGGTGGCGATTGGACTTGGTGGGTCCCGGGCCAGGGGCGGGCGCCGCC,9.233776997858705,3.206920890718636
7442,ENST00000431388.2,ENSG00000224877.3,C17orf89,81239239,81241281,163.44522920535647,615,562.057,197.991,7.93646,AAAGCCTGGCCAATTAAGAAGTTCAGGAAAGGTTATGGGCGGAAGCGCCGACCTATCAAGCTGTTTGACACCGGAAGAGGACGGACCTAAGATGGCGGCCTCCAGGGGGCTGGGAATAGCCGCTC,20.59422326898346,4.364167809483074
7443,ENST00000329214.12,ENSG00000185298.12,CCDC137,81666364,81673904,35.402386153069614,2468,3277.64,557.643,3.83316,GGGGTCCTTCGGCGGCGGCCAGCGCGCGATCCTCCCGGCTCCGTCCCCACATGCGGGTGGAGGGGCCGGGGCTCCTCCCGGTACGTGCGGGCCCCCGGACAGCGGCCTCTCGGACGTGCCCTTCGGCGCTGCCAAGACCCGTCCTGGTACTTGCCGAGCCACGGACCGCGGCGGCTACCGCCCGGCCTCCCTCGACCACCCTCCGCAGCAGCATCGCCCGCGGACGGGATCCGGCAACCCCTGACCGTGAGCGGCGGGCGCTCCGGCCAATCCCGGACCTTCAGGAAGTCGCGCCGCTCCAGCCAGCGTGAGGCTGAGCGCAGGAAGCGGAAGTGCCGATCGGTGGGGCGGAACCATGCAGGAAGGCGGAAGTGGCTTCGCTAGGGAGCCTCCCGGCGTGGAG,9.235822703218654,3.2072404784777375
7444,ENST00000329138.8,ENSG00000185359.12,HGS,81683326,81703138,34.7424990377845,2970,4420.14,1348.31,6.87251,CCTCGCGGCTCTAGGGCCGGCGCGGTGACGTGCGCGTGCGCGCACTGGAGGGAAAAGGCGGAAGCGGAAGTCGGGGGGCGCGCCAGCTCGTAGCAGGGGAGCGCCCGCGGCGTCGGGTTTGGGCTGGAGGTCGCC,5.055285337931046,2.337792525164935
7445,ENST00000333676.7,ENSG00000262814.7,MRPL12,81703357,81721016,423.9256628687991,1028,1134.35,2160.19,42.905,CGGCTAGAGCGTCATTTCCGGCTCGAATGCCCGGCAGCCGTGGCGGCTAGAGCGTTCCTCCCCAGCTCGAATGCCCGGCGGCCGAGGCGGCTAGAGCGTCGCCTCCTCCCGGGGAACCGCGTGTGACCTTCCAGCCCGCGGACCG,9.880565502127936,3.304593615065837
7447,ENST00000350690.9,ENSG00000183048.11,SLC25A10,81703357,81721016,59.54414030779749,1885,2715.05,426.818,3.54182,CGGGGCGCGGGGCGCTGCGGCCGGTACACGCCGGGGTAGGGCCGGGGTCGGGTTGTGGTCGGGCCGGGATTGGGCTCTCCTGGGCC,16.811735296485278,4.07139674119995
7448,ENST00000306739.8,ENSG00000169696.15,ASPSCR1,81976807,82017406,10.563650876921326,1843,2440.26,328.206,3.03021,GCTGCGGCCCCGCCCCCTGGCCGCGTGGCTGCGCGTCCTGGCTGTTGCCGATAAAGTTGTTTGACGCCGGCCCGGCGGCGGGTCACGTGAGCGGAAA,3.4861118130166973,1.8016188429856057
7449,ENST00000306688.7,ENSG00000169683.7,LRRC45,82023302,82031151,18.464605740686817,2701,4044.14,266.008,1.48194,CTTGTTCTTCCTGGATACTGAGGCCCCGACGCGGCTGTCGCGAGGGCGGGGGTCGGGGCTGCAGGCGGGGCAGGGCTGGGTGGGGGCGCGCGACGCACCTGCCTGCTTCCTGCACGGGTGGTCCCCAAGCACTGCGGGGCCCCAGCCCAAAGCGGACCTTGACTACCGCCCAGCCCCGCGCTCCCAGGACCTCCCGCCCGCGGAGCCCACTCGGATTGCTCTCCGCCCGGGTCGGCGGAGGCCCCGTCTCCTGTACCCGGCGCTGGGACTGCTCCGCACCGCGCGGCTCCCTTTCAGCAGCTGCGGGAGCATGCGGAGGAGGCCCTGCCGGCCCCGCGGGTC,12.459752581539615,3.639203515341585
7451,ENST00000306897.8,ENSG00000169750.8,RAC3,82031624,82034204,28.88535750630502,1090,1434.3,352.573,5.53824,GTCTCCGCGCCCGGCGCTCGGCGGCGCTCGGCTGTCTCCGGCCGATCGCTCGGCGCTCGGGTCCGCGGCCGCTGCGGCGCCGGGCATTTCTCCGCAGCTCGGCTCGCGGCCGCGCCCGCCGCCGCCCGGCCCGCGCCC,5.215620396787611,2.3828388711792043
7454,ENST00000306823.10,ENSG00000169727.12,GPS1,82050691,82057470,29.093000581895783,1842,2381.59,1131.74,10.7063,CGCCGCGGCGGGGTGGGTGCAAG,2.7173720689590035,1.442212116274506
7455,ENST00000335255.9,ENSG00000141568.20,FOXK2,82519713,82644662,25.216403818078984,5265,6579.66,1874.6,6.419,CGGCCGCGCGTGCTCCCGCCCCTCGCCGCCGCTCGCTCGCTCGCCGGCCGGCGGCCTCCGCTCGGCCCCCTCCCTCAGCTCCGGTGCGCGGCGGCCGACGACCCGCGCGGCCTGGGCCTCGGCCCGCGCCACCGGCGCCCGCGCGGAGCGGCCCGGGGGCCCTCACGCAGGCCC,3.9284006571240044,1.973942077455175
7456,ENST00000269373.10,ENSG00000141560.14,FN3KRP,82716683,82730328,24.87682884192741,1849,2169.79,367.892,3.82001,ATGTTTGCCCGCTCGGCCGCCGTCTCTCGAGTCTCCGCCAGATCCGGGGCGGGTCCGCGGCCGCGGCGGGAAC,6.512241811389868,2.703154270491139
7457,ENST00000437048.6,ENSG00000141252.19,VPS53,508668,721717,31.0608094812629,13106,15488.0,766.186,1.11456,GAAGTGCCGGAGCGGCTGACAGAGCGGCTGACGGAGCCGGGCTCACCAGGTCGCTGCCGCGAGGGAGTTGCTGTGCTGGGGCCTGGGTGGCGGCTGGAGGCCTGAGTTGGGCTCGCGGCGGGGGTCGGCAGGGGGCCGGGTGGCGGA,27.86822556099528,4.80054924028385
7458,ENST00000319004.5,ENSG00000179409.10,GEMIN4,744414,753999,105.04794377026742,3748,4896.48,1291.05,5.94046,AGGCCTAAGCGCGGCCGCCGTGGCTCCTGCGTCTCCCATCGTGCCGTGCGTCCCGCGCCGCGTTCGAGTTCTCGGAGGGGAGGGGGCGTTAGCCCCGCGCAGCCGCCGGCGTCGCCGCC,17.683469591625467,4.1443294618984226
7459,ENST00000301329.10,ENSG00000167699.13,GLOD4,757097,783390,147.7855374610187,2059,1718.05,598.774,7.85216,GTCGGCGGCTAGTGACGTCACGGCCCGTGGCGCCCTTCGTGGACTGGGCTGTACGGTGCGCGTGACGGCTGCGTGCGGCGGGAATC,18.821004342883832,4.234271711361719
7460,ENST00000336868.7,ENSG00000167693.16,NXN,799313,979770,31.005372313818174,3036,3905.51,247.147,1.42574,CCCAGCGCCTGCCGCCGACGCCGCCGCCTCCTCCCGCCGCGCGGACCGTGGAGCGGGGTCGCAGCCGCCTGCCCGCCCTGCGGTGGGCCAGG,21.746862901944375,4.442735394596659
7461,ENST00000291107.6,ENSG00000159842.14,ABR,1003518,1229021,8.293687137045168,2673,3353.02,304.674,2.0472,TTCCTGTCTGCCCTCCGCGGGCTCCGGCTGCC,4.051234435836834,2.018361572961407
7462,ENST00000264335.12,ENSG00000108953.16,YWHAE,1344272,1400378,802.7262048872868,2211,1906.26,8344.97,98.6289,GCTCCGGCGCCCGCTGAGCCGACAGAGGAGAGGCGTCTCGTGCGCTCGTTCCAGCCGCTTCGGGCGCCGAGTTCCAGGACCCGCCCCCCGCGCCAGTTGCCAGGGAGCGGTTGCCATAGAGCTGAGCAGTTGTCCGCGTGCGCAGGCGGAAGTCCCGGATTGAGGCGCCGCCATTTTTGCTGCCCGGACGCGGAGCGAGAGGCTGAGAGAGTCGGAGACACTATCCGCTTCCATCCGTCGCGCAGACCCTGCCGGAGCCGCTGCCGCT,8.138853874343999,3.024825646307302
7464,ENST00000300574.2,ENSG00000167193.7,CRK,1420689,1463162,34.9539401276156,3880,3765.2,957.809,5.7313,GGGGGAGGCCCGCGGCTGCCGCCGCCATTTCGGGCGCTGCTGTGAAGCTGAAACCGGAGCCGGTCCGCTGGGCGGCGGGCGCCGGGGGCCGGAGGGGCGCGCGCGGCGGCGGCACCCCAGCGTTTAGGCGCGGAGGCAGCC,6.098780403680771,2.6085207703021758
7465,ENST00000313486.11,ENSG00000174238.14,PITPNA,1517718,1562816,83.49803058007082,3912,4496.24,2142.56,10.7361,TTGCCGCAGAGACGCCCCGCCCCCGCGCGGCGCTGCGGAACCGGAGCTCCGGGCGGCGTCGGCAGCGGCGCGAGAGGCGACGAGGCCCGGGCGGCAGGAGCCGGCGCGGCGACCGCGGCGAGGGCGGCGGGGACGGAGCAGAGCACGACGAAGACGCACAGGCAGCCGGGCCGGGCCGGGCCACGGGGAGAGCGGCCGGCGGGCAGCGGGCGGGAGGCCGGGCGGGCCGCGGGCAGCCACCGAGCCGCGAAGCGAC,7.777314907654625,2.9592721554637653
7466,ENST00000304992.10,ENSG00000174231.16,PRPF8,1650629,1684882,198.72281846191964,7295,8848.69,17837.0,45.4155,GAACTCGGGTTGCGCACTTCCCGGCGCTGGGAACGCGGAGCGGACGCAGTCTGGCCGCCATTGCGCTGCGGGGAAAGCGGCCTCTTGTGTGAGGGCCTGTGGGATTCTCCGGAT,4.375660698702418,2.1295008717507073
7467,ENST00000305513.11,ENSG00000186532.11,SMYD4,1779485,1830634,7.848736446696842,4384,5227.49,486.036,2.09477,CTGGCGCGGGACGCCGGACGCGGTGCGGGGCGGAGCGGGGCGCCAAGGGGCGCGCCAGGAGCTGCGCGGGCGCTGGGAGGGAGACCAGGGCGCAGTTCCGGGCGCGTCTGAGCGGTTCTCGAGGCGTTCTCGCCTCGGTCTCTGGCGAGTGCACGGATCAAAAGCAGC,3.746824924309992,1.9056685672771783
7468,ENST00000263073.10,ENSG00000070366.13,SMG6,2059839,2303771,8.888318445856807,5960,8220.98,931.234,2.5521,GCTGCGCGCGGCGGTGGCGGAGCCGCTACGGCTGTAGCAGCAGCCGCGAAG,3.4827469322741305,1.8002256458165504
7469,ENST00000301364.9,ENSG00000167721.10,TSR1,2322503,2337507,95.0550996546658,5188,5802.36,3068.9,11.9163,CCCGCACAGACGTCAGGCGGCAGGCCCGGCCCCTTCCCACAGCCGGAGGGGGGTTGCGCACAGCGACGGGGGATCGGGGCGGGGAGAGGCCGTGCGCGCCTAGGGGCGGCAGACCCGGGCGCGCGCCACGGGGGTCGCTGTCATGGCAACGCACCCGCTCCCGCATGGAGGGCGCGAAGCCGCATTGTGAGCGCTGGCCCTGGAGCCCGCGGCCCCGCGGCTGAGAGCGAGCCTCGGTCCCGCTGAAGCTCCCCTGACTTCTGCCTGCTCCCTCTCCCGACGGGACGGAAAGGGCCGGGGCTCGGGCATGGGGTCCCCTGCGGTCCGAGCCTGCCCACGGCGAAGCCGGTGCAGCCTGGCCCCGTGACCCCTCTGAATCCCCGTCCGGCCGTCGCCGTGCAGTTGTCAAGTTTCTGGGAAGATTAGTGGGAGCGCAGCCGCCCGAGCCCGACGGCCGGAGGGTCGCGGCCAGTCCCCCTTGCCGGGTCGCCACGTCCCACAAGGTCCTTCCCGGCCGCTCCGTGGGAGGCGGGGCGCAGGTTGGAGTAACAGGGACGGGCTTGAGCTGGTACGGAACCGGGCAAGGTGAGAGAAGTGTCTTCCACGCGATTCCCAAGCCTCGCTAGGGAATCGAGGGAGAAGAAAGGTTGCTCAGAGTGATAAAGAACATGCCGTTGCAAACGGAAGAGCAACGTGCCCGAATCTAGGTGACAGGAAGGGCTTAGGCCTTTTCGGCACGAATGGAGCCTTCCAGTCAACATGCTTCTACGTGATGCAGCTTTATAGCGCAAAAAAATGACAATGCAAGGGGTACAAACAGCCCTGCTAGACCAACAGCCCGAGCCTCGACAGTCTACATCCGGCGCCTTCAAGCCCCCAACCACACACTGCGAAGTGGGAAAAGTTCCCAGCGCGGCTTGGCGAACCCGCTAACACGGCGCTCTCACGAGCTGCTGGAAAAGACCTTCGCGAGAGGGCGCAGGGAGTCCCGCTCCCTGGAGGGCCCGCCCCCTTGGAGGGGACCGGAAGCGCTTGTCCTGGCCCGGAAGCAGTGCTGACTCCGTACACGCGCGCTGCGGC,7.976897162262262,2.9958276788882054
7471,ENST00000263092.10,ENSG00000127804.12,METTL16,2405562,2511891,19.366258657057926,5711,6430.75,734.334,2.57273,AAGATGGCGGCGCGCTGGGAGCGTATCATCTGCGTTTCTAGGAGCTTCGCTATGCGGCTGCTTTAAGATTCTAGGGTTGTACAGGCCCACGCCAGACACGACGTCTGGCAGGAACCTCGGCCTCAGAG,7.527513053082884,2.912173304657242
7472,ENST00000435359.5,ENSG00000132361.16,CLUH,2689386,2712663,17.522615394444937,5224,8114.53,691.903,1.92107,CGGCCGCCCCGGCCGACAGCGCCCGGGAACACGGCTCGCAGGCCGGGGGCAAGGGGCGGCCGGGCGCGGCCGAGCTGCCATCAGTC,9.121278971846387,3.18923613107543
7473,ENST00000225525.3,ENSG00000213977.7,TAX1BP3,3662896,3696404,41.78737723350577,1377,1663.63,273.947,3.70998,AGTGGCGCTCCGGCCAGTGATTGGCTGGAGGTTTGTTAACTATTCATGAGGGGGCGGGCCGAGCGGGGCGGCCTTTGTTAAGCAGCGAGGGCGCGACCGCGGGTACTCTGCTGCCGGCTTCTCGGAGCGGCGCTGGGCGACCAGAGCAGGGTCGAG,11.263504717951518,3.49358389677129
7474,ENST00000389005.5,ENSG00000074356.16,NCBP3,3802165,3846251,36.218527025612,12770,14301.4,1495.73,2.35633,CTCTCAGTGGTGCGGCCGGCAGGCAGCG,15.370736282953576,3.9421143689807248
7475,ENST00000381638.6,ENSG00000074755.14,ZZEF1,4004445,4143020,6.607534782719976,11456,14785.3,1332.31,2.03019,AAGCCGCAGGGGCCGCCGTCGTCTCCTCCGCGTCCCCGCCCGCCAGCTGCTGTCGGAGGTTGACAGGTCGAGGCGGGGAGGCGGCGGCGGCGGCTGCAGAGCCAGGCGCCCAAGACGGAGACCCC,3.2546386213704017,1.7024973627149425
7476,ENST00000396981.6,ENSG00000132388.12,UBE2G1,4269259,4366628,312.25002299406054,3974,3331.11,1498.01,10.1318,ACCGGCAGCGAGGCGCCGCTCCCGCCGCCTCAGCCCGGCCTTCCTCGGCTCCGGCGCTCCGGTCGCGGGGCCCGGGTTCCTCGGCACACCCCGCTCCAGCCGCCCCCAGAGCCTGTCCCCAGCCCTTCGGAAGCCCCGGCGCCAGCCCGGGCCCTCGGCAGGGAGG,30.818810378615897,4.945739269069872
7478,ENST00000254718.8,ENSG00000132382.14,MYBBP1A,4538897,4555631,63.74899703106082,4807,7225.3,765.932,2.38834,TCCGAGATGGGCCCTTAGAAATGCCCCCCTGGGGCTCCAAAGGGGCAGATGCCACAGCCGCCAGGGCGGAGCGGGTGTGAGCAGAAGGCTGGGAAAGATGGGACGCCGCTAGGCGAGGGACTTCCGCTCAGAGCTACGGCGGAAATGCCGCTCTTTTAACTCTGGGCCGGTCTCTCTTGGTTCCCCCGCCCCTCCGGGTTCTTCCGCCTCCGAGCCGACACAAACCGGTGCGCATGCGCCGTGCCCTGACCTGGAAGCGGCTGGGGCCGGAGCACACGTGTTTCGTGTTTCGGTGAGTGTGGCGGAG,26.69175956147819,4.738322508158386
7479,ENST00000293778.10,ENSG00000161921.14,CXCL16,4733526,4739922,34.53942005455018,2222,2917.48,238.247,1.83985,CCCGGATCGGGGAAGTGAAAGTGCCTCGGAGGAGGAGGGCCGGTCCGGCAGTGCAGCCGCCTCACAGGTCGGCGGACGGGCCAGGCGGGCGGCCTCCTGAACCGAACCGAATCGGCTCCTCGGGCCGTCGTCCTCCCGCCCCTCCTCGCCCGCCGCCGGAGTTTTCTTTCGGTTTCTTCCAAGATTCCTGGCCTTCCCTCGACGGAGCCGGGCCCAGTGCGGGGGCGCAGGGCGCGGGAGCTCCACCTCCTCGGCTTTCCCTGCGTCCAGAGGCTGGCATGGCGCGGGCCGAGTACTGAGCGCACGGTCGGGGCACAGCAGGGCCGGGGGGTGCAGCTGGCTCGCGCCTCCTCTCCGGCCGCCGTCTCCTCCGGTCCCCGGCGAAAGCCATTGAGACACCAGCTGGACGTCACGCGCCGGAGC,18.77295434657726,4.230583803434429
7480,ENST00000225665.11,ENSG00000108528.13,SLC25A11,4937130,4940251,146.90618759611013,1897,2434.56,1224.0,11.3273,AACTTGGCGAGCCGTACTCACTCGATCTCGCGAGACCTTCAAACAAACTCTTCTCTATTTTCCCGCGATTCTAATTCGGTGAAAACAGCGCCTTTCCTCTGGTTTCCAAATCAGTTACGCCCCTTCTCGCACGCTTCCATCAAGCTCCTCCTTCAGCTCCGCCTTACTCCCGGCCGCCTTTGCGCTGCGCGCCTGCGCCCGCGCCGGCTTCCAGCGGGTGTCGGACCTGAGAGCTGGAGGGGCGTGCGCGCGCCCTCGCTCTGTTGCGCGCGCGGTGTCACCTTGGGCGCGAGCGGGGCCGCGCGCGCACGGGACCCGGAGCCGAGGGCCATTGAGTGGCG,12.969214869925766,3.69701923927654
7481,ENST00000225655.5,ENSG00000108518.7,PFN1,4945652,4949061,899.7793258328805,1291,1467.51,12032.9,184.735,CTCCCGGCCCCGGCGCAGGCGCAGGCGCGGGCACACGCGCCGCCGCCCGCCGGTCCTTCCCTTCGGCGGAGGTGGGGGAAGGAGGAGTCATCCCGTTTAACCCTGGGCTCCCCGAACTCTCCTTAATTTGCTAAATTTGCAGCTTGCTAATTCCTCCTGCTTTCTCCTTCCTTCCTTCTTCTGGCTCACTCCCTGCCCCGATACCAAAGTCTGGTTTATATTCAGTGCAAATTGGAGCAAACCCTACCCTTCACCTCTCTCCCGCCACCCCCCATCCTTCTGCATTGCTTTCCATCGAACTCTGCAAATTTTGCAATAGGGGGAGGGATTTTTAAAATTGCATTTGCAAAGTTCGGTGTCTGGGCTGGCGAGTGGGGGAGGGAGGGAATGGGGAGTAGGCCCCGCCCCTACCGTCCTTTGCAAATAAAAATCTAGCGGGGCGGGGGGGGGGAGGAGCAGGAAGTGGCGGTGCGAGGGCTGCTGCACAGCGAGCGGAGCCGCGGTCCGGACGGCAGCGCGTGCCCCGAGCTCTCCGCCTCCCCCCGCCCGCCAGCCGAGGCAGCTCGAGCCCAGTCCGCGGCCCCAGCAGCAGCGCCGAGAGCAGCCCCAGTAGCAGCGCC,4.870648906990448,2.284113992540056
7482,ENST00000206020.7,ENSG00000091640.7,SPAG7,4959226,4967872,56.04999587161642,1058,1288.85,289.669,5.06362,GTTTCCGGCCTTAAAGGCATTCCGCCCTTCCCTTTAAGACGCACCGCCCCCTCTCAGTCACTCCCAAG,11.069155243011208,3.468473220058168
7483,ENST00000573584.5,ENSG00000108559.11,NUP88,5360963,5420160,66.61276962297335,2916,2944.52,948.128,7.25462,ACAGACCCCTGGGAGGTGTACTTTCCGGGTGCAGACCGCGAATGGATCGCAGCGTATTCTGGGAAGTGTTGTTTTATCGACCGGCCCCACGTGGAGACAGATTTAGGCATCCAAGCGAAATGCGTGAGGCCAGCCCGACCTGCACTGAGGGAGGTAAGTCTTGAGGGAAAGTTCTGGATGCCTGGGTTTACCCAGATGGAGGTGTCCAATAGGCAATTAGATACACAAGTCTCAGGCTCTCCCCAGGTGCTAGATTTCCAGCAGCACCACCATTATGTTGACTTCTCGTCCCGCCCCCTTGGGCTTCAGAAATAATGGTGATTGGCTTTCCCTTGGTGACGCCCCTGCTTGGTGGGCTGGCCTCGCCTTCGCCCCCCGACCTGGCACGAGCCTCTCGAGCTTCCGGGCCGTCTGCTCGGTGATTGGCCGAAACAGTGAGTGGACGGCCGCGGATTGGCTGTGCTCAGCGGCGGGCTGAGCAACTGGAGTGAGGGGAGCAGTTGGGCCAAG,9.182116998956989,3.198826815053943
7484,ENST00000225698.8,ENSG00000108561.8,C1QBP,5425139,5469060,1060.9604771209954,1169,1022.42,2213.09,48.7679,GCTTCCGGCGGCGCCTCAGGTCGCGGGGCGCCTAGGCCTGGGTTGTCCTTTGCATCTGCACGTGTTCGCAGTCGTTTCCGCG,21.755303737109767,4.443295254122183
7485,ENST00000225296.7,ENSG00000005100.12,DHX33,5425139,5469060,35.30850549245971,5618,6344.46,1412.76,5.01691,AAAGCCTTCCCAAGCCCCCAAGGCATGCTGGGAGATGCAGTCCCTTTTTCTAAAGACTGGGGCGGCCGTGAGGTCATCGGTGGTCGCCGGGAGCCGCCAGCACGTGGCGGCGAGGAAGGGGCGGTGTGCTCCTGTTGTCTGCACCTGAGAGGGGGCAGGAGCTCTCGGCGCTTGCGCCTCCCGCCGCGGTGCCCTCCCGAC,7.037898924329858,2.8151447947901667
7486,ENST00000158771.8,ENSG00000072849.10,DERL2,5471251,5486811,52.155440528890935,4209,3509.44,462.246,2.96755,GCTGGCGGAAGGGGAAATGGGGTGGGTGGGGGGTGGGGCAGGCGACGGTGGGGAAG,17.575252490738464,4.1354735104736315
7487,ENST00000361413.7,ENSG00000198920.9,KIAA0753,6578148,6640927,6.5851292738528935,4859,5086.13,695.263,3.07981,AATCCATCCGCATGGCTTTTTGCTCTAGTTCCTCAGATCTTTCTGCGCTAGCTGCACTCCCAAGCCCAGGCTTAGATCTACCCTAATCTAGTCCCAGCCCCGACCTCATGGACACTGGCTGCAAAACTTACCGCCTTGCAACACCTGGATCCTTAAATAGTTCAGGGCCTCAAAGGCTCCCAAGCCGCCCTGCGCCTGTTGCTATGGCGACTGGGCAGGCGGCCGGAAGCGCGGCCTTGTTGGGGGCCCCCGTTGCCCGCCTCCCAGTAGCCGCGCCTCACCCTAGGCCAGGAATGGTTTTAGGGAAGACTGTTGCCGGATGACAAGGCTGTCACTATTGTTCTGTACTACCTGACATT,2.138160884552259,1.0963704118110211
7488,ENST00000225728.7,ENSG00000108590.10,MED31,6643315,6651634,79.25303982303517,1654,1307.55,111.008,1.91275,ACAGTGCCCCGGGACCGGAAGAGGGAGCCGTGGTTTCCGGAACTTCGCCCGCGTCTCTGGGCTTTTGCTCTGTCAGGCTGGTGGCGTTTTGGTGTCTTCGTTTGTT,41.43408172685148,5.37274604402481
7489,ENST00000005340.9,ENSG00000004975.11,DVL2,7225341,7234545,16.83359848390929,3018,4506.82,849.595,4.24721,AAGTCACGTGACATGAGGAGAGGTGGGCGGGTACCTGGAGGAAGCTCGCGGCGTCGGTGGCGGTGGCGCGCGGCGGCCGCTGAGACCGGGGCTTTGAGTCGCACCCCGCGGCCCGCCCCCCGCCGCCACCCTCGCAGATCCGTGCTTTTTCCCCTTTGCTTCTCTCCCGTACTGGGTCAGTCCTGTCCGCGCTCGCGCGTCGGTTTGCGGGTGTGCGCAGGCGCGGCAGGGGCCATTAGCCCTTTGGGTGGGCGGTGGAGCCCGGGAGCGCGCGGGCGAGACC,3.9634485895233085,1.9867562631057885
7490,ENST00000320316.7,ENSG00000040633.12,PHF23,7235028,7239722,37.84237833338298,2037,2513.23,557.565,4.99834,AGGAGGGAGCAGGCGGCCGGCGGCGCGGGGGGAGGGGGCCCGGTCCGGGAGTGCGGGAGGCAGTGGTAGAGGGAGGTGGCGGCAGCGGCTAGCGGACTCGAGTCTCAACCGGGCTGAGGCGGACACTTCTGTGGAGCGAAGCAGTGGGAGCATCGAGCACTAGAGGCGGCACCGGGATCCCCGGCTCCGGGGAGGGGGGCGCCGGACCGGGAGGAGGGGAGGGGGCG,7.570989235102651,2.9204818168999416
7491,ENST00000302386.9,ENSG00000170296.9,GABARAP,7240014,7263983,415.77953940163167,1634,1758.15,316.657,4.05784,GTTGTTAACGAAAGGAACTTGGAGAACCAAGTCTCGTATGATGATTACCATCTTTTACTCCTCTTCAGCCCCAGCTTCCTTGAGGGGACGGTTGGGGAATAGGTTTAGAGTAATTTTCGATGAGCAAAAGCCAACCGTCTTTGCTACGTCGCCTGCGTAGCCCACAAATTGATTCCAAAGCGATTACGCTAATGGCGTGAGGGGGCCGGTCAGTTGGTGGTGCTACGCTAGCAGCGTTAGCGCCGCTGAGGTAGTGGCGTATCTTAGCGGGGGGGGCAGTCCCCGATAGTCGGGGGCGGGGTTGGTGAATAGGGAAGTGGCGCAAATTCGTGGATCGCTCCGCTGAATCCGCCCGCGCGTCGCCGCCGTCGTCGCCGCCCCCCGTCCCGGCCCCCCTGGGTTCCCTCAGCCCAGCCCTGTCCAGCCCGGTTCCCGGGAGG,102.46326602370515,6.678962973417164
7492,ENST00000389167.9,ENSG00000132522.15,GPS2,7311324,7329393,25.96853228376314,1371,1650.98,535.246,7.30421,GCAGAGAAGGCGGGTAGGAAGGGCAGTCGTCCGCGCTGGCTGGGCAGGGAGCGGCAGCAGCGAGCCGGGGACCCCGGCGCCGCCCGCGCGCGGTGGGACTGGGGCTGCGGTCCCGGCCGGGTGGCGGGCTCCTGGGACACGTGACCGGGGCGGCGAGCGGGCCGGGCGGACGGGCTTCCGCCTGGGCCGGGCGCGGCCCCCTCTGAGCGCCCGCCTCCCCGCAGGCCCCGTCTGAGGTCTGGCAGTCAGAGACAGCCGGGCGCCCACGGCCCGAGCGCCCACGGCAGCACC,3.5552828141254342,1.8299643273011024
7493,ENST00000399464.6,ENSG00000215041.9,NEURL4,7311324,7329393,5.816798938098605,5200,7599.93,496.833,1.47286,CCCGGTGTCAGCGGAG,3.949322364718035,1.981605133054945
7494,ENST00000302422.3,ENSG00000205544.3,TMEM256,7389727,7404137,215.0018544154775,486,362.811,477.362,29.6435,GGCCTCTTGGGTGGCCTGGGCGGCGTTGGTCCGGTGCGTCCTGTTCTACAGCT,7.252917314604467,2.858561401852377
7495,ENST00000380599.8,ENSG00000174282.11,ZBTB4,7459366,7484263,2.420214703016006,5866,8865.61,464.964,1.18161,GTCAGCGGCGGCGGCGGCGGCGGCAGCGGGGCCGGGCCGGGGCCAGGCGCTGGGGGGGCCAGGGCCGGAGCTGGAGCCGGAGCCGGAGCTGGAGGCGGGCAAAACCGGAGCGGCCGGGGGCGGCCACGGTGATGAGCCGGGCCTGGCGGACGCGGCGCCATCGCAGTCAGAAGGAAGAGGCCCAGCAGAAGGGACTCGCTGAGCCACCCCCCGCCCCACTCCATGTTGGCTGTGCTCTCAGGCTGGCACC,2.0482347839100936,1.0343810972561926
7496,ENST00000250113.11,ENSG00000129245.11,FXR2,7591230,7614871,54.18137573168477,2957,3891.02,1677.61,9.71379,AGGCTGTGGAGCGGCAGCGGCAGCAGCGGGTCCCGGGACTGAGGCAGCAGCGGGGGCGGCGGCGGGCGGAAGCTGAGGTGACGAAGGCAGCGGCGGCGGCGGCCGTTTCCCTCACGGTGGCGGAGACCAAGGCGGCGGCGGCGGACGGGGAGCGGCCCGGCCCCGGCCCCCTGCTCGTTGGCTGTGGCAGGGCCGCCGTGGGGCCGGCCCGGCTCCCGCCCCCCGCGGCTCCCCCTCCGGCTCCTCCTCCGGGGAGACGCCGGGGGCCTGGCCCGGCCCGCACTCAGACTGCTGCTGCAGCCGCCGCCGGGGGAGTCGGAGGCGGTGGCGGCGCC,5.5777791914057,2.4796908232566275
7497,ENST00000573566.1,ENSG00000141504.11,SAT2,7626234,7627876,9.377137148843874,640,501.495,70.3814,3.16194,CGCCGGAATCCCAGCTCCACTTACCAGGCCGCGGCTACCCCGCCGTCCCCCCCGACTCCCGCCACCCCGCTCTCTCAGGCTCTTCAGGATCCAAGTCCGTAGGCCCTTTAAGGGGTCTAGTTGCCGTTTGCGAGGCCCTGGGACTTTGGTCCCAGACAGCGGGGATCCGG,2.965627794595683,1.5683375416270862
7498,ENST00000269305.8,ENSG00000141510.16,TP53,7661779,7687550,194.32651058117324,2579,3154.09,1022.8,7.30597,GTTTTCCCCTCCCATGTGCTCAAGACTGGCGCTAAAAGTTTTGAGCTTCTCAAAAGTCTAGAGCCACCGTCCAGGGAGCAGGTAGCTGCTGGGCTCCGGGGACACTTTGCGTTCGGGCTGGGAGCGTGCTTTCCACGACGGTGACACGCTTCCCTGGATTGGCAGCCAGACTGCCTTCCGGGTCACTGCC,26.598317619860637,4.733263091055821
7500,ENST00000575771.5,ENSG00000183011.13,NAA38,7856685,7885238,134.76384061488815,852,924.714,86.6743,2.11176,AATTGAGTTGCGCCGCTTTCAGGAGTTGCGGGGTGGGGCAGAGAACGAATACGCTCCGTTTTAATTCAGTGGCCTGGGCTACATGGGATATTTAGGACAGACTATCTCTCTGAGACAGAAAAACAAGGGAGGAGGCAGTATGAAAGAATGTATTCTCGCTAAATTCCAGTTTCTAAAGGATGTGTAAGAAACCAGAGGTAAAGGTCTCGCGATATCTTAAGACATCCGGCGTAGTACGCTTCAGTGAGCCACAGCGCTAGAGAAGTAGGAGAAGCTCGCGAGATCTGTGCCGTTGCCGAGGAGACTAGGAGGGGGAGGAGAGGGGATCTCGCGAAAGGAAAGAGGTCGGGAGCGCTCGCGAGATCTCGGACCACCCAACCTGAAAGGTGCTTAGGAAGTTGAAAGGCCCAGAGGAGGCCTCCGGGCAA,63.81588846028344,5.9958437563244
7501,ENST00000540486.5,ENSG00000170043.11,TRAPPC1,7921859,7932123,267.16281679207134,759,653.804,510.879,17.6049,AAGGGGCGGAGCTCCGTGGAAACCGGAAGTAACTCTTGACGGGCACTCGGAGCAGTTCCG,15.175480507817218,3.9236702927699625
7502,ENST00000316509.10,ENSG00000220205.8,VAMP2,8140472,8163546,43.52177481701232,2153,2882.44,790.093,6.17561,ATCTTTCCGTCCCGGGCAGCCAGCGCCAGTCGGAGCCAGCGCGAGCCGCCGCCGCCATCACTGCCGCTGCCAAGTCCTCCACCCGCTGCCCCCGCC,7.047364522211137,2.81708383884567
7503,ENST00000585124.5,ENSG00000178999.12,AURKB,8204733,8210600,158.86676749991446,1227,1345.64,1079.08,18.067,CCAGGGCGCGGCGTGGCAGATTCAGTTGTTTGCGGGCGGCCGGGAGAGTAGCAGTGCCTTGGACCCCAGCTCTCCTCCCCCTTTCTCTCTAAGG,8.79320127856946,3.136388492775734
7504,ENST00000293842.9,ENSG00000161970.12,RPL26,8368637,8383213,413.9279482945881,524,244.708,24801.2,2283.43,CTCTTCCCTTTTGCGGCCATCACCGAAGCGGGAGCGGCCAAA,0.18127463872095406,-2.463750996340644
7505,ENST00000269243.8,ENSG00000133026.12,MYH10,8474205,8630761,91.16724570771088,7662,8121.42,6354.32,17.6278,AGCAGTGCTAAAGGAGCCCGGCGGAGGCAGCGGTGGGTTTGGGACTGAGGCGCTGGATCTGTGGTCGCGGCTGGGGACGTGCGCCCGCGCCACCATCTTCGGCTGAAGAGGCAATTGCTTTTGGATCGTTCCATTTACA,5.171788068148656,2.3706631569549157
7506,ENST00000306357.8,ENSG00000170310.14,STX8,9250471,9576591,49.32421916444241,1246,1055.44,316.367,6.75338,GGTATAATTTACATATCATAAAGTTAACTTAAAGTAGGTTGTAGTGAGTTTACGCAGCGTGCAAGTCTCACCGCAATCTAGTGTTTTGTTTATTGTTTTGTTTTTGAAGCAGGATAAATTTTTAAGTAACTGCTACAGAGAGGTCTTGCAGCGCTCCCACCTTCCTGGGAAAATGCTTTGTTTCTATTTAACAATTTTAACTGAGCTTAGCAGTTCGCGTCTCTTGGTGGGAGTAGATTGCTCCAGTGTACTGTCCGCAGGGGAGCGCTTTGCTTTCTCTGATTATAGTTCTGAGGCCCTAGCTACTCACTTTGCAAACTCCAGGCTCCGGTCGCGCACGGGACGAACTGCGGGGAGTGAGCCGCGCGGGCCGCCGTAGTCAGCTGCTAAGAGCAGGAAGAGTCCGAGCGGCGGGCGGAGTCTGCAGG,7.303634500715554,2.8686145696486736
7508,ENST00000255390.9,ENSG00000133028.10,SCO1,10672474,10698375,101.64531022537776,9612,10029.0,952.236,2.13919,GGAAGCGGAACGCTACCGGAAATCGCGGGGAGGGTCAAAGGAGACCCGGTCTCCGAGGCTC,47.51579346639511,5.570335216089306
7509,ENST00000338034.8,ENSG00000006744.18,ELAC2,12992391,13018187,99.61410349885878,3148,4072.13,1896.23,10.4914,AGAACTAGGGGCGGGGCCGCTTGAGACGCTCTAGTATTCCTCTACTCTATGGCCACTGTCAATTGACAAGTCCCGAGCGGTAAAGCTCCTTTCTATTGGATGAGCAGCCTCGCGTAGGCGGGAAGCTCGGTGCACGGCGCGCTGATTGGCTGGATCCGCCATGCGGAGCGGCTAGGTGGTGCACGGGAAACGCGGGCGTAGGTGACCGGCGGCTTTCTCAGTTTTGGTGGAGACGGGCGC,9.49483419742444,3.2471428076794555
7510,ENST00000284110.1,ENSG00000153976.2,HS3ST3A1,13495689,13601927,4.956799034445544,2527,3216.49,282.043,1.97558,CAGCGGCGGCCCAGGAGGCAGCCGGTGAGCGCCTGCGAGCAGAGTGGCGGGGGCCGCTGACAGGTCCCGCGCAGCCCAGCCCAGCCCAGCCACGCGGCTCACAGGTGGGGTCCAAGAGCAGTTTGGAGCAACCCGGCGCTACGGAGAGGGGTGGACGGCTCTGCACGGGCCTCCTGTCTCCCGCTCGGGCAGAGGGACTCGGGGGGACCTCGCTCCTTGGCTGAGAGAACCTGAACTCGGGCGGAGAGAACGCGCCCAGGCGGGCAAGGGGACCAGAGAAAGCCGGGGCTGGAAGTCACTGTCGCTCGCCACTGTCTGGAGCGCACGGAGCGCAGAGGCCCGGCAGCCGCGCGTGCCCTCACGGGGACCGAGCCAGTGATGCAGGATCGCTGAGCGGAGATCCGCGCCGAGAAGTCTCTCGGGGCCGGGGCTGAGACGCACGCCTTCGACACCGCTGCCAAGACCCCGATTCCGGCGACTCTTGCGGGGAACCGAGGGGCCAAGGCTGCCCCAAGCTCAGGACTTGGGCGAGTCTAAGACGATGGTTTCTTAAGCACGGACCCGCGTTCCCCTTCCCGCTCCCTCGACTGGAGGCAGGGATCCTGCGCGGGGCCCCCGGGATTCCGTTTCCCCGCGGAGCCCCGGCCGCTGCCTCCCGGGACAGTTCGCACGGCCACAGGGGCGCACGGCGATGTGGCCTCCGTCCAGCGCGCTGGCCCGCCGGGGGGATGCTCTGGCACCTGTCGGGGTCCAGGCCTAGCATGGCCGGCGCGTTGCCCGACGTCGCCTCCGGCTAGG,2.5090348325279384,1.3271324995898481
7511,ENST00000395938.6,ENSG00000109099.13,PMP22,15229777,15265326,30.63916771611915,1817,1754.89,271.684,3.488,TGTTCCCGTTAAAGGGGAACGCCAGGAGCCTCCCACTGCCCCCTTGCTTCGCGCGCGCGCAGCCCCGCAGCGCAGCTTTGGCGGCGCCAGCAGCGGAGCCAACGCACCCGAGTTTGTGTTTGAGGCCACCCTGAGGATCGGGACAGCTGTTCCTTTGGGCTGCAGAAACTCCGCTGAGCAGAACTTGCCGCCAGA,8.78416505622682,3.1349051631275686
7512,ENST00000268712.7,ENSG00000141027.20,NCOR1,16029157,16218185,12.91066614942685,10720,11040.3,1427.63,2.91338,GGAGGGAGAGGGGTTGAGTCAAGATGGCGGCCAAGGTGGCGAAGCAGCAGCCGCGGCGGCGGCGGCGGCTGGAGTGAGCGTCCGACTCGCCGCGCCGAACGAGGTCCCGGTGTAGGGCCGCGCGCCGTGGCCGCGTCCCACTCCTCAGGCCGGGGCGCACGTCGGCTCCCACGCTTAGCCAGCTCCCGGTGGTTTCCTAGAAACATGATTGTTTATTGGCATTGATCTCACAGTCTGGTGAGGACTTCTTTACTGATA,4.431507784575596,2.147797647590319
7514,ENST00000299736.4,ENSG00000166582.9,CENPV,16342534,16353656,77.09523635713911,1165,1288.23,417.851,7.30784,GGCGCGCGCAGGCCGGCGGGGGCGCGCCGCGCTGCGAGGCCTGCGCGCCAGGCTGCGGGAGCC,10.549661234665663,3.399124767477188
7515,ENST00000321560.3,ENSG00000179598.5,PLD6,17200995,17237188,23.038561497168317,2560,3100.71,212.446,1.54365,GTGGCTGTGGGTCCCGGATTAGCGGCGGC,14.92473131679352,3.899633054423092
7516,ENST00000285071.8,ENSG00000154803.12,FLCN,17200995,17237188,10.745270446639047,3638,4924.07,362.837,1.66016,GGTCGCTCCTGGTTCTGCCAGCTCCCCTGAGAGCCTGAACCCGGGCTTGAGAGCCTCGCCACCCCGGGTGACATCCCTGCCGTGGGCTTGGGGGCTCTGGGTGTGATTCCGCCGGTCCGGGTCCCGCAGCGACCACCTACCCAGCGCAGTCAGGGGCGGGGCTGGGACCCAGAGCGGGACCCCGGCTGCCGAGTCCAGGTGTCCCGCGGGCCTCGATTTGGGGAGCAGAAAACGCCAGGTCTTCAAGGGTGTCTGCCACCACCATGCCTGACCCATTTGGCAGCAGCCTCGTGTGTGGTGGTCTGGTGTGGACGGTGGAAGCGTGATTCTGCTGAGTGTCAGTGTGACCACTCGTGCTCAGCCGTATCTCAGCAGGAGGACAGGTGCCGGAGCAGCTCGTGCAGCTAAGCAGCCAACTGCAGAAACGTCAGGCCTGTTGCAGTCTCCAAGGCACC,6.472430637191022,2.6943075993425767
7517,ENST00000268717.9,ENSG00000141030.12,COPS3,17246820,17281293,268.8285328785016,1641,1392.54,2595.81,41.998,TCGCCGCTCGCGAGGACCTCAGGTGGATCGCCGCGGCCCCTCCTCCCAGAGCGGCAGCCTTTTCCCGCGCGTGCTGCCTTCGCCGCTCGGGCCGCCCGGGGGAAAAC,6.400984163019706,2.678293739167375
7518,ENST00000255389.9,ENSG00000133027.17,PEMT,17505563,17591708,53.48252603085637,1013,1289.91,399.358,6.97532,GGCTCTATAGGTCCGGTTCCGGGGGCGCGTGGCTGCAGCGGGGCCCGCGTGGTGCCTCCTGAGGCGGCCCCCGG,7.66739390176456,2.9387362982112837
7519,ENST00000261646.9,ENSG00000072310.16,SREBF1,17810399,17837002,23.581033101748915,4178,6482.08,539.753,1.87604,GCGGCCGGGGGAACCCAGTTTCCGAGGAACTTTTCGCCGGCGCCGGGCCGCCTCTGAGGCCAGGGCAGGACACGAACGCGCGGAGCGGCGGCGGCGACTGAGAGCCGGGGCCGCGGCGGCGCTCCCTAGGAAGGGCCGTACGAGGCGGCGGGCCCGGCGGGCCTCCCGGAGGAGGCGGCTGCGCC,12.569579061080209,3.6518644314667372
7521,ENST00000379504.7,ENSG00000175662.17,TOM1L2,17843511,17972422,9.323776766865524,2418,3358.05,153.972,1.03304,AGTCAGGACGGGAGTCCGGCGGGTTACAGCGGAGGCCTAGGTGGCAGACAGGGGGCCCGGGCCGCTGCGTGTTGTCCACCCAAG,9.02557187220778,3.1740183459676654
7522,ENST00000327031.8,ENSG00000177731.15,FLII,18244836,18258916,44.41140211031109,4338,5960.98,1445.51,5.46343,AACTCCAGCACAGGGGGGGCCCGCACTCCTTGGTGCCTCCGCAGTCTTCGAACAGACGGGGAAACTGAGGCCCTAAGAGGCCTAAAGCCTACACTTCCCCGCGGAATGCGGCGGGCGCGGGCGGGTTAAAGGGGCGGGGCCGGCGCTGGCCCAGCCCGCGGCTCCCCCCAGCGCCCTCGCCCCGGCGCTCCCTAGCCCGGCGCGGCCCGGCAGCGAGAGCGGCGCC,8.12884984530068,3.0230512391558286
7523,ENST00000542570.5,ENSG00000177302.14,TOP3A,18271428,18315007,20.79586683865184,4116,5514.45,705.926,2.88416,GGAGAAGGCGGGCGGAAGTTCCACGCCAAGATACTGGATTCGGTGCTGAGGCGGCGGCTGCGGCACGGGAAAGGCTCAGTGACTGAAGCTCCAAAGGCCAGCAGGCTGGTGGGGACGTGACCGAAGCGAGGCTCTGGTTCCCTTTCGGTGGGCGCCATTTGAGCCTCATCTCTGGCTTCCCCAGGATGCGCCGGCAGCCGGGGAGCGGCTCCGGGCGCGAGGTCTGAGG,7.210372114810496,2.8500737163785255
7524,ENST00000316694.7,ENSG00000176974.18,SHMT1,18327860,18363563,58.34200386467684,2464,2778.12,987.949,8.01209,GGTTTGGGGTTGGAGCGGCTGGTCACGTGGCTGGCCCGCGGCGGTGCGCGGGGCGTTGGGTCAGCGGGTCTGGGACTGGTGGCACCGGCGGCGGCGTAGGACGGAGGCGTCGCTAGGCAGCTTCGAACCAGTGCA,7.28174594452594,2.8642844069501887
7526,ENST00000388995.10,ENSG00000188522.14,FAM83G,18968789,19004804,9.377591902486667,5266,8080.37,720.035,2.00763,AGCGGGGCGGCCCTGAGTCACCGGCGCGCCCCCGCCCAGCCTCGCGCCGCCGCCGCAGCCGCCGCGTGTGCGCCCCGCTCCGCCAGCGCCCGCTCGATTGCTCATGGGCAGAGAAGCAGAGGCCGCGGAGAGGCCCCCGAGCGCGCGGTGCCCCAGCTGGGCCGGAGCTAGGAGCTGGACCTTGCCCACCCACCCCCGGCAGCAGTGCCCGGGCAGGCGGCGCC,4.670976177127592,2.2237240871360666
7527,ENST00000261499.8,ENSG00000108641.14,B9D1,19337554,19378182,22.4528389413953,908,1071.67,107.719,2.26462,CGCGCACTCGCGTGGCCTTCGCGAAGGTGTCGCTGCCAAGAAACGTGTCCTGCGCGCTACGCCGTCTGTTTCTAGGGCAACGCCGGCGTCTCTTAGCAACCGCGCGCGGCCTAGGTGGGTCCCCCCGGCACCCCCAGACCTGCC,9.914616554386741,3.309556977619841
7528,ENST00000225737.10,ENSG00000108599.14,AKAP10,19904302,19978343,9.444847674548445,4072,3639.8,541.412,3.35129,AAGGACCGGAACTCCGGGCGGGCGGCTTGTTGATAATATGGCGGCTGGAGCTGCCTGGGCATCCCGAGGAGGCGGTGGGGCCCACTCCCGGAAGAAGGGTCCCTTTTCGCGCTAGTGCAGCGGCCCCTCTGGACCCGGAAGTCCGGGCCGGTTGCTGA,2.81827226964794,1.4948109952870832
7529,ENST00000261497.8,ENSG00000124422.11,USP22,20999593,21043760,182.28791228034336,5220,6715.51,3986.4,13.3741,GCAGCCGCAGCTCGGGGGCGGTGCCTGCCTTGCAGCCTCCCCTCGGCGATCGCGCAGCCCCATCTTTGTCCGGCCTCCGCGCTTTGTTCTCGGCGCCCGGGCCTTGGCCAGCCTGGCCAGCCGCCGAGCAGCCCCCACGCCGCGCTGGCGTCGTCCTCGCCTCCCTCGCCGCCGCCCCCCGCGCGCGGCCGGGCCTTGCCCCCC,13.629919940806735,3.7687051829776372
7530,ENST00000317635.5,ENSG00000178307.9,TMEM11,21197280,21214624,73.06424259080458,2095,2561.88,118.192,1.03942,CGCGGAGGGGCCCGGCGCTAGTAGCCCGCAGACAGCGCGGCGGCCCCCAGCGGGAGAGGCAGCCTGGCGGCCAGGACAGCGCGGCCGGGCGCCTCCGCGCAGTGCTCTGGGAGTTGTAGGCACTTGCCTCTCCTCTCTCCTTCAGCTACTGGCTCTCGAAACTCAAGGACCTACCGGTGGGTGGGCGCCTGTGACTCCCAGGCTGCGAACGCCGGGAACTCAGTTTCTTCAGAAATGCTCGAACCAGGACGGCTCCTGGAGTCCTCGCGCCCTCGCAGAAGGACTACGGGCCCCGGCGACCCCGGGGGCGGGGCTTCCGGCGCGCTGCCTTGTGGGCACGGTAGTTCCGCCGGGTCTGGCTTCCGCCTGCCGAGCGGCCCCGGACCGCAGGCCGGACTACACTTCCCGTCGGCCCGCCTGCTCTCCCGATGCCGCCTTGGCGCGAGACGTTGGCAAGCAGAGTGTCTCCAAG,70.2932814365748,6.135314899386643
7531,ENST00000611551.1,ENSG00000274180.1,NATD1,21238870,21253410,12.44674270542153,4931,7776.24,380.271,1.10176,ACTTTCAGCGCCGCCGCCTGCGGTCTCCCAGGCCGTAACTACCCCACCGCCTGCCGCCTGCGCCCGCGCTCCAGCCCCGCCGCGCGCCTGACCTTTCCCCGCGCGCCCCGGCCCCCGCCGGCGCCGCGCCGCAGCCCCGCGCGCAG,11.297145208957966,3.497886344234025
7532,ENST00000391411.9,ENSG00000212719.10,C17orf51,21524790,21574517,43.82469569022352,7914,9871.89,1236.24,2.8214,GCATGCGCTGTGCGCCCGGCCGGCGTGGCTGGCTGTTTGAGGACTGCGCGCGGAGCTCCGTGGCGGGTGTCTGAAGTCGTGAGTTTACTGCTTGTAAGGAACATAGCGATCACTGGGAACCTGGAAGTAGAGACTCCTTTCTGCCATCCATCCGTCCCTCGGGCTGCTGCGAATCCCCCCGCCGGCCTCCAGGACCCCGGGCTGACTGAACGCCCGCACCGGTCCCGCCGCCCCAGGGCCCGCTACGCGCCCGGCATA,15.532960831581313,3.957260951650428
7533,ENST00000585089.5,ENSG00000109083.13,IFT20,28328325,28335489,22.69164212806069,1071,839.403,157.873,4.2374,GTGGCAGCGGCCGTGGCAGGCTGGCTGGGTACCGGCTGTCGCTGACCCAGGAGAAGCTGCCTGTCTACATCAGCCTGGGCTGCAGCGCGCTGCCGCCGCGGGGCCGGCAGCTGAACTATGTGCTCTTCAGGGCGGGCACCGTGTTGCATTCATCTTTGTACCCCCAGCATCTAGCAGTGTTGGCATGTAGTAGGCACTCAAGAAATGTGTGTTGAATGAACGATGCCTGTGACAAGCAAGCGGACTTTATTCTTTCCTGACCCTTGCTCCT,5.355086167947489,2.420909789367755
7534,ENST00000540200.5,ENSG00000004142.11,POLDIP2,28347177,28357522,129.8292308531243,2121,2640.25,3096.38,26.4223,GGGACTGGGGCGGAACGCCGCCCGGCCGCGGGTCGGGCTCTGTGTCAGCAGCCGGGCGGGCGCTCGGGCGGGAC,4.9136233731781225,2.2967872800705083
7535,ENST00000612814.4,ENSG00000076351.12,SLC46A1,28394756,28407197,30.142469296618756,6376,9126.25,560.036,1.38256,ACAGCGCAAGCCCCACGCCACGCGTCGCTGGTCCCAGGCAGCGAGTCGCTCGCGCGCCCCGCCGCCCGCCTGGCGACAGCTCCGCCGCGCACGCAC,21.801924904972484,4.4463836119198685
7536,ENST00000335765.8,ENSG00000109103.11,UNC119,28455752,28614200,25.81451486256136,1424,1853.27,485.96,5.90776,AGTACCTGGGGCCCCGGCCGGGGGCGGGGCTGCGGATGCTCCCACTTCCCCCGGCTCCAGCCGGCGCAGGCAGCGGCGGCAGCAGCAGGCGAGCCTCGGCCCCGCAAGGCC,4.369594374612604,2.1274993619008145
7537,ENST00000268758.13,ENSG00000087111.20,PIGS,28455752,28614200,59.72431532239259,2397,3077.69,1435.09,10.5055,CCCCACGGTGGCCGGAGCAGCCGGAAGCTAGC,5.685052146246499,2.507173582325297
7538,ENST00000321765.9,ENSG00000076382.16,SPAG5,28455752,28614200,43.25892938511085,4040,4615.74,2515.74,12.2796,CAGGAGGGATGGACTCCTGGACTCTCCAGCTACCTGCGTGGTCCTCCCCGGTGTGAGGACAGAAGACCGGTCCTGGGCCGGGCCCGCATCCAGCCCTACCGCCGGTGTCTGAGGTGAGGGCTCCGTCAGCGGAAAACGCTCGACAACGGAGGGGCAGGCAGGGCCGGGGGCGTGGTCAACGCGGGCCCCGCCCCCCGGGCTCTACCCCCGAGCGTACGCGCGCGCCTGAAGCAGCCAACCAGGAAGCGCAGAGCAGGTTCAAACACAGACGGCGGGTGAACATGGCGTCCTCGACTTGGTCTGAGACGTGATAGGCCTGCCTTCTGGTTGAAG,3.522828869434741,1.8167343938750597
7539,ENST00000528896.6,ENSG00000007202.14,KIAA0100,28614440,28645454,80.09376833315513,7407,9121.7,5047.85,12.4679,CGGTGCTGCGCGGATCCGGCGTCGGGGCCCGGCATGGCGGGGGCCGGGGCCAAGCCGGGCCGGACCCGGACCTAA,6.423998294272101,2.683471509784632
7541,ENST00000247020.8,ENSG00000132581.9,SDF2,28648356,28662189,91.34931862363317,1568,1647.59,167.221,2.28667,CGGGAGTGGGCGGGCCATTTCTTGTTCTCTCTCCCGCTCTCGGAAGCTTTCGTCTCGTGGGTGCGAAAGGTAACCGAAGCGGCTCAGGAAGGCAGCTGTCACTGAGCCCCTGGAACAGAGCGAGAGTATCGTAAGTAACCAGGCTCAGCCGGTTTCTCAGGCCGCTCTAGTCAAATAAACCATAAAGATCAGACTCGGGCTTCTTCACTTCCTTCTCTCCGTGGTTTCGCCATTAGCTTCCGGTTCCGGGGAGGGGCCGAGTTTTCTTCGAAGATTTGGGGCTCCGCGATACAGTTAGG,39.948623379688875,5.3200738839601405
7543,ENST00000395245.8,ENSG00000109113.18,RAB34,28714281,28718429,42.4688154367258,1766,2191.27,244.921,2.51821,AGGAATTTCCGGGGATCGTGTTACAGCGTTGGCGGAGCCCGAGCGGAGTGGGACTCGAGGCCCTGTAGCCGGACTGGGCCCCTCGCCCCCTCCTCCAGCGGCCTGCGGGCCTTGGCAGCGCCGCCCCTGCCCACACTGACCCCGTGTGGCGGGGCCGCTCCGCGCCCCCGGGCCGCTCTGTAATGGTAGGGCAGCCTCAGCCCCGAGATGACGTCGGGTCTCCGCGGCCCCGGGTTATTGTAGGAACCATCCGGCCCCGCGTAATCGTAGGAACTATCCGGCCCCGCGTAATCGTAGGGTCTGCGCGGGCCCGGCCCCCACCAGACGGGACTCCCCGCCCCCAATTGGCGGCCGAAGAGTCTCCTCGCCCCAGAGTCATCTTCGGGACGCCCAGGGCCCGGGTGATTTTGGGCTCGCCGCGGCCCCGGGTGATTGTTTCATCTCCGTGGCCCGCGGTGGTCGTAGCGTCTCCGAGACCGCGGACTCCCGTAGGGTCCCCGTGGCCCCGAGTTGTAGTCGGGACACCCCGGCCGCGGGTGATCGTCGGGTCTCCACGCGCCCGGGTCGCTGACGCGGATCCGGCCTCGGCGCCTTCTCAGGGCGCCCTGCAAGGCCGCAGGCAGG,16.864683817761744,4.075933365581193
7544,ENST00000292090.7,ENSG00000160606.10,TLCD1,28724348,28727935,30.356046175847727,1017,1174.51,148.595,2.85043,GGCTGGCGGCCGGCGGGAGAGGCGGCCGGCCTGGACTGGCCCGAGAGGGATCCCGGTTCCCAGAACAGACCTAGGAGGCGGCCTCGAGGGCGGACGGCAGGGAGGGCCAGC,10.649637484817283,3.41273241662883
7545,ENST00000581407.5,ENSG00000173065.13,FAM222B,28755978,28855232,20.121357592625493,4161,5519.95,588.946,2.40382,ACACGCTGCGCAGGCGCAGGAGCGGCTCCGGGTAGTCCCCACAGCTGCGCCGGTGACTGAGGGGCCGGGCAGTGGAGAAGTGGTGGCGGCGGGCGGCGGGCGGCAAAGGAGCAGCCATGAGGGCCGGGCCCAGTCACCGACCTGTGAGCCACTGCCCCATGTTGTGTTGATGCCAATCTGCC,8.37057583039724,3.065326872367417
7546,ENST00000394908.8,ENSG00000132589.15,FLOT2,28879335,28897679,78.62515176129587,2618,3654.34,2279.58,14.0543,CGGCCGCTGGGGGTGGCGGGATAGGCTGGGCGCGGCCGGCGCTGCAGACCCGCTGCTGTTGTCCGGGTCTGTGCGGTCCCGAGGGCCCTCCGTGCCGCCGGCGCC,5.594384050525168,2.483979297212298
7547,ENST00000332830.8,ENSG00000109118.13,PHF12,28905250,28951771,8.557055194384223,4759,6186.82,882.902,3.21519,CTTAGTTTGCACACAAACACCAATGGATGAACAGTCCCTAGCTTCCTGCGGCTGCGCCTTGACCCCTACAAGCTTTCTCAAGCGCCTGCGCGAGACCTCAGGTCCCGCCCTTTTGTCTCAGTGCGCTGGCGCAGGGCAGAAAGGTGGGGCTTCGGTCCTCCAGACGAATGCCAGCGCGGCTGCGCGCTGGGGGGTACTCCCTCACCGCGGCTGCGCGGGAGCCAGGCCGCCGGCTGTCACTGCGGTTGCGCGCGGCGAGCGCCGATCCCGGGGCGCCTGCGCGGGTGGCTTTGCGGGCGCTCGCGGTAAGTTTGCGCCAAGTGCGCGGCAGCCGGGACGCAGACGGCGGCGGCGGCGAGAGGCGGAGCCCGGGGACCACCCCCCATCACCCTCCCCCCAGTCACCTCACGTACCACAACCTCACGTAACCTCTCACCCCCCCTCCGATACCCCCAGCCCCGGGATGGCAGCGCCCGCCAGCCTTCCCGGCCGGACCGGCTGTCGCCAGTGCCGGCTTTAGCCTGTGGGACTAGGCCCCGCCGAGGCCTGACCCCCGGAGCCGGGACCCACTGTGCAGCCAGCAGCCGGGCCGGGACTGAGGGGCCGCTCCCCCCTCGCGGCCCGTCGGGAGGACGCTGTCGTCCCGGGGACTGGGGGCCGGGGGGTGGGGGGGAGCCAGGGCGAGGAAGTCGGGACCCGTATTGGGAAAAAAGCGGGGCCGGGGTCAGGAGCGCCCCCTCCCCTCACCTCCCCCCTCCCCCCGGGGTTGGGGGGGCCGGAGCAGAGAGCACCCAGCCCGGGAGGTGGATGA,2.661446195834219,1.4122104008349694
7548,ENST00000531253.5,ENSG00000196535.15,MYO18A,29071124,29180412,2.681488038544347,7504,10524.2,540.863,1.15787,CTGGATGCCGCGTCTCCGCTTCTGCTGCCTGCCGGGCGGGCTCCGGTGGCCGCAGCAAAGTGGGGCACCAAGGCCCTGTGCTAAGCACTCATAATCCTCTGGGGGTGCTACCCCTACAAACAGCACCCCCACC,2.3158800543621885,1.2115605342174771
7549,ENST00000225388.8,ENSG00000108256.8,NUFIP2,29255836,29294118,97.3157359660972,10850,9455.17,4244.27,10.1134,CTCAGATCCTGACGGTGCAGCAGCCCGCAGCCTCAGCCAGGGAGTCCCAGCCGCTTTCA,9.622454957392884,3.266405012812107
7550,ENST00000307201.4,ENSG00000168792.4,ABHD15,29560547,29567137,5.9766843679987485,3592,4525.79,288.884,1.43811,CAGCCGGGCCCGAACTGGCTGCCTCTGCCCGGCCACGGCCAATCCAGAGCGCGCCCGCGCGGGAGGGCCCTGGGCAGCCGCCGCCGGCGGGCGGAGCCGCGGGCAAAGCGCGGAGCTCGCCGAGTAGACGGCCCCGCCGCCCGCTGCCCGCCGGGGCTCTCCAGCTTCGCC,4.155929913566242,2.055171324549389
7551,ENST00000225394.7,ENSG00000108262.15,GIT1,29573469,29594054,10.781313730355158,3768,5662.3,1018.07,4.05086,AGGGGGCGGAGAGAGGAGCCGCGAGCGGCGGCGGGGCGGCGCGGGGCGGAGGGCGCCCGAGGGCGAGCGGGCAGGCGGGCACGGCGGGTTCCGGGCCAGCCCCGGGGCGGACGGTTGGCCGGGCGCGCGGAGCCTCGCCGGGGCCTCGCCGGAGCCGGGCCGGGCAGCAGGGGCCGCCGCCGCCGCCCGGGCCCGCCGCCCGCGCCCCCCACGCTGGCCCAGAGGGCTGCGGCCGCGTCGCCGCTGAGG,2.6614876175318716,1.4122328541961742
7552,ENST00000269033.7,ENSG00000141298.17,SSH2,29625938,29930276,4.396367461929305,9327,10647.1,648.547,1.37237,GCGGAGTCTGCGGCCGTTCCCGCGGCCTCCTCCTCCTCCCCGTTCCCTTCACCCCCACCCCGCACCCCTTTCCCCATCCCGGCTCCGTCACCCTCCCGTCCCCCACACTCAGGACAAGAATGCCCTGCCCGGAACAACCCAGCAGCGCCTAG,3.203485548306437,1.679642482172638
7553,ENST00000261714.10,ENSG00000108578.14,BLMH,30248195,30292056,141.80769018824842,2365,2502.29,1354.74,12.1977,AGCCTCAGCCTCCCCGCCGCCGCCGCCGCCGCCGCCGCCGAGCCGGTTTCCTTTTTCCGGCGCTCCGGGTGCGAGAGACAGGTCGGGCCCCCTAGGCAGCGAGCCGCAGCGCAATCCCGGCGCTCGCCCAAGGACCCTGGAAGCTACCGTTACCCCGCCGGGCAGCGTGGGCGCC,11.625772907043821,3.5392547278471485
7554,ENST00000324238.6,ENSG00000176390.11,CRLF3,30769388,30824776,26.38995026983278,2957,2601.24,629.747,5.4544,TCGTCGTGGGGCATGGGGCGGCGGGGCTGGGCGGTGCTTCCGCCTGCGCGAGGCCGCGCCGGGCCGCTTGGAGGCGCCCGGTGCAGTCGGGAACCCGCGCTAGGTTTCGCCGGCCGCGCGGCCAG,4.838286570444556,2.2744962222974157
7555,ENST00000580840.1,ENSG00000172171.10,TEFM,30897336,30906820,7.0371275086202685,2109,1456.19,109.817,1.69908,AATGGAGGAAGACTGGACCTACTGATTCAACTTGGAG,4.141728175612843,2.050232871626046
7556,ENST00000302362.10,ENSG00000172301.10,COPRS,31851864,31859337,69.92566640946693,968,1027.74,468.942,10.2801,GCGCCCCGCCCTCTTGGCCGGTACCCACCCCCTCCCCAGGCTGATTGGCGCTTCTGCGGCGGATCCTCGGGCGGGCAGCCGGGCCGGCGCGTCACGTGGCCCACGGCGTCCAGGGCGACCAGCCGCGGGCCGCAGGGC,6.802041459661573,2.7659677995573486
7557,ENST00000261708.8,ENSG00000108651.9,UTP6,31860899,31901765,78.32890952938263,4392,4016.28,400.359,2.24589,GGAAAAGGCGGGACCTAGGGAGCACGTTACGTCCGGACGCGTCGGTGGTAGGGCTGGGTCTCCGAACCTGAAACCGGGAGCTTCCTGCTCGTGTTCGCTGTTGAGAAGCTACCCGCGGGGTTGTAGACCTCGGACCTC,34.87655652297424,5.124185700011711
7558,ENST00000577809.5,ENSG00000108666.9,C17orf75,32324565,32350023,39.07407769777432,1642,1322.73,301.184,5.13008,AGCAGGGGAGCGGTTTGGCGGAGACACAGGGCCGCTCAGAGGCCGCCGCA,7.616660499987197,2.92915859140034
7559,ENST00000318217.9,ENSG00000176658.16,MYO1D,32492522,32877177,39.45788482628034,5563,6838.06,905.987,2.98505,AGGCTGGAGGCGGGACCAGCCGCTGCCGTCTCCGTCTCGGTGTCCCGGCCCCTACAGCGCCCGGCAGCCGCGGCGGGAGGAGCGGAAACTGTCGGGTGCGTCCCGTTCGGAGCCGCGCCGGCCGAGAAGGCGCCGAGGAGCAGCGAGGCGGCCTCTGTCCGGCCCGGACCCGCCGAGCGGCGTGCGCGCCCCCTCCCCGTAGCCTCGCGGCGCGGCCTCGCCCCGGCCCCTCCCGAGCTCATCGCGGGCCCACGGAGCGGCCCCGGAGGCCCGAGCGCGCCCACCTGAGCCCCCGCGCTGGCGCC,13.218500469432787,3.7244866190842245
7560,ENST00000394597.6,ENSG00000092871.16,RFFL,35005990,35121522,8.939716203542343,4227,4674.75,365.974,1.76382,AGGTTGCAGTTGACTGCGGTTGGTTCAGGCTGAGTTGTTTGGGAAGTACAAATTTTGCCCAGCGTGAGTCAGCACTGCCCTGGGTAAACTCCCTGCTGTGTTGCAATCTTGCTTACCAAAGATACATCCCCAGGCGGCACCATTCACTTCACATGAAAGCCGCTGCTCTTGGTTCCTGAGATGATCTCATCTGAACATGGCTCCAGCGACCTCAGCCACAGGAACTAGAGACAGCTTGCTTTCTGTCGTGGCAATGTTTTGAAACTGGCAAAATCAGATTTTATC,5.068383510529614,2.3415256933433164
7561,ENST00000442241.8,ENSG00000073536.17,NLE1,35128753,35142315,49.74750394869263,2588,3521.92,402.196,2.57289,CTGTCTGCCGGGCTCTTTCTCCTCCACGTGGGGACGCAGG,19.335262661323505,4.273162457840018
7562,ENST00000308377.8,ENSG00000172716.16,SLFN11,35350305,35373701,81.85845407356567,4910,4969.9,627.968,2.84677,GCTTCGGAAGCGCTGGAGCTTGAGAGGTCAGAGAGGGTCCTTGCCCCCAGCCTGGGACTCCGGAGTTGCGTTTCTACCCGTGCTTCAGGGTCTAGCCCAGCCGAATCCGCGTCGGGCTGTAACTCGAGTGCCAGTTTCAGCTGTGAGTTCAAC,28.754853421093266,4.845733578443105
7563,ENST00000225873.8,ENSG00000108733.9,PEX12,35574795,35578863,21.770954241070157,2675,2491.6,126.487,1.14374,CTCTCTTCCGCCAGGCATCCCAGAGGTCCTGGTGGTTTCATTTCCGGGTGCGGCTTCTGTCATAAAGCGGAGACCTCCCTTCAAACGTGGCGTCGTGGGTTGTTTGCGCCTCGCCTGGGGTCAGCGAGCAAGGACGGGCGCGGGCGGGGATACTCAAAGCCAACAGCTGGAGTCAGCCCTTGTGTCCCGGGCTCACAGTGGCACGACTGAATCCTCAGAGTCGGCTGGCTTTTGAGCTCTCACGATTGGGGAGGAGGGGGCGTTTCTGGTTCGCAGCTCCAGAGGATTGCGTTCCTTCCCCCATACCTGTCCCCCACAGTCACGCTCTGCCCTGACGTGCAGCATTTGACAAGTTACCCCCTCGCCACATACTACTTCCACCCACGTCCGAGTTAACTTTGTTCTTAACCTTCTTGAGACTACCCTCGGCCTCCAGGTCTTTTTTTCCCAGTTCATTTTTGCCCATAAGATTGAGTTTCGAGTTTCAGATATCATGCAGAAAGTTTACCTTTAAGACTGAGCACCCATCTGATACTCTTCCTCCCGAAAAAGTTCATGCTCACGAGAGAGTTTGTGGGAAAAGTGAAAGCCAGTACACGCAGGAAACT,19.03488051573798,4.250573608843577
7566,ENST00000613308.4,ENSG00000278023.4,RDM1,35918066,35930773,37.12822840579226,779,509.006,33.8299,1.49741,CGGTGAAGGGAGG,24.794964909939335,4.631975278524999
7568,ENST00000621344.4,ENSG00000278259.4,MYO19,36495633,36543435,11.257514377249269,1640,1863.57,351.398,4.2483,CTCTTTTCTCTCCTGCCCGTGTTCTTCCCGCCGCCTGACCTGGCCCGCCCGCCTTTCCAGTCTGGCCGGGCGGGGGCCTGAAGCACGGCGGCTCGGGCCGTGGGACCGTGTTCACACCCTTTCCAGAAATTCTTGGCTGGTAACCGCGAAACCGACTGGAGCAGGAGCTGGGAGAACTGGAGAAAACTGCTCTAATCTCACTTGACTCCAGCTAGGAGCTGATGCTGCATCGTAATAACATTTGCAGAGCGCTTTCACAGGCGCTGGAGTGACTTGTCTGAGATTCCTCCAGAACTGAGCCCTTTGTTGGAACCATACCCCAGCCCATGGTCCCATGACTAGGTGGATAGTACTCCTTGTACCTCCTGCAACCCAGAACCCTGGCTGACCACTTTGAAGGAGG,2.649886867040762,1.4059307672821222
7569,ENST00000616317.4,ENSG00000278540.4,ACACA,37084988,37406818,19.400716571119457,9961,11276.4,588.544,1.1759,GCCCTCTTGGCCTTTTCCCGGTCCCCGCCGCGCGCCTGCTGCTGTCCCCGTGCCCGAGGACTGGGAGGATGGGGCTGAGCCGCTTGCCTGACTTTTGATCCGACCAGTAATCACTTTGCCCGTGTGGCGCGTGGCCCGTTGCCTGAGGCTTCCTGGCGCGTGGGGCTGTTTGGTCCCCTCCGGAGTGCGGTGAGGCGGGCCGAGCCGGGACTGCCTGGGTTTGGGGATAACGTTCCCATCTCCACCCCTGTTGCAGCAAGGGAAATTGAGGCTGAGGGAACTGGGCCCAGGGACGGCGAGCCGTGGCGCCTCTCCAGTCCGGGCCCCGAAGGGCTGCTCGTGGATGAACCAGACTGATTTTAAGGGGTGAAGAGGGTGCGTTTCAATCAGATGCTCCTGGAACGTCGAAATTGTCTTCTTTGGAAAGAACCATCCCCTCTTTGGGCTTCAGAGGCCCAAATTGAGGCGCAATGATGAGAGG,16.498610911743736,4.044272657837227
7570,ENST00000612223.4,ENSG00000275066.4,SYNRG,37514797,37609496,6.617092339184224,8229,8382.53,491.249,1.32035,AGTCACGTGGGCGCGAGGCCCCGCCCCATCGCCCGGTCCGCGGCGAGGTGGGGCCTGGTGTTTGACCCGGAAGTGGCTGTGTTCAGCTGACAGCTGCTGATAAGGTGGCGGCGGCGAAGGCAGCGGCAGGTCGGGAGCAAG,5.011619903195535,2.3252770003403125
7571,ENST00000617633.4,ENSG00000278053.4,DDX52,37609739,37643464,91.16749486855224,6362,5539.21,1084.83,4.41242,AGTCTGCGCAGGCGCCGTAGAACTGTGGCGCTTTCTGGGTAAAG,20.661563239345355,4.368877506512056
7572,ENST00000621654.1,ENSG00000273604.1,C17orf96,38671703,38675421,8.560755454039953,3719,5486.78,339.0,1.39202,TAGGGGCCATTCACGGCCCGCTAGAATCCCTGCTGTGCAAAGCTTGTAAACAACCATTGCCTCATTTCATCTTTCCCCTAAACATTATTTCTGAGATTCATCTACGTTGATTCACATAGCTCTTTTAGTCCCAAGAGGGCAGATATGAACCGTCCCATTTTACAGATGCAAAACCGTGACTGCTCGGGAAAAAACGAGTGGCTTTGCGACGACGAAATCCCAGGACGCCACCGGGCCACGTGCGGCGGCGCATCTGGCCGCTCGCGATCCCACCCGCGCACGCTCCCTCCCGCGCTCCCTCCCAGCCGCCGCCGCGCCGGGTCCACGTGTGTGTGTCTGTGTGCGGAATGGGGACGGGGGCGGTGCCGCCGGAGGGGTGGGGTCCGGGCTAACGTCACGGGCGGTGCGGCCCAATCAGCGGCGGGCTCGCGGCCCCGGCGCTGGTATTGGGGCAGCGAGGGGGCAGTTCTCTATAACGCGGTCTCCGGGAGCCAGCGGGGAAGAAAGAAACCGAGCGGGCGGAAGGCGCCCTCCCCGCCGCCTGGGCCCGGGCACCGGGTGCCGGGCCCGGGGTCCTTCCCGCCTCCCGCGGCCGCCGGCCGCTTTGTTTCCCCTGCCTCTGCGCTTCGGGCGACTCGAGAGGGTCTCCCGCCGGGGTTGCGAAGGGGACGCGGCGGCAGAAGGGCGGCCGACCCCGCCGGGACTCACAGGGACCCAGGAGTCCGGCCGCCGGGAGGGCCGCGTGAGGAGAGCGAAGAGGGAGCCCGAGCTCTGCGGCCCCGGGTGGCGGGCCGGGGGCGCCCGTGAGCAGAGACCTCCCCGTCGACGGGGGGCGATGTTCCCCTCACCCGTGGGCTCTTCGGGCAGCCAGGGCATCCCGCCGCTGGGACCTGGACCCGCTCAGTGGGCACCCCTCAGGCTGCTCC,6.14987963825229,2.6205581751680134
7574,ENST00000619039.4,ENSG00000276293.4,PIP4K2B,38765689,38800126,20.554990638822403,5734,7370.45,1186.25,3.62612,TTGCGGGAAAGAGCCAAACCCTGGCGTTGGGGGGCCCGGGCGGGGAGCCCCTCCCGCGGTCCACAGCGACGCCTGCCCAGCCCTCCTCCCCTTCCGGCTCCGGCACGGGGCCCCGAGGCGTTCGGAGGCCAGGCGGGTTTCTGTCAGGCCCGGGGAGGAGGGGCGGGCGGGGCGGCCGCTGCCTCCCCGGGACGGGCCGTACCACGCGGACGGGGAGGACGGGGCCAGGGGACTGCAGGGCGGCTGCACCGCCCGGGGGCGGGGTGCGGAGCGGGCCGGCGGGCTCCCCGGGGCGGGGCGGGAGGGCGGGGCGTGGGGCGGACGGAACCACCGGGGCGGGGTGGGAGGTAACGGGACGGGCGCGACCATGGCGCGGTGAGGGAGCGGGGGTGGGGATCGGTCCGGGGGAGGCCTGAGGCCGCTGGCTTGTGCGCTGTCTCCGCCGCCCCCCTCTTTCGCCGCCGCCGCCGCCGCCCCGGGC,5.668590846089596,2.5029901404538486
7575,ENST00000614790.4,ENSG00000273559.4,CWC25,38800434,38825481,17.582856807825856,3234,3398.72,429.071,2.8443,AGCCAAAATGAGACCTCGACAGCAAAGGCCTCGACAGCGGAGCCCGGACCTTTGCAAAATCTGCAAGTAACGCCAACGTCACAAAGCGCGACCGAGCCCTGTACGTCATCGTTCCGCGACGCCGACGCGGTGAGATGACGCCCTCCCGGAAGTGACCTCTAGAGCGGTGGTGAAACTGGCAGTTGACGGCTCCTGGGACTAGATCCCGCGAGGTAGCCCCCGAACTATTTCTCTACGTTTTCTCTTGATCCTCCCGAAATCTTCCAGATCCGCGTAGTGAGGAATCGTCTCCACCGTC,6.181787015373152,2.628023949058934
7576,ENST00000479035.6,ENSG00000125691.12,RPL23,38847865,38853843,1506.7772281359084,2821,2681.77,1084.44,9.11061,AATAAGGCAGCGCCCAGAGGCGGAAGAGGCCGGTTTTTGCTCCGGCCACGTGAGGAGGGTGGGCGGGGCGTTAAAGTTCATATCCCAGTGTCCTTTGAATCGACTTCCTTTTTTCTTTTTTCCGGCGTTCAAG,165.3870847436021,7.369702767065865
7577,ENST00000264658.10,ENSG00000108306.11,FBXL20,39252644,39402523,19.325368773692773,10388,10853.0,772.657,1.60399,GGGGAGTGTTTTTGTTTTGGGTTGAAGTTGAGGCTGAGGAGAGAGCCGAGCTAGCGACGAGCAGTCGTTGCGGCCGCCGGCGCCGCGGGAGGTGGTGGAGGCCTAGCCGGAGCCGAGAGGTCTCTTGTTCCCGTCCCACGGTCCCGGCGTCACCCCTCCGGCGCCCAGTCCCCGTCCCGGAACTCCCGGGCCTGTCCTGGGCCCCCGGTCTGTGCACTCCGCTCGCCGCAGCGCCCGGCCCGGGCCGCACCCGCCGGCCCC,12.048310010469375,3.590758891923248
7579,ENST00000300651.10,ENSG00000125686.11,MED1,39404285,39451286,23.26746379468046,5844,6287.31,1980.05,7.09534,ACGGTTTATCTCGCGAATTTTGGGAAGTTCCGTTGGGGAAGATGGCGGCGGCCTCGAGCACCCTTCTCTTCTTGCCGCCGGGGACTTCAGATTGATCCTTCCCGGGAAGAGTAGGGACTGCTGGTGCCCTGCGTCCCGGGATCCCGAGCCAACTTGTTTCCTCCGTTAGTGGTGGGGAAGGGCTTATCCTTTTGTGGCGGATCTAGCTTCTCCTCGCCTTCAGG,3.2792598796788397,1.71337023911039
7580,ENST00000394231.7,ENSG00000141741.11,MIEN1,39728496,39730787,154.49207843270392,1006,1206.68,261.411,4.88083,CATTAGAGTAAATGAAGCCATGAAGTCCAGCGGACACCGGGAGTGGGGAGTGGGGAAGCCCGGCACTCCGGGAGACCGGGCCAGGGAAGGAGGGTCTGGACCGGACCCAGCCCCTGCCCGGGGAGCGAGCTCCGGAGCTGCCCTACGAGGTCAAAACGTAGCAGTGGCGGAGACCCGCAGGGGGCGCCCGAACGCCACCCTCGGCCCCTCCCCGCTCCAGAGGCCCCGCCCCGTCACGTGCCCGCGGTTCGCGTCACACCCGGAAGCAGGGGCCCGAGCGGAGCCGGCCGCG,31.652829218125593,4.984262552409451
7581,ENST00000501516.7,ENSG00000008838.18,MED24,40019097,40061215,16.382723590273166,3037,3887.18,567.782,3.29085,GAGTGAAATA,4.978265065339705,2.3156430479706853
7582,ENST00000423485.5,ENSG00000131747.14,TOP2A,40388516,40417950,209.32170862304736,5758,4693.58,14246.5,68.3858,GATTGGCTGGTCTGCTTCGGGCGGGCTAAAGGAAGGTTCAAGTGGAGCTCTCCTAACCGACGCGCGTCTGTGGAGAAGCGGCTTGGTCGGGGGTGGTCTCGTGGGGTCCTGCCTGTTTAGTCGCTTTCAGGGTTCTTGAGCCCCTTCACGACCGTCACC,3.060894346824156,1.6139532480849457
7583,ENST00000481231.5,ENSG00000073584.18,SMARCE1,40624962,40665181,18.23753281403352,695,586.593,107.486,4.12837,GGCGAGCGCGGGACAAAGGGAAGCGAAGCCGGAGCTGCGGGCGCTTTTTCTGCCCGCGGTGTCTCAGATTCATTCTTAAGGAACTGAGAACTTAATCTTCCAAA,4.417611021791535,2.1432663925189153
7585,ENST00000361566.7,ENSG00000171345.13,KRT19,41523617,41528308,114.40941138395898,1390,1535.88,1410.34,20.6885,GCTCCTCCCGCGAATCGCAGCTTCTGAGACCAGGGTTGCTCCGTCCGTGCTCCGCCTCGCC,5.530096980639436,2.467304781049629
7586,ENST00000310706.9,ENSG00000173801.16,JUP,41754604,41786931,38.493844426316855,3200,4867.3,600.909,2.78152,GGCCAGAGTCCGGAGCAGCCGCCGCCCGACCACGCCGAGCTCAGTTCGCTGTCCGCGCCGGCTCCCACCCCGGCCCGACCCCGACCCGGCCCGGTCAGGCCCCATACTCAGTAGCCACG,13.839139904195136,3.7906823778539893
7587,ENST00000355468.7,ENSG00000141696.12,P3H4,41801947,41812604,49.38305624180866,2791,3810.81,182.58,1.07944,TCTTTCGCGGGCACTTCGAATTCTAGTCCCCTCCAGGTGGGTGGTGAAGCCGCGGAGTGTGAGAGGCATCTCCGTGCTCATCCGTGACCCCAGCTGTACTCCAAGGGAAGGCATCTCCAGGGAAGAGCAGCTTGGTCCCGCAAAAGCTGGACTGAAAGAAGGACTTTGTGACTTGGGATGTGACGGGCACGGAGATGGAGTGGGGGGTGGTGGCAGCGCAAGGTGTGCAGGTGACAGCAGGGGACACCCCCAAGGCAGGAGCCCGGGCCGACGGAGAGGACTTAACGACACTATCGGACCCTCTGGGAAAAGAGGGGAGACGTCGTGACCCAGGCCCCGCCCCACCTTGCCGCCTCGTGCCCGGCGCTAAGACCCAGCGGGCGCGCCGCCCGCCCGGGGCCCGGCCCTGTCCCCTTCCGTCCGCGGGGCAGCCAGCTCAGCTCCGGAGAGCCGGCGGCGCGGCGGGC,45.74877366209207,5.515661166036371
7588,ENST00000435506.6,ENSG00000141698.16,NT5C3B,41825181,41836263,42.38043646948884,975,892.938,360.191,9.08812,GGCGACGCCTGCGCAGTGCGGTCGCGGGGCTGTCGTTGTCCCGCGAGCCGCCGACCAGGCCTCGAACGGG,4.663278705550636,2.2213446563773487
7590,ENST00000319121.3,ENSG00000178502.5,KLHL11,41853545,41865431,47.85262361072167,2383,2190.06,366.0,3.76519,TGTGTCGTACCAACAGCCGCATCGTTCCGAGGCTGTGGAGGCCGGGCGCAGCGGCGTCAAG,12.709218820490246,3.6678034518675253
7591,ENST00000352035.6,ENSG00000131473.16,ACLY,41866908,41930542,185.9878573276371,4339,5415.84,4427.25,18.4175,CCGGGACAAAAGCCGGATCCCGGGAAGCTACCGGCTGCTGGGGTGCTCCGGATTTTGCGGGGTTCGTCGGGCCTGTGGAAGAAGCGCCGCGCACGGACTTCGGCAGAGGTAGAGCAGGTCTCTCTGCAGCC,10.098431238096218,3.336059286794721
7593,ENST00000457167.8,ENSG00000168259.14,DNAJC7,41976433,42021376,264.29847642520457,2022,1739.74,539.899,6.99184,ACGGGTAAAGTGGCGCCGCCTACGCACCGGCACAGCCCCTGGGCTCCCGCCCCGGCGCGGAGACCACCGTGGACATCCGGGGGCGGGAGGCCGCTCTGGCCCCAAGCGGAGCCTCTCTCTGGTAGACGAGCCCGAGGGAGCCCTTCTGGGCGCGGCGCCGCGGAGCTGCTCTATGCTCCAACCGGAAGTGCTCTTCACCGCCGGCCTCCCACCCAGCTCTCTGGTCCCGGCGGTAAG,37.80099035807521,5.240352127375168
7594,ENST00000225916.9,ENSG00000108773.10,KAT2A,42113108,42155044,37.27552121792704,3109,4453.41,648.898,3.28281,CCATGCGGCCCTAGGGCTGGGAGCGCGGCGCCGCTCTCCGCTGCGGGGGAGGCC,11.354760469819162,3.505225367409581
7595,ENST00000346213.8,ENSG00000108774.14,RAB5C,42113108,42155044,305.4351997806486,1671,1975.02,2978.74,33.9799,AGATCCGGATCCGGAGCGGCTGAAAGGCGGAAGTGGAGGCCGGAGCCTGGGACACCGCCGGCGGGGAGAGAAGCGGATCCCGTCCGAGCCCCGGCCCCAAGTAACGCCGCCGCCCCGGAGCCGCCTTGGAGGTCCCCCTCCCCACTAAGTGCCTCTTTGCATAGCACCAGTCCCCACCCGCACGCTCTCTGGACCACTACAGCTGGACGGGCA,8.988702138047746,3.1681128227282302
7596,ENST00000293328.7,ENSG00000173757.9,STAT5B,42199168,42276707,15.06690725345684,5103,6302.93,1001.21,3.57887,GGCGGGAGGAGAGTCGGCGGCCGGAGCCGTCACCCCGGGCGGGGACCCAGCGCAGGCAACTCCGCGCGGCGGCCCGGCCGAGGGAGGGAGCGAGCGGGCGGGCGGGCAAGCCAGACAGCTGGGCCGGAGCAGCCGCGGGCGCCCGAGGGGCCGAGCGAGATTGTAAACC,4.209962153824207,2.0738072639958154
7597,ENST00000264657.9,ENSG00000168610.14,STAT3,42313324,42388568,47.36179720005919,5047,5705.74,1173.1,4.63218,GAATTATGCATGACGGCGTGCCTCGGCCAGGCTGGGGCTGGGCGAGGATTGGCTGAAGGGGCTGTAATTCAGCGGTTTCCGGAGCTGCGGCGGCGCAGACTGGGAGGGGGAGCCGGGGGTTCCGACGTCGCAGCCGAGGGAACAAGCCCCAACCGGATCCTGGACAGGCACCCCGGCTTGGCGCTGTCTCTCCCCCTCGGCTCGGAGAGGCCCTTCGGCCTGAGGGAGCCTCGCCGCCCGTCCCCGGCACACGCGCAGCCCCGGCCTCTCGGCCTCTGCCGGAGAAACAGTTGGGACCCCTGATTTTAGCAGG,10.22451571399626,3.353960606165664
7599,ENST00000357037.5,ENSG00000177469.12,PTRF,42402452,42423517,40.77437269103099,3828,5502.55,1000.58,4.09685,ACCTGATTCCGTTCCTCAGCTCGCATTCCTCCGCCCGTCCCGCTCCCGCCGCCAGCGGAGGCCCTAGTCTCCCGCTCCAACTATTCCAACCATCCCGGGAAGGGTGGGGCGCTCGGCTCTTGGGTCCCCCTCCGCCGCCCCGCCTCGTCGATCTCCCCTTCTGCCCCGGTCCCTCCCTTTCTGGGGTGGGGCCAGCCAATCAGCGATCAGACTCCGGAGTTTGGCCCGGGAGCTGGGGAGCTCACCGATCCCCCGCCCAGCAGTTCTGGCCGCTGTCCCGGTGCGCACGGACGTGGCTCGAGTTTCCTCTGCTCTCCGCTCTCGCCCGCTAGCTCTCCTCCCTTCCGCTCCTGCTTCTCTCCGGGTCTCCCGCTCCAGCTCCAGCCCCACCCGGCCGGTCCCGCACGGCTCCGGGTAGCC,9.952615470674052,3.3150757046238275
7600,ENST00000393795.7,ENSG00000131470.14,PSMC3IP,42572315,42577831,20.136133839704502,1416,1405.52,67.938,1.08903,CTTCCCCTTCAGCCAATCACCGTTCGAGGCCCGCCCCCGTCGCCGGAAGGAGCCGTCGCCCCGAGCAACTACAACGTCCGGCTTTCTGAGTTGGGTGGCGGGAAAGGCG,18.489971662584598,4.208671108581337
7601,ENST00000309428.9,ENSG00000141699.10,FAM134C,42579513,42610623,33.91939355102649,3759,4747.6,504.593,2.39458,AGTTGCTGTTATTGTGACTTGTCGGGCCACGGCCCCGGATGTTGTGGCTGCCGCGGGGAG,14.165070096228353,3.824265835836047
7602,ENST00000428826.6,ENSG00000108799.12,EZH1,42700275,42745049,1.907654728705435,4623,5867.99,298.056,1.14438,CCCGCGGCTCGGGATGGAGGCTGGACACCTGTTCTGCTGTTGTGTCCTGCCATTCTCCTGAAGAACAGAGGCACACTGTAAAACCCAACACTTCCCCTTGCATTCTATAAGATTACAGCAAG,1.6669766412427998,0.7372338884879273
7603,ENST00000328434.7,ENSG00000183978.7,COA3,42795147,42798704,574.8284581597545,771,655.106,665.958,22.9033,ACCGCGAAGGGAGGAGTGGCAAC,25.098062644237054,4.649504099644109
7604,ENST00000590099.5,ENSG00000126581.12,BECN1,42810134,42833350,24.857033921965638,2087,1979.69,464.453,5.28574,GCTGAAGACAGAGCGATGGTAGTTCTGGAGGCCTCGCTCCGGGGCCGACCCGAGGCCACAGTGCCTCCGCGGTAGACCGGACTTGGGTGACGGGCTCCGGGCTCCCGAGGG,4.702659215543261,2.233476789168192
7605,ENST00000427569.6,ENSG00000266967.6,AARSD1,42950526,42980528,23.092246602042174,1322,1436.14,226.215,3.54885,TTCTCTGCGCGTGCGCCTCCTCACACGCCTGCAGGT,6.506966088181291,2.701985034976131
7606,ENST00000355653.7,ENSG00000108828.15,VAT1,43014605,43025123,80.81314325238196,2734,3796.04,1534.76,9.109,GCTGGATCCCGCAGCCGCGGCTCTTCCCGACGCGTTCCGCCTTCCCCAGCTGTGCACTCTCCATCCAGCTGTGCGCTCTCGTCGGGAGTCCCAGCC,8.871790893883189,3.149225361902583
7607,ENST00000357654.7,ENSG00000012048.20,BRCA1,43044295,43171037,19.590830053848247,7094,6624.3,2032.94,6.91427,GAGCTCGCTGAGACTTCCTGGACGGGGGACAGGCTGTGGGGTTTCTCAGATAACTGGGCCCCTGCGCTCAGGAGGCCTTCACCCTCTGCTCTGGGTAAAGTTCATTGGAACAGAAAGAA,2.833390951445091,1.502529678594677
7608,ENST00000226004.7,ENSG00000108861.8,DUSP3,43766121,43778988,73.34954046988918,4110,4877.84,2222.8,10.2668,CCAGCTGATCCGCCGCTCTCCGCCTCGCTTGCTCCTGCCGGGCGTGCAGGGCCCCGCCGCCGCC,7.144342976379122,2.8368013411595845
7609,ENST00000377184.7,ENSG00000108852.14,MPP2,43875357,43909711,10.983795797275004,4206,6213.55,509.631,1.8479,GGCGGCGTGTAGGACGCTCCGGGAGTCCCCGGGTCTGGGGGCCGCC,5.943934085867744,2.5714181174715645
7611,ENST00000526094.5,ENSG00000108312.14,UBTF,44205033,44221626,52.01774595086674,2459,2981.97,567.719,4.28936,GCGGAGCCGGGCTGCAGGGGCTGGGGGAGGGGGTCACGAGGAAGAGGAGGGGCGCACTCCCATTCCCATAGACCCCTTAAGTCTAATAAGGTCATGGCTGAGTCTCTCAGAGTGTGGACCTGCCCCCTTCTACTCTGGGCGGTTAGAAAGTCGTTAGTCGTTCACCTCTCAGCCTTCCTGAGTGGGAACTGGTATGTCTTCCAAAGGGTGAGGTGGCTTTGACCCCGGGTTGCCCGGCCAGCACGACCGAGGAGGTGGCTGGACAGCTGGAGG,12.127157886227021,3.60016957577606
7612,ENST00000225308.12,ENSG00000013306.15,SLC25A39,44319625,44324870,34.53136883308692,1607,2311.65,1171.75,11.4203,GGGGCCTCGTGGCGCGGTGTAGGGGCGGGGCCCCCTTGGCTGCTTTCGGCGTCGGCCTAGGTGCGCTGCGAGCGCGCGCGGACCGCGCACAGGCGGCGGAGCCGGTATGGGCCCGCCTGACCCTGGGCGCCGCGCCGCACGAGCACCAGCCTAGAGCCAGGACTGAAGCTTCAAG,3.0236831635847503,1.5963069747862593
7613,ENST00000293443.11,ENSG00000161682.14,FAM171A2,44353215,44363875,5.54796235064002,3160,4877.02,241.685,1.11649,GCTTGCGGCGGCTCCGGTCGGAGACAATCGCGCTGAGCGGGCGCCGCAGCGGGAGCGGGAGCCGGAGCTGCGAGGCGCGGCGCAGAGCTGGGGCTGCGCGGGGCCGGGCGAGCGGGACCAGGCGGGAGCCATGGACCGCTAGGGCCCGGCCTAGCCCCGCG,4.969110650914939,2.3129876678185677
7614,ENST00000591680.5,ENSG00000186566.12,GPATCH8,44395284,44503430,20.558184352748533,4692,5776.44,920.039,3.58846,GCGTCGTCCTGAGAGGAGTGAAGGCGGCAAA,5.728971300432089,2.5182761105353384
7615,ENST00000457422.6,ENSG00000180329.13,CCDC43,44673069,44689779,52.7231178454324,2058,1667.09,170.434,2.30334,GGGGCTTGCAGGACCCTGACCCCAAG,22.889854665586668,4.516636397715299
7619,ENST00000592524.5,ENSG00000182963.9,GJC1,44798448,44830816,33.99352205388056,1837,1898.93,143.685,1.70477,CGGGAGCGGCTTCTGCCTCGGCTGGAGACTGAGGCGAAGGCGGCAGCGGCGGAGGAGGTGGAGGAGAGGCGAGGGTGAAGGCGATGGCGACGCGGGGCACATGAGGCCGCGACCGGCGGGACGGGCCGAGGCCCGGCGGAGGAGGCGGCTCCGGGGGAACCCGCCGCCGGAGGGAATCTGGAAAAATTGCAATCAAAACATCATTTCTCTAAGAAAATTTTGGGTAACCGAAGTTCTGGACAACAGGGCATACCAATTCAATCACC,19.94023947739611,4.317610831141883
7620,ENST00000426333.6,ENSG00000108883.12,EFTUD2,44849943,44899662,151.55529045316302,4548,5617.32,446.027,1.78893,TTCAGGGTGGTCCCGAGGCGCCTGATCAGATTCGTTCATCCTCAGCTCTCACCCTCTTTGGAGCAGCCCACGTCTTGGGCTACTCGTCTTGGGGACCCGCTACTCCGCCTTGCCAGTCCGCGGCGGGCATACCTCGGAACTGGTCCTCAGGCAGAGGGTTGTCCTCCCGGGCAGAAAGGCGACAGCGGCGTCTGCGGGGTCCTTCCTGGCGGCGGGCGCAGGCGTTTCCTCGGCGTGGGGCGGAAGCACGATCTCCGGCAGCGGCCTGGGAACTCTTAGCTGAGCAGGCGAGAGCATC,84.71840175588929,6.404603467496623
7621,ENST00000587309.5,ENSG00000186185.13,KIF18B,44924709,44947711,22.59527401284667,4217,6453.75,908.661,3.17214,CCGACGAAAGGTGTCACCACAGTG,7.1230380792924235,2.832492702860887
7622,ENST00000253407.3,ENSG00000131094.3,C1QL1,44959693,44968071,5.711298460143105,1295,1756.17,135.0,1.73193,TAGCGGCCGCCGCGGGTGTGGTG,3.2976497087890997,1.7214381573463713
7623,ENST00000342350.9,ENSG00000172992.11,DCAKD,45023340,45061109,67.74864674888882,2030,2710.92,317.121,2.63555,GTTCGATGCTGGTTTAGGGTTTCAGGCGTGGAGGTTCCAAAATCCGAGGTTTGATTTCAGCCTGCCCTTGCCAGTGCCTGGGCCGCTGGGAGCCGTTATTGGCTGCCGTTAAGGACCGTTACGTTTCCCGGGTCCTTCTGGCACTCCTCTGGTGGACCGCCCCCATCGGCCACACTTGCCCTGCTCTCCAGTGATTCTGTAGCTCCTGGCTCCGTAGTCTCGCGGACAGCTCTCTTTCCTGGAAG,25.70569586951066,4.6840161621751175
7624,ENST00000619929.4,ENSG00000161714.11,PLCD3,45108967,45133354,2.9357485351062227,6107,9394.25,474.923,1.139,CTCAGAGCCGGGGCCGGGCCAGAGCGGCGCCCCGCTGCCCTGTCCCCGCGTGCAGACCCCGGGCCCGGCCCCGGCCCCCCGCCAAGCC,2.577478959706956,1.3659606507358364
7626,ENST00000527547.5,ENSG00000004897.11,CDC27,47117703,47189422,18.678530350746744,2579,2039.92,1212.92,13.3963,CCGCTACAGGGGGGGCCTGAGGCACTGCAGAAAGTGGGCCTGAGCCTCGAGG,1.3943051701400195,0.4795463569478542
7627,ENST00000351111.6,ENSG00000159111.12,MRPL10,47823272,47831534,57.138427914495125,1725,2076.31,394.705,4.28295,GTGGAG,13.340904730266553,3.7377846029098087
7628,ENST00000330070.5,ENSG00000173917.10,HOXB2,48540894,48544989,22.78626549521498,1562,1873.87,672.545,8.08618,GGGTGCAGGAGGGGGGTCCCTTCCGATCCTCCCTCCTGACGCCCCCCCCAGCAGCCCCCTCCCCCACCATTGAAAGCC,2.817927067566512,1.4946342728889541
7630,ENST00000332503.5,ENSG00000182742.5,HOXB4,48548870,48604992,5.800495446754509,3757,5210.39,231.643,1.00164,GAGAATTGAAAACCTTGTAATCCCAAGAACAGACTCGCACTGCCTTTTTCTGTTCCCAGAGCTCAAAACTAGAACAAAACGAAATAAAACCAAAGCACTCAAACCACACCCCAAACGAAGAAGGCGCGGAAAGTAGGAGAACTGGAAAATTTCTGGGCCAAGAAGATCTGTCTGTCTTCTGTATATACCCTGTAGATCCGAATTTGTGTAAGGAATTTTGTGGTCACAAATTCGTATCTAGGGGAATATGTAGTTGACATAAACACTCCGCTCTTATTTTTCCAGAAGAAAAAAATATATATATATGTATATGTAGTATTTTTCTGAATGAGGACAGTCTGGTGACTGGCCACACGAAGACTCCTTCCTCTTTATTCCTCTATCTTTTCCTCCTTCAACTGGTTAGAGATGGAGAAATCATCTACCTGAACTCTCCCCACGCCTGCCCCTGGGAGCCTTGGTCCCTTTTCACATCTCTTTAAGAGGTTAATGTTATTGTTGTTGAAGTTTTAAATTTATCTTCTCGTCCCAAACGCACCCATTTTCTATTCTGGGCTCAGGGAGGCTTTATTGGAAATTGCGAAAAAAAATGACTTGTCTTCAGTGTGCGAAGAAGGCAAAGGAAATTTGTTTAACAAACGGATGCTGAGGCCGCCTTTCCGTTTCAGTTCAGAACAAGATGACCTGGAAATACTCGATTACCAAGGAGTGTTATTGTCTGTGTGGGTCACCTCTATGGCTGTATCCCCAGTATCAAAGGGATGTGAGATTTCTATTCGCCGCGGAGGCGGCGACAATTAGAACGTCTCGGACCCATGGTTAGTATTGCTCGGGTGGTTATGGAATTAGCAAATTGCTAATCAATTTTGCTCTCAAAAGTTGCAGGTTTTTTTACCCCAGCGCTCTGTCTATAGTGTGGGAAACCAAGTCGTTTCTCCAGGCTTGGGCCGTGTGGGTTAAAGGGAGGAGTGGATAGGAGAAGGGGGACAGACGGACTGACGGACACAGTCTAGCTAACCGTGCAGCTAAATGAGATTTGGAAGGCGAAGTCTCCCCGAATTAGTGCATGAATTTCCTATCGATCCGCCCGCGGTTCCATTCATCTCTGACAAGTCCCTCTGCGCACCCGCCCTCTAGCTCTGGACGCCTCCTCTCTCACCCCTACCCTTCCCCATCCAGCTGCAGAGAAAAGCCCCAAGCTCTGTGCTCTGGCCCCCGTATGGGTTCCCCTTTCGAGACGGAGCCCCCAACCCGCCAGTAACCTAACTCCCCATAGAGACGCAGGGTGCTAGCGCTCCCTCCCGCCGAGGGGAGGAGACTGGGGCCTTTGGAAGGTACAGAATGCTGGGCAGAGGTGAGGCAGAACAGGAGGGCTACACCGGGAGCCCCAACTTCTTAAGGGATCTAGGGTTTGCGCTCTGCCTAGCGCCCCAACAGGCCCTCCAGTCGCAACCTGCGCGCGCTCTCTCTCTCGCTCTCTCTCTGATCCCGGAGAGAGCGAGGCAAGGAGGGGGTCGCCCCGCAGGAGCCCTATGTAAATCCTGGTGTTGGGTGGGTGGGTGGGGAGGGGGAAGGGAAGAAGGGGAAATAAACCTCTTTGGCTGGAGTGGGGTCCGGGTGAGCAGATTTCCTTATCCGGGAATCGCAGGCGGGGCGGCCATTGGCTCGGAGGATCACGTGGGCGCCTAACTTTGTTCACTTGACAGTAAGTAGGAGGGCTTTCGGAAACAGGAAAACGAGTCAGGGGTCGGAATAAATTTTAGTATATTTTGTGGGCAATTCCCAGAAATTA,5.790998209690615,2.5338120508130113
7631,ENST00000239151.5,ENSG00000120075.5,HOXB5,48548870,48604992,1.0459542554737649,2041,2602.72,223.0,1.93036,CATTGAATCGGCCCTAACGATTCTCGGATCGTCATTATTTGTAACCATAGAGCATGAATTACCTCTTGAGGTCATCAGCGAGAATTTACGACTGGTCAACAAAAGCACGTGATTCCCTAACGCCCCCCACCCCCCTTCCAACCCCCCCCCCATATTTGGCCGCATACATAGCAAAACGAAGTACAGTGCATCGCTATAATTCATTAATACATCATAAATCGTGAAGCACAGGGTTATAACGACCACGATCCACAAATCAAGCCCTCCAAAATCACCCAA,0.5418441407166357,-0.8840501690494527
7632,ENST00000484302.3,ENSG00000108511.9,HOXB6,48548870,48604992,43.96276480038168,1960,2465.38,567.923,5.19,TAATGCAGCATTCTTTTGGACACCACACCTAGGTCGGAGCACTGTCGTCCTTCAGGGCTCCAGCCTCTTGATATTTTTGTACTTCAGTATCAGCTCGATAGAGCAAAAGAGAGAGAGGACGAGAGAGGGGGGTGAGGAGAAAAGAGAGAGAGCGCGAGAGGGAGAGGGAGAGAAGGAGGGGTGGGAATTACACAAAGAGAGAACCAAAAATAATTTTGATTCCTAAGTTAATTTGCTCACTGATCTGGGATTTTAGTCACCATGGAGGGTAAATGGACAATCTGCCCAGGACTGCAGCCCGATACTATTTTTCAAAGCCAGAACTTACTCCATTTTCTATGCAAATGTCAGAAAAATGAAACACCCTCTCTCCCAAGTCAGAGAAGGGGAAGCAACGGCTCTCACGTTGGGACAATATTATCTGGAAGCTGAAGAAGAAACTGAATACTCCTTCCTTCCTCCCCACCCATTCCTTTAAATCCGGAGGGGGAAAAAATCCCAAGGTCTGCAAAGCTAAAACCCAATCTCGGATATACTACTAATAGGCGCGGCGCTCGGACTATAAAACACAACAAATCATAAACCCGGCGGAGCAGCAGCGGCCGCGCGCGCCTCCCCTCCCA,8.470667591595697,3.0824756759482925
7633,ENST00000239165.8,ENSG00000260027.4,HOXB7,48607227,48633572,64.4711944670389,1371,1422.39,310.066,4.91129,GTCCTTTTTGGTGTAAATCTGGACTCTAATTCTGTAATATATCAAGGAATCTCGTAAAACCGACACTAAAACGTCCCTGCCTACAAATCATCCGGCCAAATT,13.127140622329144,3.7144807948779848
7634,ENST00000239144.4,ENSG00000120068.6,HOXB8,48607227,48633572,1.5786900857800148,1823,2219.75,124.651,1.26518,CCTTTTCTATTCCTGGAAACCACAAAAAGTGTGTCGGCTTCGAGATCTTCTTCGCCTTTTCTTTCTTTTCTTTTTTTCCCTCCTCTCTTTCCCTCTCCTTTCCTGGCGAGGGTGACTAGGAGCCGGCGAATCCGCGTTTTTTTCTCTCTCTCCCTCCCTTTCCCCCTCCCCACCCCCTCCCCAACAGCCCCCAACTATAGCCTCCGCCGCCGCCGCCGCCTCAAAATTCAATAAA,1.24779879999685,0.3193853271106792
7635,ENST00000311177.6,ENSG00000170689.9,HOXB9,48607227,48633572,311.30135652998234,2581,3284.45,2364.0,16.2161,ACCGGTCCGGGTGCCACCTCTCCCTGCTTGGGCGCCGCCGCGCGAGCGCTTCCCTTCCCCCTGCAAGCGCCCGGATAATGTCTGAGA,19.197054564906626,4.262813067782792
7637,ENST00000502492.5,ENSG00000159210.9,SNF8,48929316,48945117,52.47562283341437,2319,2618.49,177.037,1.52327,ATTTGATGACCTCCAGGCAGTGGAGAGGCAGTCGAGGAAGACCAGGGCCCCAGGCGCCTACGTGGGTGGAATGCACAAGGTTGGCCTTGGCTGCCGGGGCTCCATGTCCCAGCACTAGCCAAGGAGGGCCTCAGCCGCGCTTGAATACTCGTGCTTTCCTCGCCGCGAGGCTTTGCGAATCTTGGCCACTAGCTAAAGGCGGGGTCGCCGGGCCGGTAGGAACTGGAGACACTCAGCCTCGCGGCAGGAAATGCGGCTCGTGGCTTCCGGCGCGTGCAGATGACGCGCGGCTCGGGCTTCCGCCTTGGGGAGCCGGCGGCGGAGTCCGGGACGTGGAGACCCGGGGTCCCGGCAGCCGGGCGGCCCGCGGGCCCAGGGTGGGG,34.44932469845423,5.106403797301975
7639,ENST00000508237.5,ENSG00000198740.8,ZNF652,49289206,49362473,1.3385356188259028,4543,4796.8,390.419,1.83376,GAGCGCCGCGGCTGCAGGCCCCCGCCGCAGGGATGGACCGCCGAGGCGGCGGCCGGGGCGGCGGAGGCGGAGGCGGCCGGCCCGGTGGTCTGGAGCCGAACCGGCAATATCTCTGAGGTGTGACTGTTCTCTCAGCTTCATCAAATATAAAGTGGAAAGAGTTTTGTTCATGAAGCCACTGAATGAACCATTGCTTGCCTTAAAGGAAGATAAGATGCTCCCAAGTCCCTTGCAGCTCTCTTCAGAAGAAAAATCACTAGTGCTCTGCTCTTGCCATAATACCAAACCTTTTTGACTCATGCTTTGGTGCTGCAACACTGGAAGAATTGCACACAGTTTCCAGGAATATCTTTTTTTCATTTGAGTGATTCTTTGTGGATGAGAAAAGATTTGAGTCTTAATAATTACCTTGTTTTAAAGCTATTTCTTTATAGTCTGAACTGTTTAATAAATTGGGCCACTTACCA,0.7299404604887787,-0.45414930330662867
7640,ENST00000347630.6,ENSG00000121067.17,SPOP,49598884,49678234,40.585974700876,2965,2872.19,679.72,5.33187,GGGGAGGAGGCCGCGCGGGGTGGGGTCTGGCGGTACGCGCTGGCTGCGTCGACGTGCTGACGCCATGACGCCCCGGCTGGTGTGTGTCGGTGTGTATGTGTGTGTGTGAGTGTGCGCGCTCCGAGTGTGTGTGTATTTGTGTATCGGCGGTCCCGCAGGTCCCGGATGTTGCGGACAGTATGAGGCAAGCGCAGGGGGACGGGGACCAGCAGCTGTCGCCGCCGCTCTCAGAGATTTCCTGTTAGACAAGACAAATTAGAGTTTTCCTACTGACTTAACTTGGGTGAAGAGGGAACAGAAATCTTTGCCCCCTGACTTTGGAAATCTCGTTTAACCTTCAAACTGGCG,7.611958787606599,2.9282677506454955
7642,ENST00000507773.5,ENSG00000121073.13,SLC35B1,49700943,49709014,26.95808029407165,1320,1385.84,204.429,3.32346,AGGGATGGAGCCAAGGTCCCAGGGCGGGTTTTCTTTCCTAGGAAGTGGTTGCTGGGTTCTGAGGAGTTTCCCCCTTGGCAGCCATGAGCCGGCAGTTCTGGTAGTGACTGCTGGGCCCTGCTGGACAGCGGTCGCATGCAGCTCCT,8.111450203724928,3.019959869397442
7643,ENST00000240364.6,ENSG00000121104.7,FAM117A,49710332,49789180,6.999190132661681,2365,3306.25,317.587,2.16416,CAGCAGATAAGCAGCGGCCTCGGGGGTTGGGGGGCTGTGTGAGTCTCGCAGTGGGGCTGAGGCAGGCAGCCGGGAGAGCC,3.234137093681466,1.6933808353305393
7644,ENST00000612501.1,ENSG00000108819.10,PPP1R9B,50133735,50150630,16.408678858282663,4167,6396.65,1049.34,3.69594,AAAAGGCCTTCGGGGTTTCTTTTATCGGGGGGAGGGGGCGGTGGTCCCGACTTGGCCAGCCGCCTGTTGAAGCGGGGGAGCGGGGAGCAGGGGCATGCGAACCCGGCTCCCCCCACC,4.439649685406869,2.150445843903051
7645,ENST00000225969.8,ENSG00000108826.15,MRPL27,50367857,50373214,272.917770273822,716,692.896,644.175,20.9458,CGGAAGTAGAAACTTTTCGAGACCGGAAGTGAGTGATCGAAAGC,13.029713368494972,3.703733442308435
7646,ENST00000225972.7,ENSG00000108829.9,LRRC59,50375059,50397553,319.07669557304143,2910,3173.19,5557.37,39.458,ATCTCAGTGGTCGCGGAAGGTGACGTGGACACGGAAGTGGTCGTCGTCGCGGCACCGGTGGGAGCTAGGCGCGAGGCTCGGAGTGCGGCCAGCGGGCGGAGGCGGTCTCGCATCGGCGGCGACGGAGGGCTCAGGCGTCGTCGTTTGGGTGGGGGGCCGCTGAACTGACAAGCGACATTTCAGCTCCTTTCACCCGCCGGAACCCCGGAGCCGGGGCCCGCTCAGCCGGCGTTACC,8.086489319606708,3.015513504822955
7647,ENST00000285243.6,ENSG00000154945.6,ANKRD40,50693190,50707924,20.730454275094026,4184,4569.67,1586.39,7.82144,TTGTCACACTGAACAGGGTCCCCCGGAGCCGGCCTTCGGGAGGCGCGGCCCGGGAGGAGGCCTGGGCCTGCGGGCCGGGAGCAGCAGGGGCGGCCCGCGGGAGGGAGCGGAAGTCCCGGGGCGGGCGCGGGCAGCGGCGCGAGCAGGGCGGGCGAGTTCCGCGCTCCCTCCCCATGGCCGGGAGCGGGCCGCGGCGACGGCGGCGGCGCTGACAGGCCCCGGGCGGGGCGGGGCAGGCGGGCCTGGGCGGGGGCCTGGGGCTGTGGGAAG,2.6504651669122343,1.4062455804698826
7648,ENST00000499247.2,ENSG00000141232.4,TOB1,50862223,50867978,111.82918785482175,2229,1941.24,739.063,8.57756,GAAGCTCTGGCCCGGCGTGTAGCGGGCGCACTACGGGGACGCTGGGCCGGGCACCGGGCTGTGTGGAGAAGTGAGCGCGCTCGTCTGACCCCCGTGCCCGCCACCCCGAGCCACTAACGGCGATCTCCCAAGGCCTGCCCGAGGCCTCTGTCCTCTGTCCTCAGCCCCGCAGCGGCAACGTCTTGCACTCGGCGAGCTCGCCGCTCCCGACCCTCCCGCGCCCCCGCCCTGCCGCGCTGCTCCCCGCCCAGCCGCGGGTCTGTGGTCCAAGCCGCCCCGAAGCAGCCCGAACAAGATCACTCAAGGTGAAGGATAATCTACTAATACCAGCACTTTGAATGAAAATTTGTTTCTCTGCCACAAACTGAACATCTTTTTTTTTTTTTTTTTTTTTTGGTGGGGGAGTTGAAACCTAATTTTGTGGCGTAGCAGCT,13.037412487329934,3.704585663680813
7649,ENST00000262013.11,ENSG00000008294.20,SPAG9,50962174,51120865,26.104551952026693,8273,7813.09,1367.41,3.94309,AGTTGGTGCAGCGGCGGTTGGGGTGAGAGCGCCTACGCCACCCCTCCCCTCCTCCGGCCCCGGCCCCCACCCCGCCGGGCCCAGCCCCAGCCCCGGCCCGGGCTCCAGCCCTAGTACCCGTCCCAGCCCGAGTCGGGTCCGTCCCGTGCGGGCAGGTGCCGCCCCTCTGCCGGCGACGCCCCGGGCCGCCCGCCCGTCCGCTTGCCACC,6.62032871479644,2.7269028519921683
7651,ENST00000586178.5,ENSG00000011258.15,MBTD1,51177425,51260163,10.80870019962918,5382,4612.06,346.581,1.69306,GGAGGGAGGGCTATGCTAATGTTGTTGATATCCTGGGGCCACCCGAGTTAAAGGGGGGAAATCCGGGGGCTGCTGCACCCGCCACCGGTCTGGGCCCAGCCGGGGGCCCCCTGTAGTCGCCGCAGTCCCGGGGAGAGGCACCTGCCCCCAGCCCGGGGAGGGGGCGCCGCGGGCTCGGGGAGCACGGACAACCCCTACCCATGAGGCCCTGATGGAAAACACAAAGGATCTGAGTCGGAAGAGACATTAGAGGTCATCCAAAGCAGCCGTCCCCTCTGCAGCCTCTCTGACAAGTGACTGAACATTCTTCACGATCTGAAAGGAAAAGAAGAGATTCTTTCGGG,6.384121176821365,2.6744880355734333
7652,ENST00000576370.5,ENSG00000166260.10,COX11,54951902,54968785,65.3143498701211,2663,1880.38,612.009,7.33287,GAGGGTT,8.907065019579115,3.154950125434742
7654,ENST00000262065.7,ENSG00000108960.7,MMD,55392613,55421992,5.041055135231075,2735,2182.31,274.402,2.8329,AGCCGGGCTCCGGGGCGGGGCGCAGGAGCCCCGGGGCGGAGGAGCCGGGGAGGCGGGAGGCGGGAGGCGGGAGGTGTTGGGGCCGTTGAAGCGGCCTCCCTCCCGCCCCCAGCCGCCCGGTCTGGCCCCAGCCCTGTCCCGACCCCCGGCCTGGCCCACTCCGACCCTACCCGGCCGAAGGGTTCCGCTGGACACGCAGGCGGCCTCCGGAGCAGCCCAAGCCCATGAGGGCCGCGCGCCCGGCCGCCGGTGCTGACGAGACGGAGCTCCTGGCCCCCGAGGAGGAGCAGAGGATCA,1.7794680840238184,0.8314460573582438
7655,ENST00000316881.8,ENSG00000121060.15,TRIM25,56887909,56914038,41.05278321062048,5734,7043.6,1452.09,4.64474,CGGCCTCGGAGCGCGGGTGCAGCAGTTGTGTCCCGACCCCTGGGAGCGCC,8.838553548879052,3.143810288326689
7656,ENST00000240316.4,ENSG00000121058.4,COIL,56938187,56961054,33.139925704283364,2650,2451.43,1061.0,9.75119,TGGTATCTCTCGGCTTCCGTTGAGCACCAAGCAAG,3.3985519412793073,1.7649201722051577
7657,ENST00000313608.12,ENSG00000181610.12,MRPS23,57834781,57850056,172.5583451855273,5621,5915.97,773.178,2.94453,TCCGGTTCCGGTAGCAGCTAGTCACGCTCGGTACCAGGCGCAGATC,58.603018201725675,5.8729030638442765
7658,ENST00000581208.1,ENSG00000136451.8,VEZF1,57971547,57988259,10.86965000128025,2321,2302.9,597.763,5.84813,AGCGGGGGGAGTGGGGAGGAGGGGGGTCGGCCGCCGCAGCC,1.858653963109618,0.8942581999643472
7659,ENST00000258962.4,ENSG00000136450.12,SRSF1,57989038,58007346,923.8524055856362,1513,1412.57,1537.9,24.529,GTTGCGCTCCCGCGCGTGCGTGTTGGGATCGAATCGCTGTTTCCTTCCGCTTCTCTTCCTCTGTCTCCCCCCCATATCCGTGCGCCGAGCTGATAAAGGCGCCATTTTGGAGGGGCCGCGGGAGACGTGGTGCCGCTGCGGGCTCGCTCTGCCGTGCGCTAGGCTTGGTGGGAAGGCCTGTTCTCGAGTCCGCGCTTTTCGTCACCGCC,37.663679953754176,5.235102061160834
7660,ENST00000393119.6,ENSG00000011143.16,MKS1,58205437,58219605,16.672790000462395,2397,2965.89,237.889,1.80709,CCGATCCAGCGTCTCCGTTGCCAGGAAAACAGAGCGGCGCGCTTTCCGGCGCAGTCGCGGCGCGTCGCAGCTGTC,9.226319663360648,3.205755278178108
7661,ENST00000225504.7,ENSG00000213246.6,SUPT4H1,58345175,58417595,30.44110789005078,1489,1546.81,1108.8,16.1502,TATTTACTTCCTGCGGGTGCACAGGCTGTGGTCGTCTATCTCCCTGTTGTTCTTCCCATCGGCGAAG,1.884874979260367,0.9144688350150721
7663,ENST00000323456.9,ENSG00000108389.9,MTMR4,58489529,58517905,11.961497577850166,5839,6668.74,1005.85,3.39823,GGTGGGGTCGGGACTGCGCGGCCTCAGCAGCTGCGGGAGACGGAAGTGGCAAGAGCGCGGCCTCAGAGGGTCGGGCGGACGCCGCCTGGTGAGAAGCAGGCAGCCAGTACCCTTGCCACGGTAGA,3.5199199518131987,1.8155426202161886
7664,ENST00000262294.11,ENSG00000108395.13,TRIM37,58982638,59106921,13.00190741670606,4330,3716.51,748.97,4.54036,AGCCGGGAGAAAGGAGCTGCGGCCACCGTTCGCCCTACTTCTGCGCCTCGGGGCGGGCGCGCCGGTAAAAATGGCGAAATGGGGGTAGGCGGCGCTGGACCTGAAGAGATGGGGCGCGCAGGTGGGGCGGTTGTCAGAGCCCCCTGACGTGGGCGCCGGGCTTTTATCGGCGATTTGATCTGGCGACCTCGGGCCGGCGCCTAAGAGGTCAGACTGCGGAGCCTGCGGGTCGCCAGCGGCCCCGCCGAGAGCCGGAGGCA,2.863629187268424,1.5178446894163486
7666,ENST00000581068.5,ENSG00000182628.12,SKA2,59109951,59155269,76.76281119435855,595,287.331,201.194,15.7759,GACAGCTGTCCAATGGAGGCCCTCCGTGCTAGTACGGCTTGCGGCTTAAGCGCCGCCGCGGTCTGCGGAATGTCAACTATTCAAC,4.86582769885449,2.282685234701076
7667,ENST00000393038.2,ENSG00000141378.14,PTRH2,59674636,59707626,204.19266585664312,901,776.177,497.987,14.4551,ATACGTTCCTCCCTCCTTTCGGCGAGCTCGGTTGATCCTCGCGGGATTTCAGTTAGGCTCTTAGTGCGGGCCCTGTGGGTGTGGCAAGAGGAAGAATGACTGCTCGCTTTGTGATTCTTGATCCGGAACTTGTCACCCAGGAACCCCGGAAGAGGTAGCTCACGCGATAGAAACGTGTTCGCTGCCCAGAAGAAGGGAAGGCGCGAGTGAGGAAAGGAGGTACTGTAG,14.12599469091484,3.8202805542824017
7670,ENST00000325752.7,ENSG00000108423.14,TUBD1,59859482,59892945,15.126797473384224,2490,1946.72,156.022,1.80569,GCGCATTGTCAGCTGGAGCGTTCGGTGGACAGTGAGCATGCGTACCATATCTGAAGTTCGTAAATTGAAATTGAACATGCGTAATTAATCTTTCTGAATAGGAAAAAATATATACACAACAAAACTCTCCGTTTATGGAACATGCGCATTTGTTCTCAGTAAGTTTTTCGTTTTGAAAGTGAGCATGCGCATGGTGAGTAGGTTGGTCCGAAGTTTGAACCGGACAGAAGCGCTGGTCGGCGTCTGGCGGTTGTTTTTAGAGGTAATACACCTAGTTTGTGGCTCAGC,8.377294814383545,3.066484445840786
7671,ENST00000305783.12,ENSG00000189050.15,RNFT1,59952240,60018975,15.319298904111168,2101,1494.56,213.915,3.22471,GAAGAGCTTGCGGGGTTTGCGGTTGATGGCCCCGACTGAAGGGCTGGAGGCGGTGT,4.750597388326755,2.248108943966826
7674,ENST00000184956.10,ENSG00000068097.14,HEATR6,60043194,60078931,14.314836261137264,3932,4240.17,778.987,4.13913,CCCCGCCCGTAGAAAAG,3.458416686873151,1.7901117023720916
7675,ENST00000300896.8,ENSG00000170832.12,USP32,60179094,60422470,4.371864553155081,5171,5347.03,692.026,2.91589,ACGTGATCCGGCATGGAGGCGGTGGCGGCGACCGGGAGGAGCCGCCGGGGCAGAAGCCGCACTTGTTAGTGTGGGGGGAGGTGGGGGCGGGGGACGCCGACACCGTCACCGTCACCCAGGGACGCCGAGGAGAAGGCGGGAGGGGGGTGGGGGCGAGATCAGGCTCCGACCCCCCGCCGAGGGGATGAGGGGAGC,1.4993242382789067,0.5843124088852034
7676,ENST00000083182.7,ENSG00000062725.9,APPBP2,60443149,60526219,44.380042835059065,6478,5251.13,1024.68,4.39639,GAGATCAGCGCTGGGACGGAACCCGGGTTCCTCTCGAACCGGGATTGTGACGCTTTTGGCCTGGCTGGCCGCTGTTTTCTGTCCCACTTTTTACTCGGGCCTGCGTCCGCTGCCGCCGTCCCTCAGTTTGCCCCCGGAGGAGGCAGGGCGGCCGTGCCTTCTGCCGTGCGCCCGCGTGGCTGCCACCGCCCCTCCGAATCCTCCGGGGCCGCAGAGGGGTTCGCTACGGAGGGAGGTGGGGGCCTTCGGGAGGAGGAGGCGGAGGAGGCGGAGGAGGAGGGAAGGAAG,10.09465557765782,3.335519782685841
7677,ENST00000259008.6,ENSG00000136492.8,BRIP1,61681266,61863521,15.7009361532829,6048,4615.27,1347.47,6.57783,AATTCGTCTCGGGTTGTGTGGTTGAGGGGTCTGGTGGGTCGAGGAAAGGTAACGGCGGCCCCAGTCCTGCACACAAGGCCGGGGAAGTAGCAGCACCCCCAGGAAGAGGGAGGAGGAAGGGCTCGTGCCCTTTCTTCTCTTCCAGGGCTCCGCTTTATTTGCTCTCAGAAGTCGGTTTCCTTTCCTTTTCTTCAGTGAATCGGAGCTCAGAGCGTTGCTTCGGTTTCCCTCCAGACAGTTAGGAATCTGAAATAAACAGGAAAGCACT,2.386947694495434,1.2551669527963822
7678,ENST00000397786.6,ENSG00000108510.9,MED13,61942605,62065282,12.320887204247663,10465,8612.21,3345.71,8.75256,GTTTCTCTCTCTGGTCGGAGGCGGCGGTAATGGCGGATGGTGGGTTGTGGCGCCGGCGGCGGCTGCTGTGAGGGACG,1.4076895450299869,0.49332919389597973
7679,ENST00000225726.9,ENSG00000108588.13,CCDC47,63702832,63776351,188.8459453054096,3466,3076.56,1256.69,9.20288,GTAGGAGGATTGGGATAGGCGAGGGCAGTTCCGGCCCAGGGGCGGGGATTATGTAATTTTCCCAAAAGCCCCACCTCGCCTCAGCCGGGCGGGAGAGAGGGAGGTCTCGCGCTTTCCCCGGGGTTGCGTCCCGCCCCGCAGGCTGCGCGCAGGCGCTGACGAGCCGCTCGCATTCTACGTAACGGACGGCGGAGGCTACGTGAAGAGAGGCGCGGCGTGACTGAGCTACGGTTCTGGCTGCGTCCTAGAGGCATCCGGGGCAGTAAAACCGCTGCGATCGCGGAGGCGGCGGCCAGGCCGAGAGGCAGGCCGGGCAGGGGTGTCGGACGCAGGGCGCTGGGCCGGGTTTCGGCTTCGGCCACAGCTTTTTTTCTCAAGGTGCA,20.52030943632967,4.358980581138974
7680,ENST00000427159.6,ENSG00000108592.16,FTSJ3,63819433,63830012,58.87354558017688,3559,4391.51,1738.27,8.91795,GACACAGCAGATCCGGTCGCAGGCAGCGTCCAGCATGGACTGGTCCAGGCACCTCCGACCCACCCGACGCTCCTGCCCCGGCCCGCTCTCCACTCAGATCACGCTCGCTCCGCACCCAGCCCCGTAACCTGCCGGGCCGCCACTGCACCCGCCATACCTGCTCTGGTCCGTCAAGCGCCATCTTCTCTCTTCAGCAGAGACCGCCGGCATCCGAGCCGTCTTGGCGCGCAAGCGCGGAAGCGGAGGATTGGGACCTGAAGACCAGGCAGAGAAGAATTCCGGGTCAATGGGCGGGGTGTGCGGCGAGACCACACTAAGGGAACCATGATGGGAGGGGCGGCTACTCGAGTTCAGGGGCTTTGGAAGGGGATGAGGAAGGAGTAGAACTCCTCCTCAGTGTTGCCTCATTGAAACTCTGTTTATAGTTCTTGTGATATGCCTTCCTAGTCTCAACTTTCAACTTACAAAACCCAAGGACAGAGTATTGAGAACAATCTAGGGCCACACTCAAAATGGCGGAAAACCTCGAGCCAGGGACGCAGGGGACGCAAGCGGAAGCGGAAGTAGTTAGCTGCATACTTGTGCGGTTCCAAGTGTGGAGAAAGCGGCTCTGGGTCTAGATTGAGGGATACTCCCCCTTTCCACC,6.601690475970025,2.7228354985648013
7681,ENST00000448276.6,ENSG00000108604.15,SMARCD2,63832081,63843065,76.9500961878957,2716,3562.18,240.031,1.51814,GGCCAAACCTCCGGAGGCCGGGGACGGAAGGCGGGCCCGCAGCAGATCCTGGATCCGGAATCTCCCGGGCAGGAGCGGAATCTGTCCCGAACCGGGTCTGTGAGGAACTCGCGAACTTGGATTAGGAAATCCCGGAGCCCGGATCGACAAATCCCGGAACCCGGAATTAAGATCGCCAAGTCCCGGATCGCGGAGCACAGAGCACGGAGTGGACTCGACGCGGAGCCCGGAGTCCGGATCGCGGCACCGCGGGACGGGACGGAGCG,50.68708827110523,5.6635463853191785
7682,ENST00000584379.5,ENSG00000136478.7,TEX2,64147227,64263301,4.414890138704491,4825,5412.46,417.79,1.7391,GGGGCGGCGTGTGCCCGGGGGCGGGCGGGCGGCAGGGCAGCAGGACCGCGGCCGGTGCCCCAGCCGAAGCCGGAGTCGCGCGGCCGGGAGCACGGGCGCCGGCATAGTACAATGAGGCAGCCAGCGGATCTTGGAGCCTGAGCCCTTGTGAAGCCGGCA,2.538606255364551,1.3440366464686928
7683,ENST00000539111.6,ENSG00000256525.6,POLG2,64477785,64497036,5.597256254100069,1564,1361.64,72.2057,1.19473,AACGGTAGTGGTGGCTTGTTGGGATCCGTTGAGTGATGGGAGAGTGTGCTCTTTAACTTCGGAGAGAG,4.684954972336903,2.2280351820363453
7684,ENST00000225792.9,ENSG00000108654.12,DDX5,64499616,64508199,303.46949018996287,2554,2230.42,3001.32,30.3171,AGAAGAAGGTGAGGTCAAGAGAGTGCAGAATGAGGCATTCCAATGGTGGGTGGGCCCTGACCTGAGAGAGTGGCGCGGGGAGGGGTGAAAGCGCGGCGATCCTGGAACGCCAGCGGGCGTTGCGGCCTATGCGCGAGGGGCGGGGCGATTAGGTCATAGAGCGGCTCCCAGCGTTCCCTGCGGCGTAGGAGGCGGTCCAGACTATAAAAGCGGCTGCCGGAAAGCGGCCGGCACCTCATTCATTTCTACCGGTCTCTAGTAGTGCAGCTTCGGCTGGTGTCATCGGTGTCCTTCCTCCGCTGCCGCCCCCGCAAGGCTTCGCCGTCATCGAGGCCATTTCCAGCGACTTGTCGCACGCTTTTCTATATACTTCGTTCCCCGCCAACCGCAACCATTGACGCC,10.009845604954394,3.323347816645238
7686,ENST00000262435.13,ENSG00000108854.15,SMURF2,64542295,64662068,4.723197687133152,2918,2573.87,354.488,3.10297,GGGGAGCTCGGCGTCCCGCTCCCTCCGCGGCTCATGGCGACGACTCTCGGCACATCCGGGACCCTCCGGCCGTGGCGGCCGAGGCGCCGGCTGCTCGGGCCCCAGCCCCGGCCGCTGTGGTGACTCCGCCGCGCCTCGCCGTCGCCCCCGTGCCGCCCGCCGCCCCCGCCGCCCCCGCCGCCGGGGAC,1.522153835561785,0.606114171316305
7687,ENST00000439174.6,ENSG00000120063.9,GNA13,65010715,65056839,38.19588120815226,4922,4045.79,1417.09,7.89146,GCTCCGGGGCCACCGCCCCTCCGGGGCCGGGCCCGCCCTCCTTCCCTCCCTCCCTCCCCCGCTGTCCTGGCCCGCCCTGCCCGGCCCGCCCTGCGAGTCAGTTCGCTGGTTCCCTCCCTCCCTGGGCGCGCTCGGGCCGCCGCCGCGCTCCCCGCCCTCGAGCCTCGGTGCCGGAGCCGCCCGCCGCCGGAGGAGGAGGTGGAGGGAGCCGGAGGGGCCCGCCGAGGCGGCGGCGGCGGCGGCAAG,4.84015393959448,2.2750529326977618
7688,ENST00000535342.6,ENSG00000154240.16,CEP112,65528563,66192084,4.270688897431948,3392,2669.69,188.416,1.59008,TTTGAAACCGTTTGGCAGGGGCGGCGGTGGCGGCGGCGTTGGCGGCAGCGGCCGAGCGGAAAGCTTGCGTGTGGTGGTGCCAGATTGGATT,2.685832723782419,1.4253694551434293
7689,ENST00000358691.9,ENSG00000198265.11,HELZ,67070438,67245989,14.149298412740372,13810,12511.2,1709.53,3.07851,CAAGTGGATCCAAGATGGCGTAGAAAGTAATGACAGGATTTGGATGAAGTAATGGATCACTAATGAACTACAGTGCTGGTGAGATGTGTAAGAAATTATAAAGAGCTCTGATGGGCTATTTGGGTGATACCCAGTGCAGTGAACTGCAGGATTTTTGTCCCTGAGTC,4.5961515189946995,2.2004263593632793
7690,ENST00000356126.7,ENSG00000197170.9,PSMD12,67337916,67366627,173.958792706304,4406,3501.18,1212.93,7.80517,GCGTGGGCTCCCGATGGGCTGCCTGAGCGGGTGCGCGGGCAACTTCCGGTGTGGGTGACGAGTGGTGGCCGAAGCAGGGGGACAGCAAGGGACGCTCAGGCGGGGACC,22.287636618587936,4.478171736185988
7691,ENST00000327268.8,ENSG00000108932.11,SLC16A6,68267026,68291267,2.7895518472471945,3807,3266.52,241.876,1.66828,TTGGGGGTTTATTCTCTTCCCTTCTAACTTGACAGGGTCTTGCTCTGTCATTCAGGCAAGAGTGCAGTAGTGTGATCACTTCTTACTGCCGCCTCAAGCTTCCAGCCTCAACTCAAGCAATCCTCCCACCTCAGCCACCCAAGTGGCTGGGACTACAGATTAAGA,1.672112503444982,0.7416719184127006
7692,ENST00000403627.7,ENSG00000133193.12,FAM104A,73207353,73236753,28.380529702675585,2798,2745.93,349.36,2.86646,GGTGCGGTTGGGATGGTGCCACTGCGCAGCCGCGAGAGGGCGGTACCACGGCGGCAGCGAC,9.900898565713662,3.3075594643307515
7694,ENST00000335793.3,ENSG00000179604.9,CDC42EP4,73283624,73312175,29.30077278322296,3272,4940.61,375.706,1.71328,AGTTTGAACCGAGGAGGCCGAGCAGTCGGGCAGAGGTTCCCGACGGCCATTGGCTGCTGCGGCGCCGTGACATCAGCGCAGAGGGGTGCGCGGGGAGGGTTGCGCGGGGCGGGCGCGGGCGGAGCCTGGAAGGGGAGTGTCCTGGAGGCTCCCAGCCCTGAAAGCCCGAGAGCCAGAGGGAAACAAACGCCGGCGCTGACAGGGGCCGCCAGCCCCTCCGCCGCGCGGAGCCCACGAAGGGGACAGCGCAGCCGGCCCAGAGCTCGGGTCTCCGGGGACCGAGCCTTATGATCTCCTCATTGCGTCCCCCTCTGCCCACTGGACTTGGACTTCAGATCTGACCCCAGACCTGCCGGCTACCTCGGGAGGGCCCACCTCCCCGCCCATCCAGCAAG,17.102150718634995,4.096105860700243
7695,ENST00000357814.7,ENSG00000109065.11,NAT9,74770547,74776367,16.70000063897268,1875,2542.44,173.282,1.53555,GGGAACGTGGCTGGTTGGAGGAGGTAGATCACCCTTTCTGCGGGGGACGATTTCGTCGGTGGTAGGCTGCTACC,10.875582455128573,3.443020763216392
7697,ENST00000293195.9,ENSG00000161513.11,FDXR,74862497,74873031,32.38896954772077,1875,2834.27,244.046,1.93996,GCGGGCCCGGGCAGGAGCGGGCTTGCCCTGCGGAGCAGTAGCTAGGAACAGATCCACTTGCAGGTTGCTGCTCCCAGCC,16.69568936870903,4.061403758715765
7698,ENST00000301587.8,ENSG00000167863.11,ATP5H,75038863,75046985,251.9979881229315,603,405.714,771.735,42.8559,CTTGCTGCGGAGGACCGTGGGCAGCCAGGGTCGGTGAAGGATCCCAAA,5.880123579785549,2.555846475821887
7699,ENST00000245552.6,ENSG00000125458.6,NT5C,75130225,75131795,118.31525704895452,954,1054.12,280.044,5.98546,GGCGGACTCCGGAAGCAGCGCTCCCTCCGCTTCCGGCCGAGCCCGCGCCCCCCAGACCCCGAGAGCTCGCAGCTCCGGCCCGGCGGCG,19.76711180910983,4.305030187853042
7700,ENST00000409753.7,ENSG00000189159.15,HN1,75135248,75182983,586.8603554494858,1605,1649.12,885.478,12.0973,GCGGGCTTAGGCTGAGCCGTGGCCGCCACAGCCCATCGTAATGCCGCATGGTGCTTGGCACTCCAGAGAGCCAATAGGAATGAAAGAATTCATTTGAATCGGCCAATGCCGGCGGGTTAGGGGGCGGGGGTTGAAAACCCTATAAAGGCGTCGATCGGCCGGACAGGCGGCAGCGGCGGCTCCTGCAGCGGTGGTCGGCTGTTGGGTGTGGAGTTTCCCAGCGCCCCTCGGGTCCGACCCTTTGAGCGTTCTGCTCCGGCGCCAGCCTACCTCGCTCCTCGGCGCC,48.51168074276787,5.600260259108833
7701,ENST00000420826.6,ENSG00000188612.11,SUMO2,75135248,75182983,2.2590622138373755,3190,3151.39,4436.37,31.7167,GGGAGCGCACGACGTGCGCGCACCCTCTCCCCTCGTCCACCGCTGCCGCCTCCTTCTTCTGCCGCTCCTGGTGCTGCTTGTGTGCTCGTTTGGTGCGGACCTGGTACCTCTTTTGTGAAGCGGCAGCTGAGGAGACTCCGGCGCTCGCC,0.07122626924734841,-3.811446764267511
7702,ENST00000537686.5,ENSG00000125447.16,GGA3,75236599,75262363,8.346468547174029,4069,5616.42,390.006,1.56449,GCGTTTCTCTCCACTGATCTGGACGTTAGAGTTTTTCACTCCGGGGTCCAAAGGGGAGCGCCAAAAGGAAACCCTTGCCCTCCCTGTATCCGTCGCAGTCTGGCGCGGCCCTCGGTGACGGCACTCACTCCTCTCAGGACCCCATGCAGGCCCCGCCCCGTCTCAGCTCGTGCAGACTCTCGCGAGTTTTGAAGCCGCGGGGCCGGGCGGCTGCAAT,5.334945283877832,2.4154734745955464
7703,ENST00000325102.12,ENSG00000125457.13,MIF4GD,75266228,75271227,19.43090069988158,1306,1520.41,113.777,1.68599,CAGCGCCGGACGCTGGTTGCGCGCTCCCAGGCGCCGAGCGGCCCCGGGCACGCGCGCGCGCCACCGGCCCGGCAGGTGCTGTCCTTATTCCCAGCCCAGTCAAGAGCTACCGGGGCTGGCTAGTC,11.524920491747626,3.5266848926953744
7704,ENST00000416858.6,ENSG00000125454.11,SLC25A19,75272981,75289510,73.07545134543791,1587,1833.0,119.12,1.46415,CGGAGAGCGCTGAGCCGGGCCGCACCCGCCGAGCCGTCCCTTCTCCCTGTGATCAGTTACCAACTACCTGTTGATGTGTGTGGTTACAGACTTCTTTCTATGCTTTGTACAACTCTACAGACCGTATCTTGATACTGATGGACATTGTGTGGGCCAGAGGCAGGG,49.90981207214965,5.6412515664869725
7705,ENST00000316804.9,ENSG00000177885.13,GRB2,75318076,75405709,195.6258709752984,3248,3922.29,1124.93,6.46169,GACCGGGCGGCGGCAGCGGCGGCGGCGGCTGTGGCAGAGTCTGTGCCTGTGGCGGTGACGGCGGCGGGAGCAAGCGCTGCCCTCGCAGAGCAGCCTTGGGGTCGCCGGCCGCTCGCAGCGTTGTGGAGGGGCGGGCCGGACGCTGAGCGGAGCAGCTGCGCCACGGGTGGCATTGTGTGTCCCAGAGTGCCGGAGCGAGTCCCAGAAGAGAGGCGAGGCTAAGCCCAGAGCGCTGGGTTGCTTCAGCAGGGAAGACTCCCTTCCCCCTGCTTCAGGCTGCTGAGCACTGAGCAGCGCTCAGA,30.274722398520883,4.920041826198761
7706,ENST00000225614.6,ENSG00000108479.11,GALK1,75751594,75765711,37.89704457843942,1445,1937.49,254.061,2.95434,GCTGGCGGGAATGTGCGCACCCCCGCGCGGGGCCCCGCCCGAGCATCCCGCGCCGACGGGGCTGTGCCGGAGCAGCTGTGCAGAGCTGCAGGCGCGCGTC,12.82758402162223,3.6811775702066525
7707,ENST00000254810.8,ENSG00000132475.9,H3F3B,75776434,75785893,1046.4674670462157,2705,2347.95,5289.87,50.7596,GAGCGCAGAGCGGTTTGGTCGTTCGTTGGGCGGTGCTGGTTTTTCGCTCGTCGACTGCGGCTCTTCCTCGGGCAGCGGAAGCGGCGCGGCGGTCGGAGAAGTGGCCTAAAACTTCGGCGTTGGGTGAAAGAAA,20.61614880822969,4.365702950668633
7708,ENST00000254806.7,ENSG00000132471.11,WBP2,75845699,75856507,155.30161028040152,1944,2664.73,1204.42,10.1832,GGGCCAGCCTCCGCACTCGAGCTTTGATTGGCTGACTCTAATAAGAAGACGCCACTAGGGGCGGGGCGAAGAGGGGCGCAAGCTCATTGCGTTTTGAGTCTCGGGACCCCTGTTGGAGAGACT,15.250766977021126,3.9308098940298053
7709,ENST00000269383.7,ENSG00000141569.10,TRIM65,75880335,75897003,32.870396391917424,3439,4822.57,854.451,3.99182,AGCGCGCGAGGCCCGCGGTCCCTTTAAGACGCCCGGGGCCCGCCTGGCTCTCGCCGCCGCCGGGCC,8.234438524762496,3.0416702813837126
7710,ENST00000309352.3,ENSG00000204316.12,MRPL38,75898643,75941140,69.7762486317456,1888,2612.38,802.287,6.91919,CGGGTTTTCACCGTGTTGGCCAGGATGGTCTCGATCTCCTGACTTCGTGATCCACCCGCCTTGGCCTCCCAAAGTGCTGGGATTCCCGGCGTGAGCCACCGCGCCCAGCCCTCAATCTGGGTTTTAAACCCAAGCAGAGTCCGGAATCGGAGCTCGCACCCCTTCTCCCAACCAGGCCTGCGTCCCTGGGGAAATCAGGACGCAGCGTCCAGGGGTTGGAGGAGGGCCCCGGCGGCCGACCCCGGTCTGTGCCGCCCCCTGGTGGCCAGCCATGGGCGAGCATATGACTGCTCTCGGCTCCGCCCCGCCGTCCAACGGGCACTTCCGGAGCCGGGCGTCTACAGACCGCGGCCACCTTCCACCTGCGCCCGAGGCAGACGGTGCAGGGGCCTCCGGGACAGGCGTCTGAGGCCTGCTCCGCAGCGCGGGCCCGGGGGCGGGCCTAGGGGCGGGGCCTGCTGTGGTGCGCTCAGGCACCGCGCTGGCCACCTGTGCCCGGGTCCTAGTGGCGGCCGCAGTGTCGCAGGCCGGAGGGAAG,10.08445332932693,3.3340609735387323
7711,ENST00000293217.9,ENSG00000161533.11,ACOX1,75941507,75979363,36.04137643393108,7514,7453.32,615.491,1.86052,CGAGGATCCGCTCGGGAGCCTCCCCTGGCCAGGAGCAGGGGATTAGTCTGCCCCGCGACCGGCCCCAGCCACGACGCGGACATCGCCCCCTCTGTCTGGGCCGCTGTCACTCACGCGCCAAAGGGCCACGGAGAAAGAAGGGGCGGGCCGGGGCGGGCCGGGCGAGCGGAGGCGGGGACTTGCGCCGTCCTGAGGCTGCCTCCTAGGGTCCGGCCGGCGCTGGAGCTGCGGATTTAGATTGTCACTGCCACCTCGGTCGGTGCTTACTTCGCTGCCAGCTGGTCGTCGCC,19.37166836902107,4.275876305104311
7713,ENST00000307877.6,ENSG00000167881.14,SRP68,76038775,76072653,90.61323111775816,2649,2841.4,1772.71,14.0562,CTCGCGCAGGCGCGCTCCAGCACATGGCGCCCTGCTGCAGCAAGGGCCGACGGCGGCGGAGTCCGCCGCTATCCCATCAGCCCGGCCAGGCAGGTCCAGCTCTCACCCGCCCAGGTCGTCCCGCCTCCCCTATCCCGTCTTGCTCTGCGGCGCAGGGGCAAG,6.4464955761698155,2.688515100249815
7715,ENST00000589210.5,ENSG00000182473.21,EXOC7,76081017,76121576,27.98666958169028,4751,7016.96,643.962,2.06763,GGACGGGGGCCCGGTGGGCCCGCGGAGGAAAGATACTGGGGAGTGGGAGCCGCGGGGTTCAGAGCG,13.535627545397523,3.7586898709253016
7716,ENST00000269391.10,ENSG00000141576.14,RNF157,76142453,76240373,1.6442024857923336,4955,6646.07,633.38,2.14715,GCCGCAGCGCCGCAGCGGAGCCGGCCGCGGCGGGCAGTCGGCCCCCGCACCGGGCGCGGGGCGGGCGGCCGCGGTGAAGCGCGGAGGGCGGCGCGGGCACCGGGGCCGGGCCGGGGCTGCAGCCGCAGCGGCC,0.7657604199950323,-0.3850350016261334
7717,ENST00000446526.7,ENSG00000161542.16,PRPSAP1,76309486,76384521,49.83834621701408,3660,3861.98,195.063,1.13796,AAAAAGTTGGAAACACCTGGGGCCACTACCGAGGTAGGCTGCTCCTCCCAAGAAAGTGAGACCGAAAGAGCTCCCGTGGAAGCGGTCAAAGCAGGGGCGGGGCGAACCTGTGACATGCCCCTCGGAAGAACAGGCTTTTAGAGAGTCGCCAGGCTCCCTGCCCTCATCCGAGATGGCGGCCTGAGGGCGCTCTAGCCGACGCTCTTCGGATGCCCGGAGGGGGCGGTGGCCTTGCCTCTGGCTCTGAGGCGGCGGCGCCGGGCGCTGCGAAGGCTCGGCCGCTGTAGTCAGTGGTGTGGGGTGCGCAAGGGCACGGACCTCGGAGCTCTCCCCGCTTGCGCCGAGTTTCTCAGCGCCTTCCCCACCCAAACCGGGGTCTCGCAGTCGGAAGCACTCAGAGTGCAGCCCCGCGCGGGGCCGGTCGTAACCGCGCCGCGGGCCGGACG,43.796219741479554,5.452734444266691
7718,ENST00000319380.11,ENSG00000175931.12,UBE2O,76389451,76453206,28.854300767195426,5436,7691.11,947.114,2.77444,CGCCTCCCCGCGCCTCGTTCGCCGCCGCTGTCGCCGCCGCCGCCCGAGACTCGCGCAGAGCAGTT,10.400044970226578,3.3785178615405185
7719,ENST00000355797.7,ENSG00000182534.13,MXRA7,76672551,76711016,4.052476084408736,5661,6729.92,358.871,1.20141,CGCGGCGCG,3.3731000111608327,1.754075094361595
7721,ENST00000392485.2,ENSG00000161547.15,SRSF2,76734115,76737374,655.9209995952526,2885,2876.2,735.057,5.7579,CCAGTTGTTACTCAGGTGCGCTAGCCTGCGGAGCCCGTCCGTGCTGTTCTGCGGCAAGGCCTTTCCCAGTGTCCCCACGCGGAAGGCAACTGCCTGAGAGGCGCGGCGTCGCACCGCCCAGAGCTGAGGAAGCCGGCGCCAGTTCGCGGGGCTCCGGGCCGCCACTCAGAGCT,113.91670567311913,6.831835520881151
7722,ENST00000301634.11,ENSG00000167900.11,TK1,78174075,78187233,136.5657995514802,1628,2137.28,965.154,10.1742,CCTGATTTCCAGGCCCTCCCAGTCCCTGGGCGCACGTCCCGGATTCCTCCCACGAGGGGGCGGGCTGCGGCCAAATCTCCCGCCAGGTCAGCGGCCGGGCGCTGATTGGCCCCATGGCGGCGGGGCCGGCTCGTGATTGGCCAGCACGCCGTGGTTTAAAGCGGTCGGCGCGGGAACCAGGGGCTTACTGCGGGACGGCCTTGGAGAGTACTCGGGTTCGTGAACTTCCCGGAGGCGCA,13.422755553407658,3.7466089672564196
7724,ENST00000262768.11,ENSG00000035862.12,TIMP2,78852977,78925387,37.689670025487096,3652,4438.58,262.523,1.33255,AGCAAACACATCCGTAGAAGGCAGCGCGGCCGCCGAGAACCGCAGCGCCGCTCGCCCGCCGCCCCCCACCCCGCCGCCCCGCCCGGCGAATTGCGCCCCGCGCCCCTCCCCTCGCGCCCCCGAGACAAAGAGGAGAGAAAGTTTGCGCGGCCGAGCGGGGCAGGTGAGGAGGGTGAGCCGCGCGGGAGGGGCCCGCCTCGGCCCCGGCTCAGCCCCCGCCCGCGCCCCCAGCCCGCCGCCGCGAGCAGCGCCCGGACCCCCCAGCGGCGGCCCCCGCCCGCCCAGCCCCCCGGCCCGCC,28.283869292324564,4.8219075922271095
7725,ENST00000262776.7,ENSG00000108679.12,LGALS3BP,78971238,78980109,331.6582572232524,2405,3495.48,1765.47,11.3793,GACTCCCACCTTGGGCCTCTGCCAGCCTGGCACTGATAGCCACAGGCAGAGCTGAGACAAAAGAGAGGGGCCCTGGGGAGTATCAGCAGCAGCCAATCCCGGAAGACATCTATGTCAGGTGGTTTCTGGAAATCGAAAGTAGACTCTTTTCTGAAGCATTTCCTGGGATCAGCCTGACCACGCTCCATACTGGGAGAGGCTTCTGGGTCAAAGGACCAGTCTGCAGAGGGATCCTGTGGCTGGAAGCGAGGAGGCTCCACACGGCCGTTGCAGCTACCGCAGCCAGGATCTGGGCATCCAGGCACGGCC,29.145752130908964,4.865213726984047
7727,ENST00000302345.6,ENSG00000171302.16,CANT1,78991717,79009867,58.36779544069928,3534,4573.63,343.331,1.69127,AGAGGCTGCCGGGAACGCGGGCCCAGAGGCGGGGCGAGCGCGCGCGGGGCGGAAGTCGGCCACCTTCCTCCGTCCCGGCCGTTAGCCCAGCCAAGCCCAGCCAAGCCCAGCCAAGCCCCGCCGATCGCGGGCACCGGAGCCAGCCCCGCAGCGGAGGGACCACAGAGCACCAGCCTGCATGGAACTTCCTTCCTCACTCAGCTTCCCACGTTGCCAGCTGGGACAGGGGAGATGGAGTAATTTTGCTGTGGAAAGACTTCACGTCTTGCCGAATGAAAGTAAGCAAAGATACTGCTAGAGTCGGGAATCTAGAGTCGGGAATTCATTAAGCCAAGGGAGTAAGAATGGCCACAGAGTAGTGAAATACTGTTTCTTCTGGAAAAGTCAGCCTCCAGCGCCTGCAGCTTCCGGAACTAAGATGTGACTGGGCTTGCGGAGGCGCTGACTCCTCTCCTCCCTCCCTGGCTGTGCAGGTCCCGCCTGTCTGTCACGCTG,34.511222596450764,5.108993678559178
7728,ENST00000269397.8,ENSG00000141582.14,CBX4,79833156,79839429,11.148887416517312,2664,3542.9,456.418,2.90246,CGAGCGCGAGCCGGGAGCCGGGGCGGGCGCGGGCAGCGGCGGGCCGGCCGGGCTGTGCGGGGCGAGCGGCGGCGGCGGCGGGGGCGCTTCGGCCGGGGCGGCAGCTGGGCGCCGGCGGGAGCTAGCAGCGTCTGCAGCCGCGCCGGCCGCCAGCGCCCCGGCGCGCTCCGGCTCGGCC,3.841185551744834,1.9415516561669184
7729,ENST00000269349.7,ENSG00000141543.9,EIF4A3,80135214,80147183,376.2738948037865,1734,1841.16,1748.78,21.3996,ACGCACGCACGTCTCTCGCTTTCGCATACTTAAGGCGTCTGTTCTCGGCAGCGGCACAGCGAGGTCGGCAGCGGCACAGCGAGGTCGGCAGCGGCACAGCGAGGTCGGCAGCGGCACAGCGAGGTCGGCAGCGGCAGCGAGGTCGGCAGCGGCACAGCGAGGTCGGCAGCGGCAGCGAGGTCGGCAGCGGCGCGCGCTGTGCTCTTCCGCGGACTCTGAATC,17.58322093888608,4.136127466103758
7730,ENST00000306773.4,ENSG00000171246.5,NPTX1,80467148,80477843,61.7178059474381,5122,7336.16,1410.87,4.33292,AGTGGGGGCCTGATAGCGCGGCGGTGTGGACCGCGCGGCCGAAGAGCGCGGCGCCCAGAGCGCGGGCCGCTCGCGGAGCCACAGCCCGAGCCGGGTCCCAGCCGGAGCCGAGCCCCAGCCGAGCCGAGCCGGGCCCGGAGCGCCCGGTGCCCGCAGCC,14.2439292549685,3.8322752703148786
7731,ENST00000374759.7,ENSG00000157637.12,SLC38A10,81245000,81295547,9.644396845971803,4300,6626.22,333.638,1.13441,AAGTGTGAGCGCCGCGGCGGCAGCTGAGTTGGGCTGAGGTGTCCCTAGCTGGCTCTGCGGCTCTTCCGGGTCTGGGCTCGGAGATTCACAGGCGGCCCGCGAGGCCGAGCGAGGGACGCATGGCCCTGAGGCGGCCGCAGGGCTTGGCGGGGTCCGGAGGTTGACCTCGCCCCCGCAGCCGGCCTTCGAGGCTGCCTCCTCCAGGCAGCCTCTGGGGCCCGCGCCCGCGCCTGCTCAGGCTCCCGTGTTCAGGCTGCCCATCCCCTCCCCACCGGCGTCCCGGACGTTGGGACCTGTGACCGTGGCCTCGGGCTGGGCTTCCAAAGCCGGCCGCAGCCCGGCGACCCCCGAGGCCTCTCGCCCCGGGCCCCTAGACCTCTCACT,8.50168532186053,3.0877488606010592
7733,ENST00000331925.6,ENSG00000184009.9,ACTG1,81509971,81523847,2968.8805079723697,1994,2375.93,16711.3,158.467,GGGGCCGCGCGCGCCGCCGGGCCGCGCGGGCGCGCCGCTTCCGCTTAAATAACGGCGGGGGAGGCCGCGGTCGGTCTCAGTCGCCGCTGCCAGCTCTCGCACTCTGTTCTTCCGCCGCTCCGCCGTCGCGTTTCTCTGCCGGTCGCA,18.73500796993929,4.227664686282141
7734,ENST00000443656.6,ENSG00000185504.16,FAAP100,81539885,81553961,8.26859792749122,3822,6048.06,356.173,1.32681,CCGCCGCGCGGCCGGGGCTTCTCACTCTGACGGGCCCGCGCGCACG,6.231938203277952,2.639680927516002
7736,ENST00000331134.10,ENSG00000182446.13,NPLOC4,81556887,81648465,47.4594000026867,4415,5789.18,2203.26,8.57454,AACCTGGTTTCCCGGCCTCGCGCCCGAGGGGAGCGTATTGAGCGAGGCACCGGGACGTCGGCGGCTGGCGGAGCCGGGCGGGCGAAGCTGGAGCGGCGGTGGCGGCGGCGTAGGGAGGCCGGGGCCGGGGCTGAGGCCGCGGCCGGGTCTGCGAGGCCCTTGGGGCGGCAGGCGGCGGCGGCCCGGGGCTCGAGCCCGGAGGCAGGAGCAGCCGCC,5.534920824054316,2.468562679687733
7738,ENST00000397498.8,ENSG00000214087.8,ARL16,81681174,81683924,44.39342561849466,1227,1296.62,71.6532,1.24505,GTCTTCCGCTCTCCCGCTAACGCTGCGCGCTAATTGGACGCGCCCTTGGAACAATGAGCCCTAAGAACCAATGAGAAGTCCGAAGGTGAGAACTATCCA,35.65593800931261,5.156070452712542
7739,ENST00000455127.6,ENSG00000225663.7,MCRIP1,81822361,81833302,32.350728262617544,1209,1958.81,343.036,3.94557,GGAAGAGGCGGTGGCGGCGGGTCGGGGCGAGAGGCTGAGGGGATCTGGCGGTGGAGCGCTAGGATCAGACGCCCCCGCG,8.199253406381725,3.0354925492492777
7740,ENST00000331483.8,ENSG00000185624.14,P4HB,81843159,81860694,450.3858362425029,2603,3401.29,4049.18,26.8217,GTGTCCAATCCGAGAGCGGCAAAGACGAGCCTCGAAGTCCGCCGGCCAATCGAAGGCGGGCCCCAGCGGCGCGTGCGCGCCGCGGCCAGCGCGCGCGGGCGGGGGGGCAGGCGCGCCCCGGACCCAGGATTTATAAAGGCGAGGCCGGGACCGGCGCGCGCTCTCGTCGCCCCCGCTGTCCCGGCGGCGCCAACCGAAGCGCCCCGCCTGATCCGTGTCCGAC,16.791845268663167,4.069688872730543
7741,ENST00000269321.11,ENSG00000141522.11,ARHGDIA,81867721,81871406,546.6367539774081,1906,2935.35,4751.18,36.4673,GAGCGGAAGTCTCGTGACCCCGGAAGTGACAGGCAGGGCGGGCGGGGCGGCCGACGACGTTCGTCATTTAGTGCGGGAGGGATCCTGAACCGCGCGGCCGAACCCTCCGGTGTCCCGACCCAGGCTAAGCTTGAGC,14.989778622969293,3.905907171842065
7742,ENST00000505490.2,ENSG00000183684.7,ALYREF,81887844,81891586,740.443572756559,1088,1039.02,2354.67,51.0584,GAGCCG,14.501895334686536,3.858169561421287
7743,ENST00000328666.10,ENSG00000187531.13,SIRT7,81911939,81927714,8.822169128921,1743,2307.52,116.202,1.13457,ATGCGCCCTGAGCGCGGCCTGCCGTGTGAGGCGGAAGCGGAAGAGCAGGTCTCCAGGGGAGCG,7.7757821279612545,2.95898779619249
7744,ENST00000357736.8,ENSG00000197063.10,MAFG,81911939,81927714,10.024096901647374,5040,7348.55,627.785,1.92474,GGCGGCGGCGGCGGATCCCGAGCCTGGTCCGGCCCGGCCTTCCCAGTGCGCTCGGCCCGGCCCGCGCAGGCGGCGAGTCCTCCGAGCCCCGGGCCCGGACCCCTCGCGCCGGTCCCTGCCCCGCGCGGCCTCGGAGCGCGCGCGGCCCCGCCCCGCCCCGGCCTCGGCCCGCCGGGCCCGCAGTGTGAGAGCGCCTGCTCGCTGTGCCCCCGGGTT,5.208026487550201,2.3807367859382924
7746,ENST00000306704.10,ENSG00000169689.14,STRA13,82018702,82024107,230.0635964012829,751,788.073,322.262,9.21308,CTCATTGGCTGGAGGCGCGGGGCGGGGTTCCGGTGGGCGCGCGTTGAGGCTGCGGTC,24.971409821827542,4.642205369318984
7748,ENST00000306869.6,ENSG00000169738.7,DCXR,82035136,82037732,230.7024223312237,887,968.707,697.235,16.2162,AGAGCTTCAAGTTCCGCAGCCCCAGTGCGGAGGGCGGAGACTGCGCCGAC,14.22666360375573,3.8305254597254352
7749,ENST00000310496.8,ENSG00000169733.11,RFNG,82047902,82051831,24.492269161672706,1828,2638.43,221.776,1.89379,GCGGCCGC,12.93293826753373,3.6929781768743433
7750,ENST00000306796.9,ENSG00000169718.17,DUS1L,82057506,82065887,13.92885931002413,2068,3000.91,312.475,2.34598,CGGCGGACACGGCGGGGCCCTCGCGCGCCTGGAGACG,5.937330799931853,2.569814495475807
7751,ENST00000306749.3,ENSG00000169710.8,FASN,82078333,82098332,216.42540437835757,8565,13780.2,10745.9,17.5691,TCATTGGCCTGGGCGGCGCAGCCAAGCTGTCAGCCCATGTGGCGTGGCCGCCCGGGGATGGCCGCGGTTTAAATAGCGTCGGCGCCGGCCTAGAGGGAGCCAGAGAGACGGCAGCGGCCCCGGCCTCCCTCTCCGCCGCGCTTCAGCCTCCCGCTCCGCCGCGCTCCAGCCTCGCTCTCCGCCGCCCGCACCGCCGCCCGCGCCCTCACCAGAGCAGCC,12.318525387091974,3.6227576606557426
7753,ENST00000392334.6,ENSG00000141551.14,CSNK1D,82239023,82273731,48.530984847681935,2047,2476.34,472.1,4.29523,GCGCGATGGCGGCGGCTCCTTTAGGCAGCTGAAAGGGGATTTAGGCCCGGAAGATCCGAGTCCATCCGCGGCGGGGAGAGGGCAAGCGGGACCGGTAGGGGCCGGAGCAGCGGCGGCGGCGCTCGGACTGTCCCATCCGCCCCGTATTGAGGCGCTGGGAGCGGCGGGGCGACAGGAAAGCGATGGTGAAAGCGGGGCCGTGAGGGGGGCGGAGCCGGGAGCCGGACCCGCAGTAGCGGCAGCAGCGGCGCCGCCTCCCAGAGTTCAGACCCAGGAAGCGGCCGGGAGGGCAGGAGCGAATCGGGCCGCCGCCGCC,11.298809341451316,3.4980988456085096
7754,ENST00000392325.8,ENSG00000141580.15,WDR45B,82614562,82648553,29.106212288175925,2587,2885.83,1311.9,10.2421,GTGGGGCGCGGGCGCGCGCACGGACGTCCAGCACGCACGCACGCACGTCCAGCACACACGCACATCCAGCACGCACGCACGTACGTCCGGCACTTCCGGCCGCGGCGGCCTCAGCGCCGGCCCGAAGGGACCAGGCCGCCGTCCCCAGCGAGAGGCATGCAGCGCTGAGGAGCGGCGACCCAGCACGGCGGCGCC,2.841820748496492,1.5068155576028817
7755,ENST00000269347.10,ENSG00000141542.10,RAB40B,82654973,82698728,1.3729841087359227,2189,2221.87,115.164,1.16778,CGGGGCCCGCGCGGCGCCTCTCGGGGCCGGGCCGCCGCCTCTGCGCTCAGCCCCGCAGGCCGGGCATGGGTGGGGGCGCCGGGCCGTCACGATGAGCGCCCTGGGCAGCCCGGTCCGGGCCTACGACTTTCTGCTCAAGTTCCTGCTGGTGGGCGACAGCGACGTGGGCAAGGGCGAGATCCTGGCGAGCCTGCAGGATGGCGCGGCCGAGTCCCCGTACGGCCACCCGGCGGATAGTTCGGATGTCGCTGTGGCAAAGTCCGAGGGCCAGCGCTGCCCTGGAGATTGAGCGCCTGGAGGACAGGGCTGGAGATTGAGCGCCTGGAGGACAGGGCTGGAGATTGAGCGCCTGGAGGACAGGGCTGGAGATTGAGCGCCTGGAGGACAGGGCTGGAGATTGAGCGCCTGGAGGACAGGGCTGGAGATTGAGCGCCTGGAGGACAGGGCTGGAGATTGAGCGCCTGGAGGACAGGGCTGGAGATTGAGCGCCTGGAGGACAGGGCTGGAGATTGAGCGCCTGGAGGACAGGGCTTTGTCTGCACTGTGCCCTCGGGGTCTGGGCTCAGTGAGGGATGAACCCTACCAGAGCTACAGGAATAAAGCACCCAACAACGTGTACGCCCAGACGAATATGGCGCTTTAAGAGCTGTGCGTGTTTTGGGGGAGCAGACGGTTGACAGTGTTGAGTTTGATTGAAGGCATCGACTACAAGACGACCACCATCCTGCTGGACGGGCGGCGGGTGAAGCTGCAGCTCTGGGATACTTCAGGCCAGGGAAGATTTTGTACCATATTCCGCTCCTACTCCCGGGGCGCACAGGGTGTGATCCTGGTCTATGACATTGCGAACCGCTGGTCTTTTGACGGCATTGATCGATGGATTAAGGAGATCGATGAGCATGCCCCCGGAGTCCCCAAGATCCTGGTGGGGAACCGCCTGCACCTGGCGTTCAAGCGGCAGGTGCCCACGGAGCAGGCCCAGGCCTACGCCGAGCGCCTGGGCGTGACCTTCTTTGAGGTCAGCCCTCTGTGCAATTTCAACATCACAGAGTCGTTCACGGAGCTGGCCAGGATCGTGCTGCTGCGGCATGGG,1.1757215474968938,0.23354641934723364
7756,ENST00000320865.3,ENSG00000175711.8,B3GNTL1,82942155,83051810,4.689547750745301,1383,1616.3,76.4137,1.06515,GCCGAAGCGGCGGG,4.402711121199174,2.1383921866128
7757,ENST00000582707.5,ENSG00000101557.14,USP14,158383,214629,117.27947688666902,1803,1406.37,121.409,1.94496,CCCTCACTTGCTCCCTCCTTCCTTCCCGCCACCCCTCCACCGCCTTCCCCCTCCTCCCTCCTCTCGCCACCTCTAGGCCCCGCCCCGGTCCTGCCGCCCAGTCTCCTCGCTGCAGTCGCTCCGGAGCTGCACGGGTGTTTTGCGTGTTGCTGCGTCATCGCCAGTGGCCGGTTTGAATGAGACTCGTCGCACCGAAGCCGCCGCCACCACCGCGCCTCCGCCTCGGCCGCCGCCGCAGCTGCTCCTGGTCCCCGTCCCTTTGCCGCCCTCGTCAGGCCCAGCTCTCCTGCGCCGCCGCCTCCCGCCGCGCCCCGCC,60.29917164706164,5.914066278291583
7759,ENST00000323274.14,ENSG00000176890.15,TYMS,657604,673578,583.7289949304505,1662,1591.0,3091.64,43.7806,CGGGACGGCCGCGGGAAAAGGCGCGCGGAAGGGGTCCTGCCACCGCGCCACTTGGCCTGCCTCCGTCCCGCCGCGCCACTTGGCCTGCCTCCGTCCCGCCGCGCCACTTCGCCTGCCTCCGTCCCCCGCCCGCCGCGCC,13.333051509811435,3.7369350999391218
7761,ENST00000261597.8,ENSG00000080986.12,NDC80,2571511,2616635,70.0838244464333,2172,1593.0,1183.79,16.7425,ACTGCGCGCGTCGTGCGTAATGACGTCAGCGCCGGCGGAGAATTTCAAATTCGAACGGCTTTGGCGGGCCGAGGAAGGACCTGGTGTTTTGATGACCGCTGTCCTGTCTAGCAGATACTTGCACGGTTTACAGAAATTCGGTCCCTGGGTCGTGTCAGGAAACTGGAAAAAAGGTCATAAGC,4.18598324303021,2.065566536331892
7762,ENST00000320876.10,ENSG00000101596.14,SMCHD1,2655738,2805017,39.6619048879037,8821,7124.41,3288.67,10.4,GCGGCGCTGGTCGCGGGTCGCACCGTGAGGCTCGCGTGGGCGGCGATAGGCGCTGGGCCCGGGCCCGGTGAGGAGCGCGCCGCGCGTCCCCTTCTCCTCAGGAGTGGCGGGCCGCGGAAGTGACGTGGTGCACGGGCAGGAGCGCGTTTGAATCGGTTCCCGGGTGATCCTCGCGCCTGCCGCTGCTCGGCCGCCGCCGCTGACGAGGAGCTGCAGCGCGCCGGGCCGAGGCCTCGAGCCGCCCCGGGAGCTGGAGCTGAAGGCGCCGCGCGGAGCGCGCACCTCAGCCCTGAGCCCGGCGGCGGCAGGCGTCGCTGTCTTTTCTCCTTTTCCCCAAT,3.8136447007599714,1.9311704408377168
7763,ENST00000254528.3,ENSG00000132205.10,EMILIN2,2847030,2915993,2.340842785627604,5910,7392.4,433.926,1.32249,CCGGAGGGGGCGGCCGCGGAGCACTGGTTGGAGCGCCGCGAAGCGCCCGAGCCTCTTGCCTTCGCGGGCGGCGCCCTGGCCGCCGGCAGCCTTGTGGCCGGTGCCCCGATCCGCCGCGCTCCGGACCCGGGCAGGCGGGGCGCGCCCGCTGCGCGCGGG,1.7700268324354849,0.8237712307761771
7764,ENST00000579226.5,ENSG00000101608.12,MYL12A,3247481,3256236,198.3837245712951,947,695.712,33.1198,1.07255,CCGCCCTTCGCCGTGCCCTGGAATGTGCGGCCAGGCAAAGCCACAGGACGGACGCAACCATCTGCGGAAAGGATAGGGGGGAGGAAGACTTAACACTGCAACAACAGGACTTAACCACCACC,184.96454670765476,7.531104956782852
7765,ENST00000237500.9,ENSG00000118680.12,MYL12B,3261909,3278284,258.89015292305044,1210,1050.83,1973.77,42.318,CGCAGCGCAGGCCGCGATATCGCAGCGGATCGGAGCAGGCCGGAGGGGCAATTAAGACCCCGGCCGTGTGCGTCCGGCCTCAGCAGCCCCGCCGCTCGGCGGACACGCAGACCCCGCCGGCCCGGGCGCGAACACTCAGCGCACCCCCGTTCCACTTGGTCCCGCCGCGCCTTCCGGTGCGCCTTCCGGTGCGCCTTCCGGTGCGCCTTCCGCTCCGCCCCTTCAGGCAGGAAGTGTCGGCGCCGCCACTGTCCGGCCACAGCCTAACGCTCTTCGCTGTCGTTTGTGGTCTCGCGCAGGGCGGCCCCGGTTCTGGTGTTTGGCGTCGGAATTAAACAACCACC,6.117731294556701,2.6129967416584785
7766,ENST00000329286.6,ENSG00000206418.3,RAB12,8609445,8639381,46.36457109831319,2137,1704.84,826.058,10.9166,GCTGCCGCTACTGCGGAGTAGCTGCTTCCCTTCCTCCTCTCCCGGCGGCGGCGGCGGCAGCGGCGGAGGAGGAGGAGGAGGGGACCCGGGCGCAGAGAGCCGGCCGGCGGCGCAGTTGCAGCGCGGAGCCCACGGGCCGCCGGGGCCGCTCCAGCGGGCGGAAGCCGAGCCCGGGGCCGACCCCCCGCGCGCGGCGGAGGCCGAGGGGGCGCCGGGGCCCGGGGCGCGCAGCCGGGGGGCGGGCGGCGGCGGGCGGCGGGCCGAGCGGGAGCCGCATGCGTGT,4.247162220683472,2.0864992135843083
7767,ENST00000318388.10,ENSG00000178127.12,NDUFV2,9102630,9285985,125.37854999167074,930,717.173,1221.94,38.3872,GCGTGCCGTCCGGGTCGCCTAGGCCTGGGGTCGGGAGCGCGCACGCTGTGCGCCCTGGGCGCGCTCGGGATTCTCGCCTGGCGCGGCTGGGGAAGGTGAACAGTGTGGCCCGCC,3.2661551244078946,1.707593312607917
7768,ENST00000262120.9,ENSG00000128791.11,TWSG1,9334767,9402420,111.86507270092773,3756,2650.69,1338.49,11.3768,CTCTTTAAGGTGCCCGAGGCTCGCGGGCGCTGCGCTGAGGGGACGGCGGGAGGCGCGGCCTGGCCTCGCACTCAAAGCCGCCGCAGCGCGCCCCGGGCTCGGCCGACCCGGCGGGGATCTAGGGGTGGGCGACTTCGCGGGACCGTGGCGCATGTTTCCTGGGAGTTACTGATCATCTTCTTTGAAGAAAC,9.832736156118393,3.2975929312744134
7769,ENST00000578921.5,ENSG00000168461.12,RAB31,9708165,9862551,22.795212997639563,4055,3802.17,1744.01,10.3342,CCGTCCGGGGGCGTTCCTGGGAGCTGGGGGCCGGCGAGGCTGGACCCGACGCGCCCGGGAGGAGCCGGCCGGCGGCCACGTGACCCACCGCGGCGGGGCCGGCGGCCCAGAAATAGCAGCGGCGGCGGTTCCGCCCGCGGGCGGCGCGAGCGAGGGGCAGAGGCGAGAGACGCCGGCGGGGCGCGGGCGCGGCGGCCCCGGAGGATGCTGCTGAGCCCCGGCACTGCCTGGCTGCGAGCAC,2.205803351748521,1.1413041798218744
7770,ENST00000400000.6,ENSG00000101558.13,VAPA,9914002,9960021,116.550709860212,6815,5297.04,956.112,4.06665,TCACGTGGGTCGCCGAGGCTCGCAAGTGCGCGTGGCCGTGGCGGCTGGTGTGGGGTTGAGTCAGTTGTGGGACCCGGAGCTGCTGACCCAGCGGGTGGCCCACCGAACCGGTGACACAGCGGCAGGCGTTAGGGCTCGGGAGCCGCGAGCCTGGCCTCGTCCTAGAGCTCGGCCGAGCCGTCGCCGCCGTCGTCCCCCGCCCCCAGTCAGCAAACCGCCGCCGCGGGCGCGCCCCCGCTCTGCGCTGTCTCTCCG,28.66012808090492,4.8409731518451835
7772,ENST00000322897.10,ENSG00000134265.12,NAPG,10525905,10552761,50.81131275140898,3548,2779.27,535.943,4.3446,GGCGGATTCTTGGCGCCGGAGGAAGAGGCAGGGTCACCCTCTCTCCACGTCAGAGACCTGACTGTGGAG,11.695279830458265,3.547854476046249
7773,ENST00000334049.10,ENSG00000141404.15,GNAL,11688956,11885685,12.986630300527072,6535,7158.88,707.195,2.22565,TCCTACACCCAGCTTTCCGTCCTCGGTTACTATCGCCCAAGATCAAAGCCACCCTGGTTTTCTGATTGCCGCAACTGCGGCTCCAGGTGCTGAGTGCACAGCCACTGCGGCACTGTCCGCAGCTGCGCGCCGGGCTCAGACGGCATTATTTACGGTACAGAATACTCGCCCGCGCGACGGTATTTACGGTAACGGGGACCAGCCTGGGCGGCAGTATTTACGGTAACGAAAGCCAGCTGTATTTACGGTAGCGAGGGCTGGACCGGCGGCGGCATTTACGGTAACGGGGGCCGGGCTCGCGGAGGCCCGTCGGTTCGGTCCGCTCTGGGCGTTAGCAAGTGATCTCCAGCCAAGGCGGCCGCCACCCCTTGCACACAGCAGAAAATGCAAAATGACCCTCTGGGGCAGTGAGGGGCTGTGGCCCTCGGCCCCGGCCTGCCGCACCCCCTTCCCGCAGCTGGCGGCCGGCAGCGCCGAACAGGGTCCGGGTGCAGCCCCCTCCCGCCCCTCCGCTGAGGCGCCGGCCTGAACTGGGCGCGGGAACCAGGCCGCCCTCGGCGCCCAGCCTGCCCTAGTCCCGCGCGCCGCCCCCGCTGTGCCGCGCCCAC,5.834983173691763,2.5447284956470275
7774,ENST00000526991.2,ENSG00000255112.2,CHMP1B,11688956,11885685,132.96059819632768,3054,2844.54,1089.94,8.63285,GAAACAGGAAGTGGGACCAAAACAAAGGAGCGGCGGCCGGGAGCGGACTTACCTTACCTTCTCTGCCTTCGGCGCGCTTCTCAGCCGGGCCGCCGACCCAAAGGAGCCGTCCGACT,15.401703747467833,3.945018046591017
7775,ENST00000269159.7,ENSG00000141401.11,IMPA2,11981025,12030883,9.54962542405504,1534,1769.79,223.09,2.84001,GCTGGGCTGGGCTCGGCACGGGGCGGGGCGGAGGGTGGGGAGCGGAAAGCAGGACGCACGGCTCCCGCGGCCCGCTGGCTGCCCTTCCCGCCAGCGCAGGTGTGGGACGGGCGGCGGACTAGGCACAGAGCTGCGGGAGCAGGCACAGGGAGTGTGGAGCCTGGCGGCGGGACGGCGGGATCCGGTGGGAGCCGGAGTCCCGCCGAGGGGGGCTGGAGGTGGAGGGGCCCGGCGAGGCCGCG,3.3625323234971147,1.7495481361376197
7776,ENST00000317702.9,ENSG00000176014.12,TUBB6,12307669,12344320,116.47137740737767,2064,2370.52,1983.52,18.8519,TTTTCCGCCCGGCTCCCGGCAAGGGTCCCCCGACTGGCGCCCGCGCGTCCTCCCTCGGCTGCTGCAGGCCGGGCCGCGGCGTCGAGCGGGGGCGGCGGGGCGGGGCCCGCAGCCATTGGCGAGCGGCGGGGCGGGGGCGGGGGCGCGGAGGGTCGGCCCCGGGACGCGCGCAGCCGGCCCGCAGTTGCCGCTGTCGTCCGCAGAGCCAGTTCCTAGCGCAGAGCCGCGCCCGCC,6.178230173477351,2.62719362039069
7778,ENST00000590217.5,ENSG00000128789.20,PSMG2,12658043,12725740,7.308429935820674,1036,626.827,146.708,5.27312,TCCGGGGTCTCGGGCTTCCGCCTTCTTGCTGCCCTCGTTCTTGCCAGGGCCGCGGTTAGTCCCTGCTGGCCACCCCACTGCGACC,1.3859783080644237,0.47090467804310676
7779,ENST00000262124.15,ENSG00000085415.15,SEH1L,12947133,12987536,172.137036167896,3494,2658.77,1424.0,12.0668,GTGCGGGGGCGTGGGCAGCACAAGCCGTGCGCTCCCGGGCTGCGAGGTCTGGCTAGGCTACGGGCCACGCGCCGCCGCCGCTGCCGCCGCCACTGTCCTCTTCGGAGGCGCGGGCCCGACGGAAACC,14.265342606813405,3.834442491033435
7781,ENST00000506447.5,ENSG00000101639.18,CEP192,12991362,13125052,10.789121856589004,7960,7188.84,1190.74,3.73182,AGTGCCCTGGGACACCTCTTCAGTCCGTGGACTTTCCCGCTGCACACTGCCCTCCGAAGTCGGGGACGCGGGCTCGTGAG,2.8911152886765716,1.531626140148628
7782,ENST00000592764.5,ENSG00000101654.17,RNMT,13726660,13764558,2.8052639423251797,4108,3689.14,209.624,1.2802,AAACAGAATCGCGTTTGGCTGTGCTGGATGTGTGAACCTATTGGGTACTGTACAACTTCAAGCCTCGAAATCAGATAGGCACCACCAACCTCATTTCCTGTTTCACCTTGATTTTCTGTGATACCAAAATCTCAGCTTCACAAAGTCATTGAAAGTGTTGGTTCATGAAGTTTTACCATCAATTCAAGTAATCATAA,2.1912700689932665,1.1317673041300382
7783,ENST00000300413.9,ENSG00000167088.10,SNRPD1,21612267,21633524,235.67255771964125,4909,4457.43,1429.54,7.22558,GCGCAGCCTCGGCGTTTCCGCCATGCGCCTGCAGTGCTCCGCGCGCTCTTGACGTCCGGAGCCCCTGGAGTAGGCGCTTCCGGCCATTCATACTGCAGTCGGTCAGTGTTCGGTTGAAGGATTCTGTGTGCTGTCGGACCCAGAGGGTGACGGCGCCGCTAGG,32.61642078831613,5.027526569326491
7784,ENST00000261537.6,ENSG00000101752.11,MIB1,21704957,21870957,20.338565769011847,9576,7688.13,2294.59,6.72429,TGCCCGCTCTCCGCCGCCGCCTCCGAGCAGCCGCGGGCCGCCCTCCACTCCGAGCGGGGGGCGCGGCGGCGACAGCTGGGCAGCGGCTTTGGGCTCCGCGGGGACCGCGCCGCCGCCCCCGTGAGTTATTCTCACGTCCCCCGGGGCTCGCTGCCGCCCCCGCCGACGCCTAGAGTCCGGCCCGGGCCCAACTCCCTCACGGGCCCCCCGGCGGCAGCGGCGGCGGCGGCGGCGGCAGCGGCGGAGCCCACCGCCCGGGCCCCG,3.024641377604453,1.596764096627684
7785,ENST00000269216.7,ENSG00000141448.8,GATA6,22169443,22202528,68.51807274154669,3770,4389.03,763.156,3.91748,GACCCACAGCCTGGCACCCTTCGGCGAGCGCTGTTTGTTTAGGGCTCGGTGAGTCCAATCAGGAGCCCAGGCTGCAGTTTTCCGGCAGAGCAGTAAGAGGCGCCTCCTCTCTCCTTTTTATTCACCAGCAGCGCGGCGCAGACCCCGGACTCGCGCTCGCCCGCTGGCGCCCTCGGCTTCTCTCCGCGCCTGGGAGCACCCTCCGCCGCGGCCGTTCTCCATGCGCAGCGCCCGCCCGAGGAGCTAGACGTCAGCTTGGAGCGGCGCCGGACCGTGG,17.490343981729758,4.128486757837933
7786,ENST00000327155.9,ENSG00000101773.17,RBBP8,22798261,23026488,21.37891501355076,3288,2734.04,1564.24,12.8902,AAGTGGAACTCCCGCGTGACGTCGCGCGGGCTCCCGGGCGGGGCGGGTCCGGCCGCCTCCGAGCCCGGCCGGCAGCCCCCGGCCTTAAAGCGCGGGCTGTCCGGAGGGGTCGGCTTTCCCACCGAGGATTTGGCACTCTGGTGAGGGAAAAGGGCGAAAGAGAAAAGCGAGCAGCCGTCCTTTCACAGCCTCAGAAAGTGCTCGCTTCCCTTCGGGGGCTTTCGCGAATCCCGAGGCAATCTCGGAGGCGGTATTTGACCTGTCCAAAGACGACTTGATACCTCTATAATGTAACAGAAAAGGTCAGAAAATATTAAGCAAGTAGAAGTGTGGAGCATATTAAGCAAG,1.6585402098920698,0.7299139894600739
7787,ENST00000339486.7,ENSG00000101782.14,RIOK3,23452823,23486603,30.507195522716824,4038,3531.12,173.023,1.10396,AACAACAACCACCACAAACTCCGACCGTCCTTTCCAGGCCCTTTCCCTCTATAAACCTGCCGTTTTCTGTCTCCCAAGTCATCCCAGTTTAGAACTGCTCCAGGAAATAATGAATGAACAGAGAGAGCCTAGTTTGTTTATTTATTTACAATCCACTAGTCTAATCTAGTTTAGATCCAGCGGCAATTTTTGGGGTGCCAAGGAGGAAAGAAGGAGATGGCAGTGCGGGGACAGGGCAGAGCCTGGGCCAAAGGAAGCCACACCCAGTTCTTGCCCTGCCCTGCCCGACACAGGCAACGTGACCCCAAGCGACAGCCAGCTGATGCTTGCTTCTCCGAGCCCGGCGGTCAGCAGCCGGAAGTAGCCCGCCCGGGGGCGGGGAAAGGTGCCTTAAGGAGGAGCTAGGGGCGTGCGGCCAATTGCAAGCGACTGTCCTAGCGAAGAGGGCGGAAGAGGAGAGATCCAGTTCCGGACGCGGCCGCCGCCGTCGCCGCCATCTGTCACCTCCACTCCGGCATCAGCAGCCAGTCGCCCGTGTCCCGCCTGTCTCCTCGGCGGAGCCTGCTGCCCGTCCTGCCACCTCTCTGCTCTGTTCTTGTCTCTGCCTTCATTCCCGA,27.63433052168269,4.788389756661517
7788,ENST00000269221.7,ENSG00000141452.9,C18orf8,23503470,23531807,28.14420253994623,2162,1993.44,524.675,5.92992,CCAGAGCCGCAGCCGCAGCCGCCGCTACAGTCCGGGCCGGGCTCCACCGCGCATCCTGCTCCACTCTGGCGACCGCCCCCGGGGCCCCCGCCGCGGGCGCGGCGCCCGCC,4.746135283434891,2.246753223574215
7789,ENST00000313654.13,ENSG00000053747.15,LAMA3,23689443,23955066,3.200726383533667,10661,12667.9,813.416,1.44668,GAGCGCTGTCAGTTCCTGATCCGGCTGGTGCCCGCTCCAGCCGCGGCAGGTTCCAGAGCTGAGAGGCCACCCCCACGCCGCGGGCTTCCAGCGCGTGGAGCAAGGGGAGCGGCCCCGGCGCCGCCCATATCCCCGGCTGCGCTAGTCCTGGCGCTGCAGGTCCGGGAGGCGCAGGCGGAGAGCGGCGGTGCCCCCGAGCCCCTCTGCGGACGGCTCAGGCGGGAGGACCCCGCGCGGCTGG,2.2124632838870153,1.1456535136843833
7790,ENST00000317571.7,ENSG00000168234.12,TTC39C,23992773,24135610,12.312877740945872,2442,2292.34,118.194,1.16166,TGAGTAATCCCCGCGGCGGCGGCCGGACGCCCACCTCCCACGCCGCGCCGCAGCCGGGCCGCGGCTCCTCCCTCCGCGGTCCTTCCCTCCTCTTCCCTCCCGTCTTCTCCCCTCCCCTCCCCTCCCCTCCCGGCTCCGCTTGGCTCCGGGCAGGTAGAGCCGGGCTCCGGGCGCGCGCGGGGCCGCAGCAGCTGCTCCCGATCTCGCCTCGGCCCAGCGCAGGGCCTCGCACGCCC,10.599381695974616,3.405908203999579
7791,ENST00000399496.7,ENSG00000154040.20,CABYR,24138956,24161603,10.261523913191253,1414,1394.14,217.612,3.51673,GGCCCCGCCTCCTTGAGTGGTGCGGAGCTTTGTGATGCGGAGCTTCGTGATGCACGCCCCGATGCCTGCGGGGCTATAAAAACGCTCGCAAGCGCCAAGTCTCCTCAGGAGCCGCCGGCAAGGGGGCAACGAGGAAGCTCTTAAGAGCGCGGCCGGAAAGCAGTTGAGTTACAGACATCCTGCCAAA,2.917916335115648,1.5449385177163313
7792,ENST00000284202.8,ENSG00000154059.9,IMPACT,24426616,24453535,19.604250745153458,3792,2897.38,497.495,3.86852,AGATGCCGGCGGCGCGGCGTGGCAGGGTTGTGGTTCCGGGTCGGGCCGCGCCGCAGCCAGCTCTCGGCTCGCAGCCGCAGCGCCCCGCCCCCGCGCTCCGGACCTGGCAGGCGGCGGCTGCAGGGCAGGTCCAGGGGCCAC,5.067635877584569,2.341312866926381
7793,ENST00000261590.12,ENSG00000046604.12,DSG2,31498043,31549008,91.8479734354783,5831,5378.93,3568.35,14.9463,ATTTTCTCGCGGCGGCCACACCTGGAGCCGCGCCTTTGGGTTGGGCTGGGCTGGGCCGCGCAACCGCCACGGGAAGACAGCCCTCGGGGCGGGGAGGGAGAGGGTGGCCGGGCCGGGGGGAGGCCGGGGCCAGGGAGGAGCCGAGTGCGCGCTCGGGGCAGGCGGCGGCGCGGAGCGGTGCGGCGGCGGGAGGCGGAGGCGAGGGTGCG,6.145198038007955,2.6194595043079856
7794,ENST00000217740.3,ENSG00000101695.8,RNF125,32018372,32131561,15.434915168957376,6020,5571.07,279.42,1.13,AGGTCATTTTTGCAGCTTATTGTGATGACAACAGTGGAGGATGGTCTTCCACTTCACCTTAAAAGCGGCTGTTCTCTGATTATCATTAAGCATGGCCACGCCCGCACTTAACTTCTGACAGTGGGGAAAGCAGCTGTGTGTGATAGCTTGGAAGGTTTACTGCTGCCTCAAGTCCTCTTCTCTGCAGTTGAGGTTTCAGGTTTCAATCCTCCCAATACCACAAGACAGAGCACGGGGCGGCTGCCGCCTCCGCCTCCGCGCCTTAACCTAGGCGGCTTGCCGAAGATCTCAGCCCCGCGGCCGCGCGCTCGCCCTGCCCTAGACCAGGGTTGGGCGCAGCGGCGGAGGTGGCTTCTGGGCTGCGCGAGCTGGGAGAGCTGGGAGGCGGCGATCGCAGCTGGGCCGGGACTTCCTTCCTCCACCGCACGGCAACAAAACAACCCTGCGGCAGGCACTGAGTGCTTCGCAGCTGTCTGGGCGAGAGGCACAGCG,13.659216963679095,3.7718028760997866
7796,ENST00000261593.7,ENSG00000134758.13,RNF138,32018372,32131561,67.18648227041372,3570,2638.06,1337.47,11.4225,GTCACAACCCGCGGAAGGCGCCGTGCGCCGGTTGCTATACAGGCCGCACTTCACACCCCGTGCCTCCCCGCCTCTCCTGGCTCCTCCGCCCAGATCCCCGGCGCTCCCGCGTTCGGTGACGGCCGGGTAGGCTGTAGGCAGCGCAATGCCAAGACAGAGCTGCTGGCGGCGGCGGGCGAATCTCCCTGCACCATGAGCCTCGGCTCCGGCCCCGTTAGGGGCCGATAAGCACAGCGCACGCCGCCCTCCATTTGCCCCGGGGCCTCGGCTGCGAAGATAGCGGCGGCCGGACAGGAAGCTCGAGGAAAGCGCTGGGCCGGGTCTCTACGAACACGTGAAGGAAAAGCAGCTCCGTCCACAACGCCGCTTCGGGGCTCCTAGGGAGTCGGGCCCCGGGCCGCCACCGTCACCTCGGCCGCTGCCGCTGTCGCCATCGCCTTGTTTCCCCATCCCCCGCC,5.881941980338255,2.556292553505646
7799,ENST00000595022.5,ENSG00000134769.21,DTNA,34493290,34891844,5.166551659053408,6016,6076.8,724.785,2.68718,GGATTTCATACTCATAGCTCTCCCTAGAATTTCAGAGAGTTCTGTTATGATCTCTGTTGTAATTACCAATTTGGTTCAAGTTTGTTCTTTAAATGAATATGCTTAGAATTCACATATGTTCTGGATGTACTGGAATTAAAAGGATTTAAGAGATCATGGTGTGCATGTTCTAGGATAAATAGGATTTACCAATCCTTGGATGAAGTGCTTGGGAAGTCTTTAAGTGCCATAATCAACTGCCATTTCAAAGAATATAGATGGTTTTGAAAAGTTCATGCTGTCCCTTCATTGAATTTTAGA,1.9226667581082801,0.9431087324718437
7800,ENST00000300249.9,ENSG00000166974.12,MAPRE2,34976928,35143470,95.52550312635464,4265,4431.4,2156.3,10.963,GTCAGCTGCCAGAGGGCGGGGCCGCAGGAGGGCGGGGCGCGAGCGAGAGCTGGGAGAAGGCAGTGAGCGAGCAGGCGGCAGGCACGGTCCGTGCGGAGCAGGCGAGCGAGCGGGAAGACGCAGCCACCTTCCTCACCAGCCAGCCCACAGCGGTTTGTTCCCCTTCTCGGGAGTGCGCCA,8.713445510020492,3.1232433086402396
7801,ENST00000330501.11,ENSG00000186812.12,ZNF397,35241030,35267133,7.811611872489462,5251,4999.57,572.681,2.58073,CGCGCACTTCCGGTCTTTGTGGCTTGCAGCTCGGGGTGGGTGGCTCATTTCCTGGCCGCTCCTGGGCTTCGCGGAAAGAAGAGATTACTCACACTCCTTCGCAAGCACAGAACCAGTTGTACTGAGCTTTTTGCTAAGCTGTTTCAGCCAAGA,3.026900091249167,1.5978410569830286
7802,ENST00000269195.5,ENSG00000141429.13,GALNT1,35581117,35711834,34.8205722514821,3847,2767.22,880.094,7.1655,GGTATGAACGTGATTTCTGATGAAACTGGATTGGAATAATTTTCATGATCTTTGTATATTTATATATATATATTTTTAAATTTTGCATTTGACTTAAAGTGCC,4.8594755776264185,2.2808006302136863
7803,ENST00000358232.10,ENSG00000134759.13,ELP2,36129444,36180556,63.68101201869642,8459,8680.22,523.729,1.35937,AGTAGTTCCGCTCCGAGGGCGGAAGTGCGCGTCTCTTGTTTGTGCGGCTGACCAGTTGGCGAC,46.845974251819904,5.549853168887456
7805,ENST00000257209.8,ENSG00000134775.15,FHOD3,36297714,36780055,2.351368666765703,4967,6169.7,367.917,1.34353,AGCCTGCGAGTCCGCGAGCCAGCGAGCTGCGGCTGCGGCCTCCCCTGCGCGCAGCTACCCGGGCGTCCCGGCCCGCGGCCCCGCTAACCCCGGGGCCCGCGCCCCCGCGGCAGGGATGCATC,1.7501422869349423,0.807472218235136
7806,ENST00000262039.8,ENSG00000078142.11,PIK3C3,41955206,42087830,25.80667600370812,9443,8054.1,1034.57,2.89404,CGTGTTGTGGGGCTCAGCTGGTTCATTTATGTTGTTTTTCCTGTACCTAAGTTCCCGCTGTAGGTGGTACCTTTGCAGACGGTGCG,8.917180137008515,3.1565875615440135
7807,ENST00000282030.5,ENSG00000152217.16,SETBP1,44680173,45068510,1.597858406470037,9899,10961.3,630.004,1.29492,GGTTAAGTGGAGCTAGAGAGCTACATTGTAACCTAGTTGGATTTTTTTGGGGGGGGAATGTATCAGAATCTAACGTGTCGTTAATAGAAAGAAGAACAGGCAAGAAGTGGTCCAGCCGGCGAAGTTGCAGATCTGATCTCTTCTGAACACCTCATCGTGTCTCCATCCCTGGGAATCTGACCCTAGCAACTGGACCACTTTGTTCTTGGAATTTTGGGTGTCCTCTTTTCTCACCTTTCCCTTTTCCCTTTTCCCCTTCCCCCTCCTGAGAACTCCGGAAGACTGTAGAGATTGTC,1.2339437235273507,0.30327659899349524
7808,ENST00000282058.10,ENSG00000152240.12,HAUS1,46104332,46128333,80.49981805032398,1125,729.182,584.404,18.0567,GGCGTGTGGGCGGGGCCTAGGGAGTGAGCGGGGCGCATCTCCCGCTAGGAGTTCCTAGTAAAGTGGCGGGAGCCGCAGCT,4.458168881928812,2.156451269021694
7810,ENST00000619301.4,ENSG00000152242.10,C18orf25,46173553,46266991,43.25528118253722,5264,4497.45,676.418,3.38852,AGTGAGGCGCCCAGCGGAACGGCCTCTGGTGACATTTTCTTGGGGGCGGCGCGGACGACTGAAGGGACTTGGTGGTAGAGGCTGCGGAGGCGGCGAGGTTCACTTTGGTCCCGGCAGGGGCTCTGACCGCGACCCACTGCTCGCTGCCGGGGCTTGTTCCGAGGAGGAGAAGGCGGCGGTGGCCGTCGCGTCCTGAGTCACCGCAGCGGGGAAGAGTCCCGGCCGGGGGTTCGGTGCGTGCCCCGACGGGGCGCGCGCGAAGCGAGCGAGAAGGCACGGAGTCGCCGCGGAGCGCAGGTTGCTTTCCTGTTGCATCTTTGATATCATTTCCTAGACTCTACTCCATGATTTAACTTGAAATTCTGAA,12.765242991789105,3.6741490952029023
7811,ENST00000285116.7,ENSG00000154839.9,SKA1,50374995,50394173,77.81562880465914,2905,2657.97,825.312,6.99568,GATGACGCAAACCGGGAACAGCGGCTGAGCCTGCGCTTCGGAAGCATGGATGTGCGCCTGCGCTGCGCTAGGGCGCGGCGGGCGGTTTGAATTTTGCTTACAGAGTCCCGTCTCACCATCCTGGGCTTCCAACGGAGACTGCGGTATCCGCAGCTGGAGACCCAGCGGCGAGTAGCCTTTTGCTCCCGGACGGACTTGAGAGGCTTAAAGG,11.123383117103575,3.475523737621205
7812,ENST00000400384.6,ENSG00000141639.11,MAPK4,50560078,50731824,7.692985935078038,4770,6545.66,316.606,1.08975,GCGGGAGCCGGAGCCCGAGCTGGAGCAGCGAGCCGGGCTGTCGGGGCGACCGCGGGAGCTCGCCGTGCGCCGTGGCTGGGACCGGCCTGGCCGAGCGCGCCGGCGCCGCGGCCGCAGACAAAGGGCGGCTCGCGCCCGGGCCGCCACGCTCTCGGGCTCTGCCTCGGGAAGGAGACTTGGTCTGAAAGATGCCACATTCCTGCAGCCTCTCTTGGTGCAGTGGAATACAGTCTTGGGCGAGGTGGCGTGGATGAGCTGGTGAAAGAGGATGCTGCCCACATCCAAAGGCTCCAGAGGATCCTGGCCTGGCAGCTGAGCTCCCCTGCATTTGGAACCTCAGGCGTAACTTGGTGTAGAGCTCATGAAAGGTGCTTGTGTTTCTCCAGCTTTTTTCACCAGTGCTTACCAGACTGGCTCAGGTTTTGGAATCTAAGGTGAGCTGGTAGAAACAGGAGAGGTAGAAAGAAGCCCCTGGATGCCTCCAGAATTCATTGATGGGATCCCTGCATACTGCTTGGAACACAGAAAGAGGCTGTGACACAGCTGAGCTTTGGAGCATCTTAAGGAGCTCAGCTCAGCAAACAACTCTTGCATTTCAGCCAGAAAGAGCCTCTTGTAACAAAGTATTCAAAGGGGAGAGTTTCTGCATCTTTTACTTTGCAGTCCACTATGGTAGAAAACTTGACATTCCATAGATAATGATACTGGGTTTTCTTTCCAAGATGCCAGCTTTAAAAGAAATATGAGCCATTCTAAGCTTTAAGAAGGGTTCAGGAAACACAGGAATTAGTAGACAGCCCTCCCAATGCAGGTTAAGACGACAGCCTGCGCCCCCAACTAGCACAGCTCAGCGAGCATGACCATATGCCATTCTCGTCTCCAGAGAGCTGGTGGCAGTGACCTCACTAGGAGAAAACACATCCCTCAGCCGTGGGACTTGACAGAATGAGGTGCGCGAGGGAGGCCGCTAGCCGAGACTTGGCCTTTCCTGACTGCCCCTGTGTTACCTGGGCAGCTCCAGATCACTGAGCCCACA,7.059404390986959,2.8195464670067034
7814,ENST00000321341.9,ENSG00000082212.11,ME2,50879049,50954257,99.4966164730245,9100,8047.69,633.708,1.77411,CCCGTCCGTCTCCACCGTGGGCCACGCCTTCCGGGCCCCGCGGCTGGCCGGCTCCTCGCGCCCTCCCCTCTCTCGGCCGCTCTTCGGGCCGCCTCTGCGTGTGGGGCCGCCCGCGCCAGTGTGAGCCTGAGCTGACGGCGGCTCCGGGAGGCTCGCAGAAGGGGAGGGCCGGGCGGCGCGGGAGCTGAGCATCGCCAGGGCGGGCGGCAGGGCGCGGCCTCTCCGCCGGGTGTACCACCTGTCGCGGCGCGAGACCTCTGGTGAAAGAAAAG,56.082552081339095,5.809480096720158
7815,ENST00000357574.7,ENSG00000091157.13,WDR7,56651343,57038845,10.47832660645182,7213,7232.26,746.829,2.32653,CTGATTTACTGCAGTGGCGGCGGCGGCGGCACCGGCACCTTGCAGTATCACTGGGGAGACGGCGGCTGTATAGCGCTTGCCGCCCCACGGATTATCCCAGCAGGATCTACGCACCCCGCATCCTCCGTAGTTCCGCCCTATCCTTGTCCTCCTTGGCTGGGGCGCCCACCGGCGGTCTGATAGGCTACATCGCGGCATGAGATGAAGCTGTGACAGGTTTGAAAACACAAACACA,4.503843323082797,2.1711566407078755
7816,ENST00000491143.2,ENSG00000119547.5,ONECUT2,57435685,57491297,7.90351005689446,16121,15180.1,1592.34,2.36333,GCCCCCGCCGCCCCCGGGCCCTGATGGACTGA,3.3442261795409274,1.7416724242929658
7818,ENST00000382850.8,ENSG00000049759.17,NEDD4L,58044367,58401540,18.923320172017476,8251,8289.66,786.936,2.13877,CGCAGGGTAGGGTGCGGGACCGGGGGGACCTGGAGGCAGAGGGGAGAACCGGCCGTCCGCGCCGCAGCACAGCCGCTGGGAGCGCCTCAGACCCCGCGCGGGGCGCCGGCTCC,8.847758371408554,3.1453119867106643
7819,ENST00000348428.7,ENSG00000172175.12,MALT1,58671386,58754477,23.154184580916198,9368,8138.61,940.83,2.60449,CGAGGCTCCGTGCCCCGCCCCCCGGGTGCCCCGCCCCTTTGCGCGGCTGGCGCGGCCAGCAGGCCAGGCTCCCCTCGGCAAACCTGTCTAATTGGGGCGGGGAGCGGAGCTTCCTCCTCTGAGGGCCGTGCCGCGCTGCCAGATTTGTTCTTCCGCCCCTGCCTCCGCGGCTCGGAGGCGAGCGGAAGGTGCCCCGGGGCCGAGGCCCGTGACGGGGCGGGCGGGAGCCCCGGCAGTCCGGGGTCGCCGGCGAGGGCC,8.890103083872926,3.152200147708593
7820,ENST00000587834.5,ENSG00000166562.8,SEC11C,59139477,59158836,181.68801774223397,1202,1196.25,205.179,3.86434,CTTTCCTCGCTGCAGTCATCCAATAGCCAAGATACACGGCTAGGTGATTTGCGAGCGGGAGTTAGGTGTCCTCTTGGCGCCTGACCAGAGTCGGGAAATTCAGCTCCTCTTGAGTAGTCCCTTCCCCGAGTTGCCCCCCGAGGTATGCGGGGTCACTCGCTGCTCGATGTTCCCTCCGAAGGGTCGGACAAGGCTCCGGAGCCCTGTAGCTGCCCTCCCTAGGAGCCCCGGGTCTTCACTGGCCGAGGTGCCCACCCCGCAGCATTCTGGGAGTGGTAGTTTTCTTCCTTCAGGTTCATTCCTGGCTGGCCAGTGCCCAAGACTGGCGAGACTACGATTCCCAGACGCCCAAGCGAGTCGCCGGTCACGTGGCCGCAAGGACGCTGGGCCGGTGGGCGGGGGCCGGCAGGTGCTCCGCAGCCGTCTGTGCCACCCAGAGCCGGCGGGCCGCTAGGTCCCCGGAGACCCTGCT,47.01657145650589,5.555097433473348
7822,ENST00000316660.6,ENSG00000141682.11,PMAIP1,59899948,59904306,1319.2556639104855,1948,1199.07,6654.03,125.026,AGGGAAGTTCTCACTGGACAAAAGCGTGGTCTCTGGCGCGGGGATCTCAGAGTTTCCCGGGCACTCACCGTGTGTAGTTGGCATCTCCGCGCGTCCGGACACCCGATCCCAGCATCCCTGCCTGCAGGACTGTTCGTGTTCAGCTCGCGTCCTGCAGCTGTCCGAGGTGCTCCAGTTGGAGGCTGAGGTTCCCGGGCTCTGTAGCTGAGTGGGCGGCGGCACCGGCGGAG,10.551850526374398,3.399424128047971
7824,ENST00000256858.10,ENSG00000134444.13,KIAA1468,62187258,62307829,12.622221455062853,5579,4752.26,797.084,3.77891,TCTCGCGAGACTGGAGACCAGGAAGACGCCTGCAGAGCCGGGCTGCTGGTGCAGCAGAGGCTGAGGCATCAGGTGCAGCTGCATCCGGATCTCCTGCCTTGGAGCGTACTCCTTGTCTCTAAGTCGGGAGGCAGGACGTGGTCAGGCCGGGGCTGTGGAGGTGCGCTGTGTCCCCTGAGGCCTAGAGGATTCGGGCTGCGGCCCGTCGGAACCAGTCAGGGAGGCGCCCACACTCCTGACAGGATAAG,3.3401751973618987,1.7399237762730824
7825,ENST00000262719.9,ENSG00000081913.13,PHLPP1,62715450,62980433,13.47859680926868,6390,7783.13,823.799,2.38467,GCGGGGAGGGCGTGTGTCGGGGGGGCGGTGGCGGCGAGGCGGGCGCGCGGGATGGAACACTGAGACACCGACGGAATGCTCCGAATCGCCACATAATCCCCTGGAACGGCCGCGCACAACGCCATTGGCTTCTCCCTTCTCCGCGCGCCGCCGCCGTCTCCCACCTCCGCCTCATCGCCTCCCTCTCCGCCCGCTGCCTCCGGAGCTGGGGGGGAAACGCGAAGCCCCACTGCA,5.652185337706551,2.4988087730685673
7826,ENST00000397942.3,ENSG00000170677.5,SOCS6,70288901,70330200,14.044187233364449,5848,4759.62,405.693,1.92038,AGTAGTGGACGGGGGGCGGCCCGCTCGGCTCCTCCGCACCCGCTCCCCGCTCGGGCCGAGGCGCCGCGGCCGCGCGCCCCTCCTGGAGGAGGAGGAGGAAGGAGGCGGGAGGAGGAGTTGCCGAGAGGAGAAGGCGAGCGCGGCAGTCGCGCCGGCGCTGGGCGAGGAAGCGGAGCCGGGCCGCCTCCGGAAAATGGCTCCAAAGGTTAAATGAAGCAGGAAAAATACATAGATGCAGCCTTGCAGCCTCTCCAGATGTTTGGGGATAATATTCCAGATAGAAATATTGATCCCTTGGATTAGGTAACTAGTCATA,7.313233439925665,2.8705094138852365
7827,ENST00000169551.10,ENSG00000075336.11,TIMM21,74148511,74160530,47.46312903126281,3095,2889.65,244.972,1.91,CGGGGGTTTCCCAGGTGACTTTGCGAAGGCATGGCGGGGACACTGTGAATGTCAGCCCAGAAGGTGATCAGAGCCTGTTAATTAAAATGGAAAGAAGACAGAAGGGAAGGTAGACATCAGGTTCTCCCTGGAGACTTTTCGTTTTCATTTACGCTGCGGAAACTGACGTTTTTGCCTAACACCCCATGTAATGTAAACGTATAGGCTTGAGTACGTGTCCGGCCGCATGTGTAGTGAACCCTAAAGCTTTCCTAATTGTAGTTAGCATCGTCCCTAAGCGGAACGATTTTCCGTGAAC,24.849805775530267,4.63516267070815
7828,ENST00000320610.13,ENSG00000130856.15,ZNF236,76822607,76970727,1.8317387278899455,7124,8328.36,685.7,1.85497,G,0.9874762006339431,-0.0181821169797717
7829,ENST00000306735.9,ENSG00000101546.12,RBFA,80034346,80097088,42.203416489929616,1407,1559.58,436.187,6.30124,ACACGCCGCCTGCCAGGCGTGAGTCTTCCTCCCGCTCTGCGCCGTCGCCCCGCCCACACGCCGCCACCCTCGCGTCAGTTGTCGCTCCGCGCCTGCGCCCGTTGTCTCCCTGCTCGCTCCGGGTCCCGGCGCCGCGCC,6.697636733393684,2.743652129233072
7830,ENST00000262198.8,ENSG00000101544.8,ADNP2,80109031,80147523,36.308570537946736,5393,6135.64,1517.71,5.57301,ACGAGAGTTTGCACAGATGTGGAAAGGAGCTGGCAGGGCAGTTCCCTGGGACAGAAGGGAGTCAGGGGGTCCAACAGGGGCCCCCCACTGCCACCCCAGAGCCTCCAGTCCATCTTTAGCCAGGGGCCCCGGGGGGCCTGTGGGAAGTGCCAGGGGCCCCCAAGCACACTCTGCTCTCATTGGCTGGCTGCGCCTACATGCAAATGAGGGCCAACGTCACTTCCTGAGGCCAATCGAGCGCCATTTTCTCTTTCTGGCTGCGCGGGAGGAGGGGACCAGTCGCGCTGGGGGTGGGCGCGCGCTGAGGCGGGGGTCCCGCCGCGCGGGGCGGAGGCGCGGGCGGGCGCAGGCGGCCCCACGGGACGCGGCTGCGCTCGGCGGAAGACGCGGCAGCCCTGCGAGAGGCAGCAGCGGAGACGCGGTGCTCCTCGGGCGCCAAGCGGAAAATTTCAAAA,6.515073638473058,2.7037814853566493
7831,ENST00000261600.10,ENSG00000079134.11,THOC1,214520,268050,37.43893089155563,2087,1566.28,567.964,8.16983,CCGAGAAG,4.582583834860166,2.19616127400699
7832,ENST00000400256.4,ENSG00000158270.11,COLEC12,316740,500722,38.974602215401234,5742,6200.55,496.804,1.80517,CGCGCGCGGCAGCCCCGAGGCAGCAGAGCGCGGAGCCGGGAGCGCGGGGAGCGCGGGCCGGCGGCGGCGAGGGAGGACGGGGGCGCAGACGGCCGGCGCGCGGCGCGGCTACCATGGGCGTGCGGTGAGCAGCCGCTCGGGACGACTTCCTCGGCTGCGCGGCGCTCGCGCGGAGCTCCCCGGCCGGCGGTGCGTCCCCACGGTCACC,21.590543946221814,4.432327685567432
7833,ENST00000251101.11,ENSG00000132199.18,ENOSF1,670324,712676,28.490016210071538,1867,1822.04,207.703,2.56831,CGCTCCCGCCCTCCCGCCCTCCCGCCGCGCGCTCGGGATCCCGACCAGTCCTGACCGCACGGGGGCCGCGGCCACGGGGCGCAGGGGCC,11.09290397579402,3.4715651883441003
7834,ENST00000584307.5,ENSG00000176105.13,YES1,721588,812546,46.9527312710024,4639,3552.14,390.756,2.47843,GGTCGGGAGAAGTGACACGGACCGGTCGCCTATCCTGACCACAGCAAAGCGGCCCGGAGCCCGCGGAGGGGACCTGACGGGGGCGTAGGCGCCGGAAGGCTGGGGGCCCCGGAGCCGGGCCGGCGTGGCCCGAGTTCCGGTGAGCGGACGGCGGCGCGCGCAGATTTGATA,18.944546051735333,4.2437106653617676
7835,ENST00000574538.1,ENSG00000101574.14,METTL4,2537525,2571509,11.69274483982553,2742,2239.44,197.619,1.98816,CTGGAAGGCTGCGTGCTGGTCGCGCCCAGCTGCGTCACCCCAGGAACTGGGGTCTGTGGGCCAGTGTGGCCGTCTCTACGAAGACTGGCACGACCCCTAAAGTTAGGTCGGAAGACCTGTGGGCAGCTTGAGCGCCGAGGAGTGCCCTGAACGCTCAACTCGCCCTGGAAACGTTTTTCCGTACAGCAACATGGCGGCGCCCATGGACTCTTAGAAAAGGAGAAAGCTTTTTCTCTGTGGACTGGAAGGGGCATTTTTCATGATCACTATTTAGATGGGTGCTGTTTTCATGAGGAGAGTCTGGGAAGGCGGCGTCCGCTTTTCTGACAAGGGAAGAGGCTACTTTGTCCTTTTAAGGATTCAATGACTTCCTGACTTGGAGGATGTGGACCTAGTGGCTAGACCCAAGGACCAAAGCAAGAAGTCGTGGGGGGCCCAGGAAGACAGGAGGATCACATTGGGATTCCAGACATAAGATCAGGTTTTAACCCCCTTTGGCCAAATTTTGGCTGAAAATGTTGAATTATCAACTCTGAAATTAAAAAGAAAGTTTATATTAAAACATTGCAATTTTCCTTAGAATTTCTGTATATATTAACATCATGAATGATAAATTCTCTTCAATGTGCATGTCAGGTTTTTGTACTTGTATATCAAATCTATCTGTGTGTATGAAGTGTATGTTTATTGAAATACAAGATATTTAAGAAGCTGATCTGGAAAGTTGGATTTTCATTCTAGTTCCTAATTCCCAGAGGCTTTTTTAAAGGAAGGGA,5.881189059142891,2.55610786871848
7836,ENST00000261596.8,ENSG00000101577.9,LPIN2,2916994,3013315,5.286443283133205,6229,7168.64,586.356,1.84284,GAGAAGAAGTGGCAGGTGATGCTGAAGCGGGGGAGAAGCGGCAGAGCCGGCCACACAGTGCAGGGGATGGAGACAGGTGCTGGGCTGGTCCTCCTGCAGCATCCTCAGTTGTTGGAGGGCAGTCATCCTCAGGCCGTACCCAGCCAGAGAAGAAAAAGAACAGTGTGAAGCCACGTGTGATAGCCGTCCAACATCGGCTCTTCCCTCCAATTACATTGTAGTTGATTGTGTCTCAAACC,2.868639319275252,1.5203665860905013
7837,ENST00000540638.6,ENSG00000082397.17,EPB41L3,5392381,5630700,52.69129610036023,3370,3590.85,568.497,3.56692,AAAGGGCTAAAGCTATTGGCATTGGCAGCTGTCTCCAGGCGTCGTCCGCGGAGCCTGACCCTGCGCCAGGACGGAGGAGGCTGTGCCCATGTAACTGTCCTGAAGTACTGCGGTGGCCCCCTCCCCCGCGGCTGGGAGGGCAGGCAGGACGAGGTTGGCTTTCCTCGCACGGTCTCTGGGCGTGGGCCCCCGCCGCAGCTCCGCGGAGCCTCGGTGTCTCCTGCAACAGGGGGCGGGGGGAACAGCGGCGAGCAGCCCTGGGCTGCGGCTTCCTCCCCACGCCCGAGTCTCCTGCGCACCGCCGCCGAGGACGCGCGCCCGAGCCTAGTCCCCACGCCGCGGCGCGCCCGGGCTCCCTGCTGATCCCAGAACAATCAACC,14.77221134770621,3.8848139034930558
7838,ENST00000317931.11,ENSG00000154655.15,L3MBTL4,5954706,6415237,2.944637572884967,3560,3718.41,182.316,1.10466,GGGCACCGCGGGGCAGCGGCGCCGCAGCCTGGGCTGGCGGAACCTCGCGCTCCGACTCGCCCCCCGCCTGTAGCTCGGTCGGCGTTGCGGGCAGGCGCCGCTCCGCTGGGGATTGCTATGCTATGCCTTGTATGACTAAGACCTCTTACCAAGAATACGTGTCAGACCATAAAACCACTGCCAAGGAGTGCGGGGGTGGCA,2.6656505828806756,1.4144876823837431
7839,ENST00000389658.3,ENSG00000101680.13,LAMA1,6941744,7117814,15.193212455639053,9657,11439.6,896.599,1.76583,CGGGGCCAGGGCAGCGCGGACTCGCGTCCCGTGGAGCGTTCCAGGCGGGCGCGCGGCTTTCTCCCCAGACCCACCGAGTGGCGGCGGAGGCGAG,8.604006306178427,3.10500858216323
7841,ENST00000400555.7,ENSG00000154845.15,PPP4R1,9546791,9615240,18.404708491961166,3885,3672.84,1099.22,6.7429,GCGCGCGTCCACCGGCTCCCCGGCTCGCGCCGCTCCATGTAGCCCCGGCTCCCCGGGCGGCCGCGGAGGAGGGGGCGACCACAAG,2.7294945041393417,1.4486337922083827
7842,ENST00000269143.7,ENSG00000141385.9,AFG3L2,12328944,12377314,45.94264463125637,3247,3448.12,1387.93,9.06874,GCACTGGCGGAGGTCGCGGCGGGCCTCGGAGAGGAGACGCCGACGTCAGCGCGCCGGGGCGGGGCTGGCGGCAGGAGACGCCGCGTTGAGAGCTTGGGCTCCTCCGTGAGCCGCCGGCGCGCTTCGCTGCCTGGCGGCCTTTCCCCGAGCCGAGCCCGCTTCCCGAGGCCGCCAGTCGTCGCCTGCCCGCGCCTGCGCAGCGTCCCGGGCCGAGAGGGCCACGGCGGCGGCC,5.066044966693981,2.340859882604796
7843,ENST00000410092.7,ENSG00000134278.15,SPIRE1,12446512,12658134,10.609842917125407,5533,5598.43,1148.99,4.62392,CGCCCTCCTCTTGCCCACGCCTCCCGGGCACTCGCCTGGTCCCGGCGGCGGCGCGCGCGGCCGCGTTGGGCGGCGGCGGTTCCGGGGATGGTGAGGCGGCGGCGCGCGACGACGATGCTCCGGAGCTGAGGAGACGCCGGCACACGGCGCGACTGCCGAGCGCAGCGCCCACCCGCGGG,2.2945558999994393,1.1982149541328881
7844,ENST00000262127.6,ENSG00000101624.10,CEP76,12661833,12702777,21.183816761022005,2939,2484.31,367.133,3.3295,GTTTGTCCGCCACTGTTTGAAAACAGTTGGCGCCGCCGCCGCCGGGGCCTCATTTCCAGGTCAGCCCCCGGCCTGACGCGGCGTTGCGTCCCCCGGGAGCTGCGCTAGGCGAACGGCTGCGGCGCTTTGTGCTCCAGTCGCTCCTAACGCTCCCTGGCCCGGCCGGGGCCGCGCAGTTAGGGCATCTGAGGCGGGGAGAAGCGGCGGGGAGACGCCGGCTGCCAGC,6.362461859444963,2.669585102802551
7845,ENST00000327283.7,ENSG00000175354.18,PTPN2,12785478,12929643,11.550257048275654,1706,1462.66,403.498,6.21528,CGCGCTCGGGCGCCGAGTCTGCGCGCTGACGTCCGACGCTCCAGGTACTTTCCCCACGGCCGACAGGGCTTGGCGTGGGGGCGGGGCGCGGCGCGCAGCGCGCATGCGCCGCAGCGCCAGCGCTCTCCCCGGATCGTGCGGGGCCTGAGCCTCTCCGCCGGCGCAGGCTCTGCTCGCGCCAGCTCGCTCCCGCAGCC,1.858364715391045,0.8940336671943454
7847,ENST00000402563.5,ENSG00000177150.12,FAM210A,13663347,13726663,31.348594934745464,4240,3625.49,492.819,3.06255,AACTACGAGTCCCGACGTGCCGCGCGCGGCATGCAGAAGCTTCACTGAGCGGGCACTGGAGGTCGCGAGCACGTTGCTAGTGGGCGCGGCTGGCGGGGCCGGGGGCGGCAGGGGGCTAGCGTCCGGCTGAGCCCGGCGGGTTCCTGCACGCGGACCCACGCTTTGTCGGGCTGCTCTGCTGAGTGACACCGCCGTGGCATCCGAGGAGCTGTGGTCCAGCCTGCGCGGCGGGAAGCGGCGGCGGCGGCTCCAGCGTCCTAAGAGAAGCTGAAACCTATCAACACTCTTCAAA,10.236108776916447,3.355595478667324
7848,ENST00000399799.2,ENSG00000067900.7,ROCK1,20946906,21111851,27.42303839099998,9484,8118.73,472.448,1.31108,GCTGGTTCCCCTTCCGAGCGTCCGCGCCCCGCATGCGCAGTCTGCCCCGGCGGTCTCCGTTTGTTTGAACAGGAAGGCGGACATATTAGTCCCTCTCAGCCCCCCTCGCCCCACCCCCCAGGCATTCGCCGCCGCGACTCGCCCTTTCCCCGGCTGGGACCGCAGCCCCTCCCAGAAGCTCCCCCATCAGCAGCCGCCGGGACCCAACTATCGTCTTCCTCTTCGCCCGCTCTCCAGCCTTTCCTCTGCTAAGTCTCCATCGGGCATCGACCTCGCCCTGCCCCACCGGACACCGTAGCAGCAGCCCCAGCAGCGACGGGACAAAATGGGAGAGTGAGGCTGTCCTGCGTGGACCAGCTCGTGGCCGAGACTGATCGGTGCGTCGGGCCGGGCCGAGTAGAGCCGGGGACGCGGGGCTAGACCGTCTACAGCGCCTCTGAGCGGAGCGGGCCCGGCCCGTGGCCCGAGCGGCGGCCGCAGCTGGCACAGCTCCTCACCCGCCCTTTGCTTTCGCCTTTCCTCTTCTCCCTCCCTTGTTGCCCGGAGGGAGTCTCCACCCTGCTTCTCTTTCTCTACCCGCTCCTGCCCATCTCGGGACGGGGACCCCTCCATGGCGACGGCGGCCGGGGCCCGCTAGACTGAAGCACCTCGCCGGAGCGACGAGGCTGGTGGCGACGGCGCTGTCGGCTGTCGTGAGGGGCTGCCGGGTGGGATGCGACTTTGGGCGTCCGAGCGGCTGTGGGTCGCTGTTGCCCCCGGCCCGGGGTCTGGAGAGCGGAGGTCCCCTCAGTGAGGGGAAGACGGGGGAACCGGGCGCACCTGGTGACCCTGAGGTTCCGGCTCCTCCGCCCCGCGGCTGCGAACCCACCGCGGAGGAAGTTGGTTGAAATTGCTTTCCGCTGCTGGTGCTGGTAAGAGGGCATTGTCACAGCAGCAGCAAC,20.91637305961496,4.38656080199087
7849,ENST00000269214.9,ENSG00000141446.10,ESCO1,21529281,21600884,18.99414169265364,4523,3286.22,703.236,4.82132,GTTTGCGCCGCGGGGGAGGCGGCGGCCGCAGCAGAAGCAGCTGAGTGTCTCCTGATACCCGGATGTGAGGCGATCCGCTGGCGCTAGTCTGACCCTCCGCCAGGCAAAAGGAAGATTGTCTTTGGCTATAGAGTTTTTTTTTTTAAAGATTACTAAACATACAGGAAGTGATAAGAAGTATCATTCATCAGAAGCATCATTCATCAATCAACTTGAAGAAAAAGGTGATATATTATTTCTTTAAGGTGCTGTGTGATGTGTTAAGAGCATATTAGAAGGAATGGTTTTGTCTAATTTTCTTCATGAGTTATGGTGGCTGAGACATCGAGTCTATATTTTGGGGCAAAAACTAAACGGCAGCACAAAAGGAAATCTATATTAATAGAATATTTTGTTGAACAAAGGAGGTTAGATAAGAACTGCAAACCAACAGACTCAGCAAACAAGGAAAGAAACGTGTTAGCCATAAGACATGTTTCAAGTGAATCGAAGTCCAATAACTGTAGACTTCAGAAGAAAAAAGTTTTCAAAAATTTTATCAAAACAGGTCACTGATAAATAACTCCTCCAGTAATAGAGCTAGGCCTGAAACCAAAATTAATTAAAAAATTAACAAAACAGATTGAACCTGAATTAAATTTCTTTTGATAAAAAAACTTATTAAAAATAATCAAAATTTTCCTCAAATTTTTATTACCTTGTCCAAAGTAAAGCAAGTGTCTTTTAGCATTCATGCCAGCTTTTCTCATGTTCTAGGAATGACAGAAACCTTACTTGAAGCAAACTAGTATTTTTGTTGAAAATGTATATCAGCATCAGTTAAAGTTGATTTTTCAGACCTGCTCCTCAGTAATAATACTAGCTAGTCAGCATTCACGCCTACCAGGACACAAAAATCCTCTTCAAAACTACTCAGAAAAGAAAGTCATTACTCAGGA,3.9396143986820285,1.9780544285818276
7851,ENST00000289119.6,ENSG00000158201.9,ABHD3,21650897,21704805,60.05431132172991,2064,1839.0,277.09,3.3947,GTCGGAAGCCGCGCTCCGCCAGGCAGGAGACACTGTGGTCGGGAGTAGGCAGCGGCGCCGCGTCCGCTCTCGCCCGCTCTCGCCCGCTCGCCAGCCGGCTCTCCTCCCGCCGCAGGACCCGCGCGCCGCGCTCGGGGGCC,17.690609279680064,4.144911831419743
7852,ENST00000269228.9,ENSG00000141458.12,NPC1,23506184,23586898,40.83854829326971,5157,6081.67,1199.34,4.44306,CAGATTCCTTTCAGGTGACTGGGTTGGGAGGAGAAGTCGCTCAGCGTAATTGTCGGAGCCGAAATAAACAGAGACTCCGCGGCCGGGCGGGACCTTACCCGGAAGTCCCCCAGAACAGCACTACCCTTCGCTGAAACCTCGCCCGCCCCCTCCAACCCAGAGACGAAAAGGGAAAGCATCACGGCCAGAAACCGTTGGCACAACTCCACAGATACTCTCCCGGGCCGAGCCAGACTCCATAAGTCCCGCGCCTGGCCCCCGGGGATTGCAGGGGCTGAGGAGAAGGGCAACACGGGGACCTTGAAGCGGGGTCGCGGCGGCGCCCCAGCCCGGGCCAGGGAGTCCCGGCAGCGGCACCTCCCAGAAAGGGCGGAGCCGACGACGCCTTCTTCCTTCCTGACCGGCGCGCGCAGCCTGCTGCCGCGGTCAGCGCCTGCTCCTGCTCCTCCGCTCCTCCTGCGCGGGGTGCTGAAACAGCCCGGGGAAGTAGAGCCGCCTCCGGGGAGCCCAACCAGCCGAACGCCGCCGGCGTCAGCAGCCTTGCGCGGCCACAGC,9.191536529614659,3.2003060539365906
7853,ENST00000585908.2,ENSG00000154065.16,ANKRD29,23598926,23662885,5.981319217718084,846,534.357,70.0,2.9514,CGGGCCCAAAGCGCGCCGGCTCCCGCTCGGGCGGCCGCGGAC,2.026604058317437,1.0190642541236177
7854,ENST00000319481.7,ENSG00000141447.16,OSBPL1A,24159509,24397880,12.79244135035704,4195,3717.4,322.459,1.95433,CTGCGGGGAGGGGCGGCGCCACCTCGCGCTCCGCCGTGGTCCCGGCGCCGGGTCCCGGAGACAGACGTTACGCGGGCTCGAGCGTCCTCGGGGAGTGCCAGCCAGAGTTGGTGACGACCACTTCCTCGACGTGGGGCGGGCGGACGGGAAGCCTGGGGTCGTGGCCACCGCCTCGGGAGCTCTGGGAGCCCGGGTGACCGCGTAGAA,6.545691541529343,2.7105456185771293
7855,ENST00000361524.7,ENSG00000198795.10,ZNF521,25061926,25352190,2.90897514814,4871,4908.36,229.244,1.05226,AATGATTTCCTCAGTGATTACGTACAGAGCGAGTCCCTGCGGGTTAGGGGCCCCCTCTGGAGCCATCCTGATGGCTTTGGGGGCCTTGCTTCCATTTTCCATTATTATGTGGACTACCGGAGCGACAGCGCAGTCCAAGACCTTGCAGG,2.764502260030791,1.4670197511196545
7856,ENST00000415083.6,ENSG00000141380.13,SS18,26016253,26091217,27.58735322021404,3414,3199.49,1594.24,11.2263,AGTTTGCCGTTCACCCGGAGCGCTCGGGACTTGCCGATAGTGGTGACGGCGGCAAC,2.4573860684476667,1.297124530585879
7858,ENST00000269141.7,ENSG00000170558.8,CDH2,27950966,28177446,109.60766880346542,4332,4032.7,971.949,5.43012,CCTCCACCGGCCAAGGTCCCCGCCGCTGCATCCCTCGCGGCTTCCGCTGCGCTCCGGGCCGGAGCCGAGCCGCCTGCGCTGCCACAGCAGCCGCCTCCACACACTCGCAGACGCTCACACGCTCTCCCTCCCTGTTCCCCCGCCCCCTCCCCAGCTCCTTGATCTCTGGGTCTGTTTTATTACTCCTGGTGCGAGTCCCGCGGACTCCGCGGCCCGCTATTTGTCATCAGCTCGCTCTCCATTGGCGGGGAGCGGAGAGCAGCGAAGAAGGGGGTGGGGAGGGGAGGGGAAGGGAAGGGGGTGGAAACTGCCTGGAGCCGTTTCTCCGCGCCGCTGTTGGTGCTGCCGCTGCCTCCTCCTCCTCCGCCGCCGCCGCCGCCGCCGCCGCCTCCTCCGGCTCTTCGCTCGGCCCCTCTCCGCCTCC,20.18512828509599,4.335220850676986
7859,ENST00000360428.8,ENSG00000134762.16,DSC3,30990008,31042815,52.714440956686445,6939,5968.71,1018.55,3.84473,TCCCGCGCCCTGCACCTCGGCAGGTCTCGCTCTCGGCACCCTCCCGGCGCCCGCGTTCTCCTGGCCCTGCCCGGCATCCCG,13.71083039815187,3.7772440456555647
7861,ENST00000251081.6,ENSG00000134755.14,DSC2,31058840,31102415,5.241175255551327,4826,4009.02,968.713,5.444,CGCTCGGCCCGCGACCTGCCCCGAGCCCTCTCC,0.9627434341571137,-0.05477671591082688
7862,ENST00000306851.9,ENSG00000118276.11,B4GALT6,31622247,31685836,8.830306268850578,3891,3028.39,247.279,1.83966,CCGGCTTTCTTCCGTCCTGCCGTCCCCGGGCCCCTAGCCCCCAGTCCCCTCTCCCCCCTCCACCTCTTGTCCCTCGGCCTCCGCGCCTCCCCTCCCCCGACTCTCTGGCCTCCCATTCATTCCGTCCGCTCCCTCCCATTTCCTCTTTTCCGCTCGGGCCCTCTCCCCAGAGCCTCCCCGCGCGGACCCCGCTGCAGTCTCGGGGTTCTCAGCACATTTATGGAAGTTTAGGGCCTGGACAGTGGCCCCGAGTCCGGCCTGAGAGCGCAGCCTGGGCTGCTGGCAGGGAAGAGGAAG,4.799966444261753,2.263024320236632
7863,ENST00000399218.8,ENSG00000141441.15,GAREM1,32124877,32470484,1.9481018359931124,7033,7039.73,313.092,1.00202,GCGGGTGGTGCCGGTGGCGGCGGCGGGGGAGCGCGGGACAGGAGGCTTCGGGGAAG,1.9441746032944578,0.959157790957766
7864,ENST00000359358.8,ENSG00000197705.9,KLHL14,32672671,32773062,6.106490787714387,4312,4269.87,193.699,1.02206,AGCACGACCGTTTCTCTCCCCAACCGTGGATTTCCTATTACTCTCGTTACGACTCACTGAGCCCCAGGCCCAAGGATAATGATGTGTTGTTTCTTGGTAGCATAATTTGTCACACGTACATTTTTTCTTCTTCTTCTCTTGCAGAAAGCTCTGCTCCCTCTCTCTCTCCCTCTCTCTTTCTCTCTTTTCTCCCTCTCCTACATTTTCTTGCTGTTGCTAATTCATGGTGATCAAATGATGTACGACAAAATAAATTGTAAAGAGTGACTGCCTGGAGTTGGGAACCAGAAGGTGTTTTCCCCCTCCCAAGGAGACAGCAAACCTTTAAAAAGGAAGGACAATTGATTTTTGGGGGGAGCTTAAGTGAGCCTTGACTTTGCAGCTGGTTGAGAACAGGTTGGAGGAGGGTTTAAAGCCAGGTGCACCGAGTCAGCTCGCC,5.9746891451718955,2.5788636536146674
7865,ENST00000589178.5,ENSG00000186814.12,ZSCAN30,35251058,35290245,1.684738725284429,3368,3186.79,315.943,2.23366,GTGCCTTAGCCAGGGACCTGCTTGGCCAGCGACAGATCCTTTGCTGCTCTGTCTGCCGGTTCTTGAGGTGAATGTCGGAATCCATTATCTTTCGGGAAAGCTCTCTGGGGCAGGGAGCGTCCTGGGGAGTTGGAATTCAGAAGGAATCTCTCAGACGCAAATCTCCATCTCCTCCCTGCCTCACCTGGGCAGCCTTTTCAGACTGTCTCTGCCCAGA,0.7542503000834635,-0.40688472952952004
7866,ENST00000261332.10,ENSG00000172466.15,ZNF24,35332212,35345482,117.6201061124071,6307,5238.74,736.504,3.16745,GCGCCGGGGGCTTCTGGGAAAAGGCTTGTGAACGGCGTTTCTGCGTCTGCCGTGGACAGCGAAGCTGCTGCGGTTCCTGAGCCGGAGGTTTGCGCCGGAGTGCCTGTGAAGAAAACGGGGTATTGCCCTGAGGCTTATATTCTGCCTCAGTTGTCTTTTCTTGAAATATTATAAATCAGA,37.13400562357957,5.214669041148687
7867,ENST00000334598.11,ENSG00000153391.15,INO80C,35443869,35497991,44.01094637013374,974,897.821,189.038,4.74373,ACAGCTTGGAGTCCAGGCCGGGTTTTCAAGCATCAAGACGGAAGTAACAGCGGAAAGGAAGTTCCAAGGCCCGCGCTGGGAAAAAGGTGGGGGGACCAGGGGAAGACTCGGAGTGCG,9.277708969552174,3.213768591308558
7868,ENST00000399022.8,ENSG00000141425.17,RPRD1A,35984387,36067576,98.22924890826243,4438,3498.63,2017.16,12.9899,ACTGCCGGCCGGACGCCATCTTGCTGGTTTGCGGCCGGTCTTGGATGAAGCGGCGGCCGTGGTGAGAGCGTGGGGAAGGGTGGGGTGAGGGGGCGAGGCCGCAGCTAGGGCGGCGAAACTCTCCTCCCCTCGGCCCCACCGCGTGGGACGGCGTGAACGTGGTGTCGGAGGG,7.56197113975184,2.9187623432928342
7869,ENST00000269187.9,ENSG00000141424.12,SLC39A6,36108532,36129385,67.97645346888461,3543,3095.19,3415.81,24.8638,GAAGGCTAGGGGCGCGGCTGCCGGGTGGCTGCGCGGCGCTGCCCCCGGACCGAGGGGCAGCCAACCCAATGAAACCACCGCGTGTTCGCGCCTGGTAGAGATTTCTCGAAGACACCAGTGGGCCCGTTCCGAGCCCTCTGGACCGCCCGTGTGGAACCAAACCTGCGCGCGTGGCCGGGCCGTGGGACAACGAGGCCGCGGAGACGAAGGCGCA,2.7339527131365524,1.4509882900861208
7871,ENST00000334295.8,ENSG00000134779.14,TPGS2,36777647,36829216,62.11055510281472,4030,4316.78,288.696,1.50675,GTCCCGGCTCCAGAACGCCGCGGCACTGGGGCGGGAGGGGCCCGCCACGTCCGCCATCTTGAAACAACCGCCACTCGGGGCGTCGCGCCTGGGCCGCCACGCCTCGGCCTGCAGGCTCGGTCCCCATTGGCCGCACCACGCAGAGGCCCGCCCCCGCCTGCGCGGCCGGCCCCTGCGGGGCGAGAGGGTGGGGGCGAAGGGGAAGCTACGTCCCGGAGGTGCGGTGTGGGGCACCGGGCGGGGCCGCGGGAACCGGCGCCCCACGGAGCTGCTGCTGTCAGACCAACCCCGGGCCCCCATCATCACTGCGCCGCGCTTTCAGGCGCCGAGAACTACCGTTCCCGGCATGCCATGAAATTGGCCTCGGCGCTGAGGCGGGGTCCGGCCCTCCACCCGCTCCCGCCGCGCGCGAATCGCGGTCGCGAGCC,41.22153980608244,5.365326491785582
7873,ENST00000409746.5,ENSG00000152229.18,PSTPIP2,45983536,46072272,44.23885413623224,3000,2719.24,690.683,5.72259,AGTGGCAGTCAGGCCTCCCCGCTCTGTGCTACCTGCGGCCCGGCTCTCCTCCGCGCCCCCACTCGCGCTGCG,7.730565030210489,2.950573865183949
7874,ENST00000324794.11,ENSG00000078043.15,PIAS2,46803224,46920160,7.667859555901275,4543,3394.11,241.86,1.60546,GACGGGCCCGGCTGTAGCGGCGGCGGCCGCGGCGTCTTAAGCGGCGCCCAGTGCAGGATGGTGCTGGAGGCGGCGGCGGCCGTGGTGGCGGCAGCGTCGTTGGCGGCAGCGGGAGTGGGTGCGGCGGCAGCGGCGGCGGCGCCCGCGGGTGGTATAAA,4.77611373431993,2.255837192127351
7875,ENST00000300605.10,ENSG00000167220.11,HDHD2,47107403,47176374,65.82612616568164,2212,1908.5,399.115,4.71161,TTCCGGCGCGGCCAGGGCCCAACTTCCGGCGTCCGTCGGGCAGCAGCGGGGCTGTCTATCCCGGCTGAGGACCCGCGGCCAGTGCGGGTGGCTGGCTTTGCCATTAGCGGGGGCCTTTCCTGAGGACGGCGTACGGAGTGTGGGGAATGAAGG,13.971047299263233,3.8043682671609083
7876,ENST00000269445.10,ENSG00000141627.13,DYM,49041474,49461347,40.87859076614502,5049,5482.69,800.393,3.28906,GCTTTGCGGTAGCCCAGGAGGTACTAGGAGGGCGGAGGCACGAATAACACCCAAAGGACTACAGTTTCCAGAAGCCCGCGCGCGCCGCGTGCCACGTGACCACCTGGCTGGCGCGCGCGCCTGGGGGTCTGGTCCCTAGCCGCGTTCTCGGTCGCTTCCCTCTTCTCTCGCCGCCTCCTGGCCTCCGCACCGACGCGGCCCGGGCTGGAGCCGAGCCGGGGCCGAGCTGCAGGCCGGACCGGAGCCGGATCTGTACCCGCTGAGACGTGGAAACATGGAGGCCTGAGCCGGTGTGCGCCACCTGGGCTGCGGCGGCGACAGCGACTTCTCCTGACCCCTCTGCCACCCTCCCATCCGTCCGCGGGTCCGTGGAGCTGGAGCAGATCCCCCAGCCGGCTGAGACAGGTTGTCTTTTGGAAATGCAGGTTTAAGGACAAATTATCTGCTTAAGCTAGAAG,12.42865462051316,3.6355982305888332
7878,ENST00000617346.4,ENSG00000265681.7,RPL17,49477250,49492523,297.4499948729063,795,539.861,386.849,16.1444,CTTCCTCTTTCCCTAAGCAGCCTGAGGGTTGACTGGATTGGTGAGGCCCGTGTGGCTACTTCTGTGGAAGCAGTGCTGTAGTTACTGGAAGATAAAAGGGAAAGCAAGCCCTTGGTGGGGGAAAGTATGGCTGCGATGATGGCATTTCTTAGGACACCTTTGGATTAATAATGAAAACAACTACTCTCTGAGCAGCTGTTCGAATCATCTGATATTTATACTGAATGAGTTACTGTAAGTACGTATTGACAGAATTACACTGTACTTTCCTCTAGGTGATCTGTGAAA,18.424344966236358,4.20354142352868
7880,ENST00000285093.14,ENSG00000167315.17,ACAA2,49782167,50195093,85.65880771266751,3350,3406.15,406.666,2.6899,ACAGGACGTTCGGTCCCGCCCCCAGCTGGCGGCCGCGGCCGCCCGCGCGCCAAGTTCCTCAGCCCTTGGCTCCTGCCCAGTGTTTAGGGTGTTGGCGGAGACAAAGGGGAAGAGTCATCGCCTGTCGGGGCTAGGATATGATGGGTGAGAGGTGTCAAACCAAATTCTCTCGGTTTGGAAACGGAGAAAATCTAAAAATGAGGATGTGAGGAAAGAGTCCGCTCTCAAGGCGCGTTGTGGTCTATCCGAGCCCCGTCCCCTGGGCTCCCTCGGGCTGGGGTGAGGCGGGCAGCGCTACGCGTGGGGTAGGACCATCTTACGCTGGGACCCCGCCAAGGAGCCCCAGGAAGTAGGTGAAAGGGCAGGGGCGTGGCTCTCGGGGCGCCACCCACGCTCTTGAAATCTGGGTGATTGCGAGCGGCCGCTCAGCGTCCCCCACACCACAGACCCGCGCCGCCGACGACCCAGCAGCCGCC,31.844606755889625,4.9929771513444825
7881,ENST00000285039.11,ENSG00000167306.19,MYO5B,49782167,50195093,4.298233217926376,9505,10069.8,810.608,1.81365,TCGCCGGCCCTCGCCTCCTCCCCACACCTGGGAGGGGAGTGGTGCGGCGCGGCCTCCTCCCCCGGCGCTCGCAACTCCTGTCCGGCCGTAGCTGCGCCGCCGCGGCGGGAGTAAAGGTCGCGCCGCCGGGAGCGAGCCGGCCGCGGCGCCTGCGGGAAGCCGGCGGGGCAGGTCGGAGAAGAGCGAGAAGATCGAGAAACTCCAGGCCAGCCCGGGAACATGGCGCCAGGCGGGCCAGCCGCGGACTGAGAGCCGCGGGGCAGCCAGGAGCCGGGGCCCGAGCCCCGCCCGGCCCGGGCC,2.369935333678701,1.2448476941219093
7882,ENST00000285106.10,ENSG00000154832.14,CXXC1,50282343,50288304,21.044674664174742,2936,4038.51,223.152,1.24492,TGAAGTCGGAGACGACAGAGGAACTGGTTTCCTCCGCCCCGCAAGGCACACAGCCTGCCGACGCCCCATTAATACATGTGGAAGGGGAAAGAGACTGAATGGAGGAATGAATACAACTTGATCCAGGTCGTGCTTCGGAAGCGGTCACTTTACCTGTGAACCTCTCTGCCTGACAAACGGGCAATGTACGGAATCAACCACCAAGATGGCGGCGCCCGTGAAGAATCCGCAATTAGGTCGCCGTCATATGTCGCCTAGGAACGTACGGAATTCGACCCACGTACGGAATCGGATTCCAAGATGACGGCATCTATGAGGAAGTCACGCAGTAGGTGCAGCCATGTTGCCTGTACGTCGAGGCCGTACAAGCAGCCGCCGTACGGACTCTACTGACAAGGTGGCGGCGCCCTCGGGAAAGCCACATTAGAGCGCGGCCATGTTCCCGGCGAACATATGGATTCGGCCACCATACGGATACGATAAGCAAGATGGCGGCGCCTGAGGGGTCTTGGGGGCTCTAGGCCGGCCACCTACTGGTTTGCAGCGGAGACGACGCATGGGGCCTGCGCAATAGGAGTACGCTGCCTGGGAGGCGTGACTAGAAGCGGAAGTAGTTGTGGGCGCCTTTGCAACCGCCTGGGACGCCGCCGAGTGGTCTGTGCAGGTTCGCGGGTCGCTGGCGGGGGTCGTGAGGGAGTGCGCCGGGAGCGGAGAT,16.90443937295147,4.079330265672069
7883,ENST00000217515.10,ENSG00000091164.12,TXNL1,56597208,56651600,161.6845462109486,6894,5532.82,453.347,1.84606,TCCCCCATCCCTCCCCGCCCCCTCGGCCGCTCCGCTCCCTGGCGTGACTCGGCACTGAGAGTCCCGGGAGAAGACTCGGCGGTCGCCACCTCTTCTGTCCAGGCCTCGGCCTTCCTGAGCATCTCTCCTTCCTCTCCCAGATCGTCTTCTCCTTCAGTTTCAAAGCCAGTGGCGTCGCGGCCACCCTGCCGGGCTCTCTGTGAGG,87.58358136298311,6.45258853884299
7884,ENST00000262093.9,ENSG00000066926.10,FECH,57548283,57586772,62.13939016436795,3853,3759.37,736.286,4.41259,CGGCAGCGAATGAGCGGGCGCGCCGGGAGGGCGCGAGGTCAGGGGGCTGGGGACGCGCGTGGGGATCGCTACCCGGCTCGGCCACTGCTGGGCGGACACCTGGGCGCGCCGCCGCGGGAGGAGCCCGGACTCGGGCCGAGGCTGCCCAGGCA,14.082294109438664,3.8158104736572103
7886,ENST00000256854.9,ENSG00000134440.11,NARS,57600656,57622213,221.45564001628296,3099,2821.6,4025.12,32.1399,AACCAGCCTCCACCATCTGGGGATCGGGGCGACATCCTTGGTCTGGTTTGCAAGAGGACCCGCACGCCTCCAGCTGGGGCGGAATTGGAAGATTCAGAAAGGAAAGTTGGGGAGGCGGGGAAGGAAGGGTGCAAAAGTGACACTGTGCCAGGGTCTCCAGGGCCGCGGAGCTCCGGGACAGGCAGCGCCTTCCGAGCTGCACAAACGCGTGGGGCGGGGCGTCTCTGGATCCGGAAGTTGCCTCTGCCCTCACCAAAGATGGCGGCCCCGGCGCCGCTCGCCCACCTCTCGTAACCAATGGAACCGCGGCGCTCGGCCGATTCTCGCAGGCGCCCTCAGATCTACGCTCTCTGATGCAACGCCGGAATCGCGGAAACCGCCGGTGCACGTTGGAGTCATAAGACGGCGTCGGTGTTGCAGTCTGTGTCCTTGGAGGTGACCAGGGCCACTGCAGGC,6.8903649363029436,2.784580394809376
7887,ENST00000251047.5,ENSG00000074695.5,LMAN1,59327823,59359962,225.40279623941484,5521,4690.35,3916.78,18.8142,CATTATCCCTCTCACCAAAACCAAACCAAACCAAAGTCAGTTTCATTTGAATGCACTCTTGCCATGGTTTCAAAATTTGGAAAGCTCTTGGAATTAAATTTTGAGATGTAAAGGCTGGCTGACAAATTCACAGAAACCCTCTTTCCGACACCAACTTATAAATCCTAAGGCATCCTACAACCCCGTGGGTGCTGGTTTCTAGTTTGCAACGCTCTAACATAGCTTGGTAGAGCTCAGTGGGCTGGGACCATAAGCATTCGGGATTGTGCCACTGAAAAACTGATGTCACATCAAAAGGAACACCTTTCTTCTAATATACTAAAAAGGTTTTGTACAGGCTGGGTCCAGAGGTCTTAGGGCTAGCCAATTCCTGCTCCCAGGTATTCTAAGAAGCCGGAGAAAGCTCCCTGCAGGTAAGGACCCATCGGCGCTTCCCGCACTCTGCCGCGCGGGAAGCGAAGGTTGGAGTCCTTTCCCCACCCCCGGAGGGTGGGCGGGGCCGAAGGACCGCACCGCCCCAGACCCGCCCCCTGCGCGTGGCCCCGCCCACAGCTGCTCCTGGCCGTGCGGCCGCGCGGAAAGCGGAGGCCGGGGGCGGGGCTCACCCCTTGCCCTTGGGGGTCCCCCGGGCTCTGCCAATCAGCGAGCGCCCTGTTGGCCATCCGCAGCCATCCGCGCCCCTCCCTCTCCCGCCCTCCTCCGCGTTCCAGAATCCAAG,11.980461366383627,3.5826115621273513
7888,ENST00000357637.9,ENSG00000197563.9,PIGN,62043567,62187118,17.04729386390195,5501,4414.83,242.333,1.23669,AGGTATTGGGGGCGTTCCGGAATTGAGGGGTGGTTGTAGTGGTGGCTTAGGAATACCCTCCCGGCTATCGCTTCAGTGGGTAGAGGGGACCACTGCCCGAGAGCTTTAATGGAGCTGGGTCCTGCCTTCGCGCTGAGGAGCCCTCGTTTTCGAGATCAGGCCTGACCGGGATAAGCTCCAGAAACAGTATTATGTCTCAGTCCTGTGCAAAGTGAGATGAGCTGTAGCCTTTGGAGACCTATAATTTTGAACATAGATGTTCCTTAAAAGCTAAATCTTTTTGAACAGATGATGATAAACCTGGAAGAGATTCACCAACAATAGCAAATTACACACTGGCTTGGAAAGTACTCCCATGTTCCGTTTGATCTTGGCAATTTAATGCTGTTCTTGAAGACTAATTAGTTACACTGGAT,13.784613657344968,3.784986928253368
7889,ENST00000406396.7,ENSG00000119537.15,KDSR,63327726,63367510,56.913201454201385,5447,4782.46,940.117,4.42886,GGCGCGCTCGCATCTGGCGCTGTCCGGAGCCCGCTCGCGACGCACAGGGACGGGAGGCCCGGTTTCCACGGGAGAGGCTGCGGACTGCGGGCCCCGTCCCGAGGCCGGGGGAGTGGGAGACACCCGGCGACCCCCGAGAGGCGATTCTGGCAGTGGTGGCGGTGGCGGTGGCGGTGGCGGCCTACTCGCCCCCTGGAAGCACCGCCCCGCCTGGGTGGCGCGCGCGCCGGCTCCTCCTCTTCCCCTCCGCCGCGGCCCGCCCCGGCCCGCAAACCCAAACACTCCAGGCGCCCGCCCGCCGCGCGTGATTCTCGCCTCGCCGCAGCCCAGCCCTGCGCGCCTTGCCCGGCGGCCCCCGCCCGGCCGCTCCGGGCCCCTGGCCCCGCGGAGCG,12.85053071314094,3.683756037295305
7890,ENST00000238497.9,ENSG00000119541.9,VPS4B,63389190,63422483,61.39045743495395,3324,2816.37,886.73,7.09354,ATTGCGGAAGTTTGGTGGGGAGGGTCGGAGCTCTGGTGGAGAGAGTGTTGTCTAAAACAAGTTCCGGAAGGGAGGCTGCCCTTCGCGGTCCGAGAACCACCGGCCTCCCCAGTTTGAGGGCTGTTACCCCGTGCGCGCTTCGACGTTGCTGCTGTTGGCTCTCCTCGCCCCTCGTTCCCTTGGGAACCGCCTGGGAACTCCGCC,8.654417601783306,3.1134367368316855
7891,ENST00000299608.6,ENSG00000166479.9,TMX3,68673688,68715298,69.91970451543808,4927,3601.31,971.763,6.07941,ACCGTTTTCCCTAGTAAAGCCCTTAAGCAGGGTTCCCACGCTCCTGGGCGTGGAGGGGGGCACCGAGAGCGCAAAGGATTCTTAAGACATGACTGCGCAGGCGCTGTCGCATGCGCCGCACTCCCCTCGCATGCGCCGCACTCCCGCGCATAGCCGGAGACGGAGACTGGCCGGGTAGCCCCGCCCCCGTAGTTAGCGCGGTGCTTCTCTTCCGCTCCGGGTCGGCTCCGTTTCCCTTTCCGGGCGGGCAGGCGGCGGACCCCAGTGTCTTTATCCCTCTTTTGCACAGTCAGCTTCTGCAGCTCTCCCGGGCTAGC,11.501067458098415,3.5236958643209535
7893,ENST00000255674.10,ENSG00000176225.12,RTTN,70003793,70205945,6.90295274585706,7326,6921.38,876.261,2.85235,GGCCAACGCTGGTTCTATCCCTGCTTGTTGCTTTTTTTTTTCCCTCCGCTTCTTGCGACGGAGACTGCTGTCCAGGAAGTGCGCAGTAGTGATTCTAGAGAGGCTGGAAGCTCTCCTGGCGACGCTGGGGCCGCGAAGGGCTCACGTAATGACTCCTACTCCTGGTGAGCGCAGGCGTTGCGGAACTCACCGTCCCACAGGACGTGTTTCCGGGGGTACATTAATTGTGGCTGGACGCAGTGGCGCGGCAGTTTAATTCTCCGGCGGCTGCAGATTGACGGGACGAG,2.4200931673381807,1.2750625886029583
7894,ENST00000340533.8,ENSG00000166347.18,CYB5A,74250847,74292016,66.07956842920288,3283,2915.8,190.942,1.47539,GCGCCCCGCCCCTGAGCCGGCCGCCCAGCCCCCAGTGGGGTTCCCGGCGCGGGGAATGTCCCGGGTGGAGCTGGCTGAGTCGCGCGCTCTGCTCCACCCGACGGGGCTGTGTGTGCTGGGCCTGGCTCGCGGCGAACCGAG,44.78786519442512,5.4850359969189775
7895,ENST00000322342.3,ENSG00000180011.6,ZADH2,75195108,75209348,30.88785088915656,7732,7895.15,802.103,2.28893,TTCAAACCAAAACAAAAAGATTAAAGGAGCAGCGGCCGGGGCGGCAGCGGTCCCCAGGCCGGGACACCCGGGGTGGTGCGCCCGGGTTCGCGGGGGCTGCGCCGGCGCCGGGGAGGCGGGGGGAGCGGGAGCGGGCGACGCGGGGAAGGGGGGAGCCAGGGGGAGGGCGCCGGCCGGAGGAGGGGCGGACCCGCCCGCCCTAGCCGAGCAGAGCACAGCCGAGCCGAGCGGCCCGGGCGGGGGCCGACCCCGGCCAGCGTCGGCGCAGAGAGCGGGCGGAGGCGCAGGCC,13.494449759999894,3.7542942465936813
7896,ENST00000443185.6,ENSG00000101493.10,ZNF516,76358190,76495190,5.5081853804272525,8118,10207.4,526.042,1.16109,CGGGGCGTGCGCGTCCTCCTCCCCAGGCCCGCCGCCTCCCTGCCAAGAATCTGAGAGAGGCCGAGTGGAGTTCGGTCCTTCTCTGAACACTTTTAGCTGAGAGTACCAGCATCCAACTGGGAGCGTTGTCATTGCATTTCCACATTCCCAGGAAAGCCCAGGTGCTGGCTGCCAGCTGCTGCGCCCCCCATGTAGAAGGTGCACCTCCTGGGAGCAGGCACGTCTTTTGGCTCTTCTGACCATGGAGAGATAGGACGGTCCCTGCAGCCCGCGCGACAGAAAGCTGTGCCGCCACCACCGGCCGCGCCCGTCCTTCGG,4.743977969345402,2.2460973101389894
7897,ENST00000397860.7,ENSG00000197971.14,MBP,76978827,77133683,8.26637741720084,4844,5145.76,299.484,1.31125,CGCGCCAGAGAGAAGCAGCCTCCGGCCCCGGCGGCCCCTGTCTCCCGACCCCGGAAGGCGAAGCAGGCTGCCCGGGGACCCCGCGCGTGGGCGCTTGAAGCCGAGACCAGCCTGCCCGGGCCTGGGCAGGCGGAGCAGGGCCTTGGACCCCGCGGCGCCCCTCGGCCTCGGAGCAACGAGCGCAGCGCCGCCTCTGAAGAGCCAATCCATTCAGG,6.30419631435717,2.656312461402744
7898,ENST00000269601.9,ENSG00000141759.14,TXNL4A,79970811,80033949,280.21982424668784,3504,3944.16,769.573,4.39599,AGCACGCACGGCGTCGGTGCGTGCGCGCCCAGACGTTCTGCCGGGTGGCAGTCCCAGCGGAGTTTGCGTGTGCGGGCGGGACCGGATTTCGTCCGTGGGCCCGGGGGCGGCGGGGGCCGGGGAGTGAGGGGCCGGCTGAGCCCACCTCGCTGGGCCCTCCCTGGCGCCCCGCCTTGGGCGGCGGCGAGCGCGCGGGCCGCC,63.74441803704918,5.994227108657252
7900,ENST00000353265.7,ENSG00000178184.15,PARD6G,80157232,80247546,5.762036357195076,3868,4201.55,214.103,1.14809,CGCTCCTCCCGCGCGCGGCCCCTGGAGTCCCTGAGGCGCGCGGCCAGCCCAGCTCGGGCCCGCAGCACCGGGAGCAGCCCGCCGGCCAAGCGAGCGCGGGCCGGGGCCGGGGCCGGGGCCTGGGGGCGCCGCCCCCGGGAGTCTTTCTGCGGCCCCTGAGGAGCGAGGGCGACGGCGAGGCTGACCGGGGCCGAAACC,5.018801973011764,2.3273430227680523
7901,ENST00000215574.8,ENSG00000099804.8,CDC34,531712,542092,54.15257698036769,1471,1849.66,548.134,6.67663,GGGGCGCGCGGGCCCGGCCAAGGCAAGCGCCGGTGGGGCGGCGGCGCCAGAGCTGCTGGAGCGCTCGGGGTCCCCGGGCGGCGGCGGCGGCGCAGAGGAGGAGGCAGGCGGCGGCCCCGGTGGCTCCCCCCCGGACGGTGCGCGGCCCGGCCCGTCTCGCGAACTCGCGGTGGTCGCGCGGCCCCGCGCTGCTCCGACCCCGGGCCCCTCCGCCGCCGCC,8.110765008749578,3.0198379961044766
7902,ENST00000353555.8,ENSG00000172270.18,BSG,571277,583493,872.2535932594446,1616,2151.47,7596.76,79.5528,GCCGCGGGCGGCGGCGGCAGCGGTTGGAGGTTGTAGGACCGGCGAGGAATAGGAATC,10.964461254153777,3.454763020892889
7904,ENST00000349038.8,ENSG00000011304.18,PTBP1,797075,812327,216.2237109245616,3155,4039.59,2401.43,13.3935,CTCGGAGCCGTTGGGTCGGTTCCTGCTATTCCGGCGCCTCCACTCCGTCCCCCGCGGGTCTGCTCTGTGTGCC,16.143928840449593,4.012919815316622
7905,ENST00000263620.7,ENSG00000116017.10,ARID3A,925781,975934,11.549137823867252,5941,8872.19,455.44,1.15654,ACGCGGACGCGGCTGGCGGCTCGGTTTCTGCAAATGCGTGAATGAGCCGGATGCCAGCCTCTGTCCCCTGGAGCCCAGCGTGAGGAAGAGGCATGCCCCATCAGCCTTCAGCTTGAGCCCGGCGGCCCCCGCCCCCGCCCCCTGCCACCCTGCACTGCCCCGGCTCCCCCGCGGCCCCCACGCTGCAGTGCGGCCGGGCCCCCTCCCCGCAGGGGCCGCCCCCGCCGCCCACCCCTAGCGCCCGTGGTGGTGGTGGTGGTGGTGGTGGTGGTGGCCCGGGCCGCAGGGCC,9.985938941901926,3.319898085469868
7906,ENST00000585809.5,ENSG00000065268.10,WDR18,984271,998438,169.61730240910032,1608,2169.65,1409.99,14.6416,GGGGCCGCCGCTCTGGCCCGCGTGGGGCAGTCGTCCGCGTCTCGCTCATGATGACGCACGTCCGGGGCGGTGGGGAAGGCAAG,11.584615233929373,3.5341382228777265
7907,ENST00000263097.8,ENSG00000064666.14,CNN2,1026581,1039068,24.31079064859947,2179,2851.92,507.447,4.00882,CGCGTCCCAACCCCGCGCCAGCCCGGCGGTCCCGTCCCGTCCCGTCCTGTGCGGCCCCGTCCCGCCGCCCGCCCGCCAGCC,6.0643258237085895,2.6003472686179374
7908,ENST00000354171.12,ENSG00000167468.16,GPX4,1103926,1106791,35.014875985564004,919,939.343,281.424,6.74992,GAGCGCTCTGGAGGGCGTGGCCGTGGGAAAGGAGGCGCGGAAAGCCGACGCGCGTCCATTGGTCGGCTGGACGAGGGGAGGAGCCGCTGGCTCCCAGCCCCGCCGCG,5.187450515793373,2.375025669234152
7909,ENST00000395633.5,ENSG00000099624.7,ATP5D,1241746,1244826,323.0612706970283,704,648.762,245.564,8.52788,CTCCCAGACGTCCCTGCGCGTCGTCCTCCTCGCCCTCCAGGCCGCCCGCGCCGCGCCGGAGTCCGCTGTCCGCCAGCTACCCGCTTCCTGCCGCCCGCCGCTGCC,37.88295223397003,5.243476859889654
7910,ENST00000300952.6,ENSG00000167470.12,MIDN,1248553,1259140,89.08671029564111,3790,5666.15,1688.8,6.7151,GATAAAGGCTGAGGGCCGCGCGCTTGGCCCAGACCGGCCCGGCCAGCGCGCATTCGGCCCCGGACGAAGGTACTCGCAGCACTTGGAGCGCAGAACCGGCCGCGCCCGATCCTCCGAGCGGCGGCGACGGCTGTTGCTAAGGGAGGGGACGCGCGAGGAAGCGCGACCCGGGCGGCAGACGGCACCCAGCGCCACCAGCCGAGCGGCGCCCCCTCCCCAGGACCCTTAACCGCGCCGCGTCCCGGTCGCGCCCGCCGCCCTTTGAAGGAGAAGCAAGTGCCGTCCCCACCCCCGGAAGGCGCCCCCAGGAGCCGGAGCGACCTCGGAGCGCCACTCGGATTTTGGATTTCGGTCTCGCATTCCGCGGCCGGGACTTTCTCGAGGAGGACGCGCGCTGCTCCGCGCCCCCGAGTGCCCGGAGGACCCGGCATCCGGGGAGCCTCTCGCCCCTGTCCCGGAGGCGCGGCGAGGATTGGCGGCGCCCGCCGCCCCCAGCCCCCCAGCGCGCGCCGGGG,13.266624517228502,3.7297294413510587
7911,ENST00000585630.5,ENSG00000099622.13,CIRBP,1259384,1274880,204.06089048473163,870,852.741,38.4946,1.01705,CCAGGATGTGTAGGGGGCGGGGCCCGGCGGAAGCGTATATAAGGCCGGGCTCGGGGACGCCCCCCCCTCACTCGCGCGTTAGGAGGCTCGGGTCGTTGTGGTGCGCTGTCTTCCCGCTTGCGTCAGGGACCTGCCCGACTCAGTGGAAGCGGGGAGAGGTGGTGAGAGATGACCCCTGTTGAGGATTTCATTGGTGTCTGCCACAGGCCGCC,200.63997884541726,7.648465290916004
7912,ENST00000409293.5,ENSG00000228300.13,C19orf24,1275438,1279249,74.8560539941409,983,1298.9,226.34,3.92599,GCGGGGCCCGGCGTCAAGCTCCGCCTCCGCGCCCCATTGGCTGGCATCACCTCCGCGCGCCTGACTGACAGCGCGCATAGGGGCGGGGCGCCGCCACCGCTTCCGCCGGGCC,19.06679690833163,4.252990595979088
7913,ENST00000587460.5,ENSG00000160953.15,MUM1,1354711,1378431,3.5483670068080317,2793,3634.69,175.899,1.09033,CATTGCCACTTGCCACATGAGTGTAA,3.254397298806812,1.7023903868524108
7914,ENST00000233627.13,ENSG00000115286.19,NDUFS7,1383527,1395589,199.66157996400813,1039,1168.43,311.123,5.99916,GGGACGCGTGGTGACTTTTGCCCTCCTGGAATAACAAGAAAATGAGTGTCGCCTCTGTTTTTGTCGGTCCGCCGCAGACCCGCGGCCCCCACGTGCGCACTCCGATGACCTTTCCGCCTCGGGTGATCTGGGGGTGCACGGCGCAACACGACCACGGAGGCCGAAAGCGCAGCGGAACCTCCCGGCTCCAGGTTCCGGTTTCCGCATGCGCTCCGAGCCGCTTTGGGCGGCGGCCCCGGGAACCCGGAGCGCTAAGGAGAACGGACCTCAGAGGTTGTCTGAAGGCCGAGGCCAAG,33.281589416519665,5.056652428263481
7918,ENST00000587079.5,ENSG00000071626.16,DAZAP1,1407569,1435687,43.36383098585661,2086,2694.27,406.83,3.40199,GCGGCTGTGGGGAGGGCGACGGAGCGGGTGACCTTCCGGAGGCGGGAGCGAGCGAGGAGGCCCGGGAGCGCCGAGCGTCGCCGCCGCCGCCGCC,12.746607422672202,3.6720414121070712
7919,ENST00000592588.6,ENSG00000115268.9,RPS15,1438358,1440494,4093.613464289761,510,356.165,15195.2,961.207,AGGCGCGGACCAAAGCGATCTCTTCTGAGGATCCGGCAAG,4.258826105396404,2.0904558235712685
7920,ENST00000316097.12,ENSG00000227500.9,SCAMP4,1905214,1926013,22.399481725256344,2684,3889.83,513.793,2.97591,CATGTGAGCGCAGTGCCGGAGCGGGGCGGGGCGAGGCGGCGGCGCGCAGTGCCTACTAGCAATTGTAGTCCTTGCCCCACCTTGGCCTGGCGAAGATCCCGCCCCTGGAACTACGCTCCCGTCGTGCTCCGCGGCTCCAGGCGGAGACGAGGCGGGGTGAGGTGGGTTGGGCCGGGCCGGTTGCTAAGACTTGGCGAAGCGCTGCGCTCGCGCCCGGATCCCTCAGGCGGCTGCAGGCTTCAGCCTGCGCTGGTTGGTGAAACAGAG,7.526935198059197,2.912062550870251
7922,ENST00000329478.3,ENSG00000213638.5,ADAT3,1905214,1926013,13.030179779641848,1620,2414.09,150.323,1.40292,GGTTGGGCCGGGCCGGTTGCTAAGACTTGGCGAAGCGCTGCGCTCGCGCCCGGATCCCTCAGGGGTTAGCAGGACATGAGGGAGTGTAGCTCTGATGCGGTGACCTGGGCCGGAGCCCTCGGACTAGCCTCAGCTTTGGTGGCAGCACGCCCTGCCTTGTGGAGCCACGGCCTCCCGGGACGGACTCCCCGGCTCTCCCCCAGCCGCCCGCAGCCGCCGG,9.28789936677918,3.2153523408689466
7923,ENST00000255641.12,ENSG00000133275.15,CSNK1G2,1941149,1981338,18.80325401514157,2918,4055.91,1248.89,6.93741,TATGGCTGCCGCCCCCCGCTGGCAGACGCTGGCGGCGTAAGGCGCGCGGGCCCCGGAGCGGGCGCGGCGGAGCGCGGCGAGCCCGGCGCCTCCCGTCCCGAACATGCGGAGGCCGGCCCAGGCGGCGCGGGAGCCGGAGCGGGGGCCCAAGCGGCACCGGAGCCGGAGCGCGAGGGGGCGCGGGGCCCGGAGCGGGGGTCCGCGCTGCGCTGCTGAGGCCGGGCCGGCCGCCCAGACGCTGCCCGCGGGCCCGGCCACGGCGGAGCCAAGCTGTGAGCCGTGAGCTTTGAGGCGGTGGGATGTGTCAGCAGAATGTCTCCTGCCCCCGAGAGCGACCCCGAGGCCACTGAGAAGAGCAGCGCGGCCTGGCCGGCCCGAACGCCTGCGTCTCAGTAGCTGGGAGCCACGGGCCCACGCCCGCCCACCGGCCGCAGTGATGTTCTAGCCACAGAGGAGCCAAGACCTCAGGTTTCCAGAGACTTGGGATTTGCACGGCAGCAGAGTCACCGTGGAGAGGCCAGGGTATCACAAACTT,2.7104141192666384,1.4385132951837618
7924,ENST00000398665.7,ENSG00000104885.17,DOT1L,2164149,2232578,14.578721282836575,7436,11446.0,1218.5,2.39847,CCCGCCTAGCATGGTGCGGCGGCCGCGCGCGCGGAC,6.0783421442988965,2.603677885125196
7925,ENST00000221494.9,ENSG00000104897.9,SF3A2,2236504,2248679,66.13447998652809,1963,3034.24,1776.09,13.1879,CGGACCAAGGTGGAACAGAATCAAGGCACCCCAGCGATGGCTGGCACCCCTTTCTAGAGCGGCCAGGCGCAGGCGGAGGGAGCGATAACGTCGCCCGGAGAGTGTCAGCCGCTCCCTCGCGAAAGTTGGCCCCGTGCGGCCGCAGCGGACCGAGGGTTCGTTGAGAGCGTTGTGCGCACGCGCAGTTTGCCTTCCAGGCCGCGCTTTCAGCCTCTCCCCCTCCAGCCTTTTCCTTCGCGCCTCGGGACCCTCTGACTCACGCCGCTGGGCGGGCCAGGCATGCGCACACCAGAGGGCCCGTCTCATTTGCCCCGGAAGTGCTTTCTTTGCCCGCCGTTCGCCAAACGAAGTCGTGGAGGTGGCGAAACGAGGAGGAGATAACGCGGCCTTGGGCTCTGGTGTCTCCCAGTCTGCTAAAGCCCTAAGGCCATCACC,5.014784763800764,2.3261877812241005
7926,ENST00000221496.4,ENSG00000104899.6,AMH,2249309,2252073,7.554295117392266,1821,2961.88,186.647,1.41976,CCAGCCCCTGGCAGCACCCACG,5.320825433448094,2.4116500721113607
7927,ENST00000602676.6,ENSG00000104904.12,OAZ1,2269509,2354806,289.0712477530146,1148,1342.98,2901.24,48.6717,ATTTTGCGAACGGCGAGCAGCGGCGGCGGCGCGGAGAGACGCAGCGGAGGTTTTCCTGGTTTCGGACCCCAGCGGCCGG,5.939205898972392,2.570270048500737
7928,ENST00000215631.8,ENSG00000099860.8,GADD45B,2476122,2478259,18.51840432040613,1373,1647.42,719.916,9.84556,AGATCGCCGAAGCGTCGGACTACCGTTGGTTTCCGCAACTTCCTGGATTATCCTCGCCAAGGACTTTGCAATATATTTTTCCGCCTTTTCTGGAAGGATTTCGCTGCTTCCCGAAGGTCTTGGACGAGCGCTCTAGCTCTGTGGGAAGGTTTTGGGCTCTCTGGCTCGGATTTTGCAATTTCTCCCTGGGGACTGCCGTGGAGCCGCATCCACTGTGGATTATAATTGCAAC,1.8808888799018166,0.9114146191162874
7929,ENST00000306908.9,ENSG00000171970.12,ZNF57,2900898,2918476,3.6428015863626304,2003,1864.01,154.899,1.87224,TCCGAGGCCCCGAGGGCGGGACGTTTCGTCCTCCCTGCCGCGCGTGCCCTGCCTACCACGAGCGGCCCGGGAGTACCTGTACCTTTCAGCTGCGCCGGCCGCGAGGCCACGGAGAGCTCGCCTTGGAGAGCCCAGGAGCAGGGGAGAC,1.9456915707188345,0.9602830335205592
7930,ENST00000078429.8,ENSG00000088256.8,GNA11,3094410,3124004,38.42216151664662,4147,6144.42,1388.6,5.09164,GCTGCGGCGGCGGCGCGGGCTGAGTGCGGCCGCGCGGGAGTCCGCGGCTGGCGCGGCCCGAGCGGGGACCCGGCGGCTCGCCAGGCGGCGGCCGAGGCGGGGCGGGCCGGCCCGGGGCCGAGGGCCGGTGGCCGAGGCCGGAGGGCCGCGGCGGGCGGCGGCCGAGGCGGCTCCGGCCAGGGCCGGGCCGGGGGCCGGGGGGCGGCGGCGGGCAGGCGGCCGCGTCGGCCGGGGCCGGGACG,7.546126889694994,2.9157363595695145
7931,ENST00000246117.8,ENSG00000125912.10,NCLN,3185563,3209575,91.58976521040007,4005,6114.06,887.066,3.2688,CAAGGTCACGTCCTGTCCCCACCTTTCGCCCCTCACCCTAGCTCCCCCAACGCCAAAGACAAGGTTAAGAAAGTGATATCGCGAAATAGTTTTTTAAAGCATTTTATTGCATTTTATGACTTGGAGTTTATGTGAAACCTCAACGGTATTAGCCGAACAGCCTGCCGCACCTTCCGGGAGTTCCAGAGTGGGCCTACAACTCCCACAGGGCTCCGCGAGCGCCGGACGGACGGACTACAATTCCCGACAGGCAGCGCGGCTGGCGGGGCGGTTCGCCGCGGTGCCCACAGGACCTCAGGGCGAGTGCGGGCTGCCCCGCGCGGCGCCCGCAGGACCCCGGCGGCTACCCATGCCGAGGTGAGTCCGCGGGAGCCGCCGCCGCCGCCGTCCCGTCCCAGCTGCCGCCCCGCGCGGCCCCGCCGCCGGCCAGG,28.019384853891356,4.808353377637458
7932,ENST00000589123.5,ENSG00000141905.17,NFIC,3359563,3469217,1.1646400120760494,8068,12564.8,1341.62,2.40567,GCTCGCTCCCTCCCCCGCGCGCCCTCCCTCGCCGCCTCCTCCCGCCGCCTGCGGCCCCCCCCTCGCCGGGGACCGAGCGCGCTCGCTCCGGCGCCGGCCTCGCCTCCTCGCAGCAGCGCC,0.48412293127322087,-1.0465546634635712
7934,ENST00000441788.6,ENSG00000105325.13,FZR1,3506273,3538330,39.55286975873508,5212,8236.75,546.018,1.49353,GGCCGGGCGCGCGCGGCGGAGGGAGGGAGCCGGGAGGCAGCGGAGGAGCGACCGCCGCCATATTAGGGACCGCGGAGCCCGGGATCCCGTCAGCGGCGGCCGCGGCCGGGCCTGCGGGAGCTGCGGAGGCCGGAGGCGGGCGCTGTGCGGTGCCAGGAGAGGCGGGGTCGGCGGGAGCCAGCGAGCCACGGGAGCGAGCCAGGCTAACCTTGCCGCGGGCCGAGCCCTGCCTCGCC,26.482809022071923,4.726984251295272
7935,ENST00000333651.10,ENSG00000064961.18,HMG20B,3572777,3579088,33.5781099077902,1596,2327.7,408.449,3.95341,GCGGGCGGTTGGTTGGAGCGTCGCGCAGTCGGGAGGTCCGGGAAAGTTTCTTTGGAGGTCCGGCCCGGAGCGGCC,8.49345499399005,3.086351537141389
7936,ENST00000330133.4,ENSG00000183617.4,MRPL54,3762664,3768575,165.5283727980208,626,609.47,349.958,12.9368,CCGGAAACGTGCACTTGCAAGCTGCCCGCAATACGTC,12.795155896204687,3.6775258201710312
7937,ENST00000262971.2,ENSG00000105229.6,PIAS4,4007646,4039386,27.688049704912384,3159,4530.54,530.19,2.6366,GGAGGAGCGCGCGCGGGTGCTAATTGGCCCGGGCGGCGGCCCCGCCCGCGAGTGGTGAGCGGTCACGTGACGCGACGGCTGGGGGCTCCCGGCGCGGGGGACGCTGGTGACCAAG,10.50142217435803,3.3925128156316546
7938,ENST00000262962.11,ENSG00000105248.15,CCDC94,4247079,4269090,24.56150568312917,1434,1973.38,520.114,5.93812,CGGAAAAGCTCGATAATTACCCAGCCTAACCATTTCTCAGGTGCTTGCGAGGTGATCAGAAGGCAAAG,4.1362427305492595,2.0483208510020634
7939,ENST00000221856.10,ENSG00000105255.10,FSD1,4304600,4323843,20.535547134918215,1831,2238.9,321.401,3.23425,AATGCGCGCGGTGATGGAGCGCTAACCGGGGGCGCGGCGGCGGCGAGGGCTCGGCGGGCCATTGGCTACCGGCCGCGGCAAAGGCAGCTTGGGGACCCAGCGTGCGCGGGGCCCGCGGGCCGGGCCGGGGTGACCTGGGCTGCAGCC,6.349400057174991,2.6666202807936963
7940,ENST00000301280.9,ENSG00000167670.15,CHAF1A,4402662,4445018,39.5000241568909,3339,4329.47,2663.14,13.8587,GGCGGCAGCAGCGGCGCGGGCGGGAGGGCGAAGAGCAGCGGCCGCCTGAGGGGAGCCCGCGCCTCCGCCGCCTGAGAGGAGGTCGAGCTGCCGCCGGGGCG,2.8501969273374055,1.5110616021819614
7941,ENST00000616600.4,ENSG00000167674.14,CTB-50L17.10,4472287,4502211,76.93808209665663,2281,3294.05,1299.18,8.88589,CCGCCGCCGCAGCCGCTACCGCCGCTGCAGCCGCTTTCCGCGGCCTGGGCCTCTCGCCGTCAGC,8.65845538225846,3.1141096795580245
7943,ENST00000611640.4,ENSG00000127663.14,KDM4B,4969113,5153595,15.955608084833834,5703,8402.72,800.565,2.14654,AGGGCTCGGTCGCCAGCAACCGAGCGGGGCCCGGCCCGAGCGGGGCCTGGGGGTGCGACGCCGAGGGCGGGGGAGAGCGCGCCGCTGCTCCCGGACCGGGCCGCGCACGCCGCCTCAGGAACCATCACTGTTGCTGGAGGCACCTGACAAATCCTAGCGAATTTTTGGAGCATCTCCACCCAGGAACCTCGCCATCCAGAAGTGTGCTTCCCGCACAGCTGCAGCC,7.433175288992441,2.893978630023337
7945,ENST00000592224.5,ENSG00000160633.12,SAFB,5623035,5668478,35.107313615542616,3014,3531.71,1627.23,10.3807,CCTCGCAGGCGGCGCCATTTTGTGCTAGGAGCCTGATAAAACCGGCCCGGTTCTGTGGAAAGTGGGCGGCGGAGCCAGGGTCCCTGGA,3.381979405583691,1.757867874546021
7946,ENST00000579649.5,ENSG00000130255.12,RPL36,5674947,5691876,1632.51316215459,449,414.073,1438.97,78.2953,ACTGTGGTGCCCAAGGAGAAGAAAAGTGGTTTCCCGCACTGCCGGTATCCGCCGCCATCCGGACTCCCGGGTCCTCTGTGCAGCC,20.85071724809267,4.3820251069730585
7947,ENST00000245816.8,ENSG00000125656.8,CLPP,6361452,6368908,175.61281231228185,1155,1474.2,723.175,11.0522,CCTTAATGGCGCCCGCCCAGACTCCTGGAAGTGAGCGGCCTAGCGAGCGAGCTCCCAGGCGCAAAGCACGCCGGAAGCTGTAGTTCCGCCATCGGACGGAAGCCGACCGGGGCGTGCGGAGGG,15.889398700012835,3.989992624927882
7948,ENST00000245812.7,ENSG00000125652.7,ALKBH7,6372433,6375251,30.5010793469078,1332,1761.72,103.064,1.31805,GACTCCATAACCGTGGCCTTGGCCCCAGTCCCCCTGACTTCCGGACTTCAGACCAGATACTGCCCATATCCCCTTATGAAGTCTTGGCCAGGCAACCCCTAGGGTGTACGTTTTCTAATGATTAAAGAGGCGGTGCTAAGCTGCAGACGGACTTGCGACTCAGCCACTGGTGTAAGTCAGGCGGGAGGTGGCGCCCAATAAGCTCAAGAGAGGAGGCGGGTTCTGGAAAAAGGCCAATAGCCTGTGAAGGCGAGTCTAGCAGCAACCAATAGCTATGAGCGAGAGGCGGGACTCTGAGGGAAGTCAATCGCTGCCGCAGGTACCGCCAATGGCTTTTGGCGGGGGCGTTCCCCAACCCTGCCCTCTCTCATGACCCCGCTCCGGGATT,23.14106395577391,4.53238329158997
7949,ENST00000597229.1,ENSG00000198816.6,ZNF358,7492976,7521026,13.222489577105122,1954,2843.7,672.257,5.32616,GGAGCGCCTGGCGGGGCCGCTGGGCCGAGGGGGCCGCCGGCGGGGCTGGCGGGCGGGGGGCTTCCTGCGGGCCCGGGGGGAGCCGGCGGCCGGCGCGGGCGCGGCGGGCCGGGCAGGGGCGAGGGGCGCCGGGTCTTGCCCCAGAAGCTGCGGGCACATCCACGCCTGAA,2.482555833303003,1.311826164691636
7950,ENST00000264079.10,ENSG00000090674.15,MCOLN1,7522626,7561764,14.01002408610603,2082,2884.24,189.471,1.48004,AGATCAGCTGATGCCGGAGGGTTTGAAGCCGCGCCGCGAGGGAGCGAGGTCGCAGTGACAGCGGCGGGCGATCGGACCCAGGCTGCCCCGCCGTACCCGCCTGCGTCCCGCGCTCCCGCCCCAGC,9.465976653405333,3.2427513638618373
7951,ENST00000594797.5,ENSG00000229833.9,PET100,7629737,7647873,62.12903709826291,719,684.854,406.85,13.3844,AGCTTCAGCAATGGAGCGTGCAAAACACCAGTGAGCTTCTGTCTTGCTGGAGGGTCGGCTTTGGGCGGAACTGGCTTTGTTGACCGGGAGAAACGAG,4.641899308020002,2.2147152281120026
7952,ENST00000221283.9,ENSG00000076944.15,STXBP2,7629737,7647873,18.83826335205721,1876,2373.02,391.366,3.71572,CCGGAAGCGGCGGCGGCGCCCCTCGGGGAAG,5.069882378666103,2.341952277074074
7953,ENST00000397979.3,ENSG00000076984.17,MAP2K7,7903843,7914478,29.845826748262017,3361,5089.66,561.463,2.48539,CTGCCGGACTGACGGGCGGCCGGGCGGTGCGCGGCGGCGGTGGCGGCGGGGAAG,12.008508422526047,3.585985059830783
7954,ENST00000221573.10,ENSG00000104976.11,SNAPC2,7920316,7923250,12.32543006359028,1542,2304.29,103.076,1.00782,CTCCGCCCATCGGAGAAGCGACCTTACAGCGCCTGCCTCTTTCTGAGCGGC,12.229793081691454,3.61232808971399
7955,ENST00000328024.10,ENSG00000185236.11,RAB11B,8389981,8404434,112.39062900987648,1751,2514.12,808.233,7.2429,TTTCTCCAGGACACCGAGGGCGAGGAGGGTGGTACCAAGCGGCGCCCACCCTCAGAGCACTACTTCCATCTCTGATTGGCTTCGCTGGGTGCCCGTCGCTACTCCACTCGCCGCTGATAGGCCATTCAACCGCCGCTCTGCGCGGCGCCGGCTCCGCCCCCGTCGGGTGTTTGTGGTGGGGCTGCGGAGTCGCCGATCCCGCCGGAAGCGCCAGGACA,15.517352028866405,3.955810483549249
7957,ENST00000325495.8,ENSG00000099783.11,HNRNPM,8444767,8489114,315.27308602339417,2494,2819.9,4152.43,33.1765,GTGCAGCCCGTTCGCTCACACAAAGCCCAGACGCGGAGAAA,9.502903742811755,3.248368416101815
7958,ENST00000247956.10,ENSG00000130803.14,ZNF317,9140380,9163424,6.455723879798472,4073,4626.81,502.021,2.44457,GAGAATTGGAAGGCGGCAGTGAAGCGGAAGCCATTACTCTCTGGAGTCGATTGCCCCGAGACACATGGGCCAAGGAGGGGTCAGCGGCGAATTCTTTCGGCCTGTTGGGGACCCCTCGTGTCCCCACGCCAGACTGGACCTCCCGTATGAACTTCTCTTCGCATCGGCGGCGGCTTCCGTCACCTCCGCTCCCCCGATCCTATTCCCAGTCGTATGCCAGCTTGGAGAGTCACGTGAGAGCAAGAGAGTAGCTTTCTGGTTGTCCTGGTGCCCTGCTCAGGCAAACTGACTGCCATTCTCTGAGG,2.6408423075626684,1.4009981565259837
7960,ENST00000586895.5,ENSG00000198258.10,UBL5,9827892,9830115,1075.9384905792415,432,213.801,714.347,75.2768,AACTTCCGCTTCCGGTTCCTAGCGTTAACTGCGACCGGGGTTCAGCGCTCGGGTGAGGAGCTGGTGGCGTCGGCAGGTTCGAGGCGATTCGAGCTCCAGCTAGG,14.293095489968245,3.8372464930846806
7961,ENST00000247970.8,ENSG00000127445.13,PIN1,9835257,9849682,383.64465730768,997,1262.1,1329.74,23.7376,AGGCGCTGCGGCAGGAGGGAAG,16.16189746679024,4.014524680676817
7962,ENST00000253107.11,ENSG00000130810.19,PPAN,10106223,10115372,74.73293651456109,1657,2005.21,819.691,9.20982,GCCCGCCTGATGTCGTCCCACGCCGTGCCGGCTCTCAGGCGCCGGAAGTGAGCTGCGCAGCGCCGGAAGCGGCGGACGCAGGAGGCCTCGTGGAGGACACAGCAGC,8.114483943721059,3.0204993467130765
7963,ENST00000253099.10,ENSG00000105364.13,MRPL4,10251901,10260045,159.81216473426878,1455,2056.28,270.709,2.96608,AAAGTAGGCTAGGCCTACGGAAGCTGGGTCTTCTTGCTGTGAGGTCGCGTTCCCCAGTGTTACGGAGGGTCCTTGAGGCAGGAGTGAAAATTGGGTCTGGGGGTTAGTCCTGGGGTGGAGGTCTGGGCACGCCGGGTCGGACCCCCTCCATCTTCGGTTTTGCACACCCCGCTTTCCAGCGCGGAGTCGCGGCGGGTAGGGCGGCGTCGCGTGCGTGACGTCATCCAGCGGCGCCTCGCGAGGCTCCAGTGGCCTTGACCTCCCGCGGCGTGGGAGGCTGCGCGGCG,53.879923917854136,5.751675908504727
7964,ENST00000407327.8,ENSG00000129353.14,SLC44A2,10602457,10644559,11.92549304834461,3301,4284.22,511.416,2.68946,GCTCCCCGCCCCGCCGCGGCC,4.434158919762559,2.1486604771616338
7967,ENST00000589998.5,ENSG00000129351.17,ILF3,10654261,10692417,107.93526290563504,2622,3305.48,611.895,4.17066,CTTCTCGCCATTGCAGTTGGACCCAGCAGCCCGGCGCGCACCGCGTGGCTTTTGGGGGCAGACCCCGGCGGGCTGTGGCAGGAGGGCGGCGGCGGCGGCTGCGGTCGAAGAAGGGGACGCCGACAAGAGTTGAAGTATTGATAACACCAAGGAACTCTATCACAATTTGAAAAGATAAGCAAAAGTTTGATTTCCAGACACTACAGAAGAAGTAAAA,25.87966003117853,4.69374676034165
7968,ENST00000250237.9,ENSG00000213339.8,QTRT1,10701430,10713437,54.02083984714108,1317,1701.79,176.333,2.33448,GACAGTCAAG,23.140416644023972,4.5323429353420925
7969,ENST00000585892.5,ENSG00000079805.16,DNM2,10718079,10833488,17.367583092188426,2774,3437.55,856.007,5.61035,GAGAACCGGATGAGGCGGCGACCGTGAGGCCGAGCCGGGAGCGGGCGTCTTGCCGAGGCCCGGGCGGGCGGGGAGCAACGGCTACAGACGCCGCGGGGCCAGGTCGTTGAGGGTCGGCGGCGGGCGAGGAGCGCAGGGCGCTCGGGCCGGGGGCCGCCGGCGCC,3.0956327309683753,1.6302343188205808
7973,ENST00000327064.8,ENSG00000142453.11,CARM1,10871513,10923070,42.026417499688655,3330,4530.15,716.346,3.56265,AGGCGGCGCGTGGCCGGCAGGCGGCGCTGCCCGGCTCGGCCTCGGCCTGCACGGCGGCTGCGGCGGCGGTAGCGGCAGCGGCGGCGGCGGCGGCGGCGGCGGCGGCGGCGGCGGCGGCGGCGGCGGCAGCGGCGGCGGCCTGGGCCCGGGCGCAGCGGCGGCGGCGGCGGGGCCTGGAGCCGGATCTAAG,11.796392432511938,3.560273817569324
7974,ENST00000270502.6,ENSG00000142444.6,C19orf52,10928733,10933535,46.657210528326,1425,1651.63,181.805,2.48002,GTTGGCGCTTGCGCAGAAGAGACTCCCGGGCTCTTAACGTCGGGTATCAGGAGTTTCTTCCCGGAGCAAGGACCCCCAAGACGGAAGAGG,18.813239622392558,4.233676395887018
7976,ENST00000444061.7,ENSG00000127616.17,SMARCA4,10961001,11065395,16.827072962453876,4938,6903.17,1269.74,4.14407,TGCCCCCGGCCCCGCGCGGAGGGGCGGGGGAGGCGCCGGGAAGTCGACGGCGCCGGCGGCTCCTGCTTGAGGCCACTGTCTGCAGCTCCCGTGAAG,4.060518514999475,2.021663966635571
7977,ENST00000558518.5,ENSG00000130164.12,LDLR,11089362,11133816,26.825679659538707,3617,4803.26,393.589,1.84616,CTCTTGCAGTGAGGTGAAGACATTTGAAAATCACCCCACTGCAAACTCCTCCCCCTGCTAGAAACCTCACATTGAAATGCTGTAAATGACGTGGGCCCCGAGTGCAATCGCGGGAAGCCAGGGTTTCCAGCTAGGACACAGCAGGTCGTGATCCGGGTCGGGACACTGCCTGGCAGAGGCTGCGAGC,14.530528047156642,3.8610152271197657
7978,ENST00000312423.2,ENSG00000173928.2,SWSAP1,11374685,11376951,14.700422150570324,1684,1821.82,89.6732,1.10897,CGGAGACGCTGAGGCGGGTGCTAACCAGGGGCGGTGCGGCCTGGTCCGGGGAGGAGAAC,13.255924101256413,3.728565342220314
7980,ENST00000592741.5,ENSG00000130175.9,PRKCSH,11435288,11450968,129.94815062387346,2100,2724.11,1015.41,8.39806,CTTTCTGCAGCAGGAACCGCGGCTGCTGGACAAGAGGGGTGCGGTGGATACTGACCTTTGCTCCGGCCTCGTGTAGCGTGAAGACACAGCGCATCTCCCCGCTGTAGGCTTCCTCCCACAGAACCCGTTTCGGGCCTCAGAGCGTCTGGTGAG,15.473591594234081,3.9517361962504576
7981,ENST00000361113.9,ENSG00000198551.9,ZNF627,11559374,11619135,6.893942574420944,2840,2592.39,170.332,1.48033,AACTGTCCATTCAGATGGGCCCGGGAGAGGAGGGCAGGGCCTGCGCCTCCCTACGGAGCCTTTGTTTCTGGCGACCGTCCCCACCCGGGCTCGCGTCTCCGTTTCTCCGAGAGGCCCAAGGTGTCTCCGCCGCAGCCTCTGTCGCGCCGTGACCTGTACAGGTCGCGGGAGTCGTAGGGAGGACGCCGGGACACCTGGAAGCCGAGAA,4.657030915012831,2.2194104593082646
7982,ENST00000304060.9,ENSG00000171295.12,ZNF440,11814284,11835201,7.34699644287821,4189,3742.27,180.363,1.08586,ATTCCTTTAGTGCTGCGCCGACAGCGGTCAGGATCTCGGCTTTCTTGCTTCGAGAGGGACTAGGTGCCTCCACCAGAGCTTCTGTCGCTCTGTAACCTGCACTGTGACCTACACTAGTCGCGGGAGCCACGCAGAGGACGCCGGAACACCCTGGAAGCCGAGAA,6.7660623311275945,2.758316467760702
7983,ENST00000343979.5,ENSG00000196646.11,ZNF136,12163064,12189881,13.05861975107026,3643,3274.29,234.887,1.61623,TTTCTCGCGTCTGCCGTACTTGGTTTCGCTTCGCTAGTCCCAGAGGCCCAGAGTGGCTCGCCTGGAGTCTCTGTGGCGCGGTTTCCTGTACCTGCCTTGGGATCCGGAGGGAGGAAGCTGGGACACCCGGGAGTCAGGAA,8.079679099552823,3.0142979946259123
7984,ENST00000343325.8,ENSG00000173875.13,ZNF791,12610918,12633840,51.334968351743086,4554,4303.67,540.57,2.82992,GCAAATGCGTGCTACGTCACTGTGCGATCGGGTTGTGCTTAGCTTGGGGTCTCCTGGCCCCTTGACGCGTCAGGTTGCTGTACCCCTGCATCGGATGCGCTGTACCCTGCGCTGGCTCCGTGAACCTTAGGGACAACACCGGGACACCCGCGAGGCCGGAAA,18.140077582314373,4.181108720951199
7985,ENST00000418543.7,ENSG00000123154.11,WDR83,12666800,12675832,15.221825078804684,1457,1646.82,84.7977,1.16012,CCAGGGCGCGGTCTGGAGGCTCACGGGAGAGAGGCTGTAGCCCTGGGCAATCCCGGGGGTCGTTACAGGAAGGTAGGAAAATGCCACCCTCAGGGCACTGGTTGGGCTAAAGGTGACACTGGCGTCTCACGGGCTATGAAGACGGAATGCCTCTTAATGCCGGAATTCCAAGACGGAATGCCTCTTAATGCCGGGCAAGTCTCACATGAAGCTACTCATCATTTGCTTCGTGTCCTCCGAGCTCCGAGAGTTGGCAAAGCTGATGAAGGAGCAGTAGACAGCGACCCAAGCACACCACTTCAGCTAGGGAAAGACCGATTTAAGGCTGCAAGGAAGGAGTCCTGGGAGC,13.120905663900876,3.7137953995784105
7986,ENST00000302754.5,ENSG00000171223.5,JUNB,12791496,12793315,53.38786569691475,1820,2557.66,661.0,5.82265,GAGCGGCCAGGCCAGCCTCGGAGCCAGCAGGGAGCTGGGAGCTGGGGGAAACGACGCCAGGAAAGCTATCGCGCCAGAGAGGGCGACGGGGGCTCGGGAAGCCTGACAGGGCTTTTGCGCACAGCTGCCGGCTGGCTGCTACCCGCCCGCGCCAGCCCCCGAGAACGCGCGACCAGGCACCCAGTCCGGTCACCGCAGCGGAGAGCTCGCCGCTCGCTGCAGCGAGGCCCGGAGCGGCCCCGCAGGGACCCTCCCCAGACCGCCTGGGCCGCCCGG,9.168997912791383,3.1967640691262473
7987,ENST00000221486.4,ENSG00000104889.4,RNASEH2A,12806580,12813638,226.87597057563443,1165,1276.18,1690.35,29.842,AAGCAGGCGCCGCTTCGAGGCCCGCGGAAAACGCGCGCCGAGACCCGCTCCTGCAGTATTAGTTCTTGCAGCTGGTGGTGGCGGCTGAGGCGGC,7.602572568046191,2.926487682128905
7988,ENST00000222214.9,ENSG00000105607.12,GCDH,12891026,12914207,32.80342718516747,1956,2595.53,214.907,1.86546,TTCCACAGGCAAGGCTACCTTAGCCCTTTTAAAAGGCAGAGCTGCGGAGGGGGCCGGATTCTAGGAGGAACCAATGAAAAGCCTCACTCGGCCTCCGCTCCTCCCACTTCTTGCTGAGGTCAAAGGCCTGCGTCAGTTGCACTGTAGCCTCGGCAGTGAACCGGGAGGTACTACCAGGTCGCCGTCGTTGCTCCGCTCGCTCTGAGAGAGC,17.584631771877966,4.136243219645992
7989,ENST00000316448.9,ENSG00000179218.13,CALR,12938578,12944489,1100.986112809393,1903,2212.29,16481.2,167.845,CCGTCCGTACTGCAGAGCCGCTGCCGGAGGGTCGTTTTAAAGGGCCCGCGCGTTGCCGCCCCCTCGGCCCGCC,6.559540723938116,2.7135948059267982
7990,ENST00000591499.5,ENSG00000179262.9,RAD23A,12945855,12953642,121.15840090564473,1350,1529.38,307.809,4.5345,GCGCGGCGCGGCGCGCCTGGGCGCTAAGATGGCGGCGGCGTGAGTTGCATGTTGTGTGAGGATCCCGGGGCCGCCGCGTCGCTCGGGCCCCGCC,26.71924157142898,4.73980715222525
7993,ENST00000292431.4,ENSG00000160877.5,NACC1,13118103,13141141,50.55494273953663,4445,7482.24,1705.67,5.13601,AGGCCGCGGAGGCGGAGGCCGAGGCCCCGGCGCAGCGGGGCGCGCCCCGGGCCCAGGCCCGGCCCCAGCCGCCGCTGCGGAGCCCGCCGGGACCCCCCGGAGCGCGGCCACGGCGCAGCCGCTGCC,9.843232925858134,3.2991322342711222
7994,ENST00000292433.3,ENSG00000160888.6,IER2,13150415,13154908,88.18858120603831,2085,2799.83,408.478,3.28699,GGGGGCGGTGTCGGAGTTCTGTCTGGGCCTATTCGGGTCCGAGTTCGGAATTTCGGTTCAAGGCCCAGTTCCTCGGATTGTTCCTGCGCAACTTCAGTTTCCCTTCCAGGCACGGGCAATGAGTGTTTGGCCGCGACGAGTTGGAAAGCCCGGATGCGTCCTTCGGTTGGGCGGGGTGTCTCAGTGACGTCACTGGGGGTATAAAAGGGCCTGGGTGGCGGGCGCCTGGGCAGAGCGTCCTAGCAGTGTCACTGCGTGGGTTGGTTTGTGTAGAGAGGCGTGAGCGAGCCCGTTGTCCGGAGTGCACCTGCTGCCTGTTCTGTCCCTCCCGGGAGCCCCCGCCGCTGTCGCCGTCGAGTCGCC,26.82958609732257,4.745752893058434
7996,ENST00000040663.7,ENSG00000037757.13,MRI1,13764532,13778462,61.57320480020473,1735,2329.14,412.713,3.99222,CTAGCTCCCTCTGAGTTGCGCTGGGCTTGGCTGCTGCACC,15.42329951761294,3.947039529951265
7997,ENST00000588234.5,ENSG00000104979.8,C19orf53,13764532,13778462,325.2636705890116,873,820.239,1230.64,33.8029,CAGAGGTGAGTGCCACACCCTAACCTAGTCTGAGTTTTTATGTGTAAAGATCATAAAACGTTGTAAGTTTTCTAAAACACATAAGCTCTCAATAAACGTTAGCTTATCATTGTCACCGTTTTGTTCGTAATGTTTGAAAACTCCAACTGTGATCCACTACACTACCCTTGTGGGATGCTGTCTCTTTAACTCTGTGCCACGTTGTATCCCGTGAGTTCTTGCGTTTTTCCGCCCCGCTGTATCCCATGGTTCCCTGTGCCTTCCGGCTACGACTGCTCACAGTCCCGCCTCTTCCGCTGCGTGCCGGACC,9.62235993329009,3.2663907657743834
7999,ENST00000318003.11,ENSG00000132024.17,CC2D1A,13906201,13930879,12.429711314324187,3581,5675.43,840.389,3.33613,GTAGTTTCGGCTCGGCAGACCCGGCGAGCCCAGTGGCCGCGCTCCGGTGCGGCGGCGCCCGAGGCCCGAGGCGGAAGTGGGACGGCCAAGCAGGGAAGCGAGGGCTCGGGATCGACGGCCGCGGGGCGCCGACGAGGAGTGCAGGACTCAGGAAGGGCGAGTGCGCGGCGACAGAGCCCGGGGAAGGAGGCAGGGCAAGGCCGGGCTTGGGGGCAGGTGGTCCGGGCATCCAGCCTTGAAG,3.725787458619475,1.8975453766033343
8000,ENST00000254337.10,ENSG00000132017.10,DCAF15,13952492,13961449,27.153396886507068,2278,3095.93,597.872,4.3509,AAGTGGAGGGAGGGGGTGAAA,6.240868989521034,2.641746926457035
8001,ENST00000263379.3,ENSG00000104998.3,IL27RA,14031748,14053216,4.552065232675336,2962,4147.9,190.785,1.03628,GGCCTGCCGGGGTGGTTCGGCTTCCCGTTGCCGCCTCGGGCGCTGTACCCAGAGCTCGAAGAGGAGCAGCGCGGCCGCGCGGACCCGGCAAGGCTGGGCCGGACTCGGGGCTCCCGAGGGACGCC,4.392698144010629,2.1351073641924816
8003,ENST00000357355.7,ENSG00000123146.19,ADGRE5,14380501,14408725,16.574984663929257,3054,3921.37,384.453,2.20886,ACAGCCTGCACAGCTGCCTAGCCTGTGGAGACGGGACAGCCCTGTCCCACTCACTCTTTCCCCTGCCGCTCCTGCCGGCAGCTCCAACC,7.503863831989921,2.9076336483896332
8004,ENST00000242783.10,ENSG00000123143.12,PKN1,14433053,14471867,30.094248551967727,3069,4468.02,1357.36,6.84451,CGGCGGCCTGGCCAGGCGAGGCGGGAGCCGAGCAGGCCGGAGCGGGCCGCGCGCCGGGGAGGGTCGCGCCGCGCCCGCCCCCTCCCCGCCACGCCCGGGGCGCACGCGCGCTCCTCTGGCCGCCCCTCCCTCCGCGCGGGGACCCCTGGCGGGCGGCAGGAGGAC,4.396844851124146,2.1364686259181127
8005,ENST00000342784.6,ENSG00000105137.12,SYDE1,15107403,15114988,6.758021273692922,3264,5107.47,415.198,1.83152,GCACTCGGCTCGGCCCGGCCCGGGCCGCAGC,3.6898430121936543,1.8835594367876645
8006,ENST00000300933.8,ENSG00000167460.14,TPM4,16067021,16103005,45.64061596635053,2666,2604.88,7788.35,67.3627,AAGTCCCGAAAAGGGGCACTTTCCAGCAGCTGTGGCCAGCGGTGCCGACGTCAGGCCCTCCCCCAGCGGTGCTGACGTCGGCGGTCCGGCCGGGTGACCTCATCGCCCCGACGGCAGCCGGCCCGGGGGGCGGGGAGAGGCGGGGGCGGCCCCCGCGCAGGCAAAGGCTTGGGGGGCCGGGGCGCGGCTGTGCAGCTCTCGCCGGAGCCGAGCCCAGCCGAGCGTCCGCCGCTGCCCGTGCGCCTCTGCGCCTCCGCGCC,0.6775354308296806,-0.561631702596894
8007,ENST00000300935.7,ENSG00000167461.11,RAB8A,16111629,16158575,170.71500206394074,2827,3421.18,1527.97,10.0624,GAAGCCCCGCGACTCTTCACTGCTGGTCAATCAGAGCCCGTGCTCTCCCTAGTGCCGGCCAATGGGAGGTGCGCTCGGGCTGCTTCCGGCTCCGCGCTCCGCTCGCCCCCTCCCAAGGTCTCCCCGCGACTGGCGGGACGCAGGGGCGGGCGTCGGCCGCGGTGACGCGCAGCGGGCCTGGAGCCAATAAGGGGCGGGCTCGGTGCTGATGGACGGTGCTGGTGGCCAGTGGAGAGGCGCTGGCCGCACTTCCCGTCGGGGAGAGAGTGTAAT,16.965634646201774,4.084543493919601
8009,ENST00000263384.11,ENSG00000105058.11,FAM32A,16185380,16192046,39.12004326667521,1455,1750.55,924.856,11.9031,AGCTACCGAAGCACTGGAGAGTGTC,3.286542435724745,1.7165706131991159
8010,ENST00000248054.9,ENSG00000127511.9,SIN3B,16829400,16880353,14.032906930296017,5037,7373.18,651.589,1.99104,GGCGCAGCTCCGACTTCGGAC,7.048028633425756,2.8172197853845224
8011,ENST00000595618.5,ENSG00000099331.13,MYO9B,17075781,17214537,6.107041285881077,7623,10912.0,876.384,1.80948,CGGGGCGGAGCGGCTCGAGCAGCGGCGGGCTGGCAGGCGGTCGTCCGGCCGGGGACCCGGCCCGGGACCGGCGGCGCGCGGCGGCCGAGGCCAGCTCCAGGACACGCGCGCCCCGAGCCTGGGAGGCATGCTGAAGCCAGGCGGCCGGCAGG,3.3750255796588395,1.7548984365359446
8012,ENST00000263897.9,ENSG00000053501.12,USE1,17215346,17219829,14.773231429754953,843,771.092,261.658,7.6452,CTCTTAACATGGAGCCGGCGGAAGGGGTGGTGTAGGGCCGGGCGATA,1.932353820665902,0.9503592808114403
8013,ENST00000598188.5,ENSG00000105393.15,BABAM1,17267350,17287646,33.79469874029466,1470,1732.52,617.898,8.03526,TTTCCAAGTTCTTTCTAGCCTCAACCAGTTTCTGTCTCTGCTTGTTCTGCAGCCCGCTGAACTACATTTCCCAGGAGGCGTCGGGGCTGCGCCGTACAACTTCCGGCTGTAAAGATGGCGGCTTCCTAGTGAGTCGGCGGCTGATTTAGAAGGAGGTTCAGGCTACGGTGAGCCGAAGCCACACAGGAGCC,4.205800277812375,2.0723803419738793
8014,ENST00000252602.1,ENSG00000130312.6,MRPL34,17292609,17306843,178.13994187916984,968,933.036,501.061,12.0991,CCGGCTACCTGTTGGTGTGTATGCAGAGCATCCCTGTGCCCCGCGGATATAGACTGGCGCGCCTCTGTTGCGCAGGCGCAGAACTACAACTTCAGGGTTTTCCCCAACGGCCTCTTTTTTGCACGTTAGGAGAAACTACATTTCCCATAATCCTTTGTTCCAGGGCTGGAGCGGCTCTGGGCTCCGGAATCGCCCGCAGCCGGTACTGCGGGACCCACTGCGGAT,14.723404375463451,3.8800393877316086
8015,ENST00000359866.8,ENSG00000130311.10,DDA1,17309518,17323301,104.85815832130602,4078,6143.32,847.325,3.10748,GGCGCCATCAGTGTGGGCTGTGCCGTGGCTGGAAGTTACTGTGAGGCGGCGGCTAAGAAGGCGGCTCTGGTGGCGGCGGTGGAGGCTGAGGCGGCGGCCGAGGCGGCGACGGAGGAAACAGAAG,33.74379185748775,5.076550196154116
8016,ENST00000324894.12,ENSG00000130299.16,GTPBP3,17334920,17342735,48.9764933126796,2579,3625.55,556.482,3.45811,CGGGGCCCCCTGCCCAGACTTGAAGCCACACAGGCAGGTCGGGCAGGCGGGTCGCAGGTTGTAAATCC,14.1627921936201,3.824033815588983
8017,ENST00000252603.6,ENSG00000130313.6,PGLS,17511629,17521288,83.56659074269871,1028,1302.0,510.196,8.82852,ACGGCCGTAGGGAGCGCTTCCTCCTCCCCGCCGCCGCCCTCGCC,9.465526582337551,3.2426827675871968
8018,ENST00000252599.8,ENSG00000130309.10,COLGALT1,17555594,17583162,61.85778519935032,3704,4972.37,1896.79,8.59447,TTCACGCCCGGCGCGCTCCTCCCCTTTAAGGCGCGCGGCCGGGCGGGGCCCCTATGACCCCTTTAAGGCGCGGCCAGAGTCCTCCCGCAGAAAAACGACTTAAAGGAGACGCGTGGCGCG,7.19739381245735,2.8474745989854755
8019,ENST00000324096.8,ENSG00000130479.10,MAP1S,17719242,17734516,27.732328274092215,3419,5530.39,656.837,2.67586,GCTCTCCACGACCTCAAAGGGCCTGTAAGTGGTCGACAAAAAGGGGCGGGGATGCGGTGGTTCCGGGCGGGGTCTTCAGCCCTTCCGGTGCGGCCCCTTTAAGAGGCGGGGCCTGCGGGGCGGGCGCCGAGAACGCCGGGGCGGCCCGAAG,10.363893579668673,3.3734942014623805
8020,ENST00000445755.6,ENSG00000007080.10,CCDC124,17933016,17943991,157.11809178420782,938,1199.26,1113.46,20.918,GAGGCGCGACCGGGCCGGCGCTGGGGTAAGAAGCCTGCTGAGGG,7.511143120002286,2.9090324880402534
8021,ENST00000222254.12,ENSG00000105647.15,PIK3R2,18153118,18178117,52.73169737914033,4033,6019.75,1453.83,5.44122,CCGCCCGGCTCGAATGCGCTCGGGCATTTCCGCCGGGGGCGGGCCAGGCCGCTCGGAACCGTGGCGGCGGCGGAGGCGGGGATCCCGCGGCTGCGGCGACGGTGGCCGCGGTGGAGCCACGGGGCGGGCTTGGCTTGGTGTGACGGCGGCTGCGGCGGCGGTGGCGGCCGCGACCAGGTCGGCGTCCTCAGCTGGCCGAGCATGGTGGCAGCCTGCACCCTTGGCTCCCTTGTCTGGTGCAGCCAGCAGAGCCGCCAGCCTTGGGCGCCCATGGCCCTCCGTGTGAGGGCGTGAGCGGCCTGCCCCAGCCTCACCTGCTGATGGAGGACTCAATGGCCCAGTGACCTGACACCACACCACCAACTCCCTCCCACCAGCTGACGAATGGTGGACCCAGTGACGAGTGGCCCTTGTAAGGGTCATGGAATAATTTGAAGCGAGGCATGAGCGGCCCCTGTGGTCGCCTGTGACTGCTGGAGATAGAGGTCCCAGCACCCCAAGCCAACCCAGCGGACCCTCCCAGCCCTGCTTCAACCAATGGGGCCAGTGGGGCTCCAAGCAGCCACCTAACCATCCAGACCCCACCCCACTCACGCGGCC,9.69115334045312,3.2766683704429456
8023,ENST00000599612.2,ENSG00000254858.9,MPV17L2,18193182,18196948,49.287323885473455,1408,1890.86,499.157,5.94757,GGGAGCCGGAGGGGCGGGCAATTTGGGATCGACAGTGACTCGCGACTGGTCGGCGCGGCGAAAGCAGAGCGGCGCGCCGGTTCCTTGGTTCCTGAGGGCG,8.286968271995699,3.050844398592911
8024,ENST00000270061.11,ENSG00000130511.15,SSBP4,18418864,18434562,6.234138553126881,1768,2633.23,211.688,1.81121,GGCAGCGGGCGGGGGCGCGCGCGGCGGGAGGAGGGGAGCGCGCGTTTCCCGGAACAGCCCGCGCGGAGGAAAGGGAGGAAAAAAAGCCACCCTGCGGCCGGGGCCGGAGCTGGAGCCGCCGCTGCCGCCGCCGCCGCGGCCGTCTGGAGCTCCCCCGCGCGGACGATGCCTGCCGTGCCCGCCTGGGGCTCGGGGCGGTGAGGCCCGGGGCGCGGGGTAGCTATGGCGACGGCAAGCGCGGCCCGCGGCGCCGCCTGACAGGTGTGGGCCCCGGCGGCGGCGGCGTGGAGCAGC,3.4419744552685114,1.7832363904071133
8025,ENST00000222307.8,ENSG00000105700.10,KXD1,18557762,18569387,377.9447335529572,1426,1880.56,1630.09,19.5292,GACTTAACGCACGCAAGCGGCTCCAGGGTACGTCCCCGCCACGCGCGCTCGCAGGATCGGTGCGTGGTGACGTTTCGCCGGCGCGGGCGCCATCCCGGAAGCGCGAGCAAGGCCGCCAGATGTGCAGGCAGCGGAGGAGGAGAAAGAG,19.35280162797028,4.274470529587824
8026,ENST00000358607.10,ENSG00000006015.17,C19orf60,18588685,18592336,32.27862717398892,839,1004.35,85.0981,1.90896,GTGGACCTCCCGGCCTGTAGGGGGCGTCGGGCGCAGCGGAAGGGCCTGCTCCGGAGCCTGGCCAGGGCTGCGCAGTC,16.90901180432745,4.0797204431831755
8027,ENST00000600490.5,ENSG00000105696.8,TMEM59L,18607430,18621039,7.841072826363965,1717,2171.29,110.781,1.14951,GAAAAAGCAGGAAGGCACGGAGTCCCTCGCCTTCGCCCTGGCTGCGCTGTCCCCTTCGCGCGCGGGATGGGTTTGAGGCTGCCTCGCTCGGGTGACGTCAGCGCCCCGGTCCCCGCCGCAGCCGCTGCATCCTCCGTGCCCGGCCTGAGCTGGAGTCCCCCGCGCCCCCCGCGTTCCGCCCGGCC,6.821230634238907,2.770032042731742
8028,ENST00000321949.12,ENSG00000105662.15,CRTC1,18683677,18782333,6.5676860880980525,2501,3884.27,208.056,1.20679,GAGGAGGAGGAGGTGGCGGCGAGAAG,5.442277519782276,2.4442105262688125
8030,ENST00000599848.5,ENSG00000005007.12,UPF1,18831938,18868236,28.38386226527505,5311,7351.9,501.307,1.53626,AGCTGAGGCGCGGAGGGGCTCGGCGGCAGCGGCGGCGGCTCGGCACTGTTACCTCTCGGTCCGGCTGGCGCCGGGGCGCGCGGTTTGGTCCTTTCCGGGCGCGCGGGGGCGACAGCGGCAGCGACCCGAGGCCTGCGGCCTAGGCCTCAGCGCGGCGGCGGGCTCGAGTGCAGCGCGGAACCGGCCCGAGGGCCCTACCCGGAGGCACC,18.475949556243766,4.207576607290202
8031,ENST00000247003.8,ENSG00000105671.11,DDX49,18919675,18928633,55.889848548441805,1830,2429.12,591.148,5.48289,GTCGGCGCGCGCCGGAAGCGCGGATCACACGGGCCCCTACAAGGGGCCCCTACAAGCGGCCACAAGG,10.193501702285072,3.349577830463907
8032,ENST00000392335.6,ENSG00000105676.13,ARMC6,19033575,19060311,57.42872082031628,2383,3344.85,238.427,1.60598,GAGTCCTGGTGCGCAGGCGCGGGCCGCCGCGGCCCGGCTCTCTTGCGCAAGCGCGCTGTCCGCTTCTTCTGGGCGGACGCTCTGGAGGCAAAACATTTCCCTGCTGGGGGCGGCGACCACCGTGAGCGTCCCGGAAGGGGCGGCAAAGACGCCTCCGTCGCGCACGAGGTGGCCTCGTTGGCTTTACCTTGGTTCGCGGTCGTCCTTGGTTATCGTGAGCGTCCGCGAGTCTCTGGGAGGCCAAGCCTAGGGGCGCCACAGCGCCTGCGCGCGTACGGCGGCCGGAAGGGGCTAGAGGCGGCTCCCTGGGTGACAACCGCGCGCCCCACCTTTCCCCACGTGGCCGCGAAGACCGGCTCAGGAGCATCTATCGGCTGCACGCCAACATCAACACAGGCGAAG,35.75930012846753,5.1602465956404195
8033,ENST00000392324.8,ENSG00000064490.13,RFXANK,19192229,19201869,3.8937271237747457,1059,1236.71,110.845,2.01935,CTGGGGTGGGGGTAGCGGTCGAGTATCAAGTTGCTTTCTGTCCCGGCAGAGGAAGCCAGATCGCTGAGGGTCCGGTCTCCAGTTTGCCTCCTGCTATATCCATTGGAAGAGAAAAGTTTGTGACTTGGGCCCCCAAGTTTTGAGAGAACTGGGCTTTCGGCGCGGGGGGACAGAGGAGGCTCGTGGGGAGCTTTCCCC,1.9282081480549411,0.9472607973966247
8034,ENST00000262815.12,ENSG00000129933.20,MAU2,19320681,19358755,23.490707129731653,4994,6923.05,871.266,2.83541,AACCAAACGGCGTCGCCCTTTTACACCTTCCCGGAGCGGCAGTCATCCCAAATACAAACTACATGTTCCAGGATGCTTTGGGCGGCAGATCTCGCGGAAGCCGCGAGGAGAGCCCGGCCCCGTCTCGCGCGCCTGCTTCCGCCTCCCTGTGGCGGCGGCTTGTTGTTGTGGAGGCCAAA,8.28476556467377,3.050460873853748
8035,ENST00000404158.5,ENSG00000167491.17,GATAD2A,19385826,19508931,28.99493057414678,5776,8253.75,910.818,2.48624,ATTCTATGGGTTTTCTTCAGTCCCTGGACAGATGGAGTCTTATTCTGTCGCCAGGCTGGAGTGCAGTGGTATGATCTTGGCTCACTGCAGCCTCCGCCTCCCAGGTTCAAGCGATTCTCCTGCCTCAGCCTGCTGAGTAGCTGCGACTACAGGCGTGCGTCACCACACCCAGCTAATTTTTGTATTTTTAATAGGGACATTTTTAGTATTTTTAGGGTTTTACCATGTTGGCCAGGATGGACTCGATCTCCTGACCTCATGATCCACCTGCCTCAGCCTCTCAAAGTGCTGGGACTACAGGTGTGAGCCACCGTACCCAGCCTCGAAGGTTGGTCAGCACATTGTCTCAAGTAGCCTTTTGATGTCACTGTGGCCATGGCCAACTGGTAGGACCAGCACCCCATACCCCGAAGCCAGA,11.662160762495487,3.543763210400956
8036,ENST00000507754.8,ENSG00000186010.18,NDUFA13,19515736,19537581,1135.05429499483,991,1163.85,1068.35,20.6815,GGGAGCAGAATCCGTTCCAGGGATTGGGGTGAGTCCGACTTCGAGCAGCAGCTGCCCCCCAACATCATGTACCCAGCCCGTGACTACGTGGAGCCCTGGGCTTCGCGTAGAGTCCCTAGACGGGGCGAAAACGGGAAAAGGGGCCTTAACTGGGGCACCTGGCTCCTTTGAGAGCTCGGAGTTTCTGACTGGCCTGCGCAACACCCCAGAGGCAAGGTGAACGCGAGGGCCTATAATGCAAGAACCAAGGCGAGTCACGCCCTGTCTGGGCAAAAGAGGAGTAAAGACCCCTCAGCTGCAGCCCGGCAGCGCATTCCTACCCAGGGTCCGCCGCCAGAGCTTTCCCGCGCGGTCGGATAGTTACACTACTGTCCGGGACTTCCTAGCCGTGCCGCGGACCATCTCAAGTGCTTCCGCCACACTCATCATGGCGGTGGCAGTAAGTCACTTCCGCCCGGGACCGGAAGTGTGGGATACTGCGAGT,54.88259047916398,5.778276673760363
8037,ENST00000261560.9,ENSG00000118620.12,ZNF430,21020620,21060050,3.381264562267938,3923,3164.11,297.665,2.11952,AGCGGACAGGGCGGCTTCCGGGTTTGGCGGGGCCTTTGTCCCTCGCTGTGGCCTGAGCTCCAGGTCTCGTCTTCAGCGCTCTGTGTCCTCTGCTCCTAGAGGTCCAGGCTCTGTGGCCCTGTGACCCGCAGGTATTGGGAGATCTACAGCTAAGACGCCAGGAACCCCTGGAAGCCTAGAA,1.5952973136691033,0.6738253224125004
8039,ENST00000620627.1,ENSG00000160352.15,ZNF714,21082159,21125270,16.011749593355088,2066,1686.08,76.0738,1.01653,GTCCTCTGCTCGCAGAGGCCCAGCCTCTGTGGCCCTGTGACCTGCAGGTATTGAGAGATCCACAGCTAAGACGCCAGGTACCCCGGAAGCCTAGAAATGGGCGACCTGAGGTCTGGAGTGTATCCTCTCAAGGGAGCAAGTGGATCCCTGGGGCAGAGAGGAAGCTTCTAGTGTACTCTTACTTTGAAAAGGAGACGTTGACATTTAGGGATGTGGCCATAGAATTCTCTCTGGAGGAGTGGGAATGCCTGAACCCTGCTCAGCAGAATTTATAT,15.751379293631363,3.977406260830395
8040,ENST00000358491.8,ENSG00000197013.9,ZNF429,21397119,21556270,1.5242003932970352,2233,1831.44,117.108,1.44064,AAACATTATCCAATCAGGCACGCAGCTGGAGCGACAGGACGGTTTCCGGAATATGGCGGGGCGTTTGGCTCTTGCTGCAGCCAGAGCTCCAGGTCTCGTCTTCATTTCTGTGTCCTTTGTTCTTAGAGGCCCAGCCTGTGTGGCCCTGTGACCCGCAGATATTGGGAGATACACAGCTAAGACTCCAGGACCCCCTGGAAGCCTAGAA,1.058002272113113,0.08134272571545545
8041,ENST00000357002.4,ENSG00000213096.10,ZNF254,24033405,24129961,4.563194516486055,3967,2841.77,325.938,2.5841,GTCTCTCGCTGTCGCCGGAGTCCCAGGTCTGTCTTCACTGCTCTGTGTCCTCTGCTCCTAGAGGCCCAGCCTCTGTGGCGCTGTTACCAGCAGGTATTGGAGATCCACAGCTAAG,1.765873811573103,0.8203822524302086
8043,ENST00000221770.7,ENSG00000105171.9,POP4,29604017,29617237,190.61306967140388,2321,2815.09,325.65,2.60628,AGAGAGCGCCGGAAGCGGTCCGAGAATGAAGAGTGTGATCTACCATGCATTGTCTCAGAAAGAGGCGAATGACTCCGATGTCCAGATACAGCCTTTTCCTCCCTCTCCATGAACTCTGGAAACAGTACATCAGGGACCTGTGCAGTGGGCTCAAGCCAGACACGCAGCCACAG,73.13606737242502,6.1925111479429695
8045,ENST00000436066.3,ENSG00000166289.5,PLEKHF1,29665056,29675457,19.541129956723204,2084,3172.93,159.953,1.13578,TGACCGCTGAGGGTGACTGTGCTGTGAGGCCCGCCGGAGGCACCAGAAGGCACAAGCCTCCCACTGCCCCTTTCCCCGCCAAGTCCCGCAGGTCTCGCAGTCGCGGGCGCCCCCACCCCACCCCTGCCCAAGGCCAGGGTCGCAGTCCCACCGGGTGACGGCAGTCGCGCTCCGCGTGGGGCAGCGGCGAGCGGAAAGGGAAGCCGGGCGGGGCCAGGGGGTCAAACACGGGCGACAGTCCCGCCCAGCCCCGGACCTGCAGCGCGCACAAGCTCGGGCGCCCTCCGAGCGCCGCGCCCAAGCCCCGCCCCTCCCGCTTCCCGGGCTCCGATTGGCCGAGCCACCGCGGGGGCGTGTCCGGCGGAGCTGGCCGGGACCCGGGCGGAGCGGGCGGGGACCCGGGCTACTGCGGTGTGGACTCGAGGGCTGGGCGCGGGGCCGGCGCAGAAGCCGCCAGCTGGAGACG,17.20503086576908,4.104758575154761
8046,ENST00000262643.7,ENSG00000105173.13,CCNE1,29811898,29824308,51.922003285102576,2043,2202.29,240.449,2.45986,GAGGGGCTGGGAGCCGCGGCGGGGCGGTGCGAGGGCGGGCCGGGGCCGGTTCCGCGCGCAGGGATTTTAAATGTCCCGCTCTGAGCCGGGCGCAGGAGCAGCCGGCGCGGCCGCCAGCGCGGTGTAGGGGGCAGGCGCGGATCCCGCCACCGCCGCGCGCTCGGCCCGCCGACTCCCGGCGCCGCCGCCGCCACTGCCGTCGCCGCCGCCGCCTGCCGGGACTGGAGCGCGCCGTCCGCCGCGGACAAGACCCTGGCCTCAGGCCGGAGCAGCCCCATC,21.107706652046286,4.39969793356993
8048,ENST00000392271.5,ENSG00000105176.17,URI1,29923644,30016608,41.64877107393202,3444,2675.28,909.634,7.66055,GCGGCCGCCACGCGACGCCTGGCTGGGCCCGCACCGGAGAGGCGTCTCGGTACCTGGCAGGCGGCCTGCTACTCGGAGCCCGCTGCGGGGCGGCGGCGGCGGGGACATGCACGTGTGAGATGCGGCAGCGGGCGGCGCGGACGCGAACAGCAGCGGCGGCGGCGGGCGCGGCCTCCTGGGCGCGGGGCGCGCGGTGCCTGAGGGCGGGCGCGCGGGCGCTGGGCAACTGCCGGCCGCGCCGCCTGCGCAGGCGCTGGTTCAGGACTCACACGCCGCGCTGAGGCCCGCGGGCCCGTC,5.4367860106561565,2.442754045454269
8050,ENST00000355537.3,ENSG00000198597.8,ZNF536,30228290,30713538,5.360132240282926,4945,6833.2,344.37,1.13544,GGGAGGTGAGTCTGGAGAAGAGAGTTTCCACGTTGTCATCATAGGATCTGGACTCAAGTGACCAAAACCTTGCTTGGATTTTTACCTGATGAAGTTTGTCTTGAAAAGTGAAAATGGTTCCATTTCCATTTTCCCTGTTCTCAAGGG,4.7207533998123425,2.23901712217938
8052,ENST00000311921.8,ENSG00000168813.16,ZNF507,32345594,32387667,33.82038275967217,7638,6601.95,681.132,2.32446,GACCCACCCGCGGCTCACGTGATCCGTCCCCAGCGCCGCCATTTTGGAGCTCCGGATGAGGAGGGGGAAACCGGGGGAAAAGAGGGAAAAGAGCCGGGAGAGAGGTGGGCAAGGACGAGGGCGAGGGCACGGCCGGGTCCTGGCTGGCCAAACGAGGCTCGCGGAAGCAGCAGCCGCCGCCTGACCGCAGAT,14.549780490811703,3.862925482577193
8053,ENST00000392250.6,ENSG00000178904.18,DPY19L3,32405543,32485895,50.36157938652462,5998,5111.58,1212.88,5.34595,GTTGACGCCCCCCAGCCCCTCATTTCCACAAAGCTCCGCGGCGGTTCTGCCCTCCTTGTACCCGCGGCGCGCTGCGGCCCGTGGCGCGGCCCCGTTCCCGCCTAGCCCCGTCGGCCTCCTTCCCCTCCCGGAGCCGCGCGTGAGGACGGCTGAGGCCGCAGGAGTGATTTGGAGAACAATGCATGTAAGTCTGACATC,9.420510739255814,3.235805278629675
8054,ENST00000590247.6,ENSG00000105185.11,PDCD5,32581068,32587452,310.98958302976706,699,448.077,4657.11,234.167,CCGTGCGCCCAAGCTCGACCGCCTGAAATCGGGGAATCGGGCCTCTGCCGGCGCCCTGGCAGCGGCGCGGGGCGTGGCTCCGGGCTGGATTGGTGGCGCCTGGGCCCCGCGAGCGCCTGCGCAGTGGTCAAGGCCGCGCTCGCGCCGAGGGGCTGCGAGAGTGACCGCGGCTGCTCCAGCGCTGACGCCGAGCC,1.328067503233876,0.40932847808975065
8055,ENST00000588258.5,ENSG00000131944.9,FAAP24,32972209,32978222,10.600947640839758,2298,2536.34,268.167,2.3821,GGAAGGTGGCGCGGCCACCAGTAACATGATCTCTAGACTGGGACGGTGGGGTTCCTGCCGGCTGTATTCGGGCCTTGGACTGGACTGAGAAGCTACGGTGGAGACCATCC,4.4502529872128616,2.1538873524886872
8056,ENST00000170564.6,ENSG00000076650.6,GPATCH1,33080880,33130542,11.978122863890356,3492,3649.12,780.797,4.82072,CAGGCATCGGTGTCGCCTCGCAGGGAACAGTTGGGTGGCTTCCAGCTTATGCCAGGAGTCTCCTCCTCACCCGCACATCGCGGGGCTAGGATGGGATGTCGTGGCTGCCAAATCCTCCGAGGCAACTCCTGCCTGGGACGGCCTACCACAGGATGGGCCTGAGAATCCGGAGCGCAGGCTCGGGCCGCTAGGACACCTTCCCCCGCCCGCGGACCCAGCCTTCCAGCATCACCGGGGTTCGCGGAGGAGAAAGAGGAAAGGCGTTTGGCCTGCCAAGGCCGCCGTAGCGAGGGGGCGGGGCCCGGAAGAGCAGG,2.484716570116156,1.3130812939571357
8057,ENST00000253193.8,ENSG00000130881.13,LRP3,33177603,33208867,10.298887487969496,3807,5714.96,1741.2,6.86433,TACGGGCCTGCACCGCCACCGCACAAAGACGCCTCGGGAGCCGCCGCCTGCACCCGGGCCGCAGCAGCCACGCCAGCCGGAGCCCGAGCCCTAGCCCGAGCCCGAGCCCGAGCCGCAGCCAGAGCCAGAGCCGGAGCCGCAGCCGGAACCGGAGCCGGAGCCGCGGGGCAGGAGGCGGCGCCCGCGGGCGGCCGGGCCCGGC,1.5003485391829205,0.5852976856148111
8058,ENST00000284000.8,ENSG00000153879.8,CEBPG,33373330,33382686,268.8899361902168,4109,3845.2,742.525,4.35065,CCGCGGGGGCTTCCAAGGGACGCGGCGAAACCAAAACAGTCGCCGGTGGTTCACAAAACCACCTCAGAAAATGCTTCCAAAGGCACGTCTGGCCTCCACAAGGTGACGGCTTTTCAGCCTCCGACTCGAACTTGAGTCGTCCACAGCACTAGGCCGCCGCCAGCCCGGGCGAGCTGCCTAGGGACCGCGGACGCCGCAGCAAGCAGCTCCCTGCTCCCGCCACACCCGCCGAGCCAGCCGCGCGGAACCCACTCCCCCACCGTGGGCCCGCCTCCCGCCGCCAGCCTGCCCACGATTGGTCGACTGGGCTGCCCGTCGCGAGAGAAGGCGGTGCCTCCGGCAGGCCGGCGCTCCCATTGGCCGGGATGGCGGCGGCGGCGCGCGCGGCCCCGGCGAGCAGGGGAAGCCGGTGGCCGCGGCTGCGGAACGGGCGGAGGCTGCCGGTTTCGTAACCGTCGCTCCTCCTCGCTGACTCGCGGGCTGTGAGGCCTGGGTCGGCTCGGGCCGCACCGCGCGGGGCCGCTCGGAGTGGAGGCCGCCTGGGGGCAGGCGGGCTAGAGGAGCAGGTACATGTGAAGATTTTTTGGCAGCTTAGCGTGGAAACCATTGATCACCCTGCTCTCATTTCTACCTGTTCTGTGTTGGCAAGGGAGAGTGCCCAA,61.80454327289412,5.949640989915944
8059,ENST00000284006.10,ENSG00000153885.14,KCTD15,33795933,33815763,8.425730959621696,4918,6623.13,1664.26,5.66136,GTAACTCCAGGACGAGACCGGAGCGACCCGCGCAGCGAGCATAGGCGGCGAAGCTGCGCCCGGCGCCCGAGACCGGCAGCTGCGTGGGGCGGGGGCTGCGCCCGAGCCCGATCTGCCGGCTCCGAGCAGTGGTCTCGGAAAGAGGGTCGTGGTCCCGCACGGATGCGCTTGTTGGGAGAAACCTTGGAGATTCACGGCAAGGCGTAAAGCCTGGGGCTTCCAACGATACTCTGGGCAGGGATGGAAGCCTAG,1.4882874361675809,0.5736531841654852
8060,ENST00000544216.7,ENSG00000257103.8,LSM14A,34172504,34229515,105.86351804069542,3596,3052.36,2297.48,16.9581,AGCGGGCGTGCGGAGCGGGCGACAGTGGCGTGGGATCTGCCTCTCTGCGAGCAGCTGGGAGCGGCGGCGGCGGCGCC,6.2426520683741344,2.6421590600248717
8062,ENST00000299505.6,ENSG00000166398.12,KIAA0355,34254537,34355586,27.41184409732834,6717,8203.25,1675.39,4.60141,GGGGCCGGACCGGAGACGTAACTTCCGGTGTACACAGCCGGTCCAAGGCGGTGCGCTGGGGGCCGGGGCGCGTCGCAGGAAAGGACTTAGAAGCCTTACAAATACATCTGTGCATTCTTGCTTCAGACTTTACAACTGAGGGCCAGCCCAGTCTGGAAGCATCTCTTATTAATGTTACAAGGAAACCGCTACCTCAGCAAACAAAAGGAATGGAGGAGGAGACTTACAACAAACGCCATTTAAAAAAAAAAGAAAAACTTGTTTTCAGGAAACATTAGAGGAAATTTGGAGAATTTCAGCATTGCATAGAAGCAGCCTTACAGGTAAACGGATTTGACGGGCAGGCTCTGTCAAAATTCTGCAGAAGTTTGATCTTCCTTCTTAAGGACTTTGTGTGAAGTAATTCTTTACTGCTTTTAAATTGCTGTTGATCAGCTTCTGGGTTTTTGGGTTCTAACTTTTTTGGGTATATTGAAGACACAGTGTATTACATTATATTACATTTTTAAACGTTAAGTTATTTTTCTGCCATTGTAAATACAAGTATCAAAATATTCTTGCAAAGAAGTAAACATTTTTCTCAGCAAGCATATCCTTTTAGTAAGAGAGTGGAATGCTAAACAGTTCTTATCCAGCATTTTGGACATCTTTTATTTTTTGTCAGAGATCCTGTCTACACTGAAAATATTAATTATATAAACCTGTTGTCTCTCACCTCTACATTGGATCACATGGTCACCTGCCTCATGGAAATGCCTTTTTTAAAACTTCGATTTGCAGAACTCCACTATTTTTATACCTAGCTACAGTTTTGAGAAAGAAGAATCAGAACCCTGACCCACTTACGGTTGCTGGGACAATTCCCCCTCCCGC,5.957270509980276,2.5746514710080044
8065,ENST00000246535.3,ENSG00000126249.7,PDCD2L,34359480,34426168,70.84300118964138,1171,1169.05,564.44,10.8779,CAGAGAGGCCGCCGTAGTTTGCGTTTTCACCTGGTCGCCCGGCGGCC,6.512562276693239,2.703225263298542
8066,ENST00000246548.8,ENSG00000126261.12,UBA2,34428352,34471251,363.771586403895,4023,3636.5,2719.02,16.8457,CCCCACCCGCTTCCGGCCGCGGCTCGGTTCTCCCGCCTCCGCCTCCGCCGCGGCTCGTGGTTGTCCCGCC,21.594328903155997,4.432580576834796
8067,ENST00000627982.2,ENSG00000089335.20,ZNF302,34677639,34686397,27.98825637349889,1723,1246.94,168.398,3.04266,GATTCTGGGAAATGTGGTTCGCCGTGGGCGGTGCACTGGGTCAGTCCCGCGATAGCTTCAGGCCTGGCGGCGGCTTCCAAGCTAAGGAACGGTTTGGGGCAGTGTCGTTCCCGGAGGTCGGCCGCCGTTACCCGCTCACCAGCTACGCGGCGCGTCAGGTCCGCGGAGGCGCGGGCTCGGGGCGCCTGCGGGACGGTGAGGCCCTGCTGAGGACTCCGGACACTGCCCATCTCTAAGATAAGAACCTGGAAAGGGGACTCTGTTGGCCATTGGAAATTGCAGAATA,9.198614493074773,3.2014165769850536
8068,ENST00000601957.5,ENSG00000168661.14,ZNF30,34926903,34945170,18.960458834189648,2583,2371.63,132.058,1.25452,AATGTAGCCTGAAACTACATTTCTCAGCGGCCACTGGAACGACCTCAATCTCTGCCTCCTCGCCAGTTCATTGTGGTCGTTGACCCGGCAGCGAGCTTTGGAGTTCATCGAGGGAGAAGTCAGCGCCCAGCTCCGAGGTTGGAGCAGCCCCGCCGGGCAACTTGAATTTCTGCAAACGAACACAGCACCGGGAGCTCTGCAGACCTGTGTCGGCGCGGAACCCGGACTGAGACATGCCTTTTGAACTTCTCAGATAGAGGAACCCCAGTGAAGACTGATCAGTTCTTACAATTCTCAAAGC,15.113715870763038,3.917786501204441
8069,ENST00000424536.2,ENSG00000089351.14,GRAMD1A,34994784,35026471,24.33862685874187,808,837.389,59.189,1.59249,GGCGCGCCCACCGCGCCGCATCC,15.283378142871772,3.933891557849401
8070,ENST00000392219.6,ENSG00000089327.14,FXYD5,35154730,35169883,222.38160598434996,872,1074.06,1947.06,40.8427,GGACGCAGCAGCCACCGCCGCGTCCCTCTCTCCACGAGGCTGCCGGCTTAGGACCCCCAGCTCCGAC,5.444831168956752,2.444887315152451
8071,ENST00000354900.7,ENSG00000105699.16,LSR,35248330,35267964,43.81463268650529,2105,3028.17,727.43,5.41219,CGGGTGGAGTGTGGCTCGGAGGACCGCGGCGGGTCAAGCACCTTTCTCCCCCATATCTGAAAGCATGCCCTTTGTCCACGTCGTTTACGCTCATTAAAACTTCCAGA,8.095545922538804,3.0171283718413657
8072,ENST00000343550.9,ENSG00000105698.15,USF2,35268978,35279821,24.2583202381276,1523,2004.34,897.008,10.083,CTCCTGCCGCGCGGCGTGAGCGCCGGGCTCGGGGCCCCCCCGGCCGCCCGCCCCCTCCCCTCCCTCCCTCCCCTCCCCTCCCCTCCCCCCCGGGCCCCGCGCCCCCCCCGCCCCCGCCCCCCCC,2.4058633579418425,1.266554706347033
8074,ENST00000222284.9,ENSG00000105677.11,TMEM147,35545595,35547526,190.62556288645425,899,891.752,1219.03,30.7986,GCTCCCAGAAGGTCGCGCGCGGGCCCCCGCCAGTCAGGTGGGTGCCAGGCCCTGGCCGTGGCGAAAGAGCCGGCGGAGCCGGAGACCCGCTCCCGGAGACGCCGCCTCGCGATCCCCGCGCGGGCGGGACCGGGCGGCCGGCATC,6.189422989566222,2.629804920119213
8075,ENST00000203166.9,ENSG00000249115.8,HAUS5,35612744,35625349,55.02118934643353,4283,5338.12,1173.34,4.9522,GCGGTGTCGCCGCCGCGGCGCTGTC,11.110453807688204,3.4738458398529213
8076,ENST00000262633.8,ENSG00000126254.11,RBM42,35629030,35637686,229.2001901924664,1680,2432.23,2067.74,19.1537,GTCATCCTCGGGAGCCCACCCGGACGAAGGGGGAGAGTAGACAGCAGAACCAGCGGCGGCGGCTAAGCAGAGACTGTAGTAGCGGCGACAGCGACGACGGCAGCG,11.966366299590492,3.5809132256632963
8078,ENST00000246554.7,ENSG00000126267.8,COX6B1,35648223,35658861,2245.293844630438,667,609.476,3746.98,138.512,TGGGCGTGGCTTGAATGACTTCAGTGGCCTCCTCCTGGGAGGGAGCTGAAGCCGCTCGCAAGACTCCCGTAGTCCCCACCTCTCTCAGCTTCCGGCTGGTAGTAGTTCCGCTTCCTGTCCGACTGTGGTGTCTTTGCTGAGGGTCACATTGAGCTGCAGGTTGAATCCGGGGTGCCTTTAGGATTCAGCACC,16.210103417974167,4.018821389945317
8079,ENST00000587708.6,ENSG00000205155.7,PSENEN,35745114,35754519,322.7170820061388,1661,1938.75,174.303,2.02556,CCGGGTCTCACCTGGCTGAATGTCGGCTTGTTGTGAAGCCGGGAGCACCGGTCCCCGTGCCGGCAGACCCCGATCTTAAAGTAAAAAGAGCAGTTAACCCTGGAAAAGGTGCAAAGACAAAGGTGAACCGAGGGCCGGGGAAGCTGGGCACCCCAGAAACACCGCCCCACCACCCAGGACCCCAGTACCCCGGCCCCGACCCCCCGAGAGTCCACTCCCAGCGCCCGTTCTCACTTGTCCTTCTCAGTCCCGAATATCGAAGCTAAATATTCAGCCATTTTTACCCAAGCCCTCCAGGTCTGGCTGCTCTTACGTCACTTCCGTTGCTTAGGAGCACTGGGAAGTGTAGTTCGTTGCCCTCTCCAGGCGCTTACCAAGCGCTCGGAAACGCCCCAGGGCGCTTGCGCGTGGGAGGCGCGCGCCCTCCCCATAGACTCCCCGGTAGGAGTTCTTTTAACAGCGCATGCGTGCAGTGTTGCCTCGCCCAAAGAAGACTACAATCTCCAGGGAAACCTGGGGCGTCTCGCGCAAACGTCCATAACTGAAAGTAGCTAAGGCACCCCAGCCGGAGGAAGTGAGCTCTCCTGGGGCGTGGTTGTTCGTGATCCTTGCATCTGTTACTTAGGGTCAAGGCTTGGGTCTTGCCCCGCAGACCCTTGGGACGACCCGGCCCCAGCGCAGCT,159.32240072184425,7.315805313752181
8080,ENST00000591613.2,ENSG00000188223.9,AC002398.9,35745114,35754519,31.907409880684565,1037,1144.09,56.3767,1.1102,GCCGGAGGAAGTGAGCTCTCCTGGGGCGTGGTTGTTCGTGATCCTTGCATCTGTTACTTAGGGTCAAGGCTTGGGTCTTGCCCCGCAGACCCTTGGGACGACCCGGCCCCAGCGCAGCT,28.74023588604266,4.844999997678694
8081,ENST00000620918.4,ENSG00000167595.14,PROSER3,35758143,35771028,2.0613271820802703,3606,5523.11,546.189,2.22803,AGAGCGGCCGGAAGCGCGGAGGGAGCCGCGGG,0.9251792758985607,-0.11219514505380801
8082,ENST00000378887.3,ENSG00000205138.3,SDHAF1,35995199,35996315,124.81008132607364,1117,1365.96,439.0,7.24086,CTTTGGCCTTTGCTGGCTGTGTGGCGGCTCCGCGGTTCGCAGGTCGTTCGCTGAGCGTCTCTGCTTAGCCGCGGTC,17.23691403038778,4.1074296029820765
8083,ENST00000401500.6,ENSG00000075702.16,WDR62,36054881,36105106,13.32796547249547,4682,6751.36,1306.93,4.36137,AGGGGATGTAACGGTCGCCCGCCTCCGGCGTGACG,3.055912585379243,1.6116032755583536
8084,ENST00000221855.7,ENSG00000105254.11,TBCB,36114289,36125947,251.43330743286805,1473,1838.82,417.559,5.11613,GCCGCCTCGGGCTCGGCTCTCTCCGCGCAGAGGTTTCATGGCTTGCTTCAATCTTTTGATATCTTAGAGTAATTGCTTCCAATTTTTGGGCATCGCCGCCTCAGTTTACAGAATAGTATGGATCTGGTGCCAGAGCCGGGAAAACGATGCGCATCGTAAACCGCAAAACACTGAGCATCCAGGACAGAAGCCAAGGCGCTTGGCTTGGTTGAAGGCCAGTGCGCATGCGCGAGTTTACCCTTCGCGGACTGGGCGAGCTCTTGCCACTCCTACCTCCGGGCTTCAGTCTTCGCCGCCTGTTCTGGTCCTTTCCCGGGCCGCTATTGGAAGAACCGTGAACTATGGAAGGCCCCTCTGGATTGGCTGGGCTGGCCCAAGAGTAAGGAGAGCCCTCTTCCTGGCGGTGGGGAAGGGACGGCGGCGATTGGCGGACGCTCCTGGCAGGAGAGCGCGGATTGGTCAGGCACGGAGCAGGAGGCGGGGCTGATAGCCCAGCAGCAGCAGCGGCGGCGGCGGCTGCGGAGCGGGTGTGAGGCGGCTGGACCGCGCTGCAGGCATCCGCAGGGCGCGGCAAG,49.14521472927155,5.618979043041328
8085,ENST00000456324.5,ENSG00000167635.11,ZNF146,36214602,36238774,372.16157636791,3780,3323.8,193.169,1.30938,AGGACTCCCAGACCCCTCACCTTCTGCCTCCCCTGGTCGCGTCCGGGTCCTTGCGGAGCTAACTAGCTCGCCACGACGTCAAGAACGACGTAACGTCAGGCCGCTGTGGGCTCTGGGAATTGTAGTCCAGAGCTAGATCGGCCACGGACAGAATGGCGTTCTCTTATCTCTGAGTCGGGGCCTGGCTCGTTTTGACATTTTTGCGCCCACGAGTCTTCGGAGAGGGCGTCGCCACTCCAGACCTTCCAGCAAGCTTGAAGTCATCTGACGCTAAAGGACTACTTACCTCAAGAGCTCCATCGTCACAGAAGGAGGCGGCCAAGTTCGCGGGGGGAGGGGAGGAGACAGAGAGTCGACCAGTAAAGCCTCAAGGGAAATGTAGTCCAAGGCCTGAGAAGCGACGTTGCTGGTAATAGAAGGTAATTCAGTACCAGCCTGGGCCTGGCCGCGGTGACCGAGGCGGGCCGCGTCGCGGAGACTTCTGGGAGTGCTTCCTCGCTCTCCGAGTGCGCAAGCGCAGCGCACCGAGTGGACATTTTGGTCTTTGTCCGCGGGTCAGTACGGCCCCTGGGTCCACGTGGCGCGAAAGTAGGAGTTAATATGATCCTCTGTTGAAGCAAGAAGACAAACTGTATGGTGGAGAAAGAAGTGGGAAGGATCTGCGCGGAAGAAGCCTGAGAAGATGATGCACAGATAGAGAGGCACCAGGACTTGAGAGGCACCAGGACTTGGGAGGCATGTTGATCCATCTCCAGGAAAGACTGAGAAAAAGAGCGTTGAATATAAGAAAAAATACTTCCTCTGTTCTCAGATCGTATTTGTTTTAAGGCCACACCTTTTTGAAGTTTTCAGTTTGAAACACAACCTGGACTGAAATCATGAGGGAGGTTGTGTAGGAAAGAATCATCAAGGGACTTAGTTGGGAGCTTCTCTACCACAGCTTACTCCTTATGGTATTAACCCCCTTTAAGTGTAAATGTCTTTGGTTTAAAACGTTTGTACCTCATCTGTTACCAGAGTGTTCATACTGGAGAGAAACCCTATGAATTTACTGAATGTGGGGGAACTGTTACTCATATGTTGCATTTCGTCGAACGTGCAAGTCATGCTGAAGAGAAACCCTGTGCTTCTAAGGAGTATTGACAAGCCCTTAGCTAGATGACAATCTCATTGAGAAGCAGAAAATTCATGCTGGAGAGAAACTAGTGAAGGTAGCAATACTTCATTGAATATTAGAAAATTTTTCTAGAGAGAAAGCATTGAATATACTGAGTATGATAACATTTCCTCTCAAACCTTATCCCTTACTCTGCATTTGGGAGATCATACACAGAGAAGCCTTATAAATGTAAGAGATGTGGAAATATCTTCAGCCAAAAGTAAATCCTCACTCATCAAGAAATTTTTACTGGAGAGAAACCTTGTGAATGTGGGAAAGCTTCCATTCAG,284.22732619095297,8.15090145464744
8088,ENST00000292928.6,ENSG00000161298.16,ZNF382,36604817,36634113,24.285543570977485,8329,8095.36,578.614,1.61033,GACTCACCCTGGGCCGGGGGTGAGGCTTGGACTGTTTCTTTTTCCAAAAGAGGAGCTCAAAAGAGAAAGTTCATCTAGAAATCTCAAAGCCATGTCTCAGGATGAACTAGAGT,15.081097396792883,3.9146695070023876
8089,ENST00000536254.6,ENSG00000189042.13,ZNF567,36687612,36727701,25.701115791634823,2825,2134.97,397.937,4.19938,ACCGAAGGTGAGGCTGGTGGGTCCCGCGGGCGCGGAGAAGGCGGGTGACGGTGTGACCCTCTTTAGCTCTCATGGATTGGGAGCTGGGAAAGGAATGAGAAGACAGAAGTCAGAGACAAGAAGAGGCTAACATGACTGATACCACTATAATTTAGTGAACTGCCTCTTTTCTAAAGAGGACTCCAAAGGAAGGACTGGTCATCTCTTTCATATCTCAAAACC,6.120216744289592,2.6135827461164056
8091,ENST00000337995.3,ENSG00000197050.10,ZNF420,37007857,37130314,11.684798773952007,3535,2725.49,560.955,4.63709,CTTGGCTCCGCACCTGCTGGGCTGGCGAACCCGAAATTGGGCTTGGAACCCGGGAGCCAGATCTTGGACCCTGAACTGCACCTCTGTCAAGAGCCCAGAGGAGAAAGAATGGCTGTTTCAGTAGCAATGTCCAAGCTCTGCATTCTCCAGACTCTGTGCTTTCCTAAGATAGGAACCCAGAAGAGGACTGATCATTTCTTGCAGCTCTAAAAACC,2.519855938520065,1.3333412564539058
8093,ENST00000590582.1,ENSG00000181666.17,HKR1,37312837,37369365,10.811227208889868,704,646.185,29.0,1.01112,TGCACCTTGTTACCTGACTTTCGGCTTCAGGATCCGCAGCGTGCACCCGCGTTCCGTGAGTGCCCTATAGGCAGTCAGCATGCCCCTCTGCGTGTCCCTGTGTTACGGGGACGCCGGCTGGGAGCCGCAGAGCTATCTCAGAACTAGGGCGCTCTCCTTTGGGCACCTCCAGGCCATTTTCCTTTCATTCGAGCCCACAGGGTTAGAGATAAACCCTCACTCCGTTGCTTGGGGACAAGGGCTTCACTCCCTGTCCCGAGCTTGCGGCTGAGCTTGAGGGTGGCTGGGTCATCCTGGCCCCCCACTGG,10.692328515794236,3.418504164257593
8094,ENST00000436120.6,ENSG00000189164.14,ZNF527,37371061,37393066,6.886421660997102,2828,2547.13,196.376,1.737,ATTCTGGGAGGTGACGTCGCGGGTCTCGGTCGCGGGGCCCGTTTGCAGAGCCCGCGGCGCCGGGAGGACTTTGTTCTTCTTCAGAAGAGAAAACTGAAGAAGGAGGA,3.9645490276321826,1.9871567669125096
8095,ENST00000222345.10,ENSG00000105738.10,SIPA1L3,37907228,38208372,31.55791484283263,7987,12450.5,1255.87,2.27259,CGCGAAGCGGCTTGGAAGTGGGCAGCCTGGAAGTCACTCGGGCCACCGGAGCTGGCGGCGTCTCCAGCGAGCGGCGCGGAGCTGGACGCCGCGATCGTGGGGCCCGCGAGGCGGGCAGCCGGGGCGTCCAGATGCACAGTCTCTGACATCAGCTCTCCTGGGACCCTCCAAGAGCACTAGTGTCTAGAAGGCACTAAGGCATGGCGAGGACAACATCCTTGCTGCCTCCAGCTGGCGGGCGACCACAGCTACTGCCTGCTCTGCGCTACTGAGCCACTCGGTCTGGAGCCCCCAGGACAGCACCTGCTTCCTGAGGTTGTCCTGGCTCAGCTGTGCACAGCGATGGTGGAGAACTGGACTCCACAGGCTCACAACCTTCCTGTCAGGTTTCAGGGCCCAGCATCCTTCATCCTGGGCCTGGCTGCCCTGAACAATGGCTGAGGGCTGGGGGACCCCATAGAGTGACACCACAGCGTACGGGGCCAGCAGCACTCCAGTGCCCGTGGACT,13.886321264650741,3.7955925490532056
8097,ENST00000301244.11,ENSG00000167642.12,SPINT2,38244035,38305009,266.84082546953965,1802,2135.63,1640.06,17.302,GCGGCCGCGCAGGTGCCTGCCCTTTGCGCCTGCGCCCAGCTCGCCCTGCCTAGCCAGGTGCGCCCCGCCCCCTGCCTGCCCGGCCACCTTCGGGAGCCGCTTCCAATAGGCGTTCGCCATTGGCTCTGGCGACCTCCGCGCGTTGGGAGGTGTAGCGCGGCTCTGAACGCGCTGAGGGCCGTTGAGTGTCGCAGGCGGCGAGGGCGCGAGTGAGGAGCAGACCCAGGCATCGCGCGCCGAGAAGGCCGGGCGTCCCCACACTGAAGGTCCGGAAAGGCGACTTCCGGGGGCTTTGGCACCTGGCGGACCCTCCCGGAGCGTCGGCACCTGAACGCGAGGCGCTCCATTGCGCGTGCGCGTTGAGGGGCTTCCCGCACCTGATCGCGAGACCCCAACGGCTGGTGGCGTCGCCTGCGCGTCTCGGCTGAGCTGGCC,15.422542218792028,3.9469686904998436
8098,ENST00000252530.9,ENSG00000130244.12,FAM98C,38403135,38409088,12.104443042034248,1271,1592.15,105.843,1.49775,GCGCCGAGACCACACTTTC,8.081751321672007,3.014667959970988
8099,ENST00000248342.8,ENSG00000178982.9,EIF3K,38619082,38636955,940.3226610337972,864,825.31,4469.25,122.005,GGAAAGCGTGGCGGCTGCTGCTAGAGCCTTTCCCTTTACCGCACCCAAGGAGCTGGAGCGACAACAACGACGTCGTTTCCGTTTCCACCACCTCTTCCTGTTCCCGTCCTTGAGGACGCCGTGCCGGGTCAGTGTTAGCCTCCAGCCCTGGTTGTGGAAGGCGACAGAAGTC,7.707246924583396,2.9462156127278014
8102,ENST00000252699.6,ENSG00000130402.11,ACTN4,38647649,38731583,240.4073172527322,4963,7132.52,7924.08,25.0304,GCGGCGGCGGCTCGGGCAGAGGGGCGGGAGCTGAGGCGGGAGCGGACAGGCTGGTGGGCGAGCGAGAGGCGGCGGA,9.604613480117466,3.263727556468836
8104,ENST00000313582.5,ENSG00000104825.16,NFKBIB,38899700,38908893,33.43069366098322,1159,1459.58,487.555,7.52588,GCGACTGCGGGGGGCCCCTGAGGCGGCGGGGGCC,4.442097623265748,2.15124109911041
8105,ENST00000308018.8,ENSG00000128626.11,MRPS12,38930548,38933162,281.44435059709554,1207,1416.66,390.803,6.2152,GAACCGCTCTATGTCCAGCTGAGGGAGTGCGCTGTAGCCCTCGCGCGCATACTCGTACAGGAGGTTCCGGTTTCGTTTCTCTGTAGTGAAACTTCTCCTTGGACTATCGTTGGAGATGCAGCCTCCCCGGGGCCGGAACCCCCGACGAGTCAGCAAAGGCCACAAGCGCCGCGCCATGGACGCAGCCATCTTGGACCGGGAACAAGGCGGCACTTCGTCCCGCCCACTCCGCGTTTAGACCAATTGCAAGGCAGCGAACCTGACCGTGACGAGCCAATCAGATCCTGAGGAAAGTTGACCGCGATAGAGTCCTTCGTCGCCCAATCGTCGTCTGTGTCCCGCCTCTTCAGTGACGCGAGGCAGAACCAGCCAATCCCTGCACGGATAGCGCCCGGAAGAGGCTAGAAGCTGGATTCAGCGTGTCCGCGACCTCACCTTTAGGTCCTGTGAGGGACGGCCCAGGTGGCAGG,45.283233137645695,5.500905062446031
8106,ENST00000314471.10,ENSG00000179134.15,SAMD4B,39342396,39385710,44.67631463435473,4519,6561.57,2115.76,7.26476,GGTCGGTGCGGGAGGAGGGAGGGGAGCTTGCGGGCCCGAGAGGGGGCGACGGCGGCGGCGGTGGCCTGAGGAGGCCCGAGCGGCGGCGGTGGCGGCGAAGGCCGAGGCGTCTAGGTGTTTTTGGAAGAGCTGCAGCCTTTGAAGAAACATCTCTTGATGATGATATCATAGACTCCTTCCTACTGGGCAGATGAGGCAGAATGGGGCACAGTAGTTCCAGCAAAAATCCAGAGAGGACTATCCTTGGCCAGGCTTTACCCCATGTCCACTTCTGGAGCCAAGAAAGACAGTTCCTTCTCCAAGGGGAACCCAGGGTGTTGATACTAGAAGATGGAAATGGATACAGTAAGATGCTGCCACAGTGAGATGCCTCACCCAGGTCTCCCTCTGTCACTTCAGCCAAGCACATGGGATAGAAAGTAGCAGGCGGCCTCTGGCCCTTTAATGGAAGAGGGCCATCCAGTCCTCTCCAGTTAACATCTAGACCGAACACAAAGCATCCTTCTCTCATCCAGAAGACATAGGAACCCTACCTTCAGGGATGATTTTTTTTTAACAGTGAAATCTTAAAAGTAACTGTTTCACTAAAGCCTCCAGTATTTACTGAAGACTGTCAGAATCATCCTCCATCACTAGATCTTCTCCACCAGTCATGTTCCCTGAGCAGTGGGGTGGCTTGAAGGTATAAACCAGAGAGGCCCAAGGGAGGGATAGTTAGCAGACTTCTGGTCTTTTTCTAGTTTGTGCTCTTCTGTTCCAAGGACCACAGGATTCTTCTCATCGCAGTGCTCCAGGCAGCCACTACCAATCGATTGGAGTTAGCCTGTGAGGAAACTGGAGAGGCGTGGCTGGACCAAGACCTCCCCCCATGTGAGCAGGCTTCCTCCTCCCCCAACAACCGTTGCCACCACGCCCAGAAACGTCCTTAAGCCCTGGCCCTCAGGGGAAAGGTAACAGGAGGCCAGAGCCGGGACCATGTGACGGCGCTGGCCCTCGCCACCGCCGTCCCCCGACCCTGGCCCCAGGCCCGGCACC,6.149730291758397,2.620523139675449
8107,ENST00000597629.1,ENSG00000128016.5,ZFP36,39406813,39409412,5.586302480714536,1786,2401.06,256.487,2.40672,TTCCTATAAGTAGCCGGCTCTCGGTGCCAGCCTCAGCCTGACTTCAGCGCTCCCACTCTCGGCCGACACCCCTC,2.321126878371616,1.214825386014815
8108,ENST00000425673.5,ENSG00000090924.14,PLEKHG2,39412585,39428415,7.723298564377068,8132,11296.8,1030.65,2.0555,ATGTGAGCCCCGGCGACAGCGGGGGAGGGGAAGCCCCGGGCGACCGCCCCCCGCCTCACAGCTGGGATCGGACTCTCCCGCCCCAGATGTGGCGCCGCCGCCGTCACACGAGCCCCGTGACACCCAGCCGGGAGCCCGAGGGGTCCAGAGGCTCGGACCCGGGCGTCCGGAATTTCTGCACCGCATCCTGAGAGACCCCGAGGTCCAGACCCCGGCGCCCAGGCTGGAGGACTTGAGCCATCCAGGTGCGCAGCGCCCCCTCCTGGAGCAGCCGGGAGCCCGGACGTCACCCCGCGAGACCCTGGAGGCCGAGCGCCCCGTATCCCCGTTTCAAGAACTCAGGATCCAGGACCGCAGACTCCCTCCAGGGCTCCGATCCCAAGACCCCGCGTTGGAGGAACTTGAGATCCGGACTTCTAAGCGCCCCAACCAGTTTCGGGCTGCAGCGGCCATCGCTTCAAGGGGACCCAGGACTTTGGGACCCCCCTGTGCTCCCACCTGGAGGGAGTTTCATTCCTGCCCCTAGAATTAGGGGAACTCAGAAATCCATCCCCCACCCCACGGCCCTACCTAGAAGACTTAGGAATGTGGGTCCCCAGCGCCGCCATCTGAGACTCCAGAGTCGAGGCTCCTAGCATCCCCTACGTAGAACACTGAGAAATTCCGACTGCGGGACCCCAGTCTCCGAGAGACCCCAGATTCTATTCCTGGAGCCTGAGAGCCCGAAGTTCACGCCCCTGAGTCTGGGCTCCGCACCTCCCTGGGGACCGCGTCGGGGTCGCGCAGGAGCCGGGCTGCCTCGAGCCGGGGCTGGAGGCTCCCCGGGAGGACTCTGCTGGGCCGCTCAGCC,3.7573819335329937,1.9097277717177998
8109,ENST00000544017.5,ENSG00000105197.10,TIMM50,39480412,39493785,385.9744320810296,2572,3355.65,207.943,1.39614,ACAGGTGTGGAGGGGCAACCCATCCCTTCAGACAATTGGGAGGTGAGGGCCGATTGCCTTACACGGTGAGACAAGCGGCCTGACTCGTGACTATTTTTTTGGACAAATCAGGCAGCCACTGACTCCCTTCATT,276.45825782588395,8.110917855501478
8110,ENST00000157812.6,ENSG00000013275.7,PSMC4,39971005,39981441,478.9356778763109,1591,1841.29,3836.77,46.9469,TGCGGGTACGGACAGCGCATGAGCTTATGTTGAGGGCGGAGCCCAGACCAGCCCTTCGTCCTATCCTGCCCTTCCAGCACCTCTCAGCCGTAACTTAAACTACACTTCCCAGAAGCCTCCTCAGCCAGGGACTTCCGTTGTCGTCAGCGGAAGCGGTGACAGATCATCCCAGGCCACACAGAGGCCGGCTTGGTCACT,10.201646495856188,3.3507301098006015
8111,ENST00000253055.7,ENSG00000130758.7,MAP3K10,40191744,40215575,1.3713535449161809,3436,5357.74,513.189,2.15803,CGCGCGGCCAGGCCCTCTTAGCCCTCTGCCGTTTGGGGGGCACGGGTGAACCTGCCGCCCCACTCCCACCCCGCCCCGCCCCGCCCGTACAGCCAAATCGGAAGGGACGAGCCTGCCCTTTGAAAGGGTTTTTTTTCTTGCTCCTGCGGAGGGCGCCCCAGCCATGGCCCTCAGGAGCTCCCTAGACCCCGCAGGGACTGCCCTCCATCCCGGCCGCCGGGGCCCGCCCTCTGCATCCCGCGGGCAGCCTGTGTGAAGCGGCCTCCCGCAGCCCCCGGCCCCTCCCCC,0.6354654684671579,-0.6541143643459436
8112,ENST00000291842.9,ENSG00000160410.14,SHKBP1,40576851,40591399,48.94754624480164,2363,3444.51,1525.56,9.9785,GGGTGCACACCCGGAAGTGGGTGCGGGCCAGCCGGCTCGCCCGGGGGCC,4.905301021676769,2.29434167245976
8113,ENST00000263370.2,ENSG00000086544.2,ITPKC,40717103,40740860,9.465360529315353,3385,5025.4,643.0,2.88272,GGGTCGGCCGAAGCCCGAACCGAAGGAGCGGGC,3.283482450364709,1.7152267443097682
8114,ENST00000243563.7,ENSG00000077312.8,SNRPA,40750637,40765389,241.46841962287596,1621,1931.34,2569.24,29.9715,GGCCAGGAGAGAAAGCTTTGTGGTTTGGTCTCAGGGAAGTAGCAGGCGCCGGTTGAGAGAACTACGGCCCTGTCGGAAGGTAACCTCCGGTGCAAACGACCATCGGCGGCAGGCGAGCGGTACGCTTGGCGTCCGGGCCTTCCTGGGCCCGTCTGAGGAAACTTGCTGCTCGAGGCCAGGCTGCCTAGGACCTGTCCCTTTTTTCTATACTGGCTCCCACATCCGGGTTTTTTCTCCGGGACGGCCCTTCGGATGCTTGGGCCAATGGGAATCGCCATTTAGGGTGCTCCGCCCACCGGGTCGCGTAGAGCATCCTGGAAGTCGTAGTAAATCTCTCGAGAGTTCTCTCCGCACGCGGGCTGGAGAAGCGGGTCCTACGCACGCTTTGTTGTCGCGCTTTGCCTCCGTCCTTGCCCCTACTCCCGCCTTACCTGACTTCCTTTTCGGAGGAAGATCCTTGAGCAGCCGACGTTGGGACAAAGGATTTGGAGAAACCCAGGGCTAAAGTCACGTTTTTCCTCCTTTAAGACTTACCTCAACACTTCACTCC,8.056601091799742,3.010171324830274
8115,ENST00000357052.7,ENSG00000167578.17,RAB4B,40771648,40900508,22.622437067176143,1133,1381.94,139.835,2.27975,CCGGGGAGTAGGAAGGAGCCGGGGCTGTAGCCGGAGTGGAGCGGCTGCCAGCCGAGGAGCAGGCGCGGCCGCGGCGCCATATTGCGGCCCTCAGCGGCCGCGACCGAGTC,9.923209591918475,3.3108068255938212
8116,ENST00000392006.7,ENSG00000105323.16,HNRNPUL1,41262496,41307598,160.2296483448057,3555,5034.11,8012.14,35.8582,CGGACGAGGCACGAGTGAGGGGGGAGGCGGTGGCGGCGGCCATTTTGAGCCGCTGCCGCCATTGGAGTGGGCCCCCCCCCTTTCCCCCTTCGCCTCCTGACAGGAAAGGTTTAAGGGGGACAGAGCCCTGGGAGGCCGGGCCGGGCTCGGGGGCCACCCCGGGGGCCCGGGCC,4.468424191532361,2.159766148661726
8117,ENST00000269967.3,ENSG00000142039.3,CCDC97,41310189,41324883,44.07361898372503,3322,4975.6,1267.05,5.73736,GCCTGGGCGCAGCGGTGCACCCGGACCCGGAACATTCTCAGGCGAAAGTGTCTCTTGCGTGCGTGGGCCGGAGGTTAGTGTGCGGGGCCCGCCGGGCGGTTGAAAAGTCCGAGAGAATCAGG,7.681863955499573,2.9414564142121105
8118,ENST00000269980.6,ENSG00000248098.11,BCKDHA,41350853,41425005,56.755620680488526,2103,2823.0,683.85,5.45772,ACCAACAATCTGGCTCCGCCCAGTCCCACCTCCTAACTCTGGCAACGCCATTGGACATTTGGGAACAGAAGGCAGGCCTTGGCATTGATCCGCTTTACTCTGGGCCCCCGGGCCCTAAATCCCTGAGGCCCTGGTCAGGTTGCCCTCTTCTTTGCCTGTTACAGGAGTAACTACAATGAGGCGATTGGAGAAAATTTTGGGTAGATAGATTTTTTTTTCTCCAAATCTCTGTGCATTCTATCTACCACAGAACGGGAAGAAGATGGTTTTCTTGTCAGATGGTGCTGGAGTTTGCGTCAGGCACATAAAGAGGCAGCCCCGAATCTAGCCTACGTGAGTGCCGGACCGCTGAGTGGTTGTTAGCCAAG,10.399144822469552,3.378392987570053
8119,ENST00000598742.5,ENSG00000105372.6,RPS19,41859918,41872926,2186.8791689066165,2359,3141.15,2676.79,19.1994,GTACTTTCGCCATCATAGTATTCTCCACCACTGTTCCTTCCAGCCACGAACGACGCAAACGAAGCCAAGTTCCCCCAGCTCCGAACAGGAGCTCTCTATCCTCTCTCTATTACACTCCGGGAGAAGGAAACGCGGGAGGAAACCCAGGCCTCCACGCGCGACCCCTTGGCCCTCCCCTTTACCTCTCCACCCCTCACTAGACACCCTCCCCTCTAGGCGGGGACGAACTTTCGCCCTGAGAGAGGCGGAGCCTCAGCGTCTACCCTCGCTCTCGCGAGCTTTCGGAACTCTCGCGAGACCCTACGCCCGACTTGTGCGCCCGGGAAACCCCGTCGTTCCCTTTCCCCTGGCTGGCAGCGCGGAGGCCGCACG,113.90351619876749,6.831668473468907
8120,ENST00000337665.8,ENSG00000076928.17,ARHGEF1,41883161,41930150,9.345091237607344,3171,4656.24,231.295,1.11916,CTTCGGTTCCGGTGGCGGCG,8.350094032673919,3.061792444258365
8121,ENST00000359044.4,ENSG00000105732.12,ZNF574,42068477,42081549,36.32249368948818,2940,4398.8,418.769,2.14487,GAGAGCGAGGCTACGGAGCAGGCGAGAGGCGACGGCGAGAGCTAGAGCGGGCGCAGCGTTAGGGTGGCCGTGCAAGGGGAGCCGTGGCCCGGGCCCGGGGCGTGCGAGACGGCGGAAGCAGCCCAGGGCCTTGCTGCCGCC,16.934589830380478,4.081901138888474
8123,ENST00000301215.7,ENSG00000167625.10,ZNF526,42220271,42228201,16.77544325239431,4023,5677.04,459.647,1.82417,GTCGCCACGGGTAAGGGCACCGCCCAATGGGAGGTGTGGATAGTGAGGGGTCCCACACGCCTGGAGCCGAGGGTCTGTGTCAAGAGCGGCAGGGGCTGCAGGAGATAAGAGAAACGGGCTGCCGTGGGGTGTGTGTAGGCTTCAGAGACATGGGATCACGGAAGACTGAAGCAGAAACAGTGGATTAAGACTTCCTGAGCGATAGCTGGCACTGCCTTCCCCACA,9.196206084078957,3.201038796759367
8124,ENST00000575354.6,ENSG00000079432.7,CIC,42268537,42295797,5.444460898735986,5473,9156.62,551.876,1.3579,GGAGGTGCGAGCCCCTGCCGGGTCCCCCCTGCGCCGGACC,4.009471167785541,2.0034119638808034
8125,ENST00000378073.5,ENSG00000105429.12,MEGF8,42325609,42378769,9.45603147486202,11034,17833.7,1398.35,1.76659,GGCCGCTCTGGCCCAAGCGTCCCCTCGTCTCTCTGATCTGGCCCATCCGGCTTCGGAGGGAGGCGAGGGTGGGTGAGCAAAGGGATTGGGTCTGTGGGGTCCAGGCCCGAACCCCTGAAGACGGGCTCCGCCCCCGGCACCCGCTCGCGCCCCGCCCCCGGCTGGAGGAGTCTCTCCTGGACCATCCGAACCTAGCCTGTCCCGGCCCGCAGCCTCTATGGAGGCTCCTGCCGGGCCGTAGAGCCCTTCGCCCCCTGGGGACCCACCCGTCTATAAGGTCCGTTTGGCCTGCAGCAGCCTGAGTCCGTAATGCTGGGCACTGTTCATGGGATCGGCCCCCTATGGAGCCCTGTGTCTATAGGGGACTCCTACGGTCCCTAGGGTTCGGCCCCGTCCATAATGACTCCATATACAGGGCCTTCCATCGCTCTATAGGGCTCAGCCCTCGGCTTCCAGAGCCTGTCAGCAGTGGCCGTACCCTTCGCCGGGACTGCCGGGTCTCCGGGACCTCTTCGATCTACAAGGTCATGTTATGCCTATAGAGGTCGCATTTGCAGGGCCTCACCCCGGGTAGAGGGTCCTCTCCAGGTTTTTACGGCCTGTCCCCGCTCTAAGGGTCAGTGCAGGAGGCGGCGATGGCCCTGGGCAAGGTTCTGGCCATGGCACTGGTTTTGGCCTTGGCCGTGCTGGGGTCGCTGTCCCCTGGGGCCCGGGCGGGGGACTGCAAGGGGCAGCGGCAGGTGCTGCGGGAGGCGCCAGGCTTCGTGACGGATGGTGCGGGCAACTACAGCGTCAATGGCAACTGCGAGTGGCTCATCGAGGCCCCAAGCCCCCAGCACCGGATCCTGCTGGACTTCCTTTTCCTGGACACAGAGTGCACGTATGACTACCTGTTCGTGTATGACGGTGACTCCCCGCGAGGGCCGCTGCTTGCCAGTCTAAGTGGGAGCACCCGACCTCCGCCCATCGAAGCTTCCTCAGGCAAGATGCTGCTGCACCTCTTCAGTGATGCCAACTACAACCTGCTGGGCTTTAACGCCTCATTCCGCTTCTCCCTGTGCCCGGGTGGCTGCCAGAGCCACGGGCAGTGCCAGCCACCGGGTGTGTGTGCCTGCGAGCCGGGCTGGGGGGGTCCTGACTGTGGCCTGCAGGAGTGCTCAGCCTACTGTGGCAGCCACGGCACCTGCGCCTCGCCCCTGGGACCATGCCGCTGTGAGCCTGGCTTCTTGGGACGTGCCTGTGACCTGCACCTGTGGGAGAACCAGGGGGCTGGGTGGTGGCACAACGTGAGTGCCAGGGACCCTGCCTTCTCTGCCCGTATTGGGGCAGCTGGCGCCTTCCTGTCCCCACCAGGGCTGCTGGCAGTTTTCGGAGGCCAGGACCTCAACAATGCCCTGGGTGACCTCGTCCTATACAACTTCTCCGCCAACACCTGGGAGTCTTGGGACCTGAGTCCTGCCCCGGCTGCCCGTCACTCCCATGTGGCCGTGGCCTGGGCCGGCTCCCTGGTACTGATGGGTGGTGAGCTGGCTGACGGCTCGCTCACCAACGACGTGTGGGCCTTCAGTCCACTGGGCAGGGGCCACTGGGAGCTCCTGGCACCACCTGCCTCCAGCTCCTCGGGGCCCCCAGGCCTGGCAGGTCACGCGGCTGCCCTGGTGGATGATGTCTGGCTATATGTGTCTGGAGGCCGCACCCCGCACGACCTCTTCTCCTCTGGCCTCTTCCGTTTCCGCCTTGACAGCACCAGCGGGGGCTATTGGGAGCAGGTGATTCCGGCAGGCGGACGGCCCCCTGCTGCCACTGGCCACTCCATGGTGTTCCATGCCCCCTCCCGTGCCCTGCTGGTCCATGGTGGACACCGGCCCTCCACTGCCCGGTTCTCTGTGCGAGTGAACTCCACTGAGCTTTTCCACGTGGATCGGCATGTGTGGACGACGCTGAAGGGGCGGGATGGGCTTCAGGGCCCAAGGGAGCGAGCCTTCCACACAGCCAGTGTTCTGGGCAATTACATGGTGGTCTATGGGGGCAATGTGCACACCCATTACCAGGAGGAAAAGTGCTACGAAGATGGCATCTTCTTCTACCACCTTGGCTGCCATCAATGGGTGTCAGGAGCTGAGCTTGCCCCGCCAGGAACCCCTGAGGGCCGAGCAGCGCCTCCCAGTGGTCGGTACTCACATGTAGCTGCGGTGCTTGGTGGCAGCGTCCTGTTGGTGGCTGGGGGGTACAGCGGCCGGCCCCGTGGGGACTTGATGGCGTACAAGGTGCCCCCCTTTGTGTTCCAGGCACCTGCCCCTGACTACCACTTGGACTACTGCTCCATGTACACAGACCACAGCGTCTGCTCCCGGGACCCGGAATGCAGTTGGTGCCAAGGAGCCTGCCAAGCTGCACCCCCTCCTGGGACCCCCTTGGGGGCTTGTCCAGCCGCCAGCTGCCTGGGCCTGGGCCGCCTCCTGGGTGACTGCCAGGCCTGCCTGGCCTTCAGCAGCCCCACAGCCCCTCCACGGGGACCTGGCACCCTGGGCTGGTGCGTGCACAATGAGAGCTGCCTCCCTAGGCCTGAGCAGGCCCGCTGCCGAGGGGAGCAGATCTCAGGCACTGTGGGCTGGTGGGGGCCTGCGCCTGTCTTCGTCACGTCCCTGGAGGCCTGCGTCACCCAGAGCTTCCTGCCTGGCCTGCACTTGCTCACCTTTCAGCAGCCGCCCAATACCTCCCAGCCTGACAAGGTCTCAATTGTCCGCAGCACGACCATCACCCTAACACCCAGCGCAGAGACAGATGTGTCCCTGGTCTACCGTGGCTTCATCTACCCAATGCTGCCTGGAGGGCCAGGTGGACCAGGGGCTGAGGACGTGGCCGTGTGGACGCGGGCCCAGCGCCTACACGTCCTGGCCCGGATGGCCCGTGGCCCTGACACGGAGAACATGGAGGAGGTGGGGCGCTGGGTGGCTCATCAGGAGAAGGAGACGCGGCGGCTGCAGCGCCCTGGGTCTGCTCGCCTCTTCCCTCTGCCTGGGCGGGACCACAAGTATGCAGTAGAGATCCAGGGCCAGCTCAATGGCTCGGCAGGCCCTGGGCACAGCGAGCTAACTCTGCTGTGGGATCGGACTGGTGTGCCAGGAGGCAGCGAGATCTCCTTCTTCTTCCTGGAGCCCTACCGCTCGTCGTCCTGCACCTCCTATTCTTCCTGCCTGGGCTGCTTGGCAGACCAGGGCTGTGGCTGGTGCCTGACCAGTGCCACCTGCCACCTGCGCCAGGGCGGAGCCCATTGCGGGGATGACGGGGCTGGTGGGTCCCTGCTGGTGCTGGTGCCTACCCTCTGCCCACTCTGCGAGGAGCATCGGGACTGCCACGCCTGCACCCAGGACCCCTTCTGTGAGTGGCATCAGAGCACCAGCCGCAAAGGGGACGCGGCATGCAGCCGGCGGGGCCGGGGTCGGGGTGCCCTGAAGAGTCCAGAGGAGTGTCCCCCGCTCTGCAGCCAGCGACTGACCTGTGAGGACTGCCTGGCCAACTCTAGCCAGTGCGCCTGGTGCCAGTCCACCCACACCTGCTTCCTGTTTGCTGCCTACTTGGCCCGGTACCCACACGGGGGCTGTCGAGGCTGGGACGACAGTGTACACTCGGAGCCACGGTGCCGGAGCTGCGATGGCTTCCTGACCTGCCATGAGTGTCTGCAGAGCCACGAGTGTGGCTGGTGTGGCAATGAGGACAACCCCACACTGGGACGGTGCCTACAGGGGGACTTCTCAGGGCCCCTCGGTGGGGGTAACTGCTCCCTGTGGGTGGGGGAGGGCCTGGGGCTTCCCGTGGCCCTCCCTGCCCGCTGGGCATACGCCCGCTGTCCTGACGTGGATGAGTGTCGCCTGGGCCTGGCCCGGTGCCACCCGCGGGCGACCTGCCTGAACACGCCCCTCAGCTACGAGTGTCACTGCCAGCGGGGCTACCAGGGTGATGGCATCTCACACTGCAACCGCACGTGCTTGGAGGACTGTGGCCATGGTGTGTGCAGTGGCCCCCCGGACTTTACCTGCGTGTGTGACCTAGGCTGGACATCAGACCTGCCCCCTCCCACACCCGCCCCGGGTCCGCCAGCCCCCCGCTGCTCCCGGGACTGTGGCTGCAGCTTCCACAGCCACTGCCGCAAGCGGGGCCCTGGCTTCTGCGACGAGTGCCAGGACTGGACATGGGGGGAGCACTGCGAACGATGCCGGCCCGGCAGCTTCGGCAACGCCACAGGCTCTAGGGGCTGCCGGCCCTGCCAGTGCAACGGGCACGGGGACCCACGCCGTGGCCACTGCGACAACCTCAGTGGGCTCTGCTTCTGCCAGGACCACACCGAGGGTGCCCACTGCCAGCTCTGCTCCCCAGGCTATTATGGGGATCCCCGGGCCGGTGGTTCCTGCTTTCGGGAGTGTGGGGGTCGCGCCCTCCTCACCAACGTGTCCTCAGTGGCACTGGGCTCACGCCGGGTCGGGGGGCTGCTGCCTCCAGGTGGCGGGGCTGCAAGAGCCGGGCCTGGCCTGTCCTACTGTGTGTGGGTTGTCTCGGCCACTGAGGAGCTACAGCCCTGTGCTCCCGGGACCCTCTGTCCCCCACTCACCCTCACCTTCTCCCCCGACAGCAGCACCCCCTGCACGCTGAGCTACGTCCTGGCGTTTGATGGATTCCCACGCTTCCTGGACACTGGTGTTGTCCAGTCGGACCGCAGCCTCATAGCTGCCTTCTGCGGCCAGCGACGGGACAGGCCCCTCACTGTTCAGGCCCTGTCTGGGCTGCTCGTGCTGCACTGGGAGGCCAATGGCTCCTCATCCTGGGGCTTCAATGCTTCGGTGGGCTCTGCCCGCTGTGGGTCAGGGGGCCCCGGGAGCTGTCCCGTCCCCCAGGAATGCGTGCCCCAGGACGGTGCTGCAGGTGCGGGGCTCTGCCGATGTCCTCAGGGCTGGGCTGGCCCACACTGCCGCATGGCTCTGTGTCCTGAGAACTGCAATGCCCACACTGGGGCAGGAACTTGTAACCAGAGCCTGGGTGTGTGCATCTGTGCCGAGGGCTTCGGGGGCCCCGACTGCGCCACCAAGCTGGATGGCGGGCAGCTGGTCTGGGAGACCCTCATGGACAGCCGCCTCTCAGCCGACACTGCCAGCCGCTTCCTGCACCGCCTGGGCCACACCATGGTGGATGGACCCGATGCCACCTTGTGGATGTTTGGGGGCCTGGGCCTGCCCCAGGGGCTGCTGGGAAACCTGTACAGGTACTCAGTGAGTGAGCGGCGGTGGACACAGATGCTGGCGGGAGCCGAGGACGGGGGCCCAGGCCCATCGCCCCGCTCCTTCCATGCAGCCGCATATGTGCCCGCTGGCCGTGGTGCCATGTATCTGCTGGGGGGACTTACCGCTGGAGGCGTCACCCGTGATTTCTGGGTCCTCAACCTCACCACCCTGCAATGGCGGCAGGAGAAGGCCCCCCAGACCGTGGAGCTGCCAGCCGTTGCTGGTCACACCCTTACTGCCCGCCGAGGCCTGTCTCTGCTCCTGGTGGGCGGTTACTCCCCGGAAAATGGCTTCAACCAGCAGCTGCTGGAGTACCAGCTGGCAACCGGCACCTGGGTGTCAGGAGCCCAGAGTGGGACACCCCCCACAGGTCTCTATGGTCACTCTGCTGTCTACCACGAGGCCACCGACTCCCTCTACGTGTTTGGGGGGTTCCGATTCCATGTGGAGCTGGCGGCCCCATCCCCCGAGCTCTACTCCCTGCACTGTCCTGACCGCACCTGGAGTCTGCTGGCCCCTTCTCAGGGGGCAAAGCGAGATCGTATGAGGAATGTGCGTGGCTCATCTCGGGGTCTGGGCCAAGTTCCTGGGGAGCAGCCTGGGTCATGGGGGTTCCGGGAAGTCAGGAAGAAGATGGCTCTGTGGGCTGCTCTTGCTGGTACAGGAGGTTTCCTGGAGGAAATCTCACCTCACCTGAAGGAGCCCCGCCCCCGGCTTTTCCACGCCTCAGCCCTGTTAGGGGACACCATGGTGGTTCTTGGGGGGCGCTCGGACCCTGACGAGTTCAGCAGCGACGTTCTGCTCTACCAGGTCAACTGCAATGCCTGGCTTCTGCCCGACCTCACCCGCTCGGCCTCTGTGGGGCCCCCAATGGAGGAGTCTGTGGCCCATGCTGTGGCAGCAGTCGGGAGCCGCCTGTATATCTCTGGGGGTTTCGGGGGAGTGGCCCTGGGCCGCCTGCTGGCACTGACCCTGCCCCCTGACCCCTGCCGCCTGCTGTCCTCACCTGAAGCTTGTAACCAGTCTGGGGCCTGCACCTGGTGCCATGGGGCCTGCTTGTCCGGGGATCAGGCCCACAGGCTGGGCTGCGGGGGCTCCCCCTGCTCCCCAATGCCTCGCTCCCCGGAGGAATGTCGACGTCTCCGGACCTGCAGTGAGTGCCTGGCCCGCCATCCTCGGACCCTGCAACCTGGAGATGGAGAGGCGTCCACCCCCCGCTGTAAGTGGTGTACCAACTGCCCCGAAGGTGCTTGCATTGGACGCAATGGGTCCTGCACCTCTGAGAATGACTGTCGGATCAACCAGCGAGAGGTCTTCTGGGCAGGGAACTGCTCCGAGGCTGCGTGCGGGGCTGCTGACTGCGAGCAGTGCACGCGGGAGGGCAAGTGCATGTGGACGCGGCAGTTCAAGAGGACAGGGGAGACCCGCCGCATCCTCTCCGTGCAGCCCACCTATGACTGGACGTGCTTCAGCCACTCTCTGCTGAATGTGTCCCCCATGCCGGTGGAATCATCACCCCCACTGCCCTGCCCCACCCCTTGTCACCTCCTACCCAACTGTACCTCCTGCCTGGACTCTAAGGGAGCAGATGGGGGCTGGCAGCACTGTGTTTGGAGCAGCAGCCTGCAGCAGTGTCTGAGCCCTTCCTACCTGCCCCTGCGATGTATGGCCGGAGGCTGTGGGCGGCTGCTCCGGGGACCTGAGAGCTGCTCCCTGGGCTGTGCTCAGGCAACTCAGTGCGCCTTGTGCCTGCGGCGCCCCCATTGCGGCTGGTGTGCCTGGGGGGGCCAGGATGGGGGTGGCCGCTGCATGGAGGGTGGACTCAGCGGCCCCCGTGATGGGCTGACATGTGGGCGTCCGGGGGCCTCCTGGGCCTTCCTGTCCTGCCCCCCTGAGGACGAGTGTGCAAACGGGCACCACGACTGCAACGAGACGCAGAATTGCCACGACCAGCCCCACGGCTATGAGTGCAGCTGCAAGACCGGCTATACCATGGACAACATGACAGGGCTGTGCCGCCCTGTGTGCGCCCAGGGCTGCGTGAACGGCTCATGTGTGGAGCCCGACCACTGCCGCTGCCACTTTGGCTTTGTGGGCCGCAACTGCTCCACGGAATGCCGCTGCAACCGCCACAGTGAATGCGCTGGTGTTGGGGCGCGTGACCACTGCTTGCTCTGCCGCAACCACACCAAGGGCAGCCACTGTGAGCAGTGCCTCCCGCTGTTTGTGGGTTCAGCTGTCGGAGGCGGGACCTGCCGGCCCTGCCACGCCTTTTGTCGTGGAAATAGCCACATCTGCATCTCCAGGAAGGAGTTACAAATGTCCAAGGGAGAGCCAAAGAAGTACTCACTGGACCCAGAGGAGATTGAAAACTGGGTGACAGAGGGTCCTAGTGAAGACGAGGCCGTGTGCGTGAACTGCCAGAATAACAGCTATGGGGAGAA,5.352702933256737,2.42026758752872
8128,ENST00000391965.6,ENSG00000124444.15,ZNF576,43596392,43614497,40.60124159075729,1468,1716.78,143.466,1.88277,ATTTTGAGGACCGGGCTGGTGCGACTATACTACTGCCGGATGGCAAATCCGGGATCTCGGCTCCGAGAGGCTCATCTGGCAAAAGGGCGCGGAAACCACGGGGGCCCTGAGACTGAGTGGTCCCTATCCCACTTCTCTCTGGGGCGGCGCTGTAGCCAGCGGCTGACAGGCGCAGCGAAAGGCAGCCCTCTGCTAAGGGTCCCAGCACC,21.564631681382902,4.430595170292946
8130,ENST00000588797.5,ENSG00000167637.16,ZNF283,43827292,43852017,23.700323083984493,2428,1973.48,110.36,1.25992,CTCTGGGTCCAAACTAACCACAGGTCTCTGGGTCCTTTTCCGGTGTCCTTAAGGTTCTTGGACTCTGCATGGTTCCCTTTAGCCTGTCTTCGGGCCTGCCACAATTAAATGACCGCAAGAAAGAAGTCTATGCTAAGCCCCATAATGAACGTTTCAAGCAAGAAGGATGAGAATTTTAGATCTGGAAGTGTCCGCGGGACAGGATCTTGTCAAGACCTGATGGGGAAGTTCTAGAGTGCTGCCAGGTTGCCAGATTTCTAAGAAGGAGTTTGAAGAGGAGAAAAGGATTTTTGCATGTTTAGAAATCAAGGTTCAGGAGAATCTTGACAGTGAATGTGTCTCATTACATTGAATAACAGCTACAGGATGTTCGAGAGCTGTTCTGGCTTTTCTGGATTCTGTGCTTCACCAATAGAGGAATCCCATGGAGCATTAATTAGTTCTTGCAATTCCAGAACCATGACTGATATTTGGAGTCAAAAACGTATGAGACCAAAAAAATATTTTCAGAAAATGATATTTTTGAAATAAATTTTTCCCAGTGGGAG,18.810974572976455,4.233502689903582
8131,ENST00000587682.5,ENSG00000159905.14,ZNF221,43951223,43967709,11.74387425256463,2034,1844.58,194.597,2.37685,AGTCCAGACGCTCTGTGGAGTCGCGGGAGCTACGGCTGCGGGAGTTACCCTTTATTCTGTGATATTTTGAGCTGTTCTGCGTCTCGCAGGCCCTTCTGAATTTCCTGGACCTACTCTCGGAACCCTCAACGAGCTAGCGATAGATTTAGAGGAAAGGAAGCACCGTCGGAAAGCAAAGGC,4.940940426431887,2.304785661126566
8132,ENST00000429154.6,ENSG00000159882.12,ZNF230,44002948,44013926,4.291316059418148,4115,3458.95,375.283,2.44442,ACTTCCGGTGTGTGAGCCTGCGGTTGCTACATAACCGCGTAGTTTGAGCCATTTCTGCGTCTGGCGGGTCCTTCTGAACTTGTCACCTTCGCTTGGGGTCGCAACGACCCGATGATCGATGATCCAAGCAAGGGAAAAGAAGCCTTGGCGGAGAGCGGAGGCACAATTCCACCTTCCTTTGTGCTCCATTACTCAAGACACTGAAGACTCCAAAAAGTAGTAGGAAAA,1.7555559435032229,0.8119279706582526
8133,ENST00000391960.3,ENSG00000159885.13,ZNF222,44025342,44089613,5.617150313799488,1595,1360.86,164.601,2.72509,GAACGAGTCTCCTTTCCTTGGGGCTCGCAACCACCCA,2.0612714860057793,1.043534531912557
8134,ENST00000336976.10,ENSG00000267680.5,ZNF224,44094339,44109886,14.64394723409672,3980,3490.58,613.917,3.96254,GGTTGCTGCAGTTTTTCCGCGATAGTTTGGGGCAGTTCCGCGCGTTGCAGGCCCTTCTGAATTTCCTGGACCTACGCATTGGATCCTCAAAGAACTGCTGAATACCACTAGAAACATACCTGTAACCAGAGACAGCTGATTATAGCTTTCTGCAGCAAGGAAGCCCACGTACCAGGGGCTGTCTTGGCACAATTCTGCTTTCCCAGGAACTGCATCACTCAGGACTCTGCAAGTTTCCAGAAGTAAGAGGGAAA,3.695596065679266,1.8858070765894244
8135,ENST00000262894.10,ENSG00000256294.7,ZNF225,44112181,44134816,6.808290018613743,4482,4017.07,286.773,1.60839,AGTTTGTCTCAGGAATTCTGGGAAGTGGAGTCCAGACACTCAGTGGAGTAGCGGGCCACTTCCGCTCCGTTACTGTGAGGTTGCTGCAGTTTTGTCCCTGGTAGTTTGGGTCAGTTCCGCGAGACCCTTCTGAATTTCCTGGACCTACGCATTGGATCCTTAACGAACTGGTGATCGAATTAGGGGAAAAGAAACCTCGTCGGAGAGCAGAGGCAGGATTCTGCTTTCCCTTGGACTGTATCACTCAGGACTCTGAATATTCCCTGAAATAGGAGGAAAA,4.232984548905267,2.0816752225900848
8136,ENST00000592437.5,ENSG00000263002.7,ZNF234,44141557,44160309,24.287939403312773,2292,2174.37,158.494,1.64226,GGAGTCGCGGGCACTTCCGCTCCAGGGAAGAGGGGGCGATTGTCACGGCACATTCCACGCCTGAAAAAGGACTGCGCGGACTGACTTCTTGGCTACTGAAAGCAAAGCTCCACTGTTCCAGGCACGATTCTGCCTTCTCTCAAATGGCATAACTCAGGACTCTGCAAATTCCCAGAAACAGGAGGAAAA,14.789338718176642,3.886485640945993
8137,ENST00000337433.9,ENSG00000167380.16,ZNF226,44165073,44178381,14.174293456740322,2565,2431.9,581.276,5.38516,AGGAAGACGACGTAGCAGCCATCTTTTCCCTGGCTTTGGTGATTCAGCCCTGACTTCTCAAAAAGCACTGCACAGAGGAGGAGGCAGCAGAACCCCATTTCAGCTTCTTAGGACTCTGCACTTCCCCAGAAGGAAGAATTAAAA,2.632102566449339,1.3962157083834639
8138,ENST00000621083.4,ENSG00000131115.15,ZNF227,44207547,44237268,42.97938149307639,3055,3283.25,375.754,2.57847,AGGCAGAGCCACTTCCGCCCCGGAAAGCGAGGCCGCCACCATCTTTTGGGTCCGGGAGAAGGATTGAGTCATCGGGCTCCAATGCGTGGGGATGTTTACCGCCGTTTATCCGGGATAGAGACTCCATCGTGCTGACAGCATCCTTTTATTCACCGCCTCCGAATTTGCAAAGAGGAGGAAGGAGGGACTTCTTGGCTTCTCCCAGCATAGCCCCAGTT,16.668559840943036,4.05905755613528
8139,ENST00000391958.6,ENSG00000159915.12,ZNF233,44259880,44275317,2.5155015266293224,2784,2629.71,124.681,1.0682,CTATCCCCTCTGGGAGGTGAGTCAGCGCGGAACCTCTGCATCTACGGCGAGCTTTCCTGGCCTGGGCGTTGGACTCGCAGTTCTGCCTTCCCAGGACCCTGCCCTTCCCCAGAAGGAGCAGGAGAAA,2.354897516035688,1.2356642758362397
8140,ENST00000344956.8,ENSG00000073008.14,PVR,44643798,44684359,9.350805166474633,3166,4014.04,227.138,1.27488,AGCGGGACTGAGCGCCGGGAGAGACCTGCGCAGGCGCAGGCGCGCGGGGAGGGCCAGCCTGGGTGGCCCACCCCGCGCCTGGCGGGACTGGCCGCCAACTCCCCTCCGCTCCAGTCACTTGTCTGGAGCTTGAAGAAGTGGGTATTCCCCTTCCCACCCCAGGCACTGGAGGAGCGGCCCCCCGGGGATTCCAGGACCTGAGCTCCGGGAGCTGGACTCGCAGCGACCGCGGCAGAGCGAGCGGGCGCCGGGAAGCGAGGAGACGCCCGCGGGAGGCCCAGCTGCTCGGAGCAACTGGC,7.3346551569360505,2.874729138349481
8142,ENST00000252485.8,ENSG00000130202.9,NECTIN2,44846175,44889228,21.927815657865416,2112,3018.44,335.725,2.5059,GAGCGAGAATGGAATCCCGGGGAGGAACAGGGGTGGAATCCGGGGGGCGGGGTCAGAACGCCAGGAGGGGGCGGGGCCGGAGCCAGGGTCGGCTTGACTCGGGGGAGCAGCGGGTGGATCCTGTGACGTCAGCGGGTTCGAACCGCCGGAGCTGAGCGAGAGGCCGGGGGTGCCGAGCCGGGCGGGGAGAGCTGGGCCGGGAGAGCAGAACAGGGAGGCTAGAGCGCAGCGGGAACCGGCCCGGAGCCGGAGCCGGAGCCCCACAGGCACCTACTAAACCGCCCAGCCGATCGGCCCCCACAGAGTGGCCCGCGGGCCTCCGGCCGGGCCCAGTCCCCTCCCGGGCCCTCC,8.750475141811492,3.1293613559305964
8143,ENST00000252487.9,ENSG00000130204.12,TOMM40,44890569,44903689,76.30313138776066,1707,2336.39,1726.83,16.652,GGGGCGACGGTGGTGGCGGCGGCGGCAGCGGGTTCGGTTGCGCGTGGCGCACGGGGTGGGAGCGGAGCCCAGGCCGGGAGCAGGCGCCGCCGCCAGCGACC,4.582220237074265,2.1960468011347376
8144,ENST00000252486.8,ENSG00000130203.9,APOE,44905754,44919349,20.89054272539264,1208,1515.41,189.6,2.81884,AGGGGGAGCCCTATAATTGGACAAGTCTGGGATCCTTGAGTCCTACTCAGCCCCAGCGGAGGTGAAGGACGTCCTTCCCCAGGAGCCGACTGGCCAATCACAGGCAGGAAG,7.411042388142867,2.8896764767333725
8145,ENST00000588750.5,ENSG00000130208.9,APOC1,44905754,44919349,46.61699015640616,689,624.999,115.086,4.14863,TCAATCGATCACGACCCTCTCACGTGCACCCACTTAGAGTTGTGAGCCCTTAAAAGGAACAGGGATTGCTCACTCGGGGAGCTCGGCTCTTGAGACAGGAATCTTGCCCATTCCCCGAACGAATAAACCCCTTCCTTAACTCAGCGTCTGAGGAATTTTGTCTGCGGCTCCTCCTGCTACATTCTGAGTGGGGAAAGGGACTAAGGTGGTCTGAGGACCCCACAGAGTCAGGAAGATTGAGAGCCTGATAAAGGTCCTGCGGGCAGGACAGGACCTCCCAACCAAGCCCTCCAGCAAGGATTCAGAGTGCCCCTCCGGCCTCGCC,11.236719147382669,3.4901489595623647
8146,ENST00000337392.9,ENSG00000104853.15,CLPTM1,44954585,44993341,76.7182851157985,2604,3497.56,1172.0,7.54957,AAGTGGCCTTCCTGAGAGGCGTGGCTGCGGCACTCTTGCCGGATAGGGTGGCCCGGCGGGGCTAGGAAAGCGTGAAATCTCGCGCGATTGCGCTGCGAAGTCGGGGACGGGGCGGGGCTGGCGGCGGGGGCGGGGACCCGGAGCGGGAAG,10.161941026548332,3.345104091674187
8148,ENST00000391952.7,ENSG00000104859.14,CLASRP,45039040,45070956,7.927718827422187,2213,2918.03,259.314,2.00216,GCGGGCCGCGCGCGAGCGCAGCGGTGGGAGGCGGCGACCAGCCGGTTGAGGCCCCAGGCTTGGCCTCACCACA,3.9595830640019716,1.9853485254653451
8149,ENST00000591607.1,ENSG00000142252.10,GEMIN7,45079195,45305283,138.83639788533907,848,761.131,162.647,4.81447,CCCAGGCTCCGCGGCTTGCGGCCTGCCCGGGCCTCTGCAGCGGGGGCGCCGGCGGAAGTGGGGACACCAGTAGCCGCGGACCTCGCCAAGACA,28.837317064046317,4.849865041766828
8151,ENST00000221462.8,ENSG00000104866.10,PPP1R37,45079195,45305283,7.293260400192247,3163,4757.48,273.786,1.29657,GCAGATTCGCTGCTCACGTTTCTTTTTTCCGTGGCCCTTCCTGCCCTTTGTTTCTCTCTTCATGTCACCCGCGGGACAACTCTACGTGCAAGTCGCTGAAATCGATTTTCTGCTTCTTATAGTAAGCGGCGGGCTCGCCAGCCTCGAGCGAAAGTGTGACTGCGAACGGGCAGGCGCGCGCGGGGCTCGGCGGAGGCGCGCTTGGGCTCCCGGCGGCGACGACTACGACCACTAGGAGAGCGGACGGAGGCGGCGCCTGAAGCGGCGGCGGAGCCCATGCCCCGGGACGGCGGGCGGACCCGGAGAGACAAATCCGGGGCCCGGGGCATGTCCCCGGGGCCCCCGTGAGGAGGCGGCGGCGGCT,5.625041764187238,2.491863807931832
8153,ENST00000433642.2,ENSG00000189114.6,BLOC1S3,45079195,45305283,12.656695214294018,2601,3464.7,285.551,1.85686,GAAATCACAGCCCTTCAGCTGCCACGGTGAGAACGCAGCACTCGGGTTAGGAAGCGGATCTCGCAAGCTCCGAGCGTCAGCTGCCGGTTCGGTGCC,6.816181733837779,2.7689638013811324
8154,ENST00000262891.8,ENSG00000007047.14,MARK4,45079195,45305283,9.005933871432804,3573,5245.49,769.72,3.30604,CTGACGTCCCTTCCTCCCTCCCCAGCCCCTCCACCGCCTCCCTCCGCCGCCGCTTGGGCCGGCTCCGCGCCCCCTCCGCGGCCCCCGCCCGCCCGCCTGCCCGCCGCCCCCATGGCGCCCGGGGTCCCCGCTGCACGGGGCCACTAGGACCCTCGGCGTCCCTTCCCCTCCCCCGCCCTGCCCCCTCTCCCGCCGCGCGGACCCGGGCGTTCTCGGCGCCCAGCTTTTGAGCTCGCGTCCCCAGGCCGGCGGGGGGGGAGGGGAAGAGAGGGGACCCTGGGACCCCCGCCCCCCCCACCCGGCCGCCCCTGCCCCCCGGGACCCGGAGAAG,2.7240849691573015,1.4457717043301712
8155,ENST00000309424.7,ENSG00000117877.10,CD3EAP,45406209,45410766,34.499956227133175,3286,4643.04,365.621,1.77415,AAGTTCTGAACTTGTGAGGCATCTGGGCCTCCCCAGAAGACATTTAACACAGAAAGCACAGCCCTACTAACTAGTATTCTTACCTGTCTCTTCAAGAATTTCAGACCAATCGACCGTCCTGTCTCTTTAAGGCTTAGGAAGAGCAGTGTGGCTGCCCCTTTAAGGAGGCGTTGCAACAAACCATATTGGACAGACGATGGGGGCGACCCATCGGGACCCGACGGGCCTCTGACTCCAGCAATACAGCGAATCAGCGGCTTTCGGGAATACATTTTTCGGAAAAAGACTTCTTCCTCGGTTTTCTGCTCTGCACACGTTGAAATTTTCCCCAGTTTTTCCTGCAGATCGGGAGTCGAGCAATGCCTACCCCCGCGCTCCCGCACCAGTTGGGCGCTCCCGGATGATGCCCTACCCCTTTGGATCCACGTGGTCTGCAACCTGGTGCGAGCAGCCCGGGCTACAGGGTTGCCTGAGGTGTGGGTCCCAGG,19.4459071821059,4.281394635218568
8156,ENST00000245932.10,ENSG00000125753.13,VASP,45506579,45526983,11.84340110760902,2305,3363.38,274.463,1.83853,AAGGCGCGGGGCATTGTGGGTGCGGGGAGTGGAATTTTGGAACGAAATGTAACGAAGAGAAGTACAGTAGTAAGAGTAACACTGTAGCCGCCACCGGCAAGGGGTGCGCGCTGGGGAGCGGACGCTGCATCCCCTTTCTGCTGCAGGAACCTCTCATCAGACCGCCTGAGGGAAGCGGCGCCCGGAGACCCGCCCCGGCCCGGTCCACATTCTCCCCAGGAAGCCGGACTCTATGGGGCGGGACCCTGGGGGAGCCTGAGCCGAGCCCGGAGCCAGCCCCGAACCCCTGAACCTCCAGCCAGGGGCGCCCCGGGAGCAGCCAGCCCGTGGGCGAGCCGCCCGCCCGCCGAGCAGCC,6.441777456777436,2.687458820989378
8157,ENST00000012049.9,ENSG00000011478.11,QPCTL,45692483,45703989,25.25015153528093,2310,3126.88,223.346,1.60927,CATTTGGGTCGTGCCATTCTCAGGGGAACCAACCCCAATACCTAAGGGAGGCTGGGAGGCGTGTCCTCAGGACCGTAGTTCTTATTGGTTTCGCTGCTCGCTGTGGGGTGGGCTGGTGCAGCCGCAGCTGTTGCTTATTGGCCCACCGATTCCATGGGGAGGAACTTGGCTGGGCCTAAACTCAATCCGTGGTCTGGTACAGGTTTCAGGGCAAAGCGGCC,15.690438233037918,3.971813742145655
8158,ENST00000012443.8,ENSG00000011485.14,PPP5C,46346994,46392981,168.07058155679138,2109,2753.1,2314.9,18.944,ACGACACTTGTGCGGCAGCGGCGGCGGCCACCCGGCGCTCCTTCGCGACGGTTCGGCCGGGTGCCGCTGGCGGCCGTTGCCAGGGTAGGGGTCGCTTTGCGGC,8.871969043327248,3.1492543315595665
8159,ENST00000291295.13,ENSG00000160014.16,CALM3,46601074,46610793,525.0015992263828,2289,2941.8,4111.61,31.4892,GTGGGGCGGGGCCGAGCGAGGCGGGGCGCGCGCGGCGGCCGTTGAGGGACCGTTGGGGCGGGAGGCGGCGGCGGCGGCGGCGCGCGCTGCGGGCAGTGAGTGTGGAGGCGCGGACGCGCGGCGGAGCTGGAACTGCTGCAGCTGCTGCCGCCGCCGGAGGAACCTTGATCCCCGTGCTCCGGACACCCCGGGCCTCGCC,16.672433698740612,4.059392806820126
8160,ENST00000318584.9,ENSG00000181027.10,FKRP,46746046,46776988,21.41004507596083,3332,4930.04,478.438,2.18644,GTCCCGGCGGCCATTGCTCCAAGATGGCGGCGGCGGCGGCAGCGGGAGCGCAGCTCAGCTGGGCTGGAACTGCCCTCCTGGAACTCCCCCAGCCTACAACCTAGGAGGTGCAGGGACTGAGGCTCAGGCCAAATCGCAACTCAGACCCAGTGAACCCAAGGCCTGAAGAGAATTTGGATTCATTTACCTTGTTTTGTGGGGACTGGAGAGACAAGTAAACTCTCAGAGTAACTGTCCCCTCTGACTACCATTTCTAAGGATGCCCCGGAGGCCCAGCTAGCCCCAGACTTCGGCCCC,9.792194195112067,3.291632169299669
8162,ENST00000270225.11,ENSG00000142230.11,SAE1,47113274,47210636,202.607316168833,2049,2341.9,3880.71,37.3341,GTGGCGCGCGGGTCCGGCGGGCGGTTGGCTTGAGCGGGACCGGAGCTGAGGCAGGAAGAGCCGGCGCC,5.426870238437059,2.440120412899681
8163,ENST00000328771.8,ENSG00000134815.18,DHX34,47349281,47382704,37.0909695684278,4372,6323.66,938.511,3.34374,ACGAGATGGCTGTGTGCGCAGGCGCAAGACTAGCGCTCTTGGGACCGGAAGTTAAGGCGTTCGCGGCGTGTGAATCCAGGGCCTGAAAACCCAGAATGAACTTGTGTCCATCCCAGAGATCACTGCAGATGTCATGAGGTACCCTTTGTGTCACCAGCTCAAGCAGGCCTCTGGCCACTTTATCATCTGTGGTGGTCCTGTGCCGTGACCAGGAGGAAAAATTAGCTCTTTGAAGAGAAAGTAGTTCTCTATTGCAGGCACTGGCCTCTTAAATTGTTGCAGGTGGGGAATGGATGAGAATATTTGTTTTGGGTGATCAGAACTGAGACTCCTATTGTGGATTAGTAAC,11.0926595872968,3.4715334038846253
8165,ENST00000246802.9,ENSG00000105373.18,GLTSCR2,47745522,47757058,75.33054347049219,1528,1894.99,1194.24,14.1987,TTTTGGGACGCCAGTGGCTGAGTTCTTCCTTTGACAAG,5.305453560571896,2.407476091689901
8166,ENST00000270221.10,ENSG00000142227.10,EMP3,48321509,48330553,71.29885865364477,876,945.086,425.251,10.1376,GTTTATAAAAGGGTCAGTATATATTGAGAGGAGGAGAGAAAGAGAAACGGGAGCAAGAGAGAAGGAGGCCCAGACAGTGAGGGCAGGAGGGAGAGAAGAGACGCAGAAGGAGAGCGAGCGAGAGAGAAAGGGTTCTGGATTGGAGGGGAGAGCAAGGGAGGGAGGAAGGCGGTGAGAGAGGCGGGGGCCTCGGGAGGGTGAAAGGAGGGAGGAGAAGGGCGGGGCACGGAGGCCCGAGCGAGGGACAAGACTCCGACTCCAGCTCTGACTTTTTTCGCGGCTCTCGGCTTCCACTGCAGCC,7.033110268075754,2.8141628366658327
8167,ENST00000253237.9,ENSG00000105447.12,GRWD1,48445773,48482314,110.08230241370794,5571,8658.88,1222.44,3.18074,ACTACCGCGAGGAACAGCGCCCAAAGTCACGCGAAGATGCAGTTTCTCCGTATCCGCAGGCTTCTTTCGCTGGCGCCATTACCTGAGTTCTCCTCCAGCGTTTCCGCACCCTCTCCGATTAGCGGTCCCAGGAGTTTCCAAGGTAACCGCGCAGTAGGGCGGATCTCATTAGGCGGAAAGCGAAACCCGGAAGTGACGCTCTTACCGGGTGTCAGCAGCGAGAGGGTTCGAAG,34.60902255880956,5.113076291823517
8168,ENST00000452733.6,ENSG00000105443.13,CYTH2,48445773,48482314,14.820964946267972,4780,6526.82,334.701,1.15536,CCTTTGAGCAGGCGCAGAGGTGGCTGTACCGCGTGGCTCCGCCTCCGCGCGACACTTTTCCGGGGCTTCTCATTGGAGAGCAAGCCTGTCAAGTGCTTTCTGTTGTTTCGGAGGCGGGGCCTGCTGCCCTGCCTGCACTCCGATTGGCCCCGCGGGCCGTCTACCTCTGGCCGGACATACCTACACCGGCTTTTTGTACGACTGTTGGCCCTGGAGAACGATCCTTTGGTGGCGAGGGCGGGGAGGACGAAAGCGCCCACTGTGGATTGGACAGTGTCAAAAAGAGGGGCGGTCCCTACTGAAGGGGCGGTTGGGCGACGAAGGGAAGAGTCTTTTCAGCGCTGAGGACTGGCGCTGAGGAGGCGGCGGTGGCTCCCGGGGCGTTTGAGCGGGCTCACCCGAGCCCGCGGGCCAACGCGGATCCAGGCCCGACTGGCGGGACCGCCCCGGATTCCCCGCGGGCCTTCCTAGCCGCC,12.828005942968403,3.681225022152576
8169,ENST00000200453.5,ENSG00000087074.7,PPP1R15A,48872392,48876057,76.3979773673373,2378,3471.17,903.026,5.8612,ATAAAAGCCTAGTGGCCATTGTGTTCGTTGCTCTTATCGGTTCCCATCCCAGTTGTTGATCTTATGCAAGACGCTGCACGACCCCGCGCCCGCTTGTCGCCACGGCACTTGAGGCAGCCGGAGATACTCTGAGTTACTCGGAGCCCGACGCCTGAGGGTGAGATGAACGCGCTGGCCTCCCTAACCGTCCGGACCTGTGATCGCTTCTGGCAGACCGAACCGGCGCTCCTGCCCCCGGGGTGACGCGCAGCTCCCAGCCGCCCAGACAC,13.034528316272658,3.704266471540134
8171,ENST00000405315.8,ENSG00000104805.15,NUCB1,48900050,48923372,89.45968870386345,2668,3870.22,844.1,4.91384,GCGGAAGTTATTTTTCCCCCGGCCGGCAGGGAGTTGTAGTTATCTTTGAAAGCCTTCTCTCTCTTTTGGCATAGGCGGGAAATGTGGCGTCAAGAGGCTGGGATTCCGAGAAAGAAGCGAGGCTTTCACGAAAATGCGAGCGGCTTCGGCAAGGGGCGGGGCCGCTGGACGTGGATGAAAGCTACAGAGCCAGCGTGGACCAATCAGACCTCTTTGGGGCGGGGCCTCTGTGGATAAGTGGGCGTGGTCTAGGGGGGAAGTCACCAAGAACGCACCGGAGGTCCTTGCCCGCCCTGGAAAACGCCCTCTGCGGTGAAGGAGAGACCACACTGCC,18.205657633106377,4.1863149503023225
8172,ENST00000345358.11,ENSG00000087088.19,BAX,48954815,48961798,98.495415871464,793,892.972,133.637,3.37172,GCTGCGGCCGCCCGCGCGGACCCGGCGAGAGGCGGCGGCGGGAGCGGCGGTG,29.21221687194192,4.868499941202274
8173,ENST00000331825.10,ENSG00000087086.14,FTL,48965301,48966878,76.02219492049332,878,922.002,8795.0,214.915,GTCCCCTCGCAGTTCGGCGGTCCCGCGGGTCTGTCTCTTGCTTCAACAGTGTTTGGACGGAACAGATCCGGGGACTCTCTTCCAGCCTCCGACCGCCCTCCGATTTCCTCTCCGCTTGCAACCTCCGGGACCATCTTCTCGGCCATCTCCTGCTTCTGGGACCTGCCAGCACCGTTTTTGTGGTTAGCTCCTTCTTGCCAACCAACC,0.3537314515994385,-1.499273594680185
8174,ENST00000595090.5,ENSG00000183207.12,RUVBL2,48993448,49015995,338.6075372281433,2009,2570.85,176.76,1.54906,GTGTCCCGGCCCCGCCTCGGCCGTGAGACCTCCAGGGGGCGGAGCTTGCCGCTGCGCTTTACGGAAACGAGTGGCCTTCAGCTCTGTCAATCTGGAGCTGGAGGCCTCAAAGTGGGGAGGAGGAGGAGGGTGGGATAAAGAGGAAAGGAGCGTGGAGGACGTGTGGTTACTCAAAGAACAGCTAAGAATTTTGCAATCGGCCTGAGCGGGGCGGTGGTGGGGCTGAGCAAAAGGAGGAGGAGCCAGGAGACATTGGGAATGGACCCAGGAGTTCCGGACGCCCGTCTTCCAGCGCAGCCTCGGTGGGAGGGCGGGGCATAAAGTCCCGCCACGCCCCCACAATATTTACATATTTATGAGGAACCATCGAGATCTTTGAAGAACCAGCTAGCCTAGAGGAGCCAGAACATCTCGCTCCTCGCGCGTTTCCGTTTCCGCTAGGACTCTGGCAGTTGGTGAGCATC,218.58903930651059,7.772077251651017
8175,ENST00000598441.5,ENSG00000104852.14,SNRNP70,49085419,49108605,270.07168732371764,1574,1937.41,2653.72,30.86,TTTGCGGCCGGGACCCACCCCCTGCTCCAGTCGCTATCGGAGGCCGCGCGGGTGGCTGAGCAGCGGCCTGGTGCGCTCGCTTAGCGGGCGACGGAATCAGACGGACGTGGACGCCCCCGGAGTGGAAGCCGAAGCAGGAGTTGTTGTTGCTGAGGGGCTGCCGCAGCCGCCGCGAGCCTCCGGACAGACGCCAGAGCGAGGAGGGCGCTACGCGACTTGGCAAG,8.751512875039458,3.1295324373622675
8177,ENST00000221459.6,ENSG00000104863.11,LIN7B,49114324,49118460,4.136038855674413,755,796.358,36.3602,1.02868,GCCGGCGCCAGGGCAGGCGGGCGGCTGGCAGCTGTGGCGCCGAC,4.02072447765526,2.00745547805835
8178,ENST00000293350.8,ENSG00000161618.9,ALDH16A1,49453169,49492308,20.70862413629779,3153,4866.93,246.374,1.14052,GAAAAAGTGTGGGCGTGGCTGCTCTCTGTATCTTGTAGCCCCACCCCATTCCCATTAGCCCCGCCCCTTTGGGCTGGAACCGGAGGTGTCGCTCTTCGGACCTCAAGGTTCCCCTTAACACAGAGCGCCCCGCAGTCTTCGCGGAAAGCGTTCGGGGTAGGCG,18.157177547344887,4.18246805440415
8179,ENST00000270625.6,ENSG00000142534.6,RPS11,49496365,49499689,917.0248774192936,614,484.726,20278.1,942.527,GTCACTTCCTCTCCAGCCCCTGCGTAATCGATAAGGAAACCCGGACGCTGCTGCCCCTTTCTTTTTTTCAGGCGGCCGGGAAG,0.9729428201200534,-0.03957307462224169
8181,ENST00000418929.6,ENSG00000126464.13,PRR12,49591643,49626439,6.3723289028848855,6955,11974.7,704.897,1.32625,CGCGGCCAATTC,4.804772028565418,2.2644679812465824
8182,ENST00000360565.7,ENSG00000126461.14,SCAF1,49642125,49658642,30.663370931498587,4306,7018.19,1342.75,4.31055,TGAAATCCCGGCAAGCTCGGCGGCGCTTTAGCTCCGCCTCTCTCCTCCTTTGCTCACGAACCCCGCCCCAGCCCGCCCCGCCCCGCGCCGGGGCCGGAGCCGCAGCCCGAGCGGCGGGGTGACC,7.113563450487429,2.830572440924685
8184,ENST00000454376.6,ENSG00000126457.21,PRMT1,49675786,49690575,337.55609218489644,1327,1585.24,1158.18,16.4605,CGGGTGAAG,20.507037586033015,4.358047192330585
8185,ENST00000354293.9,ENSG00000196961.12,AP2A1,49766968,49807113,40.33820402466127,3388,4858.88,843.61,3.91172,GGTGCCACGGCCTGCCAGCCCGCCCGCCCGCCCGCCAGCCAGCCCTCCCCGCGGCCGGCTCGGCTCCTTGGCGCTGCCTGGGGTCCTTTCCGCCCGGTCCCCGCTTGCCAGCCCCCGCTGCTCTGTGCCCTGTCCGGCCAGGCCTGGAGCCGACACCACCGCCATC,10.312139934520179,3.3662718410335963
8186,ENST00000312865.10,ENSG00000104973.15,MED25,49818279,49838816,38.04768602863968,2332,3523.85,855.844,5.47192,ATTCCGCGGCGTCGGCTGCGGCTGCAGTGGTGGTGGCGGGTACCGCACGGGGT,6.95326065231942,2.797689671906
8187,ENST00000253727.9,ENSG00000131408.13,NR1H2,50329653,50382982,8.691557493543725,1998,2734.95,322.856,2.65963,CGGGGTTGCCGGAAGAAGTGGCGAAGTTACTTTTGAGGGTATTTGAGTAGCGGCGGTGTGTCAGGGGCTAAAGAGGAGGACGAAGAAAAGCAGAGCAAGGGAACCCAGGGCAACAGGAGTAGTTCACTCCGCGAGAGGCCGTCCACGAGACCCCCGCGCGCAGCCATGAGCCCCGCCCCCCGCTGTTGCTTGGAGAGGGGCGGGACCTGGAGAGAGGCTGCTCCGTGACCCCACC,3.267957382622291,1.7083891694443125
8188,ENST00000440232.6,ENSG00000062822.12,POLD1,50384204,50431313,33.43118732057472,3444,5012.08,482.667,2.16966,AGTCAGGGGTCACGGCGGCGTAGGCTGTGGCGGGAAACGCTGTTTGAAGCGGG,15.408491339921795,3.945653708007866
8189,ENST00000376918.7,ENSG00000161671.16,EMC10,50476400,50490870,29.02636226705373,2014,2995.35,1018.84,7.66337,GGCTCTTGGCTCACAGCCGTCCCTTCGCTGGTGGGAAGAAGCCGAG,3.78767595288414,1.9213129091683456
8190,ENST00000250340.8,ENSG00000105472.12,CLEC11A,50723329,50725718,100.2987991425709,1419,2054.56,146.0,1.60102,CACACAGAGAAGCAGAGGAGACCAACGGACCGGACAGAGACGAGGAGAGGAACAGGAAGAGAGAAGCTGGGAGAATCGGGAACCTGGGGGCTAGTGACCTGCACACAGGGCAGGGGCACTCGGCAGTTCCCAGAGGCCACCCCTCCCACCCCAGACATCCAGACATCTGGAACTTTGGGTGCCAAGAGTCCAGCTTA,62.646812121379426,5.969169192563917
8191,ENST00000262259.6,ENSG00000105497.7,ZNF175,51571298,51592508,4.705960024318152,6535,7116.38,349.882,1.10771,GTTGTTAAGTGGATCTAAGCCTATGTCGCTTACTGGACGCTGAAGTGATTGGGAATATTAGCAGTGGGGGTTCTGTAGGGTCAGGAAGGGGCGGCTGGCTTTGGGGGAGTGATGAGGGGCTTGTTGGGGGTGGGGGTGCGTGATAAAGGGATTTCTCGGCTGAAGACGAGGCTGTGAGGCTTCTGCAGAACCCCCAGGTCAGGCCACATCATTGAGGCTGCAGGATCTCTCTTCATAGCCCAGTACGACTCTCCGCCGTGTCCCTGGTTGGAAAATCCAAACACCTATCCAGCTTCTGGCTCCTGGGAAAAGTGGAGTTGTCAGCAAGAGAGACCGAGAGTAGAAGCCCAGAGTGGAG,4.248368277182793,2.086908834088344
8192,ENST00000322088.10,ENSG00000105568.17,PPP2R1A,52190039,52229533,342.2199253856069,5380,6997.53,401.989,1.29429,CCCCCCACGTTTCAGCACAGCGCTGGCCGCAGTCTGACAGGAAAGGGACGGAGCCAAG,264.40745535050644,8.046619046066489
8193,ENST00000595962.5,ENSG00000198464.13,ZNF480,52297177,52325922,10.310110883313993,4738,3773.83,1148.55,6.8569,ACAAACCCGGAAGCGGATCGCGTGGAGTGAAGGTCACGCCGCGGCGCGATTGACTTCTAAAGAGTC,1.5036110900427295,0.5884314612827704
8194,ENST00000595091.5,ENSG00000213799.10,ZNF845,53330675,53430413,3.609605203921876,4090,3123.64,257.365,1.85631,AAACCCGGAAGCGGATCGCATGGAGTGATGGTCCCACCGCAGCGCCATGCAGGCGTCTTTCCTGTTCCTGGGCCGAGGTTGCTCCTGCCTCAAGGCGTTCATGTGGGCTGTCCCTCTGCTGGAACTCGCTGGCCCCTCAGCTGCAGGATTGACTTCTAAAGACTCTTGGTACGTGAGGAAGAAACCCGGAAGAGGAAGAGGAAAGCAAAGGAGTCAGGG,1.9445056073187539,0.9594033950391796
8195,ENST00000396408.7,ENSG00000196417.12,ZNF765,53330675,53430413,4.374212487258553,4569,3532.61,219.788,1.40175,GACCCGGAAGCGGACGGCGTGGAGTGACTATCCCACCGCCGCGGGATTGACTTCTAAAGACTCTTGGTATGTGAGGAAGAAACCTGGAAGAGGAAGAGGAAAGCAAAGGAGTCAGGG,3.1205368198741232,1.6417942344565528
8196,ENST00000432094.6,ENSG00000160336.14,ZNF761,53431984,53458261,6.175700719039586,4061,3089.42,163.281,1.19075,ATGGAGTTTCGCTCTTGTTGCTCAGGCTGGAGTGCAATGGTGTGATCTCGGCTCACTGCAACCTCCGCCTCCCGGGTTCAAGCGATTCTCCTGCCTCAGCCTCTCGAGTAGCTGAGATTACAGAGTATTGCCCGGGCTGTGAGTGCAGTCTCATGATCTTGGGTCACTGCAACCTCTGTTTCCTGGGTTCAAGTGATTCTTGTGCCTCAGCATCCCACGTAGCTGAGATTACAGGATTGACTTCTAAAGACTCTTGGTACGTGAGGAAGAAACCCGGAAGAGGAAGAGGAGAGCAAAGGAGTCAGGG,5.186395732974669,2.3747322910771
8197,ENST00000419113.5,ENSG00000170906.15,NDUFA3,54102728,54109257,288.7374054888901,654,585.423,211.552,8.14159,GACCACAACTCCCAGGGTGCTCCGCGTCCTCGCCGCTGTCGCCGCCGCGGAGACAAAG,35.46449839514027,5.148303637349355
8200,ENST00000321030.8,ENSG00000105618.13,PRPF31,54115410,54131719,60.084278238673896,2126,2430.13,784.169,7.27014,CGAATCCCTGCTTAAAGGCCTTGCTTTCTTGTCTAACGCCGCAACCAGTCCTCTGAGTTGCCAACGTCTTTCTTCTTGTCTCGACGCCCCGTCGTCCGGCCACAGCGATTCTCTGCTTAGCAGGATCGGTCCACAGCGGGACGTGAGTCCCTTTCCTCCTCGCGGCTTACCGCCTCTCTCCGCCTAGTGCCAGGTGCTAATAAAGTTGTTGTTTCAAATGCGGCCAGGAACATCGCGAGCGGGGACCAATCAGAGAGTAGCTTTGCCTCTATAACGGCGCGAGAGTGAGACGTCATCGGTGAGCGACTAACGCTAGAAACAGTGGTGCGCGGAGAGGAGAGGCCTCGGG,8.264528363783077,3.0469324908247835
8201,ENST00000221232.9,ENSG00000088038.17,CNOT3,54137728,54155681,39.33125386221331,2852,4083.54,1802.58,9.94532,GAAGAGAGGAGGGGAGGCCTCCTCCGCCGCCGCCATCTTGGACCGGGCCCGGTCAGCTTCCGCGGAGCCATCGGCAGACGCCGCGGCCTCCCTTGAGCCCCGACCCCCGTCGTCAGAACAACCCCGGGCCCACTCCCCCAACCCCACTTCCGCTTCGCGCCGCTATCGCGATAGCGCCCGGGCCCGGGGCGCGAGAAAAAGGCGGCGGGCGCTCGCCTCCCCCGCCTGTCGCGATACGCTCCTCAGCGGCGGCGCCAGCTCCTGTGCGTCCGTCTCCAAGAGAGTATGAAGAGAGTGCGTCTGTAGGGCAGGGAAG,3.954749958997127,1.9835864824810303
8202,ENST00000302937.8,ENSG00000170892.10,TSEN34,54189938,54194536,68.76972522891859,2294,2685.85,141.52,1.18713,TGACGAAGTTGACGAGGGTGTCGGCATGAGGGGGTGGAGCAAGGAGCGCGTGGCGCGGTGCGCAGTGGGTGGCTCCACCTCGACTGCGAATTACTGTTTATGAGGTGACTCGCTGGTTCTATCGGTGGACAGTGGGACATTCTGAAGGGAGGCAAGGAGGCGGACTGAGCGCTCCCAATTGGGGAGG,57.92939714177772,5.856223746172013
8203,ENST00000302907.8,ENSG00000170889.13,RPS9,54200742,54249003,321.63762334407005,829,856.972,604.82,15.9009,TCCACTGCTTCTCAGCCAGCCAACGCCTCTTCTGATTGGCTCTGACGTGCGTGGTGCGTGAAAACGTCACGAGACGCCGGCGTTACTATAAGAGCGCAGCCGTGGCGCTTCCGCGCCTCTTTCTCAGTGACCGGGTGGTTTGCTTAGGCGCAGACGGGGAAGCGGAGCCAAC,20.227636381844427,4.338255844372608
8206,ENST00000326764.9,ENSG00000167615.16,LENG8,54448887,54462037,10.56603600458521,3991,5716.9,393.404,1.55039,CCACTGTACTCTATCGTGGGCGACGACAGAGCAAGAGCAAGACTCCGTCTCCGAGAACAACAACAACAGCAACAAGAAAACAACAATAAAAAAAATAAGGCTGCGTGGGAGGCAGAAAGAGCTAATGCGGCCACGCTTGTCTCCTCGGGGCCACCGTCCCCACCCAGACTTCCGGTCTGCCTTAAAATGTTCATGCGTAAGTGCGTGGGCAGGAAGGCGGGCTCAAGCGCAGCTCGTGGCGTTCATTGGCTGTGCAGGGCCGAGGGAGGCGGTGCAAGGCCGCCGCGTGACGTCAGGACGCCGCGGTCAGGACGTCGAAGCCAAAGAAGACCAGAGCCAGCCGGGTGGCACAGCGGTGTCGTGGCCGTGTTGCTGATCGCCTGGGTGGTTGTTGGCGTGTCCCTGCAGCGAAGGATCCTGGTTGACAGTGAAAAAGCAGTCTGGCTCCCGAGGTCCACCCCTTATACCCCAAGGTCCAG,6.815082659579339,2.76873115546658
8208,ENST00000344063.6,ENSG00000108107.13,RPL28,55385345,55403250,909.683296010932,4796,6615.29,959.609,3.26819,GGGAGGGCGAACTGCAAGAGGGCTGCCAGGATTAGCCGAGGGATTCCGAATGAAGACGGAGTATTTCCGAACATACACACCTCTCCCAAGAGCGTTTCCGGAGGGTTCCGAAAATACCCGAGCGGGCCTCGGCGCCCTCATTGGCCATCACCGCGAGGGCTTACGAAGACCGGAAATATCCAAAGGTGCCGGGGCTAGGCTTATATAGTTCACGCATTCACCAGTTCATTCATAAAACAAATGTTTGTTGAGCGCCCATCATATGCCAATCACAGTGACAAGTGCTGGGTGAGCAATACTGGAGAGATAACGCTGAGGTATGGGTCCCAGGACCTCTCGAATTGGAGCCACTCGGAAATCCAGCGGTAGAGTTTCGAAAACTTCCGAACGGTTCCCGGAATACGCTCTCGGCCCTCTAACCGAAGAGTTCCGAATATTCCCGAGCGTTGAGCGAATTTTCGGCGGAAGCAGCCGAACATCATCGAGCCGCCTCGGAGGTGGGGACCGACAACTCCTGTCGTGCCCGCCCGGAGAGGAAGCGGAAATGCGTGTACGGTATTAAAGGCGTCGCCTCGCCCCTCGCCTTCCTCTTTCCGTCTCAGGTCGCCGCTGCGAAGGGAGCCGCCGCC,278.34467886228526,8.120728693124434
8210,ENST00000205194.4,ENSG00000090971.4,NAT14,55485004,55487568,25.960178730625568,1536,2283.56,217.874,2.14959,GCTCCCGTTCTTCCCCAGGTCCCCTTTCCCCGTTGCTCCTTCTCTAGGGATAGGAGAGGTCGCTTCCCGGCCCTCCGCAGGGTCACAGCTCGGTTCCTCCCAGCCCGCCCTCCGGGGAGCTTAGCAACGGTTGCTACGGCCCGGAGCGGGCGCCGCCCCGCCCCACCGCGCGCGGTCTGACGTCACTTCCGCCCGCGACCCCCTTCCAGACCCGCTCCCGAAACCTTGTCGAAGGACCAAAGGCGACCGGTGCAGGTGCACGACGCCAGCTCCCTTCTGGGGGGCCGGGGCCTGGGGGTTGCC,12.076804753755631,3.594166895934734
8212,ENST00000325333.9,ENSG00000213015.8,ZNF580,55635016,55653161,63.27028005509865,1261,1804.33,275.014,3.43399,ACGCCTCCGGTCCCCTCCCCGCAGGGCGCTCCGCAGAGGCGAGGGGTGGGAGCGCCGGCTCCAGGCGGCGGAACCTCCGCACTGGGCTCGCGCGCTTCCGGCCGGCGCCTTTTCCCAGGGACTCCGCCAACCCCTCGCACCCCCGCGCCCCCAGTCCCCGCGTCCCCGGCGCCGCCGGCCCGGAGCTGCCCGGAAGTCTCGGTTCCGCCGCCGGCGCTCGCCAGGGGAAGCCCGGGGCCGCCCGGGACCTCGGCCCGTTCCTCCGGACCCGAGAGGCCGCCGCACGGGCTGCCGCTCCAG,18.424712959297683,4.203570238472375
8213,ENST00000308964.7,ENSG00000173581.7,CCDC106,55635016,55653161,19.227736265235336,1546,2136.42,109.172,1.15129,AACGGCGGGCCTCACCTGGACCCGGGGACTCTTCAACGAGGGGCGCTAGCCTGGCCCGACTGGGCGAGTCCCCGCGTCCCTGCCCGTTCCGTCGCTCAGTTCCACGACACGCTCCCCTGCCGCCCCGCCTGTTCGCGGGTGGGTGGGCGCTTCCCTCGGCTCCCCGTGACACTTTGCAGACGCTCCCCGGCGCCGGGCATGGGCGCCGCCGCCGTCGGTCCCCGAGCCGGATTCCGCGAGCGGTGCCCCTGAGGCCCTCGGCTGCTGGGGTCCGTAGGAAGCCGCGCC,16.70103645930681,4.061865733413179
8214,ENST00000450554.6,ENSG00000063244.12,U2AF2,55654146,55674715,246.62173254834408,3022,4306.43,2856.35,14.9436,GCAACCTCCGCAGCGGTCGCGCGCACCCTTCATCCCTCTTGCTGCTTTTGTCTGGCACAACCTTCTCAGGCCCTCCGCGAGGCCGGCCCTTTTTTTCTTTCACTTTCCCCACCCGGAGAGCCAGGTGCCGAGAACTAGGACCTCGTCCCCTTCTCTATCCCTTCCCCTGATCCATCTCGTCTCTGTTCTCCTTCCCTTTTCCGTTCCCGAAGCCGGAAGGAGCCGAGGTACCCACGGAAAAAGTCGAAGCTGTCCCCGGAGAGTGAGGCCTTCACGAAGCGGTGGCGGAAGGAGCCGAAGTTCTCTGATCGGAGGCGTGAGCAAGTGGCATCTCCGGAAAGAGCCGAAACACGGACTCGAGCTTAATCCCAGGAGGGGCCCGAGGGCGAGATCCGGAAATCTCCGGAAAGAGCCGAAGGCCGGGACGGTTAGGATTGTCGGAAGTGGCCGATTGCTTGGACAGGGCCGGCGGAGAAGATCGGAGCAAGTCCGTGGAAGAAGCCAAAGACTGGGACGGATTGAATTGTTGGAAGAACCCGAACTCGCAGAGGGGACTGGGCGCAGTGGCACACGAGGACACACGGAAACCTCCGAACGTTGAGGAGATAATCTCGGAAAAGTTACGGAAACCTGGGAAGTCGGCGAAACCCTACGTTCGGGTGTTTTCGGAAGCAGCCGAAGCGGCCGCCTGCTTCGCCTTCGTCCAGTATCCGGAGATAGCCGAGGCGCTTCGGAGCCAGGCTCGGGGGGAGGGGCAAGCTCGCGGGCGGGCGGGCGGGTGAGGGGGCGGAGCCCGGGCGGGGCGGGGAGGGCTGCCGGAGGCTTGATTAGGTAGGAGGTGGCGAAGCGCCGGCGGCGGCCGGAAGTAGCCGAAGCCAGCGGCGGAAGTAGCCGAAGCGGCTGGAGCGGGCGGCAAGGCGAGGCGAAAGCTGCACAGGGCCCTACGCGGCCGCCTCAGC,16.503502004091658,4.0447002883192225
8216,ENST00000085079.11,ENSG00000063245.14,EPN1,55675226,55709858,8.784251721395389,2355,3734.14,1311.09,7.91047,CGGCGGCTCCCCTCCCCCGCCCGGCTCTCCGCGCCCCTTCTGGGCGGCGGGGCGGCGGAGCCGTCGGCGTGCGGCCCTCCTTGCGTTCGTGCGTGCGCCCGTGGCCCGGCGCACGTCCCGCGACACCGAGGCCGAGCGGGGCAGGGGGCTGACCGCCATGACCCCCCAGAGCCCGGCGTGAGGGGGCCGAGATGCGGTGACCTGCCAGCACCTGCCGCAGCCTTCGTCCGGGAGTCGCCCCATCTCTCCACGCATCGGGGCCCTGTGCCCCTTGCTGCTGCAGCCGGGCACC,1.110458888207071,0.15115598191893428
8217,ENST00000337080.7,ENSG00000167685.14,ZNF444,56132599,56160893,22.149394780142973,2042,3241.31,344.652,2.39564,CGGGGCTTCATGGGGAGTTGTTGGGCTGAACGAGCGGCTCGGAGTATGGGATTGGGGGAGGGGGACGGGGGAGTTTGGCGCAAAGCCTGCTGGGGCATGGAGTCCCGGCGAGCTTTGTGCGCATGTGCGGGGAGGTGAGGGGGCTTGGGGGGCCTCGCCTGAGAGAGTGAGGACAGGCTGCGGGAGGAGCTGCAGGACTGAGGTACAGAGGCCAGGGGCCCAGGGCAGGACCCAGCCTGGACTTGACTCCCTGGGATCCCAGGAAGGGCACACCCTTTCCTCACCACCCGAGTGAGCGCTGCCCCCTCACAGAGACCTCTTTGCCCCCTGGGCCAGGCAGAGCAGGCGCTGCGGTCCGGGAGGCCCC,9.245710866466986,3.2087842470605006
8219,ENST00000291598.11,ENSG00000198440.9,ZNF583,56393656,56436035,4.364056238197222,2538,2039.02,126.938,1.4026,ACTGCGCGTGCGCCTCACCGCGCTGGCACCCCGGCCTGGCAGCCTTTGGGGACCTGAACCAGCTGCGCCTGCGCAGCTCGACTTTCTCAGGATACTGTCCCTCTCCCACAGAGGAGCTGAAGGAGTAGGACAGAAGAACTGTCAAATTCTGGAATCCTTAAAGCC,3.11140470426153,1.6375660602073892
8220,ENST00000308031.9,ENSG00000196263.7,ZNF471,56507843,56530221,1.3382269426701523,6287,6021.78,302.688,1.13248,CCTGCGCGATGGGGGGTTCCAGCGTCGACTCACGGAGTCCTTCGGATGAGAGCGTCTGGGTGCCAGACGAGGCCGGGGCCTTGCCCTCCCAAGACACTGTTCTTCAAGAGAAAGACCAGAAGAGAAGGCAAAA,1.1816782130105188,0.24083722358845822
8221,ENST00000263095.10,ENSG00000083844.10,ZNF264,57191500,57222846,9.52538797826566,12163,12038.0,640.729,1.19917,ATTTTCTTCTGCACTTCTGTCTGGAGAGGTCTGTAGCCACTGAGGGCCCCGGTCGGGGCCGCTTTGCAGGTCCCTAGTCAGGACCGAGCAGGGGAGTAGGATAGGAATCCCCGCCGCACCTTTGTACGAGCCTGACCCCTTCCGTGGGTTTGTTCCTGGGTCGCCGTCAAGCTGCGGTCTCTCCTCCCCCGCCCTTCAGCCCCGCGGTCTCCAGGGGCGGCGCCCTGGGTCTGGAACGCGGTTGCCACCGAGGAGGCGGCGGCCCTGCGTCTGGAACGCCGTTGCCACCGAGGAGGCGGCGGCCCCGAGCGCGCCTGGAAGCCCCGGGCAACCGGCCAGGGTCGGGCACAGGTGGGGTCCGTCAGGCCGCCCGGGGCTCCTCTGTCCCAGCTCTGCGGCCCAGGGGGTGACGTG,7.9433174431195415,2.989741659657181
8222,ENST00000537645.5,ENSG00000197714.8,ZNF460,57280051,57293569,73.3707202464011,2037,2259.83,269.135,2.68322,ATCCTTTTCTTCTATGAAAAGATCCAGAAAAGAGGCAAAGCAAGCGAGAAGTCGCGGGCCCAGCCCACAGCAGGGAGTCTGTGACCTTCGAGGATGTGGCTGTGACATTTACCCAGGAGGAGTGGGGGCAGTTGGACGTGACCCAGAGGGCCTTGTACGTGGAGGTG,27.344280471374358,4.773167194870464
8223,ENST00000321545.4,ENSG00000178229.7,ZNF543,57320509,57330776,10.121860806898663,3659,3831.73,301.762,1.77432,GGAACAGTGTGGGGCCTGGACCGCTGGGTAGGCGCGTCCAGCGGCCTGAGCAGGGGAGGGTAATGAGGCTGTTACGCGCCTTCTCCGCATCTTGGCGGGAGCCTGACGCCCCGCTTCTTCCCTAACGGGGTGTTCCACCGGCGCCTGCCGAGGCCTAGGCCTCCGCAGCCGCCCTCCGTCTCCTCAGCCCCGACGCTGCGCCCGCTTTGTGCGCATTTTTCTCTGGGGAAACTGAGGCTCCGAGTGCGAAAGTCAGCCGAGGTCGCCCCGCCCAGGACAGAGAAGGGCTGGGGGTCGGCTGAGCCGCGGCATTCCCGGGCCCCGCTAGGGCTGCAGGGTCTCAGG,5.70464223302373,2.5121364106458994
8224,ENST00000391705.7,ENSG00000131845.14,ZNF304,57351307,57359898,5.088012058048969,4313,4406.72,375.16,1.91807,TGAAGGCTGAGTTCTAGAGATCGGGTCGGCTTTCTACGCGGCTCTCGTGGAACCTAGCAAAGAAAGACAGTGAAGACTGCAGGACCTTCCTTCGCGCTTTTGTTACAATCCACACGTCCTCTTGTCCTTGTCTCCCCCAGAAGCAGCCGCCTTAGTCTTGTGAGCGTTTTTACACCGGGTAGATTGAGACTTGGAGTGCTACACTCAGCCCGAGGGCGTCCAGCGCGGTGGAGGCGTGGGGTTTCGGCTGAGCCCACAGGGCACAGACTGTTCATCCGCTTCTC,2.65267276900685,1.4074467171616356
8225,ENST00000543226.1,ENSG00000256060.2,TRAPPC2B,57363477,57445485,18.71295529901905,732,440.07,116.271,5.95268,GTGACGGAGCGGAAAAGCGCGAGAAGCGGCTTGGTTCCTTGTACGCAGAGGCGGTAGTGACACAGGCACAACTGACAGTGGCAGAAGCTCAGCTGACAAGGACTGGGGACGGCGGTGTCCTTGTCTTGCCTTTGTCGCCCCCGCCCCTCTCTTCCCTGGCTGGACTTGCGGAGTCCCCGCCGAAGAACCCGAGGAGCCATATATTGAAGACC,3.1436185548390054,1.652426172295023
8226,ENST00000336128.11,ENSG00000188785.11,ZNF548,57363477,57445485,9.173859830862384,2115,1957.99,111.99,1.28863,GTGGTGTTTCACCAACTTCGGCCTATGGCTCTGTCTGACGTCACCGAAGTGACGGAACGGAAAAGCGCGAGAAGCGGCTCGGTTCCCACCACGGAGAGGCGGGAGTGAGTCAACTGACAAGCGCTGGGGACAGTGGCGTCCTTGTCTTGCCTTTGTCGCTCCCGCCCCGCTCTTCCCTGGCTGGGCTGGCGGAGGCCTTGCTG,7.119079821874692,2.8316907773981455
8227,ENST00000307658.11,ENSG00000186272.12,ZNF17,57363477,57445485,4.400752925974129,2716,2453.63,137.285,1.2606,ACGCCTCCTGGGGTTGTCAATATGGCTGCGTTGGGATCTGTTCACCTTCAGGCTGAGTCGAGACTGAGGTGAAAAAGCGGAAAAACGCGAGAAAAGGTTTCCCCGTTGTACAGAGGCTAGAGTGAGGCTCGGTTGAATCGGTTGCAGGCGTTGGTGCCTCTGTCAGCGTCCAGGTCACTGCCGCTCCCGCCCCGCTCTTCCCTGGCTGTGCTGGCGGAGGCTGCGCCGATGAACCTGACTGAGGGTTCATAGCAGTGGCAGCA,3.490998672040401,1.8036398080963116
8228,ENST00000334181.4,ENSG00000186230.6,ZNF749,57363477,57445485,7.537727890864508,2587,2665.96,236.674,2.00014,CTGGCGGCGCCCTCATGGTTGCGTTAGCATGGCTACCTAGGGATCTGTTCACTGATTTAGAGGGTCCCAGAGCTCTGGGTCGGGACTGAGGTGAAAGAGCGGAAAAACGCGAGAAGCGGTGTTCCTTCTACACAGAGGCTAGAGTGCGGATCGGCTGAGTCGGCTGCAGGCGCCCCTGCCTCCGTCAGCGTCCAGGTGACCGCCGTTCCCGCCCCGCTCTTCCCTGGGTGGACTGGAGGAGGCCGCGCCG,3.7686001434222143,1.9140287300767223
8229,ENST00000597850.1,ENSG00000171649.11,ZIK1,57578456,57593777,10.990435409027151,4181,4242.44,221.509,1.17635,TTCAGTGGCGGTCATTTTTGCAGCGCTTGGGTGCATCCAGACCGTCAGAGCTTTGGGAGCGCTTTGTTTGGCGACAGTCGGAAGGCGCGAGGGGAGGGGTCCTCCCGCTGAACAGTGGGGGTTCTAAGGGTCGGCGGCGGCGGGGTTGACGGCTTTGCCTAGGTCCCTCCGCCCGTAGCTGTCGGGTCCCGGCCCCGCTCTGCCCACAGACTCCG,9.342827737516174,3.2238592678643627
8231,ENST00000597864.1,ENSG00000183647.10,ZNF530,57599885,57612722,34.902169070109224,634,472.191,35.9347,1.71458,CCTGTGGCGGGCACTTTGGCTTGTGTCAGTTCCATCCGCGGGTGCCGGATCTGGACCTAGGTGCTGACAGCGAGAAGGCGCGAGGAGAGTCGTTTTCTCAGCTGCACAGCCGGGGCCTGACGGTCGCCGGCGGTGGTGACAGCTTTGCTCTTGTCTCCGCCCGGATCGTCCACCGCTCCCGGCCCGCTCCGCCCAGAGTCCGATGGCGGCGGCACTGAGGGCCCCGACCCAGATTGCCACTAGTACTTACAGGTCCGTAAGAAGCACTTGAAGACCCTACAAGGCAGGTTTTTGTAGCCTTTGAGGATGTGGCCATTTACTTCTCCCAGGAGGAGTGGGAGCTCCTTGATGAG,20.356104159682967,4.347389573427197
8232,ENST00000396161.9,ENSG00000213762.11,ZNF134,57614233,57624723,13.947932375779022,4914,4865.23,743.443,3.44276,ATCTTGTCGGCTCTTAGGTGGAACCATCGGAGCAGAAGCTCGGGGTTGCTGGGCGGTTCCGAGGTGACGGAAGCGGGAGGGTGCGGGAGAAGTCGCTGTTCGCTCTGCGGAGTGGCTCGCCAGCGAAGACCCCGCCTGCGCCCCCGGGGACGGACGACCGCGGTGCCAGGGTCCCGCGACCTGGGACCCCCTCGCGGCTCCGGGTGGTCTACGAACTGTGATGGCGGCGGCCGCGGTGATGGGCCCGGCGCAGATCCTCTGTGGTTGTTGAATTGTAACAAGAGAGAGAACTCTGGCTGCCTGAGAGGGC,4.051380977988306,2.018413757502925
8233,ENST00000282296.9,ENSG00000204519.10,ZNF551,57681969,57758159,12.934972738847415,4564,4675.95,410.296,1.97692,AACTTCCGGCGTCCTCCTCGTGGCGGTCATTTTGGCCTCTGTCCTGTTTGTCCAGCCCGCCAGTTTCTGCAGTGGAGGTCGCGACTGAGGGACGGGACAGAGAAGTCGCGAAAGTGGGCCAGAGGTTCTGCGACACCACCTCGGGTGAGCTGCGCCAGGCCCGGGATAGGGACTGTTGTGTTCGA,6.542992502907257,2.7099506176316983
8234,ENST00000317178.9,ENSG00000152443.12,ZNF776,57681969,57758159,19.399933951994832,5292,4928.93,779.652,3.56377,ACTTCCGGCGTCCTCTACTAGTGGCCATTTTGATTGGTGTTGGGTGTATTTTCCAGTGAGAGACCGCGGAGTGTTGGGTCGTGTAGAAGTGACTGAACCCAGAAGGTGGAGACGAGACGTTGTCCCGACTGCACAGAGGCTGCTCTGCAGCTCCTTAAAGGCGCTAGGCGTGACCCGCACCAAGGCCGGGATCGGGACCACCGTGCCCGGGTACCTGCACTGCTCGCCCCCTCCTTTCGACCCCGCTTTCCCCACCCAGTCGG,5.443654880083404,2.444575604943485
8235,ENST00000594901.1,ENSG00000269343.6,ZNF587B,57769655,57865112,2.486197306606408,2118,2212.43,108.038,1.10019,TTATTTGTCGGAGAGGCTCCTGAGCGCTAGGTCGGCACTGCGGTGACTGAACCCAGAAGGCGGAGAACAGTTGTCCTCTGCTGCACAGAGGCGACTCTGGAGCTCTGTGACGGCGCCAAGCGTGACCCACCCCTGGGCCAGGATAGGGACCGTCATGCCCATATCTCCTGGCTGGTCACCCTCTCCTCCCAACCCTGCTTTAAACCACGTGGTTCG,2.259789042443949,1.176188099354911
8236,ENST00000339656.7,ENSG00000198466.11,ZNF587,57769655,57865112,2.155260678012209,6882,6987.19,1049.35,3.38361,CTAGTAGCGGCTGTGTATCGGCGATGCGGGTGTTTCCCCAGTTTGTGGCCCCTGAGTGCTGGGTGGGACCGCGGTGACTGAACCTAGAAGGTGGAGAGGAATCGTCCTCGGTGCCCAGAGGCGGCTCTGCAGCCCCGTGACGGCGACCACTGCTCCCGGGCCGTGCTTCCCCAAGTAGTCCG,0.6369707732310192,-0.6507009175109855
8237,ENST00000617501.4,ENSG00000171606.17,ZNF274,58183029,58213562,24.56733475380748,2538,2823.53,610.697,4.873,GGCCAGTCAAGATGGCCGCCGCTGGGTGAGGCAAGCTGGCGCGCCGCGGGGGCGTCTGGGAGTTGTAGTTCGGGACGGCGGGCTGACGCACTTCGCCGCCGGCCGACGGGCGCCATTGTGCGGCGCGCGCCGGGACTCTGCCCACTTCCACCAGAGACACATTGAGAAGGAGGAAACT,5.041521599385898,2.3338592243172185
8238,ENST00000596652.5,ENSG00000198131.13,ZNF544,58228594,58315663,11.102599099626463,2818,2835.38,217.157,1.72554,CAGGTGGCAGCCAAGAGCCTCCTGGCACAGCGGCACCAGGCAGGTGACGCCTATTGGACCCCAGAGGTCATCCCAGCTCCAGACGTGGACACATTTTCTTCCAATGATGTCTACGGATGAGGAAACTGAGGCCTGGAGAGGTTAAAGAGACCCGTTCAGAGTCCTACAGTGGCAGACTGGTCTTCTGAGGACCTCTGCCCTCTACACAGCGGCCTCTTCAGGTGCAGGGAGGAA,6.434275125251494,2.6857776259735204
8239,ENST00000621650.1,ENSG00000278129.1,ZNF8,58228594,58315663,31.44017451288809,9128,10667.0,1103.49,2.33072,AGTTGTAGTCGCCGCGTCGCCGGTGCGGCCGCCATTGTCCGGCGTTCGGCGAGTCGGGTGGTCCCTTTGGCTGGAGTGCCTCTCTGGTCTGGGGATCACCTCAGGCGCTGTCCTTCACTGGGCGATCCAGC,13.489468710479203,3.753761623021504
8240,ENST00000601521.5,ENSG00000083845.8,RPS5,58386400,58394806,1028.0979959011422,1203,1510.05,95.7726,1.42894,GGGCTGCAACCCCTCGCGCGGGCTCCCCGGCCGTGGAGGACACAAGGACAAACACGAAGGGTCCCCGACCTGCCGACCCCCTCCTCCCGGACACCGCGCGTAGCCTGTAGGCTACCTCCGCGCTCCACCCAGAGACGGGTCGCGCTGCTCCCGCCGCCGCAACCCCGGGCCCTCGTGCCGGCGGTCTCCCCTCTTCCACGGGCGAGATTACTGCATAGCAGAGGCGCCCACAAGACAGGGCAACTACGGGGTAGCGGACATCCGCCAGGCACGCTTCTAGGGCCGCTTCTGCAACTGCGCATGCGCTTGGGCTGCACCCATTCCGTCTAGCCCAAAAGGTTCCTCTACAACCTTCCTCCGGATTGGTCTATAGGGACACGATGGCCTTTTACGCAAGCGTCACCCGTGCTGACCCGGAAGTTTTCTTCCCAGTTAAAAGTGTTGGCCCGCGGCGCGCGGCCTCTTCCTGTCTGTACCAGGGCGGCGCGTGGTCTACGCCGAGTGACAGAGACGCTCAGGCTGTGTTCTCAGG,719.4829705244042,9.49081672992898
8241,ENST00000306910.8,ENSG00000171574.17,ZNF584,58401504,58418327,15.74404398852652,2332,2830.69,126.936,1.01031,GAGCTAGCGGCGCCCTCCCTTATCGCCTTGGCAACGACCCAGCCGCGCCGCGAGGAGAGCCGGGAATGGAGGTCGTGGCGTGAGGGGCGCCGAGCGAGGGGAGGCGCGGGCCACGGGAGTTCCGGGAGTTCCGGCGTTGCCCGGCAGTCCGCAGTCCTCGGCGGGAAGGCTGTCCCGGCGCCTCAGGCAGCTCTGCGTGGGCCGGGGTGACTTCCTCGCGATCCCCTGCGCGAGGTGAAGGGCAGGGACCTTTGCCGCGCCTTCCACGCGCCGTGCCCCACCGGCGAGTGGCTCCATCTTCCTCAGACTTATCGCTCGCGGACAGGCGCCGTGGGTCTCCCGGGCCTCCGTACCGTCCTCCTTCCCAGCGGCTCCGGGAAGCGGTTCCCTGTCTTCGGACGCATTTCACCCGCGCGGGGAGAGCTTCCCGGGAAGGTTCCACGGCGGCCGAGGGTTTCCGCGCCCGGGACGCGTTTCGGCTGAGGCCGTGGGTCCAGTCCACGGGTTCTGCCCGCACGGTCCA,15.583379347454267,3.9619362191181002
8242,ENST00000253024.9,ENSG00000130726.11,TRIM28,58544091,58550722,696.2193558939055,2960,3931.43,4453.03,25.5192,GGCGCGCGGGCGAGCGGTTGTGCTTGTGCTTGTGGCGCGTGGTGCGGGTTTCGGCGGCGGCTGAGGAAGAAGCGCGGGCGGCGCCTTCGGGAGGCGAGCAGGCAGCAGTTGGCCGTGCCGTAGCAGCGTCCCGCGCGCGGCGGGCAGCGGCCCAGGAGGCGCGTGGCGGCGCTCGGCCTCGCGGCGGCGGCGGCGGCAGCGGCCCAGCAGTTGGCGGCGAGCGCGTCTGCGCCTGCGCGGCGGGCCCCGCGCCCCTCCTCCCCCCCTGGGCGCCCCCGGCGGCGTGTGA,27.282177963803935,4.769886915648122
8243,ENST00000588649.6,ENSG00000099821.13,POLRMT,617224,633604,6.813713095182719,3835,5576.89,670.136,2.70728,CCTCCGTCGACCATGAAACCACAACTCCCGGCAGGCGGCGCGGGCGCATGCGCAGGCGCGGGCCGGTGGGGTGGCCTGGAGCGGCGTGCGTA,2.516811373475488,1.3315970954226617
8244,ENST00000292363.9,ENSG00000070423.17,RNF126,647526,663277,42.73148654615689,1694,2275.89,804.504,7.96415,CGCAGCTTTCGCCGCTCCCGCGCCCCCGCTCCGCCCCGCGTGCCGTGCGTGCCGTGCGTGAGCGTGCGCGGGCGCGTCGGCCGGCGAGGGAGCAGCAAACGGCCGGCGGCGGGTGCCGCGCGGGGGGCGGGCGGCGCGGAGTAGGTGGCGGCGGCC,5.365479874959272,2.423707207750426
8245,ENST00000361574.9,ENSG00000198858.9,R3HDM4,896503,913245,14.170327136457638,1815,2552.29,203.955,1.80039,CGGGCGCCCGTCACTTCCTGCCCGGCCCGGTGAAGGCCCTGCCGGGCGGCGGCGGCGGCGACAGCGTGCGAGCC,7.870698646658579,2.9764917029924116
8246,ENST00000356663.7,ENSG00000182087.12,TMEM259,1009648,1021179,72.10037807886826,2748,3886.54,1930.87,11.1931,GGGCCGCTCTTGCCCGGCGTGGCGACTCGCTAGCGTCAGCAGCGCCGCAGCCGGACGAGAAAGCGGAAGATGGCGGCGGCGGCCGGGAGGCCGTGAGGAGAGCGGCGGCTGCGAGGGCGGCCGATGGCGGCCGGGAGGCGCCCTCGGACACTTGCGGGTCGTTAGGGCGCGACGCTGGGAGGC,6.441502182493524,2.6873971694758714
8247,ENST00000615234.4,ENSG00000099817.11,POLR2E,1086579,1095380,274.4216730170392,2831,4212.49,504.66,2.69912,CGCGGAGAAGGGGTGCGAGCGGCGGCGGCGGCGGAGGCTGCC,101.67079382059308,6.6677614966830285
8248,ENST00000361757.7,ENSG00000064932.15,SBNO2,1107636,1174283,5.7167379346884,4923,7673.1,563.527,1.65465,GTGCGCGGGGCCCCCAAGATGGCGCCCGAAACCCGGAAGTGAGCGGCGGCAGCTGCGAGGCTCGGAGAAACAGGCGCCGCGGGCTCCGCGCCCGGCCGGACCCGGGCCCGAGATCATGATGCTGCCGCCACCGCCGCCACCACGGAGCGAGAAGCCCAGATAGACGCCCCGGCGGCCCCGGGTCCTGGAGTCCCGCCGCCTGCTGCCCGGCCGAGGACCCCACCCCGCCTGCCGCCCG,3.45495297173928,1.788666073015767
8249,ENST00000252288.6,ENSG00000130005.11,GAMT,1397084,1401570,59.90392784511173,1053,1478.09,548.852,8.36597,CAAGCCCCTGCAGGGAGCGGGCCCGGGCGGCGCGCGATCGAGGTCGGGTCGCCGTCCAGCCTGCAGC,7.160428240253279,2.8400458726312237
8251,ENST00000588427.5,ENSG00000119559.15,C19orf25,1461143,1479556,13.748913968464391,853,890.735,53.81,1.36106,CTGCGTCGTCGACGCTGGGCTTTCGGGTCCCGCGCCCAGAG,10.10162224182945,3.3365150920532827
8254,ENST00000585937.1,ENSG00000267059.2,AC005943.2,1573596,1605490,700.7510578019056,1002,1226.46,439.597,8.07538,TGGACAGGGTCATCCTGAGGGTGCGACTCCGCCGCG,86.77623316821075,6.439228057079238
8255,ENST00000592965.2,ENSG00000071655.17,MBD3,1573596,1605490,23.49972029441589,568,549.028,36.6659,1.50463,TTGCGTGCGTGTGCGCCCGGCGCGCGGAGGCCCAGTGCGCGTGCGCCGCTTGTTGGGCCGCATGGCTTTCGGCCGGCCGTTCAGGGACTGGCTGCCGGACGGCGACTGCGGCCTTTGTTCGTGCGCGCTGGGCCAGGGGCGCCTGGCGGCGGCCAGATGCTACCGGGGGGCAGGGGTGGAGGGTGGGCTGTCCCTTTGGTTCCCGTGAGACGCAGGGGGTGCCTTCTTGGGGCGCTCCTGGGGTGGCGCGGAGCCCGAGGGGGTGGCCAGCCGGGATTTCGGGGAGCAGGGCTCATGGGCGGATCGGGGAGGGCGTGCGTGAAAATACGGGTTCTTGGGCTCGCCCCAGTCCTGGGAATAAGCGCCTCAGGGTGACTGGTCTCCCACGCAGCGTTGCTTTTTTTAAAGCCCGAGCGGGAAGAAGTTCCGCAGCAAGCCGCAGCTGGCGCGCTACCTGGGCGGCTCC,15.618271797329504,3.9651629192148423
8256,ENST00000262965.9,ENSG00000071564.14,TCF3,1609290,1652605,28.20685799518205,4451,7042.02,669.699,2.14262,ACGCGCCGCGTGCCCGGCCGCGCCCAGCAGGGTTTCCAGGCCTGAGGTGCCCGCCCTGGCCCCAGGAGA,13.164657286491328,3.7185980593009567
8258,ENST00000170168.8,ENSG00000079313.12,REXO1,1815246,1848463,4.284008902842456,4591,7371.53,691.626,2.11386,GCGGCGGCGGGGTCCGTGAGGCGCGGGCGGCGGCGACCGCGGCGCCAGTGAGGGGGCCCTGGGGCCCGGGCGGCTCCGGGCCGGGGCCCCGCCGCGGGACGGACC,2.0266284914055124,1.0190816473990185
8259,ENST00000250916.5,ENSG00000129911.8,KLF16,1852399,1863568,26.82996764419609,2890,4859.14,250.634,1.1621,CGCCGCCGGCCGGACGGACGCCGCTCCCGCCGCCTCCGCTCCGCCCGCCGCGCCGCGCGCCCTTGCTCGGC,23.08748614077626,4.529039190057637
8260,ENST00000255608.8,ENSG00000133243.8,BTBD2,1985438,2034881,31.287648792514087,2649,3788.17,1523.54,9.06121,CGCCCACGCCGCAGCCACAAA,3.452921717134255,1.7878176265219028
8261,ENST00000309340.11,ENSG00000099875.14,MKNK2,2037465,2051244,10.027316187123173,1744,2250.78,292.345,2.92635,GGCCCAGGTAGAGGGGTCCGCGCTGGCGGCGGCGGCGGCGCTGTTCCCCGCGCGGTCCGCGGAGCGGGGTCCGGGCTGCGCGACGTGGGGCGGCGGCGGCACTGCGGCCCCGGCCCAAGCCCGACCCCGGGTCCCCTCCTCGGCCGCCCCCCGCCCGGCCGCCCGCCCTCGGGCCTCCCCCCGGGCCCTCGGTCCCCTCCCCCGCTGGCGGGGCCCGGACAGAAG,3.4265607965975273,1.7767612845978213
8262,ENST00000357066.7,ENSG00000172081.13,MOB3A,2071038,2096673,21.127665839243583,3391,4632.11,410.683,1.99751,GCGGCCGTGTCCCTCCGCGGCGGCTGCGAGGCGGTGCGGCGGCTGAGGCGGCCGAGGCGGCCAGTTGGGTACCGGGAGGGGCGAAGGCGGGCGGCAGAGGCGATCAGAAGTTTCCAAGGGTCACTTGTGTCTCGTCCGTGGGAAGACCGGGGGAGCCCAGAAGGCCTTGGTGTGGAATTCTGAGAGCTGATTCCTGCCTTGTCTTCTCCACTGTTCCTGGAGGAATCCGAGAAGAGCAGAGCGGAGGGAGCCCCAGACACGGTCCGCGGGAGAGCTGTGGGGCTTGGTGAGTGTTTCGTGGCCTCTCGGGTTGGTCAGCACCCCCAGCCAGCTGGCCCAGGACCCCTCTACAGAAGTCCAGGAGAGCAGGCGTCACCAAG,10.57700128622314,3.402858758000228
8263,ENST00000355272.10,ENSG00000065000.15,AP3D1,2100988,2164465,61.8906939245908,5034,7081.6,5039.63,16.0336,AGGGGCCCGGAGCGGGATCGCGGCACCTGCCGAGCGGGTCGCCGCCTCTGCCGCGGTCCTTGGACCCCGCCGCCGCCCTGGCCTGGGAGCTTGCCCCGCCGCAGCGGCCGGCAGCGCGGCGCTCCGCGGGCGGCAGGCACGGGCCCCGGGCCCCCTCACGGCGCCCAGCCGCGGGCCTCCCGAGGCAAAAGCCCGTGGGCCGCCGCG,3.860062239583799,1.9486241096734027
8264,ENST00000587962.6,ENSG00000104886.10,PLEKHJ1,2230084,2237704,7.181583702666088,1311,1701.58,83.0713,1.09992,ATTTTTGGCGCCGGCCCCAGCCTGAGCGGGGACGGCGGCCGGGAGGGCGCGGCCCGGGTTCCCGTTCCCCGCGGAGCC,6.529187306955131,2.7069034295677876
8265,ENST00000252622.14,ENSG00000130332.14,LSM7,2321517,2328620,245.5580990724773,529,425.244,461.31,24.4409,GGGAGGTCAAAGGGCGCGGGGCGGTGCCTGCGAAGAGCCACACGGCGCGACAAG,10.047015415654796,3.328695090369016
8267,ENST00000215570.7,ENSG00000099800.7,TIMM13,2425624,2456996,564.0102422529108,1973,3088.45,764.818,5.57929,GTGCGCATGCGCGGCAGGCCCTTCGGGACGAGCTGGAGGCAGAGCGTGAGTACAAAGTGATCGGCCTCGGCCGCACGTAGTAGCCCCCCTACTCCCCGGCCAAGTCAGGGCCTCCCTCTTCCCGCGGAGTCGCAACCACGGGTAGCTCGTGTAGGTAACGGCAGGTCCAGGCCTCCGCATGAGCGGAGGGCCCCCCGCGCGACCTTGAATGGCCCGGGCGCGCGCGGTCGTGTGGGAGTTGTAGTCCTCCGTCCCCGTCCGCGCGGACTCCGTTTCCCGTGGTGCCCCGGGCGGCCCGCTTCCGGCGCAGTTAGTTACGAGTCGGCGCACGCGGCCTCGGTCCGGTTGACTTTGCGGAGCC,101.08996704830018,6.659496009884897
8268,ENST00000325327.3,ENSG00000176619.11,LMNB2,2425624,2456996,118.266026683812,4671,6986.13,3278.72,10.5738,GCCGCGGCGGGCGGCGGGCGCGGCGCGGCGCGGCGCCATCTTGCAGCCGGCGGCGCGGATTGA,11.184817821768144,3.483469852869364
8269,ENST00000323469.4,ENSG00000176490.4,DIRAS1,2714567,2740152,19.15878112042324,3424,5107.91,468.739,2.06752,GGGGACGGCGCGGGCGCGACTGCGGCGGCTCGGGCGGGCGGGGGGCGGCGGCGCCAGCGGACACCGGAGCGGGCAGGAGCAGCGGCCGCGGCGCCGCAGGGACCAGCGGGCCCAGGCTCGGTCTGGGGTTCTTGCAGCTGGCACCAGCCCTCCCGGCCCCGGCCGCCCACCCGCCGCGGGGAAG,9.266551772376198,3.212032589512398
8270,ENST00000269740.8,ENSG00000141873.10,SLC39A3,2714567,2740152,36.18886958543971,1502,2013.11,388.579,4.34885,TGGAGTCGCATATGAGTGGCAGGTTTCGCAGCCAATAGTATGGAAAGTTCTGCCAGCGGGTCTCGGGGAGGCCAATGGGCAGGGGCGTGGGCGGGGCGTGGACCAGCCGCGCCGAGCGGGGCCTCTCCGGGCCGCGTCTGTGGGGTCGAGACTGCGCGGCCGTTGGGCGTGCAGCGGCGCCAGTCGGCGGACGAGGGGCCCCCGGGAGTTGCTGGACTGAGACATGAGCCTCCAACTGTGTGGTTGGGCTCGGTAGCACATCGTGGGACTTGGGTGTGCGCCCACAGATGGTTTGGCCCTGCAGTGACCAGAGCAGCCCAAGCCGCCACC,8.321480296041416,3.0568401901206874
8271,ENST00000221566.6,ENSG00000104969.9,SGTA,2754714,2783371,156.1128231812259,2330,3179.66,3187.06,22.5824,CATTAACGCGCCTGTGCAGAAGGGAAGCAACTCCGGGCGCCTTTCTTTTGCGCAGGCGTCGCGCCCTGGGGCCGGGGCCGGGCGGCACCGCGGTGCGCAAGCGCAACCGTCGGTGGGTCGGGGATCGGTCGCCTGAGAGGTATCACCTCTTCTGGGCTCAAG,6.913030642501502,2.7893183205079572
8272,ENST00000314531.4,ENSG00000175691.8,ZNF77,2933218,2944971,7.594645878999178,2002,2035.92,138.0,1.52714,ACCCCGAGCGGCTCAGGTGTCCTGTCGTGCTCACCTGCGCCGGTCGCTGGACCGCGGGGCGCTAACCCTGGAGAGCCCAGGAGCGGGCGGGAC,4.97311698927353,2.314150369982325
8273,ENST00000327141.8,ENSG00000104964.14,AES,3052910,3063107,70.87907750674387,1608,2108.69,1075.52,11.4912,GCGCACGGGGCACGGGCGGCGGCAGGTGGAGCCGAAGCCTCCGCAGCAGCCGAGCCGCGGCCACTGCCGGCGTCGCCGCCATTAGACAATAGCGGTGGGGCCGGGGAGCGGGGAGGCGGGCGGCGGGGAGGGGCGGGGAGGGGCGCCGGGCGCGCAGGAAGCGGGGCCCGGGGCGCGCCGGGGCCGGGCGCGCGGGGAGGGGGCGCAGGAAGCGGGCGAGGCCGGGCGCGGGAGGCGGCGGCGGCCCCGGGAGCTGCCGATCGGCGCCGGGACAAAGGCGCGGCCGCCCGGCGCCCCCAGCAGCCCGAGCCGGGGCGCACAGCCGGGGCGCAGCCCGCGCCCCCCGCCGCGATTGAC,6.1681179952262495,2.6248303640693385
8274,ENST00000355415.6,ENSG00000161091.12,MFSD12,3538261,3574290,20.08332174080472,2124,3303.77,385.575,2.62942,TGGGGCGGACGCGGCGGACGTGGGTGAGGGCGCGGCCGTAAGAGAGCGGGACGCGGGGTGCCCGGCGCGTGGTGGGGGTCCCCGGCGCCTGCCCCCACGGCACCCAAGAAGGCCTGGCCAGGGTACCCTCCGCGGAGCCCGGGGGTGGGGGGCGCGGGCCCGGCGCCGCG,7.6379284179799045,2.9331813992077
8275,ENST00000429344.6,ENSG00000105298.13,CACTIN,3610641,3626815,8.004424868229135,3612,5558.52,384.923,1.56019,CCCAGCGCAGGCTTCGGCTATTGGTGTTGGTGCCGCGGCCACTGGCCCAGCCG,5.13041672375104,2.3590760150860532
8276,ENST00000335312.7,ENSG00000186111.9,PIP5K1C,3630183,3700479,6.620751725416477,5080,7879.74,571.641,1.63446,CTCCCTTGGCCGGCGGCGCTTGTTGTTCGGCGGCGGCGGTCGCAGCTCGGGTCCCCCTCGGGCGCCCCCGCCGCCGTCCGCGCGCGGCC,4.05072728939006,2.0181809604901226
8277,ENST00000316757.3,ENSG00000011132.11,APBA3,3750819,3761699,7.022322395573713,2075,2996.48,186.914,1.40538,CATGCTCAATGGGCCAGGGCTCTGCGCGGATAGAGGAGCGGGCGCCGGGACCGGGAATCCCCGAGCTGCGCCTTCTGGGGACGCGGCCCGGGCTACGTCGGGGCCGTCCGTGGGGAGCGGGGTCCTGGAGGCTGCGCGGGGCTGAGGCGGCCTCGATTTGGGAACTGCCTGAAGATGCCGGCCTAAGCCTGGAGTCCAGGC,4.996742799508826,2.3209879592339133
8278,ENST00000310132.10,ENSG00000007264.14,MATK,3777970,3802129,5.82718324555351,2133,3019.22,178.559,1.33244,GGCCGGCGGCGGCGGCGGCGCGCGGAGGAGACCGCAGTGCGGCCGGCGCTAGGACCCGCGGGGGCCTCCCAGGCCGCGGCGCCTCCCGCTTTCCCCCACTCCCCGACCCTTCTTCGCCCCCAAAATGAGGAAACGGAGCAACTCGCTCCAAGTTGTGCAGCCGGGACCGCCTCGGGGTGTGCAGCCGGCTCGCGGAGGCCCTCCTGGGGGCGGGCGCGGGGCGCGGCTCGGGGGCGCCCCCTGAGCAGAAAACAGGAAGAACCAGGCTCGGTCCAGTGGCACCCAGCTCCCTACCTCCTGTGCCAGCCGACTGGCCTGTGGCAGGCCATTCCCAGCGTCCCCGACTGTGACCACTTGCTCAGTGTGCCTCTCACCTGCCTCAGTTTCCCTCTGGGGGCG,4.373317556928274,2.1287281097207407
8279,ENST00000309311.6,ENSG00000167658.15,EEF2,3976056,3985469,1593.0732818388788,3164,4509.4,50015.8,249.891,AGCGTTCTCTTCCGCCGTCGTCGCCGCCATCCTCGGCGCGACTCGCTTCTTTCGGTTCTACCTGGGAGAATCCACCGCCATCCGCCACC,6.3750726590348545,2.6724417849882633
8280,ENST00000322357.8,ENSG00000178951.8,ZBTB7A,4044364,4066945,14.063352301621828,5422,7797.31,985.119,2.84647,GGCGGCTGCGGCACCTTTAAGACAAGGGAGGACCCCTCTTGCCCTCGGAGAAACCAGGAAGGGAGTCGCGAGCATCATACGGGGCTTTGGCTGTACTGTACAGTTACTGTAGGGGCAGTGACGCCGCCGCCGCCGCGCGAGGGAGCGACCAGGGCAGCGCGACGCGGGCAGAGCGAGCGCCGCGGACCCCGGAGGCGAGCGGCCGAGGGAGCCCAGTCCCAACTTCGGGCCCCGGCCCCGCGCGCCCCGGCCCGGCCCCGCGAGGTCTCGGCGCGGAAG,4.940629025291616,2.3046947328821936
8281,ENST00000262948.9,ENSG00000126934.13,MAP2K2,4090321,4124129,51.81729792667525,1734,2259.81,809.621,8.07183,CCCCTGCCTCTCGGACTCGGGCTGCGGCGTCAGCCTTCTTCGGGCCTCGGCAGCGGTAGCGGCTCGCTCGCCTCAGCCCCAGCGCCCCTCGGCTACCCTCGGCCCAGGCCCGCAGCGCCGCCCGCCCTCGGCCGCCCCGACGCCGGCCTGGGCCGCGGCCGCAGCCCCGGGCTCGCGTAGGCGCCGACCGCTCCCGGCCCGCCCCCTATGGGCCCCGGCTAGAGGCGCCGCCGCCGCCGGCCCGCGGAGCCCCG,6.4195229491546835,2.682466091045314
8282,ENST00000337491.6,ENSG00000077463.14,SIRT6,4174109,4182604,16.978240509895222,1641,2438.99,224.747,2.07609,GCCCCGCTTCCGGCGGAAGCGGCCTCAACAAGGGAAACTTTATTGTTCCCGTGGGGCAGTCGAGG,8.17798867577765,3.0317460651373604
8283,ENST00000269886.7,ENSG00000141985.9,SH3GL1,4360370,4400547,44.24432940625489,2516,3670.41,1599.14,9.81597,AATATCCTGGCCGCGCGGGCGCGCGAGCGGCTGAGGCGGCGCCGGGGCGGGCGCGGAGCTGGCAAGCGGGTGGCGGAGGCGGCGCCGACGGGGACTGCTGAGGCGCGCAGAGGGTCGGCGGCGCCCGGGAGCCTGTCGCTGGCGCGGTCCGGGCGGGAGGCTCGGCGGCGGGCGGCAGC,4.507382297037877,2.1722898185135495
8284,ENST00000301281.10,ENSG00000167671.11,UBXN6,4444999,4457822,19.340123251668302,1943,2866.87,635.078,4.99092,TTTTTTTTTTTTTTTTTTTTTTTTTTTAATTTTCTTCCGGTGGCTGGTCTCCGGCGGCCCCGTCCCCGACTGGGCCCCGTGCCCCCCCGCCCCCGCGGCCCCCCGCCGCCGGGCCAGCCGCCACC,3.8750617624943504,1.9542193048989307
8285,ENST00000262947.7,ENSG00000074842.7,MYDGF,4641374,4670370,277.3057788397657,1018,1114.04,854.108,17.2732,GTCTACCCGCCCCTGCCCTGAGGACCCTAGTCCAAC,16.054105715198443,4.0048703976849565
8286,ENST00000262960.13,ENSG00000142002.16,DPP9,4675224,4724673,25.205108982280795,4295,6183.87,1031.08,3.7566,AGGCCGCCGCCTGGGTCGCTCAACTTCCGGGTCAAAGGTGCCTGAGCCGGCGGGTCCCCTGTGTCCGCCGCGGCTGTCGTCCCCCGCTCCCGCCACTTCCGGGGTCGCAGTCCCGGGCATGGAGCCGCGACCGTGAGGCGCCGCTGGACCCGGGACGACCTGCCCAGTCCGGCCGCCGCCCCACGTCCCGGTCTGTGTCCCACGCCTGCAGCTGGAATGGAGGCTCTCTGGACCCTTTAGAAGGCACCCCTGCCCTCCTGAGGTCAGCTGAGCGGTTA,6.709553580972367,2.7462167801448905
8287,ENST00000221957.8,ENSG00000105355.8,PLIN3,4838341,4867768,18.37753931103814,2333,3043.04,358.062,2.65102,TGGCGCGGGCAATCCCTCAACCTGATTGGTCCCCTCGCCCGTCACTCCAGTGCGCCCCCAACCTACCACGCAGTAAAAGCCACCCCCGCCTCGGCCCGGACGGTTTCCAAGCTGGTTTTGAAGTCGCGGCAGCTGTTCCTGGGACGTCCGGTTGACCGCGCGTCTGCTGCAGAGACC,6.932252231608265,2.7933241482473825
8288,ENST00000588012.5,ENSG00000105426.15,PTPRS,5158495,5340803,21.97950545221665,5993,8561.28,1015.56,2.67258,GAGATCGGAGGTCGCTGCCAAGC,8.224077652387075,3.0398538866359806
8289,ENST00000252542.8,ENSG00000130254.11,SAFB2,5586999,5624046,35.34179737577506,3371,4242.12,1160.63,6.16414,CTCCCGCCGGGAACTGCCGGGACGCATGCGAGCTGCAGATTCAGCGCTTGCGCGTTGTGCCGGGGAACCCGCGGTTGGTGGACGCGCGAGCGTCCTTGCTGCTAAGTACGCTAGTGGGGGCGGTGCGCGTGCGCGTGCGCGGCCGCAAAGCGGGGCGGGAGGAAACGAGTGCGTTTTCCTCTTAGGCGGCGCCATTTTGTGTTCAGAGCCGCTATAGCTGCCGGCGGTGTGCGACTGAGTCGGTGGCGAAGACGGGAACGCGACG,5.733451442662734,2.519403878975332
8291,ENST00000309324.8,ENSG00000174917.8,C19orf70,5678421,5680896,98.66701358692085,896,1033.29,492.467,10.7378,CCGGGCCCTTGGTCCCCCGCGCGGGCGCGGGTGGATCTCTCGGGCTCTGACTTGTTTTCGGGTCACCTTCAGGCTTCAGCCAGGCACCTGACGCCTCTTTCCCCTCACGGTGCCAGGGCCGGGCCGAACTACATTTCCCAGGAGGCTCCGCGGCCAGGTGCAAACAGCGCCGTGCTGACTACATTTCCCAGACAGCCTTGCGGCGGCCCGGGCCTTAAAGCGTCCATTTCCCAGCGGCCCTCCGCTGCGAGACCGCAGCCCTTCTCTGGAGTCTCAGAGCCGCAAGACACCACGACTCCCAGAGGACCTTGCGTCGGGCAAGAAAGACTACACCTTCCAGAGGCCTCTGCGGCGCCGCGACAGGAAGCGGCGGGCGAGCCGAGTGTCCTTGCGCGTGGATCCGAGCGACC,9.188755013775712,3.1998694037204434
8292,ENST00000360614.7,ENSG00000196365.11,LONP1,5691834,5720572,53.92943523182981,3236,4570.9,895.191,4.41241,CGAACTCCGCCCCCTCTTCTCCGCGTAGGCCCAGCTCCCTGAAGCGGCTGTTTCGAGCCACGCGCCCATCGGGTACCGAGGCACGCGCCGGGCGTCACGTGCGTTTCGCGGCGAGCGGAAATGACGCGAGTTGTGTGAGCCGCCAGTATGGCCGGGCT,12.22221761618476,3.611434168391639
8293,ENST00000309061.11,ENSG00000141994.15,DUS3L,5782960,5791238,26.085627284081134,2113,2908.7,389.86,3.01976,GACATGAGCATGCGCACTTCCCCAGCACAATCAGGGAAGACACGCGTGACCCGGAAGGTCTTCCCGCCACACTCCAGAGCGGATGTGAGGGGCGCCG,8.638311416828202,3.1107493275909164
8294,ENST00000308961.4,ENSG00000174886.12,NDUFA11,5865826,5904006,504.38422676375393,539,494.295,1441.14,65.6875,GCTTCCCGAGCTGGCGGGGTCCGTGGTGCGGGATCGAGATTGCGGGCT,7.678541986888737,2.9408323958452085
8297,ENST00000034275.12,ENSG00000031823.14,RANBP3,5916139,5978142,14.463770804244172,1762,2284.8,137.679,1.35763,TAAA,10.653691215017474,3.4132814666491256
8298,ENST00000252674.8,ENSG00000130382.8,MLLT1,6210379,6279948,32.1908942591525,4507,7051.99,1489.7,4.75937,GGTTCCGCGGGGCTGGCGGGCGAGCGGGCGGCCGGGATCGGCGGCGGCGGCGGCGGCGGCGGCGCTTGACAGACAATGAGGGCGGCGGGGCGGCGTTGAGCGGCGGCGGCGGCGGCGGCGGCGGCGAGCGACGCGGGGCCCGGGGGCGGGGCGGGGCGCCAGCC,6.763688105600637,2.757810134189381
8299,ENST00000394456.9,ENSG00000125651.13,GTF2F1,6379569,6393981,72.55803475012299,2731,3952.03,1789.32,10.2007,GGGTGCTGACGTCACGAGAGAGGGCGGTCCCCCATTTGATGAAGTTAACCGCGTTATATACAAGAGCGCCAGCGACAGAGGCCCGTTAGTTTATCTCAGACTCGGCCTAGGTTTGCTGAGTCTAAAAAGGGACCGCGGTGGACCTTTTGAGGTGACCATAGCCGCCGAGGAGCATAAGTGACTGCGCACTGAGGTGGCCACAGTCGCTAAGAAGGTTGCCATCGCGACGCGGCTGCTCGAGGGTTTCGCTTCCGGGTTAGGCGGCCGCAGAAGCGTAGACCGAGTAGCTTGAGCGCCTCTTCCGGTTACCTTTTCCCAGCGCCAGAGGCGCCTAGGGTTGGGGTCCTCGCTCAGGCACAGAGACCCGACACCGAGCGGCGGCTTCCCCGGGATCGAGGGACGCGCACGCCAGAGGAGACGAAAGGAACCCGGGTCGGACCAGATCGGAACCACTGACCATTGCCC,7.113044668515199,2.830467223409349
8300,ENST00000398148.7,ENSG00000088247.16,KHSRP,6413348,6424794,229.8048961375284,2993,3793.69,6821.65,40.5126,TGTGGAGCGAGGCCTTGTTCCCGCGTTGAGCCGCCGCCGCCGCCGCCGCCTCCTCAGCTTCAGCCTCCGCGCCAGGCCCGGCCCCGCCGCGCC,5.672430210293301,2.5039669540724674
8301,ENST00000301454.8,ENSG00000125648.14,SLC25A23,6436079,6465203,3.5312551959175345,3425,4812.57,1897.77,8.8844,GCGGCCGCGGGAGCTGACCCTGCGGGGTCCCGGGGGGGGAGGGGGAGCCGCGAAGCCCCCACTGAGGCCGCCGCTGCCGGGCCTCCCCTCCCCCCCGGGCGGGCGCC,0.39746693034054464,-1.3310932632158592
8302,ENST00000264071.6,ENSG00000104833.11,TUBB4A,6494319,6502848,17.585735941072063,2552,3359.01,284.503,1.90826,ATTTCTGCGGGTGGCCAAGCCTGGCTGGGGGCTGGGACGGGGGAGACTGCACTGGTGGCTCCCTAAGGGGCCTCACCCCCAAGGCAGGGGTCGGAGCACGTGGCGTCCCGGACTTCTCTGGGAGGCCCCCTGGGGAGGGAGGTCCCTGCACCACCTCCCCCCACCCCAGCCCCCTCCATCATCCCGGGGCGGGACCAAGGGGCGGAGCGGGAGGGTGACCGGCCGTGACGCGTGCCCCGCCCGCTCATATAGCGGCTCCCGGGGGCGCAGGGACCGTGCTCCGCCGTCTCCGCCGCATCTTCCACCCTCGCCGCCGCCGCAGCTCCCCGCGCTCGTGCCACCGCCGCCGCGTCCACCCTCAGCGCCACCGCC,9.215586943640837,3.2040760544846894
8303,ENST00000245903.3,ENSG00000125726.10,CD70,6583183,6604103,3.3660827877615733,913,991.536,44.8048,1.01807,CCAGAGAGGGGCAGGCTGGTCCCCTGACAGGTTGAAGCAAGTAGACGCCCAGGAGCCCCGGGAGGGGGCTGCAGTTTCCTTCCTTCCTTCTCGGCAGCGCTCCGCGCCCCCATCGCCCCTCCTGCGCTAGCGGAGGTGATCGCCGCGGCG,3.306337273234231,1.7252338987390978
8304,ENST00000358368.4,ENSG00000076924.11,XAB2,7619525,7629565,51.24253114969831,2667,3475.09,839.128,5.44031,AGCGCGCGACTCTCTCCTGTACCTGGGCATCCAGAAAA,9.419046184812686,3.2355809734143257
8305,ENST00000318978.5,ENSG00000178531.5,CTXN1,7924485,7926166,45.85914102778161,1274,1997.48,289.0,3.25969,ATAGGAACAGCCGCGGCGGCCCGGCTCGCGCGCTGCTTGCCTGCCTCGGTCTCCGCCGCTCCAGGGGCGGGTGGGGTGGGCTGAGCCGGAGCCCGGGCCGCCGCCGCCGCCGCCGGGGAGAGGCCGAACGCGCAGCCGGCGCGGGTCCCTGAGAGAGCGCGGCCGCCGGGCGGTCGGTCCCCGTCCGGGTCGAAGCCAGGGGCGCGCGGCGATGTGAGCC,14.068558981922088,3.8144026582803723
8306,ENST00000270538.7,ENSG00000104980.7,TIMM44,7926718,7943920,59.15855026442605,2075,2598.62,502.854,4.35974,ACAGATCTGACCCTCCCAGGAGTGCCCTCCCCCGGGCCACATCCAGTCACGGGCCCCGTCCTTCCAAAACACTGCCCTATCAGAGGTCAAGCTCTCTAGGCATTCCCTACCCTTTTAATGCCCCGCCCTATGACGGACCCAATCGGAGGGCTCTCCCTACCCGAAACCCCGCTCCTGGAGCGGCTTTTCTCAGGCTTGCGCGGCTCTAGGCCGAAGCGGCGGATGACGCAACCGGGCCGCGCCGCGAGAAGGTCACACGATTCTCCAAC,13.569284008777139,3.7622726930031307
8307,ENST00000407627.6,ENSG00000066044.14,ELAVL1,7958579,8005659,323.1314332225666,6015,6363.63,1692.18,5.99105,CCGTCGCCGCCACCGCCGCCACCGCTACCGAGGCCGAGCGGAGCCGTTAGCGCCGCGCCGCCGCCGCCTCCCGCCCGCCCCGGAGCAGCCCCGGGCCCGCCCGCCCGCATCCAGATTTTTGAAAAATACA,53.935692945738495,5.75316841412646
8308,ENST00000301458.9,ENSG00000167775.10,CD320,8302127,8321396,214.07308953534823,1250,1568.33,960.657,13.8005,TGCGCGTGCGCAGGGATAAGAGAGCGGTCTGGACAGCGCGTGGCCGGCGCCGCTGTGGGGACAGC,15.51198069166684,3.955311007670219
8309,ENST00000255616.8,ENSG00000133250.13,ZNF414,8509678,8514164,4.086522592057651,1178,1628.6,115.666,1.60013,ATGGCGCTGACGTGAGCGCGAACTCGCACTGCCCAGAGGGTGGCCGCCGCCTAAGCTGCAGCCGCCGGAGCCGCAGAAACAAGAGGCCGAGCCGTGTCGAAG,2.5538691181701805,1.3526845910527072
8310,ENST00000253115.6,ENSG00000130818.11,ZNF426,9523224,9538645,9.826710787627356,7085,6654.15,506.279,1.71419,GTGAGCGCCTGAGAGTCTTTTTGCCTTTCAGAGTTAAGGCCTCACTGGCCTGGGAAAATAATTGCTGCCTTTTGCATCCGCGTTGGCTCCGTCCCCAGGATCTTCCCGGTTCAGGGACCTGGCGATTTCTGAGTGTTCCGGAATCCCAATAACCCTGTTTAAAGAGGAATGGAGATTGCCACTGTCCATTTAGATTAATGAGGTGTCCTGAAGTGATGGTGACATCAATGAAAGGAGGGTTCTGACACGTTCTCACCTCGCGGG,5.732568027830844,2.5191815702302938
8311,ENST00000586602.5,ENSG00000197961.11,ZNF121,9560353,9584533,75.996515396302,7177,6507.27,1635.78,5.66354,TTTCGCCTTTATCGTGGTGGAGTCCACCCTGGCTGTGGGGCTGTCGGTCCTCCTTGCGCGGCCAGTGGCTAGAGGCCGCAGGCTCAGTGGGTCCCAGTCAGGAGCCAGGTCGGGAAGTGTGTTTGTCCCGACTCCGCGCGTTTTCTGGAGTGGTTTCATCCGCTGTGCTCCCTTCTTCAAAAGCTTGGAAAGCAACCTTTGACCTATTCAAACTCAGTCTGTCTCTTGACTGGAGGAGGAGAAGGAAAAGTTGAGCACATTGCCAACCGGAGTTCCCCAAGAATGGCAAGTTAAAACCAAAGTGTCAGCACCTCAACAACATTTTTTTTTGGCTTAACAAAACATCAAACGGCATACAAATGATGGGACTGTCTAGTTGCAGGAAAACAAGCTCAGGCCTCCTGCTGATCCTATTTT,13.418553660131648,3.74615727165596
8312,ENST00000453372.6,ENSG00000171466.9,ZNF562,9641808,9675086,7.467190442350774,2111,1744.73,111.501,1.43984,CTTTATTGTGGTGGAGTCCACCCCGCTGTGGGCCTCAGATAACCCTGTACAAAGGGGAATGGAGATTGCCTGTATCCACCTAGATTCATAAGCTGCCCTGAGGCGATCTTGGCATCAAGAAAGACAGCATTGAGGCACATCTCACCATCAGCTTCAGAGG,5.186125154427418,2.3746570225223067
8313,ENST00000253108.8,ENSG00000130811.11,EIF3G,10115017,10119918,333.92016357497226,1103,1234.27,3106.99,56.7139,GCTCTCTGGCCGGGCTTGGGCTGCGTGGAGAATACTTTTTGCG,5.8878011135713155,2.5577289388353956
8314,ENST00000340748.8,ENSG00000130816.14,DNMT1,10133345,10231286,64.94516550404757,5408,7024.8,4550.2,14.5934,TCCGCGTGGGGGGGGTGTGTGCCCGCCTTGCGCATGCGTGTTCCCTGGGCATGGCCGGCTCCGTTCCATCCTTCTGCACAGGGTATCGCCTCTCTCCGTTTGGTACATCCCCTCCTCCCCCACGCCCGGACTGGGGTGGTAGACGCCGCCTCCGCTCATCGCCCCTCCCCATCGGTTTCCGCGCGAAAAGCCGGGGCGCCTGCGCTGCCGCCGCCGCGTCTGCTGAAGCCTCCGAG,4.45031079145693,2.153906091503054
8316,ENST00000590320.2,ENSG00000267534.2,S1PR2,10133345,10231286,4.122989749304932,3582,4821.94,239.947,1.12113,CGGCCGCCCTGGGGACGCAGACGCCAAGGCCCCTCCGGCCAGGGCCGGGAGCCGGGCCGGCCTAGCCAGTTCTGAAAGCCCCATGGCCCCAGCAGGCCTCTGAGCCCCACC,3.6775304820180823,1.8787372996239722
8317,ENST00000393708.3,ENSG00000267673.6,FDX2,10304803,10333640,25.32111550692076,1012,1256.63,165.07,2.95953,GAGTCACGTG,8.555789435120023,3.096900977051082
8318,ENST00000525621.5,ENSG00000105397.13,TYK2,10350529,10380676,7.534374582785603,4347,6418.72,643.122,2.25739,AAAAAAAAAAAAATCCAATGGTGACGAGCAGGGAGAACAGAGCAGCTGCCAATGGGCGTGTGCGTTTCAGGCGGCCAATGGGAGGAGGCGTCTCGGCGGGGGACAAGCAGTAGCTACCCGCGGGAGCGGGGAGGGGTCCGGGTTCGAGCTTGTGTTCCCCCGGAAGGGTGAGTCTGGACGCGGGCGCGGAAGGAGCGCGGCCGGAGGTCCTCAGGAAGAAGCCGCGGGGACTGGCTGCGCTTGACAGGCTGCACTTGGATGGGAGCACCTGGTGCCTCGGGACTGCTCCGATGCCCGGGTCTGTGCTGAATGTGTAATATGCGGAACTATATTGAAACATTACAACCATCTTTTGATGGCAACACCCTGAGGACCTCCCTTTTCCAGATGGGGAAACTGAGGCCCAGAATTGCTAAGTGGCTTGCTTGAGTTGACACAGGGAGCTCCAGGACTCACCCTCAGCTGAGCCACCTGCCGGGAGC,3.3376486042666986,1.7388320722656072
8319,ENST00000222005.6,ENSG00000105401.7,CDC37,10391134,10420121,231.1550533808733,1608,2033.98,2789.01,30.8934,TGCTGCCGCCGTCGCCGCCACCCGAGCCGGAGCGGGCTGGGCCGCCAAGGCAAG,7.482344234719173,2.903490340427383
8320,ENST00000393623.6,ENSG00000079999.13,KEAP1,10486120,10503741,47.35521645434966,2648,3660.66,852.383,5.2461,GTGGGCGGGGGTGGGGAGCGGCCCCTCAGCGGTCCCTACCGCCTGAGGCCAGGGCCCGGGGACTTTTATTGTGACACGGCGGGCGCCCGGCTCTGCTTAGTCATGGTGACCTGCGCGCGCTCCGCGCCTCCCCCACGCGCAGCGATGGAGGCGCCGGGGCTCGGGCGGTGGAGGCGGAGCCGGAGCGCGGCCATGGCGGGGTCCCTGAGTGCCAGAGGTGGTGGTGTTGCTTATCTTCTGGAACCCC,9.026746812746547,3.1742061424408603
8321,ENST00000312962.10,ENSG00000129347.19,KRI1,10553078,10566037,28.454167483559598,3023,4230.19,786.307,4.18789,TTCCTCAATGCGCGTGCGCA,6.794392279539242,2.764344515745537
8322,ENST00000214869.6,ENSG00000099203.6,TMED1,10832438,10836318,48.374512425592194,1340,1823.66,262.024,3.23712,ATACAGAAGCCACTGCCAATGAGCTCCGCCGAGTAGCACCGGGGCAGGGCTAGCGCTTAAAGGAGCCGCGACCCCTTTGCAGACCAGAGGGTGACCCGG,14.943688348158917,3.9014643678383942
8323,ENST00000253031.6,ENSG00000130733.10,YIPF2,10922185,10928681,33.68444086470211,2087,3024.42,413.027,3.0768,GGATGTTGCTGTCAGGTCTGAGTCGGTTGGAGTCTGACGGGTAGGCGAGACGCGCAGGCGCAGAGAGCCCCAGCCACGCCGGCCCAGGTGGCCTCAGCGAGGGATGCGGAGACGCCCCTGAACGACC,10.947881196276038,3.452579779014764
8324,ENST00000592540.5,ENSG00000161888.11,SPC24,11131520,11155808,137.19897912429954,2315,2625.15,863.05,7.40702,CAAATTTGCGCGGGTTGGAGCCTGGCGTAGTC,18.52283092583786,4.211232703774455
8325,ENST00000586659.5,ENSG00000197256.10,KANK2,11164267,11197791,11.636453335628287,5162,7497.02,408.843,1.22865,GCGGGACCCAGGGAAGGCAGCGGCCGGAGCGCGCAAGGTGTTGAAAGACAGAGAAGCGAAGACAGAGACGTGGAAAGACAGGGAGAGAGACACGGAGAGAGACGCAGAAGGACAGAGACGTGGAGAGAGACGCAGAGAGACAGAGACGTGGAGAGACACAGAGAGACGTGGAGAGACACAGAGAGACTTGGAGAGAGACAAAGCAAGACAGGACGGGAGAACAAGGACAAGCTCAGGTAAGCCTCAGCCGGTGCTGCAGGCAGTCTGACTCGCAGTCCCTCAAGTGACTTCCAAGGAGCATCTGTAGAAAAGAAG,9.470926086052405,3.243505502191212
8326,ENST00000593256.6,ENSG00000105518.13,TMEM205,11300777,11346518,57.87319258507294,792,873.567,224.537,5.79101,AGCTGGGAGGCGGGACGAATTATTGGTTGGGGGAAACCCACGAGGGGACGCGGCCGAGGAGGGTCGCTGTCCACCCGGGGGCGTGGGAGTGAGGTACCAGATTCAGCCCATTTGGCCCCGACGCCTCTGTTCTCGGAATCCGGGTGCTGCGGATTGAGGTCCCGGTTCCTAACGGACTGCAAG,9.993626774098637,3.321008339625581
8327,ENST00000270517.11,ENSG00000130159.13,ECSIT,11451326,11529174,77.56302069942755,1700,2266.0,480.104,4.7735,TTGATTTGCTACCTCCCTGGAGCTCCCTGACCCGGACGCTCTCTGGGCCAATATGGCAGCGCCCAGCAACAAGACAGAGCTGGCCTGGAGTCCGCGGCTGGCCGCGTGAGTAGGTGATTGTCTGACAAGCAGAGGC,16.248668838258627,4.022249626006485
8329,ENST00000252445.7,ENSG00000130165.10,ELOF1,11551147,11559236,205.9892325961996,1019,1482.2,977.941,14.8651,GAAGTCACTATCTCCCGGGTGAACGGAGCTTTCGCAGCTGGAGAAGGCTCATCCACCTGCAGAC,13.857238269248077,3.7925678536416894
8330,ENST00000341191.10,ENSG00000197933.12,ZNF823,11721265,11739009,3.04414946373251,2423,2228.98,121.511,1.22821,AAAGAGCCCGCGGAGTCTTCTCCACGCCCCTGCGCTCTGAGTCCTGGCTCTGGCGCTGAGAGAGAGACGCCCTGGAAGGTCTGTATCAGCGTCTGTCGCGCTGGGACCCACACTGGCTTTTAAGGAGGACACCCGGACACCTGGAAGCTGGGAA,2.4785252226675487,1.3094819404431945
8331,ENST00000301547.9,ENSG00000180855.15,ZNF443,12379189,12640098,1.6514487762917238,2663,2175.3,101.242,1.04858,AACTGTCAATCAGGCACTGCCCAGAGAAGTGTGTGTGGTTGAAAAAGCCCGCGGCGTCTGCTCCACCCACCTGCGCTCGGCTCTGGGTTCTGTAGCTGAGAGACGACCTGGAAGTTCTGAGGCAGCCTTTGTCTGGCTGGAACACGCATTGGCAGCGGGAGCTGTCGGTAGGACCTGGGACACCGCGGAAGTCGGGAA,1.574938274897217,0.6552952875048095
8332,ENST00000339282.11,ENSG00000249709.7,ZNF564,12379189,12640098,5.8357660509773455,2935,2533.13,143.212,1.27375,AGGAACTCTGCAAGGGGGACAGGGGCAATGTTCAACAACTCCGCGGGGTCTTCCTGTTTCGTGTCCGCTGCGTTTGGGTTCCGGTCTCCGCTTCTCCAGTGGCCCCGGTGGCTCCACCGCAGCGTCTGGCGCGCTGGGACCTGCACAGGCCGGAGAGAGCCGTAGGCAGGACCCCGGGACACCCTGGAAGCCAGGAA,4.5815631411009585,2.195839902070327
8333,ENST00000456935.6,ENSG00000104774.12,MAN2B1,12643275,12671356,28.03555655085937,3184,4270.79,1030.69,5.43725,CTTTCCAGGGCCGGGGAACCCCAGGAGGAAGCTGCTGAGCC,5.156201489881718,2.3663086412739287
8334,ENST00000596731.5,ENSG00000105583.9,WDR83OS,12643275,12671356,380.29957614792505,2562,3228.0,329.36,2.29878,TTTAGAAATCATTTTATCTTTTTTTTTTTGAGATGGAGTCTCACTTTGTCGCCCAGGCTGGAGTGCAGTGGCACAATCTCGGCTCACTGCAACCTCCAACTCCCGGGTTCAGGCGATTCTCCTGCCTCCGCCTCCCGAGTGGCTGGGATTACAGGCTCCCGTCACCACACCTGGCTAATTTTTGCATTTTTAGTAGAGACGGGGTTTCACCATGTTGGCCAGGCTGATCTCAACCTCCTGACCTCAAGTGATCTGCCCACCTTGGCCTCCCAAAGTGCTGGGATTACAGGTGTGAGCCACCGTGCCCGGCCAGATTATTATTATTTTGTAGACAGTCTGTCTTTCACCCAGCATGGAGTGCAATGGTGCCTCGAACTCTTGGACTCAAGTGATCCTTCCACTTCAGCCTCCCAAGTAGCTGGGATTACAGCTGTGTGCCACTGTGCCCAGCTGAGAGTAGGTTTTAATCTGAGCATGGGGGCAGCTATGATTCCCCGTAGCACCTGGGGTGAGACCAGGTCCTGGCTCCACTCACCCTGCCAGGATCTCGTGGTCTGACACCTTCACACTGGACACGCCATCTCTGGCCTCATCCAGCGTCTGCACTGGCTCAGGCCTCCGTGAGCGGCAATCCCAACAGCGGATACTGGAATCAATAGAGCCTGTGAGGCCAGCATGATGGTGAGGTCAGGTTTGGAGGGGGAGGGCAGCACCCTGGGCCCCCGTGCTTAGGCCCCAGACTCACCGGACAGGATAACTGTGGCCTCTTCATTAAACTGCACCGTGTTCACCTTCTGAGAAAGTTATTGCCACTCAGAGGAGGCTGGACTTTGGAGGACTGGGATAAAGGCAGGGTTCCCAGTGTCGGTTAAAGCAAGGGCGAAGGGGAGGTGAAAGGTTTTGGGGGAACAGCAAGGACAGGGGTTGGTGACTGCCTAGCCTGGCATGCGGAGTGGGGGATCGTCATCTGGGGAAGGGATCCTTACGGTGTAATGGGGGTGGCCGTGTCACCACCTATGCGCTAATACGGGTCCCCTCCACTCAAATGAGGGTCTCCAGGCTTTCACTCACCCCTGCGTGGCCCCGGAATTTGCGCACGACCTGCCCTGATGCCACATCCCACAGAACCACCGCCTTGTCCCCGCCGCCGGAGCAGAGACTACTGTTGTCAAAGGAGCTGGAGTAAAGGAGGAGGAGGATCAGCATCGACCTCGGATCCCAGCCTCAGCGCTCCCATCCCAGCCTGGTCCCCGGCTCACCCGGCCGCATCCAGCACCTCGTAGCCGTGGCCGCTGTACGTCCGCAGCAGCGTCCCCCGAAGCGGGTTCCACAGCTTCAGCGTCTTGTCACTGCCGCACGTCAGGCAGTAATTGCCATCCACTGGGGAACACCAGGCGGGGGTTACTGGGCCGTCGATCTCAGGAGGCGGGAGGAGGACCCGGAATGAAGACGAAGGCGCTCACCATTAAATCGTACGGCTCGCACTGCCCCCTGCCCGCAGTCCAGCGTCTTCAACCGTTTCTGCGGCAGCTCTGGAGGCCGCGGCTTTGGCTCAGGGAAAGCCATGCTCCCAGGACTCCTTCCTTGCAGCCTTAAATCGGTCTGTACGGAAAATTCCGCGCCTTAGAAACCCACGCTTGGGTGTAACCTTATTATTGTTCTTCCTGACCTACTTCCTGTTTATCACTTCCGGGTTCATCATTTTGGCATTTCGGTGATCGGGTTGGAACTATTGAAGCCCGCTTTCAGGTTCTTTTCCCCATTTTCCCTTTGAAAGGAAGACTTCTGGCTTCTCCTAAATCTCCGTTCTCTGGGTAAGGGGAGTCCAAGCCTCTGTCATGAGGAACGGAAATGCGAGGGCCTCGGGTGTTACTCTAAAATCCGCCCTCAGCTTGCACGCCGGAAGCTGCGATTCCTGCAGCGGAAGAGGCGTGATCTGGCCTTCGACTCGCT,165.4353944909583,7.370124118321041
8335,ENST00000210060.11,ENSG00000095059.15,DHPS,12675717,12681902,80.96000126526148,1363,1591.43,461.886,6.53898,TCCGGTCTTTCGCCCAAAGCACGTTCCCTACTTCCTGTGCTCTTGCGGAGACGCGCGCGTCGGGGTTTAACGCGTTTCTGGGCCGCCGTAAGCCCGGCCTAGGGGCAGCTTTGACTCGAGAGCCGGCTATAGGCGC,12.381136089307734,3.6300717967747183
8336,ENST00000393261.7,ENSG00000132004.12,FBXW9,12688053,12696643,12.541757393242792,1738,2464.49,125.64,1.14858,GGAAGTGCCCTCGTGCTGCCTAGGAGACAAGACGCGAGGCCGGCAGCGCCCACCCGGTCGCA,10.919359028750973,3.4488162667877367
8337,ENST00000425528.5,ENSG00000105576.15,TNPO2,12699194,12724011,34.33770322434922,5122,7020.07,343.419,1.10216,AGAGGGAGGCCTTTACGCATGCCTTGGTGGCGGCTTTCTGCACGTGTTTCTCAGCCCAGGTTTCAGTCCAGCGGAACTGGCTACCTCGGAATCCCAACTGCTCCTTTAGGGTGTCTTCCGCGATTCTCCGAGTGGAGTTAGGCGCCTGCCGACACTTCCCTAACCTTGGAGGCCCGGGACTTGATTTTCATGAATGAACGGAGCCGGGACTGACTTTGCCTACGGCAAAGAAGGAAAAACGGTGCCCTACTGTCTTCAGACGTCGCAAGGATCAAGAAGATTTCTTTCTTCATGACCCTGCCCTTGCCAGAATTTCCTGCGCTGTTCCACCTCATTCAACTTCAGCTTGCCTTGCGCC,31.154916912561895,4.961387964254737
8340,ENST00000242784.4,ENSG00000123144.10,C19orf43,12730640,12734775,358.2584870455976,970,1048.2,2589.75,55.6643,CGCTGGAGGGCCTGACCGCTCTTCCCGGCATGCATTGTTCGGGACGAGGCGAGTCGGGCGCCAAGCGCGGGGCCGGAGCGGCCTTCCCGGAGTCCTTTGCGCGGCACCTGGCGACAAA,6.436054833090465,2.6861766174054713
8342,ENST00000334482.9,ENSG00000167815.11,PRDX2,12763003,12872740,462.78806920319903,784,835.593,99.95,2.69495,CGGGTCCACGCGTGTGATCGTCCGTGCGTCTAGCCTTTGCCCACGCAGCTTTCAGTC,171.72417640520197,7.423949355058403
8344,ENST00000222219.7,ENSG00000105612.8,DNASE2,12875211,12881468,43.26276197273668,1955,2560.65,463.834,4.08107,GTGAAAGGCGCCAGGTGCCAGTCCTGGCCTCTGATGTAACCCAGCGCCCCGCAGTCCCGACACAGATTCCTGGATCTCAGCCCCATAGCAGCT,10.600838008840006,3.4061064109409633
8345,ENST00000314606.8,ENSG00000179115.10,FARSA,12922479,12934037,147.45519843778746,1814,2464.6,3015.64,27.5674,GAGCACACTGGAAGGAGTC,5.348897554277424,2.419241572472384
8346,ENST00000316939.2,ENSG00000179271.2,GADD45GIP1,12953119,12957236,367.6465355024512,1782,2439.51,1177.44,10.8743,CTGTGAGGACCCCGCACAGCCAAG,33.80875417290779,5.079324949873968
8347,ENST00000589083.5,ENSG00000104915.14,STX10,13144058,13150383,1.6822147271201615,1241,1761.35,91.3715,1.16877,GCCCGCGAACCCAGGCCGGGAGGGGGGTTCGGCCTGGGGGGGAAGGGACTGAC,1.43930347897376,0.5253708182414896
8348,ENST00000533683.6,ENSG00000141858.11,SAMD1,14087840,14091036,32.86097567771442,2164,3043.36,747.0,5.53004,GGTCTGTGTGTGCGTGCGTGCGAGTGAGTGAGTGTGTGCATATTTTTTTCTCTCTTTTCTTTCTCTCTCACTGTTTTTTCCTCTCTCTCTCTCTCCCTCTCTCTCTCTTTTTTTTTTTTTTTTTTTTGCAAAGAAACAGCAGCGCCGCCGCCGCTCCGCCGAGGCGCTGCGCCCCCCGGGGGGGGAGGCGGAGGAGGCGGGCAGCGGCGGAGGGAGGGGAGCCGGGGAGGGGGGCGCCGCGCTGGGAGGGAGGCAGCGCGCACGGTGCAGCCGGGCCGGGCGGGAGGC,5.942267267092901,2.571013495149448
8349,ENST00000308677.8,ENSG00000072062.13,PRKACA,14091688,14118084,80.53599290122834,2677,3732.99,1464.45,8.83853,CTTGGGCTGAGGTTCCCGGGCGGGCGGGCGCGGAGAGACGCGGGAAGCAGGGGCTGGGCGGGGGTCGCGGCGCCGCAGCTAGCGCAGCCAGCCCGAGGGCCGCCGCCGCCGCCGCCCAGCGCGCTCCGGGGCCGCCGGCCGCAGCCAGCACCCGCCGCGCCGCAGCTCCGGGACCGGCCCCGGCCGCCGCCGCCGCG,9.11192165453173,3.1877553426227956
8350,ENST00000263382.7,ENSG00000105011.8,ASF1B,14119509,14136956,126.61380117858792,2059,2801.67,2331.02,18.7452,CGCTGCGCGCTGCGGGATGCATCTCCCGGAAAAGCGAGGCGAGGGGCGGGCCACGCCGGTGCGGGAACCCTCAGGATTGGCCAGAAGGAGGCCGGCGCTGTGACTCCGTCCATTCCCGCCGTTGACATCCAAGTCGGAGACGCTGGGGATTGGTTTCCAGCGGACACGCTAAGAAGCTTGGAGATAGTTTCGCCCTCCTCACACGCTGCGGAGAGGGAGCTCCGCTGATTGGTCCGAGGAGTCTGGGCGCGCGCCGATCGGCGCTCCAGGACTGGCTGAGGGGGTGCGCGCGCCGCCAGGGAGCGTTGGCGGTGATTGGCCAGAGGGCGGAGGCCGGCTATTTGAAGGCGGCGCGCGGACTAGGTGCGCACTTCAGTTCTCGGAGAGAAGAGGCGGGAGTGGACCTGGTCAGCCCTACCCCACTGACCCCACCGGACCCAGGCGCGGCCTCCGCCACAGCCACAGCCCCTGCCCCTGCTGCGGCGCGGCGAGGCGAGGCG,6.754465205950746,2.7558415467136532
8352,ENST00000340736.10,ENSG00000072071.16,ADGRL1,14147743,14206187,2.7679879378136847,7853,12476.3,1105.94,1.99714,TCTTTTTTTTTTTTTTTCCTAATTTTTGGTCGGCGGCGGTGCTGGGCCAGGGGAAGGAAGGGACACGGAGGCCGCCCTCGTCCCGCCACCTCCTACCCGCTTCCCCCCAGCCCCGGCTCCGGGAGATGTGCCGGGCGGGGGGCCCGGGTTCGCCGAGCCGCAGGAGAGACACGCTGGGCCGACCCCAGAGAGGCGCTGGACAGGCTGGTGGTCCAGGCCGTGGTGCCTGCCAGGTGATGTGGGGCAAAGCCCCCCGCACAGGCCACTGAGAGCTCCGGACACGCACCCGGCTGCCACC,1.3859759144645267,0.4709021864906322
8353,ENST00000242776.8,ENSG00000123136.14,DDX39A,14408819,14419383,191.9764866811485,1471,1557.51,1044.66,15.1114,AAGAGGCAGGAAGCGCAGCAACTCGTGTCTGAGCGCCCGGCGGAAAACCGAAGTTGGAAGTGTCTCTTAGCAGCGCGCGGAGAAGAACGGGGAGCCAGCATC,12.70408345230412,3.667220389482592
8354,ENST00000345425.6,ENSG00000123159.15,GIPC1,14477760,14496149,151.28475120792874,1782,2506.56,468.55,4.21153,GGCCCGGTCTGGAGTTTGCGGAGGGCCGAGCCGGGTGCGCACGGGGAGGCGGAGGCAGCGGCGGCGGCGGCGGCGGCGGCGGCGGCGGCGGAGCAGATCTTCTGGTGACCCCACTTCTCGCTGCTC,35.92156560868111,5.166778324884515
8355,ENST00000254322.2,ENSG00000132002.7,DNAJB1,14514770,14529770,109.58375418587836,2264,2797.21,1259.0,10.1406,AGAGTCCGGGACTGGTCGGCGGCGGAGCCGGGGGACGGCGACAGCGGGTCGGCGGGCCGCAGGAGGGGGTC,10.806436915555132,3.4338190128150523
8356,ENST00000215565.2,ENSG00000099795.6,NDUFB7,14566078,14572062,238.2178528130804,531,449.598,821.0,41.1416,GTGGTTCCGGGTAGGAGCTAGGTGACCCTCGGCTGCTGCAGGGATCTGCAGCGACTGCAGCC,5.790194178473381,2.5336117308782744
8357,ENST00000263383.7,ENSG00000105135.15,ILVBL,15114984,15125785,45.94664190578998,2304,3232.2,399.79,2.78673,TGCGCATCGGGCCGGACTACGGGGCGCCGCTGAGCCAAGTGGGCCACCCGGGCACGGCCACGCTCCCGGGTCACGTGACACGGAGGGGGCCGAATTCTGCTGGAGGCAGCGCCATATCCTGGAGGTGAAGGTACCACCTC,16.48765467260552,4.043314288517587
8359,ENST00000371835.8,ENSG00000141867.17,BRD4,15235519,15332545,21.771251479152404,4624,6287.31,421.566,1.51065,ATTCTTTGGAATACTACTGCTAGAAGTCTGACTTAAGACCCAGCTTATGGGCCACATGGCACCCAGCTGCTTCTGCAGAGAAGGCAGGCCACTGATGGGTACAGCAAAGTGTGGTGCTGCTGGCCAAGCCAAAGACCCGTGTAGGATGACTGGGCCTCTGCCCCTTGTGGGTGTTGCCACTGTGCTTGAGTGCCTGGTGAAGAATGTGATGGGATCACTAGC,14.411843563467649,3.849182991798402
8361,ENST00000269701.6,ENSG00000105127.8,AKAP8,15353385,15379798,16.57418926055431,3670,4149.34,593.88,3.22465,TGAACGCATGCGTGCTGTGGTCGCCTAGTAAACGGGGCTGCTGGTGGGCCGCGTCGAAGAC,5.139841303879277,2.3617238159092633
8362,ENST00000397410.9,ENSG00000011243.17,AKAP8L,15380048,15419141,23.38099640164694,2146,2748.74,862.497,7.06945,GAGCCAATGCGGTCGGGAGGCGGGGCTCGGGTGTGTGTGGAGGGGACCCTGTGGTTAGCAGCAGCTATCGCAGCGTCGGATGTTCAGAGCAGCAGAAGCCGGCGTCGTCGGATGTTGTGTTGCCCGCCACC,3.307328915495115,1.7256665293987075
8363,ENST00000599686.3,ENSG00000011451.17,WIZ,15419980,15449951,9.322251139450932,3644,5713.22,1096.86,4.32548,CCGCCGCCGCCGCCCCCACCCCCGCCGCCGCCGCCACCACCACCGCCACCGCCACCGCCGCCGCGGGACGGGCCCAAGGCCGAGCCGGAGCCGGGGCCCGGGCCCGCGTCCGCTCCCGCGCCCGGCCTGGGTTCTGAGGAAAACGCA,2.1551946002411135,1.107818141299302
8364,ENST00000455140.6,ENSG00000127527.13,EPS15L1,16355239,16472085,12.530814031889667,3266,4137.86,283.393,1.54303,AGTGCGCACGCGTGGCTGCAGCCCCGCCCCCGTTCCCCCGGCGCTCGGAGCCCGAGTCCGCGGGAAG,8.120914066408085,3.021642122097104
8365,ENST00000546361.6,ENSG00000085872.14,CHERP,16479057,16660442,52.38816923127095,4173,6063.27,1932.79,7.18191,GGAGTTTCCCAGCGACGGCCGTAAGTGGCGGGCGGAAGCGGCCCTAGAAGCCCGCCGTAAACGGCTCCCTCGCGCCACTTCCGGCCGGCTTCCGCAGACGGCGCTGGTGGTCGATCGTGTGGCGCCGGAGGACGTTCCCCGCGGCCGGAGCC,7.294461951106453,2.866801567026234
8366,ENST00000595753.5,ENSG00000127526.14,SLC35E1,16479057,16660442,17.702463088210514,5099,6026.67,956.801,3.5769,GGCGGCCGCTCGGGCAGG,4.949107631807015,2.307168417873883
8367,ENST00000263390.7,ENSG00000105085.10,MED26,16479057,16660442,7.010705389911644,3174,4396.54,218.256,1.11845,TCACTGGAGTTTGGTTCTCGAGGCGGCGGCAGCGAGCGGCGGCGGCTCCGGCGGCTCCTCCTCCTCCTTTGGTGGCGGCGGCGGCCCGGGACCGAGACCCGGCCCCGGCTCCCCTCTCCGCCACCCCGCGCGCCCCCAACCCCCCGGCGCCGCGGGGAACATGCGGCTCCGGCTCCCGGAGGCCGGCGAGTGAGTGACCCCCGTCCCCCGCCTCAGCCCGCCCGCCCGCTGGCCCGGCCGCAACCCCCCGCCTCGCCCAGGCA,6.268233170827166,2.6480588473502538
8368,ENST00000253669.9,ENSG00000131351.14,HAUS8,17049729,17075625,18.85099199513518,1568,1718.55,223.25,2.92679,GCGAGACCAAGTGCGAGGGGAGGACAGGCGAAGCGCGCGTCTGGGGCCGCGCTCTCCACACTTAGCCGGCGCTGCCTCACGCCTCGCAGCCACCCCTCCTGCGTCTCCACAAATGGTCCGACCCGCAAGCAAGGGGGCGGGTCCGGCTTTGAAAAGCCGGCGGGTCGGGCCTTGAGGTGGAAGGCGGGAAA,6.440842012968194,2.687249304570739
8369,ENST00000291442.3,ENSG00000160113.5,NR2F6,17231883,17282786,25.92067804482489,2404,3484.3,1060.0,6.85413,GCGAATGGAACGCTGTGTGTCAAACCGGCCGCAGCGCGAGGCCGGCGCGCGGGGTCGGTGGCGGTGGCGGCGGCGAGAGCGAGGCTTGGGCCCAGGCGCAGGCCCAGGCCAGGCAGGAGCGGCCGCAGCGGGGGCGGCAGCTCCAGAGGCGCCGGCCCAGCGGCCCTGCAGGCCCGGAGCGGCAGCCGCGGGCGCCGGGGGACCCAGGGGGCGCGGCGATCAGCCCCGGCGCGCACCCGCCGCCCCTCCCCCCCCGCCACGGGCGGCCGCGCAACTTGCGGCCAAACTTTCCCCCCGGCCTCCCGCGCTCGGATGGCGGCCCGCTGAGTTGGCCGCAGCCCCCGGGCGAGCGGCGGCCAGGCCAGAGGACGCCCCCTGCGCGGCTCGGGCCGGGCCATGGCCCGCGCGCCCCCGCCGGGGCCCCAGGGCGGCGGGACGCGAGTCCTCTGGGCCCCCGGCCCGCGCCTCTAGCGTGCCCCTCCCGGCCCCGGGCCCGGCCCCGCGCACGCGTGGGAAAGTTGGCCTGGAACCGGCCCGACCAGTTCCGCCCGGGCGCGAGGACCGGCCGCAGGAAGTTGCTGCAAAACTTTTTTGGGGGGTGCAGCCCGTGCCCCCCGCGCGCCGGGGCCGAATGCGCGCCGCGTAGGGTCCCCCGGGCCGAGAGGGGTGCCCGGAGGGAAGAGCGCGGTGGGGGCGCCCCGGCCCCGCTGCCCTGGGGCT,3.7817604925533788,1.919057997040435
8370,ENST00000247706.3,ENSG00000127220.5,ABHD8,17292131,17310236,9.802301803238668,2090,2750.04,382.176,3.13102,AGTGCCCGCCCGTCGGCACGTGGCTCCGCCTACTCGGGGGAGGAACTTAAAGGGCCGGCTGTTTCGGCGGCCGCGGGATGCCCCTGCGCTGACCGCCAGGGGCAGGTGCCCGCCCGCGTAGACGCACCCGGCCTGACCCCGCGCCACCATGTAAACGGCGCCAGCAGGCGGACGCTGGCTTCTCCGCCTGGGACCCCTCCGCCCCGACCCGGGCCCCGCGGCCCTCGATGAGGACACACC,3.130705585795897,1.6464878425923537
8371,ENST00000252818.4,ENSG00000130522.5,JUND,18279760,18281622,83.12795304459549,1863,2474.82,1375.57,12.5228,AGGAGCCGCCGCCAGTGGAGGGCCGGGCGCTGCGGCCGCGGCCGGGGCGGGCGCAGGGCCGAGCGGACGGGGGGGCGCGGGCCCCCCGGGAGGCCGCGGCCACTCCCCCCCGGGCCGGCGCGGCGGGGGAGGCGGAGG,6.638128297552902,2.730776513184611
8372,ENST00000593829.5,ENSG00000130520.10,LSM4,18306230,18323274,324.82467943980566,1908,2356.06,414.337,3.96214,ATTACAAGCCGCGGCACTTTACGGCTCTCGTCCTCGTTCCTCCGGCGGGAACACGGCCCGCCCCGCCCTTTCGCCCAGCGGGCCCCGCCCTACTCCGCGTGGATTGGTTGACCGCCCTTCGAGCCCGGTGCTGACTGGCTTGCGTCTCTGCCACTTTCTTTCAGCTTAGTGGCGCGCGGCGCGGCGACGACCGCCGGGAGCGTGTGCAGCGGCGGCGGCGGAAGTGGCCGGCGAGCCCGGTCCCCGCCGGCACC,81.98213072728517,6.357237581197462
8373,ENST00000338128.12,ENSG00000105655.18,ISYNA1,18434388,18438301,222.6913414797721,2420,3645.71,442.561,2.73498,ACTTCCGCCAGGCGGGGACCCGATGGCCACGGTGGCTCTGGGTTGTCGGGCCTCGAACCGGGTCTCCAGACGTTGGGCCCCTCCCTCCCAGCGCGGGAGAGGCGGGGAAGGGGGCGGGGCGGGGGAGGGGCCGCAGCGCTTTTCTCCGGAGGTCGCGCGCCCGAGAGCCCGCGCTGTCCGCCGCCGCTGCCTGAGTCGACTCTGCGCCGCCCGCCGCG,81.42338937753551,6.347371372081168
8376,ENST00000608443.5,ENSG00000105701.15,FKBP8,18531751,18544077,79.12156187878782,1849,2801.75,1377.35,11.0758,ACGCCCGGGACGGACGTCTGCATGAGCCAACGGGTGCGGCAGTCGCGGCAGCGGCGGCCAATGGGCACGGCAGGGGCGGGGCCAAGCGGCCGAACCTGGTTCCCGAGGCGCGGCGGCCGCGGCTGGGGGCGGGGAGGGGGGCGCAGGACCCCAAGTGGGGGTCCCGGAGCCAGAGGGCCAATTCCTGTCCCCCCAGCAGC,7.143643066757058,2.8366599977766076
8377,ENST00000429504.6,ENSG00000223802.7,CERS1,18868545,18896727,17.232207841368705,2094,2926.07,241.7,1.86103,GCGCGGCTCCGTCGGCTACCGCGGGCGGGCGCAGGCGACGGGCACGGCGGGCGAGCGGGCGGT,9.25950029895741,3.2109343386617195
8378,ENST00000262812.8,ENSG00000105669.13,COPE,18899514,18941261,164.4409129312212,1141,1485.64,1159.12,17.5784,TCCGGCTGACGTGTCTTTCAGGAAGAGGAGCTGGTGAGAAGACAGCGAA,9.354714475220794,3.2256936201716346
8379,ENST00000162044.13,ENSG00000064545.14,TMEM161A,19119169,19138513,41.15607728072207,1820,2641.28,250.589,2.13751,GAGTTTCCGCAGAGTGCCCGGAGCCCTAGGCCGGTGGGTGAGTGCACCGCGTTCTCGCACGCGTC,19.254215082372514,4.267102406292839
8381,ENST00000331552.11,ENSG00000184162.14,NR2C2AP,19201416,19203424,27.295813968669258,1293,1550.72,154.642,2.24676,CCAAGCCCACGCGGTTCCGGGTCCCAAGATTTGGCTCCAAGAGCTATTCGCAGAGAAACAGCCTCGCACAAAAAGCCACCGCCCCCGAAACCCGCGGGAAATCTGTTTCCTGTGAAAGGCCTGGCCTCCGGGCATTGGCGGTTTCCCTGATCCTCTCTCCCAAATTTTCCGGCAGGGGATTGATCGAGGCGACATTTAGGACTGGGGTGGGCGAGGGAGTGGCGGTTCTCGTCCCAAGTTACAGGTGAGGACGTTCAGGCCAAGGCGTAGCCAAGATCGCGCCGCCCTGTAGCTTGAGGAGGCGCCGGGATTCGAACCAAGGCTGTGCCCAATCCTAAGCCCTGCGAGGTCTTGTGGAACCGAC,12.148967388002838,3.6027617908158076
8383,ENST00000588731.6,ENSG00000105705.15,SUGP1,19276018,19320844,11.065986881416926,2282,2965.35,133.652,1.01546,ATTGTGGGATTGG,10.897511355855402,3.445926801954151
8384,ENST00000357324.10,ENSG00000105726.16,ATP13A1,19645198,19663693,35.915133163167624,3861,5592.94,510.681,2.05718,CCGGAAGTGAGCGCGGCGCTAGGAAAG,17.45843006599696,4.125851926601918
8385,ENST00000344099.3,ENSG00000105708.8,ZNF14,19710471,19733097,2.479780662686499,2949,2327.66,135.143,1.30808,ATTCCTGGCCCATGGGAAGATTGCGTTTCACCTGCTCCTGAAGGCCGAAGGTGGCTCTAGCGCATCCTTTGTCGCGCCGTGACCTGCAGGTACTGACAGATCCGTAGGGAGGACACCGTGACTTCCCGGACGCTGGGAA,1.8957408283029318,0.9227617430970634
8387,ENST00000598046.5,ENSG00000182141.10,ZNF708,21291160,21329425,8.719771413045766,2630,2024.99,167.427,1.86279,AGCTGGGGACAGTTCACTCAGACACGCAGCTGGACCGGACAGGGCGGCTTCCGGGTTTGGCGCGGCCTTTGTCTCTTGCTGCAGCCGGAGCTCCGGTCTCGTCTTCACTGCTGTTTGTCCTCTGCTCCTAGAGGCCCAGACTCTGTGGCTCTGTGACCTGCAGGTATTGGGAGATCCACAGCTAAGACTCCAGGACCCTCTGGAAGCCTAGAA,4.681027605390713,2.22682527307013
8388,ENST00000358296.10,ENSG00000197020.10,ZNF100,21722766,21767628,7.95891523030912,5745,4235.93,428.99,2.28171,AATCAGGCATGCAGCTGGAGCGGACTGGACGGCTTCCGGGTTTGGCGGGGTCTTTGTCTCTCGCTGTAGCCGGAGCTCCAGGTTTTGCTCTCACTTCTCTGTGTCTTCTGCTCCTAGGGGCCTAGCCTGTGTGGCCCTCTGACCTGCAGATATTGGGAGATCCACAGCTAAGACGCCAGGACCCCCTAGAAGCCTAGAA,3.48813619185134,1.8024563702388963
8389,ENST00000418100.5,ENSG00000196081.9,ZNF724P,23221599,23274232,11.305381716505684,2764,2476.6,372.391,3.3877,CTCGTCTTCCCTGCTTTGTGTCCCCTGCTCTTAGAGGCCCAGCCTCTGTGGCCCTCTGACCTGCAAGCATTGGGAGATCCACAGCTAAGACGCCAGGGCCTCCCCTGGAAGCCTAGAA,3.3371850271587458,1.7386316776392483
8390,ENST00000611392.5,ENSG00000283201.1,RP11-15H20.8,23221599,23274232,10.026329560500557,1904,1750.39,109.957,1.41531,CCGCCACAGCTTGGGATCGGTCTCTGCTGTTTTACGTCCTCCACCTCGGGAGCCCCCGGTGACTGTCACAGCCTCTTGCCCTGTGATCTGCAGGTTCTGGGAGACGCACAGCTAAGATGCCAGGACATCCTGGAAGCTGGGAAAAGATGGAGTTTCACTCTTGTTGCCCAGGCTGGAGTGCATTATCCCAATCTCGGCTTACTACAACCTCCGCCTCCCAGGTTCTGACAACAAAGGAGATTGTGACATATTGCTGGGCCTAACACTAAGGTGATGTTAGTTATTTGCTTTGGCTGTGCCCTTGGAAGGCATTGAGACATACTGCTGTGCCCAGCACCAAGATGATGTAACGTGACTCTTCTGCTTCAGGCCTGCCAAAAGAAAAGATTGTGACAGATCACTGGACCCAGCACCTAGGGACCATTGACATTT,7.084193258367818,2.824603569668284
8391,ENST00000300619.11,ENSG00000167232.13,ZNF91,23304991,23395560,2.861694278391349,5489,4487.97,244.066,1.22523,ATCTAATCAGGGACGCTGGGCTGGGAACTGTCCAATCAGGCACAAAGCTGGAGCGGACAGGGCGGCTTCCGGGATGTGGCTGGGCCTTTGTCTCTCGCTGCCGCCGGAGTTTCCAGGTCTCGACTTCACTGCTCTGTGTCCTCTGCTCCAGGAGGCCCAGCCTGTGTGGCCCTGTGACCTGCAGGTATTGGAGAGCCACAGCTAAG,2.3356384339196308,1.2238169565962767
8392,ENST00000359788.8,ENSG00000197372.9,ZNF675,23525631,23687220,4.338256356210394,2301,1725.2,273.538,3.57225,GCTTCCGGGATTTGGCGGCGCCTTTGTCTCTCGCTGCAGCCGGAGCTCCAGGTCTCGCTTTCATTGCTCTGTGTCCTCTGCTCCTAGAGGTCCAGCCTCTGTGGGCCTGTGACCTGCAGAAATTGAGAGATCCACAGCTAAGACTCCAGGACCCCCTGGAAGCCTAGAA,1.2144324602730476,0.28028225783002264
8393,ENST00000304863.5,ENSG00000169021.5,UQCRFS1,29205321,29213541,162.3384166104391,3475,3504.49,3223.56,20.7239,GCGATTACTATGTGCTGGACTTCGTCGTAGTTGAGATATATTACCATCCTAAGTTAAACTATAATCGTTTATTGTTATCTCTAGGTCTTCCTAGATGAAATTTTTACCCTAAAGGATCGTAAAGTCGGCCCACCGGACGTCAGTGGGGTCCCCTGTTCAGCCCTCTCGTTCTTCTGGGGATCTCTCGGGACACTGACGAGGTGGCACCGGGACCTACAGGTGGGCCGCAAGCCCCGCCCCCAGCGACGGCTTGTAGCCCCGTCCCCCGACGCAGCGCCTCTCCAAGTTTGCCCCGCCCTGCAGGACTGCAGAATTTCCTTTCCGGCGGCGCGCTGTCGTCACGCGTCCCGCGCCTCCTCGCGCCTGCGCCGTGGTTGGAAGGTCGTCCCTGTGACCGGCTTGGCGGTTGGAGCGGCTGTCGCC,7.833391234779125,2.9696370148483933
8394,ENST00000240587.4,ENSG00000121297.6,TSHZ3,31274945,31349547,1.8758349247070143,5176,5941.68,393.737,1.49299,CTTCCCATTCCGCCGGCAGCGCGGTCCTCCTCCTCCTCCTCCACCTCCTCCTCCTCTGCCTCCTCCTCCCCCCCGTGCTCCTCCCTCCCCGAGCCTCCCTCGCCCGCCCTCCTTCTTCCCTCCGCACGTTCGGGGTTCGCGGCGGAGCGCGGCGCGGGGGGGACGCGGAGAGCCTGGGCGCAGCAGCATCCTGCGGGCGGCCGCTCTCCGGGGGGGAGGCTGAGAGCAGGCCCGCCTCGCCCCCCCGCGGGCCCGCCGCCCCCTCCCTCCCTGTCCTCAGCCCGGCAGCGGCGGCGGCGGCGGCAGTGGCAGTCGCCGGAGAAGCATC,1.2564283248427748,0.32932837249728014
8395,ENST00000306065.8,ENSG00000105186.15,ANKRD27,32597007,32676597,14.841060337205578,4450,4799.27,1192.47,5.598,GGAGTAAGGGGTGGGCTATAGGGCCAGATCGCCGCGCGAGGGTGGTGGGCATCGAGGTCCCAGCAGCGGACGAGGGAGGTGCCGCCGTCGCCCAGGATGGGCTGGGAATGAAGCGATGTAGCCTTTTAAGAGATTTGCTCTGACCCATCTGAAGTCCAT,2.6511361802796674,1.406610778680513
8397,ENST00000591863.1,ENSG00000121289.17,CEP89,32875925,32971991,12.646241982046392,2903,3856.02,907.122,5.30016,ATTGCGAAGAGAAAGCGTGAGGGCTGGGCCTGCGGCGGGCTTTAGGGAGTGGTCCCTGGCTGTGGATAGATCTGCTGATGAGTCCAGGCCCCGGTCCATTCTCCTCGCGCTGCAAGG,2.38601136230725,1.2546009132365323
8398,ENST00000254260.7,ENSG00000131941.7,RHPN2,32978593,33064888,28.41322515318239,3500,3686.85,834.718,5.10089,AGTCCGCCGTCCGCCCTCCGCGCCCGCGCCGCTAGC,5.570248555287879,2.4777417048508745
8399,ENST00000498907.2,ENSG00000245848.2,CEBPA,33299934,33302564,45.5315457351571,2631,3797.9,359.0,2.12967,TATAAAAGCTGGGCCGGCGCGGGCCGGGCCATTCGCGACCCGGAGGTGCGCGGGCGCGGGCGAGCAGGGTCTCCGGGTGGGCGGCGGCGACGCCCCGCGCAGGCTGGAGGCCGCCGAGGCTCGCCATGCCGGGAGAACTCTAACTCCCCC,21.3796248879672,4.418164635643755
8400,ENST00000244137.11,ENSG00000124299.13,PEPD,33386950,33521794,76.4158619166923,1910,2261.26,1190.19,11.8585,GCCGCACTTCACGTGACGCCGGTGCCGGGCGAAC,6.4439736827332545,2.687950602072453
8401,ENST00000404801.1,ENSG00000180884.9,ZNF792,34956354,34964049,6.473512319094599,3888,4568.31,212.18,1.04643,CGGGGAGGCTGAGTCCCCAGGAGCTGGGGACCCCGAGTTGGGGGCGGGGCGGCTGGGGCTACGCCCGTGAAGCTGCCCCGCCGGCTTTCCCGGACCGCGAGGGGGACAGTGAGGCCGGGACCCCCTCCGCGCCTTTGCACCAGCCGTGACCCCTTGCAACGGGGGTACCCAGCGGAGCTGCGCGCTCTCGGCGCCCCCGGAGCCTGCGCCCCGGGCCCCTTGCGCATTTTGCACGGGGGAGACTGAGGCTAGGAGTGCGACCCTCAGCCCGGGGTCACACCTCGTCTGGGGCACGGCCAGGTGGGTGGTAGCCTCAGCCTGCGAGACCCCCTACCCCCGCCCCGTGGTTTCCCGCACCGTGGGGCCCTGCTCTGACCACAGACTCCG,6.186283190557036,2.629072877439595
8402,ENST00000462721.5,ENSG00000161249.20,DMKN,35497220,35513658,345.02713508222223,970,1030.46,61.9055,1.35351,CTGGCCTTCTCC,254.91288212294126,7.9938604721394535
8403,ENST00000292879.9,ENSG00000161265.14,U2AF1L4,35738801,35745445,1.9723785176837552,729,694.32,31.86,1.03383,CCTAAGCAACGGAAGTGACGTAAGAGCAGCCAGACCTGGAGGGCTTGGGTAAAA,1.9078364118701867,0.9319374722335568
8404,ENST00000378875.7,ENSG00000239382.10,ALKBH6,36003307,36014239,57.95276305355743,973,1255.52,197.356,3.5415,GCGGAA,16.363903163506265,4.032444999830295
8406,ENST00000221859.8,ENSG00000105258.8,POLR2I,36113710,36115346,209.2495220831861,913,974.811,499.746,11.5502,AATCCAGAGGGGCCTTCCATAGTTCACGGTTCTTCCAATAGCGGCCCGGGAAAGGACCAGAACAGGCGGCGAAGACTGAAGCCCGGAGGTAGGAGTGGCAAGAGCTCGCCCAGTCCGCGAAGGGTAAACTCGCGCATGCGCACTGGCCTTCAACCAAGCCAAGCGCCTTGGCTTCTGTCCTGGATGCTCAGTGTTTTGCGGTTTACGATGCGCATCGTTTTCCCGGCTCTGGCACCAGATCCATACTATTCTGTAAACTGAGGCGGCGATGCCCAAAAATTGGAAGCAATTACTCTAAGATATCAAAAGATTGAAGCAAGCCATGAAACCTCTGCGCGGAGAGAGCCGAGCCCGAGGCGGCGGGGAGCCAGCACGTGTGCGCAGCTCCGCCCTCTTTTGGCGAAGCACCTAGGCCTGGCCCCTCCCGCGACCTGTAGCGCGGCGGAGCAAGCGCGGAAGGCTGGGAGGGCTGCGCGGGCTGCGCGTCGCC,18.11652803269087,4.179234589456621
8407,ENST00000270001.11,ENSG00000142065.13,ZFP14,36334453,36379199,12.278634639747738,7489,6558.88,324.71,1.11539,TTCTTTCCGGCTTCGCTGCTGGTGTCGGCTCCGAGAGCTCTGGCTTATCAGGACTCCATAGTTCTCCAACAGAGAAATCTTGAAAAGGACTGACCAGTTTTTGCAGTTCTAAAACC,11.008377912432186,3.46052999793184
8408,ENST00000392161.3,ENSG00000181007.8,ZFP82,36383120,36418656,32.27644794597616,2623,2267.35,402.071,3.99527,GCGCAGCCCGTTAGGCCCCGGGGATTGTGGCGTGACCCGGCAGCGGCTTCCTCCGTTCGGGCATCGCTGTGCCTCGGGTTCGCGCCCCGAGTGAGCAGTCCTGGCCCGGAGCGTCGGTCCTGGTAATCTGTAGGAAAAGCGCTGCGGCCCAGGGGGTAAAGAGAGATCAGCCTCTGTGGACTCGGTGCTTCTCCTGGCAAGTAAACCCCAAGGAGGACTGACCAGTTCTTGAATTTCTATACC,8.07866500786584,3.0141169086136315
8409,ENST00000434377.6,ENSG00000186017.14,ZNF566,36445119,36489902,12.163950680176836,5197,4181.59,336.269,1.81179,CTCGGCTTTGTGCGGCGGTGGAGCTCTACCCTTCTCCAAAAGAAGAGCCAAGAGAAGGTCCTTTTCTACAAATATCAGAGCC,6.713775150639332,2.7471242209065476
8411,ENST00000523638.5,ENSG00000254004.6,ZNF260,36510695,36528660,222.59165108765745,5666,4404.33,1102.05,5.63743,CCGGCTTGAGCCCAGCCAAAGGGATTACCCTCATTCCCGAACCGTGTCTGAGAGTCTCCTGGGGTTCCTGGCTTAGTATCGCACCGTGGCTGTTACATAAAGTCAGCACAGCGTGTTTAAGCTGATGTTACACCACTACCCAATCCCAGGGATAGAGTAAACTAAGACTAAGGCCTTACACCCCTGCCCCGGCCAGGGAGACAGTCCCACAAGCTCTGGCGGAGGAAAAGTTCGCGCGAAAAGCTGACTCAAACCGCTGAACCTTCTGGGAAATGTAGTCTACCCTCAAAAGAGTGGCACGGAGGACGGGCCAAGATCTCTCGATTCCGTCCGGTTCTGAGTCGGGGCCTGGCCCAGCCCAGGAGACCTCTGGGAGCGCTGCCCGCGGAAGGAGTGCGCAGGCGCGGAATCTCCGACTTGCCATGGTCGTCTTTGTCTGCCGGCCTGCTTCCTTGTATATCCACAGGAGCTGCAAAACCTCTTAGAGTTCTAAGGGCGCTCCCTGAATTTTGGGATGCTGCTTTGTTCCCCAACCATAACATCCAAGTCCAGTGTCATTTTTCTGCTCACAAGTTTAAAGTCAGCACTTAAAAGAACAGCAACAGATGATTGAGAAAGAAATGTAAAGAAGGTTCTCTTTGTGTGAGTAAGCAAGAACCTGAAGAAGCCTGGGAAGTTTATAAACAGATAAAGACGCAACATGAAAGACTTGTAAGTTAAGTCTCATCTTTCTCTGTGAAAAGACAGACTGAGGGAAAATTTAGGAAACAAAGTATTTCCTCTGAACAGTCATTGATTCTTCAAGACTACCCTTCTGTGTATGGAACTCAGTTTAAAAGAATTTGAAACCTAATTTATATACAATCTATACCTAAATATGGGAGAAGCTATATAAGAACCATTAAGAATATAAAGAGAATGTTACATTTTATCCCTTTTTGTAATCATCTCATCTCAGGGTAATCAATGTGAGAAAAGTCTTCCATCATAAATTTAACTTCATTAGATACCTGAGAATTAATATTGAAAATACACCATATGAATTTAGTGAATGTGGGAAAGCTTTCATCCTTATTACATCTTATTTGATACTAGGGAAATCTCCTGATTAAATTCACATGC,39.484596897461685,5.303218056695449
8414,ENST00000334116.7,ENSG00000186020.12,ZNF529,36534774,36605276,28.669159762153164,5238,4087.03,241.382,1.33063,TTATTGAGTTAAGCCTGGCGAGTCGAGGTGACCCGGGCCGGGCTGCGGGAGGAGCTCGCGGTGAGGTGGCCCCGCGCTGCCGGGCGAGGTCGGTCCACGTGGAGCCGGGAGCCTGAGGCCTCTGTACGCGGGAGCTGCGGACGATGGTGTTCTGCAAGTGAAGGCCCCCTGAAGTGGAAGACAGCATTGGTACTAATGGCCAACTCAAGTTTCATTGGGGATCATGTCCATGGAGCTCCTCATGCTGTCATGCCAGAAGTGGAATTCCCTGACCAATTCTTTACAGTTCTAACCATGGACCATGAACTGGTGACACTCAGGGATGTGGTCATCAACTTCTCTCAGGAGGAATGGGAATATCTGGATTCTGCTCAGAGGAACTTGTACTGGGATGTGATGATGGAGAACTACAGCAACTTACTCTCACTGGGTCTACATTGAGACAGATATCGGTACAATGGTGACCAAGACCAATACAGACCCTGCTCTCATGGAATTGACATACTAGTTCTTGAGATGTATAATAAACAAATTTGGAGTCCAGGAATGAGACTAAGCATTTATCTGTAGGAAAAGATATTATTCAAAACACTGGTTCTCAGTGGGAGGTA,21.545553431196623,4.429318251687399
8416,ENST00000396893.6,ENSG00000197808.11,ZNF461,36637192,36666853,5.278662037311028,3326,2594.84,158.597,1.37704,GCAGGAATGGTCTCCGGGTAGAGGCAGGTAAGGATGTCCCGGGCCGGTGGAGAAGGAAGAGCTGGGCGTGTGGCTTCGCTTGGAATCCGAATCAGAGCTTGGACCAGAGCCTTCCCTGAGAATGCTGAAGCAACACCTTCTTTGGATTGAGTTTCTTCCAGAGGGAACGAAGAAGAGGATTAAATAATACATTCAATTCTAAAATAAGAC,3.8333396541211786,1.9386018341954465
8418,ENST00000591344.1,ENSG00000267041.5,ZNF850,36714383,36772825,8.388531186991619,7714,7032.04,939.375,3.00967,GTTTGCTGTGCCGATTTAGCTGCCGCCGCGCCTTGGAGTCCTGAGGAACTTGGCTAGGCTGGCCCCGAGCGGAACCAGAGAATGCTGAGGCTCTAACCATGGAATATTCGGAATGTCCCATTCTATGAAGGAGGTTTGCTGGCTGCAACAGGAATATTC,2.7871930101943465,1.4788129110203547
8419,ENST00000520965.5,ENSG00000185869.14,ZNF829,36888124,36916291,12.252469011294329,4977,4358.64,1331.57,6.88296,AGATCTGGGAGGTGAGATATTTTGGTCCCCAGGAGAACTGGCTCAGGTCTGCAAGTTCCCATCCGGG,1.7801162597624174,0.8319714669812349
8420,ENST00000356958.8,ENSG00000196967.10,ZNF585A,37093019,37218153,211.82424491388144,6822,6543.33,624.815,2.15137,AGCCTACAAAGGGGAGGTGCTAGAAGTCGGACCGGAAGTGGAAGTGGTCTTCCAAGGCTTTTTTGCCGCTGGTGTCAGGAGTATTTTCATATTCCAATACCGATAAATCTTTGAGGTTTCTGGGTGTCTCTGGGGAGCCCCTGGGCCAGATTTTCCTCTAGACTCCAGCCCATCTCTTCAGAGCAGCTCTGCTTGAGTTCACAGATGACTGCCAAGCTTCAGACACCCTACAGAAAAAGGGTTGAGACCCAGTGTGGCCATGCCAGCTAATTGGACCTCACCTCAGAAATCCTCAGCCCTGGCTCCAGAGGATCATGGCAGCTCCTATGAGTGTTAACCTTGATGCCTGAAAGAACTGGAAATTATGAAGATAGATTCAGAAGTCAAATATGTTAACTAACTGCATTGAAGAGTAGAAGAAAACAATAGCCTAGGATCAGTGTCCTTCAGGGATGTGGCTATCGATTTCAGCAGAGAGGAATGGCGGCACCTGGACCCTTCTCAGAGAAACCTGTACCGGGATGTG,98.46016487813878,6.621468250351613
8423,ENST00000392156.7,ENSG00000245680.9,ZNF585B,37093019,37218153,22.789367039010692,600,461.441,39.9635,1.95124,GGTGCTAGAAGTCGGACCGGAAGTGGAAGTGGTCCCCGAAGGCTATTTCGCCGCTGGCGTCAGGACTATTTTCACGTTTTAATGCCGAGAGGTTCTTGGGTGTCTCTGGGGAGTCCCTGGGCCAGACCTTCCTCCAGACTCCAGCCCACCTCTTCGGAGCAGCTCTGCTGAGTTCACAGATGACCACTAAACTTCAGGCACCCTAGACAAAAAGGGTTGAGATCCAGTGTGGCC,11.679427973499257,3.545897711570615
8424,ENST00000316950.10,ENSG00000196437.10,ZNF569,37411155,37469275,9.432806438559576,4061,3296.1,480.966,3.28758,GCAGCGGAACGATTCGATTCTTCTCAGCACCAAGTTGCGCTCCCAATCTCTCAGAGCTGGGCTCGCGGGAGGCCGCTCGTGCAAAACCTAGGCTGAGCTCCCCTGCGCGGAGCTGTGAGCCCTGGAACACCGTGGTCTGCTTCTCAGGACGCGCAAACAGTGAAGCCAGTCCCGCCCGGGTGAGCCGCGGGGGCCTCTGGGAAGCGTCGCCCCTGGTGTAACGGACCGAGACTTGTGGCGCTCTCAGCCACCGACAGCGCCGGCCTCAGTGCCGCCTCTGTCCCAGCCCGCGCCGGCTCTGCCACTTTGGCAGCGTTAAGTGTGGAATCGGGGCCTGTGTCCGCGGGCTTGGTGAGTTCTTCATATATTAAGGATTCATTCATTCATAGACTCATTTATTGAAGGCTGTCTGTGTAACAGGCACAATCCTAGGTGCTTGGGATATAGCAGTGAACAAGAGACAAACCCCCTACTATCATGGTACTTACATTTTTGTGGGCTGGATAATAAACAAGCTCTACTTCTGCAGGCCCCATCCCTTCCCAGAAAGAAGAGGAA,2.8692249127198655,1.5206610624765906
8425,ENST00000328550.6,ENSG00000180479.13,ZNF571,37554782,37594790,3.338037866233973,4113,3097.46,203.079,1.47714,ACACTTACGCTGTTATGTCTTGACGCACGGAGCTTGTCTGCGCCGGCCAGCACTGGCTTCTCTGGACTTTGCACACCTCCAGGAGAAGAACCCAGAAAATTGATCAGTTCTAAAAAACC,2.2597978974463984,1.176193752556538
8426,ENST00000395835.7,ENSG00000198182.12,ZNF607,37613749,37719790,10.264825439089655,4003,3629.14,550.829,3.4196,ATTGACCCTTGGCTCCAGGTTCCCTGCTGCTTCCTGTGCCTTCCTCAGCCTAGTACGACTACAACAGAGAAATGGTCCCAATGGGAAATCAGATACTGAGTCTTAGATGAAGATTTCCAGTGAGAAGAAACAGATAGGATGAGAAGCTTAGAAGAGTAATTGCCCTTAAGAAAGGTCTTGGTTCTTTTGACTTTGCTCTTCTGGTAGAGAAACGCCAAGGACTGATCAACTCTTGCCAGTCTCAAACC,3.0017620303806454,1.5858096094709602
8428,ENST00000355526.8,ENSG00000011332.19,DPF1,38211006,38229714,13.12126108023315,1632,2250.25,136.147,1.36314,GTGCTCCCGCCCCCCGGGAATGAATGG,9.625761902836944,3.2669007380914117
8430,ENST00000339413.10,ENSG00000167645.16,YIF1B,38305104,38317273,48.15317487741225,1225,1518.04,286.725,4.25543,CGGGCGGGCACGCTCCGAACCGCGGCTTAGGTGGCGGCGGCGAAGG,11.315701322172437,3.500254097314988
8432,ENST00000221418.8,ENSG00000104823.8,ECH1,38815422,38852347,146.69835263882533,1411,1523.88,1511.37,22.3451,GCTATTTTCTTTGGCCAGGTTCCCACTGGGGCAAAGGGTCCATTTCTGAGCCTGGCTCTATGTAAGGCAACCGGAAATCGACTGCCCTTAGTAAAGATGGCGGAAAGAACGGCGTCATTGCCTGTCAGGTTGCGGCATCGGTGCCCTCGCTCAACATGGCGGCCTTCTGTGCCCGCCCCCTCCGCTAACGGGCACGTTACTCCGTCCGAACGCAGTAGACGAAGGCGGCGGCG,6.565124015503414,2.714822263953179
8433,ENST00000221419.9,ENSG00000104824.16,HNRNPL,38815422,38852347,217.36195047854056,2471,3172.71,654.909,4.65064,GGAGACCAATGAAAGTGGGAGGGAGGCGGAGATTCTTGGGAGGTTTAGAGCGCCGTTCCTATCAGGTGCTTTTAGGGAGGCCAGCAGCGCCAGAAATCCGACCTATCAAATTGGATTTTATTTTAAGGCGGCGGGGTCGACGGAAAGACTGGCAGAAAGCGACCACCTATAAGGAGTGTCTCAGACAAACAAGGGCGGGCCCTCCTGCAGAACGGCGTGGGCAATGTCCAATAAGCGCGCAAGGCGTGTGGCGGCCTACCCTCCCCCCGCGGCGGGACCAGTGGCTCCCCCTATCGGGTGGGGGCGGCGGGTGACGGGCGTGTCCCTCCCCCAATGAGAGGCGGGGGGAGGCGGGTTCTGCGCCGCC,46.738072712259076,5.546526339367676
8436,ENST00000392081.6,ENSG00000068903.19,SIRT2,38878555,38899862,120.51147037134729,2062,2854.76,1050.83,8.29328,AGAGTATTCGGGAGGACTACAACTCTCTAGCCGTTCCCACATTTTCCGGGCGCCCTTTACCAACATGGCTGCTGACGCCACGCCTTCTGGGACTCGTAGTCCGGTCCTCGCGCGCTTTCTTACCTAACTGGGGCGCTCTGGGTGTTGTACGAAAGCGCGTCTGCGGCCGCAATGTCTGCTGAGAGTTGTAGTTCTGTGCCCTATCACGGCCACTCCCATTTCTGGTGCCGTCACGGGACAGAGCAGTCGGTGACAGGACAGAGCAGTCGGTGACGGGACACAGTGGTTGGTGACGGGACAGAGCGGTCGGTGACAGCCTCAAGGGCTTCAGCACCGCGCCCATGGCAGAGCCAGACCGACTCAGATTCAGACTCTGAGGGAGGAGCCGCTGGTGGAGAAGCAGAC,14.531219296990733,3.8610838577286577
8437,ENST00000221431.10,ENSG00000104835.14,SARS2,38915266,38975910,54.72613854804475,2057,2737.63,672.721,5.53634,TGAAGAGGCGGGACACAGACGACGATTGGGCGACGAAGGACTCTATCGCGGTCAACTTTCCTCAGGATCTGATTGGCTCGTCACGGTCAGGTTCGCTGCCTTGCAATTGGTCTAAACGCGGAGTGGGCGGGACGAAGTGCCGCCTTGTTCCCGGTCCAAG,9.88489481282666,3.305225614025221
8438,ENST00000292852.8,ENSG00000269190.5,FBXO17,38915266,38975910,39.60628667986455,2386,3299.11,1227.97,8.38594,CCGCTCCCCGCTGGCCTCGCGGCAACTGGGCCTCCCCCTCGCTGCACGCAGCCCTCCAAGCTCCCCCGCCCGCCCGCCCTCGCTCCCGCTGGGCCCCGCAGCCGGAGGAGGGGCGGCCTCCCGCCCCCGCCCGCTGGATCTCAGAGTCGCCGCCCCCGGCGCCGGGCTGCAGCCGCCACGCCCCGGGAGAGGACCGACCGCCCAGACCGCCGGTCCCGGGGCCCCCTGGGCCACGCCGATCACGGGGAGCCCCTCGACTGCCTCCCAGAACAAAGTGGGAAAGGGAAGCTTAGCCCGCCGCTGCCGCCTCCGAGCAGCCCGCCAGGACTCTGGCTACTGGAG,4.7229394295528655,2.239685033425373
8439,ENST00000221265.7,ENSG00000006712.14,PAF1,39385852,39391195,146.36506006412014,2066,2558.07,4749.44,41.8304,ACCCAGACGCTCGCCAATCCGTGTGTGGTTCCGAGCCGGACTTCATTTCCCCGAAGGCGTCGCGGCCTGAGGAGACCCGTTGGGTCCTCAGCGTCTTGGCGGCAGTTGGTGGAACCGGAGCTTCGAGTCCGTCCCCGGTGCTGCCTGCGCGTTCACCTGAGTCTCGCTGGAGCTCTTCTCGCCCGCCCACCTCATCTCAACCCACTTTCCGCGGGGAGCGGCGCCAAGCTGGGCCTTCCTCGGATCAGGCGTCCCCTGAAGTCGGCACGCCCCTCTGCGTCCCCCTTCGGTCCCGCTAGGACCCCGTCCGGGCTGCCGTCGCCTCGTCGCT,3.4990117250640718,1.806947499005727
8440,ENST00000251453.7,ENSG00000105193.8,RPS16,39433207,39435948,1824.262164792015,560,343.985,25621.7,1678.15,CTTTTCCGGTTGCGGCGCCGCGCGGTGAGGTTGTCTAGTCCACGCTCGGAGCC,1.08706740445849,0.12044139856493491
8441,ENST00000326282.4,ENSG00000176401.5,EID2B,39530990,39532854,53.731914856601456,1865,1828.15,254.682,3.13868,GCATACAGCAGTGCAGTGCCGTTATTCCAGTCTCCGTAGAAACGCTGGGACT,17.11927143149396,4.097549399165155
8442,ENST00000390658.3,ENSG00000176396.10,EID2,39538705,39540333,269.90560428110217,1629,1467.17,676.0,10.3807,TTGGGATGTTTCAGATGCGTTGGCGCTTCCCGGCCTCGAGGGGGCATCTGGAGAACGGCGGGCGCCGGGAAAGTACGCATGCGCACTGCTCCCAGGGTTTGCGGTAAGAATCTATGCTCTCGCGCCCGGTTACGCACACTGCATTTACAGCGCGCATAGCGCCCACGCACGCGCACTGGGGTGTCCGCCGGGCATCGCTCTGTCCAGTTATTCCAGTTTCTCTGGGAGCAGCCGAGTTGACCCCACGGTCTGAG,26.00071327377751,4.700479295926737
8443,ENST00000430012.6,ENSG00000105204.13,DYRK1B,39825350,39834201,4.727618251445548,2007,2626.49,330.885,2.83833,TGGTCGCCATTTTGCTGGTTGCATTACTGGGTAATCGGGGCCCTGGCTTGCCGCGTCCGCCGGATACCCTCAGCCAGTGGGCAGGTCTGAGCTCGGGCTCCCCGAGCAGTTTGAGTCCCCTTGCCCGCTCCTTCAGGTCTCAGCGGCGGTGGCAGCCGAGGTGCAGGATGCAAGAAGGCGCCCCCCGGCCGGGCTCCCGCTCCAGGCCTCGCTCCCCTGCGGCCCTCTGAGCCCACC,1.6656337534555699,0.7360712097307298
8444,ENST00000221801.7,ENSG00000105202.7,FBL,39834458,39846414,1440.492863353839,1160,1327.8,1901.66,32.2674,GCGTCACGCAGCGCACGTCGCCGCGCGCCTGCGCTCTTTTCCACGTGCGAAAGCCCCGGACTCGTGGAGTTGTGAACGCCGCGGACTCCGGAGCCGCACAAACCAGGGCTCGCC,44.64235926519766,5.480341367804007
8445,ENST00000434248.5,ENSG00000128000.15,ZNF780B,40028260,40090938,10.965390555289211,8665,7400.12,596.585,1.81633,TGGGGTTGACGACCTAGCTGGGGGAGAAGCCCGAGGAAGATTGACCAATTTTGTAATTCTAGAAAC,6.037113605616386,2.593858949853182
8446,ENST00000450241.6,ENSG00000197782.14,ZNF780A,40028260,40090938,23.93100750352703,7500,6067.46,735.531,2.73122,GAGGAAGAGATCTGTGGCTGCGGGAGATCTCTGCGGATTGGGGCTCCAGCCTGACTGACCCGACAGTGCGGGTGGCCTAGGGGGAGGCGCTCAGATCGTATTTTTATCCAAAAGAAGGACCTGGAGGAGGATGAGAGCGTTACTGCTGCACACCTAAAGTCAAGGGGGAGAAGCCCGAGGAAGATTGACCAGTTTTGTAATTCTAGCAACATGGTCCATGGATCAGTGACATTCAGGGATGTGGCCATTGACTTCTCTCAGGAGGAGTGGGAGTGCCTGCAGCCTGATCAGAGGACCTTGTACAGGGATGTG,8.762021185963427,3.131263703002272
8447,ENST00000392038.6,ENSG00000105221.16,AKT2,40230317,40285536,83.35702566756427,5300,7972.27,1186.68,3.35361,TGGGAGGGGGCGGTAAGCGGGGGCTGGGGGGAGGGGGCGGGGGGGGCCGCGCCGTGCTAGCCGTTGGGCCTGCCTCGGAGGAGGCGTCGCCGCCGCCGCTGCCGCTGCCGGCGCCGTTGCCGCTGCCGGGAAACACAAGGAAAGGGAACCAGCGCAGCGTGGCGATGGGCGGGGGTAGAGCCCCGCCGGAGAGGCTGGGCGGCTGCCGGTGACAGACTGTGCCCTGTCCACGGTGCCTCCTGCATGTCCTGCTGCCCTGAGCTGTCCCGAGCTAGGTGACAGCGTACCACGCTGCCACC,24.855909204577834,4.635516971490952
8448,ENST00000357949.4,ENSG00000197019.4,SERTAD1,40421592,40426025,29.513566952475387,2114,2726.53,185.094,1.52948,GTAGTTAGGAGTCTGGAGTCGTGAGCCGGAGTCAGAACTGCGTCTCGCGACCCAGGCGCGGGTTTCCGGAGGACAGCCAACAAGCGATGCTGCCGCCGCCGTTTCCTGATTGGTTGTGGGTGGCTACCTCTTCGTTCTGATTGGCCGCTAGTGAGCAAG,19.296471318667383,4.270265145670828
8450,ENST00000392028.8,ENSG00000167565.12,SERTAD3,40440844,40444705,29.944991134484027,1515,1752.57,139.739,1.7964,AGGAAACTGAGGCCCTGAGAATTGACTCATTCAGATCACTTCCCATGATCACGCAGCTGAGCAGTTTCCAATACAGAATTCAGATTTGGGGTTCCCTACTTCCAATCCAGGTCTCTGTGCTCCACACTTGTCTTTCGTGCTCCATGTTTGAAGAAATTAATATTGTGGAAGAACAGTTTTAAGGCTTAGAGGAACTTGAGTTAGGATCCGTACTTGGCAGATGAGGAAATTGATTCTCATGGATGTAAATTCACTGTTTGAGGCCACAACAGGGCATC,16.669445075976412,4.059134172849217
8451,ENST00000263368.8,ENSG00000090013.9,BLVRB,40447789,40465840,94.65418788801108,873,1006.36,467.409,10.4642,GAGCCGCGGGCGGAGAGTCTGAGGCGTGGCCCTTCGAGCCAGCTCCGCCCCGTTGTTCCTGGCTTGAGTAGGGCAGAGAGCACCGCCCAGCAGCCAGTGGGTTCCCGCGCGTGCCGAGACTCTGAGGCCTTGCACCCCCACGATCCCGTACG,9.04552549530887,3.1772043179326537
8452,ENST00000324464.7,ENSG00000123815.11,ADCK4,40691529,40718207,20.016809219095464,2443,3562.68,336.097,2.12545,TCTGAGCATCCGAAGCGCGGCCAGGTATGCATCTAGGGCACCGGGGTCCTGGTGGCGCGCCAGTGGGCCCCCTCCCTCCACCCCTGTGACTAAACCACCCTCCCTACACGGTTGAATGACAAGTTCAACCTTCCCTAAAACCCCCGGTGACGAGTCCAGCCGCGCGCCCATTCTTCACGCAGGGGCGGGACGGACTTTCAAAGACTTGGAGTTCCCACGGGTGTGGGTTCGAGACCTTCCTCTGCCAGTTCCCAGCTCCGCTACCCTGAGCAAATGACTTACGCTCCATTGGATTTTCCGCA,9.41768059427202,3.235371793685017
8454,ENST00000470681.5,ENSG00000188493.14,C19orf54,40740856,40751553,23.746459909820704,2521,3297.74,222.277,1.51859,CCGCCATTTTCCGGGAGTGGGAGGTGCACTTTACTTCCTGACTCCTTTCCTTTTTCCAGTGGTTATCGCGGCGCCCACCGGCCTCTGATCTCTGAGTCTTCTCCAACCCACAGACGTTTTTTGTTGCTCTGGTTCCAGGACCTTCTCCACAACTAGGCCATTTTCCCTGCCAGGTGTCCTTTTTGACCTCTTGACCTCTGACTCAAAGGGCCTGCTCCCCGTCATGTCTTCGGCCTGGAGAAGAGCCAGCTCCTGAAGGAGGCCTTTGATAAGGCCGGCCCGGTCCCCAAGGGCAGAGAAGATGTGAAGAGGCTTCTGAAACTACACAAGGACCGGTTCCGAGGTGACCTGCGGTGGATCCTCTTCTGTGCAGACCTGCCGTCCCTCATCCAAGAAGGCCCTCAATGCGGGCTGGTGGCCTTGTGG,15.637176532059806,3.966908136246013
8455,ENST00000221930.5,ENSG00000105329.9,TGFB1,41301587,41353911,26.725957580422943,2769,3857.17,951.081,5.55534,CCTTCGCGCCCTGGGCCATCTCCCTCCCACCTCCCTCCGCGGAGCAGCCAGACAGCGAGGGCCCCGGCCGGGGGCAGGGGGGACGCCCCGTCCGGGGCACCCCCCCGGCTCTGAGCCGCCCGCGGGGCCGGCCTCGGCCCGGAGCGGAGGAAGGAGTCGCCGAGGAGCAGCCTGAGGCCCCAGAGTCTGAGACGAGCCGCCGCCGCCCCCGCCACTGCGGGGAGGAGGGGGAGGAGGAGCGGGAGGAGGGACGAGCTGGTCGGGAGAAGAGGAAAAAAACTTTTGAGACTTTTCCGTTGCCGCTGGGAGCCGGAGGCGCGGGGACCTCTTGGCGCGACGCTGCCCCGCGAGGAGGCAGGACTTGGGGACCCCAGACCGCCTCCCTTTGCCGCCGGGGACGCTTGCTCCCTCCCTGCCCCCTACACGGCGTCCCTCAGGCGCCCCCATTCCGGACCAGCCCTCGGGAGTCGCCGACCCGGCCTCCCGCAAAGACTTTTCCCCAGACCTCGGGCGCACCCCCTGCACGCCGCCTTCATCCCCGGCCTGTCTCCTGAGCCCCCGCGCATCCTAGACCCTTTCTCCTCCAGGAGACGGATCTCTCTCCGACCTGCCACAGATCCCCTATTCAAGACCACCCACCTTCTGGTACCAGATCGCGCCCATCTAGGTTATTTCCGTGGGATACTGAGACACCCCCGGTCCAAGCCTCCCCTCCACCACTGCGCCCTTCTCCCTGAGGACCTCAGCTTTCCCTCGAGGCCCTCCTACCTTTTGCCGGGAGACCCCCAGCCCCTGCAGGGGCGGGGCCTCCCCACCACACCAGCCCTGTTCGCGCTCTCGGCAGTGCCGGGGGGCGCCGCCTCCCCC,4.810859025806331,2.2662945242694454
8456,ENST00000221233.8,ENSG00000077348.8,EXOSC5,41386374,41397479,94.69122221288356,1118,1255.0,626.448,11.2461,GGCGGAGCCAGATTGTTGGTAAACGCTAAGCCACGTGCGGACGCCCAGGAGGATGGCCCAGCCCGGCGCGTGCGCACTGGTTACGCAGCCTGTTTGCGGCGCGCGCTGCCAGGCGGAAGTGACAACTGCAGCCGCACGTGGGCTCGGCGCG,8.419916434398019,3.0738059149688888
8458,ENST00000438807.7,ENSG00000105341.18,ATP5SL,41431318,41440717,14.260817230757391,1454,1637.09,188.44,2.59336,ACCTTAGCAAG,5.498973235785773,2.4591622648326146
8461,ENST00000222008.10,ENSG00000105404.10,RABAC1,41956681,41959390,294.18271470566305,821,995.629,476.236,10.7767,ACGTCGACTCCGCTGGGTGGGGCCGGCGTCGGGCGGGGCCGGCGGGGTCTTCAGGGTACCGGGCTGGTTACAGCAGCTCTACCCCTCACGACGCAGAC,27.298033229621595,4.770725106395662
8462,ENST00000453535.1,ENSG00000105723.11,GSK3A,42230186,42255157,100.12705360905476,1897,2427.78,756.622,7.02154,TCCCGGCGTGCCCCGCGGCGGGCGCTGGGCCGGAGCCGGAGCCCAAGCCAGAGCGGCGCGGCCTGGAAGAGGCCAGGGCCCGGGGGAGGCGGCGGCAGCGGCGGCGGCTGGGGCAGCCCGGGCAGCCCGAGCCCCGCAGCCTGGGCCTGTGCTCGGCGCC,14.259984790951096,3.833900537957303
8463,ENST00000222329.8,ENSG00000105722.9,ERF,42230186,42255157,20.442956230758607,2698,4448.25,539.646,2.73326,ATTAACCCGGGAGGCGGCGGCGGGGAGGGGAGAGGCTCTGAGAGGCGAGGCCGGGTGAGGCGGCGAGGGCGGCCCGACGGGCGCGGGACGGGACGGGGCAGCGAGGGCGCCGGGAGCCGCGGCCCGGAATCGGGGCGCTTCGCCCCGGGCCCCCCAGC,7.479330993304189,2.9029092305664985
8464,ENST00000262890.7,ENSG00000079462.7,PAFAH1B3,42297033,42303546,103.57266333862368,1003,1123.45,410.324,8.2288,CGGGAAGCGCCGGGCGAGCCCACTGTGCGGCCGTCGTGGGGGAAGCGAAGGTTCCTGATTCCACCTACCTCCTAAGTGAAGGCTTCCGTCCCTGGAGAGGAGGCGGCGCCCTGTATCGGCCTTCGTCCTCCGCGGGTGTGCTAGCGTTGGGACGGTCCTTTGTTGCCGCGAGGGGTAGGAGTGGGCGTGGCGGAGCCAGCTCCGTTCGGAACACTCCCGGGCCGACCCGACTCGCTCATCCTGCAGGAGCTGCGGCGCCAAG,12.586605986124791,3.653817403590971
8465,ENST00000222032.9,ENSG00000105427.9,CNFN,42387019,42390287,85.3170228723432,523,442.266,432.0,22.0071,CCGTGTCTCCACACGTCTGCCTCCATCACTGCCATCGCGATCCTGCAGCT,3.876795346608285,1.954864578208444
8466,ENST00000292147.6,ENSG00000105755.7,ETHE1,43506719,43527244,3.322699098081486,963,1144.41,52.0582,1.02487,AGTGCCGTAGCGCCCGGCTCCTGCAGGCGCTCGGCCTCCGCTCATTCCTGACCCCGCAGTGGGCGCG,3.2420688458843427,1.6969147270557452
8467,ENST00000422989.5,ENSG00000167378.8,IRGQ,43543040,43596135,36.751063923726015,9685,12573.0,1130.78,2.02629,CAGGTTAAAGCTACCGGGACGGGTCCCGGCATCTCTAAATCACCGCTCCCTGGCCTCTTCGGCCTCCGTCCGCCGCGGCCCAGGGGCCGGGCTTCTCAGCTGCTGACCTACTGCCACCGACTGCGCTCTCTCCCGTGGGTCGGCTTTTTGCTCGCC,18.137119525697713,4.180873445132713
8468,ENST00000300811.7,ENSG00000131116.11,ZNF428,43607219,43619874,244.26912221027868,1412,2162.13,506.021,5.2729,CAGTTTTGTAAGGCGCGTTCCTGCCCCGCACACGCACGCGCGAACCCTTCAGCTTCTTGTTCCTTTGGGCCGCGGGCTGTACCAAGTAAACCCAGGCAGCGAGGGGCAAAGCACGGCGCCCCCCGCGCGGGTCTCGTCGACGGCCCGACGCGCATAGCCCCTCTTCCCACAGCGCTACAGGACTAGTCCGTCTCGCCGCGCAAGCGCCCTAGGCTCTTCACGCCCCCTGCGCGCTGTCCTACCCTACTTGCGACGCAGGCGCAGAGGCTGGGCGTGCAGCCGCCGCCGCAGAGCCGGAGCGGGGGCCGCCGGCGCCGCATCCCTCTCTACCTGCCAACATCCTGTATTAGAGAACTTGTGGCCGGAGGTGTGGCTGTGGAGAGCTGGCCGGGGAGGGACGCTGCTCAGCTGCTGCTCTGCTCCTGTCTCCTGTCCCCTCCCCCGGTC,46.325384932443,5.533731059004325
8469,ENST00000222374.2,ENSG00000105767.2,CADM4,43622368,43639839,28.95992933345538,2178,3059.21,352.317,2.59469,TGCAGGTGCCGGGCCGGGAGCGAGCGGCGGCGGCGGCGGCGGCGGCACC,11.1612290229104,3.4804239937060144
8471,ENST00000601170.5,ENSG00000105771.13,SMG9,43727992,43754990,37.98132813227705,2387,3216.15,1064.57,7.45763,ATTCAGTTCTCGAGCTCCAGCCCTCAGCGCATGCGCAGGACGAGTCGCCTGAGGGAACTGATCTCAGCTCGGGCCCGCGTTACATCCTCCTCCTCTTCTTCCTTCGGCCCAGCTTTCCTTAGGGGCTGCAACCCGGACGCCGAGGCCGGTTTCGGAGTGGGGAGTGCCCATTTTCTCTCCTTCCCACGTTCCTGGCCCCCAGACGCCATTTGCAGGCGGGTGGCTTGGGTCAGCCTCCCCGCCCCCACCCGACTCCCGTCACGGGAGAGCGCACACCGCGCCCCGAGAACCAATCAGCAGCCGCGTTAGGTAACC,5.092948850006913,2.348501227894796
8472,ENST00000269973.9,ENSG00000124459.11,ZNF45,43912629,43935278,36.53167014732944,3898,4203.23,745.316,3.99503,GAGAGCGCGGCCTTCATTCCTCTCGTGGAAGTGAGTGAGTCCTGGGACCCCGCGACCTGTTTTAACTTTTATGGTTTGGTCGTAGGATCAGCAGGGCTCGCACTTCGGTCAGCAGGAAAAGACGCTGCGGCGAGCAGCGGAGGGCGGAGTTGAATGGCTGGGCAGCTGATTGCCTTACTGTATCCGGAGCTGCTGCGTTCGGGGCGGTTCGGGAGTCCCCTGGTTGGAAGTGGACCTGAATGGGGAGGCGTCTGAGGATCTCCTGGGCTCTCAGCGGCCCGACCCGCCTTCCCCCACCTCCCACAGCTCTGTAGCTTCCTAGCGGTGTAACGTTGGGAAAGGAGGCTGTTCTTGGACTATGCCTGACCCGTTTTTTAAGAAAGAGTGCATCACTCAACAGGTGGCGTCTGGAGTTATCCTCTGTGGATTTTCCAGGATCTCAGACAAGATCGTGCAATCTCCCAGCCTCCTTTCCTTCCCCTGCCCTGACTTCTGAAAGAATGCTGCGGGAGAGGAGGAAGGAGAGCATCCTGGCTTCTGGCAGCAGAGCCCCACTGTGACAGGACCTAGCATTCACCTTCCTCTTCTGTTCCGAGTGCGAGAAGACTTCAGGGACCTCTGTTTCATGGACATTATCATATTCTTCTCAAGAGTACCCAGCAAGAGGTTTGCAAAGAGGAGTTATTCAGTGAAATCAGAATCATACCCTGAGAGCTACAAGAACTCCATTTTTCACTGTGCAGAGGCTCTCTGCTGAAGGGTCAAGTGGAATCTGGAATCCAGCCCATGTTTCCCCATCATCAAGCCATGTGAAGCTGCAGACTCCAAGCAACAGAGAGACAAGATTTAGAATACTGGCTCTGGTATGAAAGCTGGATTCAGGTACTGTTCCTGCCTCTTGACCTCACCAAGCCTCAGCTTCCTCGCCTGTTAAATGGATACAATTGTCGTCATTATCATCTGTTGAGAACTCCCTAAAATGCCAGCTGAGCATAGGCACAGAAGTTTAGGTGTTTGGACCAAGGTCACACAACTGATACAACAGTAGCTTCTTCACAGACTTGGCACTTCTCCAGAAGGAGGAGGACAAA,9.144279303867416,3.1928694700605362
8475,ENST00000221327.8,ENSG00000167384.10,ZNF180,44474428,44500524,9.006529520291725,4335,3834.41,182.444,1.07199,ACAAGAGCAGCCATTGTCCCGCGCGCGGACGCTTGCTGTCGCCGAGCAGCTCGGCCCTTCAGACTTAACCCCCAGCGGCCTTGCGGATGCTGACTAGGAGAGGGGACCGAACTAGCTTAACCCGAGTCGGCCGTGTTGCAGAATCGGGGCAGGGGGTTGCCTAACCCGAGTTCGTCCTGCCGCAGAGCCGTGCTAGGCACTGAGGCGGTGACAGGCCCAGCCTGGGCTGCGGGCCAGCGGACGCCCAGGTTGGTAGGGGCGTGGGGCAGCGCTTGGTGTCCG,8.401691732471129,3.0706798526901764
8476,ENST00000006275.8,ENSG00000007255.10,TRAPPC6A,45162928,45178237,13.005638395941066,805,1029.4,47.68,1.04356,AGGCGTGCGAGGAGGGGGC,12.462760546534042,3.639551760815819
8478,ENST00000391945.8,ENSG00000104884.14,ERCC2,45349837,45370918,24.54248557233658,4153,5971.33,552.389,2.08418,GGATGTCCACGACCCGGCCTCTCGCTGAATATTCATGAGGGAGGCGGGTCGACCCCGCTGCACAGTCCGGCCGGCGCC,11.775607467846626,3.557729580903278
8479,ENST00000300853.7,ENSG00000012061.15,ERCC1,45407333,45478828,23.215233983543563,3828,5263.87,653.797,2.79834,GGGAACGTGTCTGTGTCCCTTACTGAACCGTAAGCTCCGGGAGGACAACACGGGGCTGTCGTTGGTCACTGCTGTGTCACCAGCACGGACTCGCACAGGACCGGGAAGAGAGGAAGCGCGTGGGGGGAATAGGTGTGGAATAAATGAATGAATGAGGAAACTGAAGCCAAGTCAATGTCTGAGTTGGATTCAAACTTAAGTCTCTCCTTACTGAGAGGAGGGACCAAGTTGGATCTCCTGCGATCTGTTCTCCACTGAGCCCTGCCAGGATTCTGGGCACACAGAAGCGCTCAGTAAGGGCTTTGAAACTTAACAGTTTGGGAGCCAGATCCTCAGGCCACATCTCTCTCCTCCCACGACCTCCGCGGTCCTCCAGAACCATAGAGAGTTGTACAGAGATCGCCCTGCTCTATGCTCTACTCTCCTGGGGAGCGGGGCCAGAGAGGCCGGAAGTGCTGCGAGCCCTGGGCCACGCTGGCCGTGCTGGCAGTGGGCCGCCTCGATCCCTCTGCAGTCTTTCCCTTGAGGCTCCAAGACCAGCAGGTGAGGCCTCGCGGCGCTGAAACCGTGAGGCCCGGACCACAGGCTCCAG,8.296073380483987,3.052428655143441
8482,ENST00000263275.4,ENSG00000125741.4,OPA3,45527427,45602212,18.197689310502355,7828,10595.5,657.209,1.39747,GTTGAGGCGCCCCGCCCAGTCAGCAAGGTTGCGCGTGCCCTGTGAGACCGCCAAG,13.021881908378967,3.70286605519509
8483,ENST00000342669.7,ENSG00000125743.10,SNRPD2,45687454,45692569,3148.2660295368,901,936.074,157.477,3.79025,AGTAGATACGTCAGTAACGCGTCCCAGAGGGAAGAGGGGCGGTGCCTGTCTCCGAAGCGAGGAGCGGATTGGCTTCACGGAGGCCGCGCCCCCGAAGTCACGGCCGGCGGGCATTTGGAAATAGCTTGTCATTTCCCTCCTTCAACCTGTACCATTCTTCAAGAAACGGTTTGAATCAGACTGCCTTTCCTTTTGTCTTCATTGTCATAAACATCTGCCCCCGTGTGGTTCTGACTGGCCGCGAACCCCTACCCGAAGCTTTTATTCCATCATTGTGCACCGTTGGTGGGGAATGCTGTGGCAACAGGCCACGCCTCCACTTACTGGTTGGCTTTGCGCAGGCGCCAACGGAAGTGGGTCGCAGGAAGAGGAAGTCCCGCCTCTCTCTCCTCAGGCAGCAGCAACGCGGAGGAAACGGGAGTGAACGGAGAGCGTAGTGACCATC,830.6222622615395,9.69804872903552
8484,ENST00000317683.3,ENSG00000177051.5,FBXO46,45710629,45730904,16.468297687409052,3001,4557.03,377.852,1.86811,AGAGGAGCGAGTGGGGGAAACCCGCGTAGCCGAGGGAGATGCAGCGCGCGGCGATGGTGGCATGTGGAGCCTCCCACCACCACCTAGGTCCTGAGATGCGCTGAAGCCCAGCCTGTCTGCCATCATCCCCCAGC,8.81548607277358,3.1400401197946377
8486,ENST00000270223.6,ENSG00000185800.11,DMWD,45769717,45792802,7.4924472051457505,3305,5228.83,253.946,1.09421,CTGCGGGCGGCAGTCCGGCAGTGGCGGGGCCCGGGGGGCGCCCAAG,6.847357641719369,2.775547367251146
8487,ENST00000245934.11,ENSG00000125755.18,SYMPK,45815410,45863290,32.441293711382585,4195,5858.35,1086.0,4.17653,GGAAATGAAGGGTCTGCTCGCCGTAGTATGGAGGCGGGCAGAATGCCGCTCGCACGGGACGAGGCATGGGCGGGGTCGGGCTGTGCTCTGGACTCCATTTCCCGGCGGCCCTGGGTGTGTGGCGCGTGCGCACCGTTCCCGGCGACGAACGGAAGATGGCGGCGGCGGCGGCGGCGGAGTGTAGGAAGAGGCACTGCTGAGGGGGCGCGAGGGGAACGGAGGCCAGAGCTGCGCTGACAGCAGCC,7.767523209789607,2.957454647206252
8488,ENST00000302165.4,ENSG00000170604.4,IRF2BP1,45883607,45886170,66.90657734803257,2564,3690.21,696.0,4.24933,GTAACTTTCCCTGCGAAGCGGCCTCTGGGGCAGAAGAAGGAGGTGGAGGCGGCGGCGGCCGTTGCAGCGGCGGCGGCGAGAGCGGCGGGAGCCCGAGGCGGCGGCGCTCGCGGCCCATCGTGGGGCCCGAGCTGTGCGCCTCGGCTCGGAGCCCGGACCGGGCGGGGGCGCCGACGTGCCTCAGCCTGCCTTCGCGAGGGAGGCGGGAGTGAGCAGAAAGGCTTAGGGCCCAGGGGGCGGGGAAGGGGGGCCGGGCCTGGATCCGGCGGGGAGGCCGAGCCGGAGGCCGGACCGTGGCTCGCGCTGTCCCCGGGACGCGGATCGAACGTTGGCGGCGCGGATCGCACGTCGGCGGCCGGTGGAACGCGGGAGCTGGGCGGCGCGCGGACTGGGGCC,15.745206267348635,3.976840752261083
8489,ENST00000322217.5,ENSG00000176182.5,MYPOP,45890020,45902604,8.3448600886619,1890,2913.02,141.0,1.09053,CGAGCCCTGACCCACCGGCGGCTGCGGCGGAGCCGCGCCGGCGCCCCCCATGCGCCAGACGGCAGGACGGCGGCGTCGGGGGGCGCC,7.652114190954765,2.9358584028914136
8490,ENST00000307522.3,ENSG00000169515.5,CCDC8,46410372,46413584,37.79487437925557,3213,4461.78,637.308,3.21813,CTGCCCGCGCGCTCCACGGTGCAGAGCTCTAAGCGCGCGGGCTGGCAGGCTGCGGCGCGTCAAGGTCAGCCTGGAGCTGGGTGGCGGCCTGCCTGGGGGCGGGGGACCCTACTGGAGGCCCGGGCTGGGGCCTCCCAGCGCCTCGGCCATATTGAATAGCTTCGACTGGACCGTCTTTGTCTGCGAAGTCCTGTCCCAAGTTCCAGCCGCGTCCCTGGGGCCTGGGGCAGGAAGAGTCGCTGGCAGCCCGCGCGCCCCAACTTGGAGCTGGGACACCACGTTTCCAGCTTGGAGTGGGCCTTGAGCCTTGGGACTGACCTCGCCCCCGGCTCACGTAGGCATCCTGGAAATTGATTCCCCCAAGTCCTTGGTGGGGGAGCCGGACTTGGTCAAGACTGTACTTGTTGCAGGCGAAGAGATTGGAGGCGTTTGGCTCGTCCCTGGCTAGGGAGGTGAGACTCTCCGGTCAGCGTTGCTGGAACTCCCCCCATCCAGTCCCTCCCTCAAGACTAAGGGCTACAGTAGTTTGTTGGGGCTCATTGCCCCCTCACCCCAGATATCACCCTGGAGATCTTAAAGACTCTCGAGAAAAGCCACGTGGGGGGCTGGTTCCCCTGGGGCTTCCTGCCGTCCCCCGACTGCCTCATTCTTTGGAGCGTCCCCGATGTCTGCAAAGATGTGGATTTGGACGTCCTCGTGGAAGCCCTAAAGCCCGTGGGGACATTTAAGAAGATCGGCAAGGTGTTCCGCAAGGAGGAGGACTCCACGGTGGGG,11.744359108940772,3.5538960823472645
8491,ENST00000263280.10,ENSG00000090372.14,STRN4,46719507,46746994,14.74296439809945,3210,4992.95,2473.19,11.1599,GCGCAGGCGCGCGAGGCACAGCGGGCGCGCAGGCCGGCCCCGGGGCCTCC,1.321065995044709,0.40170253951851537
8492,ENST00000542575.6,ENSG00000105281.12,SLC1A5,46774883,46788594,359.76086207271254,2882,4238.89,3810.92,20.2553,AGAGCCACGCGGCACGCCCGGGAGGCTTTCTCTGGCTGGTAACCGCTACTCCCGGACACCAGACCACCGCCTTCCGTACACAGGGGCCCGCATCCCACCCTCCCGGACCTAAGAGCCTGGGTCCCCTGTTTCCGGAGGTCCGCTTCCCGGCCCCCAGATTCTGGCATCCCAGCCCTCAGTGTCCAAGACCCAGGCAGCCCGGGTCCCCGCCTCCCGGATCCAGGCGTCCGGGATCTGCGCCACCAGAACCTAGCCTCCTGCAGACCTCCGCCATCTGGGGGCACTCAACCTCCTGGAGCCAAGGGCCCCACGTCCCACCCAGAGAAACTCTCGTATTCCCAGCTCCTAGGGCCAAGGAACCCGGGCGCTCCGAACTCCCAGCTTTCGGACATCTGGCACACGGGGCAGAGCAGAGAAGCCTCAGCGCCCAGCCTGGGGAATTTAAACACTCCAGCTTCCAAGAGCCAAGGAACTTCAGTGCTGTGAACTCACAACTCTAAGGAGCCCTCCAAAGTTCCAGTCTCCAGGTGCTGTTACTCAACTCAGTCCTAGGAACGTCGGGTCCTGGGAAGGAGCCCAAGCGCTCCCAGCCAGCTTCCAGGCGCTAAGAAACCCCGGTGCTTCCCATC,17.7613198556779,4.150666888202078
8493,ENST00000263270.10,ENSG00000042753.11,AP2S1,46838136,46850992,432.3566060396852,935,950.276,634.126,15.0345,ATCTGACTCGTTTGGTAGGAAAAGGACTGGCTCTGACTCTTCACCCATCTTCACCCAGGCTGGCCCCTTTGGTGAAACTACAACTCCCAGGGGTCTGTGCGCGAGAAGGCAGGCGGGTTTTTCTACCGGAAGTCCGCTCTAGCTCTGGGCCCTACAACTGCACCCTGAGCCGGAGCTGCCCAGTCGCCGCGGGACCGGGGCCGCTGGGGTCTGGACGGGGGTCGCC,28.757631184255224,4.845872938276683
8494,ENST00000253047.6,ENSG00000130748.6,TMEM160,47045907,47048630,70.43820401640929,663,671.911,141.0,4.72791,GGCCGTAGTGCGAATC,14.898380894815952,3.897083646920936
8495,ENST00000253048.9,ENSG00000130749.9,ZC3H4,47064187,47113752,13.83330835603943,6119,9657.32,867.932,2.02484,CTCCGACTCTCGGCACCTGGCCTCCAGCTTTCGGAACT,6.831803182493149,2.772266412936861
8496,ENST00000439096.2,ENSG00000105327.16,BBC3,47220822,47232766,27.37292599274089,1838,2840.68,157.834,1.25182,GCGGCGCGAGCCACATGCGAGCGGGCGCCTGGCGGCGGCGGCGGCGGCACCAGCGATCCCAGCAGCGGCCACGACGCGGACGCGCCTGCGGCCCGGGGAGCAGCAGCAGCCACAGCCACAGCAGCCGCCACTGCAGTTAGAGCGGCAGCAGCAGCGACAGCCACAGCAGCAGCCGCCGCGGAGAGCGGCGCTCGGCGGGCGCGCCCTCCTGAAGGAAGCCGCCCGCCCCCCACCGCCGCCCCCTCCGGCGTGTTCATGCCCCCGGGGCCCCAGGGAGCGCC,21.866503165583623,4.450650621673427
8497,ENST00000263354.7,ENSG00000105402.7,NAPA,47487637,47515240,143.1564291793451,1839,2149.56,1261.58,13.2229,TGGAGCGCCGTTCGCCGGTATGTGCGCATGCGTTGAGGTCTCTTGACGCCGATTGGGGGGTCACGAGTCACGGGCGGCGTGCGGCGGCTGGTGGGGGCGTGTCCGGCGGAGCGGGCGCGGCGTTACGAGGCCGCTGGTTGGCCAGCGCTAGTCACGTGGTTCCTGGCCGCAAGCGACGCGCGCCGGTGCGACGTCAACGCAGCCGGGCGAGTTTTACCGATCTGTGTTCCGCGGCCCGGCCGCGGCTGAGTCTTCCCAGGGTCAGGGTCAGGCGCTTTGCTGAGTCCCTTTGTGGCCGCC,10.826401861871837,3.4364819399987443
8498,ENST00000263274.11,ENSG00000105486.13,LIG1,48115445,48170603,32.793119324741504,3384,4813.76,626.341,2.93149,CTCGCGGGGGCGCTTCCACCGATTCCTCCTCTTTCCCTGCCAGTCACTCCTCAGACCCTCAGCCACACCCGCTCATCCAGGGCGAGGGAAAGCGCGGGCATTTTCCCAGTGTGCTCTGCGGGAGGGCTCGCCCCACTTCACCCCTTTTCCCGCCCTCCTCCCATTCGGGAGACTACGACTCCCAGTGTCCTCCGCGCGACGGCGGCGGTGCGGACGGTGCCCAGGTCCCGCCCCTAGGCTCTGCCCCGCCCCCGCCCGCAGACGTCTGCGCGCGAATGCCGTGGCGCGAACTTGGGACTGCAGAGGCGCGCCTGGCGGATCTGAGTGTGTTGCCCGGGCAGCGGCGCGCGGGACCAACGCAAGGAGCAGCTGACAGACGAAGAAAAGTGCTGGACAGGAAGGGAGAATTCTGACGCCAAC,11.186502196746877,3.483687098828154
8499,ENST00000330720.6,ENSG00000105438.8,KDELR1,48382570,48391553,783.8833562364595,1557,1885.0,2654.39,31.7261,CTCTTCCCGGCTCCAGCTCCGCCGCCAGCTCCAGCCTTTGCTCCCCCTCCCAAAGTCCCCTCCCCGGAGCGGAGCGCACCTAGGGTCCCTCTTCCGTCCCCCCAGCCCAGCTACCCGTTCAGACCAGCAGCCTCGGGGGGCACCCCCCCGCCAGCCTGCCTCCCTCCCGCTCAGCCCTGCCAGGGTTCCCCAGCC,24.70783853787448,4.626896902920201
8500,ENST00000549920.5,ENSG00000063177.12,RPL18,48615328,48624132,2069.9162329578853,1004,1075.9,803.863,16.8334,ACTGGGCCCGCCGGGTCCTCCGGGAGCCACTGAGAGGCCGTCGGCGTCGGGCCAGAGCGTCACCGCGCGACGCATCGTGCTAGCTACACGCATCTCGCTCCCAGATCCCTTTCTTCCGGAAAGCTATCGAGAACACGGCCTGGGTAGGGCCAGAGAGGCCCCCGACGTGCTGGCCCTTCCCTCTTGGACGTTGCGCTTGTTCCTGCGCTCTATGCTCTCTGCCGTTATCGCCCGGCTAGTCAGTCGTCCAACTCACCACAGAGAAGTCCGGATCGTGGTAGAGCGCCGCGTCGCACCCATGTGACGTCACGGCGGCGCCACTCGCTTGAGGCTTTCCCCGCCCACCCCAGCCCGTTCTCTCTTTCCGGACCTGGCCGAGCAGGAGGCGCCATC,122.96483378033464,6.942101973756705
8502,ENST00000084798.8,ENSG00000063180.8,CA11,48637942,48646312,10.082151494306451,1844,2700.96,136.015,1.13457,ATCCCACCCCAAGCCAACCCGAGGAGTGTTTGCCGCTATGAGATCACCTGCTCCCCCAGCCCAACAACAAAATTAAATAACACCACGGGAGAGGAGAGAGGGAGGGGGAGGAGGGAGGAAGGGACAAGAGAGAAGAGAGACTGAAACAGGGAGAAGAGGCAGGAGAGGAGGAGGTGGGGAGAGCACGAAGCTGGAGGCCGACACTGAGGGAGGGCGGGAGGAGGTGAAGAAGGAGAGAGGGGAGAAGAGGCAGGAGCTGGAAAGGAGAGAGGGAGGAGGAGGAGGAGATGCGGGATGGAGACCTGGAGTTAGGTGGCTTGGGAGAGCTTAATGAAAAGAGAACGGAGAGGAGGTGTGGGTTAGGAACCAAGAGGTAGCCCTGGGGGCAGCAGAAGGCTGAGAGGAGTAGGAAGATCAGGAGCTAGAGGGAGACTGGAGGGTTCCGGGAAAAGAGCAGAGGAAAGAGGAAAGACACAGAGAGACGGGAGAGAGAAGAAGAGTGGGTTTGAAGGGCGGATCTCAGTCCCTGGCTGCTTTGGCATTTGGGGAACTGGGACTCCCTGTGGGGAGGAGAGGAAAGCTGGAAGTCCTGGAGGGACAGGGTCCCAGAAGGAGGGGACAGAGGAGCTGAGAGAGGGGGGCAGGGCGTTGGGCAGGGGTCCCTCGGAGGCCTCCTGGGG,8.886319481659529,3.151586010166321
8503,ENST00000316273.10,ENSG00000105552.14,BCAT2,48795062,48811029,102.20727214821034,1552,2048.61,833.732,9.16916,CGCCGCACGGATC,11.146852290527196,3.4785644663810493
8504,ENST00000323798.7,ENSG00000104812.14,GYS1,48968125,48993310,51.634276882060085,3574,4732.98,1500.59,7.14313,AGTGACGCTGCGGCCTCCTTCTGCCTAGGTCCCAACGCTTCGGGGCAGGGGTGCGGTCTTGCAATAGGAAGCCGAGCGTCTTGCAAGCTTCCCGTCGGGCACCAGCTACTCGGCCCCGCACCCTACCTGGTGCATTCCCTAGACACCTCCGGGGTCCCTACCTGGAGATCCCCGGAGCCCCCCTTCCTGCGCCAGCC,7.228522633923796,2.8537008191675985
8506,ENST00000408991.3,ENSG00000221916.3,C19orf73,49118397,49119140,3.881330273796232,744,823.606,40.0,1.09422,GATGTCACCTGGAGCGAGTAGCGCGCGGCGTGGAACGCGAGTCGCGACCCCGGCTCCCGGCAGTGGCGCGCACTAGCCCTCGCGCCGCACGGGACACGAGGGCTGGGCGGGCAGCGGG,3.5471205733730256,1.8266483710542796
8507,ENST00000262265.9,ENSG00000104872.10,PIH1D1,49446298,49453497,68.26383353705197,1192,1381.26,490.486,8.00044,ACAGTTCGGCACGTAGGACGGAGGGTAGTGCGTCTAGAGACACATATTCCCCACGGATTTGACGATGGTGTTCGGTCTTGAATGGAAATGTAGTCTTAGGCCAGTCTTAGGTTTTTGAACAGGATAGTAGGTATCCGGAGTCGATTGAGGGCCAGAGCAGGCACTGGGGTTCGGATCCTGGGCAAAGTTTCCCACGTTGAGGGTCTCGAGGACGCCTAGATCTCTTTCCCAGGGCC,8.532509904086771,3.0929701839293062
8509,ENST00000596358.5,ENSG00000142546.13,NOSIP,49555711,49590262,123.56113396175968,1005,1287.61,469.123,8.20852,TTTCCGGTGTCGGGGCACAGTTGAAGAAGCGACCGAGGGACTGGGAGTCGTTAGTGAGG,15.052790754211438,3.9119590791489602
8510,ENST00000246792.3,ENSG00000126458.3,RRAS,49635292,49640201,3.503011718461786,1044,1340.92,108.758,1.82735,AGAGCTCATGATTATGCAGTAGCCTCATTAGCGTAGCCCGCCCCCCCGGGTCCCGCCCGGCTCCCCCGCAGGCGGTAGCGAAGGCAGCAGCAGCGGTGGCGAC,1.9169900229631904,0.9388428284724254
8511,ENST00000313777.8,ENSG00000010361.13,FUZ,49806869,49817376,15.370685842519348,1675,2397.58,118.831,1.11665,TGTTTGAGTTGGGTGAAGAAGGCGGGAAGTTAATCCTCTTCCAATCAGCTCCCCATCTCGCCCTCTGGCGGCTCCGGACCACAGGCCGAGTTACTCTGATTACCGCCATGCTCCAAGACCCGCACTGACAGTCCCCACGTGAGGGACCGCGGTGGGAGTCCTAA,13.764998739550753,3.7829325727144827
8512,ENST00000391835.1,ENSG00000204673.10,AKT1S1,49859882,49878459,43.84610051691333,3075,4528.3,460.037,2.28886,ATTGCCCCGGGACCAAGGCGGGGAGAATGGTCCAGCCCGCGTTCGGATGCTGACGTGCGTTCCACAGGGGGCAGGGCTCAAGGAGTCGCCTGAGCCGGGGGGGCGGGGCCATGGGAGGTTCTTCCCTGGGGCGGTGGACGGGAGGGTGACGGCGCGTTTATAAGAGATCGGTGTTTGCCAAGGCCGTGCCGGATTCTCGAGAGCCAAGGCCTGAGAGAAGAGCTGATCACTAGACGGGGCGTTTCGCATACACTGAAGCGAGGGAATGCGTCCTCAGTGCTTACCCTGTAGCCGGCTCCTTCCATAGTCGCCGCCGAAGGCCCCACTGCCCCGCCTCCTCCTTTTCCTAGTCAGCGTGTTGTCACTTCCGGAGAAAACAGTTCCCCTCCGGGCCGGACAGTGGTAGCGGCCCGACCCGTTCTAGAGAAGGAGCGGGTGAAACCATTTTTCAGAAGGGGGTTATTCCACTGGAACCTCGAGGGTGGATCGGAGTCACGTGGCGCAGACGCTGAAGGTGGATCCGGCTACGGAGAGTGCGCAGGCGCAGTGTTCGCCCTCTCGCCACGAAGTAAACAAGTGGGAGGGTCTGAGAGCTGCACCACCTGGGGCAAGCACGCCTTGAAACGCCCACTTCCTTCTCCATATTGTATACTGGAATTGAAGCCAAGGAGGTACCATTTTGCTCGAGGGCATGGCCTAAGCCGGTCAGCTAAGGCCATGTTAATACGGGGCTGTCCCATCTCTCTGCGGGGCGCGACAGCTGGAAGAGCCGAACGGATAAGAGAAGAGGAGGTGAGAGGAGCTGTACACCACAAGAGGCACTGAGGGACTCAGGATAACGGGATGAAGCCGTCAGTGCCCCCAGAAACGAAGCGGCCCCGGACGAATTTCTGAGTCACCGTCGCGAGAAAGCGGGCTGAGCCGCCATTTTGAAGCCTGGCAAACCGAAGCAAGAAATGCTGCCGTGTTGGATCTTTGCCAGCCTTCGTGCCGAATGGGAGCAGGTTGGAGGGAGGGAGAGCCAATATACACTATGGGCTGATTAAGCCCGGTTGGCTGCCATGTTGTTAACGAGCACCGATTTCCTCTACTTTTGTCGAAGAAGTTTATTGTGGGTCAGGGACGTCAGGTCGCTTGCCTTCGTTTACTGTGGTCATGATTGAGCATATGAGGACGGCCATTATTGTTGGGGGCAAATGGAAATGCTCTAGGCGGGGCCATTTTTCTTAGGGGCAAGCTGTCGTCACCCTTGTCAACTGGTTCGGATGAAGCCCCTGTGGCCGCCATCTTGATCTCGGGCGGCCCCGATAAGGGAGGCGGAGTGTGCGGAGAGGAGGCGGGGCAACTGCGCGGACGTGACGCAAGGCGCCGCC,19.156305111240236,4.259747414221215
8513,ENST00000422090.2,ENSG00000213024.11,NUP62,49889654,49961172,140.89278463871048,3479,4705.8,1516.17,7.25898,ATTCAGGGTCCGCAGCTCTTTCACTACGGGGCACTGGTGGGCTACTGCGCAGGAACAACCAAGCACGAAGAATCGTTTAGAAAAAAAAAAAACACACCCTCCCCTGGAGTGCTCAGGCCCAGCTGCACGCGGGCTGACAAACATCGAGTCTAGAACTCTCCCACCCGGCCCCGGGCCCAGTGCGCATGCGCAGCCGCGCGCCTTCGGCCCACCGTACTACTTCTGCGCCTGCGCGACCGTGATTCCCCGCTCGCGACTCCCCACCCCCCAGGGCTCCCTAAAGAGGGCCACGAGCTGCGAAAGGGCGGGAAAGGCAGTTGGAGAAGAGGTAAGCGGTTACTCACTCCATGGCTGCAGCAAGGAGAGGCGGCGGCGGCCTCGGCTGAAGAAAGAAGGTGGGAGCGGAGAGCGCAGGCGTGAAATCTTCCCAAGGCTGCAGACACCGACGGATTTGCTTTGGGAGCCAGAGTAGCTGCCGCCACCAGAGTCCGGAGCC,19.409446594247466,4.278687079135916
8514,ENST00000316763.7,ENSG00000105053.10,VRK3,49976467,50025946,164.66781151188823,1938,2356.18,230.449,2.20358,GCTCTCCGCCCAGCGGAAGTTTTCGCTGGGCAACTGAGAAGGTGAGTCCGGGTAACTGCGGAGGATCCGAGGGTCAGGCTGCAGAAGCCCAGAATCCCACCCCAGTCCCCAAGTACAGAGGTCGCTGTCAAGATGGAGTTTCCAACCCAGTAAATCCAAGGGCCAGACCGTGACCTCATAAAGC,74.72740336719711,6.223565487194592
8517,ENST00000600100.5,ENSG00000142530.10,FAM71E1,50466785,50476753,8.925841724574036,1281,1574.55,75.0319,1.07363,CTGCGCAGCCTCCTTCCGTCTGTAACTCACCTAAAGACCCAAGACCTGCGACATCCGTAGACCGCGCCCGCTATGCACAGCTAAAGAGCACTCACCCCTCGCGCACCAGTCCCGGCCCGGCAGCCGCTGCCCCGGGCTCGACTGGGCGCTGCTACCGCCATCAGCAAGAGCAGGAGCAGCCGGGTTGCCCCAGCGCTGGCTGCCGCCATCTCGGCTTCTTCCCACCAGCGAAGGGACGGCTGTGAGCCAAGAGCCGCGGAGCACGCCGGGAGGAACAGGCCGCATCCTGACGCCCGTGCGCCTGCGCTGGGCCCCGGCACCTGCGCACTGGCACCCGTCCGCACCTGGGGCCTGACGTCAGCAGG,8.313703719693038,3.055491334714032
8518,ENST00000598418.5,ENSG00000161677.11,JOSD2,50505998,50511353,19.815286925873025,996,1262.41,86.8274,1.54959,TTCCTAGGCCCGACGGCCGACTTCAGGGCCACGCGGCCCGGGCGTTCCGTGTGGAGCAGGAGTCCCGCGGGGCCCCACGGGAGTCGTAGTCCGGCGCGCGGGGATCACCGGGAGCTGTAGTCCGTCCCGCCTGCCCAGTCAGCGCGGTGTTGCCCGCCCCGCACTCGGAGCCCAGAGCCGCCGCCCAGGAAGGGGATGCGGAAACCCCTGGCTCGGTGGAGCGGAGAGGCAGGCGGGCAGGAGCCGAGGACGGC,12.787438564957844,3.676655403695224
8521,ENST00000345523.8,ENSG00000167747.13,C19orf48,50797704,50804929,208.9752383906093,1718,2452.29,1464.06,13.4508,TCCCAGCGGATTCTCTCTCGTGTCGGGCCGCCCTCGGGGTCCTTTCTCTTCACGGCCCATCTTTGATGCTGTCTTCAGAATTGCCGGACGCAGGGGACAAGACAATCGTTTCCATCATATCCTTGCCCCTTTTTGTCAGCCCCAGAGACAGCGTCTCCTCGCTTGTTCAGGAAGATTCTAGCGGAAGCAGGCAGTATTCCTTTCCCTAAGCATGAAATGGGGTTTCCCAAACAGGCGTGTGTATTGGACGCCTCGGGCGGAGCGCGGGCTGGCGCCGAGGACCGGCCTTGCGAGCGGCGCGCACTATAAAATGGCGCGTGCTGCAACCCGCGCCCGCTTCGGAGAGAGAAATGCTGGGGTGCAGCTTCAAGCTTAGGACCACCCACCATGCCTATCCAGGTGCTGAAGGGCCTGACCATCACTCATTAAGAACAGAGGAGGCTGCCTGTTACTCCTGGTGTTGCATCCCTCCAGACACTCTGCTGTTTCCTGCCTAGGCGTGGCTGCAGCCATGGCTAGGAAAGCGCTGCCACCCACCCACCTGGGCCAGAGCTGGTTCTGCTCCTGCTGCAGGGACACTGAGCTGGCTATCTCGGCGCTTCGGGCAAGAACTGCAACAGGCTCTCCTGGGTCCTGCAGGTGTACAGCCGGGCCCCTGCCTTGTGCCTCAGCTCTCGAGAGCTGCTGCTGCCGGGTGACCTGATCCAACCTGATAAGGTGCCATCTTCAGCTACCACTGCAAGGCCCTGAGGGCAACAGCAGCACGGCACTGCCCACCCGGCTGCTGATGGCCTGGTGCCAGCTGGGAGTCCTCCCGGCACTTCGAGGCCACTGAGCCACCCTTCCAGCCCCAGCCCACCATGGACAGGGGTATCCAGCTTCCTCCTCAACCTCGTCCTCTGCCCCTGAGCCAGTGACGCCCAAGGACATGCCTGTTACCCAGGTCCTGTACCAGCACTAGCTGGTCAAGGGC,15.536268355087378,3.9575681203767057
8522,ENST00000309244.8,ENSG00000105379.9,ETFB,51345169,51369003,140.67429740506313,900,1010.96,510.892,11.3856,GCAGAGAGGGGCGCGGGGGGCGGGGGTGGTGGGGCTTCTGGACTGAGCCGCTGAGGGTGCGGGCTGACCCTGTAAGTGGCTGCGGCGGGAAG,12.355457543305853,3.6270765319592377
8523,ENST00000354957.7,ENSG00000198093.10,ZNF649,51889224,51905040,7.206742134392317,3197,3045.06,361.234,2.67272,GACTCGCGCCCTCGTCCGCCGCCATAGGCCAGTGCCGGGGTTTAAGGGCCAGGAAAGGAAGCATTCAGGGAATTTAGGTGTAGCCAGAAGAAAATCAGGTCCTGGCTCCCCAGAAGCAAGAGAGTTCAAATGAAGGAAGGAGGAGGTTCCTGGATGTGGATGTCATCATTTCTGGGAACACTCTTAAATGGAGACTCAGATTTCTTAGCCAAAATTTAGGGAGGATCCAGAAGAAACCAAAGACGAAGCATCCCAGTTCTTGGGTATTTCCTGAAACAGAAGAAA,2.696407455473195,1.4310385193589332
8524,ENST00000243644.8,ENSG00000256683.6,ZNF350,51964343,51986856,2.7829402635023013,2338,2167.32,176.207,1.83173,AGCAGTTTACGGAAGTGTAACGTTGAGGCCCTTCTTGTGTATCTGGAGAAAATAGAGGTTCTGACTCCTCAGGAGCAAAAAACATAACCTGAAGAGGGAGGAAGTGGATTTGGGGTTCACCATTTCTTGGGGCACACTTGATTGAAAACTGAGACTTCTGAAGAGAAGGCCAGAAGATACAAAGACAGACCATCCCAGTTGAATGCTGTCTTCCAAGAACAGAAGAAA,1.5192961099628772,0.6034030777018322
8525,ENST00000270649.10,ENSG00000142556.18,ZNF614,52012765,52030240,26.70180119875351,4818,3896.33,634.556,3.66924,GTGTTGGCCTTGGCTGGGCACCCGACTCTTGAGTGTCCCTTGCAACGAAGAGAGAAAGGCACTGAGGTGACTAAGAGTGATTCCCACAGCCATTATGGCCGCTCCTGTCAGAAACGCTGCGATGGGCGCAGCCCTGTGACCTCATAGAGCGGCGCCCGCAGTCTGAACTCGCGATCCCGGGCAGGCTCCGTGGTCCTCGCCTCGCTTCACGGTCTTTACCGCTCAGCTTCCCGGAGTCCGCGCAGGAGCGCGTCTGAATAGGAAGCGTTTTCGGACGTGGATGCGGCGTTTTGTCGCTGCCAGTGGTGTCTGGAGAGGTTCGGGCTCGGTCCTCAGGTCCTGGCTCCCAGAAGCAAAATAACTCAAGTGAAGCAATGAAGGAAGAAGAAGGAGGTTGCTGGCCTTGGATATCATAATTTCTGGGGACAACTTTAAGTGGACACTAATATTTCTGACTAGGAAAACTTCAAAAACTTCATGGCAAATGCAGAAGAGACAAAGACGTATAGTCCATGTTATCCACTATTTTCTGAGCACAGAAGAAA,7.277202145063695,2.863383886236264
8527,ENST00000594154.5,ENSG00000256087.6,ZNF432,52031379,52095765,2.488823696494539,4513,3690.47,164.35,1.00335,GGGAGCTGGTAGGAGTCCCTGTCCACAGGTCCTGGCTACCCTGGGAAGAGACAAGAAGTAAATGAAGAAAGAGGAAGATTCCAGGACCTAGATATGATTTCTGTGGACACCCTTCACTGGTGACTGAAGTTTCTAAATAGAAATTTAAGGCAGATCCAGAGGAGACAAAGACAGAGTATCCCAGGTGCTGGCCATTTCCCACAACAGAAGAAA,2.480513974679363,1.3106390850853877
8529,ENST00000594295.5,ENSG00000197608.11,ZNF841,52031379,52095765,1.7862031761166453,3819,3271.84,177.365,1.22135,GGAGTAGAGCATAAAGGAGGGGAGAAATGGGGCAAGAAATGACTGACTGTCACTACAAGATATGTCTTTGGTGTTTTTTTTGGCTTTGTTCTGTTTTGTTTTGGGGGGGGACATGGTCTCTCTCTGCCGCCTAGGCTGGAGAGCAGTGGCATGATCTCGGCTCACTGCAGCTTCTACTTCCTGGCCTCAAGCAGTCTTTCCACCTCAGCCTCTCAACGCACTGGAATTACAGATGTGAGCCACCACACTAGGCCTACAAGTGGTCCTTACACCAGATTAATTTATCTTGAAATGGCGGGCAACTGAATCGCACACCTCAATCTATGATTTGACTTTTAAAGAATTAATTATATTGACTGAGAGAGAGGCCCAGGAGAGAAAGAAGAAAGAAAAGGAGCCAGGG,1.4624826430725388,0.5484195027119285
8530,ENST00000600228.5,ENSG00000204611.6,ZNF616,52113091,52171643,6.963171013651702,4335,3573.76,370.002,2.3326,CAGGGAAAGGCCTTATCGCTGTGTGTGTGTTTCAGTCTACGTGGATTAAACATTACTTCGCTCCGTCTGCCTGGATTAAACGTGCACTTTGCAGTCCTCACTTCTCCGTACCAGTGATCTGGGGATCGCTACGGACCTTAAAATACCCATAGCCCCTTCGCCCCTGCAACAGGCACTTCTCCCCACGTTTGATGTGTGAATAATTACATTGACTGAGAAAGAAACCCAGAAGAGGAAGAAGAGGAAGGAAAAGGAGTCAGTG,2.985154340071895,1.5778055244214184
8531,ENST00000243639.8,ENSG00000204604.9,ZNF468,52797409,52857649,6.106934053856854,4027,3269.22,204.078,1.40642,GGTTTCTGTCCTGCGCGCGCAGATTCGCGCAGACCAGGAAGTGGATCCCGTGGAATGACGGTCACGCCGCGGCGGGCGGATTGACTTCTAAAGACTGTTGGTACGTGAGAAAGAAACCCAGAAGAGGAAGAGGAAAGCAAAGGAGTCAGGG,4.3421837387529,2.1184207746354993
8533,ENST00000444460.6,ENSG00000180257.13,ZNF816,52861807,53037898,11.597244443090934,2504,1946.56,90.1728,1.04369,CACAGACCCGGAAGCGGATGGCGTGGACTGAAAGTTGCACGGCGGCGTGTGCGTTTCCTAGTTGTCTGGTGCTGCTATATAGGGGACGTGGGGTCCCCACAGACCTGCAGGTTCCGGCCCCTCTTTTCTCAACCCAGAGCAAATTGAAACGTCCGGGATTTCCAAAGACTC,11.111771161064047,3.4740168883584
8535,ENST00000391759.5,ENSG00000105619.13,TFPT,54107013,54115675,17.5780051219319,1205,1411.64,163.401,2.60791,ATTTGAAACAACAACTTTATTAGCACCTGGCACTAGGCGGAGAGAGGCGGTAAGCCGCGAGGAGGAAAGGGACTCACGTCCCGCTGTGGACCGATCCTGCTAAGCAGAGAATCGCTGTGGCCGGACGACGGGGCGTCGAGACAAGAAGAAAGACGTTGGCAACTCAGAGGACTGGTTGCGGCGTTAGACAAGAAAGCAAGGCCTTTAAGCAGGGATTCGGGGTGGACGTGGGGGTGGGCCGAAGCGAAGCCGGAAACAGGAAACTACAACTCCCACAAGGCCTAGGGCCACGTCCCGCCGTCCTCGGCTGCTGAGCCTGATGGGACAAGTAGTTTTGCGAACGGCTTAACCTACAGATTGAAGAGGTCGGAAGCTCTGAGGCCCGGGGCTTCCGGAGGTCGCGGAG,6.740265239955328,2.7528053648253765
8536,ENST00000222224.3,ENSG00000105617.3,LENG1,54155161,54159882,23.110531130080155,1542,2075.53,193.585,2.10138,AACGCCTAGCATTCGCTGTGATAAAGGGCGTCTCAGCCAATCACCTGTCGCTACAGGCCAGGGGGCCGTACCAACTAATTCGGAACCAATCCGCGGTCGAAGTAGGGACAAGAAAAAGGGGGGCATCCTCTCGCCAATCGGAAGTGCAAAGAGGCGGGCGTGCCAGTCCCTGGACAGCTACGACGCC,10.997787706212183,3.459141438067318
8537,ENST00000610356.4,ENSG00000160439.15,RDH13,55013705,55071291,20.346267815039777,1931,2682.79,132.149,1.10978,GATCCCCGCCCCCTCCGCCCGCGCCCCGCCCCTCGCAGCCCAGTTCCGGACGCGGGCCCAGCCGCGCCTGCGCCTCCGCTCGCCTGTGGCTGCGTCGCGCGCTCTTCCTCGGAGCTACCCAGGCGGCTGGTGTGCAGCAAGCTCCGCGCCGACCCCTGACGCCTGACGCCTGTCCCCGGCCCGGCATGAGCCGCTACCTGCTGCCGCTGTCGGCGCTGGGCACGGTAGCAGGCGCCGCCGTGCTGCTCAAGGACTATGTCACCGGTGGGGCTTGCCCCAGCAAGGCCACCATCCCTGGGAAGACGGTCATCGTGACGGGTGCCAACACAGGCATCGGGAAGCAGACCGCCTTGGAACTGGCCAGGAGAGGAGGCAACATCATCCTGGCCTGCCGAGAC,18.333604691956765,4.196418566522217
8538,ENST00000585321.6,ENSG00000105048.16,TNNT1,55132794,55149354,3.072420005901032,995,1103.32,104.989,2.1439,GAGGAGTGTGGCACTTTGGCGGGGAAGGGGCGGCTCAGCCCTCGGGCCCTCGCCCGCCCTCTCCGGGTCTGGAGCGTCTCCTCGCGCCATCCCTGCACCGCCAGGGGGAACGTGCCCATCGCAGCCGAGGCCAGAGGGACCCCCGTCCAGCAGAGACTGGAACCCTGGTCTCTGGCCACCGCCCCCATCCCTCCCCCAGCTCCTAACGCCTTCTCTTCTGTGCCCCCATCTCCAGAGGAGGCTGCGGAGGAGGAGGAGGAAGAAGAGGAACGCCCCAAACCAAGCCGCCCCGTGGTGCCTCCTTTGATCCCGCCAAAGATCCCAGAAGGGGAGCGCGTTGACTTCGATGACATCCACCGCAAGCGC,1.4330985614539073,0.5191378344646487
8539,ENST00000412770.6,ENSG00000105063.18,PPP6R1,55226639,55258995,30.293911585694413,3961,6329.3,1888.41,6.72207,GAGCCGGGCGTCGGAGGCCCTGAGGCCGGCCGCAGAGCCCGGAGATTGAGCGGCTTTGGGGAAGGGGTGGTTAAGGAAGTAGGCCTCGGCTTCCGTCGGTCGCTGCTCGGCTCTGCGGCCCGTTTGGACCGCGGAGGAGGTCGCCTTCCCCTCCCGTGGGGCGCTCGGTTGGACTGTGGAAACCGGGGCAACTTCCCCCGTCTTCCCGGCTGAGGCGCCTGCGTGGGCCTCGCGACCCGGCTCGCCAACCCGCCTCGGCCCGCACGCCCACCTCGCCTGCGGACCCCGGAGGTGCCTACGCGGACTAGTGACGCCCCCCGCCCGTCGGCAACTCCACCCGGCGCTGACCCCCTCAACTCTGCAGGACCCGGCGCGCGAGGACCCCACGACCCGCGGGCGCCTGCGCGGACCCCGCGAGCCCCGGCGCCTGCGCGAGTCCCCGACGCCGCCCCCGCCCCCACTCACCGGGCCCCGCAGCAGGGGCCGGAGCCGCCGGCGGCGGGGCGGGGGGGGGCGCCCCGATGAGCCCCGAGTGCGAGGAGCCGCCGCCCCCCCTCGCAGGGCGCC,4.506634353063031,2.172050401368511
8540,ENST00000255631.9,ENSG00000133265.10,HSPBP1,55262231,55280381,94.90003923029816,1768,2590.42,397.93,3.46097,CGCTGAGGTGCGAAAACTGGGCCAGGGGCAGGGCTTTGACCAGCTACTTGAGCGTGAAGGGGCGGCGCCCGCACGAAGGGGCGTCCCAGCTTGGAGGCGGGGCCCGGATGGGAGGGGCGGGGCCGAGTGCAGTATCCCGCCAGATGGCGGCGCCCAGCAGAGTCAGGTGCGGACGACTTTGTCTGTAGGAGCAGCGGCGGCTTGAGGACCCGGGGAGACCCTCAAGAATCGACCCATCAGGACGCCAGAGCTGCTTCAGCGGTGACCACCTTCTCCCTCTAACACATTCTTCCCTTCTTCACAAACGGCCC,27.420069873560927,4.777160342376178
8541,ENST00000264552.13,ENSG00000108106.13,UBE2S,55399745,55407777,35.74165328364962,2548,3337.92,3088.94,20.8495,GCCGGGCACCGGGGCGGCGGGTTGGTCTACGCTGTGCGCGGCGGACGTCGGAGGCAGCGGGGAGCGGAGCGGGGCCGCCGGGGCCTCTCCAGGGCCGCAGCGGCAGCAGTTGGGCCCCCCGCCCCGGCCGGCGGACCGAAGAACGCAGGAAGGGGGCCGGGGGGACCCGCCCCCGGCCGGCCGCAGCC,1.7142690848053728,0.7775935836888602
8542,ENST00000425675.6,ENSG00000063241.7,ISOC2,55452985,55462343,64.18615336808834,998,1172.87,158.489,3.04447,GGTGCCCCCGCCTCACCTGCAGAGGGGCCGTTCCGGGCTCGAACCCGGCACCTTCCGGAAA,21.082866104145662,4.397999101955707
8544,ENST00000221665.4,ENSG00000179943.7,FIZ1,55591371,55601970,6.842910329048158,2660,4058.55,203.444,1.12937,GGGTGGAAGTGACGCTGCCCCCGCTGCCCAAAATGTCGGCGCCCAGAGGGAGGTAGAGAGCCCCCACATACCACTGTATTCCCCGCCACC,6.059050912498258,2.5990918281758733
8545,ENST00000610935.1,ENSG00000142409.5,ZNF787,56087366,56121280,26.07736195440144,1925,2811.69,468.767,3.75623,GCCCGTCCCCCTGACCCCAGGGTCTGAGTCGCCGCTGCCGCCGCTGCCACCATCCGCGAGGCAGGAGAGAGGAGGAGGAGTGCGGCGCGGCGGCCCCGGGACCAAGGAGGGACCCAGAC,6.942429498300541,2.7954406212744223
8546,ENST00000427512.6,ENSG00000197128.11,ZNF772,57437970,57477570,4.792184093439878,5130,4572.91,279.583,1.37746,GGGCGGGACTTCCTCTACCATCCTCGGGTGGACATTTTGTTTGCTTTTCCATTAATCCACTGGTTTAGTTTCCAGAACGCAATGTCAGACCTGAGGTGACAGAAAAGGGAAAACGTGAGAGAGTGTCTTCTTCCCTGAAGAGAGGTGGGCCTGAGGCTTGACAGTGGCGCTGCCTGAGTGACCTAGCCGCTGGGCTGGGCCCTGGACAGCTGATCCCAGGTTCCTGCACTTGTCGCCACCCTTCCGTAGTCCACAGGCCTGATGGCGGCGGCTGAGCCGATGGGCCCGGCACAGGTTGTTGGCATGGA,3.4790005469776824,1.7986729057821573
8547,ENST00000196489.3,ENSG00000083817.8,ZNF416,57571566,57578927,4.51318880821855,2561,2832.09,251.0,1.99677,TTGCATACGGTAAGGCGGGACTTCCGGCACCGCTCCGAGATGGTAATTTTGGTGGTTCTCTACCTCGGCCCACGCCGCCTGAGTTAGAAACGCTGCCTCCGGCACAGAGCGGGGGTCGCCCCGCTGCGCATCAGCCGGTGGGTCGCTGGCGCTGGTGGCAGCCGTGCCTGGGTTCCCGCCCCGGGTCGCCCGCCGCTCCCGGCCCCGCTCCGCTCACAATCCG,2.2602446992986427,1.1764789705848178
8548,ENST00000391701.1,ENSG00000178935.5,ZNF552,57803841,57814913,1.8351875784050675,2352,2526.43,203.129,1.81145,AGTAGCGACCATTTCCATTGGCGTTAGGGAGTCCTTGGAGCGCTGTGTTGGGACCGTGGTGGTGACTGGATCCAGGAGGTCGAGAGTCGTTCTTCTCTTTGCACAGACGTGACTCTGCAGCTCTTTAACGGCGCCCGCTGCTCTCAACCCAGCTTACCCCACGTGGTCCC,1.0131041863728325,0.018782546729717575
8549,ENST00000312026.5,ENSG00000173480.10,ZNF417,57848731,57916610,1.004812287725717,3597,3418.5,318.846,2.10139,CGGTGACGCGGGTGTTTCCCCAGTTTGTGGCCCCTGAGTGCTGGGGGGGGACCGCGGTGACTGAACCTAGAAGGTGGAGAGGAATCGTCCTCGGTGCCCAGAGGCGGCTCTGCAGCCCCGTGACGGCGACCACTGCTCCCGGGCCGTGCTTCCCCAAGTAGTCCG,0.4781655417251044,-1.0644179267230256
8550,ENST00000282308.3,ENSG00000152454.3,ZNF256,57940833,57947675,10.903077351569756,2172,2157.94,206.536,2.15634,GGCATTTGTCTGGACTGATTACTTGGTAGAAAGCCCCGGAGCGCTGGGTCAGCATCATCCGTGACTGACTGAGAAGGCGCGAGAGGAGTCTTCCCCGCTGCACAGAGGCGTGGCTGAGGCTCGGCGGCGCCCAGGGTACCCAGGCCCGGCCCGGAATAAGGACATCCTCTCTGGCCCCGCTCCGCTCACAGAGTCAG,5.056288596218479,2.338078810123179
8552,ENST00000598312.5,ENSG00000181894.14,ZNF329,58126252,58155110,5.493269510891282,3410,3472.2,208.564,1.35331,GAACATGGCTGCCGCCGGCCGCCAACCGGTCTTGCTGTCTCACCCAGGCTGGAGTGCAGTGGCACGATCACAGCTCACTGCAGCCTTGAGCTCCTGGGCTACCAAGTAGCTGGGACTTCAGAGATGGCTGGAGCCGTGTGGATGGGCATAAATGGCTAATGTCCAGCAACCATCGATGTCAAGTATCCACACACCTGGCCTGAATGGATCCCTCTGCCTTTCAGAGTTTGGGAT,4.059136126158295,2.021172722701399
8553,ENST00000253023.7,ENSG00000130725.7,UBE2M,58555712,58558960,184.8618836325337,1508,2069.71,1420.32,15.4611,CCGGGCGGGAAGAGCCAAAGCGGGCAGGCGGCGGAAATATCCGAAGCGGCGGGGCGCCCGAGGCCGTTGCCGACCTCCGCGCTAAAGCCGCTGCTGCCGCGGAAGACGATCCTCCAGTACCCGCCCGCCGTCACCGCAGCTGCCGTGTCCTCCTCCCACCCCTAGCCGCACCCCCTCGCGGAGGGATCAGCTGAGCGGCCAAACGGCACGGTCGGGGGAGCCCCGAGTCCGCAGCTGCAGCGGGGCCTGAGACCAGAGTTGGCGAGGGCAAGGAAGGAGCGGCCCCGGGCAGTGGGGGCGGGGCCGGGCGGGCCCGAGAACAGCCGAATTTGGCCGAGCGCTGCCGAGCGAGTCCGAGGCGCTGGGCCAGGCCGGAGCCGGACTACGGGAGCCGAGGCGGGCCGCGCGGTGGGCGCGGAGAGGAGCGGAGCGGCGCGGCAGGCCGGGCGGGTGGCGGCAGCAGCGGAGGAGGCCGCAGCTGCGGGTCCGAGGAGCGGAGGCGACGCGGGCGGCGGCGGGGGGCCGGGTGGCCGGGGTCCCGGGCCCCGCGGCGGCGGCAGCGGCGGCGGCGGCGGCAGG,11.956580297167323,3.579732918053913
8554,ENST00000500893.3,ENSG00000247315.3,ZCCHC3,296968,300321,64.74341408738512,3354,4191.43,911.0,4.89686,TAGTGTGACAGAGTAAAATTTTAATGATAAAAAGTTAATGGTAAAATGTTCACTGTAAAACTTTCAACTTTTCTTCTTGAAAACGTGCATAATCCGACGTGGGAAAAAAAATAACGCATTGCAGTCAGTTCTGGGGAAACGGAAAGCTAAGTTTTAATTTTGCTATTGCTTTTGCTTTTTTAACAGAAAAGGTACAAAAAAGAAAAAATGGGAGAGATGTTGCCGAACTCCGTCCCGCCTGTGGGCTGTGGGCCGTTAGCAAAGCTGCTAGCATGAAATCGTCGAGCACCGCTTGCGAAACGCCAAATCCTCGAGAGCGAGGCCGGAGGCTGCCAAACCCGCGCTGGGGAAAGGGCCGCCTCCGGGCGCCCCATCCCGCTGCGGACGGAGGTGAGGTTGGAGCGAGCGCTGGCGGAAGAGAGGCTCAGCGCAGGGGGCGCAGAGCCGGCGCTGGCCAATATGCGCCGCATGTGATACCTTTGAGGGCGCGGCGGGGGAGGGTAGCGTCAAATTTCAAAAAAAAAAAAAAACCAAACCCACACAGCCCCGGCGGGCGGGCGCGCGCGATGGGCGCCCTTTGGCTGCGGGAGCGAGTGGAGGATGCTGGGAAGGAGGTAAA,13.221414148532961,3.7248045891281008
8555,ENST00000342665.4,ENSG00000177732.8,SOX12,325595,330224,32.76130257030227,4630,6898.73,609.0,1.98889,CCGCGGCGGAGCCAGAGGCTGCAGGAAGAGCCCGCGGGGGCCCGGAGGGTGCGATTCCTCGGCCCCCGCAAAACAATGTGTGTTGTGAGCCAGGACGCAACTTGCCGGAGGCGGCGGGGGCGCGCCGAGCCCGCCTGAGACCGCGCTGACCTTCTCCCCCCGCCGTCCGTTGGGCCCGAGCGCCCAGCTCCTCGCTCCCCAGTTCGCGGGGGCCGGGCCGAGCCGCGGGGCGGGGCCGCCCCTCCGTCGCCGCTGCCTCCTCCCCCACCCCCAGCCGCGGAGGATGCGGACGGCCCCCGGCGGCGTCTAGCGGCCCCGGGCCCAGGCGCG,16.472154101183207,4.041957326811648
8556,ENST00000382291.7,ENSG00000125841.12,NRSN2,346782,359660,77.6568456834801,2088,3102.31,492.694,3.57812,GCGGCCGCCGTCTGCAGAGCCAGGCCCTGAGGCGGGCCGGCGCCCCCTCCCCCGCCCCGAACTGCGGCGCAGGCGCGAACCGGACCCGCCTTTGCTCGGCGGAGACAGCAGGCAGAGAGATGAGGAAACTGAGACCCAGAAAGGTGGAAGCACTTGTCTAAGGTCACGCCTCCAGGAAGCAGTGTGTCCACGACTCCAGTCCAAGTGGTCAGGCTCCAGAGCCCACAGTCCCAGGGGTCC,21.703253575475415,4.439839430891172
8557,ENST00000217233.7,ENSG00000101255.10,TRIB3,362835,397559,18.875858875779876,2499,3443.63,573.778,3.75396,GGAGCTTGCAGTGAGCCGAGATCGCGCCACCGCCCTCCAGCCTGGGCGACAGAGCAAGACTCTGTCTCAAAAAAAAAAAAAAAAAGAGCAAATTTTTTTTCCAAGGTGATAGGGAGAGTCCGTGGCTGATGTCTGCACTGACCAGACGCCCCTAGGGGGCCAGCGAGGGCGGGTCCCAGGTGCAGCGGATGCAGAGGAGAGAGGCCCGGGCGCGGCGCGGGGGATGGTGCGATCCCGGGCCCGAGGGCATCAGACGGCGGCTGATTAGCTCCGGTTTGCATCACCCGGACCGGGGGATTAGCTCCGGTTTGCATCACCCGGACCGGGGGATTAGCTCCGGTTTGCATCACCCGGACCGGGGGCCGGGCGCGCACGAGACTCGCAGCGGAAGTGGAGGCGGCTCCGCGCGCGTCCGCTGCTAGGACCCGGGCAGGGCTGGAGCTGGGCTGGGATCCCGAGCTCGGCAGCAGCGCAGCGGGCCGGCCCACCTGCTGGTGCCCTGGAGGCTCTGAGCCCCGGCGGCGCCCGGGCCCACGCGGAACGACGGGGCGAG,5.0282525322006295,2.3300571075556813
8559,ENST00000335877.10,ENSG00000125818.17,PSMF1,1113263,1208274,193.48577629149736,4290,4824.03,1136.09,5.30599,TTCCGGCTTCCCCGCCCCGCCCCGTCCCCGGGCGTCTCCATTTTGGTCTCAGGTGTGGACTCGGCAAGAACCAGCGCAAGAGGGAAGCAGAGTTATAGCTACCCCGGCCGCGGAGCCGGCTCACTGCACTACCCCCGCCCCCTTCTTTCCTCCAGACGCCGAAGTCGCGGGCGCTC,36.46553730623264,5.188461746710696
8560,ENST00000381482.7,ENSG00000125834.12,STK35,2101611,2177038,11.788195688984692,6685,9069.45,1373.0,3.41076,GACAATCACCCAGTCAGTATTTATTAGGCGCCTACTGCGGACGGTTGGTCTTCACGCAGATCAGGCGAGAAGGGATAGTGATGCGCGGGCCGCTGCGGAGACCCGGAGCCCGCCGCGGATCACGGGAATTTCGCGCCTATTTTTTGTTGGCTGGGTGTTCTCGCCAGTGATTGGGTCCCGGCAAGGCGTGCCGGTGCGCTCGGCTGCGGCTGCTCCGTCGACCTTTGCAGGACCGGGCGGTGCAGGGCTCACTCGGCTGGCGTCCCGGGGG,3.456178590397651,1.7891777675083669
8561,ENST00000329276.9,ENSG00000101361.15,NOP56,2652145,2658393,143.90217413339295,2400,2958.98,1142.06,8.69575,GGCTCGTCCCCGAGTAGGGGACGGGAACGCCTGGGTCCCGGGGACGTGGGGCGCAGGGTCTGGGGCCCGAGGCCACGGACGAAGCGGGAAGCCGGCTAGGCAGCGGTCTCTGTCTGGGATGGACGCCGCGCCCCACGCGGACCTCCCGCCCCGACTTCACCCAGCTCTGCTGCCCGTAACTCATATGACAAGAACATCAGGAACCGGACTATTACCCCGAAAGGGCCTTCCCAAGTCGTTTCGCCGCCTGCAGTGCCCGACCGGGGGCCGCGCGTCCCCGGCAACCACGCCCGCCCGCGCAGCTGCAGAGGCCGGAAAAGGCCCGCTCGCCCGCGCTCGGCACCACCCAGCCCGCGCTCCGGGCGATACCACCCTGGGCGGCCCCTCCAAAGGCCGGAGATGGTGTCGTCCCCGGCCTCCGATTGGTCGGGGGGGCGGGGGCGTGGCCTCTGGAGCCTGGTTCCGCGCGCCGGAGCGCGCTAGCCGCATTGCGAGCCGAACCCGGGAGCTGGCGCC,16.548563853996832,4.0486341149036225
8562,ENST00000380445.7,ENSG00000215305.9,VPS16,2840703,3039076,16.772745526154562,2750,3502.25,390.165,2.50994,GGAAGTGCCGGCCTGGAGCCCGCTCTAGGTGGGTGTCCCCTCGGTGCTTCCCAGCTGCCGTCTGCACCAGCC,6.682528477236334,2.7403940804489144
8563,ENST00000380325.3,ENSG00000125901.5,MRPS26,3045945,3048254,169.92533049499622,1127,1307.52,709.0,12.2169,AGAGGCCACACGGCCGGGCGGGGCGTGAGGGACAGCCCGAGGACTACAGGTCCCAAGGTTCCCCGCGCCGCTTCCGGGGCACGGTGGCGTCCCGGCACCGCGGCCGCAGTGAGGAGACTCGGCC,13.909038339922256,3.7979507714040825
8564,ENST00000380113.7,ENSG00000125877.12,ITPA,3208868,3223870,135.42503476117238,1185,1332.58,351.184,5.9375,GCAAATCGGACGCTGTGGGCTAGGCCGCCACCGCGAGCCCACTCGCCCGATACGCGCCTTGGGGTCCGGGTCGGCTTTCCCCGGGACCCCTGGCCGGAAACTGAGCCGTTCACTTCCGCCACCAGCCGGAAGTTTTCTGTCACTGGACGCCAAGGAGTTTTCGGTGGCTCAGCTGGGTAACCGGGGATCACC,22.808426907144824,4.511495042566677
8565,ENST00000262919.9,ENSG00000088812.17,ATRN,3471040,3651122,5.49335734579361,8633,9593.09,1034.74,2.43015,GGCGAAGCGGAGCCGGCCGTGCGGTGTGTGTGTATGTGTTCGCGGGGCGCCGTCTCAGCCCCGGGAAG,2.2605013459225196,1.1766427766505523
8566,ENST00000245960.9,ENSG00000101224.17,CDC25B,3786772,3806121,36.92680316917389,3597,4942.3,385.735,1.75842,GCGTGACCTTGATTGAGTTAATGAACTTCACGCCTCAGCGTCCAGGTCTGTAAAATGGGGTGTCTAACGCAGACCGTACAGCCCAGCTGGGTTTAGCAAACTTCCGGGAGCCAGTTGGAGCCTCTCCCCATCCCTAGCGGTGATCCCAGGTGACGACATGCCGCGGGGGGTCCTGCGGAGGCCACCCTAGGGCGTTGCTGCTGCCTTTGGGAGTGTGGAGCTCCAAACCATGTCGCGAGAGGCGGATTTTGGGAGGCCGGGATCCTCGCGCCAGGGGGATGTGCGAGGGTGTGGGATAAATCTTAATTCCTCCGGCCCACCCAAAGCCTGGAAATCCAGCCTCCGCGCCTCTTGCCCTGCGGGCCCCGCCCTCAGTCCCGCCCTCATCTAACCCGCTACCCCATTGGTGGCGTCCGGCGGCGCGGCTGCTGTTATTTTTCGAATATATAAGGAGGTGGAAGTGGCAGCTGCAACTAGAGGCTTCCCTGGCTGGTGCCTGAGCCCGGCGTCCCTCGCCCCCCGCCCTCCCCGCATCCCTCTCCTCCCTCGCGCCTGGCCCTGTGGCTCTTCCTCCCTCCCTCCTTCCCCCCCCCCCCACCCCTCGCCCGCTGCCTCCCTCGGCCCAGCCAGCTGTGCCGGCGTTTGTTGGCTGCCCTGCGCCCGGCCCTCCAGCCAGCCTTCTGCCGGCCCCGCCGCG,20.999990428437965,4.3923167652145585
8568,ENST00000428216.3,ENSG00000088888.17,MAVS,3846799,3876123,26.935629837310994,11714,16144.8,2524.12,3.52241,GCGGGAAGGGTCCTGGGCCCCGGGCGGCGGTCGCCAGGTCTCAGGGCCGGGGGTACCCGAGTCTCGTTTCCTCTCAGTCCATCCACCCTTCATGGGGCCAGAGCCCTCTCTCCAGAATCTGAGCAGCA,7.646932025888808,2.9348810499216027
8569,ENST00000379440.8,ENSG00000171867.16,PRNP,4686236,4701590,148.8661470362083,2657,2673.71,355.262,2.99363,GAATCTCAACTCGTTTTTTCCGGTGACTCATTCCCGGCCCTGCTTGGCAGCGCTGCACCCTTTAACTTAAACCTCGGCCGGCCGCCCGCCGGGGGCACAGAGTGTGCGCCGGGCCGCGCGGCAATTGGTCCCCGCGCCGACCTCCGCCCGCGAGCGCCGCCGCTTCCCTTCCCCGCCCCGCGTCCCTCCCCCTCGGCCCCGCGCGTCGCCTGTCCTCCGAGCCAGTCGCTGACAGCCGCGGCGCCGCGAGCTTCTCCTCTCCTCACGACCGAGGCAGAGCAGTCATT,49.72763736206823,5.635975982955456
8570,ENST00000460006.5,ENSG00000101290.13,CDS2,5126786,5197887,46.30973245484311,9298,10872.2,691.256,1.43247,GACCGTGATGGTGGCGCTGCGCGTGCGCACTCGCTCCGAGCCCTGCTCCCGGGAGAGGGAGCTCTCGGGTCGGGGCTAGGGAAGGCTGACCCCGCTCGGCCCGGGTGAAAGGGCGGTGACGGCACTGGGTGGGGCCGAGCTCCAGGGCTGGCTGCTGGGCTGCTAAGGGAACTGTGAGCCGCTCAGAGCCGCGCGCCTCCCGGGCGGGGCGGGGCCGGCCGTGGGAGTCCGCGCGTGCCCGCGCCGAGCTGCCTGCTCCGGCGGCTTCGCTGCTAGCTCGCGGCGACGTCGGGCCGATTTTCCCAGG,32.32858800173344,5.014738591915774
8571,ENST00000378979.8,ENSG00000171984.14,C20orf196,5750393,5863912,12.335227513754944,585,371.71,17.2791,1.04732,GCTTCCGCGTTCCGGTTGCGGATGGTGAGTGTGTCGGGGGGCTTGGCGGCTTTTCTCCTCAGTTTTCTGGAGTGCTTTGGAGGAGAGGACT,11.777897408389933,3.5580101069560692
8572,ENST00000378896.7,ENSG00000125885.13,MCM8,5950652,5998977,21.409390755702333,3769,3417.54,574.985,3.79058,CTTTGAGCGGAAGTTGGATCACTGAAGCGCCAAAAAAGAATTTAGGGGAAGACCTGATTTTCGCTTGAGGCATTTTTGCGGCGCTGTGCGCTACAGACACCTTCTGGAAGCTGCGGTGGGGAAACTGAGTTTCCCGAGCCGTTGAGACAGATGGGGTTCAGCACCGCGCGGGGACGACAGGAAAGCTGCGGCTGAAGAGAACTGCGGACTTGGCAGGAGTCGCCTGAGGAGCTAAGATCCCGGAGACTCTTAGCCCCGTGGTGCTTCTCTACGGGAGGGAGGGAGGGAGAATCCGGCCGGACAGATCTGCGCGTATCCTGGAGCCGGCCCAGTTGTGAACTAGGAGAGCTTTGGGACCTCTGTCCCAAGCAAGTAAGAACTTTAGCCTTAGGAGATGTAAATAAAGTAGTATTTGAAGAAGCACAGGAGAG,5.648051421076018,2.497753223275111
8573,ENST00000378863.8,ENSG00000088766.11,CRLS1,6006090,6040053,59.90929893873724,3958,3329.24,179.337,1.21363,TGTATAAGTGGAGTGTGCTGGGGTGTGTAAAGTAGTATGGAGGCAGCGGTAGCCCAGTGTCTGAGTGGTTGCCGGGTCTCCATGGAGAAGCGGCTCGCCAGTGTCCCAGGCTGCTGAGCTCTCGCCGCCCGAGACCCCGCGGCGCGGCCGCAGGGCC,49.36372612636243,5.625379392558118
8575,ENST00000254977.7,ENSG00000132640.14,BTBD3,11890723,11926609,15.74373262121199,4686,4507.11,278.247,1.39089,ATTGCGCATGCCCCGTATCCAAGGCCGCCTCCGGGAGCACCTCCCATGCCGCTCCGCTCCCTCCCGGTGACCGGGCACGCGCGCTCGCTCCCGCAGAGCGTGCCCTGCGTGCGGGTGCCCGCCGAGCCCGCCGGGCGCTGGATCTCCGAGTGCCCCGGCCGGGGCCTGAGGAGCGGGCACAGGGCAAGGCGGCGGACGGCTGCGTCGCCCGAGGCGAGGAGGAGCGCTGGCGAGACGGTAAAGAACAGGTCCAAGAAAAGCTCAAAGAAAGCAAATACCAGCAGCAGCAGTAGCAACAGCAGCAAGTTGCCACCAGTTTGTTATGAAATAATTACCTTGAAGACTAAAAAGAAGAAG,11.319178814436793,3.500697391987079
8576,ENST00000463598.1,ENSG00000101247.17,NDUFAF5,13784950,13821582,4.330979622251505,991,707.224,77.8382,2.47969,ATTGGGGTCGCAGCTGGAG,1.7465810735420575,0.8045336119182228
8577,ENST00000377943.9,ENSG00000125870.10,SNRPB2,16729961,16742563,121.05073906101968,1588,1218.83,1065.56,19.6968,TTCTAGACTTGTCGGCGCTCGATTGAGGAGCGTGGCTACGTTGCTTCCGGTGCCTGGCTCCGTTTCCTGCTTTTGGTTCTTACAGTAGTCGGCGTAGGCCTTAGATTTTTTACTGTCTCCTGAAGAATTTAACACAAAC,6.145705853794509,2.6195787182118306
8578,ENST00000377710.9,ENSG00000125871.13,MGME1,17968913,17991122,54.78072464118506,2336,2214.14,443.823,4.51613,GGAGACGCCGGCCCTTCCGCTCGGAGAGGTACTCCCTGCCTCTAACTGGTGGCGCGTTGGCGGAGGCCGACGAAAGCCTCGGGTGGGGCGTGAGCGCCGCGGGGCATTCTGGACCTGCTTTGCCTTAGGCTGTGCCTAATTCGAAACCAAAGCGCGGGACGGATGAAAGTACGGGTCGCGAGAGGTTGTTCGCGCCTTGAGAGTTAAGCGAAGTGTGGTGGCTTCCAAGGAATACAAACATAAAGGCCTTCGACCGTTGCAAATAGACTAAAGTGAAAACAAATCTGA,12.13001499983062,3.60050942936622
8580,ENST00000432901.3,ENSG00000232838.3,PET117,18137873,18188387,18.035965698786168,1141,944.812,98.1505,2.3405,AGTACAGGCGGCGGTGCGCACTCTGCGGCGGCCTCTGCGCCTCGGGCGGGCGGGAGAGAGAGGCCGCGGCCGCCAGCGTGGGG,7.706031061220323,2.94598800117761
8582,ENST00000377603.4,ENSG00000132664.11,POLR3F,18467127,18484643,41.57700509893566,2416,1937.26,270.188,3.14225,CCGCAGGGAGCCTGGTACCCGCCTGGAGTTCCTTTCCCAGTGCTTTCCCATAGGCATCTAAGAATATTCCTTCACAGAGTTGCCAAGTGCTAAAAGTTGGTTTCCCAACTCAGAATGAAGGAACCAGGCTTGTGCGTCCGATGGGCATTGACATTCTGGAAAACAAGAATAAGAAGCTGTAGCGGCGCCTGTAAGTGGGCCGGAGCAGGCGCAGCTTGGCCACCTCCCGCCGAAAGGCAAGGAAGGACCGGCTGCGACACGAGGAAGAAGGCCCCTCGGCCTCAGCAGAGCGCTATCCTCCACTGGTTCCCCGGGTTCCCCGGCTTGCTACCGGGCTGCTCCGTGCATCTTTCCCCCCAGGCGTCAGGAACTGCGCCCTC,13.231603182094249,3.725915968501844
8584,ENST00000411646.1,ENSG00000232388.4,LINC00493,18567347,18763917,351.1426938364696,505,234.02,197.691,19.0325,ACCGGAAGTCCCGCCTCTGCCGTGGGCCTGCGAGAATCGAGGCACTCGCTGGCGTACCC,18.44963582485063,4.205520434269656
8585,ENST00000377452.3,ENSG00000125821.11,DTD1,18567347,18763917,108.00531432114886,1387,1465.26,490.701,7.54509,CTATCGCCAGGCCGAGAGTGGGCGTGGCCGACGTGGGGTGGGTAGCAGCCGACCGAGTCGGACCGGCCAGTTGGGCGCGCTTCCGGGTGTCACCTCCAGAGGGCGCCGGCTGCGGAGCCGCCCTCAGAGTCGCGAGGCCGGACGCAGCGCGGCGCCGCCCCACTCGCCCCAGCCGCCGCC,14.314648906924749,3.839420380910959
8586,ENST00000334982.8,ENSG00000173418.11,NAA20,20017116,20033655,253.06194064717903,1260,990.61,419.386,9.53835,TTTCCTTCCCAGGTGTCGCCGCCTGCTTTCTGCAGCCGCTGCCTGGGAGGGGTTCCGAGGTTCTGGGCAGCCACAGCCCCGGAGGCCTTACAGGAGCGACCTGGCAATTCCCGCCGCCGGCCGCCAGAGGAAGCTGCTTTGCTGCTGTCGTTGCCCAGCAACTCGTAGCCCGGAAGCAGTACCCCGTCTCGCTCGGTTCCGCGGCGGCCACGCTCCGGGAGACTTCCGGCAGGGCGGGCGCGGGGTCTTGGCGAACGGTCTTCGGAAGCGGCGGCGGCGCG,26.530997567417746,4.729607016911169
8587,ENST00000619189.4,ENSG00000088970.15,KIZ,21125983,21246622,10.853082146039997,2130,1982.06,409.346,4.65302,TTCGGCAACCCCGGCCGAACGGCCACCCAGAGGCTGTGCTGAGCTGGCGCAGCGGCAGCAGC,2.3324813016148647,1.2218655157284235
8588,ENST00000377191.4,ENSG00000088930.7,XRN2,21303304,21389827,106.44895469200895,3437,3012.79,3872.61,28.9599,ACGTGGGAGGAAGTGCTGGTGCCCTCTGCCGCTGCTCCCGTCTCTTTGGTTACGCTCGTCAGCCGGTCGGCCGCCGCCTCCAGCCGTGTGCCGCT,3.6757362660785757,1.8780332570322218
8589,ENST00000254998.2,ENSG00000132661.3,NXT1,23350736,23354777,71.72605933349871,1123,1188.02,357.0,6.77028,GGCTGACTTCGCTGCCCGTCACGGGAATGCGGGAGAGGGCGGCGCCGGGGCGCTCGCGTCTGCGTGGAGACCGGCTGGCCGCGCGCGGGAAGCCGCGGAACTGCGCCGGAAAGTCCCCCGGCTCTGGGGCCCCGGTGACCCAGAGTAAGCCTCCAAGAAGGAGGAGGAGGAGAGAAAGGCGGCTCTTCCCGTGCCCCTACCAGAGGCTTCGGTGGGCCCACCTTGTGACCTCCGCGGCCGGCCCCTCAGTGGAACTGCGTCCCACGCGGGGGGCGTCCCGACCGTGGGGGCCGCGGCCCGCGCTGACCCTGGACGTCGCCGCGCAGCCCCTGGTTCCCCAAGGCAGAGGAAATACCCTGGTGGAGCCCTCCTTCCATAGAACCAGAG,10.594253019594273,3.4052099645306084
8590,ENST00000338121.9,ENSG00000125812.15,GZF1,23362182,23373063,12.047425093918624,4835,4721.59,352.324,1.68119,GTTCCTACCGGCCTGGTCCAGCGGACAGCGGCTGCAGCGGGGGCGCCGGCTGGGAGCTGTTTTTGGAAGGAAGAAAG,7.1660104413651196,2.8411701456550826
8591,ENST00000216962.8,ENSG00000100994.11,PYGB,25248069,25298014,37.25941782461696,4134,5886.72,1286.44,4.92353,CGCAGTGCCGGGCGCCAGAGCAGCGGCGCCAGAGCAGCTGCACCATCCCGGCGTTCGCGTGTGCCGCCGCTTTCCTCCTCCATCTCTTTTCCTCCGCCTCCGCCGGCGCG,7.567622787840626,2.9198401785723282
8592,ENST00000262460.4,ENSG00000101003.9,GINS1,25407727,25452628,161.8961588387223,3249,2905.6,1375.32,10.6642,CTAGAACGAAAGGAGTGAGGCGCCGAGAGCCCAGATACCATTTTGGCGTGAGAGCTGGTGGTTGGCAAGGCCGCGGGAGTGGGAAGCGTCCGCC,15.181275561103721,3.924221108853256
8593,ENST00000340852.9,ENSG00000101294.16,HM13,31514428,31577923,298.26893012641864,1606,1907.01,2099.06,24.799,GGAGGGAGCACGTCACTTCCTGTTGCCTTAGGGGAACGTGGCTTTCCCTGCAGAGCCGGTGTCTCCGCCTGCGTCCCTGCTGCAGCAACCGGAGCTGGAGTCGGATCCCGAACGCACCCTCGCC,12.027457967112328,3.5882598524663365
8594,ENST00000376112.3,ENSG00000125968.8,ID1,31605283,31606515,39.65068547379448,994,1203.74,63.3181,1.1851,ACTCTCATTCCACGTTCTTAACTGTTCCATTTTCCGTATCTGCTTCGGGCTTCCACCTCATTTTTTTCGCTTTGCCCATTCTGTTTCAGCCAGTCGCCAAGAATC,33.45767063859124,5.064265101676267
8595,ENST00000300403.10,ENSG00000088325.15,TPX2,31739271,31801805,103.93245540575,3497,3481.4,6148.54,39.7905,TCAAAATTTCAACGATACTGAATGAGTCCCGCGGCGGGTTGGCTCGCGCTTCGTTGTCAGATCTGAGGCGAGGCTAGGTGAGCCGTGGGAAGAAAAGAGGGAGCAGCTAGGGCGCGGGTCTCCCTCCTCCCGGAGTTTGGAACGGCTGAAGTTCACCTTCCAGCCCCTAGCGCCGTTCGCGCCGCTAGGCCTGGCTTCTGAGGCGGTTGCGGTGCTCGGTCGCCGCCTAGGCGGGGCAGGGTGCGAGCAGGGGCTTCGGGCCACGCTTCTCTTGGCGACAGGATTTTGCTGTGAAGTCCGTCCGGGAAACGGAGGAAAAAAAGAGTTGCGGGAGGCTGTCGGCTAATAACGGTTCTTGATACATATTTGCCAGACTTCAAGATTTCAGAAAAGGGGTGAAAGAGAAGATTGCAACTTTGAGTCAGACCTGTAGGCCTGATAGACTGATTAAACCACAGAAGGTGACCTGCTGAGAAAAGTGGTACAAATACTGGGAAAAACCTGCTCTTCTGCGTTAAGTGGGAGACA,2.611991691628655,1.3851503078854153
8596,ENST00000398022.6,ENSG00000101337.15,TM9SF4,32109506,32167258,53.81269458430842,3978,4880.12,1314.8,6.07004,AGTTTCTGCCAGGAGCTAATATGGCTTCCTTAGTTACACCGTTCTCTCTCTTCACCTAATCAGCGACCTTACTTTCCCAGACCAGACTGTCGAGCAGGAGCTAAGACTCCTTTTCCCCTCTGCTGACCGCCACTACAGGAGCGGTTGAAGCCAGACGACCACCTTGTGGAGTTAAACTCCGTAACCAGGGAGCACCACTTCCGCTGACGTCATTACGGCGACACGTGGATCCAAG,8.865294888387625,3.148168620626356
8597,ENST00000375749.7,ENSG00000101346.12,POFUT1,32207880,32238667,53.79257808884349,5235,6277.13,1980.75,7.10935,GCTCGCGTCCCTCCTTCCCTCCCCGACTGTGCGCCGCGGCTGGCTCGGGTTCCCGGGCCGAC,7.566455173657717,2.9196175669009756
8598,ENST00000375712.3,ENSG00000101350.7,KIF3B,32277664,32335011,9.693363379113386,6103,6570.44,1200.86,4.11774,ATCCGGGGCAGCGGGGAATGGCTGAGCCAGGGGTTCGCCGCCCCCGCCGCCGCCGCCGCCGCCGCCGCCGCCGCCGCCGCCCGCTTTCGGCTCGGGCCTCAGGACCGTAGCATCCTGAGACATTTTGAATTGACACTTCTCAAGATTTGACTGGATCAGAGTTCATC,2.3540494006696355,1.2351445962273677
8599,ENST00000375687.8,ENSG00000171456.16,ASXL1,32358344,32439319,10.565919253840052,7031,8983.83,495.115,1.24167,CGGCAGACACGCACGCACCCGGGCGCCGAAGGGAAAGCCGCGTCTCGCCCTCCCGCCCCGCCGTCGGTCCTGTCTCAGTCCCTCAGCAGAGCGGGAAAGCGGAGGCCGGAGCCGTGACCTCTGACCCCGTGGTTATGCGGAGCCGCCGCATTCCTTAGCGATCGCGGGGCAGCCGCCGCTGCCGCCGTGGGCGACTGACGCAGCGCGGGCGCGTGGAGCCGCCGCCGCCCCTCCCCCACCGCCGCTCTCGCGCCAGCCGGTCCCCGCGTGCCCGCCCCTTCTCCCCGGCCGCACCCGAGACCTCGCGCGCCGCCGCTGCCACGCGCCCCCCCCACCGCCGCCGCCGCCCCAGCCCCGCGCCACCGCCCCAGCCCGCCCAGCCCGGAGGTCCCGCGTGGAGCTGCCGCCGCCGCCGGGGAGAAGG,8.50944232673742,3.089064586809794
8600,ENST00000348286.6,ENSG00000088305.18,DNMT3B,32762385,32809356,12.363896358970583,4048,5146.84,350.29,1.53338,CGCAGCAGCTGCTCCCGGCTCCGCGGCCGCAGCCCGCGTGGACGCTCCGAGCGCCCCCCGACGGACGGGACCGGCTCCCTGGCGGTCGGGCGAGCGGGCGGCAACGCTGCCCGGCCGGCAGCGCTGGGGTTAAGTGGCCCAAGTAAACCTAGCTCGGCGATCGGCGCCGGAGATTCGCGAGCCCAGCGCCCTGCACGGCCGCCAGCCGGCCTCCCGCCAGCCAGCCCCGACCCGCGGCTCCGCCGCCCAGCCGCGCCCCAGCCAGCCCTGCGGCAGGAAAGC,8.063165268211783,3.0113462928873935
8601,ENST00000375571.5,ENSG00000101367.8,MAPRE1,32819893,32850405,211.054396897588,2623,2458.43,3584.0,32.8452,CTTTACGTCGGCGCGTAACGAGGGGGTGCGTGTGAGGTCATCGCGCGGGCGGGCGGGCGGGGTCTGGCGGTTTGAACGAGACGAAGACGGAACCGGAGCCGGTTGCGGGCAGTGGACGCGGTTCTGCCGAGAGCCGAAG,6.425730301462253,2.683860429780962
8602,ENST00000217402.2,ENSG00000101421.3,CHMP4B,33811304,33854366,88.3977316802757,1646,1737.66,1288.0,16.6999,GGTGGCGCGGCCGGGCCCAGCTGCGGGGCGGAGGCGGAGGCGGAGGAGAGGCCTGCGGCGGCAGGGAGCGGCGGGACTGGGAGCGGGCGCCGGAGCCGACCCGAGCCGAGCCGAGCCGAGCCGAGCCGGAGCGGGCGGCGAAGGCCGGCGCGGCGAGCAGCAACC,5.293309042585626,2.4041698862021783
8603,ENST00000246194.7,ENSG00000125970.11,RALY,33993646,34108308,108.02464375620433,1789,2311.17,2362.83,23.0337,GGCTGCAGACTCCTCGTGCTCGTGTCACCGTGTCCTTCCCAGGAGACAGAGAAGGAGGAGAGCCCGGAACCAGGGCCGGAGCGGCGGGCGGAGCCGAGCTGCGGGGAGCCGCTCCGGGTGCCCCCACCCCCGCGCGCCTCAGTGGTGCCGGCCGAGGGCAGGGCTCGCGGTTGCGGGGCTCGCGCCGCTGTCAGTGCGGCGGGGCGCGCGAGCGGCGCCAGCTCGGGGCAGCGGAACCCAGAGAAGCTGAGGGGGCGGTAGCGGCGGCGACGGCGACGACGACGACTCCCGCGCGTGTGCCCAGCCTCTTCCCGCCGCAGCCGCCCTTTTCCTCCCTCCCTTACGTCCCCGAGTGCGGCAGTACCGCCTCCTTCCCAGCCGCGCGGCTTCCTCCAGACCTCTCGGCGCGGGTGAGCCCTATTCCCAGAGGCAGGTGGTGCTGACCCTGTAACCCAAAGGAGGAAACAGCTGGCTAAGCTCATCATTGTTACTGGTGGGCACC,4.689851988877355,2.229542392190083
8604,ENST00000374864.8,ENSG00000078747.13,ITCH,34363235,34511393,41.63442860257656,6401,5407.35,1404.49,5.85189,GCGCTCAGGCGCCTGCGCTTTAGCTGCTAACTCGCTCTAGTAGCTGTGGTCGGGGCTCGGGACCGGCTGCCATCTTAGTCTAGGGACTGAGGAGTCGCCGCCGCCCCGAGTCCCGGTACCATGCATTTCACGGTGGCCTTGTGGAGACAACGCCTTAACCCAAGGAAGTGACTCAAACTGTGAGAACTTCAGGTTTTCCAACCTATTGGTGGT,7.114697747663842,2.8308024683176294
8606,ENST00000357156.6,ENSG00000125971.16,DYNLRB1,34516409,34540958,263.75897270538974,675,576.626,2011.28,78.585,CACAGGACTCGCTAAGTGTTCGCTACGCGGGGCTACCGGATCGGTCGGAA,3.356352646247881,1.7468943052487569
8607,ENST00000374810.7,ENSG00000078804.12,TP53INP2,34704290,34713439,4.710340776420522,4184,5883.09,323.801,1.24004,ACAATCAGCTGTTTGAACGTTCCAATTTGTGCCGTGAGCCCCGCCGCAGCGGCCGCACAGACTCAAAGCCCCGCGGGCGAGCTCAGCAGCCCGGAGCGACCGCGGCCCCGCCGCCTCCCCCGCGAGTCCCGGCGATGCGGCCCGGCCTGTGAGCGGCCGGCGACCCTGGGACGCCCCGCCGCACAACTACCTCAACGCCGTGCCGCCCCCCTCCCGCCCCCAGGGAATCTCTGGAGATTGGTTCACCTTTTGTGGTCCTGACCCCTTCTGTCCTCACTGTACCTTGAAGTCCTAGAGTCCAATAAAATCGCTGCCTCCCAGCTGTTTGGATCACAGAGAGGTTTTTGCACTGCCATAGGGCGCCCCCGTGAGGCGCTTCGCCCCCCACC,3.7985393829396807,1.9254447790632054
8608,ENST00000216968.4,ENSG00000101000.5,PROCR,35172073,35216240,55.932793799405474,1348,1445.36,463.0,7.21718,CTTCTCTTTTCCCTAGACTGCAGCCAGCGGAGCCCGCAGCCGGCCCGAGCCAGGAACCCAGGTCCGGAGCCTCAACTTCAGG,7.749951338251987,2.954187251769721
8609,ENST00000348547.6,ENSG00000125991.18,ERGIC3,35542021,35557634,178.61957476885323,1359,1564.89,2326.04,33.4885,AGGGGGGCGTGGCTCCAGGCCGGAAGAGGGAGTCTGTAGGGGCGGGCCGGCTGGCGTCCCCTTTCCGGCCGGTCCCC,5.333758596797504,2.41515253072231
8610,ENST00000374078.5,ENSG00000125995.15,ROMO1,35699272,35700984,635.602795550102,498,410.136,164.36,9.02881,GCGGCTCGGAGCAGCATGGTCCCGCTGGCAGAGCCCACCTTCCGAAGCCGCTGCAGTCCTGGGCCCCAGGCTCCCGGAAGTGCTGCCCGGCGCTCCGGAAGCGATTCATCGGGCCGCGAGCGCCCTCCCCGTCGTTTTCCGTGAGAGACGTAGAGCTGAGCGACCCAGCCCGCGAGCGAG,70.39718363218431,6.137445807256228
8611,ENST00000374012.7,ENSG00000025293.16,PHF20,35771974,35950381,8.513630888452706,5922,5982.22,881.45,3.31969,ATACGCTGGGCGCGTCCCGGGGGTCACGTGGTGCAGAGCACGCAGAGTCCTTCTGTCGGTTGGTCCTGGAGCGGCGCAGCCGGAGTGGGGCCGTGAGGAGAATAAAGGCAGCCCCGTTGATGACTGAAA,2.5645861175148,1.3587260171040907
8612,ENST00000320849.8,ENSG00000131043.11,AAR2,36236459,36270918,45.51115794773772,2430,3018.51,933.353,6.96652,CCGGTGCGTTTCCGCTGTACCGGAACGTGGGGCGAGGCGCTGTTCATCAAAGAAAAAGGGTTCTTTTGGTCACCCACCACTGGCCCC,6.532839631227316,2.7077102247577622
8613,ENST00000340491.8,ENSG00000080845.17,DLGAP4,36306336,36528637,13.00110873821095,2392,3607.34,179.173,1.11905,GTCCGCCCGCCCGCCCGCCCGCCCGCGCTTCCGTCCTGTCCAGCCGCCAGTCCTCCAGCCCGTGTCCCCGCTCCGCCCGCTTTGTCTCTCCCCGGCTCGCTGTCTCTTTGTCTCTGCCCTCGCGCTCCTCCGCAGCCCCTCCCTCGCTCCCCATCTCGGGTCCCCTTCTCAGAGCGCTCTTCAGCCCTCAGAGCCGCCCTTTCTGGGCGACCCCACTCTTCGGGACTCCCCCTCAGAGCGCCCCCAGATCTTTTGGGGTTCCCCTTGAGAACACCTTCCACTCTCCCCAAGGGCTCCCCGTGAGTTTCTTGCACATCCTTTGGGGGTTCTGCACCCCAAGTCGCTGGGGTCTCGCCTCCTCTGAACCCCCATTGCCCCTGGGCTTTCCCTCTTCTGGGTGTTCCCCATATCCACTGGGAGCTCCTAGGTCCCAAGTTGGGGTCTTTCTCCTTGGGACCCCCCAATATGTCCTCAGCTCCCTGACTTCAGGAGCTCCTCTCTGCTTTCCCCTGGTTTGTCCCCTGTCGCTGTCTCTCCTTGTTCTCTCTCAGGTCTCCGAGCACCCCCACTTCTCGGGATCGGGGTCCCCTGCTTTGCTCTCCCTGCCCCTCTGTGCCCCCACATCTGTCTCGGTGGTCTCGCCACTCTGTGCCTCTTGCGCTGAAGGCCCCCCTTTGAGCCTGCTTCTTTGCCTGGGGCCCTTGGCCCCCCCTTGCTTTTTCAGCCCTAGCCCCCTGTCTCCCCTTCTCTCTGCTCCTTGTCTCCCTCTCCCTTTTTCTGTCTTTGCCGGGTCTCTGGGTCTCTGACCCCCATCCGGCCCTC,11.617987344811178,3.5382882583670026
8614,ENST00000373872.8,ENSG00000118707.9,TGIF2,36573488,36612557,68.59856368282689,3406,4323.13,624.265,3.25337,GTGCTTTCCAGCCGCGAGCTGTCAGGCCGAGTGTCAGGCCGGGCAGGTACGCGGCGCGCGCCCCCGGCGCCCCCCGCTCCCCGCCGGGACGCCCCGCGCCGAGCCGGAGGCCGCGTGGACCCGAAAGCCGCTGGGAAAAGTTTACCCAAGGTCCAGCCTAGCCCCTAGGCACC,21.08538644016109,4.3981715575855125
8615,ENST00000344795.7,ENSG00000101084.16,C20orf24,36573488,36612557,736.8224837494668,1114,1132.09,682.104,13.5747,GGGCGCGCGACACTGCACCGCCCCTCCCTTCGCGGCGCCTGCTCTGTAGAGCCGGCGGAACCGGGTAGCTTGGCCAGGTTGTGAGGAACCGCAGCGCGCCGCAGGACCGGGCCGCTGAGCCTGCAGCCGCCCCGCGCCGTGACCTGCGACCCTAGACCCCGACTCCCTTTGGCTCAGCCCGCGCGCCCCAGGCCCGGCCCGGGCGGCGCGACGGGAGG,54.27909889349059,5.76232486515254
8616,ENST00000237530.10,ENSG00000118705.16,RPN2,37178410,37241623,410.8696422267729,2515,2636.5,5063.08,43.2662,GCGTCCCGGTAGCTCCCGGAATAGGAGCGTTGCGAGACGGTCGGTTCCAAGTGGGCCTGGGCGCGGGGGAGAGGCGGGTCTGTCCTCGGGAACTGCAAGGCCCTGTGAGCGGGAGGACTGGGATCCCGGCCGCGGCTGCTGGAAGCGTCGAAGCTCAGCGGGGCCGCGGACACTGACCTGTGCTTAGAACTCATCCTGGCCCGCAGAGCCTGCCGCGAGTCCCTGGCGTCCCCTGTGGCGGGCTCTTGGAGCCACTTTCCCGAGCGGAAGTCAGCCCGCGGCTCGGACTCCGGCGGGACCTGCTCGGAGGA,9.496319118082312,3.247368416692031
8618,ENST00000397152.7,ENSG00000101363.12,MANBAL,37289638,37317260,91.08095754325092,1539,1895.1,441.747,5.25174,GGGAGCGGCGCGGCGGCGCGGGAGTGCCACCTGATTCACTGCACTTGGAACCAGATGATGTTGGGCTCTTTCCAGAAGTCAAATCCTTCCTGGGAGGATGAAGATCTGCCAGCTCTGAGGATTCTGGCTGGGAAGAAAAAGAGCCTCAAGCTTTGAAGGCCATTCCCATGGTAGACAGAGCTGATGTGAAAAGTGGCCATCCTGTTGCCCCAGGCACATGACCTTCTGAAGTGACCAGGCTGAAAGGGAAGCAATACTCGTGTGATCTCTCACCCCGTCACTCAGGGTGGCGCAATCACGACTCATTGGCTCACTGCAGCCTAGACCTCCCAGCTGGAGCAATTCTCCTGCCTCAGCCTTCTGAGTAGCTGGGACTACAGTTGGTTCTAAAGAGTGGTGAGTCAGAAGAGACGTCAGGCAGCAAGCGACTTGGGCC,17.343005850108902,4.116282059723106
8619,ENST00000361383.10,ENSG00000132792.18,CTNNBL1,37693955,37872129,46.88866618132027,1925,2036.83,654.542,7.2401,ATTGGCTCTGCGGCTCCGCTCGCCGCACTTTACGGCAGTGTGGCTGGAGCCGCGGCTGACGGGCCCGCGGTCTGGGCGTGAGTGCAGGGAAGTGGAGTATTTGCTGGGCCGGGTACC,6.476245657010299,2.695157711000072
8620,ENST00000373433.8,ENSG00000101413.11,RPRD1B,38033546,38127780,65.87377792283849,3874,3924.78,943.011,5.41332,AGGCTCGAGCGGTCAAAGCTCTTTCCGGGGGCCCGGGGAACTACTCTCCTTGCCTCGCTCTGTCTCCTTCGAAGTGCTCTGCGCGAGGTTCAGAGCGGCCGCCGCCTCCAAAGGGACGGTTTTCTAGAGCTCCGACGCCTCTCGGTGCCCCTCTGCTCCGGCCCTTGCCCTTTGACCTCGCTCTCGCGGCAGGGTGAGAGGTCGGGTGGCCATCTTGTGGCGGCGGCGCGGGCGGCTGTTACTGCGGAGACCCATCCCCTCCCCCTTCTCGCACCCCTGGCAGTCTGTCAGTCGGTAAAAAGTCCCGCAGCCTGTCAGGTGAGGCCCCGGCCTCGTGCCGTCGCTCTTCCCGCCGCACTGGGCGGCCCAGGCCGCTCCCTGCCGGGCCTCACTGCCGCCACC,12.168831312916748,3.6051187140465792
8621,ENST00000397042.7,ENSG00000170471.14,RALGAPB,38472816,38578861,3.679183164833901,8652,8509.92,468.263,1.23973,GAGTTATTTGACGCCGCCGCCCCTGGCAGTCGGAAGTTGCCTGAGCAGATCCCAGCCGGCTGGCTCGAGTGGCCTTCGTCGTCCCTTGGCGCCCTGGGAGAGTCGCTGACGGGTGGACTGACGGACCGCCTGAGGACGGCCGGCCAGGGCGGTGAAAGCGCCAGCCCTATGGCGCGGGTCGCGTGAGGCGGAAGGCCGAGGACGGCCGGCGGCGGCGCCCGCCCCGGCGATGCGGGCCCCGCCCGTCGCCTCAGGTGCCATTTGGATTGTACTTTAGTGGCACG,2.9677293965895,1.5693595501809288
8622,ENST00000243903.5,ENSG00000101442.9,ACTR5,38748442,38772520,10.723019159557277,2565,2864.89,148.0,1.1639,ACTGCGCCGAGGGGCGGGGCTGGACGCGCGCTCCAAG,9.213007268285315,3.203672151200041
8623,ENST00000252011.7,ENSG00000101452.14,DHX35,38962299,39039723,5.904952285962969,3325,3713.48,195.785,1.18785,GGTGGAGCTAGCCTCGTGACCTTTTACCCCAAC,4.971126224660495,2.3135727360264
8624,ENST00000361337.2,ENSG00000198900.5,TOP1,41028818,41124487,107.7988765231938,3738,3391.87,4424.0,29.3858,AGCCCAAATGCGAACTTAGGCTGTTACACAACTGCTGGGGTCTGTTCTCGCCGCCCGCCCGGCAGTCAGGCAGCGTCGCCGCCGTGGTAGCAGCCTCAGCCGTTTCTGGAGTCTCGGGCCCACAGTCACCGCCGCTTACCTGCGCCTCCTCGAGCCTCCGGAGTCCCCGTCCGCCCGCACAGGCCGGTTCGCCGTCTGCGTCTCCCCCACGCCGCCTCGCCTGCCGCCGCGCTCGTCCCTCCGGGCCGAC,3.6684002655430104,1.8751510624904646
8625,ENST00000244007.7,ENSG00000124181.14,PLCG1,41136960,41197157,17.30159238514929,5285,7148.13,1571.15,4.95208,GAGGGCGCGCGGAGGACCCGCCGCCGCCGGTGTGAGGCGGCCCGTCCTGGCTCCCTTGTCCGGGAAGCCCGCCCAGGAGCCGCCGCCGGGTCCCGCTCGTCTGCCGCCTCAGCCTCAGCCCCAACCTCAGCCGCCGCCGTTGCGCTTGCTCCCGGGCGGTCCTGGCCTGTGCCGCCGCCGCCCCCAGCGTCGGAGCC,3.493803085804206,1.8047982988272775
8627,ENST00000244020.4,ENSG00000124193.14,SRSF6,43457928,43464247,127.08985098908752,4325,3488.32,2998.17,19.3643,GTGAGGCGCGTGTTCGGGCTCTTGCCGTCCCCGCACCCGCACCGCGGTTACTGGCTTGCGGTCCGCCGTTCGACAACCAGCCCTTGGGTCCCCGCCCGCCACGGAC,6.563100705374711,2.714377570238068
8628,ENST00000373030.7,ENSG00000101052.12,IFT52,43590931,43647296,19.968229828393664,1757,1453.83,388.79,6.02507,AGCGCTGCGTCCTGGGCCACGCCTCCCGGCGCACCGACGCGCCTCTCCGGTTACTAAGCGGCCTTGGATACCTGGCCGCGGGATGCTGGGCGGCGTCAGGTGAGCGGTGGTCGCTGGGCCTCAGGTAACC,3.3141905120427917,1.7286565364397177
8630,ENST00000217026.4,ENSG00000101057.15,MYBL2,43667019,43716496,46.27790577307489,2639,3929.1,8423.41,48.3011,GCTGACGCCTTCGAGCGCGGCCCGGGGCCCGGAGCGGCCGGAGCAGCCCGGGTCCTGACCCCGGCCCGGCTCCCGCTCCGGGCTCTGCCGGCGGGCGGGCGAGCGCGGCGCGGTCCGGGCCGGGGGG,0.9581128747186896,-0.06173246585257474
8631,ENST00000353703.8,ENSG00000166913.12,YWHAB,44885676,44908532,728.9579177602476,3049,2667.03,6100.54,51.5349,AGGACCGGAGCGGAAGTGGCGATCGGAGCGGAAGTGGAGCTACCGCCACCGCCGCCGCCGATTCCGGAGCCGGGGTAGTCGCCGCCGCCGCCGCCGCTGCAGCCACTGCAGGCACCGCTGCCGCCGCCTGAGTAGTGGGCTTAGGAAGGAAGAGGTCATCTCGCTCGGAGCTTCGCTCGGAAGGGTCTTTGTTCCCTGCAGCCCTCCCACGGGA,14.14493707682071,3.822213853865386
8632,ENST00000372806.7,ENSG00000101109.11,STK4,44966474,45079959,40.43979395260982,6342,6285.02,1976.3,7.08449,GGAAAGCGGAAGTGTGGGAGGGTCTGCGGGGCGGGCTCAGGAGGTCCGCGGGAGGATGGAGCAGTGAGCGGGTCTGGGCGGCTGCTGGCAGCGCC,5.7082152635701116,2.5130397415812347
8634,ENST00000243918.9,ENSG00000204070.9,SYS1,45361937,45410610,22.40594587821076,2862,3359.87,438.544,2.94072,TTCTGCGCATGTGCTCAGTTCGCTATCCGGCTGCTTGTACCTGGTTCAGGAGGTTCAGGCAGAGGTTGCACCCACTACGCCTGCGCAACCTCAGCCCCGCCCCTCCGCTGCTTTCCCCGGAAACGTTTCTTTCCTACGCAGCCGCTCCTGCCGCCGTGGTCGCTGGAGCTTTGCCTCTCTAGGCCGGCAGCGCCTCTCCTCCATGGTCCTGTCTGTCAGCGCTGTTTTGGGAGCCCGCCGGTGAGGCCGGGCCACGCTCAGACACTTCGATCGTCGAGTCTGTCACTGGGC,7.619204099067834,2.9296403018789126
8635,ENST00000279036.10,ENSG00000124155.16,PIGT,45416077,45426244,60.67923540285876,2235,3067.35,2190.94,16.0927,ACTTCTCACACGCCTTTCTTATTGGATACCGGCTTTTCATGGGGCCGAGCGCCGCTGGGTAGGCGGAAGTAGCCGCAGGC,3.770606262644476,1.9147965080538227
8636,ENST00000372622.7,ENSG00000101457.12,DNTTIP1,45791937,45811427,82.74730952655833,1290,1433.66,820.584,12.8955,AGTGACGTCACGGCGCCACTTTCCGGCCGGTGACAGAGTCCAGCGGAGTTGTGGGGGCCGGGGGCGCC,6.416758522473601,2.681844692280544
8637,ENST00000356455.8,ENSG00000175063.16,UBE2C,45812576,45816957,46.847576306491206,850,795.424,1480.13,41.9241,GAGCCATTGATTGGTCGACGCCCCCAGAGGGTTACAATTCAAACGCGGGCGGGCGGGCCCGCAGTCCTGCAGTTGCAGTCGTGTTCTCCGAGTTCCTGTCTCTCTGCCAACGCCGCCCGG,1.117437853322819,0.16019459767603855
8638,ENST00000372409.7,ENSG00000100982.11,PCIF1,45934628,45948023,13.240675591094645,2747,3701.92,420.066,2.55654,ATGGCGGCGCGGCCGCGGCGAGGTCCCTCAGAGGCGGTACCAGCGCATGCGCAGCGCGGAGTCCCGGCCCGGGACACAAGATGGCGGCAGCGGCGCTGGGGAGGGCGAGGCGGAGGCGGCAAAACGGGCGGTCGAGCAGAACGTGTAGCCGCGTCCCCTCCAGTCCGCTCCGGGCAGCTGCTGATGCAAGGAATCCCCTGGGCTCCCGTCCACTCCACTGCTGACCAGCCCATTCGCCTGTGCTGAGTCTTCCTGCAGGCCTTTCCTTGCCTCTGTGGGACCCTGTGGGGGTCCATCCGGCTGGAGAAGAAAAGCCTCTCATGCTAACGTTGCAGACCCCAGAGGGTCCTGTGTGGGTGTGGAG,5.179138832599781,2.3727122320386886
8640,ENST00000327619.9,ENSG00000064655.18,EYA2,46894624,47188844,8.538441889475216,2702,3441.92,257.384,1.68478,GCGCGCTCTGCTCGGCTGCAGGCTCAGGAAGCGGCGCGGCGGCACGTGCTGGGCCAGAGCCCCGCGCCCTGCGTCCAGCCGCCGGGTGTGTGCGCCCGCGTAGCCCAGCGTCGCGCCTCGGCGCCCCCACGCGCCCACGCAGCGGCGCGGGGACCCGGGCGGGGGCAGAGGGAGGGCCCGGCCCAGGGAGGAGAAGGGGCCGGTCCTCCCGGCGCAGGCAGCAGCCGCGGCAGCCCAGGAGGCGGAGGCAGCGGCAACGGCAGAGACAGCAACGTGCCCGCCGCAGTCAGCCCGGCCTCGTCGGACCCGCACCGGCCCGCCCGCCCGCCCGCACCGCGTCGGGGCGCCCTCTCCACTGCGCGCGGTACAAGGAA,5.067986259022078,2.341412612863178
8641,ENST00000372004.7,ENSG00000124151.18,NCOA3,47501902,47656877,2.159630582441514,7939,7930.43,765.894,2.17588,AGCCGCTCCACAGCGACGGCAGCGGCTGCGGCTTAGTCGGTGGCGGCCGGCGGCGGCTGCGGGCTGAGCGGCGAGTTTCCGATTTAAAGCTGAGCTGCGAGGAAAATGGCGGCGGGAGGATCAAAATACTTGCTGGATGGTGGACTCAGAGACCAATAAAAATAAACTGCTTGAACATCCTTTGACTGGTTAGCCAGTTGCTGATGTATATTCAAG,0.9925320249469246,-0.01081444201541793
8642,ENST00000262982.2,ENSG00000124207.16,CSE1L,49046246,49096960,392.7448339286253,3553,2650.48,13107.1,111.415,GTCGCGCCATTTTGCCGGGGTTTGAATGTGAGGCGGAGCGGCGGCAGGAGCGGGTAGTGCCAGCTACGGTCCGCGGCTGGGGTTCCCTCCTCCGTTTCTGTATCCCCACGAGATCCTATAGCA,3.525062459530811,1.8176488204212287
8643,ENST00000244061.5,ENSG00000124226.10,RNF114,49936336,49953892,99.81635670860273,2503,2491.9,942.195,8.51869,GCGAGCCCCGCCCCCTCGGCCTCCTCCTCATCGGCCGCCGTTGCGCGGCGCAGAGCGGCAGCAAG,11.717336434193841,3.5505727508330027
8644,ENST00000244050.2,ENSG00000124216.3,SNAI1,49982999,49988886,1.4200160380903533,1686,2406.28,120.0,1.12356,TAGCGAGTGGTTCTTCTGCGCTACTGCTGCGCGAATCGGCGACCCCAGTGCCTCGACCACT,1.263854211693504,0.3378300551311293
8645,ENST00000371621.4,ENSG00000196396.9,PTPN1,50510321,50585241,64.7292777330581,4008,4729.86,1703.14,8.11266,GTGATGCGTAGTTCCGGCTGCCGGTTGACATGAAGAAGCAGCAGCGGCTAGGGCGGCGGTAGCTGCAGGGGTCGGGGATTGCAGCGGGCCTCGGGGCTAAGAGCGCGACGCGGCCTAGAGCGGCAGACGGCGCAGTGGGCCGAGAAGGAGGCGCAGCAGCCGCCCTGGCCCGTC,7.978798289717318,2.99617147426494
8646,ENST00000371610.6,ENSG00000124171.8,PARD6B,50731544,50756795,15.64950377130413,4615,3927.59,346.487,1.98757,GAGGGAGGGAGCTGCTTCCCCGCCTGCCGCGCCACCAGTCCGACCCTCGGTCCCGCCGTGTGAGCAGCTGGTGGAGTGGAGCTCAGCGCGGACGCCGGAGCTGCGGCCGCCCCCTCTGCAGGTGCCTGTGAGGAGGCGCCCGGGCCGCAACCGCTTTCCGAGATCCCCAGTCGCGCACTCGCTCCCCGCGCTCCTGAGGGGCCGCCCGGCCGGAGGAGGCCGTCGCGGGGCTCGGCGTTCAGC,7.873686849421217,2.9770393350812814
8647,ENST00000244051.2,ENSG00000124217.4,MOCS3,50958826,50963931,44.3849804715785,5106,5314.15,335.051,1.42049,TTCCGGAAGAGGTCGCC,31.246246345682476,4.965610982142583
8648,ENST00000371419.6,ENSG00000101132.9,PFDN4,54207847,54228052,285.2976280483917,1462,792.186,178.434,5.07472,ACACCCCCGTGTTTATGTCGGTCCACGGGGGTTGCCTGTCCCTTTAATTGGCATGTACCAAGTCCTTCCAGGTCACATTTCCTCCCTACGTCCCAGCCGTTTGGACTCACTGGCCAAAAGTCCAAGAGGACGGAATGTGGAGACAGTGTTGTATTTTTGCGGGGAGTTCTAGGCCGACCGGGAGCGAGAGAACGCTCGGGGGCGAAGCGCGCCATTGCGGCCCTCCCCGCCGCCTGCGGTAGTCCAGTCCCAAG,56.219383147915885,5.812995719108554
8649,ENST00000371384.3,ENSG00000124098.9,FAM210B,56358915,56368663,20.07969408625188,3046,2917.17,1251.88,9.66855,AGGGCCCTCGCCGGGTCAGCTCCGCCCACCCTCCCCGGCCTCCGCCCGCCTCCCGGGTCAGCGGCGCGGGTGCTGCGCCTAGCTGCGCACC,2.0768051141331307,1.0543658410909746
8650,ENST00000217109.8,ENSG00000101138.11,CSTF1,56392371,56406369,90.81321524830942,4290,3878.8,473.911,2.75272,AACGGCCAGCCAGACCTGTGGCAGTCCCAGCCCCAGGGTGCTCTCCGCGGTCGGCCATTTATCGGTGAAGCAACAGCCCCTTGACGTCAAGCTTGACGCATTGGAGATAAAGTCCAAGGAGGTGAACTAACCTTTGAACGTGCCAGTAAGTAAGATGGCGAGAAAAGCAAGAGAGAGTGGGACCGATCGATAGCGCAGCGGTCGGCTTGGCGCCCTTTCAGCGTGCGCAGTGAACGTGCGCTCGGAGCGGTAGATTGGGCAGGATTCGCGCCTCCATTTTTCCAGGAGAGAGCGGGATACCAAGAGAACCGGACCAGCTGCTGGCAGGGAAACTGTCTTCCTTTTCTCCAAG,32.99035690092324,5.043972480441218
8651,ENST00000395841.6,ENSG00000101146.12,RAE1,57351010,57379211,198.3020644211864,2639,2953.82,199.287,1.52005,GATCAGCCCGCCTCGGCCTCCCAAAGTGCTGGGATTACAGGCGTGAGCCACCGCGCCTGGCCAGTTGCGGATTTATAAAAGCAGTCGCTTAGTAACTTGCAGCGGCTACATCAACTTTGGACCAATTCGCAAACTGCTGGTGTAAAGCGTTTTTGCGCATGTGCTGTCGCCTTGCGGGAAAAGGAGCCTTTTTCTTCGACGATTTCCGGGCGACGCAGGAAGTGGCTCCAGGGCGCACGCGCGTTGTTTCCGCGGTAGTCAGGGCAGTTTCTACCGCAGGCTTAAGGAGGCTTCGGGCTCCTGGGATTTCTGTCCGCGCTCCTGGCCCTCGTCCTTCGCGCCAGAGCAGGTTCGCAAACTCCTCAGACCCTTCTGCTCCCGGCCGCCGCTTTCCGCCGGGGCGAGACCCCCAGGTTCAAA,130.4575931194279,7.027437106616477
8652,ENST00000356208.9,ENSG00000132819.16,RBM38,57391407,57409333,38.30916580857059,2382,3294.75,965.273,6.6007,GCAGCGCCGGTCGGGAGCGCAGCGCGGCGCACGTCGGCGCGCACGGCGGGACGGGCGCCGGAGTGGTCGGGCCTGGCGGCTGGACGGGCGCCCCTCGCTGCCCCGCGCGCTCCCCGCCGCCCCCCATGAGCGCAGCCCCGCGCGGCCCGGGTCCGTAGGCGGCGGGGCGCCCCCC,5.803803506987228,2.536998676487054
8653,ENST00000244040.3,ENSG00000124209.3,RAB22A,58309696,58367507,18.663383746244104,8670,7526.63,705.944,2.11316,CGAGGTGGGCGGGGAGGTCAGGTGACGCGGCCGGCGTCCCAAGATGGCGGCGGCGGCGGCTCCCGGAAGGCCGCGGCGGCGTCCCGGCTGCTAAGGCGGGCCCCACGCGGCTGGCAGCGGACAGGCCGGACCTACGGCCGGAGGACGGGCGGCAGCCGCCTCTGCGCGGACCGGGGCTGGGCCGTGCGGCGGCAGCGGCGCCAGGGGATGCTCTTGCTGGGCCTGGCCTCTCCCTTCTCAACTTAGGGCGGCGGCGGGCCCGCGCCCCTGGCTCCCGGGCC,8.831978528007394,3.142736664691387
8654,ENST00000475243.5,ENSG00000124164.15,VAPB,58389122,58451101,119.58284827181971,7936,8100.22,985.25,2.74039,CCCCGCCCCTGGAGCCGGCGGCGCAGGGCGCAGCTTCCCGCCGCCAGAGCGGGCCAGCCTGCTGCGTGCGTGCGTGTGTACGACTCTGCGTGCGTGCGTGCGTGCGTGCGTGCCGTCAGCTCGCCGGGCACCGCGGCCTCGCCCTCGCCCTCCGCCCCTGCGCCTGCACCGCGTAGACCGACCCCCCCCCAGCGCGCCCACCCGGTAGAGGACCCCCGCCCGTGCCCCGACCGGTCCCCGCCTTTTTGTAAAACTTAAAGCGGGCGCAGCATTAACGCTTCCCGCCCCGGTGACCTCTCAGGGGTCTCCCCGCCAAAGGTGCTCCGCCGCTAAGGAAC,43.63716415248184,5.447485443201318
8656,ENST00000371132.8,ENSG00000124222.22,STX16,58651253,58719238,16.869892883280073,4552,4848.65,405.195,1.8828,GCAGAGACCTCCGGGGGGTCTCAGGGAGTAGGGGGCTTCAGGGCCTCCCAGTCTAGAGCCGGATTGGCGAGTTAGACGCTTGTAGATCCAAGGTTGGATTGGGGTGGGGTCTCTGGGACGTTGGATCGCTACGCAAGGATTGGGGGGATTCAAGTGCTTAGAGATCGAAGTCTGCCCTGGGTAGGGGGAGTCAGACAATTGGAAAGCCTAGGTAGTTATTTGGGGAGGGGTCTCTACGCCTTGGCGAAGCGCACAGCTGCATCTTTTTGGCTTGAGGCCTGAGGCCTTGTCGAGAAGCTTCCGTGAAAGGGTGGGCCAGCCGGGCCACGAGAAAGAAAGTGAATAAATCAGGAATATAAGTGGGCGGGGGGCCCCTGAGAGGGGGGTCGCAAAGGGTGAGAC,8.960002593626552,3.1634991498957836
8659,ENST00000371085.7,ENSG00000087460.23,GNAS,58839718,58911192,184.19269247881,1972,2258.64,1315.18,13.119,TCGCCGCCGCCGCCTCCTCCTCCCCCCGCCTCCCCCCGCCCGCCGCGGCGCTTTTGGCTCGGGGCGGCGGCGGGGGCCCGGCCGAGGCAATAAGAGCGGCGGCGGCGGCAGCGGCGGCAGCAGCTCCCGCAGCTCCTGCTCTGGTCCGCCTCGGCCCGGCGGCGGCCATCAGCCCCCTCGGCCTCGGCTCGAGGGGCGGGGAGCTGCGCGCGCCCCTCGGTCCGACCGACACCCTCCCCTTCCCGCCCGTCCGCGCGCCCCGCGGCCCGCGGCCCGCAGTCCGCCCCGCGCGCTCCTTGCCGAGGAGCCGAGCCCGCGCCCGGCCCGCCCGCCCGGCGCTGCCCCGGCCCTCCCGGCCCGCGTGAGGCCGCCCGCGCCCGCCGCCGCCGCAGCCCGGCCGCGCCCCGCCGCCGCCGCCGCCGCC,14.04014730381965,3.811486166810128
8660,ENST00000602795.5,ENSG00000101158.13,NELFCD,58981208,58995133,61.1675203302883,2305,2516.3,1514.15,13.5572,GAGGCGCGCGGCCGCGCGTGCGCCCGCCCGCCCGTCCCCGCCTCGCGC,4.51181072273687,2.173706545773802
8661,ENST00000279068.10,ENSG00000149657.19,LSM14B,62122461,62135378,40.44982502259293,2548,3256.12,446.376,3.0886,CCGCGCAGGCCCCTCGGGCGGTGGCGAGGAGGCGCCCAGGCGGAGGCGGCGGCGGGCGGAGGAGCGCAGGAGCGGGCGGCCAGGCCACCGCGCGGCGGCGGAGCGGGCCGCGGCCCGGCGCTCCTTCCCCACCGCGGCCCGACGCACCCCGGCCGCCGCC,13.096491945409873,3.711108514991148
8662,ENST00000331758.7,ENSG00000184402.14,SS18L1,62143795,62182484,3.568607443313694,4493,4905.22,294.943,1.35469,CACGGGCTGAGCCCCGCGCCGCCACC,2.6342613020792167,1.3973984589263422
8663,ENST00000370823.7,ENSG00000101181.17,MTG2,62183029,62203568,19.27192214685333,2929,3977.77,469.594,2.65978,CTTTCCCGAGCCGGGGCC,7.245682780851548,2.8571216453564405
8664,ENST00000313733.7,ENSG00000130703.15,OSBPL2,62231922,62296213,21.94678073205049,4009,4467.05,527.506,2.66053,AGTCGGCGAGGCGGCGGGCCGCACTTCCGCCTCGGTGTCAGTGGGTCGCGGGCCTACGGGGCGGGGGCGGGGCGGCAGTGAGCTCGGCCGGCAACCGAGGGACCCGCGTCCAGATCTTCAGTGTCTATTGGATTTTTCCAAGAGAAAGTTTGTAAAATTCCTTACACTGTAGATGTGGATCAGATACGATGATTCAGTAGAAGAGCACATGTCAGGGGCAGTGGAGGCTGGCTGCTGAAGG,8.249025845245304,3.044223756786933
8665,ENST00000491935.5,ENSG00000130706.12,ADRM1,62302093,62308862,137.09168463416907,1530,2047.63,104.958,1.15485,CGACTGCCGCCTTTTTACCCTGTGGCCTTTCCCATCCAGGCGTCCAGAGGGTTAGAGCCGGCTGCGCGGCTTACGGGGCTCAATCGGCGGCGAGAGCGGCAGGCGGGGCGGGCCGAACGCGGGTTTCCGGCGGGGCCCGGCAGGCGCCGAGGAGGAAGAGCGAGCCCGGACGGCGCCTCTCGAACGAGTGTGGGCGCGAGGCAGG,118.70951607063175,6.8912917796629385
8667,ENST00000343986.8,ENSG00000171858.17,RPS21,62387116,62388520,2002.459419799501,344,138.802,1778.61,288.701,CGCGCGGTGTGGTGGCAGCAGGCGCAGCCCAGCCTCGAA,6.936101432968714,2.794124996565938
8668,ENST00000217159.5,ENSG00000101187.15,SLCO4A1,62642445,62685785,14.602029548362363,2776,3982.28,270.148,1.52838,CTGCGGCGGGGGCGGCCCCAGCGGATGAATGAAGCGGCGCGTGGCTGCCGGGGAGGCCAGAGCGTGGAGCGCTGCGCGGCGCGGCGGCCGGGCCCTCGAGACGGGGACGGACACACCAGCCCCTCGGATACCACTTGGCCACTCCCGCTGAGGCCACTCCCACTGCGTGGCTGAAGCCTCGAGGTCACCAGGCGGAGGCGCGGAG,9.55392608406441,3.2560937151422085
8669,ENST00000370487.4,ENSG00000101189.6,MRGBP,62796453,62801738,14.871728711839864,2781,3455.86,601.0,3.91815,AGTGCGCCTGCGCGGAGCTCGTGGCCGCGCCTGCTCCCGCCGGGGGCTCCTTGCTCGGCCGGGCCGCGGCC,3.795599635501414,1.9243278231443834
8670,ENST00000290291.10,ENSG00000060491.16,OGFR,62804835,62814000,17.01301366490164,2410,3901.9,731.177,4.22191,AGCGCGAGCCCCGCCGCCGCCGAGC,4.029695958677858,2.010670991245809
8671,ENST00000266069.4,ENSG00000101193.7,GID8,62938119,62948475,104.97844418765511,4397,5003.51,832.908,3.75046,CCGCCTCCGCCGCGGCCCCCACCTCTGCCTCCTTCTACTCGGGCGCCCCGGCGGCCGCCACCTCTCCCCAGCCCAGGAGAGGCTGCGGAGCCGCAGCCGCCCAGACCGCGCAGCGCGGGAGGCAGGTTCCGCACGAAATAAATCAGA,27.990818243003556,4.806881756070043
8672,ENST00000370283.8,ENSG00000101199.12,ARFGAP1,63272785,63289793,29.99535990565976,3281,5126.37,543.778,2.38986,GTGAGACCTTGCAAAGCGCAACGTAGCCGGAAGCTGGTGGCGGCTGGTGGGCGACCGGGCGCATCCTCATTGCAGTGCGGCGGCCCTACCTCGGCCCTGGCCTGACCCCGGCGGCCCTGCCCGCCCCTCCCTCCAGCATC,12.551095003749072,3.6497413305825055
8673,ENST00000370179.7,ENSG00000125534.9,PPDPF,63520724,63522206,122.08866355148557,868,1085.5,1059.41,21.9885,GCGGCCCCCGCGCATATAAGTGGGCGCGTCCGCGCGTGCGCACCCCGCGCGCGCCTCTCTGTCGTGGCGCGGCTTCCCGCGGTCTTCTCTGCAAATGGGCTCCGTGGCCTAGCGCCCCCGTCCCCGCCACCCGTGATCGTGCGCCGAGGCCCGCGAGGGGTCGCCGCCCAGATCCCACCAGCCAGCAAGCTAAAGC,5.5523870910469375,2.473108150565074
8674,ENST00000266077.4,ENSG00000125520.13,SLC2A4RG,63707465,63743505,13.730929872861084,1731,2612.9,485.826,4.18909,GTCCTGAGAGTCAGCCCTCGCCGCTGCAGCCTCGGCGCCCGGCCGGCCGGCC,3.277783450071754,1.7127205445449452
8676,ENST00000348257.9,ENSG00000101150.17,TPD52L2,63865228,63891545,82.86728098123785,2237,2576.52,426.087,3.72587,ACGCGGCGAGCTTCTCCCGGCGCCGCCCGCTCGGCTCCCATAGCGCCCGCGACAGCGGTCCGGACGCCGCCCGAAC,22.24105537263454,4.475153342694338
8677,ENST00000360864.8,ENSG00000101152.10,DNAJC5,63895182,63936031,59.99390501544524,5213,7567.29,747.683,2.22607,ACCCGCGCCCTCTGCCGCCGCCGCCGCCGCCGCCCGGGGTCTCCAGGCTGAGGAGTGCGTCGGCCGCTGCCCAGCAGCGCCGCGAATCGGGGAGCGGAGCCGCGGAGCCGGCGGGAGGGCGGGCGGGCGGGCGGACGGGCAGAATAGCCTAAC,26.950592306371878,4.752245075029346
8678,ENST00000266079.4,ENSG00000101161.7,PRPF6,63981135,64033100,52.03992625116887,3044,4014.46,1973.0,11.0729,GGCGACACTTTGCTACGGAGTGCATCGGACGTCGAAGCCTAGAGTCTCTGCGTCTTTCCCTCTTCCGCTGCCTCATTCCTTTCCTTCCTAGCCTTGGTCGTCGCCGCCACC,4.699755822880083,2.2325858031155796
8679,ENST00000308824.10,ENSG00000203880.11,PCMTD2,64255695,64287821,20.177575157149818,3843,3155.38,550.699,3.9321,GTTGGAGCGGCGCTGCTCGGCCGCGGACACACGAGGGACGCGCCCGAGGAGCTGCAGGTGGCAGCCCAGGCGGTCCGAACCCGTCGGCCGGCCGAGCCTGGAGTATTGCCTAAGTGTAATCTTGAAC,5.131501019086446,2.359380891337895
8680,ENST00000382369.9,ENSG00000196476.11,C20orf96,270863,290778,11.64628344791109,1420,1516.24,121.793,1.80974,GGGCTATTGTCCCCGGTAAACTGCAGTTTCTGGTTCGAGACTCCAATCCTGTTTCGAATTGCTGCTTGCTGCCCCTTGGGCTGGGGATA,6.435335157487313,2.6860152871333627
8681,ENST00000354200.4,ENSG00000125875.13,TBC1D20,435480,462553,15.84450575053178,4466,5250.35,586.993,2.51887,AGCGGGGCGCCTGCGCGCCTGCGCGCCGCTGGCCGACGGAGGGGAGCCTGCCGATGCCGAGCGGGTGCTACGTCCCGCGGTCGGAGCCGCGTCTTCTCCCGGCTCCGCCACCAGCCGGGGCTCGGGTGGGGGCCCGGGGCCCCGGGGC,6.2903229426416525,2.6531340863871784
8683,ENST00000217244.7,ENSG00000101266.17,CSNK2A1,473591,543821,26.15424784281832,4416,4557.89,689.361,3.40757,GGGGGTTTCCGCTTCCGGCAGCAGCGGCTGCAGCCTCGCTCTGGTCCCTGCGGCTGGCGGCCGAGCCGTGTGTCTCCTCCTCCATCGCCGCCATATTGTCTGTGTGAGCAGAGGGGAGAGCGGCCGCCGCCGCTGCCGCTTCCACCACAGCTCTATCAAGGCTTGTCAAGCAGTGTGCTCATCACATGGTAAATCATGCAGCGTGGAACCTCATAAAATCTCCAAGAAACATCATTCACCCATACTGACTAGTTTCACATCTCTTTGTTTGAAGAAAACAGGTCTGAAACAAGGTCTTACCCCCAGCTGCTTCTGAACACAGTGACTGCCAGATCTCCAAACATCAAGTCCAGCTTTGTCCGCCAACCTGTCTGAC,7.675336924206493,2.9402300818460754
8684,ENST00000381962.3,ENSG00000271303.1,SRXN1,646615,676179,57.4399472328163,2698,3282.15,889.716,6.10737,CGGCACCTGGCGAGCGGAGCCGGAGTCGGGCTGGGGACCGCGGGGTCGAGGCCGGACCGCGGCGGGGTCGGGGGAGAAACGCGCGCTGCCCTGGCACGGGCCCCCCCCCCCGGCCGCGCGGAATGGTATGGCCCGGCCGGAGTTAAGGCCGGGGGGAGGCGGCGAGTCCCGCGGCGGCGGCGACG,9.405021675912266,3.2334312687559237
8685,ENST00000400137.8,ENSG00000088832.15,FKBP1A,1309909,1393172,186.79499389750129,1622,1655.61,3757.66,51.1355,GTCGCGCGCCGTGTGGGGCGCGCACGCAGGGCTGGGCGTGAGGGGGCGTGCGCGTGCGCAGGCGACGCGCCGAGGTACTAGGCAGAGCCGTGGAACCGCCGCCAGGTCGCTGTTGGTCCACGCCGCCCGTCGCGCCGCCCGCCCGCTCAGCGTCCGCCGCCGCC,3.6529415747866216,1.8690586793939727
8686,ENST00000476071.5,ENSG00000088833.17,NSFL1C,1442162,1491587,6.79588707491034,2800,3336.99,912.431,6.16037,GGCTGGGCCTCGTCGACCGGCAAGCGGAACGCGGCAGCGGGGCTGGGCCTGTGCGGCGGCCGCCGGAGCGCTTTGGAAGGCGCACGGGGCGAAG,1.1031621598881787,0.14164487621584554
8687,ENST00000381342.6,ENSG00000125835.18,SNRPB,2461634,2524702,2207.042001933583,1154,1505.32,3349.85,50.137,AACTCCAGGGCTAGTGAGCTGGACCGGAAGTAGGTTTCTACCCGACCGCATTTTACGTGGTGCTGCATTTCCGGTAGCGGCGGCGGGAAATCGGCTGTGGGAGAGAGGCTAGGCCTCTGAGGAGGCGAATCCGGCGGGTATCAGAGCCATCAGAACCGCCACC,44.02022462320408,5.460094601815056
8689,ENST00000278772.8,ENSG00000088876.11,ZNF343,2461634,2524702,1.0844637553819745,3632,4345.8,241.054,1.2497,GTAGTCTTTTTTTTGCAGAATGGGCCAAGGGGACAGAGACTTCACTCGGGAGCCAGAACCTGTTTTCAACATGGGTATTTTAAGAAGAGACGGAGAGGCTGTCACTGCAGTGGTCACTGTCCTGGAAAAGTAACCGTTGCACGGCCCAGAAGTGGCTCTGTGGCGGCCAATGGGAGCCGAAGCCTGCGAGGATGTTGGGAATTGTAGTTCTGGCGTCGGTCGGTGGCCGAGATCCCGGGCACGCTGGCTCTGGTCCACCTTCTCCAATCCCTGCCTGCTGGGAGAGGACGATCTCTTGAGAAAGGAAAGACTTCTGTGCTCCCGAGAACTTCCTATCAGGTCCTGGCTGCAGGGAAACAAGCTGGGCTTTTTATAATTAAGGTTGGAAGAAGTCACCACAGGCAGCAGAACTCCATCTTGAGATGAAATAACATCTACCTGGACCTCTGGCAGAATTTCAAGGCACACACTGGGCTGACTCTGGCGCC,0.8677792713306989,-0.2045999700205322
8691,ENST00000380843.8,ENSG00000101365.20,IDH3B,2658395,2664219,413.8095180578461,1545,1794.31,1259.43,15.814,GTCACTTCCCACGCGACTTCCTGCGGGAAAC,26.16728962045315,4.709692594220426
8694,ENST00000356872.7,ENSG00000132635.16,PCED1A,2835314,2841190,7.548074199239484,1706,2402.21,123.454,1.15786,GATCCCGCCCCCCTCGGAGCGCCCCTGTGGTCTGACTTCAGCAGCACTTTCCGGCAGGAGACTGGGCACTCGCTGTCACCCGCGAGCTGCCTCCCTCAGCGAGATCTGAGCATCTTTCCGGAGGCTAACAGACCTGGGCTTCGGGGTGACCACTGTGCTTGCCTCAGTTTCCTTTTCTGGAGCAGGGGAAGGCCCGGCTCCCTGCCCAAAGGCGGCTGTGCGCTAAGTGGCAGACGCTCGGGGAGAGCCGGCGCGGGGCGGACCCCAGCGCCAGTAGTGACAGGGGCGAACGCCGCCGGGAGACTCCAGCCGGCGGGCGAGCAGGCCTGTCGTTGCTGGTGGCGGC,6.518986923496351,2.704647781326272
8695,ENST00000380266.3,ENSG00000215251.3,FASTKD5,3107573,3160196,69.25404666980499,2874,2724.27,753.621,6.23253,GCGGAAGTAGCGGGCAGTTGGCCGGAAGTGGGGCTGTGAGGCTCGGAGTCGCCGGAGGAGCCAGTATCTGTGTCGCCGCCGCCCGCGGCGTCCCCGGTTTGGTGTTGCGGCGCCCACCTTCGGGAGGATCAGTATCTGGCACCAATTCTGACCCAGTCATTTGTGATCCCTGGCTCTTGTGATATGCTGAAGATTTCCAGGCAGTTTTTGTGGAACACCTCCCCGTCCAGCTCTAATCAAGCACCATATAAACAAGAAATTGCCTGGTCAAATCTGTGAGGACTGTATTCTGACTGCCAAAGAGATCAATACTGACACCAGA,11.11170691032454,3.47400854634974
8696,ENST00000337576.6,ENSG00000088899.14,RP5-1187M17.10,3162617,3173592,2.1478321888579472,4238,6738.37,558.388,1.867,TCGGGCGGGGAGCAGGAGGGGCGCGGAGCGGAGCCGGGCCCGCGCAGCGCGCCCCGCCGGGCGTGCTTCGGGCTGCGCCAGCAAGCGGGGCCGGTGGCGCCCGTGTCGGAGACCCCGCGCCGGACCCTGAGGCAGCGAAGGAGAAAACTGCAGTCCGGGATGGCTCAGTCGGCCCCTCCAAAGTCGCGCAGCTGGTTCGGGCCGAGCCCCGACTGCGAGAGTGAGGCACATGGCCCCTGCAGACCGGGCCTCGGAGGGTCCCAGGCTTGAGGACCCGTCGGCCCCTCAACCCCTTGGAAAGGCAAGGAGAGAAGCCTGCGCTGGTAGTGAGCTTCCACTTCTGCCCTGACTGCAACACTTAGTGCCCCCCTGGCTTAGTC,1.1504189549319481,0.20215935171828664
8697,ENST00000354488.7,ENSG00000198171.12,DDRGK1,3190350,3204685,96.63649520000718,1306,1770.0,815.185,10.3764,GGCCTATGAGATCCCGGCCTCAGGGTGGACGCAGTGGTTCTGCACTGAGGCCCTCGTC,9.313104275086463,3.219262131886307
8698,ENST00000217195.12,ENSG00000101220.17,C20orf27,3753508,3768387,7.823225356327811,1302,1768.1,431.307,5.49593,TCCTGCAGCCGCCGCCGCTGCAGTGGTCGTCCCTGCCCTCCCCGGCCCCGGGGTGCACCCCGCAAGGCTCCCGCTGGTGTCCCTGGAGCATGGGAGGCTGCTGAGCGTGAGTGGCGGTGTCTGGCAGGAGCTGCGTGGCAGGGAGGGCGTCC,1.4234579691385825,0.5093998948289974
8699,ENST00000379751.4,ENSG00000125817.7,CENPB,3783851,3786690,28.419890786093948,2840,4232.16,804.0,4.28012,GCCCGCCGCCCGGCGACGCGCCCGCCGGCGTCCCCGGAGGTGCCCCCGGCCCGGCCGGGTCGTCGCCCCGCCGCCGCGCCCGCGAGCCGCTTTGTCTCGGGCGGGGCGCGCGGGAGAGGCCGCCAGGTGCCCCCCGCCACGGGCCCGGGCCCCCCGCCCCGGGGCGGCGGCGGCGGCGCCGGGCCCCGGGGCGGGGGGCGCGCCGGG,6.639975231090237,2.731177859938174
8700,ENST00000336095.10,ENSG00000101236.16,RNF24,3927309,4015582,15.82379921978576,7453,8766.86,489.626,1.25829,CTGGGGTTTGGGGGACCGAGCCGCTCCGGGTTCGGGATGCTGAGGAGACCGCGGGCCCGCGCCAGCCTCCCACACACACACACTCTCCCGGCGCCTCGGCCGGCCGGGCGCGGTGTGCAGGGGTGAGGCGGTGTCTCCAGGCTGAGGAGGGACGCGGAGGAGGGTCCGGCGCGGCCCCGGGACTGGAGGGTGAGTCCCTCACAAAGGGCGGAGCGGGGCTGTCACCTGGAGATCACGGAGGGAAGTTCATCC,12.575637746295179,3.6525596599350427
8701,ENST00000338244.5,ENSG00000089057.14,SLC23A2,4852356,5010293,31.468417711604925,6944,8374.09,1157.61,3.11447,GGCGGCTGTCGCGGGGACCGGAGGCGGAGGCTGCAGCGGGCACTGCGGCGCCGAGGCGCGGCGGCAGGACGGGAACCACGCGAGCTGCAGCCAGCTAGGTCTTGACTCCACTAACGGGGACTTCTCATACGGCTTTGAACTTGGACCTTGGTGCATAAGCAAATGTAACTCAGCGAATTGTAATGGAAAGCATATGGACAGGTCTACGCCACATCACTTAGGTGCTAAGAGATGCCGTTTGCAGGCCTCATCTCTGCTTGAGAATCGGGGGCTCCAGGCACTAGAAGAGCCGGCTGATCCTGGGCTCCTAGCTTGAATAAGCCTTCACTTCCAGCTGCTCTCCCCAACGGCTGTGTAAACTACTCGTTTCTCTTA,10.10393990361279,3.3368460582646535
8702,ENST00000379143.9,ENSG00000132646.10,PCNA,5114953,5126626,1102.989016725054,1344,1081.3,5202.3,108.396,GGGCTGGACAGCGTGGTGACGTCGCAACGCGGCGCAGGGTGAGAGCGCGCGCTTGCGGACGCGGCGGCATTAAACGGTTGCAGGCGTAGCAGAGTGGTCGTTGTCTTTCTAGGTCTCAGCCGGTCGTCGCGACGTTCGCCCGCTCGCTCTGAGGCTCCTGAAGCCGAAACCAGCTAGACTTTCCTCCTTCCCGCCTGCCTGTAGCGGCGTTGTTGCCACTCCGCCACC,10.175550912626425,3.3470350001796896
8703,ENST00000379019.5,ENSG00000125772.12,GPCPD1,5544404,5611026,10.421063473734796,5489,4648.97,365.275,1.77021,AGTTTGGTCTGGAGCAGCTGAAACCGGTTTGAGCGTGGCTGCTTCCTGCCGCTCGACGCCGCGGCAGGCCGCCTGGGGGGAGCGCTGGCGAGGCACGGACGGCGGGCGCCCGGTACCTCTGCCCGCGGTCCTCGCTCTCGGGCGGGGCGGCGGCGACGCGGACCTGCGGACTAGCGAACCCGGAGCACGACATCATAAAATAAATCCATCAGA,5.886908035619952,2.557510090264666
8704,ENST00000203001.6,ENSG00000089195.14,TRMT6,5937235,5950558,29.61030648729108,2327,2143.35,734.694,7.7228,CGTGCAACACGTGGGGGCGGTGCCGGTCGGAGGGCTCCTAGTGCGCCAGGTTGTGGGAAGTGAGGCTGGCGGTGGCGACAACCGAGGAGGAGGGGCGGGACGCCGTGGAGCACGGCGACCGGCTGAGCGTC,3.8341413072060755,1.9389035084846014
8705,ENST00000246024.6,ENSG00000125827.8,TMX4,7977348,8019829,25.62338553537033,6169,5674.36,1031.73,4.0965,GGAGGCGGGAGGGGGCGTGGCCTCGACGGGCAAGCGGCGATAAGAGGTGGCGTCCTCCGCGGCATTGCGAGCACCGCCAGTCTGCGCCGCTAGGCGTAGGCGGGGTGGCCCTTGCGTCTCCCGCTTCCTTGAAAAACCCGGCGGGCGAGCGAGGCTGCGGGCCGGCCGCTGCCCTTCCCCACACTCCCCGCCGAGAAGCCTCGCTCGGCGCCCAAC,6.254945816030839,2.644997386983871
8706,ENST00000347364.7,ENSG00000125863.17,MKKS,10401009,10434222,285.0570837739296,6714,5273.13,260.215,1.1118,GTGCCCTCGCGCGACGCGAAGGTTGTCGGGATCCGCGGCAGCAGCGGCTGCTTGAGATCTGTTTCTGGGGCCTCTGGCGGTGGCGGCCTGGGGCGGCGCGACGGCTGGTGCGCAGGTACACTGATGCTGAAGTACTATGAGCCTTCGGAACTTGTGGAGAGACTACAAAGTTTTGGTTGTTATGGTCCCTTTAGTTGGGCTCATACATTTGGGGTGGTACAGAATCAAAAGCAGCCCTGTTTTCCAAATACCTAAAAACGACGACATTCCTGAGCAAGATAGTCTGGGACTTTCAAATCTTCAGAAGAGCCAAATCCAGGGGAAGTAGCAGGCTTGCAATCTTCAGGTAAAGAAGCAGCTTTGAATCTGAGCTTCATATCGAAAGAAGAGATGAAAAATACCAGTTGGATTAGAAAGAACTGGCTTCTTGTAGCTGGGATATCTTTCATAGGTGTCCATCTTGGAACATACTTTTTGCAGAGGTCTGCAAAGCAGTCTGTAAAATTTCAGTCTCAAAGCAAACAAAAGAGTATTGAAGAGTGAAGTAAAATAAATATTTGGAATTACTAATTTGTCATTAAATCATTCTATGCTGATTAGCTTCATAAACATTGAACTTTTTGATTTTATAGCCACAATGCTGCATATTCATACTTTAATTCCTAAAGAATAATTTTTAATGTTAAAACGTGATAATGCAATAAATAGAAAAATGTGGTTTACAAAATAAAAACGGTCTTCACTAGTTACCACCTGAAGTAAG,256.39241210103404,8.002209755997388
8710,ENST00000254958.9,ENSG00000101384.11,JAG1,10637684,10674107,9.687559659056198,6048,6867.83,340.082,1.11564,GGGAGGGGCGTGCCCAGGGTGAGCACGCCCTCTCATGAATATTAATAAGCGCGCATGCGCCCTGCCCGGCGTGCTGGGTAGAGGTGGCCAGCCCCGGCCGCTGCTGCCAGACGGGCTCTCCGGGTCCTTCTCCGAGAGCCGGGCGGGCACGCGTCATTGTGTTACCTGCGGCCGGCCCGCGAGCTAGGCTGGTTTTTTTTTTTCTCCCCTCCCTCCCCCCTTTTTCCATGCAGCTGATCTAAAAGGGAATAAAAGGCTGCGCATAATCATAATAATAAAAGAAGGGGAGCGCGAGAGAAGGAAAGAAAGCCGGGAGGTGGAAGAGGAGGGGGAGCGTCTCAAAGAAGCGATCAGAATAATAAAAGGAGGCCGGGCTCTTTGCCTTCTGGAACGGGCCGCTCTTGAAAGGGCTTTTGAAAAGTGGTGTTGTTTTCCAGTCGTGCATGCTCCAATCGGCGGAGTATATTAGAGCCGGGACGCGGCGGCCGCAGGGGCAGCGGCGACGGCAGCACCGGCGGCAGCACCAGCGCGAACAGCAGCGGCGGCGTCCCGAGTGCCCGCGGCGCGCGGCGCAGCG,8.68341011352784,3.1182617232822114
8711,ENST00000337743.8,ENSG00000089123.15,TASP1,13389392,13638940,17.863418178268567,2352,2223.48,130.382,1.32113,GGGCGGGTGACTACTTCCGGTGCAGTGAAGGCTCGGGGCTGAAGCGGGGTAATTCCTCTCCTGCAATTACTTTTGGATGGAAGTATGCCCCTTTCTCAGTAGAAGATGGTAATCTTGGAGA,13.52131749204739,3.757163826880087
8713,ENST00000202816.5,ENSG00000089048.14,ESF1,13714322,13784886,17.248862400919403,3216,2147.26,747.198,7.83994,GCGGACGGTGAGTGGGGATGGACTGGAGTTGAAGAGCTCGAGATGAAGGGCTTGAGGGCGTGTGTTATTTGTTTTCTTCAAGCATTTGGTCGAGATTAAGAATTAAAA,2.2001268378226624,1.137586697851295
8714,ENST00000337227.8,ENSG00000089050.15,RBBP9,18486540,18497243,95.39319578465812,3861,3383.56,1588.59,10.5779,CGCAGGCTCCCTGCGGGAGCAGGCTGGGCTCAGCTCCGCTGGACCCGCGCTGGGGAACTCTGGCCTCGCTGCACTC,9.018160105943346,3.172833123415227
8715,ENST00000202677.11,ENSG00000188559.13,RALGAPA2,20389552,20712488,5.588372238081455,6152,6646.94,367.775,1.24659,GCCGCGGG,4.482927215910166,2.16444107621263
8716,ENST00000351817.4,ENSG00000125816.4,NKX2-4,21395367,21398028,16.212011605532727,2238,2742.99,255.0,2.09449,TTTAACACTTTAGGTGATGGAGCGAATGAGGGGCTGATAACTGGAGAGGACGAAGCAAGCCCCCGCAACACCCTCCCCCCAAACTTAGCAGCACGTTCCCCATTCCGCAATTATACCGGACTTTGGTGCGAAGTCACTTTAGAAAACTGGGATCTGGAAGGGGCCAGGCGCGGAGTCCATGTCTAGCCTCGACGCCAGCCTCCGAGTTTCTATTTCTGGTGCTCGAGGGCTGGGGTAACGGCCGCGGATGGAGGAGCGAAGGATGGGAAAAGCAAAGGATGGGAAAAGCAAAGATGGGAAAAGCAACGGGGAGTGATCTTTCCAAGAAACACCCAACTGCCCCTTTTACCTTTTTTTGCCTCCATTATGGGGCGGGGGTTGGGGGGGCGAGAGAAAAAGATGTCAATGACCATTGTTTGCTCGTTTGGGATGTTGCTCCGCCCCCCGAGTCTGTCGTAAACCTGGCGCCGGACTAAAATAAACCCCAGATCCCGCAGCCCGGGGGGCTCGCCGAGCCGCCGACTCCTCGTCACAGGCTCAGCTGCCGCGGCCGAGGTGGCGGCGACGAGCGGCCGCCGCGTCCTGCCGGCGCGCGCCCCAGGCCCCCCTACCTGGCTGCCCGCCGAGCC,7.740314637707856,2.952392211981417
8717,ENST00000377026.4,ENSG00000125814.17,NAPB,23374519,23421519,7.999444284983412,3837,3370.75,268.388,1.7939,GTCCCTGCGGCCGCCAGAGGGAGGGTTAAGGCGCCTGGGCGCACAGCGAGCCGGCTGAGGGGGCTGTGGCGGCCGCGGCGGGCGAC,4.459247608553103,2.156800310374779
8718,ENST00000217456.2,ENSG00000101474.11,APMAP,24962925,24992979,118.43326913097084,2430,3058.56,884.262,6.51367,TCGCGTTCTGGGCCCCGGAGTCCGAGACAGGCGGGGACCCCGGCAGCTCCCGGTGCTATCTCTGAGCGGGTTCCGAGCCCCACTTCCGGGCGGTCAGAATTAGCCTCAGAGCGCCGAGCAACGACGCGCCGGGGACCTCCCGCCCATGAGGCCGGAAGGGGCGGGGAGAACGCTGCGGAATGGTCCCTGGGCGCAACGTCATTTCCGCGTACGGGGGAGGGCGGGCCTGGAGTCTGAGCCGGCGCCGCTCAGTGTGAGGTGGTTTCTGCGGGTGAGGCTGGCGCCCGTACC,18.18226424288778,4.184459964858383
8719,ENST00000323482.8,ENSG00000154930.14,ACSS1,25006230,25058980,16.27749656345325,3680,4983.97,449.07,2.03002,GGCCCGCGGAGACTCCACGGGGCGCCCCGGGCGTGAGGCACCCACTCTGGGAGCACAGAGAGCTCAGGTAGCCTGCCTAG,8.018392214585695,3.0033129877304545
8721,ENST00000339157.9,ENSG00000100997.18,ABHD12,25294743,25390983,30.17478925361548,2117,2441.74,663.489,6.12204,ATGCTGGGCGCGCGCTCCTTGGAACTAGAGAGGAGGTGGCCGGGGCGGGGCCGGGGGAGGGGGGTAGGGCAGAGCCGGCGGGAGCCCGGCGCTGATTGGCCGGCCTGGCTGGCGGGCCCCCGCCGCTGGTTCGTAGCCGGCGCAGCGGCCTGGGCTGGGATGTGAGGAGCGGCGGGTTCCGGGCTCCGGGCTCTGGGTGGCGGCGGCTGTGAGCGGCGGCACTGCGGCGCAGGCCAGCGGGCGCCGTCGGCGGCTGGCCCTGTCGGCCGCGGG,4.928878160484982,2.3012593187172694
8722,ENST00000304788.3,ENSG00000170191.4,NANP,25612935,25624175,16.670445088633468,3964,3380.39,347.133,2.31361,GGCGCCGACACACGTTTCCAGGGCTCTTGAGAGACCATACCCTGGGAGTCTCGCGGGATCTCACTTTTCTCGGCGGCGCAGGGAATGAGACAGATCGCGGGAATTCCACCCGCGCCGGGAGATGGTCTGGTGACTTCGCGGCTCCTCCCACGTCTCTCTGGGCAGTCCGCCTTGCGCATGCGCAGGCGGCGGTGGCAAGGCTACGGTTCGCGCCAGCGGCCGGCGCT,7.205382535791887,2.849075025520059
8723,ENST00000252979.5,ENSG00000130684.13,ZNF337,25674215,25696841,18.276717843960625,3205,3840.96,401.847,2.35713,AGATCCCTGGGCGTCAGCGAGCCGTGAGATGCGTGGTCCACCATCGGTGACCTCACCGCCTCGGTTCGCCCTCAGCCGCCCCGATTGGCCATCTGCAAGCTTCCCTTCTCCGTGGAGAGCAGGAAGACAGTC,7.753801378778695,2.954903779515056
8724,ENST00000307677.4,ENSG00000171552.12,BCL2L1,31664452,31723989,9.401410150724017,2610,3438.96,338.324,2.2165,GCAGGAGGCCGCGGCTGCGGAGCGGCCGCCCTCGATCCGGGCGATGGAGGAGGAAGCAAGCGAGGGGGCTGGTTCCTGAGCTTCGCAATTCCTGTGTCGCCTTCTGGGCTCCCAGCCTGCCGGGTCGCATGATCCCTCCGGCCGGAGCTGGTTTTTTTGCCAGCCACCGCGAGGCCGGCTGAGTTACCGGCATCCCCGCAGCCACCTCCTCTCCCGACCTGTGATACAAAAGATCTTCCGGGGGCTGCACCTGCCTGCCTTTGCCTAAGGCGGATTTGAATCTCTTTCTCTCCCTTCAGAATCTTATCTTGGCTTTGGATCTTAGAAGAGAATCACTAACCAGAGACGAGACTCAGTGAGTGAGCAGGTGTTTTGGACAATGGACTGGTTGAGCCCATCCCTATTATAAAA,4.241556576009031,2.084593805443915
8725,ENST00000202017.5,ENSG00000088356.5,PDRG1,31944342,31952092,188.40616161155336,1998,2349.87,360.987,3.46107,AGCCTGCGCACCACCGTTCTTTTAACTGCGCAGGCGCGCCGGAAGCACCTAGAGAGCGGCGCGTGCGCAGCGGGAGTCGAAGCGGAGATCCCGGGGTCGCGCGAGAGCCGCAAGCGGAGTTGGTGGGCGCT,54.43581366789847,5.7664842169682275
8726,ENST00000246229.4,ENSG00000126003.6,PLAGL2,32192503,32207791,19.81588942090225,5705,7188.93,1633.0,5.11781,CGCGGCACCGCCCCCTCCACGACCCGAGCGCCCGCTCGCGCGGCTCCCACAATGCACCGCACAATGGCCCGACCGCCGCCACTACCGGGGCCTGAGGGGGCCTGGCGGAGCCCGAGCGCGGCCCGGCCCGCAGCGTGGGGCCCCGAGCGCGGTGAAGAGATTGTTTTCTGAAAGCTGCGTTGGAGGCTGTGACAGAGCTGAGAGCCTGTGTGGAGCGGATGGGGAGGCTTTCTCAATAACATGGCCCTTTGCCATTAGCCTTGCC,3.8719470673788683,1.9530592299492855
8728,ENST00000446419.6,ENSG00000149600.11,COMMD7,32702691,32743997,5.552876116541259,1343,1311.74,372.881,6.4045,AGCGGAGGAGGAAGCTGAGCAGGGCGGCGGCGGCGGTGGAACCTGCGGGGCTGGGGCGCGCGCC,0.8670272646641047,-0.2058507335311076
8729,ENST00000346416.6,ENSG00000101391.20,CDK5RAP1,33358839,33401561,42.66025240910111,2122,2350.37,483.252,4.63234,AGCATGACCCGGCCTGAAGTAGCGGCGGAACGGAAGTCGCTTGTGTATGAACGCAGCGGCGGACCTGTGAGGGGATCCGACTTGCCGGCAGAACTTACGCTGCGGGACCCCGGGCACTGTTGCTGCTGCGGGAGACTGTGGGCTGTTTAGTGCC,9.209223072810094,3.203079449879782
8730,ENST00000217381.2,ENSG00000101400.5,SNTA1,33407955,33443892,4.635729929097276,2342,3458.45,207.0,1.3485,CCCTTCTGACCCACCCCGCTAGGTAGTCCCACACGGCGGCCCTCGGCTCCCGGGCCCCGCCCCGGCCTCCTGCATTTGCCCGAGGCCCCCTCCCCAGCACTGGCCACACCCCAGGGTAGCCCCGCCCCCAGAGCTCCTCCCCCAGCGGCCGGGGTAGGGTGGCGGCTGGCCCAGCCGGGCCCCCGCTGCCCTCTGCCCTGGGCGCTTGGTCGGAGCGGGCTGGGCAAAGCGGGACAGGGCGAGCGCGGCGGCCCGGGGGCTCGGAGGCGAAG,3.4376936811993146,1.7814409978982484
8731,ENST00000343380.5,ENSG00000101412.12,E2F1,33675683,33686404,13.956262278782924,2503,3857.53,1278.0,7.4642,TTGGCGCGTAAAAGTGGCCGGGACTTTGCAGGCAGCGGCGGCCGGGGGCGGAGCGGGATCGAGCCCTCGCCGAGGCCTGCCGCCATGGGCCCGCGCCGCCGCCGCCGCCTGTCACCCGGGCCGCGCGGGCCGTGAGCGTC,1.869759958037422,0.9028530671301656
8732,ENST00000374980.2,ENSG00000125977.6,EIF2S2,34088298,34112332,60.37071316301351,2656,2546.13,4859.45,43.0001,GAAGCGCGCTAGGTTGGCTCTTCTGCGCGCCTGCGCCTTGGCGAGCTCTGCGCAGGCGCATTTCCAACGCTTGGAGGAGAGGGCGGGGTGTCGTTTCCTTTCGCTGATGCAAGAGCCTAGTGCGGTGGTGGGAGAGGTATCGGCAGGGGCAGCGCTGCCGCCGGGGCCTGGGGCTGACCCGTCTGACTTCCCGTCCGTGCCGAGCCCACTCGAGCCGCAGCC,1.4039668085193642,0.48950882898254455
8733,ENST00000217426.6,ENSG00000101444.12,AHCY,34234840,34311802,293.13565008169866,2143,2698.93,5488.49,45.8165,CGGCGCTGCCCGCCCAGTTCCTGTTCCCAGACTGAGGCCCAGCCCCCTTCGCCCGTTTCCATCACGAGTGCCGCCAGC,6.398036735274381,2.6776292759243634
8734,ENST00000359003.6,ENSG00000198646.13,NCOA6,34560542,34825649,6.946032781625184,7081,8582.31,2644.03,6.94104,CCCCCTCCCCGCCGGCTCCGTGAGGCCCTGCCGGGTCGGGCTGCGGGCGGCCGGGCGCGGGCGGCGGGACAGACGGGCGCACGCGAGGACTGACGGACGGACGCACCGAGGGCGGCGGGCACGCACGGCCCGGGCCGGCGCTCCAAGGCCCGCCCGGGAGGGCCGGGGCCGCGCTCAGAATTTTGATTTGGCTGCTGGGCTGCTACCTTGAAATCCAAGCCCTAAAAATGCCAGCTTCTTTGGACTTAGAAGATGACCTGGATAAATGATAAAAATTAAGAAAGAGATTTTGAAGTTTTCTTATTGTCCTCTTGGCATATGCTTCTGGAATAATATTCACC,1.0007193131901249,0.0010373765176461495
8735,ENST00000336431.9,ENSG00000131067.16,GGT7,34844720,34872860,10.620510653022272,2642,3870.88,399.164,2.32329,AGCCACTTCCGGCAGGCGCTGCGCTGCTGGGGGGCGCGGGCGAGG,4.571323706047145,2.192611983145302
8736,ENST00000216951.6,ENSG00000100983.9,GSS,34928430,34955817,56.6780545397839,1922,2486.33,824.469,7.47097,AAGCGCACTGGGTCGCATCGAGGCCCCGCCCCCTGAGCCTGGGTAGCGGCGCGAGGGCCGGGAGAACCGTTCGCGGAGGAAAGGCGAACTAGTGTTGGG,7.586438513310038,2.9234227650797333
8738,ENST00000252015.2,ENSG00000100991.11,TRPC4AP,35002404,35092871,43.31888451714786,3226,3891.11,1088.45,6.30227,ACTGGGGGCGCTGCGGCGACCCCTCCGCCGCCCCGTAGAAATCTCCGCGGCCCCGAGGCCGCTTGCTTCCTGTTTGTCCGACGAGGAGAC,6.8735367601114925,2.7810526249994463
8739,ENST00000374492.7,ENSG00000088298.12,EDEM2,35115357,35147364,7.832627047807127,1919,2126.5,215.393,2.28206,GCAGGCGCAGTGGCGCGGATTCCCGGAAGAACCCGCAGCAGCTCCCAGGATGAACTGGTTGCAGTGGCTGCTGCTGCTGCGGGGGCGCTGAGAGGACACGAGCTCT,3.4322616617473365,1.779159542265035
8740,ENST00000435366.2,ENSG00000126005.16,MMP24-AS1,35201745,35284985,51.725384897711535,1499,2151.95,301.042,3.15179,GCGGGTCTGGCTGCGAGAGACC,16.411431249452384,4.036629157410286
8742,ENST00000621148.4,ENSG00000242372.6,EIF6,35201745,35284985,315.76008879484743,1054,1195.45,278.625,5.25109,GTGTGAGGGGAACCTGGGAGGGCCTC,60.13229420841149,5.910068097159203
8743,ENST00000374385.9,ENSG00000101019.21,UQCC1,35302566,35412141,35.18741045206818,2447,3130.99,667.471,4.803,CAGGGAGAGCGTGCCCGGGCACGACAGCCTGGTGCACAGCCGAGAAAACAACAGCGCGTGCGCGTAGCGACCTCTTTGCGCCTGCGCCCCCCTTGCCAGTCTTTCGCCGGCAAAAGGAGGACGTAGAAAAGGGGACACCGGAAACTCACTCTTCACCCGGAAATGGTTATTGAGGAAC,7.326131678548444,2.8730516320158364
8744,ENST00000374114.7,ENSG00000244462.7,RBM12,35626031,35699359,81.06325932485555,6662,5868.0,788.389,3.027,GAGCGGGCCGACGGCCATTTTGTGAAGCGGCGAAGGAGGTGGTGGCTGCGTTGGGCTCCGGGAAGCCGTTCGGGCTGGGGCTGTCGGCCGCGGGGCGGAGGCACTCGCGCGGGGGGTAATTCGGGGTCTGGGTTCTGGTGCCGCGCAGCTTTCCCCGTCTAAAAGTTGGTTTTAATTGGTTGCCCACAGGATTGACTTGGCCTCTACTTCTTGTTAAGGAAATTCATCTCTTGTTTTATCAGGTGTGTGTGGTTTCAGCGCAGC,26.780065848977717,4.743087602968436
8745,ENST00000253363.10,ENSG00000131051.21,RBM39,35703609,35742312,119.68629060858346,2488,1906.76,205.619,2.42957,GGCCGGAACAGGCGTTTAGAGAAA,49.26233473766282,5.6224130993914665
8748,ENST00000305978.6,ENSG00000171222.10,SCAND1,35953617,35959472,308.1537719891349,902,1101.75,521.353,10.6613,CACGCGCAGCTCGCCCTCCCGCACCGCGAGGGCAGCAGCCGCCTCATGCGACTCGAGAACGCTAGAGGGCGCCGCTTCCGGGAGCCCGCAAGCGGCTTCCGGGTGCTCGCGCGCCGACCTGGACGCAGAGAAGCCAGAGACTTTCGCTTCCGGCTGCCGCAGGCGCTTCGCTGGTGCAGACGCAGTGCTGAGCACACAGCTACCGGACAAAGAGTGACGCCCGGAGCTGGAGTT,28.903958428065515,4.853195179774963
8749,ENST00000349004.5,ENSG00000101079.20,NDRG3,36651766,36746078,80.19561873999415,2964,3132.25,927.268,6.66976,GCTGCTGCACTGACGGCGGGTGCCCGCGCCTCAGAGTTACTGATTTATTCTTGAGATTCCTCTACTCTCGTTATCTGACCTC,12.023763784603066,3.5878166667618276
8750,ENST00000426836.5,ENSG00000149636.15,DSN1,36751791,36773818,73.06841206820981,2441,2132.88,143.381,1.51456,ACCCTGATCAGGGAGTATCGGCTGCGGGTGCGCAAGGCGTCCAGGAGTGACCTGGGGCTGTGGAGAGCGACCCGTGGCCTTGTGTTTCAGGTACGGAGGTTCCGGACTGGACGGGCGTCAGGAAGTCACAGACTTGTCCTCTGATGTGGCCCCGCCCGCCGCCGCACTAATCTCTTCGGCGTCGTACCCGTCGGCCCAGCTCGACCCGCCGCAGCCCCGGCCCCGACCGTGGACACTGGGGGTCCCCGAGGGCGCTGCGACCTCCTCCCGGGTGAAATGAAACCCGAGGGCAGTCCCCCTTACCGACCCCATTAGAGACGTATCTGCCGTGCCAGGGGTCTAGGCTCCAGAAACAGGGAGTTTACCACCTAGG,48.243986417315796,5.592277217442
8751,ENST00000237536.8,ENSG00000149639.14,SOGA1,36777442,36863686,5.174675033673583,14371,20215.9,1028.38,1.1461,CGGGCCGCAGCCGGACTCGGAGCCCGAGGGAGCGATCGGCGTGCGGGCGGCGGGGGCCCGGGCGCGCTCCGGGGGCGCGGCGAGGCCGAGGGGGCGGGCGCCGGGCGGAGCCGCAGCCGGAGCCGGGGCGCCTGGAGGCGGTCGGGCCGCACTCTCCGAGCCCAGAGCAGCGGAGAGACCGCGCGGCGGGGCTTGGGACGGGGACGCGGTGTCGGGGCCGAGGTGGGCCGAGAGCAGCCGCAGCCCCAGCGGCCGGAGCCGCGCCGGGTCCCTCCCCAGGGACGTCGAGGCCGGGCGGGCCTGGGCCATGCGCGCAGCTCGCTGAGGCCGAGGGAGGCCGCG,4.515029258942137,2.174735336896377
8752,ENST00000262878.4,ENSG00000101347.8,SAMHD1,36890229,36951843,57.50262989539646,4784,4900.12,1748.28,8.03833,ATTGCGCCTGCGCAGGGAGCCCAAGGCAAGAGCCGCTAGGCTGCCCTGCCCGAAGGGCTCAACTGTCAGTGAGCCTGCGCAGGAGGCCAATAGGCTGCCAATACTCCTTGGACTCCCCGCCAGGGCCCTGCTGTCAGTGCGCCTGCGCGCGGGTCCGGCGCCGAGGTTCTTGACTGCTGTGCCGGACGCCAGGTGTAGCC,7.153554270028284,2.838660228417945
8753,ENST00000373664.7,ENSG00000080839.11,RBL1,36996349,37095995,8.899755481620227,5684,4823.36,857.762,4.00663,GGGTAGCGCGCCTGGGAGGGAGAAAGAAGTCGGGGGCCGTGGCGCGCAGCCCGCGGGGCCTGAAGGG,2.2212571367009746,1.1513764115118326
8755,ENST00000332312.3,ENSG00000183798.4,EMILIN3,41359966,41366827,8.87040594010877,3796,5787.29,264.763,1.03073,GCGCCGGCCACTCCGCGGGACGCAGCCGCCGCGAAGCGCCAGGCGGCCGGGCCAGCGAGCTCGGGGGCCGAAGGGGACCCCGGGACCCTCGGGGCGGGACCCGGGCCGACCAGCGGCGGGGGCGGCGCGGCGCTGCAGGCGGACACCCGGCGGGGGGCACCGCGCGGGGCCGGGCAGAGGCGCGGGGGCCGCT,8.605945242797599,3.1053336608537716
8756,ENST00000373233.7,ENSG00000124177.14,CHD6,41402101,41618494,4.334485084432689,10818,11937.5,1583.26,2.98814,ATGACCAATGGGTCTGTGTTTTGGACCGGCGAAGCCCAATGGCGCGACAGGGAAGGCGGGCCCGAGATGGGTTAGGGTGTCCTTGCAGGGTGTCTGAGCTAAACTTCACCAAATAATAGCTGTTTGTATTTTGGCTGCTGCAGGAGCCATTTTAGAAATAAATATCTTCCTTCAATAG,1.4505629202221748,0.5366128758349343
8757,ENST00000255174.2,ENSG00000132823.10,OSER1,44196496,44210791,53.64965325680787,1572,1444.1,601.138,9.37863,GGCTGGTTTGGATCCGGGTCAGTCGGGTGCCGAGATTTGGGAGAGACGCTCTGAACTGACTGCCCCGCATCACCGGAGCGTCCCAGCTGCGAGGAGTGTAAACAGGAACATCGATAAGTAGTGTAAAAACTTGCACA,5.72041473614034,2.516119747717364
8758,ENST00000396825.3,ENSG00000197296.5,FITM2,44302838,44311169,15.219667822780352,4597,5306.92,299.067,1.26966,CGGTGGCTGACGAGATCCGGC,11.987199583180026,3.583422754528076
8759,ENST00000342374.4,ENSG00000132824.13,SERINC3,44496221,44522109,127.12345048556864,4445,4178.33,1730.34,9.33019,GGTGGGCGGGGCCACGCCGTGACGCATCCGTGCGTCTGTGGAAGGCTGCGTTTCCGGCCTGAGAAACCGTCATGTTTCTGGGGAGTCACCTCAGCTGGCAGTTACCACCGTGTTAGAAAGCAGCCTCAGGACCGGCCACCTCCATCACTGGCGTCACC,13.624958386224572,3.768179918459192
8761,ENST00000372874.8,ENSG00000196839.12,ADA,44619522,44652233,6.798967257479236,1539,1931.94,87.6664,1.02235,GGGGCCCGGCCCGTTAAGAAGAGCGTGGCCGGCCGCGGCCACCGCTGGCCCCAGGGAAAGCCGAGCGGCCACCGAGCCGGCAGAGACCCACCGAGCGGCGGCGGAGGGAGCAGCGCCGGGGCGCACGAGGGCACC,6.65033232990584,2.733426436663054
8762,ENST00000372851.7,ENSG00000101098.12,RIMS4,44751808,44810338,13.447032697090805,5203,8230.73,608.038,1.66439,CAAGCTGCCCAAGCCGCCCGCCGCCGCCGCCGCCGCCGCGGCCGAGGCGCCCGGCGCCGGCGCGGGC,8.079255881789006,3.0142224235353767
8763,ENST00000372813.3,ENSG00000025772.7,TOMM34,44942130,44960486,85.69065084373486,2062,2362.37,1499.0,14.296,GCTCCGGGCCTCCAGGTCTCGCAGGCCCCGCCCCCTCGCCGCGGGTTCGCTGTTGGGCGGAGATATTCGCCGCCGGCGCTTGCGCCCGGAAGGTGTGCCGCACCACACGGGGGAGGAAGGAAGGAGCTCCCAACTCGCCGGCCTGGCCACGGG,5.994029857563994,2.5835262702465864
8764,ENST00000372733.3,ENSG00000124145.6,SDC4,45325288,45348424,67.06273959367132,2613,3084.42,654.0,4.77712,ACTCGCCGCAGCCTGCGCGCCTTCTCCAGTCCGCGGTGCC,14.038320074369352,3.8112983976676937
8765,ENST00000217455.8,ENSG00000101473.16,ACOT8,45841721,45857406,19.157872310167956,1168,1381.06,261.95,4.27334,TACTAGGGCAATCTGCCGGAAGAGTCAGGTTCTGTGTATGTCTCCGCGTCTTCCGCGGAGCGGGTGTGCAGGGCCTGCAGCATTGAACTAG,4.4831144514988175,2.1645013310865835
8767,ENST00000322927.2,ENSG00000198026.7,ZNF335,45948653,45972172,4.577388281713933,4430,6671.81,597.314,2.01707,CGACCTCGTCGATGCCGGAGTCAGAGAGGAACGTGGCTACGAAAGCCTCGGAGTGAAGTTCCCAGACCCTACGCCCCGCTGTCAGGCAGCCCGCCGATCAG,2.269325448156947,1.182263523409961
8768,ENST00000290231.10,ENSG00000124160.11,NCOA5,46060985,46089952,36.73847208480549,3220,4062.65,1110.5,6.15845,CGGCCGCCATTGCCTCGTGCCCGCGCCGGTCGGTTGGTGGCGCCTTTGTCCTACGGCGGGCAGGTGGGCCGACGCGGAGGCGGCAGCGGCGGGCCTGAGGCGAAGGAGCGGCCGGGAGCCCGCCGCGCTGGTAGCGATATTAATAAGGCAGCGGAAAGAAGAAAT,5.965538745107208,2.5766524329409726
8769,ENST00000290246.10,ENSG00000062598.17,ELMO2,46366049,46459276,13.705123648751432,3669,4311.92,497.807,2.60107,GCGGGCGGAGGCTGGAGGAGCCGCCGAGCGGAGACCCGGGAGCAGGAGCTGGGCCTAGGTCTGCGCCCTGGAGGGAGGTGTAGAAAGAGGTACATGGAGAACAAGTTTGTCAATCCGTCTGAACTTCAGTTGCCTTACCTGTAAGGCAGCCGTGTCTGTGTTTTTGTCTCGCAGAATTAGAGCCCATTGGGAACG,5.26903299363394,2.3975382136083416
8770,ENST00000372114.3,ENSG00000172315.5,TP53RK,46557823,46689779,44.76539144999935,3515,3610.29,530.043,3.30774,GAAAGAGACGACCAACTGAGAGGTGGGCCCCCAAAGCCGGCTGCGAGAGTCACCGAAGATTTCCGGAGAGCCAAGGAGTCGGGAAGAGCCACTTACTGAGCGTTGCCGAACGTGTACGGAGATAGCCGAAGAGGCGGAAGGCGGGGCCACAAGAGCCCTTCCTGCAGGGAACCTCAGGCTTCAGAGAGCCGAAAAGTTGGGAGGCGTAACCACTTACAGGCCGGAAGTGTCCGGGGTGGACGCATTCGGGTAGCCGAAGAAGTCCCAGGATTGCCGAAGAAGTCCCAGGATTTCCGAAGCGAGCCGAAGCATCGCGACAGTTTTCAGAGACAGCTGATCGGTTGGAGCTGTTGCGCCGAGCAGTC,13.533527861923655,3.7584660587748537
8772,ENST00000352431.6,ENSG00000101040.19,ZMYND8,47209214,47356889,3.3337651998978086,3832,4416.73,282.315,1.44011,ATAAGTATTGACATTACACAGTGTTAACA,2.3149378866182504,1.2109734842544062
8773,ENST00000371856.6,ENSG00000124214.19,STAU1,49113339,49188367,92.37347497717144,3684,3778.48,1533.17,9.14189,ACTTCCTGCCGGGCTGCGGGCGCCTGAGCGGCTCTTCAGCGTTTGCGCCGGCGGCTGCCGCGTCTCTCTCGGCTCCCGCTTCCTTTGACCGCCTCCCCCCCCCGGCCCGGCGGCGCCCGCCTCCTCCACGGCCACTCCGCCTCTTCCCTCCCTTCGTCCCTTCTTCCTCTCCCTTTTTTCCTTCTTCCTTCCCCTCCTCGCCGCCACCGCCCAGGACCGCCGGCCGGGGGACGAGCTCGGAGCAGCAGCCAGAGTTTATTAACCACTTAACCTCTCAGAACTGAACAAAGACAACATTGTTCCTGGAACGCCCTCTTTTTAAAAAAGGTAGAACTTTAGACTTCATAGCACTGAATTAACCTGCACTGAAAGCTGTTTACCTGCATTTGTTCACTTTTGTTGAAAGTGACC,10.104417683561216,3.336914276649981
8775,ENST00000371711.4,ENSG00000158470.5,B4GALT5,49632945,49713878,22.641527572567377,4722,5147.43,1385.49,6.06422,ATGTGGCCCGGCCCGCGACGGCCGGCGGCTGGGAGCGGCGAGGCGGCGGCGGCGGCGAGTGGCGGCCCGCGAGGCCCGGGAGGCGGTGGCCGAGGCCCAGGCGGTGGCGGCGGCGGCCCAGGAGGCGGCGGACGGGGAGCTGCGGGAGCAGGCCCGGCCTGGCTCTCTAGCGGCCGCCTGGCTGCAGC,3.733625688475579,1.9005772986276874
8776,ENST00000289431.9,ENSG00000158480.10,SPATA2,49903391,49915508,8.30493065267384,4022,4792.91,230.329,1.08271,CCCGGGTACTGGTCTCAGTACCCCTGCAGCCGGCCGGAGAGGCTAGAGCCCGACGGGGCCCGGCTCCGGCGGCAGCCGCGCCTCTCGCTTGCTTCCCTCGGCCGGGCCGTCCTCGGCGGCAGTGTCAGGAGCACTCCGCTGGTCCAGGCGGCAACATGTCCATGCTTTTAGTGATGTCCCTGCCTCTAATCCAGAAGCCATGGAGGAGATAAGGTAGCCCCCCTCGATCGG,7.6705033228416095,2.9393212475512955
8777,ENST00000453505.6,ENSG00000240849.10,TMEM189,50081124,50153734,7.903080431488574,2028,2928.63,407.792,3.13715,GCTGGGCGGTCATTGGGCGGCGTGATCTCGCCGCGGTTCCGCGGCCCTGCCGCCGCCGCCGCCAGCAGAGCGCACCGGGCCGATCGGGCGAGTGGCC,2.519191122990158,1.3329605788924699
8778,ENST00000371588.9,ENSG00000000419.12,DPM1,50934867,50958555,236.2307707923795,1075,653.631,808.331,27.8624,GCTTCCGGCATCTGGCTCAGTTCCGCC,8.4784789103731,3.083805459918184
8780,ENST00000338821.5,ENSG00000054793.13,ATP9A,51596514,51768634,10.560848773432408,8106,9069.56,870.145,2.16156,GCGCGGCGCGGCGCGGAGCGAGCGGGCGCAGCGCGGAGCTCGGGCCCATGGTGCGCCCGTGTCCGTCGGTCGGGCCGCGCGGGCGCTCCGCGCGTGGCCCGGCGCTCGCGAGCTCGCCCCCTCGCTGCGGGCCCGGCCCGCCCGCTGCCGCCGCCTCCTCCCCCGGGGCGGCGCGGCGCCGGCGGGCGGCGGCGCGGAGGCCGGACCGGGCGGCGGCCCAGGCGGCGCGGGGGGCGCGGCGGCCAAGGCGGGCGGCGCCGCCGAC,4.885753239989826,2.288581000643058
8782,ENST00000361387.6,ENSG00000020256.19,ZFP64,52051663,52204308,13.856245136870369,2545,3241.04,187.106,1.30066,TGTAGATCAGCGTCCCCCACTTTGGCATCCCGGCCGGCCGGGGACCTCCCAGTCTGCGGCC,10.653241536504828,3.413220571074164
8783,ENST00000395914.5,ENSG00000087586.17,AURKA,56369389,56392337,79.50499819404216,2238,2166.5,147.926,1.53832,ACAAGGCAGCCTCGCTCGAGCGCAGGCCAATCGGCTTTCTAGCTAGAGGGTTTAACTCCTATTTAAAAAGAAGAACCTTTGAATTCTAACGGCTGAGCTCTTGGAAGACTTGGGTCCTTGGGTCGCAGGTGGGAGCCGACGGGGTCTCACTCCATTGCCCAGGCCAGAGTGCGGGGATATTTGATAAGAAACTTCAGTGAAGGCCGGGCGCGGTGGCTCATGCCCGTAATCCCAGCATTTTCGGAGGCCGAGGCATC,51.68300366246435,5.69161801250082
8784,ENST00000395863.7,ENSG00000101144.12,BMP7,57168748,57266629,38.58847703846969,4013,5280.37,853.553,3.6419,CGAGGCGGCCTCTTGTGCGATCCAGGGCGCACAAGGCTGGGAGAGCGCCCCGGGGCCCCTGCTATCCGCGCCGGAGGTTGGAAGAGGGTGGGTTGCCGCCGCCCGAGGGCGAGAGCGCCAGAGGAGCGGGAAGAAGGAGCGCTCGCCCGCCCGCCTGCCTCCTCGCTGCCTCCCCGGCGTTGGCTCTCTGGACTCCTAGGCTTGCTGGCTGCTCCTCCCACCCGCGCCCGCCTCCTCACTCGCCTTTTCGTTCGCCGGGGCTGCTTTCCAAGCCCTGCGGTGCGCCCGGGCGAGTGCGGGGCGAGGGGCCCGGGGCCAGCACCGAGCAGGGGGCGGGGGTCCGGGCAGAGCGCGGCCGGCCGGGGAGGGGCCATGTCTGGCGCGGGCGCAGCGGGGCCCGTCTGCAGCAAGTGACCGAGCGGCGCGGACGGCCGCCTGCCCCCTCTGCCACCTGGGGCGGTGCGGGCCCGGAGCCCGGAGCCCGGGTAGCGCGTAGAGCCGGCGCG,10.595699233496166,3.405406892357783
8786,ENST00000217131.5,ENSG00000101160.13,CTSZ,58995185,59007247,28.65511717131963,1495,1862.64,369.315,4.46714,GGGGTCGGCCGGGTGCTGGGCCGAGGCCGAGGCCGGGGCGGGATCCAGAGCGGGAGCCGGCGCGGGATCTGGGACTCGGAGCGGGATCCGGAGCGGGACCCAGGAGCCGGCGCGGGGCC,6.4146449789618485,2.681369421002489
8787,ENST00000243997.7,ENSG00000124172.9,ATP5E,59025467,59032382,752.5377721892019,3665,2863.58,956.349,7.52437,GATTGGCAGGTCCGCACGCCCCGCCTCTTCCGCTTCTGTGGTCTGATCTTCCTGCGGCTGAACCGCCCGGCTGAGCCGACATTGCCGGCGTCTTGGCGATTCGGCCCGACGAGCTCCGCTTTCGCTACAGC,100.0133927743056,6.644049393728073
8789,ENST00000355937.8,ENSG00000101166.15,PRELID3B,59033145,59042909,169.45520327550076,2626,1908.6,3092.83,36.5093,AAAACCCGGGCCGGGATAGGGCGTGGGGCCGCGCGTCTGGACGTCCCTCGCGTCGGGCCCGACAGCGCCTGCGCACTGCGCCGCCGGCTGGGGTGCTGGGGGCGGGGCAGGGGCAGGTGTAGCCTCTGTGCCTCGTTGTCCCCTGGCGCTACCCGGACATCTCTCAGGGTGCCGGCACC,4.6414256990821725,2.214568023685572
8791,ENST00000370873.8,ENSG00000101182.14,PSMA7,62136735,62143440,199.24080980637197,996,874.197,1537.48,39.6242,CAGCGCAGGACACGGCGCCGAGGGTGGGGCGCGGGCGTAGTGGCGCCGGGAGTCGCGGGTGCGCGCGGGCCGTGAGTGTGCGCTTTTGAGAGTCGCGGCGGAAGGAGCCCGGCCGCCGCCCGCCGGC,5.028260754952074,2.330059466807321
8792,ENST00000279101.9,ENSG00000149679.11,CABLES2,62388632,62407285,7.096122002488568,3785,4828.88,413.0,1.92693,AGTCTGAGG,3.6826049739682123,1.8807266503839593
8793,ENST00000335351.7,ENSG00000101190.12,TCFL5,62841115,62861763,2.156627668139303,2456,2449.61,457.859,4.21111,CGGGCCGGGGGTCGCCTCCCGCCTCCCGCCTCCCGCCTCCCGCCGCCCGCCGCCCGCGTCGCCCTCGCCGCCGTTGGGCCGCGCCGCGCCGCC,0.512128077428351,-0.965423437858318
8795,ENST00000370371.8,ENSG00000101191.16,DIDO1,62877738,62937952,15.485394882529553,2833,3353.51,488.755,3.28363,GTACTTGCGCAGAACTCCCCTCGCGGCGACCACGCACTACGGGTTGGCGCCAGAGTCAAAAGGCGTCGGCCCTCTGGCAAGATGGCTGCTGCGGAGGCGTTGGAGCGCGGAAATCTGGAACCGGGATGGCGACGTCTACACTGAGTCGGAGGCGAAGGAGCTTACTCCACGGGAACAGCCTCTAGATAATCTGAGTTGTTGAAAATACGAAGCCTGTTACTCGTGAACAGTGGCTGACAACAGTGTTGTTGTGAGCCTGGCTGTCTGCTTGGACCCAGAGGTTTCGTCTGCCAGGGTTTTTGGTTGTATTTAGGATTTCAGGGAAAAGTGTCCAAGCTTTCAGTGTTGGAGCAGGT,4.715937813495903,2.237544694409154
8796,ENST00000370339.7,ENSG00000149658.17,YTHDF1,63195429,63216234,22.588189601739455,3301,3780.52,1487.64,8.86561,CGCAGGCGCGAAGTGTGGCGGCCCGGCGCGGCGCTCCCGGCCTGCCCCGCGTGCACGCTGACGCCGCGCAGTCTCGTCCCCTGCCGCCGCCGTCGCCGCTGCTGTCGCCGCCGCCGCCGCCATTGGAGTCGACGCCTCCTCAGTGCGTCCGCGTCCCGGGCTCACCGCCGCTGCCGCCTCGCCAGGGGCCCGCGCGCCCAGCAGCCGCCGCCGCCGCCCGGCCGGCGCCCGGGGAATTGGCGGCGGGGCCCGGGGCCGCGCGAGCTAGGGTGACAGGCCCGGCCTCTAGGGGAGGCCCGAGCCGGCGGGCGCCCCGGCCCCGCGTCTAGTTGTTCATGAAGC,2.5478438146658213,1.3492768416784573
8797,ENST00000217182.4,ENSG00000101210.10,EEF1A2,63488013,63499315,31.43353342642897,2006,2608.59,780.806,6.74373,GCCCCGCCCCCGCCCGCGGCGCGTTTCTCCCCCGCCTCCCGCGTCCGTCTTTGCAGCCCGCGCCTCCCGCATCGCCTCGCGTCCCCGTGGCGCCCGCCCGCGCGCGTCCGCGCCCCGCCCCCTCCCGCGCGGTTCCGCATTGGCGTGCTGCAGGGCGCGGTGCACTGCGCCGCCACCGTCAATAGGTGGACCCCCTCCCGGAGATAAAACCGCCGGCGCCGGCGCCGCCAGTCCCTCTGGCTGAGACCTCGGCTCCGGAATCACTGCAGCCCCCCTCGCCCTGAGCCAGAGCACCCCGGGTCCCGCCAGCCCCTCACACTCCCAGCAAA,4.661149456818254,2.220685772725305
8798,ENST00000370053.2,ENSG00000197457.9,STMN3,63639705,63657682,128.9224711024915,2255,3516.52,1110.74,7.11642,GGCACTGCAGCACCAGCCGTCTGCAGCTCCGGCCGCCACTTGCGCCTCTCCAGCCTCCGCAGGCCCAACCGCCGCCAGCACC,18.116197624998456,4.179208277467629
8799,ENST00000354216.10,ENSG00000198276.14,UCKL1,63939829,63956415,27.55714171973497,1837,2379.04,454.584,4.30502,TGCGCGCCGCCCGGCCAGGCCCGCAAAGAGGCCTCCGAGCGCC,6.4011646217055835,2.6783344115350523
8800,ENST00000369888.5,ENSG00000196700.8,ZNF512B,63956702,63969865,13.44149296591835,5919,9691.87,1097.75,2.55186,CCCCCCGCCCCGGCCCGGCCCGGCCCGGCCGCAGCCCCGCTGGGCGCCGCAGAG,5.267331658444566,2.3970723018934414
8801,ENST00000285679.10,ENSG00000155313.15,USP25,15730025,15880069,8.174467377266458,3973,3430.21,602.419,3.95676,AAGCAGCCCGCGGACCGGCAGCAAAGGAACGTGCGAACGCGTGACGCCGCCCGACTGGCTCGCGCTCTCCCGTGCCCCGGCGTCCTCCGCCCGCTCATGGCCCGGGCCGCCGCGGACGAGCGGCGCTGAGGCGGGCCGCGTGGAGACGTGAGGCGGCCGCCGTGGCCCTCACAGTCGGCGTTTCGCCGCCTGCCCGCGGTGCCCGCGCACGCCGGCCGCCATCGCCTTCGCGCCTGGCTGGCGGGGGCGCTGTCCTCCCAGGCCGTCCGCGCCGCTCCCTGGAGCTCGGCGGAGCGCGGCAGCCAGGGCCGGCGGAGGCGCGAGGAGCCGGGCGCCACCGCCGCCGCCGCCGCCGCCGCCGCGGGGGCC,2.065949761235571,1.0468051718711464
8802,ENST00000284878.11,ENSG00000154639.18,CXADR,17512382,17593579,34.655491973913584,6254,5350.27,976.775,4.11321,CAGGGCTAGAATAGCCTTTCTGTGCAAGTGGAAAAAACCTCAGGTATTTCCCAAATCGGTAGCTGCAGAGGGGCTCTATCCCTACCAGAGATGGAGAAAAGCCCTCTCGCGCTTTTTATGTCAGCCAGAGCGGCTCGTTAAGAGAGCGAAGGCCAGGGGCTGCACAGGTCGCATCCCGTGAGCATGAGGTCAGAGAACCTGCCCCTGGGGCAAACCGCGAGGGGTGGGACGGGTGGGTGCAGGCGGGGCGGAGGGTAGGAGCCGCCCTAGTGGCGGCCCCTGGGAGTGTCCCGTGCCTCGCCTTAAAGGAGGGCGCCAACGCAATTTCAGTATGTGGGAGACGGGCTGCCCCACCCCCGCGCGCAAAACCCTGGTTTAGCTTAAGGGATGGAGGCGGGGACCCCTGCGCAGGCTTGCGGCGTGGGAGGCGGCCGCCCGCGACCTACGACGCCGCGCGCCGGGAGGCTGAGAGTTCGGCGCCGGGAGGGTCCCGGGGACAGAAGAGCGCCTCGCCCGGTTGCCAAGGCAACCCCACGCGGCTGGAGAAGCCGGCGCTCGCAGCCCGGCCCGGGCCGCTGCCGGAAGTGACGCGAGTTCACCTGCCGAGCGGGGGCTGGGAGGAGGGGCGGAGGGTGCAGAGGTGCCGCCGCCGCCGCGAGCCAGTCGGGAGCGCGCGAGGCGCGGGGAGCCTGGGACCAGGAGCGAGAGCCGCCTACCTGCAGCCGCCGCCCACGGCACGGCAGCCACC,8.4254127491457,3.0747473636309643
8803,ENST00000480456.5,ENSG00000154721.14,JAM2,25639272,25717562,7.529839263504253,4337,4540.36,232.435,1.15338,AGCCAACGAGGGGAAGAAAGGAGTTGGGGCAAAACAGGAGGCGTTTCCCTACCCGCATACATCCCCGTCCCCGAGACACCCAATCCCCCCACCCCCAGCCTGCCCGCGCCTCCCGCCCCCAGCTCCTCGCCCTGGGGACAGCTGGCAGCCCCGCGCGGACCAGACACAAAGCCGATCAATCCCGGAGGCGTGGGGGCGGAGGGACGACCCGCCGGGGCTTTCCCGGGCGCTGCTCTCCTCCTGCTGCCCCCTCGCTAGGACCCGGCGGACGCCTCGTCTGGTTTTCACGCCCTCTAGCCCCTACCCCCACACCCCCAAAACAGAACAGACCCCCATCCCTGGGCTGGAGGACCCGCCTCTTGGCAGCCAGCTGAGAAGGCGCCCCGGGGAGGGGGAAACTGACATCCCATCTAGAGCCGTCCCTCCTCTTCCTCCCCTCCCGACTCTCTGCTCCTTTCCCGCCCCAGAAGTTCAAGGGCCCCCGGCCTCCTGCGCTCCTGCCGCCGGGACCCTCGACCTCCTCAGAGCAGCCGGCTGCCGCCCCGGGAAG,6.528498208313177,2.7067511576826684
8804,ENST00000354828.7,ENSG00000154727.10,GABPA,25734570,25772460,18.7392856213898,5120,3813.31,269.69,1.5934,GCCCCAGCCAGGCTGCGGGCCCGAGACCCCCGGGCCTCCCTGCCCCCCGCGCCGCCCCGATTTGCCCTCAGAGAGGGTATCGATCTTATTTCTGGGTCTACGGCAAACTCCAAGGTCTACAAACGTAGAGGTCAGCTGTGACCCCGGGCCAGGCCGTGAAGGTCCCCAGGACACAGAGCTGCTCTCTCCTCCTAGTAAAGGTGAGAGGCAGCCCAGGCCTCGTGAAAAAACCCAGAACTGGAGTCCCAAAAGGCCACGCTGATCTAGCTACCCTCCCAGTCACCTTGCACTCAGTCCCGAGCTGCCAAAGCCTCCGCCGCCACCACCTCCGCTCTACTTCCGGCCCTGGCTCCGCCCCCACACGCCTACCCGCCATCGCAATGCATTATGGGCCGCCGTTTCAGTCGGTCGACGCTCACCGGACAGGAAGCGTCTCGGAGACAGTCTGCGACCGGACGGGTCTAGGTGAGACAGAAGCCAAACAGGAGGAGGAAGTGGAGGGACTGATCCTTTGAAATACTCCAGCC,11.76056584748952,3.5558855705146932
8806,ENST00000399976.6,ENSG00000156256.14,USP16,29024629,29054488,23.55623518015278,2963,2281.94,1043.42,10.3019,ATAATGCCGCGTTCCGGAAGTTATTGCTTTCCAGGGGTCACTCTGGCTTCGACTCCGTCGCTCTCAATTCGTCACCAGGAGGAAGACGGAGCTGGCTGCCCAGCCCAAAGGCCCATGAGGGGATGCAGTTATGGGCTCTGTCGCCGTGGATTGTTATTTTGTGTCAGTAAGTAATCCATAAAGTGCCAAC,2.2865913258867567,1.1931985411753838
8807,ENST00000286800.7,ENSG00000156273.15,BACH1,29193480,29630751,40.248280888656325,5669,4485.86,892.2,4.48103,GAGTGAGTCACCTGACCGCTGCCCTCGCCGCCCGCCGGGCGCTCTCGCTTCAGTCAGTCGGGCCGCGCCGCGCCTCAGCTCTGGTTGATGATAATTAGAAGCATGCTTTCCACTGAACTTCCCGACAACATTTGTTATGCAGA,8.981926228714453,3.167024872874012
8809,ENST00000270142.10,ENSG00000142168.14,SOD1,31659622,31668931,1328.5085827377898,966,796.507,4703.81,133.052,GTTTGGGGCCAGAGTGGGCGAGGCGCGGAGGTCTGGCCTATAAAGTAGTCGCGGAGACGGGGTGCTGGTTTGCGTCGTAGTCTCCTGCAGCGTCTGGGGTTTCCGTTGCAGTCCTCGGAACCAGGACCTCGGCGTGGCCTAGCGAGTT,9.984882472550506,3.3197454464708067
8810,ENST00000270112.6,ENSG00000142149.8,HUNK,31873315,32044633,8.370574411431331,7385,8849.12,489.322,1.24583,GGCGCCGCCGGACCGCGCCCCACCCCGCGCGCCCGAGCAGGGCGACTGTCATTAGCTTCCTGGACGGGACCCGGGGCGGGATCCTGGTGTCCTGAAAGGGGCCCGGGCGACCCTAAGAGGAAGAACTTTTGGGGGCGGGGTCCCCGGTCCCGCGTCCCCTGGGCAGCCGCTATTGTCTACGCGCCTCGCTGGGCGGCGCGGGGGGCGTGATCGCGGCGGCCCCGGGCTCTGGGTGCGGAGACCCAGGCGGGGCTGGGCCCAGGGCGGCGGCGGGAGAAGCCGGGGAAGCCGAAGAGCCTGGGGAGGAGGAGCTGCGAGCGCGGGAGACGAGCAGGAGCCGCGCGGGCCGCGGCGAGCGCG,6.718873691780846,2.7482194092733634
8811,ENST00000382264.7,ENSG00000159110.19,IFNAR2,33229901,33310187,8.438621060750624,1389,1126.56,247.156,4.94289,GCCCCCGCGCCGGCGGCGGCGCGGCGCCCGCGCTTCCGTATCGCTCCTCGTAGGCCGGGGCTCGGCGCGCGCACCCGCACTAAAGACGCTTCTTCCCGGCGGGTAGGAATCCCGCCGGCGAGCCGAACAGTTCCCCGAGCGCAGCCCGCGGACCACCACCCGGCCGCACGGGCCGCTTTTGTCCCCCGCCCGCCGCTTCTGTCCGAGAGGCCGCCCGCGAGGCGCATCCTGACCGCGAGCGTCGGGTCCCAGAGCCGGGCGCGGCTGGGGCCCGAGGCTAGCATCTCTCGGGAGCCGCAAGGCGAGAGCTGCAAAGATGTAAAAGTCAAGAGAAGACTCTAAAAATAGCAAAG,1.7072241261186518,0.7716524692704031
8812,ENST00000290200.6,ENSG00000243646.9,IL10RB,33229901,33310187,20.4426501610603,1963,1886.73,287.901,3.43791,GCCCCGCCCATCTCCGCTGGTTCCCGGAAGCCGCCGCGGACAAGCTCTCCCGGGCGCGGGCGGGGGTCGTGTGCTTGGAGGAAGCCGCGGAACCCCCAGCGTCCGTCC,5.946243549441463,2.571978555135157
8813,ENST00000270139.7,ENSG00000142166.12,IFNAR1,33324477,33359862,33.292867455429224,6139,5772.9,1692.46,6.6052,AGAAGAGGCGGCGCGTGCGTAGAGGGGCGGTGAGAGCTAAGAGGGGCAGCGCGTGTGCAGAGGGGCGGTGTGACTTAGGACGGGGCGATGGCGGCTGAGAGGAGCTGCGCGTGCGCGAACATGTAACTGGTGGGATCTGCGGCGGCTCCCAG,5.040402630568223,2.3335389817258285
8814,ENST00000290219.10,ENSG00000159128.14,IFNGR2,33402896,33479348,24.192761895032696,2221,2478.15,206.383,1.87632,GTTGACTGGAGGCGGAGGTTGCAGTGAGCCGAGATCGCCCCACTGCACTCCAGCCTGGTGACTCCGTCTCAAAAAAAAGGGGAGGGGGGCGGGGGAGAGTTGAAAGCTTAATATGTACTTTGGGGGCTATTAAAGCAAACATTTCGACTAAAGGGGCGAATCCTCGAATTGTGCGATCAAGCACCCGAGAGGAGAGTTGGGGGGGGTCAGGAGGGGTGGGGGCTCCAGGGAAAGCCCGGGGGTCTGGGCCGGGGTCTCGCGGGGCCCTTCCGGAAGGATCGCGGCCCCCGAAGGTGGGCGTCCCGCGGGGCTCCAGTCTCCAGGACGTTCCGGGAGGCTCCGCGCTCTGGGAGGCCGGCTGCGTGGGGTCCCCGCGCTGCAGCCGCAGAGGCCCCCCAGGGCCGCGGTTCCCGGAGCGGGAAAGTCCCGCGCGGGGGCGGTGGCCTCGGGGGCGGGACGGGGCGGGGGCGGGGGCGCGGGCGGCCGAGCCGAATCCCCTCCACCGGGACGCCCCGCTGCTGCTCGGGAAGAGGCGGGCCCTGCGCGCCCTGCGCTCGCCATGGCGGTTTGGGCGGCGACGTGAGCGGCTCCGCGGACCCCGAGCGGGGCCCCGGCCGCGACCTGAGCCGCCGCCGAGCGCCCGGGGCC,12.89372915868972,3.688597679041446
8817,ENST00000381679.8,ENSG00000159140.18,SON,33542618,33577481,105.50773949471616,7860,8215.78,4871.06,13.3579,GAGGAGTTGAGAGAACGGAGCGGACGCC,7.898527425322555,2.981583707186924
8818,ENST00000399338.8,ENSG00000205726.14,ITSN1,33642400,33899861,1.8018574943676424,3115,3190.1,553.417,3.9085,AGGTAAAAGTAACAGAACC,0.46100997681147304,-1.1171301222355936
8819,ENST00000399312.2,ENSG00000243927.5,MRPS6,34073224,34360033,148.99090793099447,990,856.587,533.897,14.0426,CGGCGTCTGCGCAGCTGCCAGCGCCTTTAAGCCCGGGCTCGCGCTCTCGGACCGTGCTTTCGCCGCCTGGGAGCCGTCCGGCGCAGCAGTTTCTAGGTCCCCACTGTCCCCGCCGTCCCGCCCCTTCGCGTCCCGGGAACCGGCTGGCTTCCGAGCCGCACTCGCCGATCCTCCAGGC,10.609923228675207,3.4073423121192796
8820,ENST00000381151.4,ENSG00000198743.6,SLC5A3,34073224,34360033,83.30532887198035,11576,9876.15,1058.95,2.41573,CGGACCGTGCTTTCGCCGCCTGGGAGCCGTCCGGCGCAGCAGTTTCTAGGTCCCCACTGTCCCCGCCGTCCCGCCCCTTCGCGTCCCGGGAACCGGCTGGCTTCCGAGCCGCACTCGCCGATCCTCCAGGCATGCCCCGCTACGAGCTGGCTTTAATCCTGAAAGCCATGCAGCGGGGTTGGTACAGTAGGCTTCACTAGACTTAGCTGCAACTCAGAATTTCTCCTCCAGCACCTGAGTAAATGCTGATGGTCTTGTGGAGAGTGGATTAAGAGTACGAGCTAAGTTCTCAATCCCAATTAAGAAGCGGAAAATTTAAACTGTCTTCTTCAAAGTTTATCACAACCACCACCATCAAGACAGCAAACCAAAGGACAAAGACTTTGACCCTGCTGTGTTGCTCTGTGTAGTCCAGTTCACGTATGGTTTACAGACTTGGCTGGGGTTACTAAAAATAAATAAAAAGTTGGACACTTCTGTCATTGGAGCGCTATTATTCACAAGTTACCAGA,34.484536298336465,5.107877662372508
8822,ENST00000290349.10,ENSG00000159228.12,CBR1,36069941,36073166,148.77255076610066,1293,1517.44,1052.3,15.624,AGCCCCGCCCCGCTAGGGCGGGGCCTGCGCCTGCGCGCTCAGCGGCCGGGCGTGTAACCCACGGGTGCGCGCCCACGACCGCCAGACTCGAGCAGTCTCTGGAACACGCTGCGGGGCTCCCGGGCCTGAGCCAGGTCTGTTCTCCACGCAGGTGTTCCGCGCGCCCCGTTCAGCC,9.522052660400707,3.251272607542526
8823,ENST00000290354.5,ENSG00000159231.5,CBR3,36134912,36146566,20.598791391553704,1169,1317.4,137.987,2.35983,CGGACACCTCGCAGATCACCCCGCGGCTCAGAGCCCGGATCCTGAAGGGCGCAGCGTGGGCAGGGGGCGGGCCCGGGAGTTGGAACAGAGGGCACAGACGGCCCCTCCTCGGAGGGGAGGGACCGGAGCCGGGGCCTTTTTCTTTAAGACTCGCAGCACTGGATCCCAGAACTTAGTCTGCGCGGCGGCATTGACACTAGCTGGGCTCCTCGGGGCGCGCCCCAGGTGGTCCGAAGCCCGGTCCGCCCTCCACGCAGGTGCCCCGCGCTCCCCGCTCAGCC,8.728930215970516,3.1258048535471366
8824,ENST00000399151.3,ENSG00000142197.12,DOPEY2,36156782,36294274,8.137199106859779,7685,9280.83,752.808,1.82751,TTCATCTCCCACAGTGCCTGGCCCAGAAGCCTTGCTAAATATTTGAACAGGATTGCCCAATACTTTTCTGCTGTGAGAATGTAAG,4.452615365639465,2.1546529915132524
8825,ENST00000400485.5,ENSG00000159256.12,MORC3,36320189,36419015,19.614194504392323,4246,3157.91,184.992,1.31982,AGGGCTCCACAGTCGTTCCGCCACCTCCCAGTCGGGTTGCGGCGGAGGCCGTTCCTGGCTTTGTAGCTCGCTCAAG,14.861264797011959,3.8934849993726637
8826,ENST00000314103.5,ENSG00000159259.7,CHAF1B,36320189,36419015,71.67719315072345,4480,5103.9,2128.5,9.39578,GGCCTGCGGCGCGCGGGAAGCGGCGCGCGCTGCGCGGGAGGTGACGGTGCCTCTGACTGTCCGGGTCCCTCCAGCATTTTGCAGCTTTCTCCTGTCTTGAAGAAGTAGAACGGTGCCCGAGAAACGTTTTTCCCCTTCGAGACTCAGGAGG,7.628658094455537,2.9314293046698716
8827,ENST00000290399.10,ENSG00000159263.15,SIM2,36699133,36749917,3.96671226385911,4442,5332.27,505.748,2.1369,CCGCACGTGGACAGCGGAGGTGCTGCGCCTAGCCACACATCGCGGGCTCCGGCGCTGCGTCTCCAGGCACAGGGAGCCGCCAGGAAGGGCAGGAGAGCGCGCCCGGGCCAGGGCCCGGCCCCAGCCGCCTGCGACTCGCTCCCCTCCGCTGGGCTCCCGCTCCATGGCTCCGCGGCCACCGCCGCCCCTGTCGCCCTCCGGTCCGGAGGGGCCTTGCCGCAGCCGGTTCGAGCACTCGACGAAGGAGTAAGCAGCGCCTCCGCCTCCGCGCCGGCCGCCCCCACCCCCCAGGAAGGCCGAGGCAGGAGAGGCAGGAGGGAGGAAACAGGAGCGAGCAGGAACGGGGCTCCGGTTGCTGCAGGACGGTCCAGCCCGGAGGAGGCTGCGCTCCGGGCAGCGGCGGGCGGCGCCGCCGGGTTGCTCGGAGCTCAGGCCCGGCGGCTGCGGGGAGGCGTCTCGGAACCCCGGGAGGCCCCCCGCACCTGCCCGCGGCCCACTCCGCGGACTCACCTGGCTCCCGGCTCCCCCTTCCCCATCCCCGCCGCCGCAGCCCGAGCGGGGCTCCGCGGGCCTGGAGCACGGCCGGGTCTAATATGCCCGGAGCCGAGGCGCG,1.8562928840184896,0.8924243553928163
8828,ENST00000355666.5,ENSG00000182670.13,TTC3,37073226,37203112,5.29019157391262,7712,6818.55,3356.23,11.0898,GTCGGCTGACGTGGAGGGCCGGAGGTGGCGGCGGCGGCGGCGGCGGCTGCTGCTGCTGCTGCCCGCGTCCGAGGCTCGCGGGCGGCGGGCCCGGACTTGTGCACC,0.4770321893913885,-1.067841474550793
8829,ENST00000398960.6,ENSG00000157540.19,DYRK1A,37365790,37517450,3.1892530670478525,2422,2301.89,334.298,3.27199,GTTATAGTTTTGCCGCTGGACTCTTCCCTCCCTTCCCCCACCCCATCAGGATGATATGAGACTTGAAAGAAGACG,0.9747135740169903,-0.03694975915723081
8830,ENST00000333781.9,ENSG00000182093.14,WRB,39380244,39428528,100.75597289708688,1616,1320.5,270.576,4.61649,CGCGAGGGCGACGCAGTTCGCAGGCGCGTCGGCGCGCCTGTTCTGGGGCGCTTGGCTTCACCGCGCAGGCGCGGTCGCCGCTGTTGTTGTGGTCCCCATGGAGCTGCCGTAGCGGACCCAGCACAGCCAGGAGCGTCCGGG,21.825233650909432,4.447925193654059
8831,ENST00000333634.8,ENSG00000185437.13,SH3BGR,39445855,39515506,4.787992090517082,1251,1150.32,159.03,3.11474,GCTGCTTTTATCGACCAATCAAATATTTTCCTGACAGATCCCAAAATATTCCTGGGCCAATGGAGGGAGGAGCCCAAG,1.537204418512326,0.620309028375609
8832,ENST00000335512.8,ENSG00000160191.17,PDE9A,42653636,42775509,8.64522338944362,1883,2012.7,135.943,1.52175,CCTCCCGCGGCGGCTGGCGTCGGGAAAGTACAGTAAAAAGTCCGAGTGCAGCCGCCGGGCGCAGG,5.681106219447098,2.5061718772512074
8833,ENST00000354250.6,ENSG00000160194.17,NDUFV3,42879644,42913304,124.835453439282,1575,1691.47,594.794,7.92254,GGCGGCTGTTCAGGCGCGGGTGCGCGCGCAGCTGCTGTGGCCCTGCTTGGTGCGCCCGCTGTCACCGCC,15.75699882099453,3.9779208709011162
8836,ENST00000291547.9,ENSG00000160199.14,PKNOX1,42974510,43033931,21.48139490090935,5003,5237.64,597.176,2.56879,GAATATTGATGCGGCGCGCGTCGGCGTCGCCCTCCTCCCATTGAGCGAGGCTGTGTCGCGTGGCCCAGCGTCGGCGTGACGGTTGGACGCGGGCGCGGCACTGCGGGTCCCGATTGCTGCAGCCGCTTGTCAGTGTGATGAAGATTGGCACCCAGACACCATTCGCTTTTCACCCAAGATGATTTGATGTCTTATAAAACTCTGATGAACC,8.362456604436078,3.063926819149936
8837,ENST00000340648.5,ENSG00000160208.12,RRP1B,43659548,43696079,99.0461651301623,5090,5868.4,4261.17,16.3595,CGCCGCCGCCTTCTGTGCAGTCGCGGCCCGGGCGGACGGTGGCTGGCTGCTCCGCAGCGCTCGGCTGGCTGCAGCGGCACCGCGGGTTGCGCGGCCGGGGATGCTCCAGCGGGCGCG,6.054351607944148,2.597972462464297
8838,ENST00000291565.8,ENSG00000160209.18,PDXK,43719094,43762307,73.42565059235098,7366,10534.9,1211.6,2.59116,CGGAGCCGCCCGCTGAGGTCAGAAGGAGGCGTCTGCGCTGATCGGGTCCGCCGCGCGCCAGAGCCAGAGTCGCAGCCGAGGGGAGCCGGGGCCGGAGCCCGAGCCCGAGCCGAGCCGGAGCCCGAGCGAGCGGCGGAGACCGTGCCCCCGCCTCGGCCCCGCGCCGCCGCGGCCAGGCCCGGC,28.33698057717431,4.824614136191659
8839,ENST00000497547.1,ENSG00000160214.12,RRP1,43789513,43805293,98.15971304064584,3022,4304.22,1085.31,5.68096,GCGGGCTGTGACGTCACGCCACGCGCCGGGGCCAGGAGGAGGCGGGCGCAGGAGGCGCGTGCTCAGTGTGCTGGGTACCAGGCGACTCCGGGACAGGGGGTCTCGGCCGTCGGCGTC,17.27871927291265,4.110924381422703
8840,ENST00000291572.12,ENSG00000160216.18,AGPAT3,43865186,43986536,32.05836369139942,5546,7417.88,1177.91,3.57761,GGGCGGCGGGATGGGGGCCGGGGGCGGCGGGCGCCGCACTCGCTGAGGCCCCGACGCAGGGCCGGGCCGGGCCCAGGGCCGAGGAGCGCGGCGGCCAGAGCGGGGCCGCGGAGGCGACGCCGGGGACGCCCGCGCGACGAGCAGGTGGCGGCGGCTGCAGGCTTGTCCAGCCGGAAGCCCTGAGGGCAGCTGTTCCCACTGGCTCTGCTGACCTTGTGCCTTGGACGGCTGTCCTCAGCGAGGGGCCGTGCACCCGCTCCTGAGCAGCGCC,8.96083242483094,3.1636327590008246
8841,ENST00000291574.8,ENSG00000160218.12,TRAPPC10,44012319,44106552,8.577277504524163,6976,7822.87,488.921,1.4081,CCGGAAGTGGCTGAGGCCGGCAGCAGCGGGCGGCAGCTGCGGCGCAACCGGCTCCGGAGCTGCCTGGCGCGGCCGGGCGGGCGGCGCCGCTCAGGCTCGGGCTCCGGCTGGGCCCGGCGCGGCCTCGGGGCTGCCCATGGGGCGCGGGGGGCCGGGCCGGTGACGCCGGACGCCC,6.091383782774067,2.6067700031348426
8842,ENST00000291576.11,ENSG00000241945.7,PWP2,44107290,44131181,4.208936818095455,3297,4222.17,1313.43,7.0086,GCGCTGTGGGCGGTGCACGCCGTCGCTTCCCGGAAGTGCGTGCTGTGGGCGGTGCCGCGCGGACCCCCGGGAAGTGTCTCTGTGGGCGGCCGCCGGGTTGAGCTGCGGCACACGTGCGACGGCCGTG,0.6005388833854771,-0.7356704350492158
8843,ENST00000349048.8,ENSG00000141959.16,PFKL,44300051,44327376,85.86804325124022,2912,4289.76,1886.69,9.90897,GCGACGCGGCGCAGGCGGCGGGAGTGCGAGCTGGGCCCGTGTTTCGGCCGCCGCC,8.665688083750402,3.1153143086008837
8844,ENST00000291634.10,ENSG00000160256.12,FAM207A,44940010,44976989,11.95472767231636,927,1117.8,274.211,5.52691,CCAGCTTCCGGGAGGCGCTCCGCACGTTTGCCGTGCTCCGCCGGGAAG,2.1630038615277543,1.1130362408902608
8846,ENST00000400337.6,ENSG00000182871.14,COL18A1,45405137,45513720,15.531469110073012,5436,9017.01,416.373,1.04036,CTCCCAGCGGCGGCGGCTGCAGCGCGGCGGTCCGAGCGGGTGCACCGCGGCGGAGGAGGCAGCATCCCGCGGCGCTGACGGTCCTGGGGAGAGC,14.928937204499416,3.9000395581244143
8847,ENST00000361866.7,ENSG00000142156.14,COL6A1,45981737,46005050,30.150849739274527,4238,6675.77,896.4,3.02526,TCCTTGCCCTCCGCTCTCACTCTGGCTGGGAGCAGAAGGCAGCCTCGGTCTCTGGGCGGCGGCGGCGGCCCACTCTGCCCTGGCCGCGCTGTGTGGTGACCGCAGGCCCCAGAC,9.966366440991694,3.3170676196648836
8848,ENST00000300527.8,ENSG00000142173.14,COL6A2,46098097,46132849,8.639121399771506,3461,5191.73,335.915,1.45774,CGGCCGCGGTTCCCTCCCTGCTGCTTACTCGGCGCCCGCGCCTCGGGCCGTCGGGAGCGGAGCCTCCTCGGGACCAGGACTTCAGGGCCACAGGTGCTGCCAAG,5.926380149938607,2.56715117149678
8849,ENST00000397701.8,ENSG00000182362.13,YBEY,46286337,46297751,43.85978888079793,744,587.902,211.013,8.0866,CCCACAACCCGCTCTGTGGCGGGGCTTCCGGTCGGGAGGGTCCGCCCGCTCTCGCGTCCTTTGCTGGGTCCAGACACCGGTTCCGTTGCAAACATTTTTAAAGGGCTGGTTATTCTTCCTGAA,5.423761393020296,2.4392937115350564
8851,ENST00000359568.9,ENSG00000160299.16,PCNT,46324122,46445769,13.917128191302687,10560,13723.8,2438.98,4.00402,GCGGGGGGAGGGCGAGCCCAAGCGCGGGGGAGGGAGTGTAAATAGAGCGAAGGCTGCTCTGTGTCAGCCCCGTCACCGCCGGGCGGCCCGCGCGGAGTCTGAGGGAG,3.475788880001271,1.7973404552751022
8852,ENST00000466639.5,ENSG00000160305.17,DIP2A,46458899,46569852,1.9693703317170324,2711,3247.73,200.547,1.39123,GCTGTCCTGGCCGCGCCCCTGTCCCGCCGCCTCCCGCTCCTCGCCTGGCGGATGTAGGTTGTTGGCCTGAGGGGAGCTACGTAGCCGAGGTTTGCGCTGCCGCCGCCAGGCCCGGTCCGGTTCCAGCCTCTGCCCGGACGCTAGCCGGCCTGGCC,1.4155605699395732,0.5013734815516089
8853,ENST00000397628.5,ENSG00000160310.16,PRMT2,46635167,46665124,5.932176350032946,954,1096.78,72.2863,1.48491,GAGGGCGGTGGCTCAGGCTCCTGGAAAGGACCGTCCACCCCTCCGCGCTGGCGGTGTGGACGCGGAACTCAGCGGAGAAACGCGATTGAGAAATGGAAAAGAAAATGAAATAAATCAGCAGTTATGAGGCAGAGCCTAAGAGAACT,3.994973668460005,1.998185994140145
8854,ENST00000285667.3,ENSG00000155304.5,HSPA13,14371115,14383484,110.6939532624838,3986,2828.73,1027.35,8.18256,GCCGGGAGGAGTGGGGGCGGTGCCTCACGTCTGGTACAGTCATCACAAGCCTGTTCGGCGGGACTGTG,13.52803441251684,3.7578803296698537
8855,ENST00000318948.6,ENSG00000180530.10,NRIP1,14818843,15065936,17.102879629036476,7556,6431.13,533.836,1.87017,GCAGGCGCCTTCGCGGACCGAGCCTGACGGAGCCGGAGGCTGGGAGCCGCGGCGGCCTGGGGAAGTGTTTGGATTGTGAGCTATTTCAGAACTGTTCTCAGGACTCATTATTTTAACATTTGGGAGAAACACAGCCAGAAGATGCACACTTGACTGAAGGAGGACAGGGAATCTGAAGACTCCGGATGACATCAGAGCTACTTTTCAACAGCCTTCTCAATTTTCTTTCTCAGAAAGCAGAGGCTCAGAGCTTGGAGACAGACGAACACTGATATTTGCATTTAATGGGGAACAAAAGATGAAGAAGGAAAAGGAATATATTCACTAAGGATTCTATCTGCTTACTGCTACAGACCTATGTGTTAAGGAATTCTTCTCCTCCTCCTTGCGTAGAAGTTGATCAGCACTGTGGTCAGACTGCATTTATCTTGTCATTGCCAGAAGAAATCTTGGACAGAATGTAACAGTACGTCTCTCTCTGATTGCGATGGAAGGTGATAAACTGATACTCCTTTATTAAAGTTACATCGCACTCACCACAGAAAACCATTCTTTAAAGTGAATAGAAACCAAGCCCTTGTGAACACTTCTATTGAAC,9.145093563171516,3.192997930218174
8857,ENST00000348354.6,ENSG00000154640.14,BTG3,17593653,17612947,110.3374136749892,1456,1037.48,1048.49,22.7691,TCTTCCGGGCCGCGAGCCCCCTGCGCGCCGCTTTGGGGCTGCGCTCACTCGTGTGCGCGCTCGTCCGCCCGCCAGTCCTCTCAACGCGCGCTTGGCCGCCCGACGACGCGGGAGCCGCACGCGCCGGACGAGGCTCGCTGCGCTCCCTGTTGCCCAGCGCGGGCCCGTTGAGGCGGAGCCCTCAGTTCCCGGCCAGGACACGGTCTGGGCCGCCGAATCTCCGGCCGAAGAGCGGCGGCGGCAGCGGCGGGAAAAAA,4.845927756256909,2.2767728970577705
8858,ENST00000284881.8,ENSG00000154642.10,C21orf91,17763315,17819386,15.360550077634532,5433,3868.12,416.888,2.42818,GCGGCCGCCTCTGCTGCGGCCGGAAACAATAGTGGAGGAACCCGAGCCGCACGGAACGGCGGTGGTGGCCCGCGGAGCCGGACGGGGCACT,6.325951979521507,2.6612826043584477
8859,ENST00000352957.8,ENSG00000154719.13,MRPL39,25585656,25607517,164.2626395806671,1110,742.844,846.115,25.6622,AGGGCGGAGAAGGACTTGCGCGCGACGGTTCTCACCGCTGCT,6.400957033327895,2.6782876244897276
8860,ENST00000400094.5,ENSG00000154723.12,ATP5J,25716503,25735673,883.7029672569978,589,311.74,337.078,24.3613,AGAGCGGAGGTGGTGGCGGCGGAGGCTTTGGCAGCTCGGGACTGAGTGCAAGGAATATGCACTGAAGAGGCAGCGAACCTACTAACCTTTGGCCGAATCAGC,36.274869044632176,5.180898500936769
8862,ENST00000348990.9,ENSG00000142192.20,APP,25880550,26171128,78.8751196734276,3355,3519.72,939.079,6.01113,AGTTTCCTCGGCAGCGGTAGGCGAGAGCACGCGGAGGAGCGTGCGCGGGGGCCCCGGGAGACGGCGGCGGTGGCGGCGCGGGCAGAGCAAGGACGCGGCGGATCCCACTCGCACAGCAGCGCACTCGGTGCCCCGCGCAGGGTCGCG,13.121512872526067,3.7138621630035336
8865,ENST00000284984.7,ENSG00000154734.14,ADAMTS1,26835747,26845409,145.81367071301963,5191,5848.76,1928.14,7.42739,GCACTCGCTGGAAAGCGGCTCCGAGCCAGGGGCTATTGCAAAGCCAGGGTGCGCTACCGGACGGAGAGGGGAGAGCCCTGAGCAGAGTGAGCAACATCGCAGCCAAGGCGGAGGCCGAAGAGGGGCGCCAGGCACCAATCTCCGCGTTGCCTCAGCCCCGGAGGCGCCCCAGAGCGCTTCTTGTCCCAGCAGAGCCACTCTGCCTGCGCCTGCCTCTCAGTGTCTCCAACTTTGCGCTGGAAGAAAAACTTCCCGCGCGCCGGCAGAACTGCAGCGCCTCCTTTTAGTGACTCCGGGAGCTTCGGCTGTAGCCGGCTCTGCGCGCCCTTCCAACGAATAATAGAAATTGTTAATTTTAACAATCCAGAGCAGGCCAACGAGGCTTTGCTCTCCCGACCCGAACTAAAGGTCCCTCGCTCCGTGCGCTGCTACGAGCGGTGTCTCCTGGGGCTCCA,19.63188559009553,4.2951268413458275
8866,ENST00000303775.9,ENSG00000156239.11,N6AMT1,28872191,28885371,22.3845686806277,4865,4724.16,271.128,1.29304,ACGCGCATGGAACGCAGCGAAGGACT,17.311582534668457,4.113665709283411
8867,ENST00000493196.1,ENSG00000156253.6,RWDD2B,29004384,29019378,29.413201774248776,3094,2782.55,158.353,1.28217,ATGCGCCGCATGCTTTTTTTTTTTTTTTCCGGTAGGTCGCCAGCTGAGGCGGTTTGTAAGTTTTGGGTCGCAGTATGCTAGAATTTTGAGGCTCCCTTCTG,22.940173123882772,4.5198043739492375
8868,ENST00000286788.8,ENSG00000156261.12,CCT8,29055805,29073797,598.7617634434982,2005,1532.77,7053.99,103.686,GATCGGGGATCGTCAGCTTGGTTCTGGCCACAGAGGTTGCTCTTCTCGCGATGCTTCAGACCTGGCGGCAGGGAAAGGGTGGGCTAATTGGAGAGCCAGGAAGAGCGTGAGGCGGCCCCACGCTGCTTTCCCAGAAGGCTGTGCGTGCTCCTCGCTTCCTCCGCGGTCTTCCGAGCGGTCGCGTGAACTGCTTCCTGCAGGCTGGCC,5.774759981516292,2.5297609845075324
8869,ENST00000390689.2,ENSG00000184351.7,KRTAP19-1,30479699,30480344,2.781620029553966,646,344.548,18.0,1.17702,ACAAACCAACTCACCACTCCTGACACC,2.3632733764540674,1.240786525647881
8870,ENST00000286827.7,ENSG00000156299.13,TIAM1,31118416,31559977,8.41244040405933,7200,8456.35,1183.0,3.15184,GCCCCGCATCGTGCCCGGCCCCGTCGCGGAGATCCCGGACGACCGTCGCGGGTTGATGGTCGCATTCCAGATGTAAACAGCTTCAGAAGCCTGACGGTCATATGGTAGAATCACTGTGGACTGAGACCCACCTTTCTAGACCTGAAGCCCAGGAGGAGGAAGAGGAGGCTGGTTGGTACCATGGGCATAATGCTCTGAATCCTAGTCTCTCACCTAGTATGTGAGCAGTCCCTGCAGATGGCCCATTTGGAGATCTTGACAAAGCCTCTTCTGTTTCCAATGGGGTTTTTGGCGCATTCTCACAGACTTAGATGAAACTGTGATGGCCACCGCAGGGGGCAGGTGCTGACATCGTCCCCAGCCCTGTGGCTGTTCATCCGGACATCATTTCCAACCTCAATATCTAAATGCCACAGTGCTCTTGGAGCAAGTTGGGCTGGGGACCACTGTTGCCTTTTAAGACCATAAAACC,2.6690569331118743,1.416330079643286
8871,ENST00000286835.11,ENSG00000156304.14,SCAF4,31671033,31732075,33.20363821888836,4193,4808.07,616.501,2.88885,CGCTGGAGAGAGGGAGAGAGAGGCCCGCCCGCTCGCCGGCCGGGCCAGTGTGAGCCAGTGCGTGAGGGCGCGGGGGGCCGTGTCAGCGAGACGCAGAGCGCAGCCGCCACCACCAAACGGACATGTTGAAGACCAGCGCTGCCGCCGCCTCCTTTTCCTCATCCTGCGAACGGGACTGAGAGGGGGCCCGCCACCTCTCCGCCTCTGCCTCGGCCGCCCGCCTCGCCGCTTCGGGCGCAGCCTCTTCCTGCCCGGGCCTCGGACTCCGCCGCTCGTCGCCTCCCCCCGGCCACCAGGCCCGGCTGGTTTCCCAGCCCCGCTCCGCCGCGGCGCGAGGTCTATGTGACCGGCGGGCCCGGAGCAGCCGCCGCCGCAGCGCGAAC,11.493721798947108,3.5227741297252004
8873,ENST00000290130.3,ENSG00000159055.3,MIS18A,32268219,32279069,143.2401611129088,1575,1269.28,757.845,13.452,AGCAGCGGCGGTTTTTTTTCCCATGGCGCTCTGGGGCGCGGGCGATTTGTAGGTA,10.6482427232314,3.4125434573890936
8874,ENST00000382751.3,ENSG00000142207.6,URB1,32311018,32393026,16.67214129459817,10832,13759.1,1556.4,2.54856,AGCCCCGCCTCTTCCTGCGCCATGTGGGCCTGAAGCGCGTGTCTGCTGTCTGTGCCAGTGCTCCTGCCGGGTCCCCTCAGGTGTGTCGTTTCCGTCGCGCTTCCGCCCTCTCGGCC,6.541788811955837,2.7096851857640214
8876,ENST00000290155.7,ENSG00000159079.18,C21orf59,32572238,32612866,153.24592674546645,1692,1808.38,871.951,10.8633,TGGAGACTGAAAGCGGCGGAAGGGACGCTGGAATGTGGAGCGGTTGTGGGGCGGCAGCTGCGGAACTGCGCGATTGTGGTTCCCGCCGTATTTCCCGTTCCCCATCTAGTAACTCCCATCTCAGCCCACGTATCTCCCTGAGTGGAAATCTCGGGCCCCAGACCAGTCGATTGGGAGGTCCGCCCTCCCCTTCAGCGACTTGGTCTGTGTTTTGGCAGTTGCCGCGACAACAGTCACTTCCGGGAAGGGGCTCTGCGAATCTCCTTCCGTCGGTCCGCTCAGAATCAGCTGTCCTCTCAGACTGTGTGGGTGGTTTCCCCGGCCGCAGCTCCGTACGGGCTTGGATTGCTGGGCCTCGGTGCACCCCAGCCTCCCCCACTCGGGTTCTGAGCTTGAGCTGGCGGCTCTTTAACTCTGCTTCACTGTTGCTCTTGGCAACATCCACTTCCGGGAGCGAGTGCCGTTTCCCCCGCTCACCGCGGGCTAGGGAGCGTGGGATTCCGGACTGTGAGCGGCTGTTAGTGCGTCGCAGCTGCTGGCGATCCGGCGACCCTCGGCCGGCAGGACCCGCGGGCCACGCAGCCGGGGCCTTCTCAACGCCTCAGTACCTCGGCGGGACCGCC,14.106756394968972,3.8183143981421335
8877,ENST00000331923.8,ENSG00000159086.14,PAXBP1,32733899,32771858,14.3526919091147,3995,3257.39,177.28,1.22617,CTCTCTCTCTTTCTCCAAGTATTGAGAGCGCGTGGGAGCATAGGCGCATGCGCGCTCGTGGGGTGCGCGGTAGCAACAGAGGACTCGACCCGGCTGGAGCTCCGGAGAGCGCGCGTGCGCCGTCACGAGCTCGGCGCTGCCGGGGCCGCGGTGTGGAAGCGAGTATTCGACCGCCGTGCGGGCCGCGGGG,11.705303431917843,3.5490904282308495
8879,ENST00000420455.5,ENSG00000142188.16,TMEM50B,33432485,33480011,44.41459242216403,3062,2433.98,124.703,1.15431,GCTCCCGGGGCTGAGGTGGAGCCGCGGGACGCCGGCAGGGTTGTGGCGCAGCAGTCTCCTTCCTGCGCGCGCGCCTGAAGTCGGCGTGGGCGTTTGAGGAAGCTGGGATACAGCATTTAATGAAAAATTTATGCTTAAGAAGTAAAA,38.47717893994164,5.2659311227231855
8880,ENST00000381815.8,ENSG00000159131.16,GART,33503931,33543491,186.4677860665744,3341,3489.39,4353.16,28.1072,TGGTCCCGCGCCGGTCCCGGTGGGCCGACTTCCGGCGAGCGGGCAAGCGGGAACCAGGTGGCCACCCGGTGTCGGTTTCATTTTCCTTTGGAATTTCTGCTTTACAGACAGAACA,6.634164415757329,2.7299147671543356
8882,ENST00000303071.9,ENSG00000159147.17,DONSON,33559542,33931607,56.80154615921011,2170,1876.24,1774.71,21.3109,AGGGGCGGGCCCGGCGCGCGCGGGAAGTCTCTGTAGGGCGGCCGGCTACCCTCAGCCGCCGCGCGTC,2.665375284911013,1.414338678786386
8883,ENST00000381554.7,ENSG00000205758.11,CRYZL1,33559542,33931607,31.001124780049324,1617,1062.5,183.882,3.89918,AGCAGGGGGCGGGCTCTCTGACGAAGGACTGGAAGGTGGCGGTGGTGAAGGTGCAGGCCGTTGGGGCGGCTCAGAGGCAGGTGACT,7.95067803488152,2.9910778988686313
8884,ENST00000290299.6,ENSG00000241837.6,ATP5O,33559542,33931607,792.3756152401229,932,799.597,2809.49,79.1624,CAGATGCAGTCGAAGCCCTGTGGCTCCACCCCGAGGGTCCAGCCCTTACCACTGCTAAGAACTACAACTCCCAGCCCGAGGGAGGTCTCTGCGCCTGCGGCCTGACGCCCTACGCCTACACTTCCCAGAGAACCTAGCGGTTACGCCAACGCGCGCGTGCGCCCTTGCGCGTTTCTCTCTTCCCACTCGGGTTTGACCTACAGCCGCCCGGGAGAAG,10.00949459895257,3.3232972261049856
8886,ENST00000313806.8,ENSG00000159200.17,RCAN1,34513142,34615142,10.242509933614238,2490,2258.89,148.22,1.47834,GCCTGCCGCCGCGCGATTCCGAGGGGGTTAACGGCGGAGCCGCCGGCCGGGCGCGGACCGGAGCGCGTGAGGCTCCGGCGCGCAAGCCCGGAGCAGCCCGCTGGGGCGCACAGGGTCGCGCGGGCGCGGGG,6.928385847378978,2.7925192771488585
8887,ENST00000399098.5,ENSG00000185808.13,PIGP,37059170,37073170,40.22015711325935,972,752.238,221.178,6.62443,GAGCCGCGGGATCACGCCCGCCCCCGCGCTCGCTGGCTCCCACCCGGGGAGGGTCGTTGTGCGCCTGCGCCAGGGTGGGGGTTGCCGTCGCGCCTAGGCCTTTCCCTCAGGTTTTCCTCTTCCCCACTGCGGCTCCCCAGTCGGCGCTTGCGCGGAGAACTCAGCGCTGAGATTGTCTAAAGCCCCAGGAAAAATGGTGGAAAATTCACCGTCGCCATTGCCAGAAAGAGCGATTTATGGCTTTGTTCTTTTCTTAAGCTCCCAATTTGGCTTCAAAAATCTGAAGGGATCTCGTGTTTGCTGAGTGTTCCGTGTGCCAGCACTAGCCTAGGAGGTTTTAGTCTCTACAAATATTTATACAGCACCAGACGCGATGGCAAAGTGGATAAAGCCTGGTCCCTGCCCTTAAGGAGGTCGTGGTCTTGTGGAGGAGACAG,6.0714894886442075,2.60205048917817
8888,ENST00000309117.10,ENSG00000157538.13,DSCR3,37223420,37267919,38.410798625773694,3256,3551.96,657.152,4.16831,GGGGTGAACCGTGACAGCGCTTCGGCCCGCACTAAGGCCGGCTCTTGTGCCGGAAGGAGGAAGGCGTGGGCATTCGCCCCTCGGAGCTAGGGAGTGTGTGCGACGCCGCTGCGAGGTCACGTGAGCCACTGCCGGCAGAGAGGGAAAGGGGCGGGGCCCAGAACGAAGCGGGGAGGCGCCCCTTGTTTCCCTGGGGTCACGCGCAGCCGGAAGTGGCGGCTGCTGCGGAGAATTGGAG,9.214957291030105,3.2039774793490046
8889,ENST00000380900.2,ENSG00000183527.11,PSMG1,39174769,39183851,13.66049717470178,907,637.532,603.583,21.3303,GGGGCGGGACTTATTGCCCGCGCGGTGAGGGAGCGTGGTCTCGCGCAAGCCGGCGTGCGGTCCCGCGGCGCTGCAGTTGTGTCCAGCCGGTCACGGGGCGGCT,0.640426865759121,-0.6428942650399466
8891,ENST00000341322.4,ENSG00000185658.13,BRWD1,39184176,39321559,29.07250659811353,2495,1907.39,207.163,2.44701,GCGTCGGTCCAGGCGGCGCGCACGGTATGGCGGCGGCGGCGGCGGCGGCGGCGCGCGCCTGAGAAGAGGGGACGCCAGCCCGGTCAGGCCTCGGCGCGGCCTACACGCTCCGCTCGCTCGCTCGCTCCCGCCTCCCGCCCCGCGCCCGGCC,11.880828684032158,3.5705635620570577
8892,ENST00000332512.7,ENSG00000183421.11,RIPK4,41739369,41767106,7.010179351709467,3889,5261.02,240.0,1.02779,GTAACAGGGCGGAGCGCGCACCTGGGCACCTGGGCAGCCGCCGCGGCGCTGGCTAGACGTGCGCG,6.820633934665123,2.769905834835131
8893,ENST00000310826.9,ENSG00000173276.13,ZBTB21,41986831,42010387,42.62489738067242,7449,6174.73,555.977,2.02862,GTCAAATTCAAGATGGATGGAATCACAGCGGCAGCGGCGGCTGCGGCGCGCGCGAGCCGAGTGTGAGCGGAAAGGGGCCCGGCGTCTGCCTCGAGACTGAAGACCGAAGACATGAAGTAGAAACAATCCAGGAAGGCTTTGGGAAGCTATTTGTGTGCGAGGATCAAAGTGATAAACTCAAGCC,21.011770257945017,4.393125810195301
8895,ENST00000330317.6,ENSG00000160193.11,WDR4,42843094,42879568,29.77008102986225,1471,1791.61,155.208,1.95178,CTGGCACATGTGTATGGCGGTGAGGCGGGCGGGTAC,15.25278516526568,3.931000798365318
8896,ENST00000291568.5,ENSG00000160213.5,CSTB,43772512,43776445,507.91075159961366,2163,2430.11,3039.74,28.182,CGCGTCCCTTCTTGCGGGGCCACCGCGACCCCGCAGGGGACTCCGAAGCCAAAGTGCCTCCTCCCCGCCCCTTGGTTCCGCCCGCGCGTCACGTGACCCCAGCGCCTACTTGGGCTGAGGAGCCGCCGCGTCCCCTCGCCGAGTCCCCTCGCCAGATTCCCTCCGTCGCCGCCAAG,18.022523298545657,4.171729109115807
8897,ENST00000345496.6,ENSG00000184787.18,UBE2G2,44768580,44802019,220.452838457734,3566,4128.12,1684.08,9.19121,ACAAGACCAGGACCCTGAGGCCTCTGGAAGTGCCGGGACCGAACCAACCCCGCAGAGCGACTAAGGCGAGGGCAGGAGCCAAGAGAATCGTAGCCGCGGTCGCGGGTTGAGCTCCCACCACCCGGACAGCGCGCCTCGGCGATCGCGCACGCGCCACGCCCCGGAAGAGTTCCTGGGCCCGCGACGGTGGCCCGGAAGCAGTCCCCGGTGTCGGGGCAGGAGGCACGCGCGCGGCTGAGGCGAGGTCGCTCGGCGCAGCTGTTGCGGGGCC,23.985181326259983,4.584071441139593
8898,ENST00000332859.10,ENSG00000184900.15,SUMO3,44805617,44818779,113.42487682501468,1807,1989.85,1181.28,13.375,AGCCACGTGACCCCCGTGCCGGCCAACGGGTGCGCCGGGATTTGGGGGATAAAGCGCGGCCCCGCGCACAGTTGCGGCGGGAGAGCGGCGGGGCCGAGAGCGTGACTCGCCCGCTCCGCGCTGCTTCCCCCGCGCCGCCTCCCCGCGCCGCTCGCGCAGCC,8.480364622431004,3.08412629635263
8899,ENST00000330938.7,ENSG00000183255.11,PTTG1IP,44849585,44873903,116.52004626900532,2760,3158.57,2314.47,16.509,GCGCAGGCGCACTGAACCTCAGCCGCGCCGGGAGGCGAGCCCGTTGGCGAGGGGCGGGGCAGATGGCGAGGGAGCGGGGCGAGCTGCTTTTTGAGGCTGCGCACTCGCATGGCCCCACCTCGCAGGTCCACTTCCGGCGCCGCGGCTGTTCCGGGCGGAGACCGCTTGTGCTGGAGTCGGAGTTGTAACGCTCCACTGACTGATAGAGCGACCGGCCGACC,7.0579711835365755,2.819253539857826
8900,ENST00000349485.9,ENSG00000186866.16,POFUT2,45263928,45287898,8.332945210193483,2871,3813.36,200.462,1.18436,GCCGGAAGTGCGTGGCCGCCCGGGGCC,7.03582121161934,2.81471882272071
8901,ENST00000311124.8,ENSG00000173638.18,SLC19A1,45493572,45544411,78.09979808997727,3811,6017.61,570.399,2.13559,AGCCGCGCGCCCGCCGCGCCGCCTTGTGGGCGCTGTAGTCCCGGAGTCCGCGTGCGCGGGGCCGGGTCCGGGAGCCCCAGGGCAGCCGCCCCGCCGAGTCGCAGGCACAGCGTCACCTTCGTCCCCTCCGGAGCTGCACGTGGCCTGAGCAGG,36.570595521601646,5.192612214841625
8902,ENST00000291691.11,ENSG00000160298.17,C21orf58,46300181,46323875,5.137712046612279,2975,4204.74,298.544,1.59967,GCGGCAAAAAGTTCGCGCTGCTGGTCCCGCGCGGGCGGCCCCTGGGCTTTGTGTCCACCAGGACAGCGGGCCGGGCTCCCTGCAGGCGCGGGCGGCGCCGAACGGTGCTCAGCAACCACCCGGACAGGGCCAGGCCGTTTTCTCCCGCTCAGGCATTAGTCGTTGGCTGTGGGCCGCCGCGGGAAGTTGAGGCCTACCACGGAGGAGGCTGCTGAGGTGGATCTCAGGGGATCCGCAAGGGCTCCCTCACCCTTGCCGGGACCCTGGGAACCCGAAACAAAATCCTACGCCACCAGCCCGCCGAATGCGCCCCCTCGGCCGGGGGTCCTGGGTCTTCAGAGAAGAACTCGGCCGAATGCGGTCAGAAAGCCCGCGAACCGCCTGGACCTGCAGGCCCCGCCGCTTGGAGCTCCCGCCTTTCCCGACCGAGCCCGTGTCTGCTCGTGTGTCTCACTGATGTCTTAGGTCTCAAAAAAAAAAGAAAAGAAAAGGTTTTTAGTAGACAGAAGAGAAATGGGGCCGTGGGTTCGTGGTCCCAGGGGGAAACTGACGTCGCATGAGGTCGTCGTCCCTCAGCTTGAGCTCAGCGGAACATAAGCTTGCAGAGGTGGAAACCACGGAAGGTTTGGGTGTCTTGGAGCTCTCTGGACACCGAAGCCCGGACACAGTCCCGGGGTCCGCACCGCCTGTGACCTGTGGCGGGACCGCCGGGGTGGGCGTTTTCTCAGCTGGCGCGCGCGTAGGTGGAACTTGGGAAACTAACTGGAGCGAAGTGGCAAAAAACCAAGACAGGGCCGGTGACCTCGCGCAGGCCGTCCTTAACTGTGGAGTATTCCTTCAGCTAACCCCTTTATTTCATGTGTCCAAGTCTGGTTTCTGGGTTTCTTTGTAGTCCTCCGGGCCTGTTCGTGCGCCTTCACTTGCAAAAGGTTCGTCGTGGAGGGCCGTGTGCTTGTTTGCAGCAGTAACGATGCCCTTCCCGAGCGTGCTGGAGTGGCTCCTCGCTGACGCAAGCTCACCTTGCAGCCTCCTCAGCAACTGCAACTTAAACGCGCCCTCAGGAAGCCCTGGAATCTCGCTCAGAATTTTTTTTCTTTTTTTGAGACAGTCTCGCTGCGACGCCCAGGCTATAGCGCA,3.2117324489502703,1.6833517151934334
8904,ENST00000317582.9,ENSG00000099968.17,BCL2L13,17628855,17730855,25.99620736199442,2992,3441.24,323.231,2.11622,AGATTTGGGCGGGCTAGGAGGGTTTGGGTCTTCAGGTCACATCTGGACGGAGAGACCTCCGGGGCCTCCGTTGGTCGGTCCTTCCGCTCCGGATACCGTTCCGGATGTCAGGTAGTTCAGGTCCCGCCCCGACGCCGGCCGTGACGAAGGCACGCCGGGGTGACCTCACCCTCCAACATGGCGGCGGCGGTAGATTAGGGCCGCGGGTCGGAGCACTCACCGCCGCTGGGGGACCCTGTCGGAAGCAACTGCCGCCGCCGCCTCTTTCATCTCTTCTGGGGCAGGGGCCAGGGCCAGGTTTTACACATCCATAAGTAGACCTTTTTGGAGCCTCACCAGCCAATTCA,12.284265039549014,3.6187396395620812
8908,ENST00000399744.7,ENSG00000215193.12,PEX26,18077920,18146554,18.75782928337676,1672,2107.62,142.292,1.52107,GCGAGCGCAAAGATGTCCGCGCCCGCTGCCGGGAGGCGAGGTGAGTCTTTGATCGTAACCAGGAGCCCGGAGCTGAGGCAGTTCCTGCACGTGTCGCGGGGCCGGAGAAGCTAGGGCCAGGTATTCCAGGGATGCAAGAATCCTGCAAATCTGACGTGTAAACTGCTTCCCCAGCCTCCAGGCGAGCCCAGCTTTTGCCTCAGATAGGCCCCTTCCTTTTCCTTCTCGGGGAATCGACCTCGGGAAGGGGTGTGGGCAAAGAGATGAGGACTCTCCCTCTTCGCCCAGGCCAACTCGGGATATCCCGGAGCCTCTGGGGAGGCGGTCACTCCGACGTCTGAGGACCTGGGCCTTGGACCCGGACTCGTT,12.331996083925633,3.624334431311617
8909,ENST00000215794.7,ENSG00000184979.9,USP18,18149899,18177397,4.713659440194754,2129,2264.43,346.275,3.44529,GACAGAATGAGACTCCGTCTCAAAAAAAAAAAAAAAAAAAAAAAGCGAGGGCTGGAAGTCTGGAGCAGGTGCGCGGCTGCAACGGCAGCCGCGGGAAGCTCGGGCCGGCAGGGTTTCCCCGCACGCTGGCGCCCAGCTCCCGGCGCGGAGGCCGCTGTAAGTTTCGCTTTCCATTCAGTGGAAAACGAAAGCTGGGCGGGGTGCCACGAGCGCGGGGCCAGACCAAGGCGGGCCCGGAGCGGAACTTCGGTCCCAGCTCGGTCCCCGGCTCAGTCCCGACGTGGAACTCAGCAGCGGAGGCTGGACGCTTGCATGGCGCTTGAGAGATTCCATCGTGCCTGGCTCACATAAGCGCTTCCTGGAAGTGAAGTCGTGCTGTCCTGAACGCGGGCCAGGCAGCTGCGGCCTGGGGGTTTTGGAGTGATCACGA,1.3681459152044544,0.4522221044312399
8910,ENST00000331444.10,ENSG00000183628.12,DGCR6,18906028,18914238,3.34095177259842,1214,1564.54,111.499,1.60564,CGCGAGGCGCGCCGCGATCGGGGACTGTCCTAAGACGGGCGGGGCGCGCTGCGCTAGGGACTGTCATAAAAGGGGCGGGACGCGCCGCGGTCGGGATGACGTGAGCTGGGGGCGCTCGTCGCTGCAGCCGGCGGCTAGCGGGCGTCCGCGCC,2.0807601782456966,1.0571106942449464
8911,ENST00000333130.3,ENSG00000185608.8,MRPL40,19431902,19436075,180.53579779547644,1387,1602.03,199.134,2.8005,AGTTGCAACCCGGGCCGCCCGCAGAGGCAGGCGGGGCCCAGGTGGCGTGGACCGCCCGTCACCAGCTCTGCCTCGCCAGTCTGAGTCCGACTTATTAACTAGCTTCCGTCATTCATCAACACGCGCTATTGGGCATCTTGCGAGCGCCGGGCTCCGCGCCGGCGCCGGAATGCGATCCGGGCTTCGGACTCGAACGAATGCGGGGGACGAGCCAACCCTGGTGGGGGAGGCTGGGGCGGACGCGTTTATTAGAAGATCGGGGCCGTTTGCCTAGACATGAACATTTGGACTCGGAGGAGCAGAGGGACGCCCCCTCGGCCGCTCCGGCTGCACTGCGGAGCCGAGGCCCGCGCGAGGGCGCAGACCGACCAACCGGCTAGGGCCTGACTGGCTAGACTGTGCCCGCTGCAGAGGCGCGCTCCCAGCACAGGGCGGGGACGGAAGGGAGGACCCCGAGCCGCGTGAAACGCAAGGCCCTCGTGTGTGCGCAGCTGACACCCTAGGCGGGGCTGCGTCGGGGGCGGGGACAGGCGCGTCCCAGCCCACGCAGCCGGAACGCCTGAGCGCTGGGCGCCTGGTCTGCCGGACCTCAGCAGGGGGCACCGCGGGCCGGACTGTGGAGGGGCGCACGCCCGGAAGCGGCGAGGGTAGCC,64.46555893428904,6.010456693789653
8912,ENST00000404724.7,ENSG00000093009.9,CDC45,19479459,19520612,6.331985355670923,1693,1744.01,145.828,1.88387,CGCGAGCGCCAGGCGTCCGGCCGCCGTGGCT,3.3611583366532316,1.7489585063840507
8913,ENST00000332710.8,ENSG00000184058.12,TBX1,19756703,19783593,14.032125039138592,2084,2849.86,228.888,1.80951,CCGGCAGGGGGAGCGAGGAGGAAGGGAACCGCGGCCGGGCCAGCGGAGGCGGCGGAGCGCACCGCCCACCAGGGCTCAGGGTCCTCCGACCGGGTGAAGCTTCGCTGGCTGCCAGGATCCCCGGCAGGG,7.754654596624828,2.9550625229977867
8914,ENST00000361682.10,ENSG00000093010.12,COMT,19941607,19969975,201.1343365195327,2437,3364.62,162.76,1.08987,CGGGGACACCCTGGCCACCGCCGCGCGGACACCCTCACGAGGACACCCCGGCCGCGCGGACACCTACCGCGGGGACGCCCCGACCCCATCCTACCTGCTGCGCCCCGCGCCGCGCCCCGCACCCCGCCCGCCACGGCCTGCGTCCGCCACCGGAAGCGCCCTCCTAATCCCCGCAGCGCCACCGCCATTGCCGCCATCGTCGTGGGGCTTCTGGGGCAGCTAGGGCTGCCCGCCGCGCTGCCTGCGCCGGACCGGGGCGGGTCCAGTCCCGGGCGGGCCGTCGCGGGAGAGAAATAACATCTGCTTTGCTGCCGAGCTCAGAGGAGACCCCAGACCCCTCCCGCAGCCAGAGGGCTGGAGCCTGCTCAGAGGTGCTTTGAAG,184.5489246603106,7.52785952100898
8915,ENST00000351989.7,ENSG00000128191.14,DGCR8,20080232,20111877,10.66269399796842,4514,5784.49,514.044,2.00215,AGGCCCGCCCTCCGCTCGCCCGGCGCGGCAGGCGGGTGCCGGCGACCGGAGAGCCTGGACAGGCTTTCCAGATGGCTGCGGCGGTCGGTCGGTGAGGCTTTCCCGGCTGTGGTTTGGCTGCGGGCGGCTTGGGCAGCCCGCGGGCGCCTCAGGTAGAAGAAGAAAGGTGCCACTCCGGCATGAAGACAGACTCGCTTAGTCGCCAGTCACTTAAGCTGAGTGCATTGTGATTTCCAATAATTGAGGCAGTGGTTCTAAAAGCTGTCTACATTAATGAAAAGAGCAATGTGGCCAGCTTGACTAAGCCGCCAGCGCACAGCGCGGCAGGACGCGCCCGGGTCTCAGCGGACTTGTGCATGTTAGCTGTGTAGATTTATGTGAGGGCTTGTAAAACTCTGGTCTTGTAAACTAGTCTTAAGCGCTTTTAAT,5.325621955382174,2.4129500210282666
8916,ENST00000402752.5,ENSG00000099901.16,RANBP1,20115938,20127357,275.1959411920234,1132,988.561,2115.24,48.2079,GAGTGTCCGCCTCCTGAGCCAATAAAGCTGTACTGGTTTTGAATCGCGGCGCGTTTCCCGCCGCTGGGGTCAGGGGTCGAGGTTCGGGTCGTGGGGCGGAGGGAAGAGCGGGCGGGCGGGAGGCGCCGGCGCCAGACGCGGAGGGAAGGAGCTACGAGTAGCCGCCGAGAGGCCGCGGAGCCAGCGACGACCGACCCAGCCGAGCCGCCGCCGCCGCCGCGCCCCC,5.7085237314220985,2.513117701678359
8918,ENST00000263205.11,ENSG00000099917.17,MED15,20495913,20587632,14.105001646775396,3351,4948.63,667.712,3.03995,GGCTCTGTGACTGAGGCGGCGGCGGTGGCGGCCAAGCGGGATACGGGCGGCGGGAGCTGGGGAACAGGC,4.639879487088733,2.2140873343103196
8919,ENST00000215730.11,ENSG00000099940.11,SNAP29,20858983,20891218,44.899288377760605,4287,4801.24,957.356,4.49244,ACCTGCGCGCGACGCGCGGAAGGAGTTCGCGCGACGACCGCGGGGTCGGCGGGCGGGGCGAGGCCCTGGACGGCGGCGGCAGTGGGGCTCCTCCTTCTGTTTCCCAGACCGAGAGCCGCGCCGGCACC,9.994410248720206,3.321121438770884
8920,ENST00000354336.7,ENSG00000099942.12,CRKL,20917426,20953749,80.5385680727345,5325,6163.57,2275.16,8.31653,CGGAGGGGGAGGTGGCTGCCGCTTCTCCCGCGTCCGCCATTTTGTTGCTGTGGCTATTGGGAACAAGCTGGGCAAAAGCACCCCGGAGGCGCGACGCTCCTTCGAGTTCGGTGCCTCGTGTGACGGCGGGGGTCGGTGAAGACCCGTCGAGCTGCGGCGCCGGCGCGTTCCAGGCCGGGAGTCACTGGAGGCACCCCTGGGACGCCGAGCAGCCCGAGAACCCCGGGGTGGCCTCCGCTGCGGCTCGGGTTTGCCTGCCCCGACCCCCCGGCTCTGCCGTGCATTCCCGGGCGGCTCTCTCCGTGTGGCGGCCCCGGAGCAGGCGGGCGGCGTCGGAGGATGCTGCGGGCCCGGAGCCGAGAGGAAAGTGCTGGCCCAGCCCTCTGAGCGCTCCTCGAGGTGTGCGAGAGGCCCTTCCTCGGCCCCAAAGCCGTCTGCCGGGCTAAGGCGTGCAGAGCAGGCGAGGACAGCCGCCGCCCCTACCGCCGCAGAGTCCCCGGTCCAACACC,9.684155299474,3.2756262152295075
8921,ENST00000215739.12,ENSG00000099949.18,LZTR1,20965108,20999038,18.382053430512315,4572,6548.32,556.5,1.91468,GGCCGCGGGTCTTCGGGCTGCGTGGGCCTGGGAGGCGCCGGGAAGAGCAGTCGCGACGGGGCTAGGGACGACACACTGCATTCACTGGAAGGGACAACGCAGCGCCAGTACATAGCCTGAAACGCTCCCCAGAAGGTCCCACGCTCGCCGCGCGGTCGACAACCGCATCCTGCGCTCGCCCGCGGTGTCTCGGCAAGCGGTAGGCTTGTCGGGAAGAGCTGGAGGGCGCAAGTGCGGCGCTGGCCGGACGTGCCGCACCGTCAGCGCAGGGCTCGCCGGGAAATGTGGTTTCTCCAGCCGGCCCGGGGCGGTGGCCGCAAGTTGGGCTTACAGCGCGGCCGATCCGGCGTGGACCCGGG,9.600587790394382,3.2631227367012214
8922,ENST00000407464.6,ENSG00000169635.9,HIC2,21417404,21451463,5.672979125173687,6798,10619.2,574.407,1.21868,GTGAGCGGCGCTCGGGGCGCGCTAGGCGGGGAGCCGAGCCGGGCTGGCGGCAGGCGGACGGGGCGGGCGCGTGCGGCGCGAGCCGGGCGCTGAGGACAAGGGCCGCTGGTAGGGCCGGCCGGCCGGCGGGCGGAGCGCCGCCGCCGACGCACACGAGGTGACCAGGCATTGATGCACCCCCAGGAAGGCCACGCGCTCAGGAGCCCCCCCCGCCGCTGGCTGCTGCTCAC,4.655019467927337,2.2187872013444334
8923,ENST00000342192.8,ENSG00000185651.14,UBE2L3,21549447,21624034,94.82442564237286,3028,3497.25,3625.88,23.3587,AAACGCTGAGGCCCAGTCTGTGCGGTTCACTTGCGTTCCTCCACGCGCCCCCCAGCACAGTGGGAAGCACACAGTAGGTGCTCCGCTCTGCTCCTGTGCCCCGCCCCGCGGCCCCTCCCCCGCTCCAGGAAGTGCGGGGGCTCCAGCCGCCCGGCCGGCCGCGATGCATTCTGGGGAAGGAGCAGCACCAAATCCAAG,4.059490709772927,2.0212987430329337
8924,ENST00000248958.4,ENSG00000128228.4,SDF2L1,21642261,21644298,80.77918329615538,865,958.443,160.798,3.77985,CTGTCAGAACCGGATTGGGCCGCGGCGGGGACGGAAGCGGCCCCTGGGCCCGAGGGGCTGGAGCCGGGCCGGGGCG,21.371002366801694,4.417582671378296
8925,ENST00000615612.1,ENSG00000128266.8,GNAZ,23070361,23125037,7.466608181847664,3333,4260.95,298.525,1.57847,GGCGGCGGGCGGCGGGCGGCGCGGGAGGGCGGGCGGAGGGAACCAGGCCGGCCGGAGCGTGTGCGCCGCCCGCGGTCCGGTCACGTCCCCGCGTGGGCGCCGCTGCCCGCGTCGTACGGAACGAGGGCGCCGCGGCCCCGTGCTCGCCGCCCCGCCCCGCCCCGCCCTGCCCGGAGCAGCTCGGCAGATGCTCTGTGCTGCGGCCCGGAGGTGAAGGGCTGGATGCACAGTGGGAGCCGGAGGCGGGGGGCTGCAGGGAGCACACCAGCGACCGGCCCTCCAACCCTCCAGCCACTCAGCAACATCGCCACAGCAACCAGCAACCAGACGGCAGCAGCCGAGGCAAACACAAGCGGACGGCTTCCCACCGTCGCCGAGGACAGGGAATGACTACGGCAAATCAGGCCACTTTGCCAACTAGGGAGGTGGAGTGTCACTAGTGGGGAGGGGCGGCCACCGCCCGCTGCACAGAGCGCCATGCCGGCTGGAGAAGAGGCGCTGGGGCAGGGGCTGCAGTGTGGCTCGGCCTCACCCCCCTGCTGGCACTGAGTGCCTCCAGGGCAGCTGGGCTCTTGTCTGCCTGGTCTCAGTGTCCCCTGTGGCAAGAGGGAGAGGTGCCCCATCCCGTGCTCCTTGTCTGGGCCCGCTGCTGCCAGACC,4.730281970419243,2.2419261846641962
8926,ENST00000263116.6,ENSG00000100228.12,RAB36,23145326,23164350,14.383183835870367,3828,5028.03,244.515,1.09564,CTGCCAGCCCCGCCCAGACTCCAGGCAGGTTCTCGTTGCT,13.12765491938079,3.7145373158899173
8927,ENST00000305877.12,ENSG00000186716.19,BCR,23179704,23318037,7.992618976657565,7082,10119.1,993.362,2.2117,TTCCAGGACTGCAGAACTGGCCCAGACCTCTGTATTGGAAAGGTCTTTATGGACCAGGGAGTCCGGTGTCTTTTTTACGGGGGACCCCTGGGCTGCGAGTTGCACAGTCCAATTCGCTGTTGTTAGGGCCTCAGTTTCCCAAAAGGCACAGGGACGGGGGGAGGGTGGCGGCTCGATGGGGGAGCCGCCTCCAGGGGGCCCCCCCGCCCTGTGCCCACGGCGCGGCCCCTTTAAGAGGCCCGCCTGGCTCCGTCATCCGCGCCGCGGCCACCTCCCCCCGGCCCTCCCCTTCCTGCGGCGCAGAGTGCGGGCCGGGCGGGAGTGCGGCGAGAGCCGGCTGGCTGAGCTTAGCGTCCGAGGAGGCGGCGGCGGCGGCGGCGGCACGGCGGCGGCGGGGCTGTGGGGCGGTGCGGAAGCGAGAGGCGAGGAGCGCGCGGGCCGTGGCCAGAGTCTGGCGGCGGCCTGGCGGAGCGGAGAGCAGCGCCCGCGCCTCGCCGTGCGGAGGAGCCCCGCACACAATAGCGGCGCGCGCAGCCCGCGCCCTTCCCCCCGGCGCGCCCCGCCCCGCGCGCCGAGCGCCCCGCTCCGCCTCACCTGCCACCAGGGAGTGGGCGGGCATTGTTCGCCGCCGCCGCCGCCGCGCGGGCCATGGGGGCCGCCCGGCGCCCGGGGCCGGGCTGGCGAGGCGCCGCGCCGCCGCTGAGACGGGCCCCGCGCGCAGCCCGGCGGCGCAGGTAAGGCCGGCCGCGCC,3.613789834361606,1.8535126064402587
8928,ENST00000263121.11,ENSG00000099956.18,SMARCB1,23786963,23834516,114.53609044564504,1690,2090.05,1283.14,13.8319,CTGCGCACTGAGGGCGGCCTGGTCGTCGTCTGCGGCGGCGGCGGCGGCTGAGGAGCCCGGCTGAGGCGCCAGTACCCGGCCCGGTCCGCATTTCGCCTTCCGGCTTCGGTTTCCCTCGGCCCAGCACGCCCCGGCCCCGCCCCAGCCCTCCTGATCCCTCGCAGCCCGGCTCCGGCCGCCCGCCTCTGCCGCCGCA,8.28057536894028,3.0497310156808055
8930,ENST00000215754.7,ENSG00000240972.1,MIF,23856703,23895227,4445.036646959223,939,1072.41,7366.69,154.766,ACAGGGGCTCAGTGCGTGCAGTGGAATGAACTGGGCTTCATCTCTGGAAGGGTAAGGGGCCATCTTCCGGGTTCACCGCCGCATCCCCACCCCCGGCACAGCGCCTCCTGGCGACTAACATCGGTGACTTAGTGAAAGGACTAAGAAAGACCCGAGGCGAGGCCGGAACAGGCCGATTTCTAGCCGCCAAGTGGAGAACAGGTTGGAGCGGTGCGCCGGGCTTAGCGGCGGTTGCTGGAGGAACGGGCGGAGTCGCCCAGGGTCCTGCCCTGCGGGGGTCGAGCCGAGGCAGGCGGTGACTTCCCCACTCGGGGCGGAGCCGCAGCCTCGCGGGGGCGGGGCCTGGCGCCGGCGGTGGCGTCACAAAAGGCGGGACCACAGTGGTGTCCGAGAAGTCAGGCACGTAGCTCAGCGGCGGCCGCGGCGCGTGCGTCTGTGCCTCTGCGCGGGTCTCCTGGTCCTTCTGCCATC,28.721015255025154,4.844034842568589
8931,ENST00000215770.5,ENSG00000099974.7,DDTL,23966901,23972532,5.235422152544284,1545,1738.9,245.501,3.18083,TTCCTCTGCCCGCC,1.6459295694973588,0.7189026031284127
8932,ENST00000263119.9,ENSG00000099991.17,CABIN1,24011192,24178628,10.488500099869077,7222,10878.3,1127.12,2.33439,AGCCGGACGGCGCGGTGGTCGGGACAGACTGGCCGTTGCTGTGGAGACGCCTGGAGAGTTGTGGACTGGGGCAACCTTTGCCAGTGATGAGAAGTGATGCTCGTGGCAGTGCTGAATCTCTCTGAAT,4.493036767579143,2.1676908678233047
8933,ENST00000215829.7,ENSG00000100028.11,SNRPD3,24555503,24629005,1388.932406406388,1763,1867.85,3933.06,47.4406,AAGCAACTCTCCTCCAACTGTCTTTAGGGATAACCCTGAGCGGGCAGCCGCTCTACTCTATACCTAACTTTATCCGTACCAGATACCTAGCCTCACTCAGGGCCCCCCTTACCTGGCGGTGCCGGGATCAACAAATGAAATTGTGACGGGAAGTCCTGGCCCTTGGCCCAACCTCCTGCTGTCCCCGGTCTGAGGGCCCAAGCCCCGCGTCTCCGCCTTGCCGTCCAGCCTGTCCTTGGTGTGGGGTGCTTGGAAGTGTGAGCACCCTCTCTGGCTCTTTGCCGGCCCCAAGGGTCGTTGCGGCGGCCCCCGGGCCCAGTCATCAGCCCTCTTTTCCGGTGCCGGAACTATCGTACTGGTGCCCTAGTTTCCCAGCCGGCAGGCGGAGTGAGGAGGAAGCGGAGGCGAGACCGCGCTCAACACTGGGGAAAGGAAGGAGGCGGGCCCTGCGCGCAGCATTTTGGGAAAGAGTGGAATTCTGGGTGTTAGGCCCGCCATTCGCTTGACTCACGCCTTCGCCGTAGCATCTTTCGCAGCGGACCGAAGAGAAGAAAAGTAGGCCAGAGCCGAACTCTCTTCCTGCCAAG,29.277294267070566,4.871710324470668
8934,ENST00000324198.10,ENSG00000100077.14,GRK3,25564849,25729294,3.2322161850015467,9103,8971.6,447.757,1.12444,GGCCGGCTACAGCCTGCGGCGCGCGCAGAGCGCTAGTGGGGCGCGCGGCGCGCGCGCGGGGCGGGGGCGCGCGGAGGGGGGGGCTGCCCCGGGGCGGCCCCCCCAGGTCGGGGCGCGGCGGGCGGCGGCGGCGGGCGCGCGTCCCGTCCAGGTCCGGAGTAACCGCCGCCGCCGCCGCCAAAGCTCGCCAAC,2.8745119214911834,1.5233170140669654
8935,ENST00000215917.11,ENSG00000100104.13,SRRD,26483877,26494658,20.80204859818558,4020,4362.84,474.528,2.4505,GACGTCAGAGACCA,8.488899652391584,3.0855775609728155
8936,ENST00000216027.7,ENSG00000100209.9,HSCB,28742031,28757515,46.671596115102446,1114,928.885,76.1527,1.84708,GTCTGGTTAGACGCTCTCTTTGCTTTTCCCCACGAGTGACCACGGCTAGATAGGCCGCCGGCCAG,25.26777189677894,4.659226548438392
8938,ENST00000249064.8,ENSG00000159873.9,CCDC117,28772674,28789301,66.97496019442401,3985,3415.63,1498.05,9.88135,AACAAATCCCGGCATGCCCCCGAGCGGCCTGAGGTGGAGGGTTCTAGAAGGCGTGACGTGGGGTCGAGAGCGGGATCCGAGGCTGGCGGGTTTTGGCAGTAGCTGTGGCTGCGGCTGCCGGGCCTGGGGACGCGGGCGGCCGAGGCCGCCGTCGCAGCCTCCTCGTCTCGCCGGCT,6.777915992695736,2.7608417557843845
8939,ENST00000544604.6,ENSG00000183579.15,ZNRF3,28883592,29057487,4.793735357490452,6851,9142.29,421.731,1.0393,AGATGAAAGGGCCGCGGCGCGACGGCCGGGGGAGCCGAGCTGAGCCTGCGACCCACAAAGCCGCCGCCGCCGCCGCCGTGATGGGGCTGTGAGGCGTCCGCCCGCGTTCGGTCCTCAGCCGGCCCGCGACTATGCCCGGCCGCGCCCGCCCTCCGCGCCCTCCCGCCGCAGGACC,4.612465464726694,2.205538109210094
8940,ENST00000400335.8,ENSG00000183762.12,KREMEN1,29073078,29168333,3.811736046317858,6138,8609.07,558.048,1.46042,CGCGCTGCCCCCTTTACCCCGGGCCGCGCCCCGGGGCCCCGCACTGACGGCCC,2.6100272841496674,1.3840648882134274
8941,ENST00000397938.6,ENSG00000182944.17,EWSR1,29268009,29300525,60.65886655501407,2654,3620.66,786.116,4.89172,GGACGGAACCATTCCAAACAGCCTAGTCTCGTGCTGAGAGCCTCTCCGGTTTCACGCTGAGACCCGCTCACCCCCGCTCTGGCCCCTTAGATGCTATTTTGGCCCGAGTGTCACGTCGGGCGCTCTTTAGAGAGGACTGGGACAAGAGTTGCGGACGCGAAGAACGAGTAAGCGGTGGTTCATCCCTCCTGACCCCACCCCCGTGGCCTGGCCCGATGGTCGCGCCCGGGGTTGCGAGATTTGCGCCTGCGCAGTGCGGCGCCTAGAGGGAAAGCGAGAGGGAGACGGACGTTGAGAGAACGAGGAGGAAGGAGAGAAA,12.400314522297693,3.632304808564391
8943,ENST00000338641.8,ENSG00000186575.17,NF2,29603556,29698598,28.936945921107885,6025,8222.82,455.407,1.24779,CGCTTCCCGCGGGCGCGCGGAGTGAGGACGGTGACAGCCACGCGCGCGCGTACGCGCCCGATGCAGCGCGGCCCCGTGACCCTAGTCGGCCGCTGAGAGGCGCGCGGAGTCTGGGCCGCTGCCGTCTAGGGGTCCCGTCCCGAGGCGTCCCCGGCATCTCCGGCCCGAATCCCGGAGTGCCGGGTCGCGCCTGCACCGAAGGTCCCGGCTCCTGTGCCCTCCCTGCAGCCGTCAGGGCCCGTCCCCCAACTCCCCTTTCCGCTCAGGCAGGGTCCTCGCGGCCCATGCTGGCCGCTGGGGACCCGCGCAGCCCAGACCGTTCCCGGGCCGGGCAGCCGGCCACCATGGTGGCCCTGAGGCCTGTGCAGCAACTCCAGGGGGGCTAAAGGGCTCAGAGTGCAGGCCGTGGGGCGCGAGGGTCCCGGGCCTGAGCCCCGCGCC,23.190557642798776,4.535465606498172
8945,ENST00000330029.6,ENSG00000184076.13,UQCR10,29767369,29770413,1194.6772307999618,916,781.957,1379.66,39.7512,GCGGTGGCGCGAGTTGGACTGTGAAGAAAC,30.053865815370653,4.909478670980327
8947,ENST00000266263.9,ENSG00000242114.5,MTFP1,30396857,30429053,56.63333225526139,1370,1803.54,227.913,2.84712,GAATAAAGAGATGCTGGATAAGCCCGAGGTCACAAGCTTTGCAGTGTAGCATCCCCCAACTTGATCCCCTGTCTCTTTGGCTCCAAAACCTACACTCAGTCCTGGGAGCGATTAGCGCCAACAGCTCAGAGAAAACGTGACGAAAACCAGTCTGTAAAACCCGAGCCTGGGAGAGGGGCTTCGGTGCGCGGGGGGAATTTGCAGACGCTCCCTGCTGGCGGAGATTTCCTGACCTGTCCTTCGGCGCGGGACTTTCGGCGGGTCCCGGCCGGGCAGACCCAAGTGCCGGCGGCGGAGACTGCAGTGGAGCCAGTACCGGCTGTAGTGGCCGGGGCCGTGGCGGGAGAGTC,19.891445480085626,4.314076213249995
8949,ENST00000333137.11,ENSG00000183963.18,SMTN,31051630,31104757,4.147143491497777,3295,5012.02,328.494,1.47665,CAGAATCCAGGGGACGGTTGCTGAGCGGGCCTGGGACAGCGGGTCGCGGCACCTCCGGCCTGCGCGTGTCTAATCCGTCTGTCGGGTCCCGAAAGAGCTAAGCCGAGCCTGCGCCGGACGGGTGGGCTGGACTGAGAGAATTCTCTGAGCTGGTGACAGGTGCCACAGGCACTGGGGATCTCACCAGAAAGGAACCGACGGAGCTAGGGGCCAGCGAG,2.8084810154727102,1.489790050744209
8950,ENST00000331728.8,ENSG00000182541.17,LIMK2,31212239,31280080,5.851613364151424,3670,4811.38,288.8,1.35235,GTGGTCTTCCCGCGCCTGAGGCGGCGGCGGCAGGAGCTGAGGGGAGTTGTAGGGAACTGAGGGGAGCTGCTGTGTCCCCCGCCTCCTCCTCCCCATTTCCGCGCTCCCGGGACC,4.3269962392512475,2.113365866861969
8951,ENST00000331457.8,ENSG00000185721.11,DRG1,31399523,31618586,130.84397004867327,1746,1694.78,1449.0,19.2627,CAGCCCCACGCTTTGCGACTCGCGGTGACCCCTACGCGGAACTCTCTCGCGGTAATTCGAAGTACCGCGCCTGCGTGCTGCAGTAGCGCCTGGTGGCGGTGGCAGTTTGCCCGCGGGTGTGTGAAGGGAGACAGTGTGGAGGCCACAGGGTACTCGCCACG,6.792607996214096,2.763965598152649
8952,ENST00000248975.5,ENSG00000128245.14,YWHAH,31944461,31957603,213.01441574303945,1825,1710.78,1510.47,19.892,GCAGGCGTCGTCCCGTCCTCCCATCCCCCAGCGCGGCCGCGTCTCCTCCCTCGGCGTTGTCCGCGGCGCGAGCCACAGCGCGCGGGGCGAGCCAGCGAGAGGGCGCGAGCGGCGGCGCTGCCTGCAGCCTGCAGCCTGCAGCCTCCGGCCGGCCGGCGAGCCAGTGCGCGTGCGCGGCGGCGGCCTCCGCAGCGACCGGGGAGCGGACTGACCGGCGGGAGGGCTAGCGAGCCAGCGGTGTGAGGCGCGAGGCGAGGCCGAGCCGCGAGCGAC,10.708546940631383,3.420690826724798
8953,ENST00000266087.11,ENSG00000100225.17,FBXO7,32474676,32498829,78.19995590537732,2195,2338.17,875.041,8.43169,CGCGCTCTCAGGCAGCGCCGTTGCGCGCGGAGTCATCGATCGGCCGACCCCGAGAGGCCCGGTTCCTTTAGGCCGCCTGCCCGCCTCCAGCTCTCGGGGTCGGCTCCAGGAGGCGCCCTCAGGAGAGGGGCGGGCGCTCTATTCCAGAGACCGAGTGGCAGGGCGGCCACTGTGGCGGGGCTCTTTCCCCGTTTCGCCTCAGCTACCCCTCAGCTCCGGTAGTCGCCAGTCCGGGGTCGTCGCCGTTTGGGGCGGGAGCTGCTCGGCCCCGCCGCCGTCCCCGTCGCCGCTTCCGGGTCCAGGCCCCTCGGGCCGCCTGCCGCCGTC,9.274529294290625,3.213274063186274
8955,ENST00000266085.6,ENSG00000100234.11,TIMP3,32801701,32863043,130.5748002404446,4603,5287.21,1741.0,7.41881,GCGCAGAGCGGGCAGCAGGCAGGCGGCGGGCGCTCAGACGGCTTCTCCTCCTCCTCTTGCTCCTCCAGCTCCTGCTCCTTCGCCGGGAGGCCGCCCGCCGAGTCCTGCGCCAGCGCCGAGGCAGCCTCGCTGCGCCCCATCCCGTCCCGCCGGGCACTCGGAGGGCAGCGCGCCGGAGGCCAAGGTTGCCCCGCACGGCCCGGCGGGCGAGCGAGCTCGGGCTGCAGCAGCCCCGCCGGCGGCGCGCACGGCAACTTTGGAGAGGCGAGCAGCAGCCCCGGCAGCGGCGGCAGCAGCGGCA,17.600504695556918,4.137544893712296
8956,ENST00000418170.5,ENSG00000100281.13,HMGXB4,35257452,35295807,23.617434542040343,4216,4311.19,443.218,2.31623,GCTTTTCTCTCCTTCTCCAAGATGGCGGCGATCGGCGGCGTTGAGGCGGGATCCGGGCGAGCCGAGTGAAGACCTGGTCCTGTAGACGGGAAGGAGCCTGGACACAGTGACACATTCTCAAAGGCCCTGCAGGACCACC,10.196497991149558,3.3500018354842083
8958,ENST00000216117.8,ENSG00000100292.16,HMOX1,35380361,35394214,15.734954298213813,1822,2425.71,150.166,1.39474,GTGTGTGTGTGTGTGTGTGTGTGTGTGTGTATGTGTGTGTGTGTGTGTGTGTGTGTGTGTTTTCTCTAAAAGTCCTATGGCCAGACTTTGTTTCCCAAGGGTCATATGACTGCTCCTCTCCACCCCACACTGGCCCGGGGCGGGCTGGGCGCGGGCCCCTGCGGGTGTTGCAACGCCCGGCCAGAAAGTGGGCATCAGCTGTTCCGCCTGGCCCACGTGACCCGCCGAGCATAAATGTGACCGGCCGCGGCTCCGGCAGTCAACGCCTGCCTCCTCTCGAGCGTCCTCAGCGCAGCCGCCGCCCGCGGAGCCAGCACGAACGAGCCCAGCACCGGCCGG,11.281639802553746,3.4959048756624114
8959,ENST00000216122.8,ENSG00000100297.15,MCM5,35400063,35425430,129.8332307635816,3534,4619.44,1698.12,8.28212,AATCGCTGGCCGCGAGGCTCCGGCGAACCAATGGGAGCGCAGCGGCTGCGGCGTCCGAACACCGCCTCTTGTTTTTCCCGCGAAACTCGGCGGCTGAGCGTGGAGGTTCTTGTCTCCCCTGGTTTGTGAAGTGCGGAAAACCAGAGGCGCAGTC,15.676328133808928,3.9705157714642567
8960,ENST00000429360.5,ENSG00000128309.16,MPST,37019635,37029822,50.347007459419565,1331,1638.61,386.066,5.3082,GCTGCAGGTTGGTGGCGGGAGGAGGGGACAGCTGCGGGCGCGGGGAGGGGGCGCCGCGCCGCGGGGGCC,9.48476083407173,3.245611395371184
8961,ENST00000402077.7,ENSG00000100379.17,KCTD17,37051736,37063390,14.55349133644549,1691,2520.76,127.664,1.14104,G,12.754584709077236,3.6729440202559167
8962,ENST00000249014.4,ENSG00000128283.6,CDC42EP1,37560447,37569405,28.414411082639344,2181,3509.79,1535.49,9.85657,GATCCAGCCCGCGGAGCCCGCGGCCAGGGCGGCGCAGACCGGCCCAGCGACTCTCCCGGGCTGCCAGCCGGGACGCGCGGCCGCCGCCGCTGCAGACGACGAGTCCGCCCTCGTCCCGCGCCCCCGGGGCTCGCGGAGCCAGGTCTCCACCTCTGGGCAGGAGAGTTGCCGACCACCTCGGGGGTGCTTTCTCTGCGCTTGAACATCTATAGCTGCTTCTGAGGGGCTGGGAGCCGGGCCCCTGGGAGAGACGAGCCATGAACCCCCCACAGCCTCTGCATTTGGGGACCTCACCTTAGGAGAGTGCCATTTACAGCTTCCGCCAGGGCAAAGGAGCTGAGCAGCCATCCCAAGCCCAGCCCACCTCCCTCCCCCGGCCCCTGGTAGGCATGGACTAGCAGCTGTGAGCAGCCAGAGCTG,2.8827889501763133,1.5274652205722243
8963,ENST00000215904.6,ENSG00000241360.1,PDXP,37634654,37666934,30.279473736893173,2010,2956.72,555.26,4.23105,GCGCGCCGTGCCCGCGGAGAGAGCGCGGCGCGGGAGGCCGGCGGCCGGCCGGCTGC,7.156491588823855,2.8392524914143316
8964,ENST00000215909.9,ENSG00000100097.11,LGALS1,37675608,37679806,9.521040188854933,560,421.514,103.46,5.52999,TTAAAAGGGTGGGAGCGTCCGGGGGCCCATCTCTCTCGGGTGGAGTCTTCTGACAGCTGGTGCGCCTGCCCGGGAACATCCTCCTGGACTCAATC,1.7217101999922122,0.7838423272765498
8965,ENST00000340857.3,ENSG00000189060.5,H1F0,37805093,37807436,91.76478448013086,2344,2886.83,1490.0,11.6286,CGGATTTGCTCGGCGGAAGAAACACAGATGGCGGCGGCGCAGCGCCATTCCGGGCCGGGAGCAGGCAGCCAGCAGCCCTGTCCTCACCGCGGTCCGCCCGCCGCCGCTAAATACCCGGATGCGCCGCCCAAGCGCCAGACGCGGAGCTGGGAAAAGGGAGGCAGAGGAGGCGGAGGCAGAGGCAGAGGCAGAGGCAGAGCCCGAGCCCGGTGCCGAGACCAAGCGACAGACCGGCGGGGCTGGGCCTCGCAAAGCCGGCTCGGCGAGCTCTCCCGACACCCGAGCCGGGGAGGAAAAGCAGCGACTCCTCGCTCGCATCCCCGGGAGCCGCACTCCAGACTGGCCCGGTAGTCAGGGGCTCAGGAGCAGATCCCGAGGCAGGCTTTGCTCAGCCTCCGACGAGGGCTGGCCCTTTGGAAGGCGCCTTCAACAGCCGGACCAGACAGGCCACC,7.891301143743086,2.980263196165412
8966,ENST00000248924.10,ENSG00000100116.16,GCAT,37807905,37817176,10.234089431644346,1497,1941.51,130.179,1.51065,GTCCGCGATGCGCACGGCTCCCAGGCAGGCAGGCGCGCTCGGGCGAGGTAGGAGCG,6.774626440038623,2.760141396951801
8967,ENST00000215957.10,ENSG00000100139.13,MICALL1,37905657,37942822,14.10308337821275,4710,7085.11,1693.97,5.38668,GCCTGCCGGTCGGCGCCCGAGCTCGGAGCCGCAGCCGCAGCCGGAAACCGGGCCCGCGCGGCGGCCGCCGTCCCGGCCAAGCCGGGGCCCCGAAGCCAGAGCCGGAGCCGGGCGGGCCGCGGGGTC,2.618140186202401,1.3885423472924587
8968,ENST00000442738.6,ENSG00000100142.14,POLR2F,37948352,38041915,127.74378634455265,2106,3051.22,350.451,2.58771,AGTGATTTCCTCTGGGTTACGGCGCAGGCGCAAGATAAGCTAGGAGCCGCGCGAGTCGTAGTGTCGCTGTTTGCGGGTCTCCGCGCGGGACCGGGGCGCAGCGGGGTCGCTGAGGCGAGGGTGTC,49.365572782325934,5.625433361570975
8969,ENST00000216014.8,ENSG00000100196.10,KDELR3,38468062,38483447,18.643020656076523,1728,1478.07,385.046,5.86919,CCGGCCAAGAGTGCGTGGGCGGCGGCGCGCGGGTGCGATCGCGGAGCTGTGAGGCGCAGGCAGGGCTCTGGGGCACCTAGAGACCGGGGCCGGAGACGTGGCAGCCGCCCTGCCCGCCAGAAAGTTTCCTAGAAGTTTGCTGGGCGCGGGCGCACGACTGACTGGCTGGACC,3.1764213896766886,1.6674023156515483
8971,ENST00000216034.5,ENSG00000100216.5,TOMM22,38681948,38685421,158.43744873787898,2040,2198.96,1329.02,13.6169,CTCCTTTCCGCTTCCGGTGTCCCCTACAGTC,11.635353769057494,3.5404431709598723
8972,ENST00000216044.9,ENSG00000100226.15,GTPBP1,38705723,38738990,36.32999333588349,5126,7430.71,1473.61,4.46799,TTGGGATTTGGGCCTCATTAATTATTCATTAGGTACTTGAAAGCTCTGCAGGGATTGGTGGCTGAGAGGCCTAGTCGACTGTTTCTTAGCTAGAGGTACGTGTCACCCAGTACGCGGCTGGAGTTTTGCATAAATTATTCCGATAAGGAGCGGGGCGGGGCTCTGTGCATAGATTAGTCAAATGAGCCTGGGAGGGAGGGAAGCCGGCTACGAATTAGCCTAAGTTATTAAAG,8.131171586302452,3.023463239135821
8973,ENST00000361441.4,ENSG00000244509.3,APOBEC3C,39014083,39033276,79.78348692393196,2818,3402.23,1169.13,7.74215,AGATAAAGACAGAGCAGCCTGTCTTTATCGGAGGTTCCTCTGCCAGTAGGAGGGGCCCGGAGAAAACCAGAAAGAGGGCCAGAGCCAGAGAAACATGAAGCACCCCGGGGCCTCCCACACCAGTGCCTGAGCAGGAATGGGGAGGGGCCATGATTCACAAGGCCCTGGGAGGTCACTTTAAAGAGGGCTGCTCAACTGCAAGGACGCTGTAAGCAGGAAGAGAAGCCACAGCGCTTCAGAAAAGAGTGGGACAGGGACAAGCATATCTAAGAGGCTGAAC,10.305081524373975,3.3652840130925097
8974,ENST00000318801.8,ENSG00000100321.14,SYNGR1,39349925,39385588,34.44177354769405,1361,1641.69,161.107,2.21098,GCGCAGGGGAGGGGGCGGGGGCGCCGCGCACGCGCACGGGCCGGCGGCGCGCGCCGAGCGGGGGGCACCGCGCGGGTGCAGCCACG,15.577605201175064,3.961401554862886
8975,ENST00000216160.10,ENSG00000100324.13,TAB1,39399741,39437060,21.63652693400048,3237,4822.52,573.01,2.67701,CTCTAGCCGCCCCACTCGCTGCTCTGCGGGGAGGCGGGCGCTCCCGCAGGGGTTCCTCCAAG,8.082348192199685,3.014774504990707
8977,ENST00000433117.6,ENSG00000100335.13,MIEF1,39499432,39518132,68.70375477387506,3838,4615.7,264.215,1.28968,GCTCCCTTCAGCCCCTTCGCAGCTCCGTGCGCAAGGTCGTGTCCCGGAAGTGAAGGGGCCATGTTGATGGGTGACCCGGGGAGAGGTACCCGGCCAGAGGCGAGTCCTGCGGAGTGGTAGCGCGCACGGCCTGCGGTGTGACACCCAGCCCCTGCCAGTCCCCCATGGCCCCGTGGAGCCGAGAGGCGGTGCTGAGTCTCTATCGGGCTCTGTTGCGCCAGGGCCGACAGCTTCGCTACACTGATCGAGACTTCTACTTTGCCTCCATCCGCCGTGAATTCCGAAAAAATCAGAAGCTAGAGGACGCTGAGGCCCGGGAGAGGCAGCTGGAGAAGGGCCTGGTCTTTCTCAACGGCAAATTGGGGAGGATCATTTAGGATCCTCCAAGGGAAAGAGGACAAAGGTGCCTTCTGTAGACACTCCTGCTCTCTTCCATCCCCATCTTACAGATGTATTAAGAAGCCTCAGATGAGCA,53.271939375562205,5.7353038983427576
8980,ENST00000335727.13,ENSG00000100354.20,TNRC6B,40044817,40335808,5.697450813069674,17933,19588.6,1416.94,1.62971,GAGAGAGCAAGAGGGAGAGTGTGTGAGAGAGAGTTAGTTCAAGCCAAAATGGCCGACAGAGTCTCTGCTGGTTTCTGAATATTTAAAATACAAAAAAACAGATAGACAAAAAGAATTCATTTTTTGGACCTTTTTTCATTTCCATTTCTACCTTGTATGCCTCAATTTGCTGGATTTAAGCACTGCTGCACTTT,3.4959905830299096,1.8057012987302885
8981,ENST00000623063.3,ENSG00000239900.12,ADSL,40346500,40410289,159.14057400296514,4359,4048.12,354.975,1.97564,AGGTTTCCGCTTCCGCTCTTCCCTGGTCCAGTCCACCCTGGCGGGGTCGCAGGGTTGGG,80.55140309113256,6.331837813738376
8983,ENST00000457767.5,ENSG00000100359.20,SGSM3,40346500,40410289,35.65409824906688,1086,1292.92,107.189,1.86784,GCCACGCGTGCGCTTAGGCGCCGCTGAGCGCTGACTGGGTGCGAGTGGGGAAGCTGCTAACCCGACCCGGATTGGCGCTGAGGTGGCCCGTGGGGCAGGGCAGATGATTCTGGACCAGATGAAGCCTGAGGAGCCTTCCAGCTCTAAGATAGCAGGATAGGAGACTTCTAAGATTGGAGCTGCAGAAGACTTGCCAGCCCACCAGCACAATGTCAGAAGGAAGAGTCAGCAGAGCAACCAGAGTTCTACTACGATGAGTTTGGTTTCCGTGTGTACAAGGAAGAAGGTGATGAGCCTGGCTCCAGTCTGCTGGCGAACTCCCCTCTG,19.088411346296727,4.254625132768476
8985,ENST00000357137.8,ENSG00000196236.12,XPNPEP3,40857077,40932815,24.978641517147103,7988,8420.99,539.522,1.44347,GGTTTCCTGGCGACGCGGCCCTGCAGGCGGTTGCGTTCCCCGTCGTTACCCTCTTTCTCTTCCCGACGCGTGAGTTAGGCCGTA,17.304579601340592,4.1130819878828735
8986,ENST00000216225.8,ENSG00000100387.8,RBX1,40951347,40973309,706.5655564005837,1188,1086.82,753.904,15.6286,GCAGGCGCGGTGGTCGGACGACAGACCGTGTGTTTCCAAA,45.20977927649205,5.498562969025396
8987,ENST00000263253.8,ENSG00000100393.11,EP300,41091786,41180079,21.10048968458919,9587,11979.8,3999.99,7.52264,CTTGTTTGTGTGCTAGGCTGGGGGGGAGAGAGGGCGAGAGAGAGCGGGCGAGAGTGGGCAAGCAGGACGCCGGGCTGAGTGCTAACTGCGGGAGCCAGAGAGTGCGGAGGGGAGTCGGGTCGGAGAGAGGCGGCAGGGGCCGAGACAGTGGCAGGGGGCCCGGGGCGCACGGGCTGAGGCGACCCCCAGCCCCCTCCCGTCCGCACACACCCCCACCGCGGTCCAGCAGCCGGGCCGGCGTCGACGCCTAGGGGGGACCATTACATAACCCCGCGCCCCGCGGCGTCTTCTCCCGCCGCCGCGGGCGGCCCCGAACGGAGCCCCGGGGGGCGGGCGCTCCCAGCACCTGGCCGCCGGCGGTGGGGGCCGTAGCAGCGGCCGTATTTATTTATTTTCCGCGGGAAAGGAAGGCGAAGGAGGGGAGCGCGGCGCGAGGAGGGGCCGCCTGCGCCGCCGCCGGAGCGGGGCCTCCTCGGTGGGCTCCGCGTCGGCGCGGGCGTGCGGGCGGCGCTGCTCGGCCCGGCCCCCTCGGCCCTCTGGTCCGGCCAGCTCCGCTCCCGGCGTCCTTGCCGCGCCTCCGCCGGCCGCCGCGCGATGTGAGGCGGCGGCGCCAGCCTGGCTCTCGGCTCGGGCGAGTTCTCTGCGGCCATTAGGGGCCGGTGCGGCGGCGGCGGCGCGGAGCGCGGCGGCAGGAGGAGGGTTCGGAGGGTGGGGGCGCAGGCCCGGGAGGGGGCACCGGGAGGAGGTGAGTGTCTCTTGTCGCCTCCTCCTCTCCCCCCTTTTCGCCCCCGCCTCCTTGTGGCGATGAGAAGGAGGAGGACAGCGCCGAGGAGGAAGAGGTTGATGGCGGCGGCGGAGCTCCGAGAGACCTCGGCTGGGCAGGGGCCGGCCGTGGCGGGCCGGGGACTGCGCCTCTAGAGCCGCGAGTTCTCGGGAATTCGCCGCAGCGGACGCGCTCGGCGAATTTGTGCTCTTGTGCCCTCCTCCGGGCTTGGGCCCAGGCCCGGCCCCTCGCACTTGCCCTTACCTTTTCTATCGAGTCCGCATCCCTCTCCAGCCACTGCGACCCGGCGAAGAGAAAAAGGAACTTCCCCCACCCCCTCGGGTGCCGTCGGAGCCCCCCAGCCCACCCCTGGGTGCGGCGCGGGGACCCCGGGCCGAAGAAGAGATTTCCTGAGGATTCTGGTTTTCCTCGCTTGTATCTCCGAAAGAATTAAAA,2.804931471476661,1.4879655241429854
8988,ENST00000216237.9,ENSG00000100395.14,L3MBTL2,41205205,41231271,24.091546482909852,3296,4318.29,834.622,4.35451,GAATGGCGGGAGCAGGCACGGAACCGGCTTTTCCTCCTTCCTGCAGCGTGATTGGCCCGCGGCTCAGGGAGGCGACCAATGAGTGCTCTCGCGGAGAGCGACGGGGCAGGCCAATATGGCTTCCTGCACCTGGTGACGCTTGGCGAAACTGAGGTCTC,5.532550501183795,2.467944715023105
8989,ENST00000352645.4,ENSG00000100403.11,ZC3H7B,41301522,41360147,19.05449698624473,5909,9234.72,2341.64,5.71292,AGGGAGACAGTGCCTCCAGCGGGTGCTGCCGCGAGCGGCCAGCCGAGGGGCTGGAAATGAAAGTAAAGCGCTCCAGAGCCACATGGACGGAGCTGCCGGGGCGGCGGCGCCGGGAGCAGGATGCGGCCGCCCGTAATTAAATAGCATTTACTCTTATTATTACTAATAATAATAACGTAATCATACCTCTAGTCATAGCATACCATTTATCGGGCTCGGCGCAGGCCCGCGGGGAGCGCAGCCCGGCGGAGAGACTG,3.335334117446897,1.7378312907769442
8990,ENST00000216254.8,ENSG00000100412.15,ACO2,41469125,41528989,46.7735107548609,2741,3377.7,1517.09,10.1194,CTCATCTTTGTCAGTGCACAAA,4.622162455764265,2.2085679672929155
8991,ENST00000360079.7,ENSG00000196419.12,XRCC6,41621119,41664048,248.88144446852775,2296,2455.78,10845.4,99.4984,GTAGGAAGGGGCGGGGCTTTGCCGAAGGGGGCGGGGCTCTCGCTGATGGGTTGGCTTTCGTCAGGGACATAGGTAGAAGCTGGTTGGGGAGTGTGCGTGCCAGCCTGACGCGATATAGTGCGCACATGCGTGATGACGTAGAGGGCGTTGATTGGGACCGAGTACAGGGCCCGCGCATGCGTGGATTGTCGTCTTCTGTCCAAGTTGGTCGCTTCCCTGCGCCAAAGTGAGCAGTAGCCAAC,2.501361272829792,1.3227134417168358
8992,ENST00000255784.5,ENSG00000100147.13,CCDC134,41800679,41826299,31.505951174354173,1270,1533.93,163.0,2.39411,AGTTGCTTTGCTGTTAGCCTGTTGGACCTTCGAGCCTAGCTGCTCGCACAGGACTCGGCCACCTGCCCTTCCTGCACCGACTGGCCAGCTCAAGAGGTTTGGAT,13.159775939432263,3.718063020600199
8993,ENST00000361204.8,ENSG00000198911.11,SREBF2,41833079,41907308,39.68825721645933,5240,7531.77,2543.65,7.6089,CTTTCTGTGCGGCGCCCGGGCGCAACGCAAACATGGCGGCGGGTGGCACCCGTCGGTGAGGCGGTGCCGGGCGGGGGTTGTCGGGTGTCATGGGCGGTGGCGACGGCACCGCCCCCGCGTCTCCCTGAGCGGGACGGCAGGGGGGGCTTCTGCGCTGAGCCGGGCG,5.216030860762965,2.3829524053316398
8994,ENST00000396425.7,ENSG00000100167.19,SEPT3,41976272,41998221,7.921068231690592,4649,6003.43,1034.71,3.88312,TGGGAGGAGAGCGCGAAGGGGCGAGGCCCGTTTGCAGGGGCCGCTCGGCCCGGGGAAGCCCGCGCCCCGCTCAGCCTTGCAGCCCCGCGCCCGGAGCATCTCCCTGGAGGAACGGAGACAAAGGAGGATTC,2.039872121307246,1.0284787131092472
8995,ENST00000331479.3,ENSG00000183172.8,SMDT1,42079691,42084284,127.39565983342295,1567,1434.86,278.64,4.37517,GCTTTCTTCCCGAGGGCGGCACGAGGGCTGGGCGGTGGGGTGCGGGTGCCCGGGTGAGGGGCGGAGCTGGGGGC,29.117876524437442,4.863833243028107
8996,ENST00000350028.4,ENSG00000100347.14,SAMM50,43923739,44172949,123.83825082924648,1717,1406.34,1179.25,18.8921,CGGGGAATCATGGCCGCCCCCAGTGTTCCGCGTCCGGGGGTTTGTGGGAGTTGCCTTGACCTGCAGCTCCGCCACCGCGGACCCGCCTTCTGCCCTCAGCAGCAGACGCTCTGTCCCGCCCGGGCAGCTCTGCGAGGCAGCGGCTGGAGAGGGAACC,6.555028336142963,2.7126020169572618
8997,ENST00000347635.8,ENSG00000093000.18,NUP50,45163841,45188015,80.93556255594466,5233,4986.29,2264.79,10.2332,AGCCCCGCGCCGGTTTCCAGGGAGCTGGGCGCATGCGCCGCGTAAGGGGCCCGGCCGGCGGAAGGAGGTGCTACTGCCGGAAGCGCCGGCGCGCTTGCGCAGTAGCTGAACGCGGGCGTTTCTTTCCTCCCTTTTTTTCGAATTGGTTTTGGGGGTAGATTCGAGTTACAAAATGGCCGCCCGGAGCGTGTTCGGCGCGGTTCCCCCAGCTGTCTCTGGCTGAACCGGCGCTCTCGCCTCCCTGCCGAACACAGCGTGAGGAGCCCCCCCAGGGATATGGTGTTTGAGTCTCTGGGCTTGCCGAGCACTAAGTCCTCTGAGTTCCGCAGCGCAGCACCGGAAGCGGCCGAGCGCGCTCAGCCCGGCGACCCCTGCGGGCTCCAGACCCCTGCGCCGCTGCGCCCCGGGTTTCGCCGCAACCAAGACCCAGCGAGTGCAGCGGCGGCCGCCGAGGAGGTTCGAAAAC,7.909115677983881,2.983516395291134
8999,ENST00000216214.7,ENSG00000100376.11,FAM118A,45308968,45341955,18.324488638607885,3458,4176.52,209.661,1.131,AAAAGACTTCAGTGGCAGACAAAGGAGGAGTAATAAGATCGCTAGGGGGCCCGTGCCCAGCCCACCCACGCACAATCTCAGTCCTCGCAATACCCACAAGGTAGGTGCTAGGATCACACCCTTTACGGACGCGGCACCTGCGACAGGGATGCGCGAGGAGTCAGGGGGCCTCGCCGGATCGAACCTAAGCTGGGGAAGAGTATTTCTTGTATTTTTAGGAGAAATTCTCAGCCTCGGGGAAGAGTATTTCTTGATGAGGGAAGAGCGCGGGGAAGACACTCACGCACGCACAAACATGTGGGCGGCCATGGTGTGCCCAGCGCCGTGCTGGCTTCTGGGAACCCCCAGTGGACAAGACGGACAAGGTACCGGCTCTCAGGGGAAGTGGGAGCCAGTCACAAGCGTACCTAATTTCGGAGAGTGACAAGTACTCTGAAAAAGAAAGAAGGTAGGGCTGGTGACTGGCCAATTTAAGCGGGCAGGAGTCTGCTGGGGGACGGAGACCAGCCTCAGGTCTGGGTTGGGGACAGAAGCTGTGCCTAAGTGTGGTGCAGGATGCAGTTGCAAAGGAGCGCTTCCGATCGCACTTGATGCTCGCCACGTCCCTGCAAAGTGCTCCCGCCCCCTTTCTGCAAATGAGGAAACGGGACGCGCGGCTCGCCGGGCCAGCCCGCGTGCCTGCGCAGTCCCCTCCCCGAGAACCATCCCCTTGCCCCGCCCAGCGTCAGGGGTGCGCGGCCGCCGAGAGACCCCGGAGGCGTAGCCGGCTGCGGAGGCGAAGAGGTGGCAGCGCGAGCTGGGACCAGCGTCTCGGAGGCGCCGCAGAATTCACAG,16.202023553145786,4.018102104773393
9000,ENST00000262722.11,ENSG00000077942.18,FBLN1,45502238,45601135,11.2638319415762,2251,2874.07,269.359,2.11152,GTTGGCTGCCGAGGCTCGGCCGGAGCGTGGAGCCCGCGCCGCTGCCCCAGGACCGCGCCCGCGCCTTTGTCCGCCGCCGCCCACCGCCCGTCGCCCGCCGCCC,5.334466138883932,2.4153438966685847
9001,ENST00000252934.9,ENSG00000130638.15,ATXN10,45657019,45845307,187.42745666019965,3329,2908.6,1263.87,9.78991,GGCGGGACTTCCGCCGGCGCCCCCTCCCCCGCGGCGCCGTCTCCTCCTCCCGCCTGAGGCGAGTCTGGGCTCAGCCTAGAGCTCTCCGGCGGCGGCGCAGCTTCAGGGCAGCGCGGGCTGCAGCGGCGGCGGCGGTTAGGGCTGTGTAGGGCGAGGCCTCCCCCTTCCTCCTCGCCATCCTACTCCTCCCTCCTCGTCATCCTCCCCCTTCGTCCTCCTCGCCTTCCTCCTCCTCGTCAGGCTCGACCCAGCTGTGAGCGGCAAG,19.144962176383608,4.25889290482745
9002,ENST00000381031.7,ENSG00000075234.16,TTC38,46267961,46294008,26.320479160870963,2610,3442.78,345.769,2.26276,TTTCCGCGACCGCCCCGCCCACTCCCAGGAAGGCCCGGGTGCCCAGAGCTCGCGGTGGACTCCGACCCGGCGCAAC,11.632024236273827,3.540030275233748
9003,ENST00000454366.1,ENSG00000075218.18,GTSE1,46296741,46330810,40.66973219517988,3112,3974.78,1454.64,8.24525,ATTCGCTGCGCTGAAGCAGTGCGCATGCGCACTGGACGCTTCTTACCAGCGTCCTGACTACAATACCCAGGACGCACCCAGCCCGCCGCCTCTCGGAGCCCTTTTCAAACCGACCAATCGGCAACCCGCGTCTCCCGGCGCCGCGTTTAAATCCGTGCCGGAGGCGCGTCCTGCATCGTCTGCCGCTTTGGTGACTTCTGACAGCTCTCTCC,4.932504435302736,2.302320348219262
9005,ENST00000381019.3,ENSG00000100416.12,TRMU,46330875,46357340,10.457176783511578,1381,1420.06,130.712,2.07383,CGAAGTTGGGCGACTGGCGG,5.04244647994849,2.3341238662903603
9006,ENST00000216268.5,ENSG00000100426.6,ZBED4,49853842,49890078,16.152874637888104,6893,8258.2,1282.0,3.49756,GCGCAGCGTCCGGCGGCGTCGCGGGCGGCGGGCGGCGGGGCCGCGGGAGGGGCGCGGGGGCAGACAAAGCCGCGGTAATGAATGGAGCGTCCGCCCGCGCCGCCGTCGTCCGCAGCCGGCCGGGAGCCGCCCCAGAGGCCGGGCCGAGGTAATGCACAAGGGTCACGTGTATGCTCTCAAGATGATCAGGCAGATCCTGTCCTCAGGACCAGAAGCACGTCTCTGCTGCACACATTGTTGTCTACACCATGAGTGTTTAGTAGCAGGACTCTTGGAAAGCAGTGATCTATGCTGTAAGACCATGAGTCACAGATTCTTTTTTTCAGTACTATTTATGATTAGCCATATTTCTAGAAACATCCTGAAAGATGGAATTATGACGAAAAAGTGAAGATAATCTACATTCGGGGGCACAAATGAGCACTTGGATCAGTGTTTTATGAACCTAAGATACAGCCGGAGTAGTTATGGTCAGTC,4.6183266728485295,2.207370224352842
9007,ENST00000328268.8,ENSG00000184164.14,CRELD2,49918167,49927540,36.22224398582525,1357,1646.6,176.063,2.40904,GCGGCCGGGAGGCCGGAGCAGCACGGCCGCAGGACCTGGAGCTCCGGCTGCGTCTTCCCGCAGCGCTACCCGCC,15.035966188118607,3.9103456711478586
9008,ENST00000360612.4,ENSG00000198355.4,PIM3,49960513,49964080,69.38134991835095,2369,3402.0,1238.57,8.20251,AGCGGACCGACGCGACACGCCGTGCGCCTCCGCGGCTGCGCTACGAAAACGAGTCCCGGAGCGGCCCCGCGCCCGCCGCACCCGGCCCTCGCCCGCCCGAAGACAGGCGCCAAGCTGCCCCGCCGTCTCCCCAGCTAGCGCCCGGCCGCCGCCGCCTCGCGGGCCCCGGGCGGAAGGGGGCGGGGTCCCGATTCGCCCCGCCCCCGCGGAGGGATACGCGGCGCCGCGGCCCAAAACCCCCGGGCGAGGCGGCCGGGGCGGGTGAGGCGCTCCGCCTGCTGCGCGTCTACGCGGTCCCCGCGGGCCTTCCGGGCCCACTGCGCCGCGCGGACCGCCTCGGGCTCGGACGGCCGGTGTCCCCGGCGCGCCGCTCGCCCGGATCGGCCGCGGCTTCGGCGCCTGGGGCTCGGGGCTCCGGGGAGGCCGTCGCCCGCG,8.458551092086562,3.080410557992627
9009,ENST00000380903.6,ENSG00000073169.13,SELO,50200979,50217616,15.164941418904132,2315,3044.64,186.352,1.37899,GCGCGGGGCGGGGCTTCCGGGCGGGGCAGGCTGGCTTCCGGCGGGAGCGGGGCCGCGG,10.997136613684024,3.4590560249103417
9010,ENST00000612753.4,ENSG00000100239.15,PPP6R2,50343304,50445090,7.17632154205926,4104,5543.98,696.408,2.83012,GTGCGCCGCCGCCGCCATTTTGGAGCGATCGGAGTGCCGCCCGCGGCCCCGAGTCGGTCTCGAGCCGCCGGCCGGCCGTGCCGGTGTCCGTAGGCGCTGCGCCCTCGGCCGGGCCCATGTGTGTGCGGCCCGCCCGAGGCCGCCCGGGCTTTGCCTCCACCAGCGCCCTGGCCTCCGCTCGGGCCTCCACACGGGCCTCCGAAGAGCTGCCGCGACGCCCGGCCCGCAGGGCAGGTAAAGAGATTATAAATCTTCCACTGAATGAAAAAAATTTTCTTAAAGCTGCATATACTCCAAGAAAAAAACCACAAATGTTTTTCTGTTTTGCCTGAATACATGATTTAAACAAGAGATTTCCACAGAAGCTCTGCGGCCGTCACG,2.535695144396443,1.3423813069501822
9011,ENST00000420993.6,ENSG00000025770.18,NCAPH2,50508216,50523472,38.316239067600655,2037,2892.17,659.361,5.13644,GCGCCTACGCATTTTCCTGGGCGGGAACAGCAAAATGGCGCCAGAACTAGTGGCGGGCTGAGGACGCCGTACCCCTCGGAAGGCAGCCCTGCGGTCCCTTTGCCGCCCGTTCCCTCCCGGAC,7.4596878514303,2.899115262569592
9012,ENST00000329492.5,ENSG00000008735.13,MAPK8IP2,50600685,50613981,34.78807310733815,3381,5216.97,489.057,2.11204,GGAGTCCGGGCGAGGTGCGCGGGGCGGACGCCGCAGGGCGTGTCACGAGGTGAGCGGGGCGGGCCGAGCGCCGGCGCGGGGCGCGGCGAGGCTCCCGCACCCCCCGCCGCAGTCGCGGGCCTCTCCCGGAGAAG,16.47131356761148,4.041883707748343
9013,ENST00000336737.8,ENSG00000069998.12,CECR5,17137511,17165287,43.1445612690708,1799,2455.05,495.208,4.54453,GTGCACGTGCGCACGGCGACGGCCGG,9.493734504793851,3.2469757049208106
9014,ENST00000253413.9,ENSG00000131100.12,ATP6V1E1,17592136,17628818,73.2886849093231,1402,1205.39,1567.67,29.3013,TCCCATTGGCTGAGAAGGGTCATGAGGATGAACTGTGCAGTCACCTGGCAGGAACCGGAACCCGCGGTTATAAAGTAAAGGAACCCGAGATCTGCGCAGGGGTTCCCTTTGCCGATTTCTCTCACCTCACCTTTCAAACCTAAACTCGAGCCTACTGTTCACCGGCCTAGCATTGCTCTCGCC,2.501209328914522,1.3226258032802913
9015,ENST00000441493.6,ENSG00000243156.7,MICAL3,17787649,18024559,6.449890590279274,9445,13679.5,711.865,1.17244,CAGCGCGCGCTCCTGCAGCCCCGGCGGAGTCCCGGCGGGGAGCGCCCGCGTAGGCAGGCACCCGGGGCAGCCCTCCGTCCTCGCCGCGCGGCCTGAGAACCCCTGGGCCCTGGGCGAGGGGGCTGGGCTGTGCAGCCCCCGAGGCTAACTGGGCGGGATCGCAGCTGCAGGGGTTGTGCGAGCAGCCACGGCGGCACCTGTGCCCTGCGGGCACCCACCCTGCCCCTGCCGAGGCAGGCGCCCACCGCCGGCGGTGATGCGGCTGTGAAGCCCTAGTCGATTAACGTGACAGTGTCAGGTGGACCCACAGCCATCCCACCTCCCCCTCTGGGGAGTGCTGAGAGTGAGGCAGC,5.50125429896564,2.459760594017047
9016,ENST00000263196.11,ENSG00000070413.19,DGCR2,19036282,19122454,33.94120709655798,4480,6561.38,964.076,3.31038,GGGGCGGGGCGGCGCGGCGCGGAGCCGAGCAGGACGGCCGCCATCTTGCGCGCAGCTGGAGTCGGTGCCTGAGGTTGCAGCCGAGAGTGTGCGCCAGCCCGCGGCCCAGCCGAAGCTCTTTCCCGCCGCCTCTCCGCGCCTCGCCCAGGTTCAGCTCCGCCTGACCCTCCGCTTGGCACGGTCCCCTGACCCTCAGTCCGGCCTGGTCCGGCCTTCCAGCCGCCCCGGGGACGATGAACGGAGGATAA,10.252964039342306,3.3579691350272993
9017,ENST00000215882.9,ENSG00000100075.9,SLC25A1,19175575,19178830,179.40062718709336,1648,2282.94,1942.55,19.1708,GGGGCCTGGCTCGGACCACGCGGGGCGGGACCTGGAGCTGACGCGGCCGCCCCGCCCCTGGGACCATAACCGGCCGCCGCCGCCACCGCGGACCGAGCGCGGAGTTCTGGAGTCTCGGACCCGAAGCCGCCACAGGGCGCCCCGCCTCCCGCCCGCC,9.358014646602822,3.226202486719673
9018,ENST00000263208.5,ENSG00000100084.14,HIRA,19330698,19448232,14.59983306571288,4053,4989.84,1297.62,5.85897,GTTGCCCGGGAGCCGCCTGAGGAGGAGCGGCGCAGGGGATGCGGCTGTGGTGGCGGCGGCGGCGGCCGAGCGCGGGTGGCGGCTGTGGCGGCGGAGGGGGGCGCGGGCCGGCGATGGCGCGGCGGCCCTGAGGGCGCGGGGCGGGCGGCGGCCGGAGGGCGGGTGGCGCGGGAGGAAGCGGCGGCGGTGGCTCCATGGCCCGGGCGCGCTGAGGGACCCGGCGCTCGCCTCAGCCCGGCGGCGGCGGCGGCCGAACA,2.4918770817588896,1.3172329054764698
9019,ENST00000399562.8,ENSG00000242259.8,C22orf39,19330698,19448232,14.30273536628824,3350,4057.49,416.801,2.31437,ATATGTCATGCCCAACCAATCTCAGTTACTTTGCGAGTTCACCTCCATCCTGAGTGGACGCTCAAGCAAGACTGCTGGAGCTGCAGATCTGGGAGGTTCGCTGCACCACCTTGATGCTCAGTATGTACTTTTGAAAATATACCGGATTGTTGAGATTTGAGAAAATCTCATAAAGCTGCTGAAAAGAACTGGCCAGAGCCGTGTGATTTGAGAGGCGGCTGACGTAAGGTAGCTGCGCGGCCCAGGATGCCCGCCTGGCCCGGGGTGAATGGCGCTGTCGTCGCGGTGGTCGCGTAGGCTTCGCGCCAGGTCTCGCCCCGGATTTACCCTGCGACCCCGGCCCTCCGCGCGCGCCGCAGCCGCCCTCGGTTGCTATTGGTTGCTCGTCCTGTTTGTCGGCGCTTCTCGAAGAAGGGGGCGAAGACGTGATTGA,6.179969221122051,2.6275996529119867
9021,ENST00000263202.14,ENSG00000070010.18,UFD1L,19449910,19479215,124.08370478173758,1814,1751.7,354.752,4.56276,ACTTCCGGTGAGCCTCTGGGGCGTACCGGCTTGGCGCGGCGGCAGCGGCAGCGGCGGCTGGGAGAGCGGTCGGCGGGGTTTCTTCGTTGCATTGCCTGAGAGGAGCGGAGTCTGCCAGGTGGTGTCCATC,27.194878709758477,4.76526308622763
9022,ENST00000407472.5,ENSG00000215012.8,C22orf29,19783224,19854939,19.13970050409985,6523,9064.15,535.317,1.33059,GTGGCTGCGCGATGTAATCGGTCTCTGGACGCTGCGCGGCGCTCCTAGGAGCAGGCGTTCCCGACTCCGGCAAGAGGGTGGCGCCTGGACTCTCGCCCTCAGAGGGAGGCCCGTCCCACGGTCTGTGGCTACGGATCCCAGGACCCTCTTCGCGGGCGATTCGCGTAGCCTCAGATTGCCTCGGATGATGGCCTGCGACTGACAGTCTCTCAGCTCTTCTCAGCTCTCCTGAGGCTGCAGCTGTCAGCTCCCTGATCCTCAGCACTTGCCTGGACCAGTGCGGGTCTGCCACGCCCTGTTCAGCCATCCCTGTCCTGTTGTGTCGTGCAAGCCACATCTGTCCACACCCCCACCACCCACCAGTGCTGGCTCTCCTCTCTTCTCCCCTGTGCTCCCAGC,14.384371221863873,3.846430253404595
9024,ENST00000252136.11,ENSG00000099899.14,TRMT2A,20110821,20117392,35.287557773273804,2964,4586.63,754.459,3.70599,CTAGAGCTGGCTAAAGTGGTTGGGGGTTGGATCCGGCGCGTGACGATGACGTTGCCAGAAGCCAGGATCATAGAGACGCTCGGCCTCCGCCGCACGCGCTGGCGGACTAAGAGTGGCTGGCGAAGCGAGCGGCCGGCGCGGGCCCCTGGCGGGCGGGCGGTACAGCCCCAAGCCTGAGACCCGGACCTGAGCATCGCAGGTTCGAGTCCCGCCCCGCCTGGGGCGAAGCCGGGGGTGGCGGCGACCTCGCGGCGTTGCACCGGCTCTGTGAGCACCTCCCCTCTGAGCACTTCCCTTGTGACAGGCCACTTCCCTTGTGACAGGCCCAGGACGAGGTGGCCAGGCGGCCCCCATGGCGTCCCTGGTCTAGGCGGAGAACCGCCTGGGCG,9.521762814598477,3.2512286920674907
9025,ENST00000248879.7,ENSG00000128185.9,DGCR6L,20314276,20320080,9.4733148446506,1154,1502.76,662.052,9.92579,AATCGTAAAAGGGGCGGGACGCGCCGCGCTCGGGATGTCGTGAAGCTGGGGGAGCTCGTCGCCGCCGCCGGCGGCTAGCGGGCGTCCGCGCC,0.954414192185267,-0.06731259874957837
9026,ENST00000328879.8,ENSG00000099910.16,KLHL22,20424815,20495883,13.17364492213195,2616,3726.14,256.157,1.54885,ACGTGACGGCCCAGGCCCCCGCCCCGCCGGCTCCTCTCGCCCAGCCTCCCGCCTCGCGCCTCCCGCCTCCCGCCTCCCGCCTCCCTCCAGCTGCGAGTGCGGCCTCGGCTGGCGGCGGCACCAGGCCACAGTTGTAAGGGATCTTGTGGCTGTCAGG,8.505436241167285,3.088385233164202
9027,ENST00000255882.10,ENSG00000241973.10,PI4KA,20707691,20859417,17.838396281790175,6752,8523.87,2340.34,6.18591,CGGATGCACCTACGCCTGCGCCCTGAGGTCGGGCGCTCGCGGGCCAGGAGCGGGGAGCCGGCGGGCAGCGCCGCGGCTCGTGAGGTG,2.883714163605706,1.5279281704090546
9028,ENST00000399133.2,ENSG00000184436.11,THAP7,20999104,21002196,12.0223216580626,1144,1444.25,296.344,4.62293,CCCGCCCCGCCCCGGTGGCGGGGGCACCTCCGGCTCTCCAGTCTCTATGGTACCAACTTCCGGCGCGCGCTACCCCTCGCGAGACTTCGGCGGCGCAGCAATGGCCAGAGC,2.600584836470074,1.3788361024056695
9030,ENST00000415762.6,ENSG00000161179.13,YDJC,21628089,21630064,43.98903591718236,1410,1956.01,278.63,3.20936,GGCTGTCCGGCCCACTCCCCTGGGAGCGCGAGCGGTGGACCCAGGCGGCC,13.706482263498753,3.7767864492141356
9031,ENST00000215832.10,ENSG00000100030.14,MAPK1,21754500,21867680,145.3213544923454,11022,12759.5,2327.79,4.11029,AGGCAATCGGTCCGAGTGGCTGTCGGCTCTTCAGCTCTCCCGCTCGGCGTCTTCCTTCCTCCTCCCGGTCAGCGTCGGCGGCTGCACCGGCGGCGGCGCAGTCCCTGCGGGAGGGGCGACAAGAGCTGAGCGGCGGCCGCCGAGCGTCGAGCTCAGCGCGGCGGAGGCGGCGGCGGCCCGGCAGCCAAC,35.35549912350355,5.143862721271144
9032,ENST00000263212.9,ENSG00000100034.13,PPM1F,21919420,21952837,24.73391444411845,5143,7902.07,1078.66,3.07543,GGACACGGAGCCGCGAGGAGACAGCTGAGGCCCGCGGAGACCAGGGGGTGAAGCCTGGAGACCCTCTTGCCCTGGCCTAGCTGCAGGCCCCCGGGATGCTTTGGGC,8.04242478096346,3.007630537730551
9033,ENST00000357179.9,ENSG00000100038.19,TOP3B,21957025,21982816,6.571728487930516,2863,3723.91,351.128,2.12436,GCCAGAAGCGGCTGGACCCGGAAATAGGGGTTGTCGGTAGCCGCCCCGGGAACAAGGACCGGAGCTGGATCCGCGGTGCGGCTGTGGGAGTCAGCATTGGTAATAGTGCTGTGCTGCGGAAGAGTGGAGTCTAAACTTTTTCATTGCCAGTGCCCCGAAACTGGAGTGTGAAGGACCGAGACAAA,3.0935098043319007,1.62924460632543
9034,ENST00000626650.2,ENSG00000275004.3,ZNF280B,22484421,22509154,19.868714496814043,5721,5673.88,266.533,1.05836,ATCCCCTGATGGACTGGAAGCCTACCCCCCACCCCAAGCCCTGGCTGCGACAGCTCTGGAACCCTGACTGCCTGGGTGCCCCTCAGCTCTGGAACCCTGACTGCCTGGATGCTCCTCAGCTCTGGAACCCTGACTGCTTGGATACCCCCTCAGCTCTGGAACCCTGACTGCCTGGAACCGTGATCCGGAACCCAAGATCCTTTCAAGGCCTCAGGGGTATTGCTGCTGCCCTCCTCCTTCTCAATTTAACCCCGCGTCCAGCCGTCGCCACCAGGGGCGTCAGAGCGCGCGCATGCTCCTAGCTCGGAGCCGCGCCGATCTCGCGCCGGCACCTGGCAGCCAATCGCAGGTCTCCACTGGACGCGCGCGTGTGGAGGCGTGCGCGTCGGCGGCGCCGGGGGCCTGAGGAGGCGTAGTCGCCGCCGGCTGTGCCCCGGGAGCGCCTCCGGGGCTGGTGCGTGGCCGGCAGCTCGCGAACAGCAGCTGATCCGGACTGGATGTGACCTTCTGCCTGGAATAGCTCAAGTTCTTAAAAGTTGCGTTGTAATAAACCTGAGGCTGGGAAGTTCAAGATCAAGATGCTGGACGATTTGGTTCCTTAGTGAAGGCTCTCTTCCTGGCTGGTGGATGACAGCCTTCTTGCTGTGTTCTCACATGACAGAAAGAGGAAGCAAGGTGGCAGTTTATATAAAGGAAGCATTGGGACTTGTGGCCCCACCATTCAGGAATAAAAAAATTAGAAA,18.773115477544543,4.230596186240327
9036,ENST00000398743.6,ENSG00000185686.17,PRAME,22547701,22559361,18.35223858879216,2196,2515.57,148.802,1.33271,GTTTTGCATACAGTCCCTGTTGACTCTAGTGCCCCCTGCTGGCCCCAGACGCGAGTTCCGGCGAGGCTTCAGGGTACAGCTCCCCCGCAGCCAGAAGCCGGGCCTGCAGCGCCTCAGCACCGCTCCGGGACACCCCACCCGCTTCCCAGGCGTGACCTGTCAACAGCAACTTCGCGGTGTGGTGAACTCTCTGAGGAAAAACCATTTTGATTATTACTCTCAGACGTGCGTGGCAACAAGTGACTGAGACCTAGAAATCCAAGCGTTGGAGGTCCTGAGGCCAGCCTAAGTCGCTTCAAA,13.770616704903663,3.7835212656299064
9037,ENST00000406855.7,ENSG00000099958.14,DERL3,23834503,23839128,15.359546259399291,1063,1264.95,61.8855,1.10225,GCGTGCTTGAGAAGGTTCA,13.934721033703145,3.8006122155693727
9039,ENST00000435822.5,ENSG00000138867.16,GUCD1,24540423,24555935,7.656953414400991,3613,5147.12,851.348,3.72653,GCGCGAGGATTGGGCGAGAGGGTGGGGCCACTCAACGCTGAGGCGGCGAATGGCCGGAGCAGACTTAAATCAAGAGGCTGGGGACCTCTAAGATCAAAGTTTGGGGCGGGGCCTAAGGAGGGGGCGGGGCCTCCAGATTCGAGACCTGGAAGGGCTGGGGCGGCGCTTGGGGCGGCCCAGCCGCCGCCTCCCGTTCTCTCCTCCGCAGCGGCGGCGGTGGCGGAGAAGGAACTCGACACGCACCGACCGCCCTCCCGCCCCAGCCGAAGCGGAAGCTGTAGCCCGCTCTGGGCCGGGGCCATGGGCGCCCCGCGCCGCCCGGGTC,2.054714013948899,1.0389376058925357
9040,ENST00000407690.5,ENSG00000100109.16,TFIP11,26491225,26512505,27.33396521700807,3586,4260.19,332.277,1.75725,ACTAACGTCATTTCCGGCGCGCCGGCCACGGTGCTTCCGGGTTCTGGTGTAGGAGCGGCGTCTTCTCGCGCGGATGGTGAAGCTGAATTTGGTACGCTGGACCCTCGGACAGACAGCAAGAGAGAGACAAGCCCGAGGCCTGACTTCTAGCACTCCTGAGTTTGAGCCCTATGAGCAGTGGAACCTAGGGACCACCAAGGATCCAGATATAATTCTTTCCTCAGTAATAGAAAAAAGAATCTGGGATCTAAGAAGATACCTACTCATTTTCTAAGTGACTGGCC,15.554966690572241,3.9593034003737557
9042,ENST00000335272.9,ENSG00000180957.17,PITPNB,27851669,27920134,151.66621866736088,2926,2479.09,2250.93,20.4565,CGCGCAGGCGCTGTGAGAGGCGGTAGCGGCGGCGGCGGCGGTGGTATCGGCGGCAGCTGTGAGGGGGTTCCGGGAAG,7.414084455667435,2.890268549346252
9043,ENST00000397906.6,ENSG00000100154.14,TTC28,27978014,28679865,4.784990728243432,11795,14610.0,1240.11,1.91238,GGGGGCGCGCGCGCGGTTTGGGGGCAGTGAGGGGCGCCGCGGCGGCGCGCAGCACGGCGGGAACATGGCGCGCGGAACCGGCGCGCGCGCCTAGCTGGCGGGACCGTTAGCTCGAGGCGGACGCGGCCCGGGCCCCGTGGGG,2.502112931657637,1.3231469063165167
9044,ENST00000328354.10,ENSG00000183765.20,CHEK2,28687743,28742422,36.73574202816602,1867,1701.45,288.445,3.8195,GTTTGTATCTGCAGGTTTAGCGCCACTCTGCTGGCTGAGGCTGCGGAGAGTGTGCGGCTCCAGGTGGGCTCACGCGGTCGTG,9.617945288170185,3.2657287194440126
9045,ENST00000216037.10,ENSG00000100219.16,XBP1,28794555,28800597,58.44589517774389,1850,1981.77,1516.38,17.2392,AGAAAGGCCGGGCGCGGCGAGGCTGGGCGCTGGGCGGCTGCGGCGCGCGGTGCGCGGTGCGTAGTCTGGAGCT,3.390290453022408,1.761408877250921
9046,ENST00000216085.11,ENSG00000100263.13,RHBDD3,29259852,29268209,15.731502059030708,1794,2786.24,171.363,1.38568,GGGAGACGGAGATCGGCGGGAGGGCTGGGGGAAGGGACCCGGACTAGAACAACTGCTGACTAATCCGCGGGCCGCGGGGAATGGGTGGCGCGCCAGCCGGTCGGCAGGGGTCACGCGGCCGGGTGTGCGCGGAATGGATTCAGGGTTCTCGGGTCGCGCCCGGGAGCTAGAGTCCTGACTCCCAGCCGGGGTCCCCGACCGGCCTTTCGGGGTTGCCGGGCGCGCTCTGCAAAGGGGAAACTGAGGCCCAAGGAAATTGAGTATCTCTGCAAAGTCACCAGCTGAGTTCGAACCAGACAGATCCTGGGACCCCCTACTCTATCCGCCACCGGAAGAATCTCCGTCCTTGTCTTTCCATTCTGCCCTCCCGGCTTCCCAGTAAGCACACAGCCCCAGGACCACCCTTGACCGTCCTCAACCAAGCG,11.352911248650994,3.504990392882223
9048,ENST00000432560.6,ENSG00000100280.16,AP1B1,29327680,29423193,65.88760327503837,4146,6189.74,1471.46,5.35597,CCCGCGCGCGGGCAGCTCACTTCCGCCCGGCAGGTGACAGCCGCGGGGCTCCGAGCCGCCGGCAGCCCGGACGCACCGGGAGAGCGAGAGGTGGAGGCCGCGGACATTTTGGTGCCAAGCCGAACCGAGCCGGGGCGCCGGGAGCTATTGGGACCTGCGGAAGCCTGGCTACAGATAAGGGACCAAA,12.301712532937707,3.6207872633622
9049,ENST00000490103.5,ENSG00000100296.13,THOC5,29505879,29581337,32.544403232214066,4753,5513.06,297.963,1.21768,GCTTCCGGTCGGCCGCCCCTTCCTTACTTCCGGTTCTCTATGGTGCGCGGGCAAGCTTTGCTCCGCCTCCGGCAGTGGCTTACTCCCGGTGCCAGGTTCTTGGAGCTGTGAGGAGGAACAACC,26.72656464113237,4.740202504345835
9051,ENST00000216121.11,ENSG00000184117.11,NIPSNAP1,29505879,29581337,89.87587276925537,2237,2811.77,1302.59,10.4373,CCACGCTCCCATTTTACCGAGGTGGATCCTGAGGCCCAGAGTGGGCAAAGGGCTTGCCAAGGTCGCAGAGCGCGCAGAGGATTAGAACCCTGACTTCCGTCCAGCACCTGCGGAGTTGGAGACGCCCACAGGAAACGCCCACCTGACCGGGTGAGTGAGGGGGCGGGCGAGCCGGAGGGGTGGAGTTTATTCGCGCCCCGCCTCCGCCACCAGGGCTTGGGGGCGGGGCCTTCCTGCAACCTTTGCGGCTCCAAC,8.61102706344125,3.106185322519224
9052,ENST00000344318.3,ENSG00000100319.12,ZMAT5,29730956,29767011,49.40481401077355,899,978.827,352.0,8.10212,ACCGGGGAGCCAGGTACCTTCCGCGAGACGTCGAGGGGCGAGTCCTAGTCTCTTTTCTCCGCACTGGAAGACTTGAACACTTCCTTCTCTGCAGCAAAGCACCTGCTCTGAGTGGCC,6.097763796484569,2.6082802670678467
9053,ENST00000307790.7,ENSG00000100325.14,ASCC2,29788608,29838304,26.176585903645428,2793,3539.82,916.941,5.83609,AGTTTGACCCCGGAAGTGCGGGCGCTCAGGGAGCTGTCACCGTGGTCGGCGGCGGCGGCGGCGGCGGCGGCACAGAGCCGGTGGTGGAGCCGCCGAGGAGGGTCACGCAGCACA,4.485295104024343,2.165202908468169
9054,ENST00000215793.12,ENSG00000099995.18,SF3A1,30331988,30356947,126.20552199378342,5143,6620.75,4303.76,14.6454,GGTCCCGGAAGTGCGCCAGTCGTACCTTCGCGGCCGCAACTCGCTCGGCCGCCGCCATCTTGCGAGCTCGTCGTACTGACCGAGCGGGGAGGCTGTCTTGAGGCGGCACCGCTCACCGACACCGAGGCGGACTGGCAGCCCTGAGCGTCGCAGTC,8.617417209074755,3.1072555331189684
9055,ENST00000354694.11,ENSG00000100029.17,PES1,30576625,30607083,80.38990116102177,2295,2872.22,1499.89,11.7654,AGACAGCGTGGGGTGGGGAGGGTCCTCGGGGTCCTTGGCAGGGCACGTGCGGGAGGAAGTGGAGCTCCCTGTACGCGCGGCCCTAGTCGGCTCCTCAACGTGGAGCG,6.832738467117291,2.7724639066436785
9056,ENST00000397641.7,ENSG00000133422.12,MORC2,30925130,30968298,25.899618038661632,5181,6551.2,943.702,3.24546,AGGAAATTTCGGGGAACCAAAAAAGGCTGGAAGAACATGAAGATGGAGCAGTCATAAACCACCCACTCAAGGACCATCTCCTTCAGGACCATCCACACGAGACTCAGATTGTCTGAATTGAGCTATCGCAACTTAATGCTAAAAGCTCCTTAAAGCTACAGATTTATGACATAGTTCCTTCCAAAATATTACATCATAAATCATTGAGAAGATTAAAAAAAAACACTTGAAGAAATTGTAGTTTTAAACATCTCTGCATATATTTTGGATAGCTACTAGGTTACTTTAACTGTCATTAAGGAGCACAGACTTACTGAAGCTTTACTGGACAGAATCCTGGGAAATCGATATCATTATAAGGTTATATTTCCCAGTTAGCGGGTGAAGGGCTGGAGACCTTATTGCAGTC,7.980261053490609,2.9964359412366135
9057,ENST00000351933.8,ENSG00000100105.17,PATZ1,31325804,31346232,11.251012753977102,3638,4786.04,231.841,1.09138,GCTCCAGCCGCCGCCGCCGCCGCCACCGCCCTCCAGGCTCCGGGACCCGGCCCGCGCCACCGCCCCCGTGCGCGCCCCGCCGCCGCCGCCTTCGCCTTCGCCTTTTGTTTCCTCCGCTCCGGCGCCCCCGCCCCGGCTCGCGCTTTGCAGGGGACGCAGCGCGCGCCCCCAGCGGGCCCGGGAAAAGCCGCGGCGCGCGCGCGCGCCTGCGCGGCGGACCCCTCCTTCTCCTCCCCGCGTGCGCGTGCCCTTCTTGGCTGCGCGCCGGCGCCGCCTGGCGGGCGGGAGGGGAGGTGGCAGGCGCGTTTGCAGGAGGGGCGCACCTCTTCGCTCGCGCACCCCCCCGGAAGGTAGACCGGGAAGGGGAGGCGGGCGGGCGGAGAGGAGAGAGTGGCGCGCAGTCCAGCGAGGGCGGGGGTTGGCTATGTGGGGGGTGGTGCACCCCGCAGTCTAGACAGTCTGATCCGGGCTGGGGGCGTGTACACTCGGCGCACCTGCGAGACTACAGAGCCTCGGGCCGGCACGTGTGGGGAGTGTGGACACGTCTGCTGCGCCCCGCTTCTCGCTGCTGAGGGGAAGGGAGGGGGCGGGCAGGTGCAGCGGCCGGGCTAGTGGGAGGGGGCGGCGGCC,10.30897831550615,3.3658294545390177
9058,ENST00000327423.10,ENSG00000183530.13,PRR14L,31676256,31750140,15.023595727306432,10826,11360.2,2150.2,4.26436,GAGACGAAGAGGTGGCGGCGGCCGGAGCGCCCCCGGCCTCTGTCGGCTCCGTAGGCTCAGGTAGACCTGGCGACGACGGGGCTGCAGCTGCAGGGGCTGAGCTGGCTGGGCAAGCGCGGGCCGCGGAGGAGGTCTCAGGGGTGAATCATTTGATGTAAAAGACTTGACTCCATAATCTGCATCTGTCCTA,3.523059902847422,1.816829005291631
9059,ENST00000216038.5,ENSG00000100220.11,RTCB,32387582,32412255,151.48127629997032,2027,2221.73,1712.1,17.362,GCGCTTTGGTTCTTGGAAGGCGGTGCTCTGAGAAGCCGGACTACGCGGCAGCGGCTCTTCAAAGCGGAGCCGGGAGTTTTTGCTACAGTTTTCGCCACC,8.724874801288465,3.1251344293330416
9060,ENST00000405409.6,ENSG00000100320.22,RBFOX2,35738736,36028425,3.677991226457147,6932,7699.95,2407.9,7.04552,ATTCTCCAGCAGGCCTGCTTCTGGAGTTGGGAGATGTCAGCCTGCTGGGAGGGGGTGGGGGGAGGAGGAAGAGGTGGGGCTCTACTCTGATTAATTACCTTAGGCATTCAGGGGTGGGGCTTCCTTCAGCCATCTGCCTGAGATATGGGAGGGAGCTGGAGAAAGAAGGAGGGGGAGAGACTGCCAGAGAGGAAGAGAAAAGAAAGGAAGAAACATTAGAAAGAAAAAGGAAGGAAAACGGTATAAAGAGAGATCAATTACCCACCCTTAAATAGCTAGATTGGGGGGGGAGGGGGGTGGAAAAGAAAGCTGTGGAGGTGTGCCCCAGCACGGCTGCTTTGAAAGGTTTATCATCTATCCGTTTGGTTT,0.5220326145489824,-0.9377881513523395
9061,ENST00000358502.9,ENSG00000128335.13,APOL2,36226203,36239954,29.51174733755941,2551,3039.2,207.67,1.53949,GTGCTGGGGAGCAGCGTGTTTACTGTGCTTGGTCATGAGCTGCTGGGAAGTTGTGACTTTCACTTTCCCTTTCGAATTCCAGGGTATATCTGGGAGGCCGGAGGACGTGTCTGGTTATTACACAGATGCACAGCTGGACGTGGGATCCACACAGCTCAGAACAGTTGGATCTTGCTCAGTCTCTGTCAGAGGAAGATCCCTTGGACAAGAGGACCCTGCCTTGGTGTGAGAGTGAGGGAAGAGGAAGCTGGAACGAGGGTTAAGGAAAACCTTCCAGTCTGGACAGTGACTGGAGAGCTCCAAGGAAAGCCCCTCGGTAACCCAGCCGCTGGCACC,19.16982074424609,4.260764941408484
9063,ENST00000216181.9,ENSG00000100345.20,MYH9,36281281,36388018,98.0652285607554,7501,10133.7,6020.9,13.3862,GAGGGCGGGGCGGGAAGGCGGCGAGGAGCCGAGCTGGGTGCGGTGAGGCGCGCAGATCACCGCGGTTCCTGGGCAGGGCACGGAAGGCTAAGCAAGGCTGACCTGCTGCAGCTCCCGCCTCGTGCGCTCGCCCCACCCGGCCGCCGCCCGAGCGCTCGAGAAAGTCCTCTCGGGAGAAGCAGCGCCTGTTCCCGGGGCAGATCCAGGTTCAGGTCCTGGCTATAAGTCACC,7.325845165973569,2.872995209558258
9064,ENST00000216185.6,ENSG00000100348.9,TXN2,36467036,36482030,82.6669274117374,1736,2336.86,1019.41,9.82834,AAATCCCAGACGCCCCTCAAATTGGAGAGGGACAGATGGGCGCTGTGGCTCACGCCCGTAATCACAACCCTCTGAGAAGCCGAGGCGGGCGGATCACGAGGTCAAAAGATCGAGACCGTCCTGGCCAACGTGGTGAAACCCCGTCTCTACTAAAAATAAAAAAATTAGCTGGGCGTGGTGGCGCGCGCCTCTAGTCGGGAGGCTGAGGCAGGAGAATCGCTTGAACCCGGAAGGCGGAGGTTGCAGTGAGCCGAGATCGCGCCACTGCACCCCAGCCTGGCAACAGAGCGAGACTCTGGCTCAAAAAAAAAAAAAAAAAAAAAAAAAATTGGAGAGGGACGCTCTTCCGCCTGCCTGTACCCGGAAGTGACGTTATGTACGTCCCCCCCCGAGGAAGTGACGACAGGCGTGCCCTTGACAGGCAGGGAGGGCTAGGCTGTGCATCCCTCCGCTCGCATTGCAGGGAG,8.411077294002588,3.0722905932484537
9065,ENST00000397224.8,ENSG00000100350.14,FOXRED2,36487190,36507101,44.61042997734452,4967,6217.77,2145.55,7.77438,ATTGGTCCGGGCGCGAGGGGCGGAGCCGCCGCGGAGCAAGCGAGCCAAGCGCGGCCTCATTAGACCACGGGTTGCAGCCGGAGCGGCTGGGAGG,5.738133455959771,2.520581522308798
9066,ENST00000216190.12,ENSG00000100353.17,EIF3D,36510850,36529436,235.03481868469947,2155,2257.67,1667.56,16.6411,GAGCTTCGATTGCGCGGCCGCCAAGTTTCAGTGATGAACGCCCTCTTTGGGCGTCCCCGGATACCGCCTGACGTAGTGCCAATCACACCTCTCGCGTCTCGGCGCCTCGGAGGCTAATGAGGACGCCTGGCGAAACGCAGTAACGGATTTCCGGGTGGACCTTCGCTTTACGGCTCGTGAGTTCTTCCGCCCAACCCAGAGGAAGCGGGAGAGCAGTTTACGACAGCGCCGGTCGTGTTTACGGCGGCGCCCGCTGCGCGCGCATGTTTCCTCTTTTCCTGGTTTCTCAAGAGTGCTGCTGCTAACGCGGTCCCCGGCACGCACCATCTGTTGCCATCCCGGCCGGCCGAGGCCATTGCAGATTTTGGAAG,14.123754961192436,3.8200517914076855
9067,ENST00000433985.6,ENSG00000100360.14,IFT27,36758202,36776256,81.79105011364415,1095,1189.82,125.31,2.37284,GAGGAGGAGGCGGGGCAGGTGGGCTATGGTTGCTTGGAGAGTGCATCCGGCCCGGTACTTGTGATCGGAGGAGAGCCGGATCGTCCTTCCTTGAACCCTCTGGGTAGGGCTGTGCTGAGGGGCTGGGCGGGGAGCACAGGCCGTGTCCGCTCGCTTGCACCTTTTCAGACTGCCGTGTCAGGCCTCGAGCCGGGCCCACCTGGAGCCCTCCCCTGCCCACCCGCCCCCAGCGCCCGATATCCGCCCCCGGCCCAGAAGGGCCGGGCTCGGTCATCCCCAGTCCCGTCGCGGCCACTGACCCTTGAGATCAGCCCTCCCCTCCCCACCTTCCCGTCCCAGGCCAGCCCAGGGCCCGAAGCCCACCCACTCGCGTCTCTAGCAGCCGCTCTTGTCCTCTGGGTACGGCTCGCGGGAGTGTTGGTTACC,34.46968616242315,5.10725625828715
9068,ENST00000215941.8,ENSG00000100124.13,ANKRD54,37830855,37849327,27.245411714855656,2184,2990.58,560.316,4.22123,GGTTTAAGCTGGAAGGGTAGTCATTGGTTCGCCGCTCTGTCTCGGCCTGAGCCCGCCCCCGCTCGGTTGCCGTGGTTGCGGGCCCTGCCCGCCCGCCAGCTCGCTGACAGCACGACTCAGGGCGGAGGGAAGTAGGTCCGTTGGTCGGTCGGGAACGAGGCTCAGGCGGCCAGGCCCGCGCGGAGCCGTTGCC,6.4543774480082,2.6902779482071084
9069,ENST00000361906.7,ENSG00000198792.12,TMEM184B,38219291,38273034,12.820140467974102,3611,5576.08,836.121,3.37833,AGAGCGCATGCGCGCCGCGGCTGCACTCCACTGGGCCCGGGACGCGCCGGCGGCGGCGGAGACTCCGGGGCTGCGGCGCCGCCCGCCCCGCCCGCAGAGTCCGGCTGCCGCGCATCGTCCGCAGACGCCGCCACCGCCATGGGCTCCTGAGGCTAGCTTGTCACTTTCTGCAAAGGTTTCCCTCAGGGAGCCTCCTGCTGCCAGGCACC,3.7948159202843126,1.9240299047885596
9071,ENST00000405675.7,ENSG00000213923.10,CSNK1E,38290691,38398929,6.512661045046021,2127,2557.01,460.879,4.06085,CGGTGCGAGAGCGCGCGAGCCGGCGGCGGGGGCGGGCGGGCGGGCAGGAGGCCGGGAGGAGGGAGGCGGCGGCGGCGGCGGCGGCGGCGGCGAGAGCCCAGAGCCAGAGCCCGGCCGGGGCCGAGCGGAGCGCGGCGGCGGCGGCGGCGGCGGCGGCTGGGCCGGGAGAGGCTGGCGCGCCGGGCGGCTCCGCGAATCCTCCGGCATCCGCCCCGGCGGGCCGCCCCCGCCCGCGGCAGCCCCCCGAGCAGTGGCCCGGCATCGGCGCCTTCCCGGCGGGCAAGAGTGAGCC,1.603767941452164,0.681465404924797
9073,ENST00000403230.1,ENSG00000100201.19,DDX17,38483440,38507660,63.79641496014016,2322,2375.7,203.235,1.92739,CGCCATTTTGTGCAGTCGCTGGGAAGGAAGGAGACGCCTAAACCGCGGCACTGCCCGGTTTGAGCGTAGCCAAAC,33.09989932506662,5.048754923900278
9075,ENST00000216039.9,ENSG00000100221.10,JOSD1,38685543,38701556,29.67841912331668,3648,4231.82,1297.04,6.90536,ACTTCCCGCGCCCGCTCGCCGCTGACCGGAGTTGTCTCCTCCTCCGCAGGGCCGCGGCCAGAGGGCTAGAATCCGCGCCTTCCGAGGGAGCCGCGCCCTGCGGGCCCCACCGTACCCGAGGGGATGGAGGGCTGCCCCCGAGGCCCCCGCGCGGCTCGCGGTCCCACGCCTGCCGGCCCGCGCTAGCTACTCGACTCGTGCGCTAAATTTATCCGTCACCCAGGCCTTGTCTCCCGAGTCATTGGCGTCGTGGTTCAAAAGAAATGGAAGAAAAGGAGCGATGTGACCGATTGTGTTCGGTCCTCCTGCTTTGAGGCCTGGCATTTGCAGAGGGAAACAGCAAGAAAATCGTGGGGATTTTGGAGGGGGGTGGGAGGGAAGGGTGGGGAAACGGAAACAAGGTCTTACATTTTATGTGTTTTTTTAAATTCTGCACTTTGACAGTGGTAGCAAAATAAAAGTAATCCAAAAGTTATTTTTCTATTGAGAAGAGAGAAGAGGTGGGTTTTATTTTTTTCCTTTTGATTCCAATCTTTTCTCCCAGTGACAAAGCATAAATCATGGACACCAGAGAATAAGGTGGACCTCAGGAATCCGGAAAAGACTGAGAAGCTTACATTCTTCCTCTAGAGGGAAGAGTGGGGTGTTTATAGCCATCTCTGGAACCTAAAACAAAAAAC,4.297881518605355,2.1036257119707797
9076,ENST00000405510.5,ENSG00000100242.15,SUN2,38734725,38794198,32.85139078871389,4055,6010.39,286.376,1.07349,GGACTTCCCGGGCAGCCTCCCGGGAGGAGGAGGGCAAAGGCCGACTGCCCCAACCCGGCCCCGGGCAGCGCCTACGGGTTTTGTGCCAGACAGGCCGTTTCCAGGGACAGGCAGTTCCCAGCCTCTGCCTGTCAGAACTCAGGGCCTCAGAGGAAGGCCCGTTTTGTTCAGTTCTAAAACAAAACAAAACAAAGCAATGGGGGGCGCGGTGTGACTTAGAGAGCCAGGAGGCGCGCCTTTGGTGACAATTTCTGCAGGTGTCACCTCCTTCAGCAGGACAGAGGCTAAGAGGAGTCCCTGTGTGGGCAGCTGGAGCCTTCAGATTCTCTTCAGGGGAAGAGTCCACATCCCACCTCATC,30.602419015280898,4.935573792361291
9078,ENST00000216068.8,ENSG00000100246.12,DNAL4,38734725,38794198,14.613604722873765,1504,2181.72,143.013,1.47686,GGGCAGGACTTCCTTGCTGGTTGCTAAGACACTCTTGTTTCGCTCCTTGACAACCCTGGCGGGGGTTCGCTGGCTGCGGCCCCGGCTCCGGCCCCCGCAGGAGCAGCACCCCCCGGGGAAAGACATTTTCTGCTCCCACCGAGTTGGCAGGGCCTGCTTCCTGAATCTCCTGGGTGTGTCTTAACTGCCAGTCCCAGCACCTCCTGAAAGCCCCACTCTCCTCCAGTGGTCACAGTGGAAGGATC,9.895050798906981,3.3067071137551585
9079,ENST00000407418.7,ENSG00000183741.11,CBX6,38861450,38872314,76.87714487818333,6122,9510.97,1775.64,4.20623,CGCGAGCGCGCGCCCCGCCGCGCTCCCGCCCGCCGGGGCCTGGGCGCTGCGGCGCGTGCGCGAGCGGTGCCGCACCGGCCGCGGGCGCAGGGAGTATTATGGGCTGTGGGTGCCGCTGAGCAAG,18.276971273131362,4.1919551121511285
9080,ENST00000216146.8,ENSG00000100316.15,RPL3,39312882,39320389,250.2217072755365,1442,1735.7,6409.76,83.2012,GAACGAAAGCTAGGAGCGGAAGAGCGTGCGTGGAAATGGCGCTCGGTACGTGCCCCCGACCTGTCGTCTGCCGCGGGGGCGCGCTCGCACGCCGGAAGGGGCGGGGCCAGATTTGGCTTTATATAGCGGACCCGTAAGGCCGACCGGCCTCTACCGGCGGGATTTGATGGCGTG,3.007429066834811,1.5885307104246342
9082,ENST00000334678.7,ENSG00000187051.8,RPS19BP1,39529093,39532855,89.6649512278032,927,1045.59,619.064,13.3394,GGCACTTCCGCCCATCCCCCTCCGGATCCCTCTGTTCGGGCTCGGGTTTCCGCCGAGACGACAGGGACTGCCAGGTCGGAAGTAGTGTGAGGCTCGTGGGCGGAGCCAAGCGCCGCC,6.72181291720791,2.7488503898383647
9083,ENST00000355630.7,ENSG00000196588.14,MKL1,40410281,40636702,26.62952348935206,4496,6609.09,625.479,2.13222,GGCGGCAGTGTCTGTGGTGGCCGCGGCGGCGAGAGCGACGGTCCCATCTTTCCCACCCTCTTGGTTGCCGCTGGCCACACGCCCTCCGCTGGCGGCGACTTCTCAGCTCCGTGCGCCCGGGCTGGACAGTGAGCCTCGAGAGGAGACGCGGGCGGCTAGAGCCGGAGTGGGGCGAGCCGCGGAACCCGGCCGGGAGCCGCGCGAGGCGTGATCGGAGGGTATGGTTGGCATGGAATTGAATTTCATCTGTCTGTGGGAATTGTAAGCAAGATTGCCATCACGAAAGCCAAAGTGGATTTCTCCAGTGTGGTGTGCCTGCCCCCTTCCGTCATTGCTGTGAATGGGCTGGACGGAGGAGGGGCCGGCGAAAATGATGATGAACCAGTGCTCGTGTCCTTATCTGCGGCACCCAGTCCCCAGAGTGAAGCTGTTGCCAATGAACTGCAGGAGCTCTCCTTGCAGCCCGAGCTGACCCTAGGCCTCCACCCTGGCAGGAATCCCAATTTGCCTCCACTTAGTGAGCGGAAGAATGTGCTACAGTTGAAACTCCAGCAGCGCCGGACCCGGGAAGAACTGGTGAGCCAAGGGATC,12.489106888291106,3.642598406588799
9085,ENST00000435456.6,ENSG00000100372.14,SLC25A17,40769630,40819399,86.14415102685516,2262,1876.14,653.877,7.85222,CTAGGGCAGGCGGGCGGGTTTGAGAGGGCGGGGATTGCGACTCTCACACCCTGAGCTCCGGTGCTCCTTTCCTAACTCCACTGGCTGCGGCATCTGTGGGAAAAGTGTGGCTGGGTCTTCGAGGAGCCGCACCA,10.970674666126923,3.4555803451085207
9086,ENST00000327492.3,ENSG00000183864.4,TOB2,41433492,41447023,50.69987670146328,4561,6307.34,1096.66,3.91732,CAGGGAGGGGAAGACGGGGAGCCGGACGCACGACCGGCGAGCACAGAAGGGCACAGGAGCTGCTCCGCGAGATACCAGCGAGCTGAGGCGCGGGGCTGGCTGGGAAGTAGTCCCGGCCGGGCCCTGGCCCCGCCCCTGCAGGGCGGAGGGACGCATCACGCAGGGGTGGGGAAGCCGGATCCGTGCGCAGGGTTGCTAAGGGTGAAACTTTTCATTGACTTTGCTCACTTCGGGCCGGGGCGCGGGAAGGTGCGGGTTGTTGGCTGAGGCAAGCCGTGGCTCGGGCGACGCGGGGCCAGGAGGGCAGGACCGTCTGCCGGCGACAGCCCATACCGTCTGCCGTTGCGCGACACGAACCACCCTCCGATCCGCCATCCCCGCGTCGTCGCCGCTAGTCCGCCCGCCCGCCCTCGGGCCCCCCGCTGCCGAGCCCGACCTCCTAAGAGCTGAAAGAAATTATTGAGAGTCATAGTCCATAGCCCCCTGCTTCGTCCCCCAACCCTCAACGACGAAAAGGACTTCGGTCCCCTGGCCCGGCGACGCCCGGGAAGGAAAGGAGAGCGACCTCCGCCCCGCGCTCAGGCCACCCTGGAGGGAGAAGCCGCCCCGCGGCCGGTAGAGCGCCCCGCCGCCGCGGAGACCCGAAGCCGCCTGGAGCCCAAGGCTGTACACGTGCCCTGTGCTGATTCTCTGCCTAGGAAAGGACC,12.942490453029949,3.694043348889067
9087,ENST00000216252.3,ENSG00000100410.7,PHF5A,41459717,41468725,161.2619886693193,1086,1003.41,892.049,20.0296,GGCAGGAACAATGGGGGTTAAAGGTCGGACGGAAGTTCCCGAAGCTTCCGGTGGCCGGCTTAGTTAGGAGCT,8.051183681617172,3.009200903234818
9088,ENST00000396504.6,ENSG00000100413.16,POLR3H,41525804,41544606,62.10114577315202,4176,6168.17,1155.67,4.22125,GATTCGGAATCTCGCCCGCAGTCGCGCAAGCGCGAGCGGCTGTGCGCGGTGCGTGGTGCGTGAGCCCCCAGCGCAGGCCGGG,14.711553632964646,3.878877707232336
9090,ENST00000216259.7,ENSG00000100417.11,PMM1,41576894,41589890,25.28672452425884,1298,1503.01,190.712,2.85877,AATGCCCCGCCCCGTCAGCACTTATCCCTGAGCTGCTTCTGCCGTTGCATCTTCGGGACTCCGCCCCGCGCGCGGACCTGCAGCC,8.845316175928403,3.1449137129882487
9091,ENST00000263256.6,ENSG00000100418.7,DESI1,41598028,41621096,81.01779502426234,3833,4558.58,1872.29,9.25346,CAAAAGTGCATCCCTGCCCCCGCCCCCTCTTCCGTGTGGGCCCTCCCTGTCCCCTCTCTGTCACCTCACAGTAGTCGTTGCCGGTAGCGGGTGTGGGGGCGCGAGCAGCGCAGGGCGGCCTCTCCCCCACCCCTCAGCCCGGGCCCGGGCTCGGTCCCCCCCTCTCCCTCCGCTTCGCACTCCCGTCGGGTACGGGAAGGTCCAAGCCGCTGCCGGGTGCCCGAGGGCCGTCGTGGCCGCCGTCGCCACGGGTCCCA,8.755405548223296,3.1301740054846405
9092,ENST00000355257.7,ENSG00000100138.13,SNU13,41673930,41690504,912.1322162623184,1503,1682.12,1494.62,20.0188,GCCGCGCGGGGCCATTTCCGCTGCTGCTTCTGTGAGTTTTTCCGGTGCACGCGAGTGCTTCTGAAACGTCAGCTGCGCTCCCCTAGGAGTGCTGAGCCCGCGGAACCGCAGCC,45.56378085910836,5.509815560993278
9094,ENST00000215980.9,ENSG00000100162.14,CENPM,41938721,41947164,68.54047661004903,966,1197.2,468.995,8.82601,CCCCCAGGCCGCGCTCTAGGGGCTGGACTCAGGGCGGTTTGAAAGATCGGCGCGCACCGCAGGAGCAACGGTTGGTCCTGCGGCTGTG,7.7657374748101375,2.9571229369410497
9095,ENST00000396398.7,ENSG00000198951.11,NAGA,42058354,42070842,29.4669422314282,3694,4677.77,392.801,1.89189,CTGGAACGCTTCGGACTTATCAGGTTACCGGATTCGAGTCAGAAGCGGCGGCAGGTCTGAACGCTTCGGTAGGATAAGTGCGGTGGGAGGGGGCTCTGCGGTTTTGGGGAGCCCAGGGCGGGAACCCGGACCCGGCTGGAAGTCCGGAGCCTGGCCGCAGCCCCGCCCCTCCGCTCTTTCTTGGTGACCTTAAGCCAGTGGCTGCCTTTTTCTGAGCCCGGGCGGGGCCGAAGGCGGCCCGTAGGCCCTCGGGACTCCCAGCACTGCAGAGGGTGTGAGGTCTGACATCCAAGACACGTTGTTTCGTATTTCTGAAGGAAGAACTGAAGCTCCGGGAAGTGATGGCTGGGGATGGGGCGGGCAACTTGGGGACCGAGTGTACGATCCACGCCTAAGGTTGAGGGCGGCCGAGCTAGCCAGGCAGCCGTGACCCCAGTGCTTTTCAGACGTTTCTTAGCTTCCAGAGCCCAACACATACAGCTGATACACGCAGACCAGATCTGGTCAGGTCCTCGGAAGCTGAGTCCAGAGCG,15.575399326297088,3.9611972468161425
9096,ENST00000335626.8,ENSG00000100207.18,TCF20,42160013,42343616,7.120371640519236,6237,7767.92,849.367,2.4635,TGGGCCTCTGATTCATCTTTATTCCCTCCATCATCTAGACTTGATTTTATTTGTACCAAGGAGATGCGTGTCTAATGTTTTTCTTTCTTCTATTTCTAGGAGGGCTGTTGGCCTGCTGCTGTGCTGCTGAACAGT,2.890347733111117,1.5312430714996645
9097,ENST00000323013.6,ENSG00000189306.10,RRP7A,42509968,42519802,71.72476250229344,3801,5468.77,1567.19,6.45644,GCTCCCGGGTGGCAAG,11.10902641429231,3.473660480577555
9098,ENST00000252115.9,ENSG00000100227.17,POLDIP3,42583721,42614962,43.37191853393978,3441,4444.8,1297.61,6.57739,GCGAGAGTTGGTCCGCGGACGCCGGAAGTAGTTCGTCGCTCCCTAGCGGCCGAAGGGGCGGGCTCGCGGGGTCTCGACTGCTTTCGGCTTGCTCGGCGGAGCAAG,6.594092570752195,2.721174140333701
9099,ENST00000352397.9,ENSG00000100243.20,CYB5R3,42617840,42649568,182.9753948191212,2124,3182.8,3004.9,21.2708,GAGGCCACCGTCCCGCGCGGGGCAGCACAGCGGCGGGAGAGCTCGGAGCGCAGAGGGCCGCATCCCCAGTTCCCAGTCTCCATCCCCGGCAGAAGCAGGCGGAGCGACCCGGTCCCCGCCCCCGCGCCCGCCCCGCCCCGCGCGCCCGCCTGGCCCCTCGGCCCCGCCCCTGCTCCGGAGTGACGCGGGCCCGGGCGCGACGGTCTCGGCGGCGGCGGCGGCGGCGACAGAGCGAGCGCGGCGCGGGGCCACC,8.602186792180886,3.1047034590234555
9100,ENST00000263245.9,ENSG00000242247.10,ARFGAP3,42796502,43015145,41.49606275631441,2857,2605.24,502.414,4.34485,GGGCCAGCGGCGCGGCTGAAGCGAGGGCGGGGAGGGAAAGCGAGCGGCGCCTGCGCCCCGGCGGTGGACGGGCCCGGTCGTGGGCGGGGATTGGGGCGGAGCCTGACCGTTACGCGCAGCCCCGCCCCCGCGGCCTCGTCGCTCCTGCTGAGGCGGTAGCCGCTTTTCGTCGACTCTTACCGGTTGGCTGGGCCAGCTGCGCCGCGGCTCACAGCTGACG,9.550631841447785,3.255596180726377
9101,ENST00000263246.7,ENSG00000100266.18,PACSIN2,42796502,43015145,26.55017673639599,3249,3927.3,979.373,5.61844,GCGGCCGCAGGGGTCTGGGCAGGGCTGGGCAGTGCTGCCGGAGCAAAAGCGGTAGCGGGAGCCCGGCCGGAGCTGGGTCTGGAGACGCCGTGGCAGCCTGAACGGAGTGTGCGACGGATTGGGAGGTTTGTCTACAGATTTTGAGCGTTCGAAGTTGACCCCTGACTAAGTATACTTTGCTGCTCCCTCAGCCTTTGAAAAA,4.725542452423803,2.2404799480643893
9102,ENST00000290429.10,ENSG00000100294.12,MCAT,43132206,43143394,51.21350716330544,2056,2660.07,424.431,3.59481,TCGGGCCTCGGTCGCCACGGTAACGCGCGCGGGCAGGTGTCCGACC,14.246512934843688,3.832536934358459
9104,ENST00000216129.6,ENSG00000100304.12,TTLL12,43166622,43187133,80.71742969487677,3385,4906.45,2520.12,11.5722,GGGCCGACGGACGGCGGGCGGCGGCGGCGGTGGCGGCGCTGGAGTCGGCGCGGGTGCTGGCGCC,6.975115336312609,2.802217072676667
9105,ENST00000341255.3,ENSG00000188636.3,LDOC1L,44492572,44498298,96.83296504556068,5495,7740.22,1448.0,4.2148,ACAAAGGCCGCGCGGTGACCCGCCCTCTGCCGCGACCCCGGCCCCGCCCCTGCCCCGGCCCCGGCCTGGCCCGGTCCCTGCACCTGCCGGAGGCCGCCCGCCGCCATCGCCAGCGCCGTCGCTTGGCTGCGCTGACCGGGAAGCAGTTCTCGGCGGTCCGCGCGGTGATTCATCGGCCTGGCCGCGTCCCCCGCGCGGGCCATCTTGGTCACGGCCGGCGGCGGACAGAGCCGCGGAGGAACCGCGAGACCCCAGGGCCCAGAGCAGGTCCAGCCACCCGTCTGGCTCCGTAGTCCGCGAAGTCTGCAGTAAAGGAGCCGCGTGGGACCGGGGCCGAAGTCCCTAGGGCCTGGCACCGCGTGCCCCTCTCTCGGGCCCTCGGCTTGGGGGTCTCGCAGCGCCCTGCCGTCGTGCACCCCACACTGCCCCCATTTCTACAGGGGCCCACCTGGTCACCACACCCTCTTGGTCCACCCGCGGATCTCAGCGTGTGGCTGACCTCTGGCCAGC,22.974510070599003,4.521962191385194
9106,ENST00000336156.9,ENSG00000100364.18,KIAA0930,45190338,45240769,15.759688452620932,8119,10411.6,509.536,1.1026,CTCCCCGCCGCCGCCGCCCCCGAGCCTGCGGGCGGCGCCGAGGCCGAGGAGCGCTCGCTGCAGCAC,14.293205561963479,3.8372576033239088
9107,ENST00000216264.12,ENSG00000100422.13,CERK,46684411,46738261,18.784861221266382,4450,5254.22,1125.55,4.82633,CCGCCTCCCGCCGCCCGCCGCCCGCCGCCCGGGCCACTGCAGGGGCCGCTAACGGTCCGGCGCCCCTCGGCGTCCGCGCGCCCCCAGCCTGGCGGACGAGCCCGGCGGCGGAG,3.8921626207214146,1.960571989463071
9108,ENST00000404760.5,ENSG00000100425.18,BRD1,49773283,49827512,7.107989467262391,4550,5667.24,747.033,2.96982,CCGCGGCGCCCCGAAGGTAATCATTACCAA,2.3934075018898087,1.2590660512452754
9109,ENST00000330817.10,ENSG00000182858.13,ALG12,49900229,49918458,33.27156479518143,5350,7959.36,464.539,1.31494,GCGCGCAGCCCGCGGCGGCCATCTTTACTCAGGGCACAGAGGGTCTCTGCGGCCGTAGCGGCCGGGGCTGCGGTAGCCACTTTAGATTTGGGCAAGGACTTTAGATTCGGGCTCTGTTCTGTTTCCGCCGTCCTGCTTCCTGCCGAGGCTGGCCCAGGCAGCCGCGCTTCGAAGGACGCCGCCGGGAGCTGCGGAGCATGCGTGGAGTGGCAGTGCTAACGGCTGGTGTCTCGCACTGTTGGCCTGTGAAGGTACGTGAAGCTGAAAGCCTGGA,25.30272468339349,4.661220842477562
9111,ENST00000215659.12,ENSG00000188130.13,MAPK12,50245183,50261825,12.55924728233152,1918,2591.99,237.873,2.06764,CGGCGGCGGCCGCCTCGGGTTTCCGGAGGGGCCGGAGGGCGGGCGAGGGCGTCACGTGCGCGCCGCCCGCGGGCCGGTTGGTCCCCGGGCGGGGGAGGGGCCGTGCGCAGCCTGGGTCGGGGTCGGGCCGGGGTCGGCACCTGGGACATCCCTGAGGGAAGGGCCGGGAGCGGGAGCGCCCCAGCGGCCGGCGGGCGGGCGGGCGAGCGGACGAGCGGCGCGGAGCCGGCCCGAGGCGCGCGCCGAGGGAGCCCCGTCCCCGGTCGTGGGGGCACCGCCCGCAGGCTCTGCGGGGTGGGCAGCTCCCGGGCCTGCC,6.0741943869975055,2.6026930785201756
9112,ENST00000359337.8,ENSG00000196576.14,PLXNB2,50274979,50307627,24.95429886460395,6335,9431.5,1599.4,3.82067,CCTTGGCGGCGGACGTGCAGAGAATCTCGATGCTGGCCTGGAGCAGAAACTGAGCTGGACCACTGGAGCCTCGGTGAGGGGGTGCGGGGGGCA,6.531393411261362,2.707390810005338
9113,ENST00000380817.7,ENSG00000100241.20,SBF1,50445000,50475024,10.567037440518943,8008,13034.1,1311.6,2.26717,CTGGCTGGGAAGATGGCGGCGGGAACCTGGGCCGCCGCCGCCGCCGCCGCCGCCGCCGCGGAGCGAACCAGGGGTGTCCGGGGTGCGCGGTCCAGGGCCGGGGCCGGGCCATGAGCGCGCCGTCCTCGAGTCCCCGAGCCGCGGAGCCCGCCCGCGCCCCTCGGGCCGCCCCGCGTCCCTCGCC,4.66089329010129,2.220606483139893
9115,ENST00000474879.6,ENSG00000100258.17,LMF2,50502949,50507691,41.20542372228146,2582,3943.64,836.569,4.77933,GGGCCGCGTAGCGGAC,8.621589997401616,3.10795395630208
9116,ENST00000395693.7,ENSG00000130489.13,SCO2,50523568,50532580,154.17753469868043,992,1203.69,321.351,6.01487,GCTCCGGGGACGCCTGCGCCCTGCCTGTGAGCGTGTGGCGCCCGCTTTCCCTGAGCCGGCGGGGCAGAGCGCAGGGAGCTGGAGGTCGGCGCTTCCTCTCGTGCTTGGTCCACTGACGCGCGGCCCCGCCGCGAGGAGCATCAGATCC,25.632729335576734,4.679915197756382
9117,ENST00000217961.4,ENSG00000101846.6,STS,7219456,7354810,1.6253599698460184,6521,6341.01,467.0,1.65928,ACAGTGCTGTTGGCCAAGCCTCCAGCAGCTGACGGGACCCAGCTGTAGTGAGGTTGCAGTGATTGAGTAGGATTGGCCTGCTTCAAAGCAGAGGTTTCTCATGGGAATATGCTTATTAAACTCCCACTGGTGCAGAAACCATGAACAGAGGATGAACAAGTGAAGTTGCAATCTCCTCCATCACAGCTCAGTTCCCCAACAACAGGATCACAAGCTGGAG,0.9795573802167316,-0.02979809016429858
9118,ENST00000321143.8,ENSG00000004961.14,HCCS,11111301,11123078,19.344136141890584,2277,1891.99,181.494,2.16125,GTGCGTGAGAACGCCGGCGGTGACCGCAGCCACAGCGGTGACCGAGTGAGAGGAAGGCGGCGGCGGCGGCGGCGGCGGCGTGAAGTCACTGCTGCTCTGGGTTCGGGTTGGCGACTGAAGGCGGTACCGGCCTCCCGGAACAGCCCGGGGGAGGGCTTAGGTGGAAATTTAAAATTGTTTACAGTCAACACTGTTTCCAGCC,8.950438932048854,3.1619584342833362
9119,ENST00000312196.8,ENSG00000005302.17,MSL3,11758159,11775753,12.733353096959746,2345,2185.37,155.181,1.59983,CGGCCCCCCCCGGCCACGGCGCACCGCCTCCCCGCCCCCGCCCGCCCTCCCCCACCGCGCGCGCTCCGCCCGCCCCGGAGCCTCGCCCTCCGCCACGATGAGCAA,7.9591913496807445,2.9926218610367337
9121,ENST00000380668.9,ENSG00000101911.12,PRPS2,12791355,12824222,87.01618623491585,2511,2092.59,1158.34,12.4714,CCTCCCCTTCCCTACATCTAGCCGCCGCGCTTTCCCGCTCCCGCAGCAGCAGCCTCCCGCGTCGCTGTCGCTGTTGCCTCCGCCACCTCCTCCGCCGCCGCGCGCCCCTCGGAGTTCCGCGCCCCACC,6.97725886708115,2.802660360849564
9122,ENST00000464506.1,ENSG00000123595.7,RAB9A,13689125,13710506,140.7416701520589,2039,1502.9,636.075,9.53541,GCCATGTTGTTCCCTCCGCGCTGGACGGGAGCAGCTGGAGCGGGAGCCTGGCTGCGCTACCGCGGCTGCCTCCTGCTGTGCAGGTCCCCGACCCTCTCTCTGTCCTCATTGCGCCCAGACGGGCCGGCCCAGAGCTCCCGGGTCGTCTTTCGTGTGGCCGCGAGACACTCTTGCACTCCTGTAATGAGCCTGGCACTGTGATGAAACACTTTTCCCGTGTCGTTTGAGTGCATCTTCTCAACAACCCTAGGAGGGTTCTTGAAGCTTTTGAGATTAACA,14.759897073336006,3.8836107558313717
9123,ENST00000340096.10,ENSG00000046651.14,OFD1,13734745,13769353,8.55966950802629,3611,3024.85,812.248,6.04989,CGGACTGGCTGTGAGGCGGTCCTGCCTCGCTGCCTTCAGTCCCTAGTGTCTGGGTCCCCGCCCTCCAGCCGCCTTTGAGTCGTGCCTGGGTCCTCGCCCTTGCCTCAGAACCGCGAAGAAAGGAAGCTCGCGTGTTTGCTAGAAAACCTAGTTGGGAGTGCGAGGCAGAGAACGTTCAGCACCTTTGTTCCTCCCGAACCCTCGGGACAGAGGCAGGGTTCTGAGGGCAGGGATTCCCCCTCGTCTTGGCCCCACCGCCCGGGCTGGGCACTAAACTCGGGCCGCGGCGGGGCGAGCGAGGCGGGCTCCGGAGGGAGCTGACGCCTG,1.4148471307786241,0.5006461833881573
9125,ENST00000380492.7,ENSG00000130150.11,MOSPD2,14873441,14922327,26.00512028840601,4163,3071.3,570.895,4.1879,GGGCGGGACTGCCGGGTGATGAGATACTCGGTCGGCGACGGTAGAACGGGCGACGGCGACAACCGCAATCACATCCACGACGGTGATC,6.2095848249495,2.6344968125665753
9126,ENST00000307771.7,ENSG00000169249.12,ZRSR2,15790472,15823260,1.3728993049246154,1491,1337.52,187.642,3.16075,GAGGGGCGGGGCGGTGCCGGCAAG,0.4343587138889869,-1.2030411144391313
9127,ENST00000380155.3,ENSG00000169895.5,SYAP1,16719632,16765336,224.7774856143458,6129,5910.49,2730.59,10.4086,TCTCCCTGGGAGTCGCGCAGAGTGGAGTCAAAGGCAACCAGTGCTCGCTGCGGTCTCTGGGGATCGGGACCGCGGCGGCGGCCCGCGAGCGGG,21.595362067362164,4.432649599828174
9128,ENST00000380122.9,ENSG00000086712.12,TXLNG,16786427,16844519,74.63427922040125,4401,3920.0,3708.5,21.3144,AAGGCCCTGCGAGATTCTGTGCCCCTTGTCGGGCCGCTTGTTTGGCTGCTGCCGTCACCTC,3.501589499136793,1.8080099626199866
9130,ENST00000380043.7,ENSG00000047634.14,SCML1,17737449,17754988,126.6193825045942,2830,2022.38,374.959,4.17718,GGCGTCGCGGGAGCTCTCTGATCCACTCAGGGGTCAGGGCATCACTGGTCTCGCGTGCGCGTGACCAGGCCCGGTTTCCGGTGCCAGGACCTTTCCGAAGCGTCGAGTGGCCTAACGGTCACAGCTGTCGCCCATCGGAGAGGCAGGACTACTGCGAGCAGTTTTACCGCGACCTCCGGAGGCCGGCGTGACAGGCTCTGTCACTAAAATAGGAGTAGAGGTTTACCACTCTTAGGTGACTAAGCAGTATCACAAATAAACCCTCCAGCAAGTTTAAAAATAATTAGGTCCAACTCAGAGGAAGTGGAGTTTCTCCTGTTGCACAAAA,30.312168138455657,4.9218251423487125
9132,ENST00000422285.6,ENSG00000131828.13,PDHA1,19343893,19361705,214.72720177354103,3310,3348.51,451.513,3.03795,ACTGAGGCGTGGCGTCTGCTGGGGCACCTGAAGGAGACTTGGGGGCACCCGCGTCGTGCCTCCTGGGTTGTGAGGAGTCGCCGCTGCCGCCACTGCCTGTGCTTC,70.68161153855101,6.143263028554072
9133,ENST00000379484.9,ENSG00000012174.11,MBTPS2,21839636,21885424,44.9234348326955,4428,3707.59,1095.56,6.65741,AGCGGATGCTGGGGCTGTAAGGCGCGCGCGGTCAGCTGTTGGCGGTGCAGGGAGGAGGACGCCGGGGCTCGCCTTCCCTCCTCTGCCGCCGCTGCCGCC,6.747884662758565,2.7544353147801477
9134,ENST00000429584.2,ENSG00000230797.2,YY2,21839636,21885424,2.7233969782167406,2741,2743.53,137.08,1.12571,ATTAAATAAGAGAAAAAAGCATAAAAGGAGTAGGCTTTTTTGGCAGATACTGTTATATGGGATGGACAGGAGGGGAAGACATGAAAATCAACTAAAATGAAATACATAAAAAATCAGTAAAGAGCCTGCTTACGAAAGTGGAAAAACAACAGCTGGGCGGGGTCGCAGGGTGGCAAACGTACGCGGGCACGTGCACGTGCTTTTGGGGCCGACAGACGCGCCAGTTGCCTAGGCGCATGCGTCTGGCTATCCCAGAAGCACCTGCGCCTTCCGGCTCGTGCTTTCCTCAGTCTCGCGCCTTTCTCTGCAGCTCGCGCCTTTCTCTGCAGCTCGCGCCTTTCTCTGCAGCTCGCGCCTTTCTCTGCAGCTCGCGCCTTTCTCTGCAGCTCGCCCCTTCCTCTGCAGCTCGCCCCTTCCTCTGCAGCTCCCACCTCACTCCCCTCAGCGTTCTTTTTCCCACGGTCTTCCCGTTGCCGCTAACCTAACTAACTCTCAGCC,2.419270485486263,1.2745720782282186
9135,ENST00000404933.6,ENSG00000102172.15,SMS,21940573,21994835,42.31211913031253,1837,1710.99,2682.55,35.3235,GTTTCCACCATTAGCGAGGCCTCACACCCGGCGCTCCAAGTTCGGGGCTGGAGGCGTCCCGGCTTCCTCCCTCCCGGAGCGGGACCGGCCCCGCCCCCGCGCCCCGGGTCGCTCCCGGCGGCCCCTCCCACCTCCTAGTCCTGGCCTCCCCGGGCGCAGCACACTCCCAGCCGGCCGCAGCCTGACACGCCGCGCGGCCCCCCAGTCTCCCGCGGCTGCTCCCCCAGGCATGGCACAGGGCCTCGCCTCACT,1.1978461684236423,0.2604426441013423
9137,ENST00000379341.8,ENSG00000123131.12,PRDX4,23664262,23686399,565.1100178045615,1005,844.654,1772.24,47.2721,GGGAGGAGCTGGTCTCGCGAGGCCGCGCCCCGGTTCGCGCGGGCGTCGTGCACGCGGTTGTAGCTGCCCGGCGGCGGCAGAAGCGGCGCTCGCGCCAAGGGACGTGTTTCTGCGCTCGCGTGGTC,11.954409002446717,3.579470903287808
9138,ENST00000379251.7,ENSG00000130066.16,SAT1,23783173,23786226,1860.5717879520216,801,700.06,62.1007,1.99859,GCGCAGCTCTTAGTCGCGGGCCGACTGGTGTTTATCCGTCACTCGCCGAGGTTCCTTGGGTCATGGTGCCAGCCTGACTGAGAAGAGGACGCTCCCGGGAGACGAATGAGGAACCACCTCCTCCTACTGTTCAAGTACAGGGGCCTGGTCCGCAAAGGGAAGAAAAGCAAAAGACGAAA,930.9422082328149,9.86254779957404
9141,ENST00000253039.8,ENSG00000130741.10,EIF2S3,24054716,24077971,172.29608691849816,2858,2471.36,8695.78,79.2747,AGTATTGCCTGCACAAATATCTACCAGGTCTGCGACGAATAGCTCCAGCAACTTCGCACCGTGTTTTCCACTCAGCCTACCGACAGGCACTGTGCAGATTCAAGCGGAGAGATGTCCAAGCAGTGAGGCCGCTGCTGCACCGGCCATCCTGAGCCCCTACTCGGCCTTCCCGTCTCCGCTTCCCCGCCCCGCACTAGGACCCCTGCAGATGATCAGGCGGCAGCCGGGGTGATTTCCTTCCTCTTTTGGCAAC,2.1734057261458974,1.1199575184954493
9142,ENST00000379188.7,ENSG00000005889.15,ZFX,24149173,24216255,8.324312628892375,7513,6225.61,347.738,1.25844,GGCCCAGTGCTCCAGAGAAAGGCCGGCCTGCAGCACCCGCCACCGTCGCCGGCCGCCCGCACGTCCGTCCGGAGCTGTGACTGATGAGAATTAAAGGCC,6.614787060878847,2.72569471490777
9143,ENST00000379068.7,ENSG00000101868.10,POLA1,24693919,24996986,23.29413762381621,5486,5028.2,1917.63,8.59239,CCAGTTTTGGGCTGGTTGGCGCGGAATCGGGAGATTCGGGACC,2.7110195910353476,1.4388355387703933
9145,ENST00000378628.8,ENSG00000130962.17,PRRG1,37349275,38688920,24.41793211199853,4493,3849.49,263.471,1.54203,TCTTTCCACCTCCCTTCCAGTCCGCTCCCGGTTCCTGGCTCCAGCTAGGCTCGGCAGAAATAGGAGCGCGCAGGCGCGACGTGCGGCTCGCAGAACGGCGAGTAGCGGAGCGGGACCCGCTGGAATCATCATCCAGGGACGTGCCAGAAACCACAAGAAAAC,15.83492676017881,3.9850382895050482
9146,ENST00000378616.3,ENSG00000047597.5,XK,37349275,38688920,9.13446452237783,5206,4949.15,341.0,1.55234,CCAGGTCGGCCGCCCCCACCAGGTCCAGTTCCAGAGCCCAGGCCGGTCGGCCGGGCCCGCGTGCCCTCGGCGGGCTGCGCAGAGCGCGGGAGCGGTTTGGGGCTGGGCATGCTGGGAGCCCCTCGGGCAACGGCCGCCGCCGCCACAGCCACACAGCCGCCGCCACTGCGTCCGTCCCCGGTGAGCGCCGCTGACGCGCGGAG,5.884319493395666,2.5568755808932178
9147,ENST00000297875.6,ENSG00000147041.11,SYTL5,37349275,38688920,5.769439446483952,4722,4434.49,570.91,2.90058,CACAAGGGTCAAGTAGTCCAGCATTCTACAGTTTGTGTGTTTGAGAGAAAAATAAGCCCATAAAAACATTCTAACCTTCAGATTAAGTGTTTTCTGCATTCTCTCCCAGCGGATCTGATTCCTGTTCTGAAGAATTGAAGTTGAGCATCGTTAGTTAAATTCAGCTGCTGCCTGACTGTATACCACAGCAAAGGCTTTGGAAACATTTTTCAGTTAAAACAATAATGACTTTCTTGGAGTGTAATCCCAGTGGAGGCTGTTCTACGTATAGCCTGAAAGAATACTTAACTACCATACGCAATTCTGCAGAGACCTTGTAAAAATCACACTTTACACCAAACAACTGAGTGATTCTGAATTGGTTGGGGGAATCTTAGTTGTAGATATCAATTCACCTTCTTGAAGATTCAACCACTGCTACTCAGAGCTGCTGCTGAAATACC,1.9890640652848575,0.992089744336698
9148,ENST00000636580.1,ENSG00000182220.14,ATP6AP2,40579372,40606848,199.70316673864235,2337,1832.94,691.304,8.49732,CCCTTCCGTAGGCCGCGGCGTAACTGGTGATTGGTGGAGAAAGCGGCAGCTGTCCCAGCGGAAGCGACGAAGGGACGGGACCCGGGAGCCTGGACGAGTCCGAGCGCGTCACCTCCTCACGCTGCGGCTGTCGCCCGTGTCCCGCCGGCCCGTTCCGTGTCGCCCCGCAGTGCTGCGGCCGCCGCGGCACC,23.501900215437615,4.554705503616278
9149,ENST00000378308.6,ENSG00000124486.12,USP9X,41085635,41236579,67.55642285444192,8371,7470.59,5399.43,16.2838,GCGGCCGCCTTAGCGCCCGGTGCTTGGGTCGGCGCCGGGAGCGAGGAGCGAGCTACTTCAAAGCCACCAGGCCTGGAGCGGGGACAGAGGCGGCGACTAGGGGAAGGTGAAGCCGTCGCTGCAGGAGGAGGAGCAGGAGGAGGTGACGCAGGAGAAACGCACCGCCCGGAGCCCGTCTGAGCTCAGCGAGAGCCCCAGCCTGAGGGGAGAAGGGGAAGAGGGCCGTCGCCGGCCAAGGAGGAGGAGGAGGCGGGCGCGGCGAGGAGCGAGTTCCGGCGCCGGTGTGCAGCCTTTTGGTTGAGACGCCCGCAGCCCCGAGCCCGGCCGCCGCAGCCTTTCGATACACTTTGTTGCCGGTCACCCCCGGGCCTGGGATGCACCCAGGGTAGGTCTCGTCCCGGGACCGAGCCCCACCGTCGCCTGGTGCCTCCCGCCTCCGTGTGCCCTGGTTGTGAGAAGACGTCTGTGTCGTGCGGTTATGCAATGGTCTCTGCAAGATGGTTTATTCTTGAATTGGACCTTTTTAAGACTGACAAATGCTGGTACTTCATCTTCTATAAGTGGACTATAATTTCTTTTCTCAAGACAACTACATAAGCAGACAAAATTGCAAAGATCTGCCCTGTGTCGAGT,4.148689056267083,2.0526555314461987
9151,ENST00000399959.6,ENSG00000215301.9,DDX3X,41333348,41364472,283.42859565456865,5399,5028.91,428.721,1.92071,CTTTCCCCTTACTCCGCTCCCCTCTTTTCCCTCCCTCTCCTCCCCTTCCCTCTGTTCTCTCCTCCTCTTCCCCTCCCCTCCCCCGTCCGGAGCACTCTATATTCAAGCCACCGTTTCCTGCTTCACAAAATGGCCACCGCACGCGACACCTACGGTCACGTGGCCTGCCGCCCTCTCAGTTTCGGGAATCTGCCTAGCTCCCACTAAGGGGAGGCTACCCGCGGAAGAGCGAGGGCAGATTAGACCGGAGAAATCCCACCACATCTCCAAGCCCGGGAACTGAGAGAGGAAGAAGAGTGAAGGCCAGTGTTAGGAAAAAAAAAACAAAAACAAAAAAAACGAAAAACGAAAGCTGAGTGCATAGAGTTGGAAAGGGGAGCGAATGCGTAAGGTTGGAAAGGGGGGCGAAGAGGCCTAGGTTAACATTTTCAGGCGTCTTAGCCGGTGGAAAGCGGGAGACGCAAGTTCTCGCGAGATCTCGAGAACTCCGAGGCTGAGACTAGGGTTTTAGCGGAGAGCACGGGAAGTGTAGCTCGAGAGAACTGGGACAGCATTTCGCACCCTAAGCTCCAAGGCAGGACTGCTAGGGGCGACAGGACTAAGTAGGAAATCCCTTGAGCTTAGACCTGAGGGAGCGCGCAGTAGCCGGGCAGAAGTCGCCGCGACAGGGAATTGCGGTGTGAGAGGGAGGGCACACGTTGTACGTGCTGACGTAGCCGGCTTTCCAGCGGGTATATTAGATCCGTGGCCGCGCGGTGCGCTCCAGAGCCGCAGTTCTCCCGTGAGAGGGCCTTCGCGGTGGAACAAACACTCGCTTAGCAGCGGAAGACTCCGAGTTCTCGGTACTCTTCAGGG,147.56449211727366,7.2052018027102145
9152,ENST00000377967.8,ENSG00000147050.14,KDM6A,44873177,45112602,2.8561304598446693,5438,4983.69,535.141,2.41924,GGGGGGTGTCGGCGTTGGAGTTGTGAATTCGCTGCGTTTCC,1.1805899620726632,0.23950798048311267
9153,ENST00000218340.3,ENSG00000102218.5,RP2,46836940,46882358,38.71709366718862,3803,2689.87,483.699,4.05141,GGGGTGCTGGGCCTGGCGGGCAAACTAAGGCTGCGGACCGTTGGGCGGTTCCGCGGGGCGTTGTCCGGAGAGCTGCGAGGCCGGGGTTCCCAGGGTTCACGCCACACTCTAGGAAGTGCCTGAGCTAGTGAGCTGGCCAACGAGCTCCGCGGGCTGGGACC,9.556449154044795,3.256474662195766
9154,ENST00000611250.4,ENSG00000102221.13,JADE3,46912276,47061242,16.609152265480216,4713,4791.2,654.16,3.07611,GGGTGGCGACGGCGCCCAGCCCGCCAGAAGAACGCGCGGCGGGCAGACGGCTGGGAGCCGCTCCGGATGCTCCAGG,5.3994012780688,2.4327994404150446
9155,ENST00000345781.10,ENSG00000182872.15,RBM10,47144869,47186813,19.236304697596985,3108,4446.05,233.304,1.18225,GTGACTGTGGCCGGCTGGGAGTAGGCGGCAGTGAGTTTCCCTGGGAGGGCAGCGCGCTTGGCGCTTCTCCCCTCCCCCCGATCTGCCTCCAGTCTCGGACTTGGTTGTTGCGCGCTCCGGCTCCGGCTGAGCTGGGAGAGTTGGAGGAGGTGGCGGCGGGCAGAGGTGATGTCTGGGAGCCCTTCCTTGACAGCCCGGGCCGAGAAGAGTCCCTGCAGGAAGCATCACCCAGGCTGGCAGATCATGGTAGCAGCAGCGGGGGTGGCTGGGAAGTGAAACGGAGCCAGCGGCTGAGGAGGGGCCCCAGCAGCCCCCGAAGGCCCTATCAGGAC,16.270928058868247,4.024224636478134
9157,ENST00000377351.8,ENSG00000130985.16,UBA1,47190861,47215128,288.14314348667835,3466,4581.94,7604.79,37.3938,CTTGTACGACAGAGGTGGTTTGCTCTTCCGTTGCCCCGTGGCTTCAGCTCATCTTTGGCAGGAAGGCGAGGCTTCCGCCCGGCACAGGGG,7.70563953079597,2.9459146984167806
9158,ENST00000457458.6,ENSG00000102225.15,CDK16,47217860,47229997,33.24609089270014,3158,4449.79,1023.07,5.17998,GGAGGGGGCAGTTGGGCGGGGATAGGCCGTCCTAGCTAAGGTGGTAAAGGCCAATAACTCTTCAGGCTGCCTCTCCTCGAAAAGTCATCTTCTCGCGAACCTTTAAAATGCCTTCCTCCCCAAGCACCTCAAGGGACTAGAACTGAGTGCTTCATTTGTCTTTTTTCCTCCTTGCAAAAGTCCCGTTTGCCACCATGGGGATGTACCAAGTGAGACCGAGTAGGGGGAACGAGTGGTGATTGACGCGCCAGGTTACTGGCCACTGCTCACCTAGGCGCTAGCAAACTTCTGCCAAGATCGGAACTGAGTACTAAACAGCCTCCACAGTTCTCCCTGGTGCCGTCTCCGGCTTGGCGCCGCATCCTCCTCTGGGCTCGCGATGGCCGCGTCCCCTCCCGCTGCGGACGGGTCCTTTGGTAC,6.4181890456527135,2.68216628435468
9159,ENST00000377045.8,ENSG00000078061.12,ARAF,47561100,47571920,17.13052892698074,2458,3451.69,853.727,5.57248,TGACCCAATAAGGGTGGAAGGCTGAGTCCCGCAGAGCCAATAACGAGAGTCCGAGAGGCGACGGAGGCGGACTCTGTGAGGAAACAAGAAGAGAGGCCCAAGATGGAGACGGCGGCGGCTGTAGCGGCGTGACAGGAGCCCCATGGCACCTGCCCAGCCCCACCTCAGCCCATCTTGACAAAATCTAAGGCTCC,3.0741301766862765,1.6201782584845354
9160,ENST00000218388.8,ENSG00000102265.11,TIMP1,47582313,47586789,236.3481020393393,892,1004.72,1202.06,26.9551,TTCTGCACTGATGGTGGGTGGATGAGTAATGCATCCAGGAAGCCTGGAGGCCTGTGGTTTCCGCACCCGCTGCCACCCCCGCCCCTAGCGTGGACATTTATCCTCTAGCGCTCAGGCCCTGCCGCCATCGCCGCAGATCCAGCGCCCAGAGAGACACCAGAGAACCCACC,8.768214625037166,3.132283112473523
9161,ENST00000348411.2,ENSG00000068438.14,FTSJ1,48476021,48486364,8.816472651652779,1892,2222.95,512.562,5.19492,GGATACGTCGACAATAGATGACGGGGCTCACGTTGTACGTTCACATCAGGTCCCGGCCCGCCGGAACCTGGGCGATCCACGATGCCGAGTTTGCCACGCTGCGACAGCCCATAGGCTTGCCCCCCCGGGCATTCGGGTGGACTACGAACACAAACTGAAGCCCTAGGACTTGTCGCCCGTTTGCGCTCTCGCCGAGGCACAGGCTGCTCGCGGACCACCCTGCTCCGAAAACTAAGAGGTAGGTGGTAGCCCATTCATCTGGTTACTGATACTGGCCGGCATCAGTGGACTGTCGGCAGGTCCTTGAGCAACTGGTGTGTGAA,1.6971334787932786,0.7631000366661908
9162,ENST00000495186.5,ENSG00000147155.10,EBP,48521158,48528716,252.43042381725277,1775,2115.81,660.433,7.03256,TCTAATTGGATGGGAGGTCTGGGATGGGTCTGGATTCTGATTGATTGCTCCATCTGGGGGCCCACTGGTGGTTAGGCGTTTGATTGGCTTTTTAGAACTGGCATATGGAGATTGAGGGTCTTCATGCCAATTGGTCAGTAGGACTGAGAGGCCTGGGTTCTAACTAGTTCTTCTGACTTGAGGTCGGGAGAAGAGAGAATGACCGCTGCTATTAGGACTGAGGAGTTCTGAGCACTGAAGAGCTGGGGAGGGGGTGGTTGCAGTGTATAGCGTGTGATCTGCTTGTAACAGTTTCGTTGCATTATACTAAGGGTTACTCTACCTAGAAAAGGGCGGAGGTGAAAGGATGCAACGCAACGCTAATTTCACCAGCGGAAGAAGCGGGTACAGACCTTAATGAGTCCCCGTTTTGATCGACTGATAAGGGAATGGGGAAATTGAAGCCAGGACTCGATGCAGATTGGCTACGGATCCAAAACGCCCACTAACCTTGGCGCGTCCCAGTCTCCACCCCAAACCTAACTCAGGTGAAAATGGCGCCACGCGCGGGGGCGGGGCTAGAGGTACAAAGAGAGTGTCTATTGGTTGGGAGCGGCACGGGCCGCCTTCTTCGCTTCACCATTGGCTCGCTCCGTAAGGCAAGAGAACCCACTAGGGGATGAGCCCGAACTAGGGATGTGACAGAGCGCGAGACCCAGCCTAAAGAGAGCCCGGAGCCAGCGTGGGAGGCCGCTGCCGTCGCGCGCCTTGGTTTTTCTGTTCCTTTTTTTTTTTTTTTTTTAACTTCCTGCCTATACACACGCAGCCATCAGCCCACAAAGAC,35.89452828233997,5.165692033042094
9163,ENST00000376759.7,ENSG00000102317.17,RBM3,48574449,48579066,667.0935833826246,2162,2060.4,2831.76,30.9647,GCTCCTCCGAGCTCGCTGTTCGTCCGGGTTTTTTACGTTTTAATTTCCAGGACTTGAACTGCC,21.5436798477823,4.4291927906709665
9164,ENST00000218056.9,ENSG00000101940.17,WDR13,48590042,48608867,13.266333910311996,2124,2844.17,257.053,2.03624,CTTTCTGATAGCAGGCAGCCATCTTGCCTGGAGCCTGAGAAAGGGAGGAGAGACAGAAGGAACCGGCGACAGTGGTCTCAGGGCCGCTCCGGGGGGCCTCAAGAACCGGAGGCAGCCCCGGAGGTGGTCCCCGATCCCGGGCTATGCTCTTGGATCTGAGAAGGGAAGGCGGAGGGCGGCGGGGACAAGATGGGTGGAGAATGTCAAGCAAGGAATGCTAGGCGGGGGAGGGGCGTTGCTATGGCGACTGGGGAGGGGCGGTGTCTGTTCTGAATCGCTGTGTGTCACCCGGGCGCTGCCCAGGAAGGGCAGGGCTGGGGTGATGACCATGGTAACACCCGGGGGGGAGTTCGTGACATCTCCGGCGCGGAGGGACTCGATGTCTATGGCAATGGTCGCCTGGTGGAAGGGACGGAACTAGATCCCTTCGCTCGGGACGCTCACATTCCAGGCCCTTGTCCTGCAGGCTGCCGCGGGCGGACACGCCAGAGGAGGAGGCCGGGGA,6.515113105681058,2.703790224931358
9165,ENST00000376687.3,ENSG00000101945.16,SUV39H1,48695554,48709012,27.32618238352213,2871,3884.15,737.445,4.27756,GCGGCGAGCACCCGCCTCCGGGACCGAGCCGGGCGGCAGGGAGGGGTTCGGTCACGGCTCTCCGGTTGGTCCGCGCGGGTGCTGCGAGTCGGGAGCCGCGGCCAATAGGCTGCGCGTTCCCGGCCACGCCCGCGCGAGCGCTCTTCTCGCGAGGCCGGCTAGGCCCGAATGTCGTTAGCCGTGGGGAAAG,6.388263959715849,2.6754239253830585
9166,ENST00000376327.5,ENSG00000102007.10,PLP2,49171926,49175239,274.9157542755641,1079,1128.88,2866.78,57.2147,CTGGGTGTACAGCGTCCTCGAAACCACGAGCAAGTGAGCAGATCCTCCGAGGCACCAGGGACTCCAGCCCATGCC,4.804984632892667,2.2645318170375286
9167,ENST00000376227.3,ENSG00000101997.12,CCDC22,49235467,49250526,17.965526476555244,2319,3280.7,281.609,1.93394,CTCACATCCGGCATGCGCCGTGCTCGCTCACAGAACTACACTTTCCAACTCTCCCCACACGACCCGTGACACTCTGTGGACCGCGAGCACGGAGCAGGGTTTCTACAGCTGCTCCCCACTTTCTCGGACCCGGTCCTGGACCCAGCCCCCGACTCCGACACGGCTCCACC,9.289598682769498,3.215616272508442
9168,ENST00000340438.5,ENSG00000189369.8,GSPT2,51743431,51746232,15.80362118597163,2802,2673.48,192.0,1.61803,GTTGAGCCGCCATATCTGCTGCTGCCGCCGCAGTTGCGAATGCAGCATCGGCGCTTAGCTGCCTCCGCGGTGCAGCTAAGGTTCGTGTCGCTACCCCTTGGCCCTTCGCTCTTGCTGCCTTAACCCCGCCGGCGGAGCCCGCTCTTCTGGCCTGTTGAGCCCGCTCCCTCACTGCCACACAGCAAGTTCCGAGACC,9.767199116191684,3.2879449080988215
9169,ENST00000375772.7,ENSG00000179222.17,MAGED1,51803007,51902357,52.75133422097152,2701,3476.07,790.567,5.12403,GAAGTTGCCTGAAGTGAAGGAGGGGGTAGCGGCTGCAGAAGCTAAAGCTTCCGCCAAACAAAAGAGGACAGCACTTCCGGTCACGCCATCGTTGCTGCCTTCTTCGTCAAGCCCCCAGGCTCCGCTCTTGCCAGAGGGACAGGAGCC,10.294891759215211,3.3638567564005735
9170,ENST00000375442.8,ENSG00000184205.14,TSPYL2,53082367,53088540,34.333176691428164,2815,3524.29,1150.38,7.35416,AGAGCGAGGTGGTGAGGAGAGCTGGTTGCGTGAGTCTCCTCAGCTCTGCTTACCGGTGCGACTAGCGGCAGCGACGCGGCTAAAAGCGAAGGGGCGAGTGCGAGTCCCCTGAGCTGTACGAACGCGGTCGCC,4.66853817314665,2.222970879592087
9171,ENST00000375151.4,ENSG00000158526.7,TSR2,54440401,54445487,84.98253132847992,1534,1864.71,723.0,8.73552,CACGTGGACTGGGGCCGGATA,9.728388387695286,3.2822008268301026
9172,ENST00000336470.8,ENSG00000130119.15,GNL3L,54530211,54561071,68.76666286681751,2357,2711.72,350.598,2.9129,GATCCGGAAGTCGGAGCCTAGCTGCGCGAGAGTTTCTGCTCGCTCAACCGAGTTGTCGTGTTGCCCTCGCTTCTCAGATCCCCGCCGGAAGTGAAGAGAGCAAGCAGATTTGAACCTATCTGCTTTCAAGCTGGTCATC,23.607629121088095,4.561181256021957
9173,ENST00000375022.8,ENSG00000067445.20,TRO,54920462,54931431,1.6360470531410307,2306,2754.47,154.869,1.26674,ATAGGCTCAGACACAAGGAGAGGCTTGGAGAGAGCAGACGCCTTCTGGATTCAAGAAGACGAGGCTCACCTGTTACTCGGCCTCCCAGAAAG,1.291541321140116,0.3690938012958567
9174,ENST00000374987.3,ENSG00000169188.4,APEX2,55000357,55009057,20.044717300469955,3245,4172.31,486.211,2.62549,CTGAACAGGAAGCAGTTCGCTCGCGCCTAGGTTGGCGCGGGCTGGGAGGTGTTCCAGCCCTTTAAG,7.634657645037671,2.9325634648308623
9175,ENST00000338222.6,ENSG00000188021.8,UBQLN2,56563639,56567868,224.53557834716872,4230,3986.69,1740.0,9.83328,CGGAGGAGGCCCAGAGACCGGAGCGCGGAGACCTCAGCCAGCGGCCTACGCCCAGGCCTTTCTCCACCGGAGGACCAGGGAACCGCAGTCTTCATCACAGAGGTACCGTGCTCCGCGCTCCCCGCCTGACCCGGCCCAGCCCGCTGCGGCGGTGCCTCCTTCCTTCCTCCTTCCCTCGCGCTCTCTCTTTCGCCCGCCCGCGCCTTCCCTGCCCGCCTGCGTCACCGCGGCCGCC,22.83425045835863,4.513127528450498
9176,ENST00000374922.8,ENSG00000204272.12,LINC01420,56729241,56818380,354.2751313077984,1529,1027.65,467.274,10.2444,AGCTCTGTGCCTGGAGGGGACTCGCCGCCATCTCAGGTCTCTTGGCTTTGCCAGGGCCCACCGGAGAAAACTGACGACCCGTTTCTGTAATCCTT,34.58232120063629,5.111962802278703
9178,ENST00000360270.6,ENSG00000147065.16,MSN,65588377,65741931,43.22818557380391,3944,4793.69,2467.0,11.5947,GGGTTTGTGAAGTCGTGGCCCGTTAGCAGGAAGCCTAACAGTCGCCCCGACGCTAGTGAGGGACCCAATCTGAGTCCCCGGCCAGCCGAATCCAAGCCGTGTGTACTGCGTGCTCAGCACTGCCCGACAGTCCTAGCTAAACTTCGCCAACTCCGCTGCCTTTGCCGCCACC,3.728271156114769,1.898506790613429
9179,ENST00000462683.5,ENSG00000181704.11,YIPF6,68498323,68537285,56.44145778667462,6741,6110.67,523.373,1.92967,TTATCTTTTAAGTTATTGTCACAATAGTTACTCTCTTTTAGACCCTGAACATTTTCAGTACTTGCTCCAAATGGTTTAGCAACTTTTGAAGTGGGATTAACAAGTTTGGCCAATGAAGCTTCTTCCCTGCCCACCGCCAGAGGTGCTGGAGAAAAGTAATCCTGGAGGGTCGGCGTGGAGGCAGTAGAGAGGTTTATAAAAGTCAAGGAAGTGGGAAGAGGCTTGCGAGCAGCAGGAGAGGCGCAGAGTCAGAGGGGCAGGGGCGGCGGCGGAGGGAGCAGGAGGTTGGGGCTTGAGCCCGTCATTCCGGCGCACGAAAACTTGAAGTCGCTCGGTAGCCGGGGAAGGGAAGGAAGAGAGGCAGGCTCTTTCCTAGAGGTGCCGTGATCGAGGGTCTGGCACTCCAAGCCAACTCCTGAGAACGGGAAATGGGCGGGAGTCGGTGGGGTGGAGAGGGCAGCCGTGGTCGCGAGAGCGAAGGAGCGGTCTGAGAATCCGGCTTGAGTGTTAAAGGCTAAGCGTGTCTAGCTGGACCCGTGGCCCCGAAGAAGCGAGACAAGGCGACGCGGAGCTGTCCCTGACACCCCGAGGACCGAGGGACAGCGAAGGGCCGGGGCCGCCGGCCATTGCCAGGCGCCATTAGGTGACGCGGCCGTCACGCGATGACGCGCTGACCGGCAGTGGCCTCCACGTCGCAGGTTCCGCAAAGACCTGTGGGAGCGACCCGGGAGAAGGAGGGCCAAG,29.249279818142284,4.870329197683034
9180,ENST00000204961.4,ENSG00000090776.5,EFNB1,68828997,68842147,33.18740795398313,3314,4951.02,570.966,2.59823,GCACAGCGGCAGCGGAGGGAGTCTATGCGAGCTGGACAGCAGTGGGAGGTTTGTGAGGCTCGCACTGGCCGCAGACCCTCGGGCTCGATCGCCCGGGAGCCAGGACTCGGCGACGCGAGGCTGCCGGGCTACCCGGCCGAGGCTTCGGGGGCGCAAACTAATGGGACTGGCTCGCTCGGCAGCATCTCCCCGCTCTTCTAAGTACACTGAGCAGGGCCCGCGCTGAAGTAGAAGCTGTCCGGGGGCGCGTAGCCCGGAGTCCCAGTGTGGCCCGGAGGAACGGAGCCCGTGCCAGGGCGGCCCAGTCGGGAGCCCGGGGACCGAGCTTGTGCTGTGGGGAAACCCCCACTTCTTCCAAGGGACAGCGATCCCGGGACGGTCGAGGCGTCGGGGCGGTCACCGAGACCTCTGCGGGAAGACCCCGTCGGGGAGAGGGCGCGCAGCCCCGAAGCGTCTCGGGAAGTCGAGCGGAATCGGGCGGGATCACCCGGGGGCGCAGAGCCCCCGTCGCGCCTCGTGCGGCAGCGGAGAGCCCAGGAGAACGAGCCCTCGGGGGCCGAAGCCCATGCCCGGGTTGGGGGCGGCTGCCCAGTGAGTCCTCCTGGCCGGCCGGGCGGAGAAGAGCGACACCGAAGCCGGCGGGAGGGGAGCACTTCAAGGCCGGCGGCTGCGGAGGATGGGCGCCTGAGCGGCTCCGAGCGCAGCGCGGCAGAGGAAGGCGAGGCGAGCTTTGGTGAGGAGGCGCCAAGGGATCCCGAAGTGCAGTCTGCCCCCGGGAAG,12.77308319663122,3.675034903060251
9181,ENST00000374403.3,ENSG00000090889.11,KIF4A,70290090,70420832,22.25450039944911,4348,4459.72,2189.6,11.0616,GCTCCGGCTGGGACAGGGCGGCGGGAGGCCCAGGGAGAACGGGGAAGGGACATTTAGTTTGAGACGGTGCTGAGATAGGATC,2.0118699283511527,1.008537034870713
9182,ENST00000374259.7,ENSG00000184481.16,FOXO4,71096197,71103535,23.06682716726331,3301,4602.06,267.863,1.31136,CAATATATGAGGGGATACAGTGCCTCAGGTTTAAAAGAGCAGGAAGCTGAGTGAGAGGTTGCAGAAAAAGTGTCTTCGCTCGGCAGAGGTTACAGGTGGCATCTCAGAAAGAGCTTTGAGGCTACAGGCTGTAGTCGGGAAGGGGATCGGAGAACTGTGTGAAGGGACAGCTTAGGGACTAGCGTCCTGGGACTAGGGGGAAGTTCGCGACTTTCTGAAGACTGGCAGGAATGTGCCTCCTGGCCCTCGATGCTTCCCCCCTGAGGGGAGGCATCGTGAGGGACTGTGGCAGGCTTCACTGAACGCTGAGCCGGGGAGGTCCAACTCCACGT,17.590003635358183,4.136683875861687
9184,ENST00000276079.12,ENSG00000147140.15,NONO,71283192,71301168,348.1921629554698,2713,3036.05,11860.0,88.011,AATCGAGAACGCCATTTTGTACCCCTTGGCAGGCACCGAGCTCCGTCGTCTCGTTTCCGGCGGTCGCGCGCTCTTTTCTCGGGACGGGAGAGGCCGTGTAGCGTCGCCGTTACTCCGAGGAGATACCAGTCGGTAGAGGAGAAGTCGAGGTTAGAGGGAACTGGGAGGCACTTTGCTGTCTGCAATCGAAGTTGAGGGTGCAAAA,3.956234595169579,1.9841279769698643
9185,ENST00000276072.7,ENSG00000147133.15,TAF1,71366239,71532374,5.532158644829171,5692,5678.86,344.175,1.36546,TTTCCGGTCT,4.051498136034136,2.0184554768299328
9186,ENST00000373719.7,ENSG00000147162.13,OGT,71533083,71575897,21.89005288047916,5461,5112.41,2158.93,9.51426,GGCCGAGGAGCCGTCGCCGCCATTTCAAGACCGTACTAGGTAGATGGTCAATTAGAGTTCCCAGGGTTTGAAGCCTGTAACTGCTGCCGCCGCTCAAGCCCTCCAGAGCATTGCTACGGCTGCTGCCCTTGTACTACTACCTCCAAATACGTTCTTGCTGGTAGTGGCGGCAGCAGGACCAATTACCTCTTTTTTGCTCTCCCTCGAGAAGCTCCAG,2.300762527036171,1.2021120836283128
9187,ENST00000373669.6,ENSG00000102309.12,PIN4,72181353,72302926,136.6745886937497,1321,1033.56,576.621,12.5694,TGAGATGCGGCTTTCAGGCATTTGTTTAGGAC,10.873596885591175,3.442757344419018
9188,ENST00000373383.8,ENSG00000094841.13,UPRT,75274085,75304600,22.496979622801287,2186,1881.67,147.792,1.76957,GTGTGCTAAAGGAAACCAACAGCGGCCTAGGGGTGAAAGGACAGCCAGGGTTAGATGTTCTGAGGAGGCGGGAGCAACCGAGAGAGCACGTGAGCATCTGTCCTTTCTACCCGTTCCTCTTTATCTTTAGTGTTCAGTAGCAGCGGGGATAGCCCGGGGCCCGGTGT,12.713246507796406,3.6682605849170886
9189,ENST00000373358.7,ENSG00000102390.10,PBDC1,76172936,76178204,36.69516914095056,1201,1062.84,336.987,7.14346,GTCAATCACCTCAGATCTCTCAAGCAGTCCAGCCTACGCAACAGTACTCCACCTCTGCGCCTGTGCGGGGAGGGTAAGGCGGGGCCAGCAACTTCCTCAGCTGGAGGGAGAGCGCACGGTGGAGCCGCCAGTTGAGAAGGACTCTGATCCGGCTCAGCTTTCCAATCAGCTGCGGAAGGAGCCACGCTTTCGGGGGTTGCAAG,5.136890126206427,2.360895215971743
9190,ENST00000481445.1,ENSG00000131174.4,COX7B,77899438,77907373,976.3716926595137,2471,2057.4,1384.65,15.1629,TCATTACGGATCCCGGCTGAAAGCCATTTTGTTTTTCAGCTCACTTCAAGGGTACCTGAAGCGAATTGGCACCAAAGCAGCAGCTGTATTGCCGCAGTTCTAGCTTCACCTTCACG,64.39214745592952,6.0088128590482315
9191,ENST00000341514.10,ENSG00000165240.18,ATP7A,77910656,78050395,5.61065879730254,8483,7098.38,435.652,1.38275,TGCTGCCGCCGCCGCAGCCGCAGCTACTGTGACTTCTCCGATTGTGTGAGCTTTGTTGGAGCCTGCGTACGTGGATTTATCGCTGCCACGGTCTGCGTAGCTCCAGAGGTTTAACCATAGGATAGAGAAACCAGGAATGTAATGAGGAAATCAAA,4.057608965686162,2.0206298383700925
9192,ENST00000373316.4,ENSG00000102144.13,PGK1,78065188,78129296,473.783176329424,4887,4690.63,4698.0,22.5654,CAGCGGCCGGGAAGGGGCGGTGCGGGAGGCGGGGTGTGGGGCGGTAGTGTGGGCCCTGTTCCTGCCCGCGCGGTGTTCCGCATTCTGCAAGCCTCCGGAGCGCACGTCGGCAGTCGGCTCCCTCGTTGACCGAATCACCGACCTCTCTCCCCAGCTGTATTTCCAAA,20.99600168086646,4.392042713045814
9193,ENST00000373212.5,ENSG00000131171.12,SH3BGRL,81201943,81298547,55.32804866831693,1923,1314.4,504.976,8.65576,CGAGATTCCCTATTAAAAAAAAATAGAATTGATGCAAACAGCCTGTTCCTTCCGGGGTTTTGGGCTGGAACTGCAGCGCTTAGAGAGCTCGGTGGAAGCTGCTAAAGGCGGAGGCGGGGCTCTGGCGAGTTCTCCTTCCACCTTCCCCCACCCTTCTCTGCCAACCGCTGTTTCAGCCCCTAGCTGGATTCCAGCCATTGCTGCAGCTGCTCCACAGCCCTTTTCAGGACCCAAACAACCGCAGCCGCTGTTCCCAGG,6.392049764355403,2.6762786401978795
9194,ENST00000373173.6,ENSG00000155008.13,APOOL,85003826,85093316,21.52405417963428,1279,908.959,46.5003,1.15259,GTGGGGCTGTCCTAAGGGAAGCCTAGTCGAACTGATTTGTCCCTCTCTGCTCTCCGTCTGAAAACCTTGGCCGAAAGGGTTGTAGAC,18.674510606229692,4.222998530393608
9195,ENST00000373165.7,ENSG00000147180.16,ZNF711,85244032,85273362,104.04610460533758,4124,3201.27,5602.88,39.4322,CGGAAACCCGAATGTGAGGACCTTAAGGGATCCACAGCTGCCGCCCCCCGCAGCCATCCAGAGCGCGGTCACAGTCCGACTGGCGGCACGGAGGCGGCGGCGGCGGCGGCGGCGGCAGCGGCGGCGGCAGCGGCGGCGGCAGCTGTAGCTGCAGCAGCAGGTAAAGAGAGCGTTTTCCCAAAGAAAATAACATAGCACAGAAGGAAAAATAAAAAGAAATTGCTGCAGATTTTACTTTATGTGAGAAAATCTACAATTTCTTCGAGACACTCATATAAAGATATTGGTGAATGAACTTTGCTAAGT,2.6386076507356315,1.3997768442527527
9197,ENST00000372972.6,ENSG00000101811.13,CSTF2,100820359,100840932,52.902590742479525,1958,2149.84,328.482,3.44245,CCGACTCAACAGAGCT,15.367715069929709,3.9418307704993962
9198,ENST00000372927.5,ENSG00000102384.13,CENPI,101098218,101163681,13.557209058218296,3262,2711.15,294.923,2.45086,ACAGGGTCTCACTGTGTCACCCAGGCTGGAGTGCAGTAGTGCAATCTCTGCTCACTGCAGCCTTCACCTCCTGGGTTCAAGTGATTCTCCTGCCTCAGCCTCCCGAGTAGCTGGGATTACAGGTGTGTGCCACCATGCCCAACTAGTTTTTGTATTTTTTAGCAGAGACGGGGTTTCCTCATATTGGCCAGGCTGGTCTCAAACTCCTGTACGCCTGACCTCAAGTCAGGCCCACCTCGGCCTCCCAGAGTGCTGGGATTACAGAACATATGCAGTA,5.5316130085840465,2.4677002291337615
9199,ENST00000316594.5,ENSG00000126945.8,HNRNPH2,101390824,101414133,148.12591293237267,2223,2060.69,1141.47,12.48,GGAAAATTACCCGGTATCGTTAGAGCTACACCAAAATTGCATTGAGCCAAACTTGCCACCAAGAGCCCAACAATCACC,11.86906353624781,3.5691342063703204
9200,ENST00000372695.5,ENSG00000102409.9,BEX4,103215092,103217246,143.94883652941778,1328,1061.17,767.532,16.2957,GTGACCGGCCAACACTGAGTGTTGTCTCGCTCTGGCGTCAGAGCCGTCGTGGCTCGTTCCATTCTCGGCGGTGGTACCTGCTCCCGGTGGCCCTGAGGACGTGTGGGCCAGGGGCGGCCCCGAAATTAGGAAGCGGAGGGGGAGCAGTCTGCAGGTCTGCGGGGCTAAGTGTCGCGGCGGCGCACCTCGCGTCAAGAATCCGGAGGAGGAGACTGCAAGGATAGGCCCAGGAGTA,8.833547287285466,3.142992897227054
9201,ENST00000332431.4,ENSG00000182916.7,TCEAL7,103330196,103332326,19.19317820392237,1177,817.608,132.795,3.6593,GTGAACCGAAGTCCTTATATTCCCGGGCTTCTTTCTCCTCTGGGTACCAGCTCCTTACTGCCCTGCAGACAAGCGTGCCGTGCGTGCTTGTGGCCAAGGGAAGGAAGAGCTGGTTGATCCACAGATAGCTCCTTCCTCCCCGCCCCTTCCTTTTTGTTTGGAGGTCCCAGGATCTGTGTTCACAGACATCTGGGGGAAGAAAAGGAGCAGGAAACTACCCCGCACAGAGTTAAGCAGGAAACAACAACAACATC,5.245040910535449,2.3909540256521966
9202,ENST00000372661.3,ENSG00000185222.7,TCEAL9,103356445,103358469,171.97900759646154,1096,670.481,325.15,10.9259,CGAGCTCACTGGTGACGTAGATCTCATGTGACCAGGAGTCGACGTGTGCAGAAGTCCTGGTAATCTGGTCCTTGTTCCCGTCTGGATACCAGCTTCCTTCAGCAGCGCAGGCGGTGGTCCCTGAGGCCCGTGGAAGGAGTCAAACTTGCGGGAATTTTGCAGTTTATCTGCAGGGCTGTTGTTTCCAGCAAGACCCAAAGCTAGAAAAGGAGGAGGAAGAAACTGACCCGATCAGTGCCAGAAGTCATTGTATTCAAAGAAGAATAAGCAAGAAAGAAAAGAAGGAAGGAAGAGAGGTAGACAGATACAAG,15.740488893039617,3.9764084459367095
9203,ENST00000372645.3,ENSG00000166681.13,BEX3,103376340,103378077,492.966413059418,913,773.833,606.96,17.6716,GCGTGCATATGGCGGTGGCGGGTGGGGGGAAGGGGGAGATCCTGCTGCACTGGCCGCCCAAGTTGGGGGGCGAGCTCGGTGGTGACGCGCGGCCCTCACGTGACCCAGAGCTGCAGAGCGACGCAGCCTTCGGTGCAGTCGTCACTCGCGTCTGGCTACCAGCTCCCCGCTGCCCTGAGCTCGGCGGGCTGGCATTCGGCCCGGGGAAAAGCGGAGCAGGTCTGCGAGGCTAAGTGTCTCCGCGGCGCACCTCGCGGCGAGAATCCGGAGGAGAAGGAGACTGCAAGGATAGGCCCAGAAAAACAACCAGAAAAAAAAAATCTCATC,27.89596941190486,4.801984782191855
9204,ENST00000472484.5,ENSG00000133142.17,TCEAL4,103576231,103587736,100.95245375551956,1273,1068.11,711.679,15.0117,CTGCACGGGCGCAGATGTAGGCACCGGTCCGAGTGCCTGCCCTCTGTCCCCGCGGCTGGGTCTCGTCTGCTCCGGTTCCTGGGCTCCTAATTCTTGGTCCAGCTTCTTCCAGGTCTGCGCGTCTGTTGTTCCCAGCGCTCTGCGAAGCCTGAAAAGGAGGAGCAACCTGTCCAGAATCCCCGCAGGACAGGAAAAGGAGGGGAAATCTCGAC,6.724918147546218,2.74951670798929
9205,ENST00000493442.1,ENSG00000123575.8,FAM199X,104166620,104195902,49.88664415619564,7457,5850.33,1143.15,4.40234,CGCACCCCGGCAAGCAGCAGCGGGCCGCGACGCCCAGCCTGCCAGTGAGCTGCGACGGGCACACCCCGGAGCGTCGGCGACTGCGGACAGGTTAGAGTGGGGGCAGGGGCGGGCGCGGGAGCAGCCCAGGGCCAGAGAGGGAGCCCGAGCCAGGCCATCTCCAACC,11.33184718949369,3.502311147034923
9206,ENST00000372548.8,ENSG00000147231.13,CXorf57,106611930,106679442,20.09547551789188,3861,3169.63,350.066,2.4883,AGCAGGGGCAGAGTAGCGATCGTCGCCAAAGCGCGCGGTTTTATTTCTCTCCGCTTTGGACGGGGCAAACTAGCTTTTGGGAGTGAAGCGGGTACGCAGTTATCCAACA,8.075985820798087,3.0136383776973403
9207,ENST00000255499.2,ENSG00000133135.13,RNF128,106693794,106796993,17.370602512224934,2817,2464.87,117.706,1.07588,GCTTCACGCTAAAGCCCCAGAGCCCGACGCGGCAGCCGCGGTAGCGGAGAAGACTGGAGCTCCGAGGAGCTGCATCTGCGGCAACCTGTGTGCTGACGCTACGTGCCTCCTGGCTCCGACGTAGCTCGCAGCTCCCCAGTCTCACTCCATTCCTTCCCCACCTGGCGCGCACCTGCTCAAGACCAGGGTCCTGCCAAGCGCTAGGAGGGCGCGTGCCAGGGGCGCTAGGGAACTGCGGAGCGCGCGCGCC,16.145483243693473,4.013058717186213
9208,ENST00000481617.6,ENSG00000133138.19,TBC1D8B,106802680,106876145,2.324323107104553,4098,3308.09,349.573,2.38079,AGGGTTGGGGGAAGTGTGGAAAACCTGAACCTGAGCTGCTGTCGCCTGAGGAAGATTTGGTGGGAGGAGAAGCAGAGGGGAAGAGACGGGTTGAGAGTGAGGTGAGGAGGGCATCTAGGTCACTGCTCCCGGGGGGCACAAAGTTCGCG,0.9762822874359153,-0.03462973828738154
9209,ENST00000372435.8,ENSG00000147224.10,PRPS1,107628424,107651026,187.7405924416204,2073,2021.21,1292.61,14.4085,GGGAATGTAAGATGGCGGAGTAGCAACGCAAAGCGCTTGGTATTGAGTCTGTGGCCGACTTCGGTTCCGGTCTCTGCAGCAGCCGTGATCGCTTAGTGGAGTGCTTAGGGTAGTTGGCCAGG,13.029849910928993,3.703748560680936
9210,ENST00000443968.2,ENSG00000080561.13,MID2,107825755,107927193,2.349255683054932,2251,2213.32,111.67,1.13672,ACCTGGGAACGCT,2.0666968849452214,1.0473268093470156
9211,ENST00000372232.7,ENSG00000101844.17,ATG4A,108091668,108154671,9.456400330342518,2315,2124.64,184.786,1.9595,GGAGTTGCAGTTTGAGAGCAGTTCCGGGCAGGGAGGCGCCTTTGCTGCCCTCACAGACTTGGCCCCTAGCAGTGCAGAACTACAAGTCCCAGGGATCCTAGCGACCGTCCGTCCGTAGTCAAGTTGCCGGTGGAATTGGCCCAGGATGACAGCTGGAGA,4.825925149447572,2.2708055393915774
9213,ENST00000371979.7,ENSG00000101901.11,ALG13,111665811,111760649,80.07481604690798,2770,1719.59,105.404,1.381,ACGGATTTCCGCCTCCCTCACAGAAGGCAGTCACTGCAACGTGCGTGGCCTCAGTTGCGTCATATCCGGCCCTTGCGATCAGGGCTTGAGGAACCCGCGCC,57.98321219906443,5.857563354041986
9216,ENST00000355899.7,ENSG00000102024.17,PLS3,115561174,115650861,324.03775726870055,3280,2723.38,4781.39,39.5555,AAAGATTCCGAGGTGCAGAAGTTGTCTGAGTGGGTTGGTCGGCGGCAGTCGGGCCAGACCCAGGACTCTGCGACTTTACATCTTTAA,8.19197727923299,3.0342117139727582
9217,ENST00000254029.7,ENSG00000131725.13,WDR44,118346073,118449961,21.54765264218056,4111,3683.28,558.558,3.41661,ATTTTGCGGGCAACTAGCTCTTCCAGCTGCTGTAAATTGCTGCTGCGGGAGAAACTGGAGCCGCTGTAGCCGGCGCGCCCTTCTTCCCTTACTGCGAGGAGCCACCGCCTCTTTCGCGCTCCTTATACACCTATCACTGGGAGCGGTGGCAGCAACATTCCCTGGACCAACCGCCGCCTCTTCAGGCGGCCGCTTTGCCGGTCATTCCCGAAGCCCGGCAACTGAGGGCGGCCCCCTTTCCTTAACAGTCTCCTCGCTACAGATCGTCTGCTCCCTCAGCCTCGCCCGAGACCCACTTCCCCAGTCTCGCCCGGGTGGAGGTCGACGAGGAGGAGACAAGAGTCACCCTTCCTCCAGGCGGCGCCGGCCCCCTCACCCGCGGGTGTGTCCTATAA,6.306734641115187,2.6568932324002748
9218,ENST00000276202.8,ENSG00000147251.15,DOCK11,118495898,118686163,4.845524614089497,6625,5270.01,543.801,2.32482,GCAGTGAGTCCACCCGCCCGCCGAGGTCCGCCCGCCCGCCGAGACCCGCCCGCCGCCGCTGCC,2.0842579701179003,1.059533852077472
9219,ENST00000371666.7,ENSG00000131724.10,IL13RA1,118727572,118794539,28.75637520222324,4036,3801.03,1263.36,7.48837,AGAGGGAGCGAAGGAGGCGGGGACTGCCAAGGCTCCAGCCCGGCCGGGCTCCGAGGCGAGAGGCTGC,3.840138134496992,1.9411582073968123
9220,ENST00000310164.2,ENSG00000174460.3,ZCCHC12,118823790,118826968,72.10069827848838,2231,2638.74,578.0,4.93508,AGAGGATAAAAGCCGCCGCGGCTGCCTTAGGAACGGCGCTGCCTCGTCTCTGCTACCCCTGGTTGGGCGGCCCTGCGAAGCAGCTCCTTCGGGCAGCCCCGGGTCGCTTAGCGGCCAAGGAGGCTTCAGTTCTTTGCCGCCTGCAAGGCGGAGACCAGAAGGCGGAATCCACAGCTGGCGACGCGGGAGCATCTGCTGTCCACCAGCGGAGCACAGGCCATCAAAGCCGCATCTGAACTTGAATTCTGTGCAGCTGATTGCAGAGCTGGACCCGGATCTGCGACCCCCTGTGGACAGAGGTTGACCGTACCCCGGAGAGGAGCTTTCTCACGGAGGGCACTGGTTGCAGAGGCTGGAAGTGAAATAAAGACGCGCTCTTGTTTCAGAGTTCGTCCCCTGCTGAGATAGGAAGGCAGAGCCACCTCCTCTCCTCTCCCACCTGCAGATTAAGCTTTTCTAAAAAGCCTAGGCATCTTCTTATATTCAGATACCCTATCGTCGTCAGTC,14.60983373693808,3.8688678549411777
9221,ENST00000217971.7,ENSG00000101856.9,PGRMC1,119236245,119244466,558.4324934245337,1911,1753.8,3459.21,44.4385,TAGTCTTTGGCCGCCGCCGAACCCCGCGCGCCACTCGCTCGCTCAGAGGGAGGAGAAAGTGGCGAGTTCCGGATCCCTGCCTAGCGCGGCCCAACCTTTACTCCAGAGATC,12.566411859638237,3.651500864671028
9222,ENST00000317881.8,ENSG00000005022.5,SLC25A5,119468400,119471319,673.5583020323852,1274,1189.06,5721.29,108.406,AGCTCCGGCTCCCCCTATATAAATCGGCCATTTGCTTCGCTCCGCCCCGCAGCGCCGGAGTCAAAGCCGGTTCCCGGCCCAGTCCCGTCCTGCAGCAGTCTGCCTCCTCTTTCAAC,6.213293563385654,2.6353582198091634
9223,ENST00000371558.6,ENSG00000077721.15,UBE2A,119574467,119591083,294.50940322005874,1874,1507.19,1307.95,19.5517,GTACGGCCTGTCCGGCGCTCGACGTTCCACCCCCCTCTCTCTGCTCTCAGGTTGGTTCAGCCCCCGTCTACACTGGGGTGGTGCTTAGCCGGCGCCAGACCGACCCTCGACTTCGGAGAGGCAGCGCGGTTCCTCTGGGTGCTTCCGCCTCCCCTTCTCCTGCTTCTCCAGCCTCTTCGGCCTCCTCGCCCGCCGCGGGAACCCGAGACCCCAGTGTATGCCCCACCCCTGACCCCGCTCGCGAC,15.063109766417178,3.912947738831144
9224,ENST00000371437.4,ENSG00000125356.6,NDUFA1,119871487,119876662,704.7571667161864,766,781.875,636.403,18.3382,TTTCTCCGGGCTCTGGGTCGCAGGCCGGGCGCTTTCTGCGTCCAGCAGCCCCTTTCCGCCCAGGCTTTTTGAAAAGGAAGGTGCACACCTGATCCACCGCCTTTCCTGGAGAAAGCTGCTCTGCCATTTTAGAGTCCTGAGCTCCGAAACAGCCGTGGCTGCCTGGGTTGCACTTGGCCCCTGCACGTCACTCCACGTTGCGCGCTCCGCCGGGAGTCGAAGCAAAAGACACTGACGGAAGAGGACTGCGAGAGCCCGAGCGCCCGTCTCTCTTGTGCCCTAGCAGATTCCGTCGCTTCTTCCGGAGCCGTACGTGGCACCGCCCCGCTCGCGGGCGGCCGCGGGGCTTGCTGGGAAGAGAGGCGAAGCCAGGTCACCTTTCAAGGACCCAGAAGTAGGGTTTTGGCCTAGGTAACGGGGCAGAG,38.43109829297239,5.264202301555665
9225,ENST00000326624.2,ENSG00000177485.6,ZBTB33,120250752,120258398,86.88423276835975,5211,4025.77,1908.83,10.6827,GCCTTTGGCTTCAGCGCTTCGCCCCCGCGCTGTGCCCTCTGTCGGCGGCGTGGGGCAGCTGTAGCAGCGTTGGCGGCAGGAGGCGGCGGCCGCGTCGACGTCGACCCAGACTGGAGCGACGTTTAAAGAAGGGGCAGAATCGCTGGGGAGTGCGGCTTCTTCTTGTTGGGGGACTCCCAGCCTTCCGCGCGTCCGGAGGAGGAGAAGCGGCGGCGCCGGGAAGCAGGC,8.133171648399726,3.0238180619088175
9226,ENST00000371317.9,ENSG00000232119.7,MCTS1,120594010,120621074,277.68093554691586,1018,766.259,618.006,18.171,GCTACCTCCAACTGCTGAGGAACCGGTTGCCTAAAAGGAGCCGGCAAAAGCGCCTACGTGGAGTCCAGAGGAGCGGAAGTAGTCAGATTTGACTGAGAGCCGTAAAGCGCGGCTGGCTCTCGTTTTCCGGATAACGACTACAGCTCCGACTGTCAGTGCCGGCCTTCCTCGTGTGAGGGGATCTGCCGGACCCCTGCAAATTCAATTTCTTTCCCATTCCGGGCCCTTCCCTATCGTCGCCCCCTTCACCTTGGATC,15.281543973744752,3.933718408597014
9227,ENST00000434753.7,ENSG00000101966.12,XIAP,123859724,123913979,15.555492261290825,8415,7051.49,780.955,2.49521,TTCTTACTGCCCCCATCCGGTTCGGGGAGGTGGCGGGACCTTGGCGGCGCCCGGAGCCGGCGTGGCGCTCATCGAGGGACGCCCGGCCCAAGTGAAAAGGTGGACAAGTCCTATTTTCAAGAGAAG,6.234141519668014,2.6401909055898147
9228,ENST00000218089.13,ENSG00000101972.18,STAG2,123960212,124422664,27.574187519928227,5218,4162.34,582.356,3.15219,GTGGCCGACAGATGGCGCCTGCGCGTTCCATTCGCCTCCAAGTCGCCGAAGAGCGAACACCCCAAACAATCCCGAAGCGCCACCAAAAAAAAAAAAAAAAAAAAAAAAAAAAAAAAAAAAAAAAAGAAAAAAAACCCCGCCGGATCCGACCGCCACTTTCAAAACCCCCCACCGCTCTAGAACCGCGGGAGCTTCCGTCCCTGAGTAGAATTCGAGGGTGTAAAGAAGAGGAAGGGGAAAAATATCTTGTACCAGCCCAGGGGTGAAGAAGCCCCCGGCCTGAGAAAGAAGGAGGAGTGGGGGAGGCGAACAGTCTCGTTGCTGCCTCTGTGTACGCTGAGGGGGGAGGTGGCCACCGAGTACTAAATTCACTTGGGAATAAAAGAAAAACATAAGAAAATTATAAGAGAAAGGAATTGTCTTAGAAGAAAGAAGGCAAGCCACCATTTTACCCACGTAAATATATGAATATATTTCTGACATTGAGGTGTTCCAGAAGATGATAAAGAA,8.747628639113831,3.1288919753150246
9230,ENST00000371113.8,ENSG00000122126.15,OCRL,129539849,129592561,17.757796385460882,5162,5313.35,846.106,3.58772,TCTCAGCTCCCAGCTCCCCGCTCCCGGCTCCCGGCGCCCGGCGCCCGGCGCGGAGCTGTTCCTCAAACGACACGCAGCCGAGGTGGGTGGGTGTGGGGACGCGGGAGCCAGTGTCGTCGGATCGGCCCGCAGTCCGCTGTCCTGCTGAGCCCGGAGGCCGCCTGG,4.949604870352447,2.3073133586596835
9231,ENST00000394422.7,ENSG00000156697.12,UTP14A,129906121,129929761,31.716355579009804,2488,2550.32,976.678,8.62817,GTCCATGTGAGAGAAGCTGGCTGCTGAA,3.6759075886323287,1.8781004981020073
9232,ENST00000305536.10,ENSG00000134597.14,RBMX2,130401969,130413343,24.944875929295364,1528,1432.09,680.737,10.7096,GCGCATGCGCTGCGCTGCCTTTCCCGGGCGCTGATTCCTGAGTGCTGAGCGCGAACCCGAGGAG,2.329207059955121,1.2198388967802727
9233,ENST00000394334.6,ENSG00000134602.15,STK26,132023265,132075943,104.90552922158447,3288,2416.71,1675.29,15.618,CTCCTCTTCCTAAAGCGGCGAGGCGCAGAGGAGCGGCATCACTCGAGCCCAGGTCCCAGCCACCACCACTCACAGCGCTCGGCGTTCAGGAAGAGGAGCAGCAGCGGAGGCGGCTGCTTCAGCGGCGGGCGGGCGCCAGAAAGGCCCCGATCGAAAAGCCTGGGAGGGCCGCCGAACTACCCCCGGAGGGAGGAGCCAGTCCGAACCCAAGGCGCCACCGCCGCAGAAGCGGAGCGAGGCAGCATTCGCCTCC,6.716963069636603,2.7478090968886506
9235,ENST00000370803.7,ENSG00000156531.16,PHF6,134373253,134428791,54.03377179521867,4489,3515.13,555.095,3.55785,CGGCGCGCTCGGGACGTATCAACGCTCTGTGGGTCGTGTGCGTGCGAGGGGGGCGACGTAAGGGCGCTCCGCGAGCCCGTCTCTCCTCGAATGAAAGGAAACAACCTCCGGCGACAGAGCCCCGCTCTCAGGCACTGCTGGAGAACCGAGACCGACTTCTTTCTCTTTACCCTCATTGGCGCTTCTCTCCTGCAGTCCGCCTCTGGGCCCTGCCGCATTTCTTGAGACTTAAAGTGGCATTCTAAAGGCAATTTAAAAATC,15.18719782880635,3.9247837993938046
9236,ENST00000298556.7,ENSG00000165704.14,HPRT1,134460153,134520513,544.573039897907,1407,903.812,1754.7,43.7408,CTGCTTCTCCTCAGCTTCAGGCGGCTGCGACGAGCCCTCAGGCGAACCTCTCGGCTTTCCCGCGCGGCGCCGCCTCTTGCTGCGCCTCCGCCTCCTCCTCTGCTCCGCCACCGGCTTCCTCCTCCTGAGCAGTCAGCCCGCGCGCCGGCCGGCTCCGTT,12.450001826621987,3.638074048848051
9237,ENST00000330288.5,ENSG00000184785.5,SMIM10,134990938,134992473,49.26483666800398,1536,1280.61,472.0,8.30401,GGCAGGGCGCCAGTGACCGCTGGGGCCAGAGCCCTGCCGGGAAAGGAGGGCTTCCGCCTTGCAGCGCAGCTCGGATCAGCAGCAGCCCAGGAGGCCTCCCGCCCGTACTTTCCCGCGTCCATCCCTCTGTCCCACGGTCGGTGAGTCAGCGGAGCCTG,5.932656230905789,2.568678187932536
9238,ENST00000257013.8,ENSG00000134590.13,FAM127A,135032366,135033546,223.02192449344196,1181,1540.47,958.546,14.0191,GCGAAGCGAGGAGCAGCG,15.908433814827054,3.9917199042330225
9239,ENST00000339249.4,ENSG00000173275.12,ZNF449,135344796,135363152,6.691511363254482,3773,3274.17,242.294,1.66726,AGTTGCCGGTGAGCTTGGGAGAACCGTGGGCGCTGAGGCGCTGTAGGTGGCTCCCTCCCACCCCAACGATTTCAGAGAGAAACAAGTCGGAATCTGAGAAGTGAGGCTCCAGATAAACTGTAAACTGCTGGAAGGGGGCG,4.013478019777648,2.0048529965594506
9240,ENST00000218200.12,ENSG00000102081.13,FMR1,147911951,147951125,40.50922863630584,4333,3078.7,742.834,5.43608,ACTTCCGGTGGAGGGCCGCCTCTGAGCGGGCGGCGGGCCGACGGCGAGCGCGGGCGGCGGCGGTGACGGAGGCGCCGCTGCCAGGGGGCGTGCGGCAGCGCGGCGGCGGCGGCGGCGGCGGCGGCGGCGGAGGCGGCGGCGGCGGCGGCGGCGGCGGCGGCTGGGCCTCGAGCGCCCGCAGCCCACCTCTCGGGGGCGGGCTCCCGGCGCTAGCAGGGCTGAAGAGAAG,7.451919146941518,2.897612021174436
9242,ENST00000423421.5,ENSG00000197620.10,CXorf40A,149540355,149550510,42.8360532743198,1403,1638.44,75.6457,1.0402,TTCTTCGTGAAAGGGATGACGGGAGCTGTATGAAAGCGGAAGAGTTATAGACCGCTAACACCTGTCACTGGCCACTGGTTTCCCGGAGTTAGCGGCAACGACCTTGCAGCCTGGACACTAGCCAGGCGCTCCCTCTTCTCACAGCGGCCCACGTCTCCTTGCTTGGGAGCCCATCGTCCTGGCTCCGGTGGCCTCGCTGGGTCTCGGGGAAGCAGAGGACTGTTCATTCCTGTGGCGAAAAGCCGGAGTCGGCCCTAGACACCCACGACTCGCAGGGTCCATGGTTCCGGAGGCCGTGAGACCTGCCGGGGCTGACAGGTGCCAGGGCCCATGCTGCGGGAGCCTGTGTGCTCAGCCTTCTTGCGGACGGTAAAGAAGCTAAGTGGAAGAGTGTTTCCTCCTCTGGCCGTAAAGCAGCTGTCCCCGCCCTACTCCGGACCGCCCCAAAGACTCCATGGGATGGACCTGAGTCAGCCGAATCCCAGCCCCTTCCCTTGGGCCTGCTGTGGTGCTGGACATCAGTGACAGACGGAAGCAGGAGACCATCAAGGCTACGGGAGGCCCGGGGCGCTTGCGAAG,41.1805934188808,5.363892714471615
9243,ENST00000370396.6,ENSG00000171100.14,MTM1,150568619,150673322,9.173578534405314,3593,2800.58,185.473,1.49209,GCAGCCGAGCAGCCTGGCAACGGCGGTGGCGCCCGGAGCCCGAGAGTTTCCAGG,6.148140215674198,2.6201500677858554
9244,ENST00000325307.11,ENSG00000029993.14,HMGB3,150980509,150990775,53.47242564539242,3560,3706.64,1115.97,6.78319,AGGCGGCTCTCGTGGAGGCAGCTAGCGCGAGGCTGGGGAGCGCTGAGCCGCGCGTCGTGCCCTGCGCTGCCCAGACTAGCGAACAATACAGTCAGG,7.883079442768435,2.9787593135586974
9245,ENST00000330374.6,ENSG00000160131.13,VMA21,151396515,151409364,191.82708406557845,4717,3615.66,2066.95,12.8797,CTACTTCCGGTGCGAACCGCCTCGGCCGTTCCCTCGCGGAGCTTACTGAGCGCGGCCGCCGAGCCCAGCTCCGCCGCCGAGCGCCTGTGCCGGCACGGCTACACC,14.893754052157927,3.896635533818383
9246,ENST00000440023.5,ENSG00000147383.10,NSDHL,152830967,152869729,63.08885826237608,1630,1741.26,397.909,5.14852,CGCCGAGCTGGGCCAATCCTCTTGGTGGAGGAAGCTCGGCTGATTCTCGGCTCACGCGGGAGGGGAGTAAAGGGTGGCGGTCCGGGCCTGGAGTTCAGTGGGTGCAGCCTGCTTGCGAGCTGAGGCCAGACAGGGGGGCGCCTACGGACGGATAAGGAGGAGCATTCCAGGCCGAGACGCCCTCATCAGCAGAGTCACAGGAGTTTTGGAAGTGAGAGAAAAGAAAAGTTGATTACAAACGGGACCATATTTTGCTTCGAA,12.25378521640706,3.6151555640669923
9247,ENST00000370251.3,ENSG00000063587.13,ZNF275,153334155,153360110,4.405000146323399,6320,7379.4,849.536,2.59372,AAACGCGCCGCGGGGCTGTTAGCTCGGCTGGGCACGGGCGGCTCCGTGGCGCTTCCTGCCACGCCAGGCCTGCCTGGGCCGCGCCAGCGCCGCTCCACCGAGGGCCGCGCGTCGGCCGCCGCCGGGCCTGGATGGGGCCTTACCTGCCAGGCTGATCCCTTGGAGTAGTTCTGAGGC,1.6983329527949815,0.7641193224113336
9248,ENST00000253122.9,ENSG00000130821.15,SLC6A8,153688099,153696593,12.438142846598016,3763,5605.44,1926.75,7.74421,GCCTCCGCGGGCCCCGGCCGGGGCGGGGGGCGCGGGCCACAGGCCCCTGCTCCGGCCGCCGCTTGCAGACCGCGGGCGCCGATGTCGCCCGCGCCCCGCTAGGCTGAGCCTCGGGTCGGGCGAGGAGCCGCCGCAGCCGCCGCCGCCCGAGCCGCGGGCAGGAGCCTCGGGAGCCGCCGCCGCCGCCGCCGCCGCCCGGCCGGGCCCCGCCGCCGCCCGCGCGCCCCCGGGCCCCCGACACACATGAGATTCTTCAGGCTCACTTTCAAGTGCTTCGTGGACTGCTTCTGACTGCGCCGCCCGCGCCCCGCACCCCGCCGCCCGCCCGCCGCCCCGTCCCCCGGCCCGGCCGCCCCCCGGCCCCCGGCCGGCCCGCGCCCTCGGGGCCCTCCCCGGTGCCGCCGGTGCCCCCCGCCTGACCGCCGCCCCCCGTGAGGCGCCGCGACCCCGGCCCGGCCGTGCGGCCCGCCGAGGCC,1.606121585881325,0.6835811112290799
9249,ENST00000369842.8,ENSG00000102119.10,EMD,154379197,154381523,228.5102841589983,1379,1567.78,1389.2,19.9637,GACGTTTGGGCTCGCGGCCCCAGCCTCCCAGCTCTCAGGGCACGGCCGGTCTGTGCCGGCTGCTCCCGCGGTTAGGTCCCGCCCCGCGCAGCGCGCGCAGCCTGCGGAGCCAGCGGCCGTGACGCGACAACGATTCGGCTGTGACGCGACAACGATTCGGCTGTGACGCGAGCGCGGCCGCTCCCGATGCGCTCGTGCCGCCCCCGCCGTGCTCCTCGGCAGCCGTTGCTCGGCCGGTTTTGGTAGGCCCGGGCCGCCGCCAGGCCTCCGCCTGAGCCCGCACCCGCC,11.44628922288946,3.5168080611203836
9252,ENST00000612460.4,ENSG00000102125.15,TAZ,154411518,154421726,4.012060187178754,1793,2277.36,119.86,1.18578,CCGGGCCGGGGTGCCAGCGCCCGCCTTCCCGTTTCCTCCCGTTCCGCAGCGCGCCCACGGCCTGTGACCCCGGCGACCGCTCCCCAGTGACGAGAGAGCGGGGCCGGGCGCTGCTCCGGCCTGACCTGCGAAGGGACCTCGGTCCAGTCCCCTGTTGCGCCGCGCCCCCGTCCGTCCGTGCGCGGGCCAGTCAGGGGCCAGTGTCTCGAGCGGTCGAGGTCGCAGACCTAGAGGCGCCCCACAGGCCGGCCCGGGGCGCTGGGAGCGCCGGCCGCGGGCCGGGTGGGG,3.3834777000613556,1.7585068800158075
9253,ENST00000369762.6,ENSG00000071553.16,ATP6AP1,154428632,154436516,182.4896781966567,2099,2743.67,2548.17,20.9247,GGGGGCAACGGTCACCTGATCTGCGGCTGTCGAGGCCGCTGAGGCAGTGGAGGCTGAGGCT,8.721256610448737,3.1245360220491447
9254,ENST00000447750.6,ENSG00000203879.11,GDI1,154436913,154443467,111.2434120730938,2474,3396.79,3386.85,22.4641,CTGGGCCGCAGCACCGGCCGCCGGCCCGCCCCGCCCGCCCCGCCCCGCGCCTCTCTAGACTCTCGGCGAGCAGCGTCGCCCGCGGAGCCGCGCTGGTGCTGTGGCCCGGGCCCTGGCAGCCCTCCCGGGAGGCGAGCCGGGGAGGCGGTGGCCCCTGCCGGTTGCGGCGGGGCGCGGGAAGAGGCGGGACTCTTTGACGCGGCGGAGGGGTCGGGCGACGGCCGACGCGCCGCCATCTTTGGTCCAGTGCGGTGGCGGCGGCGGCGGTGGCGGCGGCGACTGCTGCGGTGAAGGAGGAGGAGGAGCCGAGCGGGCGCTGGCACCGAGGCCTGACC,4.952052923246148,2.3080267329077455
9255,ENST00000393600.7,ENSG00000071859.14,FAM50A,154444126,154450654,64.47820379470984,1352,1383.81,981.644,15.9823,CACGGCGCGGGCGTCAGCTGACTGTTCGGCCGCCACCGCCGCTGCCGCTGCCGCTGTCGCTGTCGCCGCCGCCGCCGCCCGCCGCCGCCGCCGCCGCCGCCGCCGCTGCC,4.0343507376729155,2.0123365141702934
9256,ENST00000369550.9,ENSG00000130826.16,DKC1,154762742,154777689,137.16926971717535,2577,2506.32,2477.16,22.2679,AGCAAATCGCATTGCGCAGACGACCAGCGGGCGCCTCGGATTCCGCCCCCGGGATGGCCCCGCCTCCTCCCGCCCCGCGGCAAGGCACGCACAGGGCAGTGCGCGGGTGGGTGGGTCCTAGCAGCGCGGCCTGACGGGACCAAGGCGGCGGGAGTCTGCGGTCGTTCCCTCGGCTGTGGACCGGGCGGCACGCACGCGGTGCAGGGTAAC,6.159955349052912,2.622919893463455
9257,ENST00000330045.11,ENSG00000185515.14,BRCC3,155071420,155123074,30.725077926782834,2496,2082.32,294.873,3.19042,GAGCGCACAGCGCTGGGCGCTGGGGAGGCTGCGCCGCAGCACCCGGTTGGTCAGGACCAAGTGGGCCCGAGGCGGACGTGAGAAGGGTCGGGCCAAG,9.630417915754927,3.267598405743176
9260,ENST00000286428.5,ENSG00000155959.10,VBP1,155197007,155239817,382.5591604611119,1686,1182.16,1774.04,33.8102,TGCGCACCAATGAATGTGCATGGAGATGGAGAGGCGGGCCTGCAAGTGCGAACAAGCCAATCACGGAATCCCGGCGGCCGGCGGCCCGGGAGGCAGTCGCGCGCTCGCATCCCCAAG,11.314903800069562,3.500152413672233
9261,ENST00000381077.9,ENSG00000130021.13,PUDP,7048920,7148190,30.91387888406067,2140,1947.44,505.818,5.85183,CTCAGTGCGCGTGCGCGGGGCGGGCGGGTGCGCGCGCACTTCCTCCTCGCCCCCACCCAGACCCAGAAGGCGCCACC,5.282771181674907,2.401294922248391
9262,ENST00000262648.7,ENSG00000011201.11,ANOS1,8528874,8732186,26.5344805186295,6314,5300.64,959.946,4.08019,GTCGGCGAGGAGGGTCCGGCCGGAGTTGAAGGATTGAACTTTCCGGCTCAGTCGCGGCGTCTGCCTGGTCCTCAGCAGTGCAGCCCCGGCGCGGAGCAGGGAGCCTCGGCCCGCGCCCGGCGCCCTCGCCCTCGCCCTCGACCCGCAGCC,6.503246299468775,2.7011600644506646
9263,ENST00000317552.8,ENSG00000101871.14,MID1,10445310,10833654,54.51226790775838,6463,6111.62,390.122,1.43816,GATTGGCGAAGCTCCTCCGCGGCCCAAGCCAGCCACCTACAACGTCTCTGAGAACTGATTTGAAATAAGAGCCAGGCGGTCCTCGCTTCCCTGCGACCGACTTTTCATAGGCTGGGGGAGAAAAGGTTGAGAAACTTGACATTGTCTCGAGCAGAGTGCGTGTAGCAACAGATCAAAGAAAAAGAGGACGAAAACGTGCTCTTTGCTGCCCGTAGATTTCGCCGGGTTGCTTTTGTCTTGCGGGCTCCTGTCGGGTTCGGTGTTTCCGCTCTGAAGACTGCGACGCGGGCTCCGATGCAGCTCGCTCCCTGCCGGATGGGTCATGGGATTCTAAACATGAGGCAGATAGCTGATCAGCTTCCTTGGGTTTTGCTGATGACACAAGAGAGCTTTGCCTGAAG,37.90417471474549,5.244284848523162
9265,ENST00000359680.9,ENSG00000196459.13,TRAPPC2,13712244,13734635,6.857986174568948,2716,2349.89,149.336,1.43179,ACATCCCAGGGTATCGCGAGAACTGCTTCGGCGTTCTGGCTACAGGTTCGGGGCGCGGGTCTCTTCCGCGGAAACTGACATTGCGTTTCCGTTGTCGGCCTCCCACTGCAGGAGCCATATATTGAAGACC,4.7897989052647025,2.2599650871791095
9267,ENST00000454189.6,ENSG00000046653.14,GPM6B,13771031,13938638,54.16103990025987,3957,3109.75,854.242,6.18895,AGCGCAGCCCGCAGAAGCCCGGTCAGCGCACGTGCCCGCGAGACCTGCAAACTTGTGCCACCGGCTCTGCCCGTCCCCGGGGAGCCCGAACGCCCCGCAGCCCTCACCCCTCCCGCCAGTCTCCAGCC,8.751248580172707,3.1294888674496457
9268,ENST00000380523.8,ENSG00000046647.13,GEMIN8,14008279,14029893,40.608616848395705,1682,1711.12,82.8558,1.09095,AGTCGCCCCGGCAACAGCCGCCTCCCTCGCGTCCCCCACTCCCCCTCTGTCTCTCCAAGGAAAACTAGGCCCCTGCGCGGCCAACGCCCAGGATCCGCAAGCTGCGCGCCCACGAGCTCCACCAGCCCATTGGAGAAAAGTTACTGTTCAGTCCCTGAAGGCTTGTGCCATAAAAGAGTGGGAGACATTCCCAGGGAGGTGAGGAATGAAAGATCGAATTAAAGACCATTAAAGACCAAAGGGCATCTAAATCTGCAGCAACCATCAGCTCTCTTTTCTTTGAGAGTTTCAGCACCCATTTGGACTTTCACAATCAGAG,37.22316957550365,5.218129001874161
9270,ENST00000398334.5,ENSG00000181544.13,FANCB,14843407,14873069,7.037178313852206,3008,2091.28,287.304,3.09522,AGCGCGCTGGCGGGAGGTTTGGAGCAGATGGATACCGTATCGACGTGGGGCCTCCGGTATGTTGCCGCTGCGTTGAGTTTCATAAGTACAAGCCAGACCTTTGATTTACCTACCCTATCTTCTTTACTGATGAAGCTGAAACTACTTTGTGATGCCTATTGTCCCAGATCTTTCTGTTAATTGCCTAACAACAAACCAGTTTAGAAACATCAACTGGAATCAATTTGCATTTGAAAATTAGATCAGCACAAAGACTTGATATTGTGGA,2.2735632083833157,1.1849551136727439
9271,ENST00000333590.5,ENSG00000165195.15,PIGA,15319451,15335580,16.05579390428696,3652,2957.62,237.125,1.80633,ATTGGTGCTGCGGAACAGCAGGGAGGGACTCCGGCTGCAGCCGCGGGAGGTCCGGACACTGGCGGCCATGGAACTCACCGGTAATAGAGGACACATCTCTTAACTGGGTTGCTCTAAGAACTGATGTCTAAACCGTCTCAGC,8.888627163523255,3.1519606139573657
9272,ENST00000329235.6,ENSG00000182287.13,AP1S2,15825806,15855014,55.13638346252056,2237,1528.48,1069.31,15.7618,GCTTCCCGCGCGTCGCCTAGCCCGCCCCTCAGCTCGCCGCAGCCCCGGCTCCTCCCTCGTCCGGCCCCCGGGGCGGGGTCTGTCAGCTTGCCCTCCCCTCTCCGCCTAAGCCTGCCCTATGCCAGCCGGGTGTCCTCCCCACAGCACCACGGCTTCTCTTCCTCAGCACGGCGACAGGGGCTTCCCCTTCGCCGCCGCCGCCGCCGCCGGCCAAGCTCCGCCGCGCCCGCGGCCCGCGGCCGCC,3.498101959327016,1.8065723401662916
9273,ENST00000380087.6,ENSG00000102054.17,RBBP7,16839283,16870414,387.94891130495,2333,2156.31,4526.63,47.2961,GGTCTCGGCGCCGGAGCCGTTGGCTCCCAGACCCGCCTCTCCGCCTCCTCTCACTTTTCCCAGGGCGGATGCGCCTGCGCTCAGCTGCCTGGGCGGGCTGGGAGGCGCGGGTTGAAAAGTCTCGTTCCAAGTTTGGAGAGAGAGAGAAGAGCGCCTCAGACCTCGGTACCCGCGAGCGGGGAGGAGGCAGGAAAGAAGGACGCGGCGTCTGGGGAGCACCCAGGCAGCAAGACGGGGCCCGGGCTTTCGACAGTGGGGAGTGTGACGCGCTTGGGAAAGGCAGGAGCGCCAGCGGTCGGGCTGCTCTTGGCTAACGAGAGGAGTCCGAGGCGGCGGCGAGGGGCGAACGACCCGACGCAAG,8.202556052295009,3.036073547456495
9275,ENST00000251900.8,ENSG00000102098.17,SCML2,18239314,18354727,34.99210417679031,4200,3537.93,968.395,6.16688,GGCGGCAGTGGCGGTTGCGGGGCATGCGCGGCTCCGCGCGCGGCTTCTCAAACATGGCGGCGGCGGTGTGAAGCTCGGTGCCGGCTCGCGCGATCGGTGGGACAGAATTTCGTTGTTTTCACCGACGAGACTGGAGGAAACAACACCAAATAGGGATACC,5.674198975298744,2.5044167420193157
9276,ENST00000379942.4,ENSG00000044446.11,PHKA2,18892300,18984598,9.360447075104974,5559,6626.77,715.145,2.43139,CGGAGGGCGGGTCCAAGGCGCCCAGGTGGCCGCGGCAGAAGGGCCTGTTTCTCTGGCCTTGGCTGTGGTTGGCAGCCGGCCGGGGAGAGAAGGGACTCAGGGAGGCAACCTGGTTCCCGCCCGTTGCTGATTTCGCAGCGGCTCTCCCGGGCCGCCCCCTTTTCCTTCCTCCTCAGGCCGCGACTTGGAGGGTTCCGCTCCGCGGCGGGGGCAGAGCCAGGGGCGGGGCTGAGCGCGGCCTGGGCGATCTCCCCGGCGGCTGGGGTGGGCTGGCGTCTTCTTCGCGCCCGGGGGACCTCCTCGCGACCGCCGGGACGTAAAAGGGGCTTGGCAGGGGCGTCCTCGCCCCACTCCCGGAACCTGGTTTCCCGCTGCTCCCGCGAGCGTCGGGAGCCCAGCAGGCCTGGCCGAGGCGGGACCTTCGTCGCTCCAGCCCCCGTCCCCGCCCCCGCGCCTCCCCGCCGCGCGGAGCTCTGGTTGGCTTGCTTTCCAACCGGACTTTGGGGCTAGCGTTTAGAAAAGTCTCGACCTCCTCCGGCCCGGTCCCATCCCAAGAACCGACTAAGGCTGTGAGTGTCCGGGAACCAGACCCGCTTGGAGGCCACAGCCCCGACGTCCCGCGCCCACGCGGCAGATCGGGCGCTGCGGCCTGGGAGCCTCGGGGAG,3.84983366514832,1.9447961144699752
9277,ENST00000397821.7,ENSG00000147010.17,SH3KBP1,19533975,19887601,7.405139141170056,4731,4788.64,311.014,1.46329,CGCAATTTCCACTCGCGGGGAGCAGGAAACCCGGCGCAGCCGGGCGCATTGGGCCGCGATGCAACAGCAGCAGCAGGAGTCGCCCCGGGGCAGCAGCGGCAGCAGCAGCAGAGGCAGCAGCGGGCGGCGCTGAGCCGCCGCCGCCGCCACTGAGGAAGAAGCCGGCCCAGCCGCCGCCGCGTCCGGACCCTCGCGCCTGGATCCCAGCGCCCCGATCCCGGCGCCCCAACCCCCACGCCCGCCTCCGCCAACTTTCACGCTGCCTCGGCGGCCCGGCCCGGCTCGACGCCA,5.060609408367484,2.3393111275066634
9278,ENST00000379565.7,ENSG00000177189.12,RPS6KA3,20149911,20267100,58.19031325149046,7918,6539.64,1804.85,6.21799,AGGCGCGCGGCTTTCGGGCGGTCGGCGTCGGCGTCGAGCCCTCTCTGGGGCCGCCGCCGCTGCTGCTGCTGCTGCCGCTGCCGCTGCCGCTGCCGCCGCCGCCGCCGCCGCCGCCGCTGCCGTGGGGCTCGGGCGGCGACGGAGCGGGGCCGGCCGTGGGGCGGGCGGGGAGGGAGGAGGCGGTGAAGGCGGCGGGCCGGGGGGGAAG,9.358379999242594,3.2262588108623955
9279,ENST00000379303.9,ENSG00000123130.16,ACOT9,23702253,23766475,33.58541218762016,3117,2994.1,248.291,1.86834,GTCCGGCTCCCGGGCTGTCCTCAGCAAGGGCGCGGTCTGGTACTCGTGCGTCTTTTATCGCCTCAGTTTCCCTCCGCCGACTAGCGCGCGGGGCCCGGTTCTCCATCGCGCGCACGGCAGCCTAGCGCA,17.97607083701048,4.168005809653689
9281,ENST00000379226.8,ENSG00000184831.13,APOO,23833353,23907934,39.5564037473278,1118,932.213,432.474,10.4522,GCGTTCACCCGCTGCCCGGGCGCGACGCGCTGCGGCTCAGCGACGCGGCTTCTAGAACCGGGTGATTGAACTAAACCTTCGCCGCACCGAGTTTGCAGTACGGCCGTCACCCGCACCGCTGCCTGCTTGCGGTTGGAGAAATCAAGGCCCTACCGGGCCTCCGTAGTCACCTCTCTATAGTGGGCGTGGCCGAGGCCGGGGTGACCCTGCCGGAGCCTCCGCTGCCAGCGAC,3.7845050560961138,1.920104634476225
9282,ENST00000328046.8,ENSG00000174010.9,KLHL15,23983720,24027186,222.70628740598377,6272,4847.57,3968.0,18.4421,GTTTCAACTCTTGCTTGAATCAAGAACAGAAGCCTCTCTTTAGACAGGACTTATCCAGAGGGGGCTGCAGGCGAGCACTCTCGTGCCCCGCCGGAGCGACCCGGCTCGTGCCGGGAGCGGCTGCTCGTAGACGTCCGAGGAGCCTGCCGAGTGCCGTCCCGGCGCCCGACCGCCCACCCATCGGCCCGCTGGCCCGGTTCTTCCTGATGCAGACTGCCGTCCACTAGAGGCTGGACAGGACCCCCCGAGGTGATTC,12.07597222691471,3.5940674388539815
9283,ENST00000378723.7,ENSG00000198947.15,DMD,31097677,33339441,5.275746037936496,4645,4059.54,248.884,1.38128,AGTGCTTTCAGCTGTGAGCTTGGGCGGCGGCGGCGGCGGCGCTCCACTTTCGGGGAGCCCGGCGGCTCTGGGAAGCTCACTCCTCCACTCGTACCCACACTCGACCGCGGAGCCCTTGCAGCC,3.819461686216043,1.933369319582368
9284,ENST00000378578.8,ENSG00000165169.10,DYNLT3,37836757,37847637,55.90541857930352,2217,1451.22,710.385,11.0287,CAAAGGCGGGGATTGCGTAGGGAAAGGCCCTAGGCCATAAACGGGGGTGGGGCCTCCCCGGAGGCCAGTGCGCGGCCGCGGTGCTCTACCGGCGTGTCGCTCCGCCCCAGGGAGAGCCGGCGCTACC,5.0690850761471,2.3417253773630824
9285,ENST00000318842.11,ENSG00000156313.12,RPGR,38269163,38327564,6.988126868856012,3108,2471.12,280.257,2.5552,AAGCTCCGCCCCCGTTGCCCGTAGCGGCTGTTTGTTGACTTCCGGGAGCGCGGTTGTAGTTGATCTCCGGAGTTTCGCCATGCGGAACTTGGGGGCTTTCGCGGCCCGCGTCGGTGCGGAGTAGCTGCTTTAGCCCCGACCAAACCGTCCTCTACAGCCTCCTGGCCCCGGCGCAGGCTGCCCGTACTGCCCGTGGC,2.734864929890424,1.4514695826378703
9286,ENST00000397354.7,ENSG00000183337.16,BCOR,40049815,40177329,26.55018246250844,6258,7497.28,1112.97,3.34457,GCTCGCCGCGCTTCTCCGGCCCGGCTCCTTCTCCGCTCGTTAACGTCGCCAACCCCCCCCACCCCTCATATCTCTCTCCACCCACCCAACCGCCCCCCGCTCCTTCTCGCCGCCTCGAGTCCGCTTGGGGGAAAACTTCAAAGAGCCGGATCGCAGGCTCCCTGCCTACTCCCCCACCGGGGATTTCAGACTAGACGCTTGAAGCAAAGCTGCCATCCCAGAAGACGAC,7.938294747159857,2.9888291302857666
9288,ENST00000324817.5,ENSG00000180182.10,MED14,40648306,40735858,36.29184179551406,7984,6885.63,3641.79,11.9161,CGGCCCGGCGGTAGGCGGTGGCGACTCTGCCCGCTCCCGTTTCGGCGCGGTGACCGAGCGCCCGGGAGGCTCGAGGACCGCATCGTGTGCCGTTGCGCCAAGCCCGGTCCTGCGCCGCC,3.045614067984832,1.6067331389756043
9289,ENST00000421587.6,ENSG00000147044.20,CASK,41514934,41923463,21.22227645550613,8204,8408.77,864.18,2.31544,TGCGGCCGCTATCCCCTCCGGACC,9.165547997575462,3.196221140421433
9290,ENST00000378045.4,ENSG00000069509.5,FUNDC1,44523639,44543001,79.7355727217535,1196,890.473,202.462,5.12254,AGAAGGTCCTGCGCTGAGAGAAGGGGGCGGAGACAGGACTACGCGCCTGGAGTAGGAGAAGGAGGAAAAAAGAGACCATAGACTTCCATCCTGGCCTAGAGCGGCCCTTAAAGTGCCAGGGAGAGGAGGGCGGGTGGGGACCACTCCAGAATTGGCCGCTGGCGGTATC,15.56563203445039,3.960292252770892
9291,ENST00000616978.4,ENSG00000065923.9,SLC9A7,46599252,46759172,9.48699160306391,10024,10840.4,857.556,1.78229,GGGCGCAGCCCCGGCCCGGCGCGAGTAGGAGGAGGAGCTGCAGCGGCCACGGCCACTCCGGCAGGTCCGCGGTGCTGCCAGAACCCGCCGACGGCGCGGGCTGCTGGTCCCCGCTCGGAGGAGGCGCGGGGGGCCCCGGGACC,5.322922533966924,2.4122185704574646
9292,ENST00000377811.3,ENSG00000147123.10,NDUFB11,47142216,47145504,472.8486138659995,1388,1748.03,796.795,10.2697,GACCAGCGTCGACGCTCACCTTCTCGGCCCGGGCTGTCAAGGAAGGGCTCCCAGACATCACCTCTGCCCGCCGCCACCTCCTCCAACTCTCCCAGCTCAGCCGGAGCCGGAGCGCGCAACAACCAAGTCCGAGACTGGAGGCAGATCGGGGGGAGGGGAGAAGCGCCAAGCGCGCTGCCCTCCCAGGGAAACTCACTGCCGCCTACTCCCAGCCGGCCACAGTCACCAGCTCAAAATGGCGACGACGAGAAGGGAGTCGGCGCTCCGACCACCATCCACCTACTAAGGAAGCGCGCTCTGGCCGGCCCCGGCGATTGGTCACCGCCCGCTAGGGGACAGCCCTGGCCTCCTCTGATTGGCAAGCGCTGGCCACCTCCCCACACCCCTTGCGAACGCTCCCCTAGTGGAGAAAAGGAGTAGCTATTAGCCAATTCGGCAGGGCCCGCTTTTTAGAAGCTTGATTTCCTTTGAAGATGAAAGACTAGCGGAAGCTCTGCCTCTTTCCCCAGTGGGCGAGGGAACTCGGGGCGATTGGCTGGGAACTGTATCCACCCAAATGTCACCGATTTCTTCCTATGCAGGAAATGAGCAGACCCATCAATAAGAAATTTCTCAGCCTGGCCGAAAATGGTTGGCCCCACGAAGCCACGACAACTGGAGGCAAAGAGGGTTGCTCAACGCCCCGCCTCATTGGAAAACCAAATCAGATCTGGGACCTATATAGCGTGGCGGAGGCGGGGCGATGATTGTCGCGCTCGCACCCACTGCAGCTGCGCACAGTCGCATTTCTTTCCCCGCCCCTGAGACCCTGCAGCACCATCTGTC,46.04307953163184,5.524912424370406
9294,ENST00000247161.7,ENSG00000126767.17,ELK1,47635521,47650604,6.551403259707353,2695,3601.43,479.818,3.00167,CGCGTATGGAGCCCCCGCCCCCCGGAGCTGCCAACATTGCCAACGCCACCGCCACGCTACACACAGGTACCCCTGGGATGGCGTGAGCACTCCCCCAGCG,2.182586113632529,1.1260385763104857
9295,ENST00000333119.7,ENSG00000126756.11,UXT,47651798,47659161,110.30898577400868,574,388.046,1039.6,60.3595,CGGAAGCCGCGGTTCCTACCAACCGTTCTTATTGCTGGCGGCCTGAGGAGCCCATC,1.827533126914714,0.8698975575333472
9296,ENST00000218230.5,ENSG00000102109.8,PCSK1N,48831094,48835633,30.995774321154272,1050,1326.43,297.0,5.0447,GGCGTGCGCAGCCGCAGAGCGCCGCAGCCTCGCCAGCTCGCCCCGGCACTGCGCACTTGCCAGCCAGTCCGCCCGTCCGGAGCCCGGCTCGCTGGGGCAGC,6.144225488364873,2.619231162832568
9298,ENST00000376582.7,ENSG00000126768.12,TIMM17B,48893447,48898143,168.97650376997692,950,1200.41,1271.46,23.8635,TGGGGGAGCAGAGGGCAGCACTTCCTCCAGCTCCAAAAGAGTGCACCCACCCCAACGTTACCAATACACTCGTGCAGGCGGAAAGCTCCGACGCCGGTGTGCGTCTACGCTGGGGGCGTGGCCTGACTGCGCGGCCAGACGCCAGCGCC,7.080960620612103,2.8239450931589616
9299,ENST00000445167.7,ENSG00000102100.15,SLC35A2,48903180,48911958,7.90263467998326,1739,2351.85,136.152,1.30429,GTTGCCGAGGGGACGGGCCGGGCAGATGCCAAC,6.058955201667773,2.599069038693973
9300,ENST00000376509.4,ENSG00000102096.9,PIM2,48913182,48919024,39.79663934450476,2075,2785.36,483.287,3.90918,AGTAGCATTGGGGCTGGCGCGCGCGGCGAATCTCAACGCTGCGCCGTCTGCGGGCGCTTCCGGGCCACCAGTTTCTCTGCTTTCCACCCTGGCGCCCCCCAGCCCTGGCTCCCCAGCTGCGCTGCCCCGGGCGTCCACGCCCTGCGGGCTTAGCGGGTTCAGTGGGCTCAATCTGCGCAGCGCCACCTCC,10.180303630046394,3.3477086856752067
9301,ENST00000376423.8,ENSG00000068400.13,GRIPAP1,48973720,49002264,13.372471480535037,3031,3944.98,531.359,3.03462,GCGCAGAAAGCTGGCGGGGGGGTGGGGGGAGGAAC,4.406637892235284,2.1396783505432038
9303,ENST00000315869.7,ENSG00000068323.16,TFE3,49028726,49043486,11.786603770363532,3415,5117.27,506.103,2.22824,GGGAGGAGGGGGAAGAAGACGAGGGGGAGGAGGGCGGTCGTCCGGGGTTAGGTTGAGGGGGGGCGTCGGTCCGTTCTGGGCGGGGGATGACTCACAGCCCATCCCATCTCCCCGACGCCGCCCGCCCGCGCAGTGCTAGCTCCATGGCTTAGCGGAGGAGGCGGCGGTGGCGAGCTGGGGGGAGGGGGGACTCTTATTTTGTTAGGGGGACCGGGCCGAGGCCCGACCGGCCTGGCAGGGCTCGCCCGGGGCCGGGCGTC,5.289647331689375,2.4031715390154047
9304,ENST00000553851.2,ENSG00000243279.3,PRAF2,49071156,49101170,65.78985662073121,1334,1774.32,938.58,11.9179,CGGTGTGCCCCGCGGTGGCGAGGGGCGTAACGGTTGTTGTAGTCCGGCCCCCTCCTGGCTGGTCCAGCCACATTAACCGGCAGG,5.5202558018385135,2.464735121259462
9305,ENST00000156109.6,ENSG00000068394.10,GPKOW,49113389,49123801,30.07884789117956,1742,2232.15,411.0,4.1484,ACTTTGGCCGGCCCCTAGCGATCTGAACCCAAACTAAATTTCCCAGCAAGCAGCGCGCCGGCCTGGGAAAAGGAGCAAG,7.250710609193801,2.8581223940408194
9306,ENST00000263233.8,ENSG00000102003.10,SYP,49187804,49200259,30.693231157209897,2498,3775.71,382.36,2.28158,AACGAGCGCGCGCCGCCCCCGCCGCGCCCCGCGCCGCCCTTGCTAGCCGAGCCTCCCGCCCCCTGCATTGCTG,13.45262105962092,3.7498153844958013
9307,ENST00000375401.7,ENSG00000126012.11,KDM5C,53191321,53225422,28.86409004991381,6031,8583.44,1753.78,4.60337,CTTGTTCCTCCGCCGTTGCAATGAACTATTTTCTCTCAGTCCGGGGTGGTACTTTTGAGTAACCCCTTCCAAATAGAAACCCATACCAGCCTATTTAGCTCGGTCTCCACTATATGAAGGTTTCCTAGGGCTTGGTGTGACGCAACGTATACGAGGCTCGGAAGGACACCCCGCGGAAGGATCCGGTTTGTTGTGGTGTGGGGAGGGGAGACGCTGACAAACCAAGATGGCGGCGGCGGCGCTGAAGGCCGCGGCGTTTGGGAGGTAACTGTGGTGGCGAAGGCTGCGGTAGTGGGGAGGCAACCACACAGTTTGGAAGAAACGGAGCGGGACGAAGAGGCGGTAGCAGTAGAGTCAGCCTGAGACTCTCAGAGCACGACGGCCACACGCCCCCTTAGGCCCTCGGCGGGCGGCGGCTGCCCCGCTTAGGGCCTAGCCTCCGAGCATTGCCTCGGCTTCAAACAGCGGCGGCGCCATGAGTCCTTAAGGGCGGTCCAAGCCTCCCGATCCCTGGCCCAGACCTCGGGCCCACC,6.270208575437953,2.648513434374221
9310,ENST00000322213.8,ENSG00000072501.17,SMC1A,53374149,53422728,156.68568833349934,9784,10670.5,13025.5,27.5023,AGGCCTGGACGTATTCTCGCGACATTTGCCGGTCGCCCGGCTTGCACTGCGGCGTTTCCCGCGCGGGCTACCTCAGTTCTCGGGCGTACGGCGCGGCCTGTCCTACTGCCGCCGGCGCCGCGGCCGTC,5.697184902117253,2.510249229631203
9311,ENST00000168216.10,ENSG00000072506.12,HSD17B10,53431258,53434373,205.90940676551725,960,1010.09,1381.45,30.8131,CCCATCCCGTGGAGTGGCCGGCGACAAG,6.68252810543299,2.7403940001800673
9312,ENST00000342160.7,ENSG00000086758.15,HUWE1,53532096,53686729,42.708841538677866,14796,18142.5,6985.44,8.6748,TCCGCCCCTCACTGCTTCGTTAGGTTGTGCGTCATTTGCTTTTCGCTTCGCGTAGGGTGAAGCTGTAGCTACTTCGGCTTTGGTGGGAGGGAGGAGGGGTCTGGAAAGGGCTGGGCTCAGGCTTTTCCCGTCCGGTAGAGGTTCTCGCGGGATCGCGCGGAGGCGGCGGTGGCTCGGTTACTGACTGCAGTAGCCGCGGAGGCGGCGGCAAGGTCTTCGGCTCGTGCCGTTCTAAGCCGGAGAATTCTCGCGGGAGCAGGGTTACGTCCTCGTGGGATTCGTTGGCGGTGGCTGAGGTCCTCCAGCAGCCTGACCTGAGTGGGTTAGTGATCCAGAGAAACCAGCAGGCCAACTTGGTCAGGAAGGTTCGGGAAGCTGTTGGAGCAGTGTGGGGAATTTCCCACCAGGATGAGTATGATTGGCTGTGATTTTAGATCGTAAAGCTGAAAATTGAAATC,4.923322905274804,2.2996323645090726
9313,ENST00000338154.10,ENSG00000172943.19,PHF8,53936676,54048958,9.689973745219598,6062,7785.56,1017.62,2.94482,GCGGCCGCCAGACTAGGCCCAAGCCGCGGTCTCCAGTAGGCCCGAACGGCCGGGCCGAGGGGAATGTTGTGGAGGAGGCTGCTCTGAAGCACCGTTGAGCGGCTGGCGCCGCGCGACCCAGCGGGGGGCTCGAGGGGAAGGCGAGCGAGGTTCCCGGCGGTACGGGGACTATCCCAGAATTCGACGCGCGTCGCCGTAGGGGCCGGAACTACCGGACGAGCCTCCGCTGAGGCGCTTCGCAGTCCCGGAGCTAGCCCGGCTGCCGGCGTGTCGCTGGGGCTGAGCTCCGCGGGCGTGGAGTCCTTGCAGCCCAAAGCATGAGGAGGTCCCTGTAGGATTCTGGACTGAAGACGTTCTTGTCAGGTTTGGGGCGTGAGGAGGTTCCTGTCAGTTGGGGAAGCGTTAAGATTCCTCTATCGTCCAGAGAGGACGCGTGCTGCCGCCTCCCGCCCCTCTTGACACGACGAACCTGGCCGGCCGCAGAACGCTCCAGGGCCGAGCGAAG,3.2905147836606647,1.7183133036375642
9314,ENST00000477084.1,ENSG00000184083.11,FAM120C,54068324,54183281,6.990736323988801,1140,1254.75,91.9535,1.6511,CACGCGCCCGCCCCCAGCTTCGCGCCCAGATCGTCGCCTATCCTGCTTGCGCAGCCGCTATCGCGTCTGCCCACCGACGAAGC,4.233987235169766,2.0820169198450214
9315,ENST00000375135.3,ENSG00000102302.7,FGD1,54445454,54496166,12.627213979000125,4275,6034.66,519.0,1.93766,CAGGGCTCCTTCCCGCCCGCCGCCGCCGAGACCCAGGCTGAAGCTGGGGAGGACGGTGGAGCCCGGCCCAGGCCGTTCTCCTGCCCCCGCGGCTGGAGCATCGTCTGGGACTACTGGCTGAAGGCGAGCCCCGCAGCCCAAGCGCAGCGCACACGCGCGCCCCCGGCCACCGCCGTTCTCTCTTCCCTCCCCTCCTCTCCCCTCCCCTCTCCTCCGCCCCCGGCCTCGGCTGCGGCGGGAGGAAGAACGCTTCCCAACCAGCCAGGAGAGCCCAGATCTATTCCCATTCGGGGAGAAAGAAGAGACCCCGCACTTGGATCCGACCGACTTCTCGCCCCGGGGCCACGGAAGTGGCTCGCCGTCCACCGGAGAGTCCCCGCCGAGCGTAGCCCTCCAACCCTCGCCCAACCGCAGCCGCATAGACAGCGCTCCCCAGCGGGCCCCCGGCCCCGCCGAGCCCACTCCCCGCGCGGGGCCGGGGCCGGGGCCGGCGATGCCTGGCACGGCAGCGGCGGTGGCCGCGGCTGCTGCTGCTGCTACTGCCACCGCTGCCACGGCTGCTGGCCCGGGCCCGGGCTGGGGGCTTGAGTCTCTGCAGTGGGGCTGAGCCCGCAGTCCCGCCCCCCGATCCTGAGGCCGCTGCTCCGCCGGGCGCCGGGCCTCCTCCGCCCGCGCCTCCGCCCCAGGAGCTGGAGCCAAGCGGGGAGCTCGGGCCCCGCGCCCAGGCCCGGACC,6.516733575033868,2.7041490141603197
9317,ENST00000374884.2,ENSG00000186767.6,SPIN4,63343227,63561071,47.70087359917846,4117,3173.9,260.0,1.84562,GACCCGGTCGCCAGAGTGAAGCCAAGCCAGCTAGCGCTGCGAAGCCCAGGCCGCGCGGACTCCCCAGAGACTTGCCGCCGCCTGCGCCTTTGCCGCTGCAGCCATCCCTCTTACTCCTTGCCTTTCGTCCCCGTCGTCTCCTCTGCCGCCGTGCCGCAGCCGCACCAGCATCGACAACAGCTAAGTGGCCGATTCGGGGACTTGGGGTCGGGGTTGGGGCGGACGCAAGGCACGAACAGCACTCGCGAGCCCGCCATCTCTACGTCAGCCGCCACTGCTGCAGTAACCCTTCTAGGGCGAGAGAGGAAAGCACTGTGGAGAGGCACACGCTGTCCCAGTGCTCACGGTTAGAGTTCGAGCGTTTCTGCCAAAACCTTGGTGAGAGCCTTGCACTTGGAGAAGGGAGCACAGACCAGGTCTTTGAGATCGCAAAAAATATATATATCATATTGCATAGTGTTGACTTTTTGTCAGTTTAATCGACCAGGGCAGCAGCTTTCCCCAAGCCCTCTTAATCCCTGAGCT,25.845446841266597,4.691838240104506
9318,ENST00000374839.7,ENSG00000126970.15,ZC4H2,64915802,65034713,13.483893689692646,2184,2519.03,173.792,1.55439,CAGGCTCATAGCCCCAAGCCCGGAGGAGGTGGCTACATTGTGTCTATTGTATCCCTTGGCTGGTGTATTTGTACATCTCTCGGGACGTGAAATTGACAGTGAAAAGT,8.674717213628913,3.1168167281641104
9319,ENST00000374807.9,ENSG00000001497.16,LAS1L,65512582,65534775,48.74974218572244,2386,2950.33,1056.23,8.06586,GCGGAGCGGCGCGGCACAGAGCCTGTTGTTGAGCTCAGT,6.043960865390973,2.5954943190915647
9321,ENST00000374719.7,ENSG00000131080.14,EDA2R,66595637,66639298,5.298481349495576,3418,3901.83,185.549,1.0714,CCGGAGTCCCATTTGGGAGCAAGAGCCATCTACTCGTCCGTTACCGGCCTTCCCACC,4.945381136359508,2.306081712561021
9322,ENST00000355520.5,ENSG00000079482.12,OPHN1,68042344,68433913,2.269349374284404,7879,8186.07,533.748,1.469,TGTGCGTCGCGCTCTCGCCCTCCTCTTCCCGCTGCAGTGTCTATGGAGCGAGGCTACGTTTCATTGCCGCCCTGGCTTAACCCTTCCGGCGCCTAAAAGGACGGCCGGCCGGCCGGCTCCCTTGCACCAGGAAGAAGTCTTAGCAGCCAGCGGGCCCTGGTCAGGAAACTCTAAGGTACAAGGAAAACAGTTGAGGAAGGAGCCAGAGCGCTCCGGTTTGGTCCTCGGGCTTCGCTGGGGCGGGGCGCAGGCGTTGGCTTTAAGAAAGGGGAGGGGACAGTGCAATCCGGGTTGCCCGCGGAGTTCGGCCAAGGAAGTCTTCCGCTCGCTCCGGAGCGAGGAGCCTGTAGAGAGGCTGTTCCCAGCTCCAGCTCTAACCTCGCCTACACCTTGGGCGGGCCCAAGTGTCACGTTTGCAATTGCTCAGGAAGGATCCGGCCCGTCTCCGGAGGCAAGTCGGGCTGCGGTTTTTGCTGCTTATCTGGGAAGGCGATGCCTAAGGGACATGCTGCTTGCTAGGCAGCACCCTGCCGGGATCCGACTGCGATAGTTAGCTCTCCCTGGCCCTGAAGCCATCGCCGGGGCGCCTGTTCTCTGTCCGGACCAGCCAGCGCTCCTCAGGAGTCTCACTGAAACAGAACC,1.5448259865788998,0.6274443381694416
9323,ENST00000239666.8,ENSG00000120509.10,PDZD11,70286595,70290514,90.50691749035305,1043,992.231,877.783,19.9313,GGAGGGTCAGCTCGTTGCACCCTGGCCCGGCCTCTTTTCGACCCTGCGGAGCATCCGCTTCCGGTTCCCAGACTGAATTGTCAGTGAGCGGAGTCTGAGGTCGCTGTGGACTGCCCACTGGGCCTTGCCCGAG,4.540944017216792,2.1829922506839456
9324,ENST00000374274.7,ENSG00000147164.11,SNX12,71056332,71073426,82.35922123234019,2376,2803.05,621.41,4.99469,CCGCCGCCGCCTGTGGGTTGGCTAGTTATTTTGCAAGCGGGAGGGGCCGTGCGCGCTCCTGCCTCAGGCCTCTGTCCCCCACCCCCTTTCCCCGGTCCCAGGCTCTCCTTCGGAAAG,16.489355942478948,4.043463144557963
9325,ENST00000314425.9,ENSG00000147130.14,ZMYM3,71239624,71255146,22.29711221480791,5536,7742.84,1128.44,3.28354,AAAGGGGCCGCGACCCCTGTCCCGGCTGCTAGGGAGGGAGGTAGAGAAGGAGCGCGGGGCCGTCGCTGTCTGCAGTTCTAGGCTTGTAGCCTTTGCACTAACCCTGCCGCAGTACATATCCAGCCATACTC,6.790571217286194,2.763532937899183
9326,ENST00000334463.3,ENSG00000186871.6,ERCC6L,72204657,72239047,15.312376304702386,4243,3655.35,419.579,2.58611,CTCTCCACGGCGCACAGAGCATGCGCGGGGCGGGAGTGAGCGAAATTCAAGCTCCAAACTCTAAGCTCCAAGCTCCAAGCTCCAAGCTCCAAGCTCCAAACTCCCGCCGGGGTAACTGGAACCCAATCCGAGGGTC,5.921007344893445,2.5658426433965404
9327,ENST00000316084.9,ENSG00000198034.10,RPS4X,72255679,72277300,828.343870698212,1526,1448.16,33960.2,528.343,GGCTGAGCTGGGCGGAGCAGCTGAAAATCCGGCGCGCGCAGTCTCCAGCCCCAATTTCTACGCGCACCGGAAGACGGAGGTCCTCTTTCCTTGCCTAACGCAGCC,1.5678146028209174,0.6487549679960062
9329,ENST00000439122.6,ENSG00000147099.19,HDAC8,72329516,72573103,10.579479566494076,2338,2049.72,124.312,1.36642,ATAAAAACAATCGATCCTAATTGACAGCTATTTGGACTTTTACATCTGCCAAACCCTTTTCCTTGAACTGTGGTCACTAAATGAGGGGAGTCTGGTCTGGGAAGTCCCATCCATTCCTTCAATAGGATGGGGAGCGGTGATAGTGTCTCCGGCGATCTCAAGAATAGGAGGGAATGTTGACCAGGGAGCACCGCTGCGGCCGATCAGAGGAGCAGGAACTGGAACCCTGGCCGAGTCCGAAAAAAGCCAGATCTGGAAGGTGGCTGCGGAACGGTTTTAAGCGGAAG,7.742480032855254,2.952795757326758
9330,ENST00000339490.7,ENSG00000067177.14,PHKA1,72578814,72714319,16.634558959230784,6121,6116.84,582.462,2.14537,CACGCGGAGGCCGGACTGGACTAAGGGGGCAGGAGCGGCGCCTGGGGCGCTGCGGCGGGGCTCTAGACCGCGGGAAGCCAGTGCTAGCGCTGGCGCGTGGTGGGCCCCTGAGGCCGCCGGAGTCCGGAGAGGTACGCGGAATCCGCGGCGCCAGGCCTGAGCGGTGGGAGGGCTCTGCGGGGCCTGGTGTTCAGGCGTCCCACCACGAGGGTGGAGCAGCGTTGGATACTTGTTCCTTAGGGACCGAAGGCTCCGGTGGCACCCGGGCTATTTCTCAGAGGACAATTAGTAACGTGTCGCC,7.7537016734785995,2.954885227935022
9331,ENST00000332687.10,ENSG00000131263.12,RLIM,74585217,74614617,45.91697015379198,8317,7052.63,2776.69,8.87029,TTTCCTGTCGCTGCTTGGTAACAATGGGGAAGATAATGGCTGCCTGAGCAACGTCTCCGAGCAGGCGCTGGGCTAGAGGCGGGTCTCAACCAGCTACTCATTGGAGGCGGGCTTGAGAGCGGCGGCCAGGGAGGTGCGGAGCAGCCTCGGCGGCGGCGGCCGAACCAACCGAGTCGGATCCTGACCCTAAAACCTAGTATTTTCCACTTGTTCATCAAT,5.176490301195561,2.3719742714268413
9334,ENST00000373394.7,ENSG00000131269.15,ABCB7,75053172,75156732,12.925704310974172,2353,2108.94,408.765,4.36688,CGCTCAAG,2.95994034893887,1.565568101814621
9335,ENST00000373344.9,ENSG00000085224.21,ATRX,77504878,77786269,7.184546265226308,11220,8507.88,392.917,1.0405,AATGGCTGACGGAAAGAGAAAGAGGGAGGACGCGCCAATTCTCCTGCCTGAGCCTCGGCCCAACAAAATGGCGGCGGCAGCGGTGTCGCTTTGTTTCCGCGGCTCCTGCGGCGGTGGCAGTGGTAGCGGCCTTTGAGCTGTGGGGAGGTTCCAGCAGCAGCTACAGTGACGACTAAGACTCCAGTGCATTTCTATCGTAACCGGGCGCGGGGGAGCGCAGATCGGCGCCCAGCAATCACAGAAGCCGACAAGGCGTTCAAGCGAAAAC,6.904897900265553,2.7876200821343646
9337,ENST00000341864.5,ENSG00000187325.4,TAF9B,78129748,78139706,52.814592520558165,2713,2078.17,1477.85,16.0218,CCTCCTCCCGCTCCCCGCAGGGGTGGAGCCTGAGCGAGGAGCCCGCGAGCTCTCCTCTCTCCTCTGTCTCCGCGGATGACGAGTGGCTGGATAAC,3.2964206593864716,1.7209003579600408
9338,ENST00000373275.4,ENSG00000165288.10,BRWD3,80670854,80809688,7.1153880709671125,11381,9636.19,1356.32,3.17115,CTCTCCTTCCTCCTCCGCCTCCTCAGCTCTTGGGCTAGAATATCTATGGGTCGAAACGTGATGCGATGAATTCGAGAGAGAGCGAAACTAGGACGAGGAGTGCGGCGGAAGCGGCGGGACTCCCGGGCATGGGGGCTTCACCACAATAGAGGCAGCGCCCCCACCCGCCCCCGCCAGCCCCTCCGGAGCGAAGCCCCCAAACCCCCTCGGGAAAAGG,2.243787922667522,1.1659363223928612
9339,ENST00000358130.6,ENSG00000198157.10,HMGN5,81113701,81201942,45.14802391976614,2126,1347.03,305.645,5.11212,AATAGCACCGCGAGATCTGTTGAAACATTGATTTTTGACGATTCCTTCCCTGAGAAGAGGGCGAGGAGAAGAAGAAAGAAAAAGGAGAACTGAATTGAATTAGATTAGCATGAAGGACCTTTTCACGCGGAGACTAAAAGTACTGCGCATAACTTCCTGCTCAGAAATATATGCAAATAAGAAGACAGATCCTGAAAGAGCAAGCTAGGAGAGTACAGGTCGTGCTGCAGTTAGTTCATTGAAAACTCATTTGCTCTTGGAGCAGTCAGGCAGTGACTGCCTTCGGCTTTTTTTCTGCTGACTAAGATCTCCTATAGAGAGCTACAACA,8.831565753496815,3.142669236803752
9340,ENST00000357749.6,ENSG00000188419.13,CHM,85861180,86047562,14.921671974009923,5442,4204.7,614.123,3.29065,TAATAGTCACATGACACGTTTCCCGTCAAG,4.5345667190402885,2.1809647068387075
9341,ENST00000373020.8,ENSG00000000003.14,TSPAN6,100627109,100639991,119.92944946091812,2206,1688.36,574.491,7.66621,AGTTGTGGACGCTCGTAAGTTTTCGGCAGTTTCCGGGGAGACTCGGGGACTCCGCGTCTCGCTCTCTGTGTTCCAATCGCCCGGTGCGGTGGTGCAGGGTCTCGGGCTAGTC,15.643903501328312,3.96752863690284
9342,ENST00000545398.5,ENSG00000188917.14,TRMT2B,101009346,101094476,10.689606875809162,3106,3322.86,274.646,1.86218,AGGGGAGGAGAGGAGAACTTAGAGAAGGAAGGCGGCGGGTGTCAGGGCTATGAGTGCTTTTAAGGAAGGTCTCCATAGAAGGTTCCCCCAGCAAAGTAGGGAGGGGTACTCCCCGAGAGGAGTCGAGGTGCCGGAGCCTGCTGCCTCGCCGACGCTGGGAGGAGCCCCGTGTCCCGCCGCGCTTGCCAAGGGTTGGCTGCGCGTGCGGCGGGAGTAGAGGCGCCTTGCGCACCAGGAAGTGACTGTTTCCCCGCCGCAGCAAACCAGGCCATCCGCTGGCCTTTTAGTTTGCCGCCTCAGGTTTGTAAGAGGATTTATTGGTTACGAAGGAAGGTGGATTTCAGTGTGTTCTTTGG,5.740372507388739,2.521144360093463
9344,ENST00000372902.3,ENSG00000126953.5,TIMM8A,101345661,101349196,58.60581184600343,1664,1534.98,312.294,4.58376,TTCCCTACGTCGGGAGAGGAAAACTCCATCAAAAAACGAAAGCCAGGGGCCCAGGATAGCCAACTAATCGACCCAGTCAACTAACTGACCCAGTGCACAACTCTGGTAGCTCAGAAAACGCGGGCTAATTTGGAAGTGGACAGGGGCGGAGCTGTGGGGCCAGCACGGAATGGATCACGTGGTCTGAAGTAACTTCCTTTTCTCCTTTCTTTTCTTTTTGGAGTAACATCTCAACGGCACCTCGGCTCTGGGCTGTAAGCCCTGCGATCTCAAGGCGCAAGGCTGGGCGCAACGGCAGGGTTGCGGGGTTACGGGATTGCGGGGTCCGGGGAGTGGAACCCGCCGACTCCGGGAACGAAGCACCGGCGCCAAGGTGTGGGAGGCGGCGGGGTGGAGTTGGACGCCTGCCTCGCGCCGACGCAGTGCACTCACGGGGGCGGTCCCAGAGGCAGCTAGCTGTGGTTCCGGTTCCGTCGCGGAGACACGTGAAGGTCGGTGCGGAGTTCGTCTCTGCAAGCTTGGTCGCCCTGGG,12.785532367751241,3.6764403280773577
9345,ENST00000218516.3,ENSG00000102393.9,GLA,101397803,101407925,239.8368941148336,1318,1240.81,1236.78,22.4569,ATGCTGTCCGGTCACCGTGACA,10.6798754108908,3.4168229118436892
9346,ENST00000330154.6,ENSG00000184867.13,ARMCX2,101655281,101659891,28.080278146446684,2663,2847.98,222.546,1.76053,GAATCATTTGACATTCTGATGTGCAAACACGAAAAGGCAGTTACTGAGACCCTTGTCCTGGATGCTGATCCATCCACCAGGCTTTCATTGTCTAACGTCGACAGTCTATATTTCTGCTCTTCAGTCTGTCCTTAGGATGAAGCTCTAACTGAACTGAAGTCTGTCTTCCTTTTGGGCTCTGTGCAACTGCAGCTACAGTGGAAAAAAGCAAACTGCTCTTGATCCCAGGCCCTGCCTAAGCCTCAGCAGAACTTGTAAGCCTAAACTGAAGAGCCTCACCCGGACGAGCAGGCATCCCTTAACCTTAAGCAATCCAGTTCCACGCCCTGGATCAGTGAATAACCCCAGCTGCACC,15.94990039729325,3.9954755096750145
9347,ENST00000372728.3,ENSG00000133169.5,BEX1,103062651,103064240,292.4038975067129,864,752.582,942.0,28.2006,CTTGGCGGTGACGCACGGCCCTCACGTGACCGGGAGCTGCAGAGCTACGCAGCCTTCGGTGCAGTCGTCACTCGTGTCTCGCTACCAGCTCCCCGCTGCCCTGCGCTCGGCGGGCTGGCATCCGGCCCGGGGGAAAGCGGACCAGCCCTTCTGCAGGTCTGCGGGGCCAAGTGTCCCGGCGGCGCACCTCGTGGCGAGAATCGGGAGAAGGAGGAGACTACAAGGATAGGCCCAGGAGTA,10.368711924807021,3.3741647783235513
9348,ENST00000360000.8,ENSG00000180964.16,TCEAL8,103252995,103255203,202.0835064205873,1131,826.576,95.88,2.61341,ACGTGACCAGGAGTCGACGTGTGCAGAAGTCCTTATAGTCCAGGGCCTGTTTCCCTGTAGCAGCTCCTTATTGCTGGAGAAGGAGAAAAGTGCCCAAGATCCTTTCAGGATTAATTTATTCAAAAAGGAAATAAAAAATACTCAAT,77.32560387409067,6.272874289968848
9349,ENST00000372677.7,ENSG00000133134.11,BEX2,103309346,103311046,95.8355025807265,899,765.172,267.806,7.8854,GGGACGGGGGCGGAGCCTCTGGCGATGACAACAGCCACACGTGATCGGCCAACACTGAGTCTTACCTCGTTGTGGCGTCAGAACCGCCGTCGCTCGCTCCCTTCTCGGCAGTGGTACCTGTTCCCGGTGTCCCTGAGGACGTGCGGGCCAGGTACGGCCCCGAAAGTAGGAAGCGGAGGGGGAGCAGGTTTGCGGGGCCAAGTGTTGCGGCGACGCACCTCACGTCGAGAATCGGGAGGAGGAGACTGCAAGGATAGGCCCAGGAGTA,12.153537243605461,3.603304361072917
9350,ENST00000360458.5,ENSG00000123562.16,MORF4L2,103675496,103688158,487.0590108924943,1824,1487.96,1261.86,19.1064,GAACTTTCTGGAAAATTAACAGTGCGTATTTGCCTGAAGAAGGTCAGTGTGCTTGCTTGGAGATCAGGACGCAAAGGTCACCATCAGAAAAGCTAAGTTTGCTGTATAGTGAGGATCAGGAGATCTGATCCTGATTGCAGAACCTTCCCTGATTACAGAATCTTGGGTTGTATCTCCCACTTCACCCTTCTAGACCATCCCAGAAGATCTATAAGATTTCATCTGGGAAATCACTAGGAGTTCTTGGAAGGGAAAGAAGGAAGATTGTTGGTTGGAATAAAAACAGGGTTGA,25.491929975950168,4.6719686978013595
9352,ENST00000355610.8,ENSG00000133131.14,MORC4,106813871,107000244,18.459461801306286,3834,3925.98,1097.45,6.29794,ATATTTCTGTACGGCCCAGAGGCAGCCCGGGCAGTCGCCGGGTCGGTAGAGGTGCTGACAGGGCGGAGCCGCCGCTTGCCTCAGCCGGCCTCACCCCTCCCGCCCGGGACAGGTGGCTGGAGCGCGCTCCGCCTCCGCCAGCTGCGAGTGGGAGCGAGGGAGGGCCGGTCCCGGACGGTCGCCGCCAGCTGCGAGTGGAAGTGAGCGAGGGCTAGTCCCGGACCGCCGGGCCAGGGGTCCGGCGGCAGCAGACGGGTACCGTGGCGGCCAAAAAA,2.9310317026370982,1.5514085725958515
9355,ENST00000495517.5,ENSG00000089682.16,RBM41,107064420,107118823,2.0956165025089737,3315,2786.32,320.905,2.59482,TGAGGTCCGCGGCCTATTTACCCAAGTTGGAGGTAGGGGCCTGTGGAAAC,0.8076153654237958,-0.3082597357164494
9356,ENST00000372466.8,ENSG00000198088.10,NUP62CL,107123427,107206433,21.370809855690883,1755,1421.79,107.205,1.69881,AGTCTCGGTTAGCTTCACTTCAGCGGGAACCTGCCCACTAAGGAGGCCGATTCTTTCCGGCTCGAGCAGGTCCGGACCCGCCCCTCTGGCGTCTAGCAGTCTCGGAGGCCTGCCCGTATAGTTCAGGGCCGGACAGCGAGCGGCGGCGACTTGCCAGTAAGGGTTTGGAGTCATCAGCAGGTTTAATTTTGGAGGAACTTTACAGGTTTGGCTCCAGCAGCTGCTGTTGCCACCACCACTAGTTCAAGCACC,12.579870530365893,3.6530451692380903
9357,ENST00000372397.6,ENSG00000157514.16,TSC22D3,107713221,107777342,347.58213510633607,2027,2405.5,1232.25,11.5413,TTTGCATGGCCCCTGACGCCATGTGACGCAGCCGGCTCCTCCTATATAAAGAAGCAGGAGCCAAAATATCTCCGAGTCTGGGTTGGACTGGCGGCCGTGGAGTTTGTGACATACGAGGTGACACCCCTCGAGTCACTTCCCTTCAACTCCAGCTGGAGCGCCTGCTTGGCTTTGGGTTCGTTCTGCAGCCTTCGCCCCGCTCCTAGCCTCAGGGCCGGACTCCAGCGCAGAGCCCAGCCCAGCGCAGCCTGCCAGCAGCCACCCAGCCGCCCAGCCGCCCAGCCCCGCACGAAACCCGGCCAGAGCTTCCTAGCAGCCCGAGCC,30.116376413951294,4.912476291055607
9359,ENST00000361815.9,ENSG00000101843.18,PSMD10,108084207,108091618,47.55774083990916,768,552.649,29.6144,1.2073,AAGTAGTTGCTGGGACAGCGAA,39.391817145621765,5.299824064936785
9360,ENST00000372129.3,ENSG00000133124.11,IRS4,108719949,108736409,242.9702608635865,3928,4978.12,17258.9,78.1103,CCCCAACCCTCCCTTTCCTGAATTCCCCCTCCTCCTCGCTCACCTTAAAACCATCGTGCATCACC,3.1106046304211676,1.6371950345447424
9361,ENST00000469796.6,ENSG00000068366.19,ACSL4,109623700,109733403,60.165611119337605,5225,4008.5,654.193,3.67693,CTCCGCCGGCTGTCCGGGTGCGCGCGCGCCGCTGCGGCTTTTTCTCTGGCCTCCGCCGCGCGCTCCTCCTCGTCCCAGCGCTAGCGGGCACGCGGTTCCTTTTTGCGAGCTTTCCGAGTGCCAGGCGCCGGCCGGCTGCGAAGACGCGGTGGGCCGCCCCTCCGATTGAAATCACAGAAGATATTCGTGTTCTTCTTAAGAGAAAAAGAGGACATTTGCGTACTTTATTGTCGGCTTCCAAAGATTACTAACTTTTATCTGTATCACTAAGATTGAACTGCCTTGGCTGTACTGCTATTCTTACTGCTGCTTCTATTATTGCCTTCTTCAGCACAATAAGGCTTTCAAAAGCCAAAGAATAACAAGAAATAAGCACCATTTTAGAAGCCTTTCCACT,16.363001503791914,4.032365504380785
9362,ENST00000262844.9,ENSG00000101935.9,AMMECR1,110194186,110440233,28.515971360755294,5504,4903.45,811.217,3.72733,GCGCGCGGGGCAGCCGCGTGGCTAGGCAGACGGGGCCGGGAGCGGCGCGCGCGCGCCCCGCCAGCCTCTGGCGCGCCCCCGGCGGCCTGAGCCGCAGCGTGCTCGCCCCCGCCGCCAGCTCGCCTCACTTATGGGTCGGAAACGCTGCGTGGGGGAGACTGTTCCAAG,7.650508906041401,2.935555717975561
9363,ENST00000317135.12,ENSG00000130224.14,LRCH2,115110616,115234072,13.858951761301782,4929,3466.09,428.0,2.78205,ATTGTCGGGGGCTATTCTCTCTCCCAGGAAC,4.981560993261006,2.316597887746558
9365,ENST00000536133.2,ENSG00000018610.13,CXorf56,119538149,119565408,27.15494994468515,1089,951.825,239.231,5.66268,TTTCGGGGCGACCCTCTTCTTGGCGTAGAGTTTTCAGATTGCTCTTGGGAATC,4.795423711861725,2.2616582938659238
9366,ENST00000360156.11,ENSG00000125354.22,SEPT6,119615724,119693370,17.085408239620314,2609,2904.6,208.084,1.61404,GAAGAACTGGAACTGGTCTGGCCATAGGGGGAAGCGGCGCGTTAAATCCGCCCCCTCTCCATACCCTACTTTCAAGGGGTGGGCGGTAGAGGGGAGGTTGGGGTTGGAGCAGCGGCGAGGGGGCCCCTCCCTTGCACCTCCCCCCACCGGACTTGGTCGCGCCCGAAGTGTAACACTTTCTCTTTGTCGGAGGAGCTCCTCTGTTTCCTGTGCAGTAGCTCCCGTTGCGGCGGCACCCGTGGCAGCCCTGGCGGACGCAGGAGCG,10.585492453483381,3.404016482199065
9369,ENST00000276201.6,ENSG00000125351.11,UPF3B,119805311,119852998,22.98282567456487,2378,1971.02,379.133,4.33374,GCTTCCCGGGAGCCGTTTGTGCCCGGGGTAACCCCGTTCCGGCCAAGCCGCTTCAGCGGGGGACGTAGCC,5.303231313960891,2.4068716766751956
9371,ENST00000371442.3,ENSG00000125352.5,RNF113A,119870475,119871827,29.194845791236965,1353,1401.85,154.597,2.48462,CGGCCGCCCGCGAGCGGGGCGGTGCCACGTACGGCTCCGGAAGAAGCGACGGAATCTGCTAGGGCACAAGAGAGACGGGCGCTCGGGCTCTCGCAGTCCTCTTCCGTCAGTGTCTTTTGCTTCGACTCCCGGCGGAGCGCGCAACGTGGAGTGACGTGCAGGGGCCAAGTGCAACCCAGGCAGCCACGGCTGTTTCGGAGCTCAGGACTCTAAA,11.750225705032143,3.5546165640523757
9372,ENST00000371410.4,ENSG00000101882.9,NKAP,119920672,119943772,62.06769167350631,5963,5982.79,634.042,2.38768,CTAGATCCGGGGAAGGGTTTTGCAGAAGTACCCAGAACTGTGTCCAAGGTTTCCTCAGATTTGGGCTGTTCCGCAGCGGCAGGTCCCGGGAACCAAGGCAACAGACATCTTCCTAGGCTCGCGAGAGCGCCCCCTTGTCCCACGGCTGCTGGGGCCCCCCAGTAGCC,25.99497908995607,4.700161089620784
9374,ENST00000371335.4,ENSG00000005893.15,LAMP2,120427827,120469365,128.9845736142997,4030,3210.24,1251.5,8.78325,CCGATTCCTGGCTTTTGCAAGGCTGTGGTCGGTGGTCATCAGTGCTCTTGACCCAGGTCCAGCGAGCCTTTTCCCTGGTGTTGCAGCTGTTGTTGTACCGCCGCCGTCGCCGCCGTCGCCGCCTGCTCTGCGGGGTC,14.685290025252577,3.8762998531522275
9375,ENST00000336592.10,ENSG00000158290.16,CUL4B,120524609,120575794,68.16429458154863,3109,2386.93,447.933,4.228,CTCAAGTCCTGCGGACCTGGGGGCTTCGGGATCTGGGCGCT,16.122113193365333,4.010968951270446
9376,ENST00000304661.5,ENSG00000171155.7,C1GALT1C1,120625793,120630150,177.4813534580188,1613,1471.44,477.457,7.31063,CGCGGGCGGGCAAACGGACGGCTCCGCCCAGCCGCCGGCTCCTTTACCCCGCCCCACTACCCCCGCCTTCGCGGCGCTCGTTTCCTGGCGCTCCCCACCTTTAGCGAGACCAACGAGAGAACACCGCCTGCAGCTAGAACAGCCTGGTCAGGAGCGTAACGGAGTGGTGCGCCAACGTGAGAGGAAACCCGTGCGCGGCTGCGCTTTCCTGTCCCCAAGCCGTTCTAGACGCGGGAAAA,24.277162632771567,4.601527912904786
9377,ENST00000245838.12,ENSG00000125676.19,THOC2,123600561,123733056,42.9313380082962,5609,4439.65,863.319,4.38111,ACATCCGGGCTTCTGCTACTAGTGAGAGGAAG,9.799191987486322,3.2926627937476542
9380,ENST00000371121.4,ENSG00000102038.15,SMARCA1,129446501,129523500,22.71503928752004,3564,2779.07,388.525,3.14979,TGCCTTGTCCCCCTACTCGTTCCCGCTCCCACGGC,7.211604356963493,2.8503202498063267
9382,ENST00000357166.10,ENSG00000188706.12,ZDHHC9,129803288,129843909,51.72526291018239,4569,5448.75,593.354,2.45346,ATTTGGCCAGTGGTGGGCGGTTGCCACAGCTGGTTTAGGGCCCCGACCACTGGGGCCCCTTGTCAGGAGGAGACAGCCTCCCGGCCCGGGGAGGACAAGTCGCTGCCACCTTTGGCTGCCGACGTGATTCCCTGGGACGGTCCGTTTCCTGCCGTCAGCTGCCGGCCGAGTTGGGTCTCCGTGGTTCAGGCCGGCTCCCCCTTCCTGGTCTCCCTTCTCCCGCTGGGCCGGTTTATCGGGAGGAGATTGTCTTCCAGGGCTAGCAATTGGACTTTTGATGATGTTTGACCCAGCGGCAGGAATAGCAGGCAACGTGATTTCAAAGCTGGGCTCAGCCTCTGTTTCTTCTCTCGTGTAATCGCAAAACCCATTTTGGAGCAGGAATTCCAATC,21.08257844439379,4.397979417339456
9383,ENST00000335997.11,ENSG00000102034.16,ELF4,130064874,130110716,13.235041102685752,4145,5782.98,823.956,3.21006,GGTATTTGCATCTCTCCCTCCAACTTGCCATTGGCGGCGCGAAGTGTGGGAGAGCCCTGCGCCTCGCCCGCCCGGACCAGCCTGCCCCGGCGCCGAGGTCGCTCCTGTGGTTGGTCCAGCCCAGAATGCAGCCTTGAGCCTGGCTTAGGCCACCACCTACTCCAGCTCTCTCCACCCCCTATTTTACTGCAGCTCAGGGGGTAGGCTCTAGGCTCCAAAGTACCTGGGTATTGTCCCTTCATCAAGAAAGCCCCACAGCTCTGGAGGGCTCTGATAATCCCGTTGTCAGCTCTCTGAAAAGACAGC,4.122988698867234,2.043690506797032
9384,ENST00000287295.7,ENSG00000156709.13,AIFM1,130129362,130165887,103.42883686217203,2260,2302.91,1160.31,11.3516,AATGCGGCAGCGAGTGCTACGCCTGCGCAGTAGGCCTCCGGTCGCCGTTCCCCTTCCCCGGCTCTAGCAGGCCGGCTTCTCTGTCCAATGCCCACCCGGAGCTGGGAGGAGGAGTCTGCGTAATGTGCGTGTGAAGAGACTGGGGGAGCTGGCCGGGGCTCACGGTGTTTGACCCGTCGGTCGTGCGTGAGAGGAAAGGGAAGGAGGAGGTCCCGAATAGCGGTCGCCGAA,9.11138842649248,3.1876709138944594
9385,ENST00000370978.8,ENSG00000056277.15,ZNF280C,130202711,130268899,11.045732596979676,4634,3498.68,273.642,1.76214,GGTTCCGCGCTGGAAGTCTCCGGGGGAGTCGCTGTTGCTGAGGCTGTCGCCTGAGGTTTTTCGCGCTCCTCCCTTTCCTCCTCCTCTTTCTCCTCCTCCTTATCCGAACCCCAGTCAGACCGATCTGCTCTGCTCTCGGTGACCTTGCAACTTC,6.268362670945371,2.6480886527584673
9386,ENST00000342983.6,ENSG00000123728.9,RAP2C,132203024,132219480,69.1451306186612,3896,3308.3,528.116,3.59655,GGTGGGGGTGGGGGTGGGGGTGGGGGGTGGGTGAGAAAAAAAAGAGGTGGGTTCGCCTGGAGTCCCTGCGGCCGCCGCGGAAGGCCCCCGCTTCTTTCCCCGCGGCGAGCAGCAGCGCTGGGGCAGCGGAGAGACAGAGGAGCCAGCGGGTGGCCATGGCCTTGGCGTGACAGAGCCTCCCCGGCGGCCGGGCGGGTGCGGACGGCGGGGCCGGACGACCCCCGCGGGAGCCGGGGCCCAGAAACCCGCCCGGGCAGCGGTAACTGGAACGGAGCCCTCAGGCCTGAGCCGGCTGGGCTGCGCGAGCAGGAAGCGGGGTCCCTGGGCCCCTTTGTGTGAAGGGCGGGGGAGGAGTGCCGGGCAGCCCCGGGCTGCGGGCTCCTCCGACGTCCGCCTCGCCGCAGGGTCCCCTCGCCGCAGCCCCCACCCTTTCCCTCCCGGGGGCACGCGCCTCCTCGCCACCCTCGCCGGGCTTTTCCCAGGCTCGCCCTCCTCCCCACGCCCCCTGCTCGGGCTGCAGTTCCTATAGGAAGGGCATTACCATCCCTTCCCCACCCTCCCCGACTCTACGCTCTTTCCCCTCCCCCTCCTGTAACTTCCTCTTCTTCCCCGGTTGGGCCCTCTGCTCCTCTGCACTCTCCTCCCCAGTTCGCAGATTTCCGCCCACCTTCCGCCTCGTCTAGCCGCGCCACAGCTAGCGGGGTGATCTTTCCCCCCCTCTGGTAGGAGTTGGTGAAGGTGAGACTC,19.225405073935075,4.264942090577753
9387,ENST00000370836.6,ENSG00000171004.17,HS6ST2,132626016,132961395,41.947474214997634,4441,4239.39,1235.61,6.5666,AAGCCAGGCTGACCTTTATGCTCCCAGAATCATCAGCCTTTTCATTGGAAACCATGGAAGGACGGTTCTGGGAAAATAATGAAAATCATACCACACCATAGAGACAACCAGAAGCCCTGCTCAGATGACAGAGTTCTCCTCGCCTTCCAGAAAATGCCCCCGCTTCCGCTGGAGAATGGAAATTGGCAAAGAGAGACGGAAAAGCTCCAATTTGCGCCTTTGCTATTTTAGGAGAGGTTGAAATTACGAGCCAAAGTGGAGTGATGCGCTAAGCGGAGTGACCTCCGTACTCCAAGAAAAGAGAAAACCCAGGTTCTCTGCTTGTGAAGTGGCTCGAGCTCTTAGGCGTGAGGCATTATTATATAAATTCAAGCTCGCTCGTGATCCTTAGTACCCTGAGTTGCCTGAAGGGGGGA,6.388005088629981,2.6753654619880805
9388,ENST00000370828.3,ENSG00000076716.8,GPC4,133300103,133415490,65.1370782271756,4960,4994.72,898.0,4.05067,CAGTCAATCAGCGGCAGAGCTGAGAAGGGCACAGCCGCGCGGCGGAGGGCAGAGTCAGCCGAGCCGAGTCCAGCCGGACGAGCGGACCAGCGCAGGGCAGCCCAAGCAGCGCGCAGCGAACGCCCGCCGCCGCCCACACCCTCTGCGGTCCCCGCGGCGCCTGCCACCCTTCCCTCCTTCCCCGCGTCCCCGCCTCGCCGGCCAGTCAGCTTGCCGGGTTCGCTGCCCCGCGAAACCCCGAGGTCACCAGCCCGCGCCTCTGCTTCCCTGGGCCGCGCGCCGCCTCCACGCCCTCCTTCTCCCCTGGCCCGGCGCCTGGCACCGGGGACCGTTGCCTGACGCGAGGCCCAGCTCTACTTTTCGCCCCGCGTCTCCTCCGCCTGCTCGCCTCTTCCACCAACTCCAACTCCTTCTCCCTCCAGCTCCACTCGCTAGTCCCCGACTCCGCCAGCCCTCGGCCCGCTGCCGTAGCGCCGCTTCCCGTCCGGTCCCAAAGGTGGGAACGCGTCCGCCCCGGCCCGCACC,16.08056894962453,4.007246546570923
9389,ENST00000370790.5,ENSG00000156504.16,FAM122B,134769566,134797232,60.62267557894487,4246,4157.71,584.968,3.16986,GGAAGAGACTGCAGGTTGTAGATTTTGGTCTTGGCCCCAACGGGTTCCCCCAGACCATTAGAACCCGAGAGAGGAAGAGGAGGCACCGCGGCGGCGGCTGAGAGGCCGAACCCCCAACCTGTCCTCGAGGCGGGAGGGGGGCAGGGAGGGGAGAAGCACCGATCCCAGGGCTGAGGAGCCTCCGGGACCGGGTCCGGGAGCATGGGGGGCTGGACCGGGTCCCCGAGCATGGGGAGCTGGAGCCGCCAAGGCCGCCCGGCCGGGTCCTACCCGACTGTCAGGTCCTCGGTGCTAGCGCTGCCCGGGCAGCCGCAGCATCTGTAGCCCGGCCCCGCTTGTGGTCCTCAGCCGGAAAGATAGCAGCATGAGTTCCGCCGCTGCCTAGTTTCCTCCCCCTCCTCTTCTCCCTCCTCTCTCCTCTTCCCAGACCACCTCCTTCTTTCCCGCCCCTGCGCTTCTTTTCCCTTACCCTCTGTCCTCCTCCCTCCCCTCTGCCCTCTCCCTTCCCCTCCCTCCTCCGCCCCCTTCCTCTCCCTTTCCCCCCTCTGCCCTCCTCTTATCCTCTCTGTCCTCCTGCTTTTCCACCTATCCTTTTCCCTCCCTCTTCCCTCCTCCCTCCATCCTTGTTTTCCCTCCATCCTTCTTTCCTTCATCCTTTTCCTTCATTCTGTCACCTTCCACCACTACCTCTTCGTCCTCCTCTCCTGCCTCACCATCATCCTCCCTTCCTCATCATCATCCTCCTTCCCTCCTCCTCTCCTACTTTTCTCCGCCCCCAGCCCCCGCCCCCGTCCCCAAGCCTCCGCCCCTTAGCCCCCGCCCCCAGCTGCCAGTCCCCAGCAGCTCAGTCCTGCAGTGAGAGTCTTGGGAGTCCATAGCTAAGCACCAGGAGCTGAGCACTGCCCGCTGTGCCTGCCTGCAAGTCTGAC,19.12471704710772,4.257366497973473
9391,ENST00000370783.7,ENSG00000101928.12,MOSPD1,134887626,134915267,15.336851241004627,2364,1845.57,298.192,3.64021,CCCAGCAGGCAGTGCAGCCTAGAGACGCTGACAAAGGAGCGGAGGAGCAGTCGCAGCTGCTTTCCGAGGAAGCCGGTGTTGCCGAGATTGCCAAAATGCTTTGGAGTTTTTAACTGAATCTAAGAAAAGTCCAAAATAGATTTGAGACTGTAAAAACAGAAACTGCAGCAAGGGGGATTCAGTGCCA,4.213177602667051,2.0749087326783373
9392,ENST00000391440.2,ENSG00000212747.4,FAM127C,135020504,135022529,44.30899162121363,2026,2337.06,425.087,4.09798,TACGCCTCGGTGCAGCCCCCGGCGAAGCCCAGCGCAGCTCAGCTAAACTCAGCGGAGCCAGCGCGGCGCG,10.812398211121975,3.434614646041277
9393,ENST00000370775.2,ENSG00000203950.6,FAM127B,135050932,135052196,132.4296159178996,1244,1687.68,930.672,12.4242,TTCCGGCGACGCCTTAGCGCTGACCCCCACGCAACCCAGCGAAACTCCGCGGAGCGCGCGCGGCACG,10.659005482678934,3.414000931470381
9394,ENST00000305963.2,ENSG00000169446.5,MMGT1,135962070,135974063,161.11203488137716,3738,3086.69,1327.96,9.69288,CTCTACGCAGGCCCCCGTCCCTCTGCCCCACCCTGTTCTCGCCACTGGCCCTGCCCCCATTTGCCGGCGCCCTTCCTCTTCGCTTCCCCGTAGCTCCCGCTTTCGCCTCTTCGTTTATGACTCCGTTGGGCTCCGGCCCTCCTAGAGAGGCCTCCATAGCGCAGGTTCGTGGGTTCTCGCGGACCTTTTTCCGTGTAGCTTTCTGCTTCTTCCCGGCATTCCTGTTTCCGTTTTCTCACAGCCCTCTGGCTTTTCCACCACTGAGACACTTTGCGCTCAGGACTTCAGTGACGTCATCTTTCTGCGGCGCGCGGACACCCGCCGGTGGAAGAAGAAACAGCTCCGCCGTCCTTCGCTTCTTTTGCTGGGCTGCTGCTCCTTCGGCATC,16.62168879439105,4.054995064932847
9395,ENST00000316077.13,ENSG00000129680.15,MAP7D3,136213220,136256482,26.154076275264742,4567,4401.21,948.042,4.85308,AGACCAGGTAGTCGCTGCCCAGCCGGTCAGGACGTGGGACGCAAGGGGCAATCCTGCCCGGTTCGCAGGTCCGAGGCGGGCGCGGTGGCCCTTCGGGCCCCGCCCCGCCCCGCCCCGCCCCGCCCCGCCCACCGGCAGCCCGGCCACGACCCAAGCGGAGGCCGCGCCGACGCCTGCGCAATGTATGCGGAGAGCCACCACCGCCTCCGGTCCCGACTCCG,5.389170645294275,2.430063269641379
9396,ENST00000370620.5,ENSG00000129675.15,ARHGEF6,136665547,136782088,7.438268920993479,4764,4703.73,643.007,3.07989,AGTTTCGCCCTGGTGGCGGCCGCGCTCAGGGCAGGGTCCCAGCTCCGGCTGGGTTGATCTGTTCCCGCAGCCTTGGCACAGGCTTGCCCGCCCGCTCGCCGGCCCCGTGACTCGGGAGGGCGAACGGCTTCCAGGAGGCGGCGGCGGCGCGGCTGGAGTGAGGGAGCAGCTGGAGGACAGGCGGGCAGCGGCCGAGCCAGATATTTGATCCTGATGACCTTTATTCAGGGGTCAATTTCTCCAAGGTACTGAGTACTCTTTTAGCTGTCAACAAAGCAACAGAAGATCAGCTATCAGAAAGACCATGTGGACGTTCCTCTTCTCTTAGTGCTGCTAATACTTCTCAGACAAACCCACAGGGAGCAGTTTCTAGCACAGTTTCAGGGCTGCAAAGGCAGTCAAAGACAGTGGAG,2.4151086308256073,1.2720880824890834
9398,ENST00000361648.6,ENSG00000101974.14,ATP11C,139726346,139945276,15.235365990720448,6010,4600.71,358.779,1.75697,TTACAAGGATCACAGGGGTTGGTACAAGTTGCTTGATAATCTGCAGCATTCTCTCTGAGATTTAGCTGCCATTGTGTTGCCAAATTTCTGCATGTCAGT,8.671386529491368,3.116262694633789
9399,ENST00000370377.7,ENSG00000102181.20,CD99L2,150766337,150898816,31.578234864097396,3604,4703.41,993.436,4.7587,GCTTTGGGCGGGACCCTGCAGAGGCGGCGGGGCTCCTCCTCCCGCTCCTCCTCGGCCTCCCCTTCGGGCGCTCTCGCGCTAACTGTGCTCCTCCGGGGCCCTCCGCCTGCTCCCAGCC,6.635895278983209,2.7302911193131107
9400,ENST00000370277.3,ENSG00000147400.8,CETN2,152826973,152830777,112.58875254063528,1454,1112.71,643.869,13.037,GGTGGGAACGGCGCCGAGTCAGTGTACACGTCGGTTGCCTAACAACCGGCAGCGGACTCCTTTGGCT,8.636093621280608,3.1103788832660624
9401,ENST00000576892.7,ENSG00000262919.7,FAM58A,153587919,153600045,3.985056658650775,1306,1358.6,215.733,3.57756,GGCGGGGCCGGACGCGGCCGGGTGGGGCGGCAGCGCCCGCCGCGAGCACCTCCAGTTCTGCCGGCTTCTGCGCGCCGGGGCCGCCTCTCCTTCCGCCGGTGCCGCGGCGCCTC,1.1139035148678917,0.15562427338705068
9402,ENST00000345046.10,ENSG00000185825.15,BCAP31,153700497,153724697,385.0603063784485,1589,1769.62,2126.03,27.0677,TCTCGCCCCTCGGCGGGGCCCCTCCCGCACCACAGAGACGTGGGACGGCCGCGCGGACTAGAGAAGCGGCCCTCGCCGGCCCGACAAAGCCCCGCCCCGCCCCGCCCGCGTGCTCGCTCCACCCCGCCCTGCTCGCCCGGAGCCCGAGGCGCCTCTTCCTCTCCCGCTCGGAGCGCCGGCCCTCCGCTCCGGGGCGGGGTGGGAAGCGGAGGTGGGCGGAGCCTCCGGGGCCTCGCGAGGGCTGGTGGGCGGTGCCCGGCGGGCGCTTCCGGTTTCCGGCCGCGGTATGAGGGGCGGGGCCGGGGCTGCTGTGGGAGAGTTCTGTTGCTGCGGCGGGGCCTGCACGTTGACTGTGGGAAACTCGGAAACAAGCTCACATCTTCCTGTGGGAAACCTTCTAGCAACAGG,14.225822895127717,3.8304402027712587
9404,ENST00000217901.9,ENSG00000067829.18,IDH3G,153785766,153794523,64.84838469861741,1485,1769.52,755.597,9.62048,GGGGCCCAGCTGGTCGCGGTCCCCCCCTCAACATGGCGGCAGCGGTGCTCTAGGCGCCGGAAGGGGGCGTGAATCGGTGCGACCGCGCGCGTGCGCAGTACCGGGTCCGCGCCTGTCCCCGAAACTTCGCACCCCGTCGAACTCTCGCGAGAGCGGTATCTGCGTGTCGGGACGTGCGGAGGCTCTCACTTTCCGTC,6.7406599981100115,2.752889856894314
9405,ENST00000464845.5,ENSG00000102030.15,NAA10,153861514,153935223,257.82438858598715,1772,2269.58,421.429,4.18351,CGCGCCGAGGGAGGGGCCGGCTCCAGCTCCGGGGCAGCGCCCGCCCCGCCCCCAGGCCCGCCCCGCGCTGACCGGCTCCGCGCATTGGCCCGCCCCGTGCGCTGGCCTGTCCCGCGCATTGGCCAAGCGGCCGGGAGGACGGGCCCGGCGGCCGTGCACTTCCGGCCGGTGGCCGGCCCGGCGCGCACCGCCCCTTCCGCCGTCGCCCAGCGAGCCCAGCTCCGGTCCCAGCCCCGGCCGTCCCGGCGTCGCTTCGGAGCGCGGCGGCAGCTGACTGCGCCTTCACGATCCGCTGGGACCCGCGAGCCCCGCCGCCGTT,61.62872530147822,5.945531046301294
9406,ENST00000310441.11,ENSG00000172534.13,HCFC1,153947553,153971807,23.335233702169116,8869,13912.0,3140.34,5.08567,CGGCTCCCAGGGAGGAGGCATGAGCGCCCTGCCGTTACCGCTTCTTCTGCCGTACAGTTGCCGCTTCGGGGCCTAACTCTAGCTCTTTGAAGCGGCTCCTGTGGGAAGGAGTCATAAGGCGGGAAGTGAGGATCGGACACCGCCTTGAGTTTGGTGTGCAGTGGAAGAACTGACCTAGGAGGAAGAGAATAGGGGGGAACGGGGAGCTAGTCTCAAGATGGCGGCTCCCACGGCGGCAGGCGCAGCCTGAGCAGCAGAGGCGGACTAAGGGGAGAGGCGCGAGACTTCACAAGCCGTACGGCGCGAGCCCCCAAACGGCCCTCGAGAGCTCGAGCTGGTTCCACCGGCCTCCGGCCCGCCTCCATTCGTTAGGTGTGTCGAGGCTGTTTCGGGAGCGGCGGCTGCACTAAGGCGCTGGGCGGGGAAGCGGGACGGTCTCAAGATGGCGGCTCCCACAATTGTGGTCTGAGCGCCGGCGGGGCTGCGACGACCGCGGCGCTTGTGGCTCCTTTCCACCCGCCCCGGAAGCCGGCCAGTGCTGGGGACTTGGGGGTGTGGGAACCGGGCCGGGGCTCCGCCATTTCCGGCGGGGGAGGGCTACGACTGAGGAAGGGAGGAGAGAGAGGCGGCTCAAGATGGCGGCTCCCAGGGCCTCCCGCCCGAGCTTGTAAGCGGGAGCGCCCGGACAAGTAGTCGGGGCGACGGGACTCAGCGGCCTCCAGCTTCTTGAGCCTAGGCGCTCGACAGTTTCGGGCGGCTCTTGCGGAGACGGGGTGAGCGAGAAGAAAGGGAAGAGCCAAAGGGAAGGAGGGCAGTTAAGATGGCGGCCTCCATGGAGTCGTCTACCGCTGTGTGAGAAACCGCTTCTCCGTGAGAGCTGCCTTAGACGAAAGGGGGTGTGTGAAAGGAATTGAGGGGCTCCCTTCCCGCTTGTTGACTTCTCCCCACCGCACCCTTTCCCGGAACT,4.588428604720542,2.198000159667624
9408,ENST00000369980.7,ENSG00000184216.12,IRAK1,154010500,154019989,22.95414239950899,3666,5559.88,4682.39,18.9742,GCGCAAGATGGCGGCGGGCCCGGGCACCGCCCCTTCCGCCCCGCCGGGCGTCGCACGAGGCCGGCTCGAAGGGGAAGTGAGTCAGTGTCCGCGGACCCGGCCGGCCCAGGCCCGCGCCCGCCGCGGCCCTGAGAGGCCCCGGCAGGTCCCGGCCCGGCGGCGGCAGCC,1.209755478465969,0.2747154725792819
9409,ENST00000303391.10,ENSG00000169057.20,MECP2,154021573,154137103,32.707378857589504,10505,13857.1,1340.6,2.17967,GCGCGACGTCGGCCGTGCGGGGTCCCGGCGTCGGCGGCGCGCGCGCTCCCTCCTCTCGGAGAGAGGGCTGTGGTAAAAGCCGTCCGGAAAATGGCCGCCGCCGCCGCCGCCGCGCCGAGCGGAGGAGGAGGAGGAGGCGAGGAGGAGAGACTGCTCCATAAAAATACAGACTCACCAGTTCCTGCTTTGATGTGACATGTGACTCCCCAGAATACACCTTGCTTCTGTAGACCAGCTCCAACAGGATTCC,15.005656295489455,3.907434513693078
9412,ENST00000422373.5,ENSG00000196924.14,FLNA,154348524,154374638,20.425553468001297,8486,13316.2,847.928,1.43464,ATTCGCGTGGAGGCGCGTCGCGCGCAGCGGACGCCGACAGAATCCCCGAGGCGCCTGGCGCGGGCGCGGGCGCGAAGGCGATCCGGGCGCCACCCCGCGGTCATCGGTCACCGGTCGCTCTCAGGAACAGCAGCGCAACCTCTGCTCCCTGCCTCGCCTCCCGCGCGCCTAGGTGCCTGCGACTTTAATTAAAGGGCCGTCCCCTCGCCGAGGCTGCAGCACCGCCCCCCCGGCTTCTCGCGCCTCAAA,14.237406922992038,3.831614505236782
9413,ENST00000369660.8,ENSG00000102178.12,UBL4A,154483717,154486670,89.56104239037319,2382,3205.09,1231.24,8.65496,GGTTCCAGCGCGCGCCCGGGGCGGCGGCGCGCGGCGGGGGGTGGTTGGGGTGCGCGCCGGCCCGAGTGGACGCCGTCGCGACCGCC,10.347944114169584,3.3712722625239957
9414,ENST00000263512.5,ENSG00000126903.15,SLC10A3,154487306,154490690,13.203892545351106,2161,3066.28,158.632,1.16558,GAGGGGCTTCGGTGGGGCGGGGCCCTGACAGGCCGAGCTCGCGGGCGACTGCCGGCCAGGCAGACGCTGCAGCTAAGCTGCGCGGTGGCTGTGGCAGGTGAGAGCCTCCGGAAGGGAGGCGGCCTCTGGCCCCGACCCTGCTCCGCGATCGCCCACTCGGGCGCCCGGCCGGGCCTGGCAGGGAAGGGCCGCCGCCGCCGCCGCGCGTTTGCGAGGCCTGGCGGGGCCGCGGGGCCCAGGAATGGCGTAAGGGGCCCCCCCAGACTCCGAGACGGCCCGAGCGGGTCGCCGGCTGTGGGACGGCGGCGTGCCCTTCCTTTCCTCCCTCCCAGGTTCGCGCCCGAGCTCTGCTAGCCACCCGTCCGACAACTTCCGGACTCCCAGGGACAGCCCTGCCATCAAGGAAGACAGCACAGGACTGGGACCCACCCATGAACCCTTCTCAGGACAACCCAACAGCACCAGTGGGGATGTTCTCCTAAGCCGCAGAGGGCCTGGGCACGCCATCCGTCCTCCAGGAAGAGCC,11.328173566251227,3.5018433700511724
9415,ENST00000393562.6,ENSG00000160211.15,G6PD,154531391,154547572,56.19170927895443,2631,3777.69,328.963,1.96192,AGGGACAGCCCAGAGGAGGCGTGGCCACGCTGCCGGCGGAAGTGGAGCCCTCCGCGAGCGCGCGAGGCCGCCGGGGCAGGCGGGGAAACCGGACAGTAGGGGCGGGGCCGGGCCGGCGATGGGGATGCGGGAGCACTACGCGGAGCTGCACCCGTGCCCGCCGGAATTGGGGATGCAGAGCAGCGGCAGCGGGTATGGCAGGCAGCCGGCGGGCCGGCCTCCAGCGCAGGTGCCCGAGAGGCAGGGGCTGGCCTGGGATGCGCGCGCACCTGCCCTCGCCCCGCCCCGCCCGCACGAGGGGTGGTGGCCGAGGCCCCGCCCCGCACGCCTCGCCTGAGGCGGGTCCGCTCAGCCCAGGCGCCCGCCCCCGCCCCCGCCGATTAA,28.64118275921262,4.84001916589796
9416,ENST00000369534.7,ENSG00000130830.14,MPP1,154778684,154821007,41.49394665560028,2042,2209.1,485.534,4.95183,GTCCGCGCCCTCCCGGCGCACCGCCTGCGGGGCGGTGACTGGCCCAGCCGCACCGCGTCTCCCGCCTTCTCCGCAGCCCCGCAGGCCCCGGGCCCTGTCATTCCCAGCGCTGCCCTGTCTTGCGTTCCAGTGTTCCAGCTTCTGCGAG,8.37951760371424,3.066867192521137
9417,ENST00000334398.7,ENSG00000185973.10,TMLHE,155490115,155669944,13.47259456876694,2832,2645.24,175.477,1.49457,CCGAGCGGGCTGGGGGAGGGGAGCGTGGGGCCGACAGTTTTGGGGGTGAAAAGGCAAAAGGCGGGTGAAAGGCTGCCTCCCGAGACTCTCCTTGCTTGGAATTCTGCCCACTCTGCGGAGTTAGCAGTCACGACCTCCAGCACAGG,9.01436170187207,3.1722253394506352
